(4290.197, 192.0587, 6969.539)
(22.94855, 92.09985, -19.05619)
(-14.71975, 97.43293, -52.83215)
(-63.37128, 114.8688, -68.13307)
(-38.40543, 94.02939, -48.6971)
(-22.91133, 123.7523, -79.51919)
(-57.58155, 85.82195, -66.67989)
(-33.2818, 94.86113, -59.31036)
(-10.5025, 112.4157, -38.02655)
(-44.17563, 100.8002, -45.30915)
(-54.91196, 103.2144, -54.10192)
(-54.15938, 107.8778, -59.3777)
(-78.36951, 102.1538, -80.82462)
(-77.43932, 93.97443, -76.99223)
(-63.56971, 95.48942, -75.20337)
(-74.59921, 83.50697, -85.1245)
(-74.77213, 66.35419, -69.85581)
(-60.7112, 63.79841, -78.55173)
(-72.71857, 62.20689, -87.09183)
(-67.91548, 32.40855, -73.40374)
(-68.825, 33.38295, -94.60225)
(-72.43475, 33.17594, -92.67483)
(-67.29169, -15.74411, -82.98047)
(-57.56946, 2.973995, -87.58734)
(-60.89021, -18.66664, -91.03064)
(-60.33384, -35.86931, -80.21671)
(-53.21419, -42.15303, -85.83878)
(-54.0556, -36.76588, -85.6786)
(-52.99643, -56.8161, -76.14534)
(-48.42019, -61.2837, -79.92645)
(-47.69542, -59.81715, -78.7804)
(-36.40231, -88.43023, -73.47883)
(-44.49992, -81.40525, -78.27386)
(-36.25177, -102.3724, -75.58247)
(-28.31476, -107.987, -75.68945)
(-35.51389, -106.6235, -68.00245)
(-23.26358, -126.0998, -53.28411)
(0.1806283, -118.689, -16.28251)
(-11.57157, -107.9994, -33.97245)
(6.364778, -97.32136, -31.77728)
(15.24566, -87.00597, -1.292448)
(-14.04529, -103.3059, -50.59352)
(-7.154768, -98.1259, -53.16289)
(-11.54163, -101.886, -48.72626)
(-17.38982, -116.9086, -40.91018)
(-3.028553, -99.90623, -24.42341)
(3.709679, -99.62359, -8.073814)
