(318.4209, 98.35877, 4.637574)
(317.5084, 88.74068, 16.35334)
(308.9244, 108.5359, 358.1502)
(313.1306, 121.5874, 348.6986)
(314.5397, 100.5145, 4.702831)
(314.5723, 106.1288, 359.6025)
(316.133, 103.2442, 2.538862)
(317.1431, 102.9243, 2.544198)
(318.4237, 104.0714, 1.239053)
(319.0357, 103.9489, 1.446514)
(319.296, 103.754, 1.915197)
(320.1553, 104.4296, 2.170685)
(320.7385, 104.9159, 2.254886)
(322.3369, 105.7643, 2.880207)
(325.2661, 105.5105, 4.22912)
(329.4767, 105.3781, 5.165374)
(331.7556, 105.4037, 5.442433)
(336.3985, 105.2525, 6.170221)
(339.3367, 104.6049, 6.806856)
(339.5345, 103.3714, 7.64917)
(339.9379, 101.9753, 8.422159)
(339.0001, 99.42941, 9.757232)
(337.9215, 99.93872, 9.787029)
(335.8006, 101.3736, 9.715931)
(329.5947, 104.8876, 9.409375)
(327.7318, 105.3249, 9.824198)
(325.2863, 105.4988, 8.759425)
(322.4656, 104.9971, 7.158727)
(319.6681, 104.4609, 6.110445)
(311.9236, 103.919, 5.362996)
(307.923, 109.2259, 0.907363)
(304.9751, 114.2335, 355.923)
(304.8676, 116.1951, 349.8668)
