0.3713463
0.3938132
0.3465698
0.2385305
0.1587021
0.1917029
0.1602212
0.1266258
0.1397164
0.09000587
0.09229861
0.1528658
0.1433692
0.1001239
0.0628584
0.05077244
0.06464329
0.1017186
0.02592716
0.04842623
0.04956331
0.05434089
0.06879447
0.06689949
0.03899153
0.0342576
0.03305925
0.03473973
0.03039292
0.02608002
0.02376119
0.02635843
0.01629606
0.0160867
0.01370448
0.01530408
0.01493498
0.01854751
0.01153854
0.01090028
0.01481868
0.01478096
0.01338059
0.01335862
0.01046044
0.01224294
0.01608713
0.0152653
0.01816602
0.01459079
0.01617837
0.0175198
0.01770458
0.01856272
0.01948676
0.02294142
0.02460883
0.02931161
0.03346483
0.03252782
0.03353666
0.03652796
0.04109403
0.04629718
0.04774895
0.04919755
0.05073226
0.05845457
0.06049057
0.06905111
0.07140714
0.06572978
0.0654466
0.06908298
0.07319986
0.07698371
0.07415079
0.07439005
0.07954685
0.07750171
0.0783311
0.07677771
0.073235
0.06972085
0.06974453
0.06850757
0.07050391
0.06991448
MSE 0.06633583
total_moving_Distance 0.8269704