(-1560.446, 420.5863, 1446.794)
(-21.71218, 25.50385, 0.8419421)
(-28.82935, 52.87561, 10.83608)
(0, 0, 0)
(12.39988, 51.50514, -2.027716)
(-21.59143, 142.0911, -13.65374)
(12.16995, 108.4522, 11.20729)
(-10.8391, 90.64378, -30.73607)
(0, 0, 0)
(26.24135, 229.4681, -33.17957)
(46.77467, 65.58953, -15.34013)
(50.85135, 85.92767, -26.87364)
(39.63682, 86.41788, -26.91373)
(11.35399, 63.65385, -25.59721)
(-20.49291, 110.7107, -59.23067)
(0, 0, 0)
(-55.99279, 25.43719, -10.87115)
(-154.9207, 55.94356, -14.58331)
(-22.45939, 10.4501, -30.90794)
(0, 0, 0)
(-190.8256, -7.347902, -22.19545)
(0, 0, 0)
(-96.64709, -21.23185, -1.641464)
(-230.296, -47.47928, -5.838602)
(0, 0, 0)
(-246.8623, -49.29602, 5.457045)
(0, 0, 0)
(-165.1085, -31.81553, 4.199027)
(-93.68832, -40.61083, 3.032111)
(-105.1544, -38.47941, -8.020118)
(-47.48315, -27.04071, 7.303068)
(0, 0, 0)
(-25.47723, -127.5614, 46.60649)
(-45.33308, -47.86197, -1.134797)
(-23.28249, -27.19863, -1.583989)
(-17.04975, -15.54435, 5.018198)
(-15.06852, -24.598, 9.12305)
(-19.2443, -28.77058, 13.62131)
