(315.458, 299.7666, 336.8677)
(313.2076, 300.6761, 336.6097)
(310.7043, 306.534, 333.3094)
(313.1638, 306.7686, 335.2736)
(316.9523, 307.5629, 340.0566)
(318.1594, 307.1372, 343.0213)
(320.4182, 304.4093, 348.8515)
(321.4395, 303.74, 350.8523)
(323.9371, 302.364, 353.8708)
(327.7843, 300.335, 356.9182)
(331.5691, 298.5298, 359.5545)
(333.344, 297.804, 0.7776157)
(336.8565, 296.8816, 2.595198)
(338.5535, 297.008, 3.044617)
(341.411, 297.4233, 3.611381)
(342.1416, 297.4662, 3.617832)
(343.5769, 296.65, 4.00089)
(344.2659, 296.1105, 3.981134)
(346.0938, 295.2992, 2.178359)
(346.4888, 294.4651, 359.5085)
(346.1324, 293.5485, 358.5761)
(345.0675, 291.9253, 358.1779)
(341.5515, 288.2509, 359.5741)
(336.2867, 287.5888, 2.540745)
(333.3085, 301.8658, 342.312)
(326.3246, 294.8907, 349.4887)
(321.3361, 301.072, 339.3212)
(321.5701, 301.3806, 336.7588)
