(0.1268945, 1.059399, -1.704261)
(0.1269412, 1.059324, -1.704402)
(0.126971, 1.059251, -1.704541)
(0.1269703, 1.059312, -1.704246)
(0.1270056, 1.059231, -1.70439)
(0.1270204, 1.059169, -1.704508)
(0.127037, 1.059258, -1.704075)
(0.1270468, 1.059212, -1.704212)
(0.1270714, 1.05915, -1.704341)
(0.1270931, 1.059348, -1.704102)
(0.1271243, 1.059289, -1.704244)
(0.1271551, 1.059234, -1.704384)
(0.1270301, 1.059259, -1.704783)
(0.1270537, 1.059201, -1.704924)
(0.12708, 1.059134, -1.705083)
(0.1268644, 1.059579, -1.704046)
(0.1268897, 1.05953, -1.704203)
(0.1269135, 1.059457, -1.704331)
(0.1269398, 1.059681, -1.703997)
(0.1269715, 1.059632, -1.704136)
(0.1269996, 1.059589, -1.704282)
(0.1267388, 1.059891, -1.703733)
(0.1267669, 1.059852, -1.703909)
(0.1267762, 1.059814, -1.704045)
(0.1266778, 1.059805, -1.703865)
(0.126687, 1.059761, -1.703997)
(0.1266942, 1.059719, -1.70414)
(0.1265678, 1.060015, -1.702963)
(0.1265912, 1.059971, -1.703102)
(0.1266046, 1.059911, -1.703222)
(0.1264782, 1.059946, -1.702448)
(0.1264741, 1.059883, -1.702559)
(0.1264882, 1.059818, -1.702666)
(0.1266043, 1.059583, -1.703222)
(0.1266322, 1.059515, -1.703351)
(0.1266422, 1.059457, -1.703436)
(0.1264, 1.059574, -1.703196)
(0.1264048, 1.059526, -1.703312)
(0.1264019, 1.059458, -1.703404)
(0.1265488, 1.059475, -1.703342)
(0.1265478, 1.059424, -1.703462)
(0.1265783, 1.05936, -1.703578)
(0.1267443, 1.05957, -1.703574)
(0.1267838, 1.05951, -1.703702)
(0.1268044, 1.05946, -1.703833)
(0.1267552, 1.059507, -1.703892)
(0.1267791, 1.059462, -1.704013)
(0.1268048, 1.059412, -1.704151)
(0.1267877, 1.059722, -1.70364)
(0.1268206, 1.059669, -1.703794)
(0.1268606, 1.059605, -1.703953)
(0.1269553, 1.059839, -1.703546)
(0.1269913, 1.059782, -1.703672)
(0.1270328, 1.059747, -1.703831)
(0.1268225, 1.059942, -1.702779)
(0.1268563, 1.059908, -1.70289)
(0.1268945, 1.05988, -1.703028)
(0.1268201, 1.059734, -1.703537)
(0.1268582, 1.059689, -1.703671)
(0.1268966, 1.059651, -1.703783)
(0.1266227, 1.059563, -1.703615)
(0.126647, 1.059501, -1.703722)
(0.1266584, 1.059469, -1.703842)
(0.1265502, 1.059469, -1.703945)
(0.1265724, 1.059389, -1.704052)
(0.1266031, 1.059299, -1.70412)
(0.1266665, 1.059391, -1.703736)
(0.1266747, 1.059356, -1.703903)
(0.1266778, 1.059298, -1.703989)
(0.1266026, 1.059606, -1.703466)
(0.1266069, 1.059552, -1.703559)
(0.1266432, 1.059503, -1.703635)
(0.1265836, 1.059738, -1.703728)
(0.1266043, 1.059709, -1.703888)
(0.1266041, 1.059651, -1.704015)
(0.1265607, 1.060008, -1.702664)
(0.1265838, 1.059951, -1.702777)
(0.1265948, 1.059908, -1.702915)
(0.1266456, 1.060055, -1.702654)
(0.1266646, 1.060038, -1.702795)
(0.1266923, 1.060001, -1.702899)
(0.1266465, 1.060224, -1.702273)
(0.1266637, 1.060202, -1.702415)
(0.1266994, 1.060177, -1.702567)
(0.1264815, 1.060496, -1.701315)
(0.1264827, 1.060455, -1.701417)
(0.1265101, 1.060399, -1.701507)
(0.1267815, 1.059189, -1.704701)
(0.1267829, 1.05915, -1.704828)
(0.1267993, 1.059096, -1.704968)
(0.1268971, 1.0586, -1.705804)
(0.1268997, 1.058558, -1.70593)
(0.1269107, 1.058504, -1.706048)
(0.1269414, 1.058386, -1.706177)
(0.1269343, 1.058337, -1.706325)
(0.126936, 1.058273, -1.70647)
(0.1268864, 1.058338, -1.706158)
(0.1268768, 1.058277, -1.706243)
(0.1268954, 1.058222, -1.706366)
(0.1272287, 1.058073, -1.706803)
(0.1272485, 1.058013, -1.70692)
(0.12727, 1.057943, -1.707062)
(0.1271162, 1.058439, -1.705685)
(0.1271636, 1.058367, -1.705794)
(0.127193, 1.058293, -1.705926)
(0.1270366, 1.058952, -1.704687)
(0.1270578, 1.058913, -1.704818)
(0.1270943, 1.058859, -1.704922)
(0.1269052, 1.059013, -1.704585)
(0.1269093, 1.058986, -1.704705)
(0.1269538, 1.058943, -1.704823)
(0.1269207, 1.058991, -1.704938)
(0.1269374, 1.058957, -1.705056)
(0.1269765, 1.058909, -1.705195)
(0.1267767, 1.059062, -1.704677)
(0.1267953, 1.05902, -1.704798)
(0.1268201, 1.058977, -1.704936)
(0.1268682, 1.059096, -1.704422)
(0.1268733, 1.05907, -1.70454)
(0.1269102, 1.059013, -1.704651)
(0.1270013, 1.058939, -1.704494)
(0.127012, 1.058939, -1.704643)
(0.1270475, 1.058892, -1.704742)
(0.1267624, 1.059179, -1.703796)
(0.1267455, 1.059198, -1.703911)
(0.1267676, 1.05919, -1.70406)
(0.1266212, 1.059448, -1.703434)
(0.1266522, 1.059414, -1.703547)
(0.1266966, 1.059405, -1.703699)
(0.1268733, 1.059442, -1.703624)
(0.126914, 1.059424, -1.703713)
(0.1269469, 1.05943, -1.7039)
(0.1268754, 1.059452, -1.704468)
(0.1269252, 1.059427, -1.704587)
(0.1269555, 1.05942, -1.704726)
(0.1269989, 1.059649, -1.704294)
(0.1270413, 1.059634, -1.70437)
(0.1270456, 1.05966, -1.704549)
(0.1269288, 1.059865, -1.704323)
(0.1269307, 1.059838, -1.704386)
(0.1269743, 1.059825, -1.704514)
(0.1268172, 1.060226, -1.703206)
(0.1268435, 1.060226, -1.703311)
(0.1268642, 1.060226, -1.703429)
(0.1264567, 1.060607, -1.702403)
(0.1264544, 1.060603, -1.702464)
(0.126483, 1.060602, -1.702545)
(0.126374, 1.060825, -1.701604)
(0.1263802, 1.060826, -1.701694)
(0.1263909, 1.060827, -1.701779)
(0.1262417, 1.061061, -1.700931)
(0.1262646, 1.061061, -1.700993)
(0.1262813, 1.061062, -1.701056)
(0.1263111, 1.061122, -1.700765)
(0.1263561, 1.06113, -1.700835)
(0.1263618, 1.061141, -1.700899)
(0.1262503, 1.061298, -1.700448)
(0.1262884, 1.061294, -1.700495)
(0.1262951, 1.061309, -1.700544)
(0.1258888, 1.061529, -1.699617)
(0.1258936, 1.061546, -1.699679)
(0.1259022, 1.061559, -1.699722)
(0.1259241, 1.061688, -1.699495)
(0.1259372, 1.0617, -1.699558)
(0.1259346, 1.061729, -1.699575)
(0.1257815, 1.061818, -1.699398)
(0.1257968, 1.061818, -1.699405)
(0.1257868, 1.061833, -1.699458)
(0.1256661, 1.062148, -1.698566)
(0.1256754, 1.062158, -1.698585)
(0.1256707, 1.0622, -1.698625)
(0.1256032, 1.062377, -1.697807)
(0.1256013, 1.062407, -1.697852)
(0.125592, 1.062432, -1.697834)
(0.1257458, 1.062356, -1.697803)
(0.1257434, 1.062382, -1.697783)
(0.125747, 1.062447, -1.697843)
(0.1255515, 1.062688, -1.696657)
(0.1255796, 1.062668, -1.696574)
(0.1255956, 1.062673, -1.696522)
(0.1254599, 1.062928, -1.695763)
(0.1254702, 1.062952, -1.695728)
(0.1254544, 1.062989, -1.695675)
(0.1252751, 1.062946, -1.69579)
(0.1252747, 1.062928, -1.695669)
(0.1252594, 1.062947, -1.695632)
(0.1249423, 1.06301, -1.695372)
(0.1249189, 1.063025, -1.695307)
(0.1249197, 1.063026, -1.69522)
(0.125104, 1.062858, -1.695553)
(0.1250858, 1.062887, -1.695509)
(0.1250744, 1.062926, -1.695465)
(0.1253846, 1.062673, -1.696296)
(0.1253848, 1.062682, -1.696245)
(0.1253824, 1.062696, -1.696177)
(0.1255438, 1.062446, -1.696631)
(0.1255527, 1.062475, -1.696628)
(0.1255565, 1.062503, -1.696586)
(0.1258307, 1.062053, -1.697824)
(0.125834, 1.062066, -1.697809)
(0.1258337, 1.062084, -1.697783)
(0.1261086, 1.061758, -1.698727)
(0.1261225, 1.061791, -1.698748)
(0.1261444, 1.061814, -1.698747)
(0.1261492, 1.061742, -1.698764)
(0.1261842, 1.061747, -1.698757)
(0.1261957, 1.061749, -1.698735)
(0.1259298, 1.061929, -1.697772)
(0.1259398, 1.061934, -1.697743)
(0.1259551, 1.061933, -1.697706)
(0.125833, 1.061792, -1.697916)
(0.1258354, 1.061785, -1.697871)
(0.1258059, 1.061793, -1.697844)
