(-39.31004, 2.214241, -0.7120132)
(-39.44755, 3.125906, -0.5372405)
(-39.84509, 3.983641, -0.4993916)
(-40.34711, 4.630589, -0.6602526)
(-40.65187, 5.350947, -0.606966)
(-41.12386, 6.658292, -0.3344059)
(-41.52638, 7.920027, -0.1701355)
(-41.76897, 9.650469, 0.04920959)
(-41.98595, 11.09855, 0.04348755)
(-41.89655, 12.82036, 0.1552939)
(-41.46782, 16.4077, 0.7707715)
(-41.12594, 18.40612, 1.264238)
(-41.00528, 20.39605, 1.574457)
(-40.93492, 22.26307, 1.886988)
(-41.05729, 24.24508, 2.271068)
(-41.3174, 26.33406, 2.567315)
(-41.44671, 28.38575, 2.95589)
(-41.71857, 30.29648, 3.311992)
(-41.86674, 32.10568, 3.635931)
(-42.0062, 35.45515, 4.33743)
(-42.12942, 36.65558, 4.591465)
(-42.13222, 38.07434, 4.932451)
(-42.53534, 39.7539, 5.267739)
(-42.53534, 39.7539, 5.267739)
(-42.74974, 40.91935, 5.658793)
(-43.05234, 41.10795, 5.695391)
(-43.23288, 41.1473, 5.776167)
(-43.60102, 40.83076, 5.757236)
(-44.07116, 40.59533, 5.714333)
(-44.58669, 39.91399, 5.672312)
(-45.24366, 38.92956, 5.54527)
(-45.9541, 37.78477, 5.381513)
(-46.54809, 36.8466, 5.3128)
(-47.30226, 35.47007, 5.111802)
(-48.07561, 33.97912, 4.881048)
(-49.8077, 30.64775, 4.293776)
(-50.71622, 28.72931, 3.961456)
(-52.68996, 24.80663, 3.210378)
(-53.66608, 22.69719, 2.796388)
(-53.66608, 22.69719, 2.796388)
(-54.68591, 20.55445, 2.24812)
(-55.60528, 18.58181, 1.76841)
(-56.28544, 16.59727, 1.213229)
(-57.64412, 12.68487, 0.07007122)
(-58.08572, 10.82685, -0.5268574)
(-58.08572, 10.82685, -0.5268574)
(-58.73222, 8.966923, -1.15304)
(-59.20957, 7.604218, -1.648188)
(-59.89944, 5.679798, -2.69444)
(-60.25658, 4.357386, -3.738797)
(-60.74696, 3.493071, -4.29945)
(-60.74696, 3.493071, -4.29945)
(-61.18914, 2.809286, -4.708731)
(-61.54727, 2.067876, -5.141771)
(-61.89171, 1.485896, -5.531383)
(-62.08531, 1.035404, -5.980301)
(-62.25726, 0.5903482, -6.412411)
