(-0.30632627595475126, 0.19059175774445092, -0.2277301038484571)
(-0.30632627595475126, 0.1905816828680662, -0.22774128015748657)
(-0.30632627595475126, 0.1905719530216947, -0.22775207371620684)
(-0.30632627595475126, 0.19056256820533632, -0.22776248452461786)
(-0.30632627595475126, 0.19055352841899115, -0.22777251258271966)
(-0.30632627595475126, 0.19054483366265915, -0.22778215789051223)
(-0.30632627595475126, 0.19053648393634032, -0.22779142044799558)
(-0.30632627595475126, 0.19052847924003466, -0.22780030025516967)
(-0.30632627595475126, 0.19052081957374217, -0.22780879731203457)
(-0.30632627595475126, 0.19051350493746286, -0.22781691161859022)
(-0.30632627595475126, 0.19050653533119674, -0.22782464317483664)
(-0.30632627595475126, 0.19049991075494377, -0.22783199198077383)
(-0.30632627595475126, 0.190493631208704, -0.2278389580364018)
(-0.30632627595475126, 0.1904876966924774, -0.22784554134172053)
(-0.30632627595475126, 0.19048210720626396, -0.22785174189673005)
(-0.30632627595475126, 0.1904768627500637, -0.22785755970143032)
(-0.30632627595475126, 0.19047196332387661, -0.22786299475582136)
(-0.30632627595475126, 0.1904674089277027, -0.22786804705990318)
(-0.30632627595475126, 0.19046319956154198, -0.22787271661367578)
(-0.30632627595475126, 0.1904593352253944, -0.22787700341713915)
(-0.30632627595475126, 0.19045581591926003, -0.2278809074702933)
(-0.30632627595475126, 0.19045264164313883, -0.2278844287731382)
(-0.30632627595475126, 0.1904498123970308, -0.22788756732567386)
(-0.30632627595475126, 0.19044732818093593, -0.2278903231279003)
(-0.30632627595475126, 0.19044518899485424, -0.22789269617981753)
(-0.30632627595475126, 0.19046492471159676, -0.2278708028621164)
(-0.30632627595475126, 0.19046492471159676, -0.2278708028621164)
(-0.30632627595475126, 0.19046492471159676, -0.2278708028621164)
(-0.30632627595475126, 0.19046492471159676, -0.2278708028621164)
(-0.30632627595475126, 0.19046492471159676, -0.2278708028621164)
(-0.30632627595475126, 0.19046492471159676, -0.2278708028621164)
(-0.30632627595475126, 0.19046492471159676, -0.2278708028621164)
(-0.30632627595475126, 0.19046492471159676, -0.2278708028621164)
(-0.30632627595475126, 0.19046492471159676, -0.2278708028621164)
(-0.30632627595475126, 0.19046492471159676, -0.2278708028621164)
(-0.30632627595475126, 0.19046492471159676, -0.2278708028621164)
(-0.30632627595475126, 0.19046492471159676, -0.2278708028621164)
(-0.30632627595475126, 0.19046492471159676, -0.2278708028621164)
(-0.30632627595475126, 0.19046492471159676, -0.2278708028621164)
(-0.30632627595475126, 0.19046492471159676, -0.2278708028621164)
(-0.30632627595475126, 0.19046492471159676, -0.2278708028621164)
(-0.30632627595475126, 0.19046492471159676, -0.2278708028621164)
(-0.30632627595475126, 0.19046492471159676, -0.2278708028621164)
(-0.30632627595475126, 0.19046492471159676, -0.2278708028621164)
(-0.30632627595475126, 0.19046492471159676, -0.2278708028621164)
(-0.30632627595475126, 0.19046492471159676, -0.2278708028621164)
(-0.30632627595475126, 0.19046492471159676, -0.2278708028621164)
(-0.30632627595475126, 0.19046492471159676, -0.2278708028621164)
(-0.30632627595475126, 0.19046492471159676, -0.2278708028621164)
(-0.30632627595475126, 0.19046492471159676, -0.2278708028621164)
(-0.30632627595475126, 0.19046492471159676, -0.2278708028621164)
(-0.30632627595475126, 0.19046492471159676, -0.2278708028621164)
(-0.30632627595475126, 0.19046492471159676, -0.2278708028621164)
(-0.30632627595475126, 0.19046492471159676, -0.2278708028621164)
(-0.30632627595475126, 0.1898034778390611, -0.22924400238036233)
(-0.30632627595475126, 0.18914354590616717, -0.23049084504984582)
(-0.30632627595475126, 0.18849084527472693, -0.2315989595379505)
(-0.30632627595475126, 0.18785294356789722, -0.23255460668993047)
(-0.30632627595475126, 0.18723855897991973, -0.2333438803981935)
(-0.30632627595475126, 0.1866605013610813, -0.23395208527044373)
(-0.30632627595475126, 0.18613239801683087, -0.23436417439633847)
(-0.30632627595475126, 0.18566879250887264, -0.23456459084631873)
(-0.30632627595475126, 0.18528711811898443, -0.2345375877277917)
(-0.30632627595475126, 0.18500693400035453, -0.23426614285767453)
(-0.30632627595475126, 0.1848498282728375, -0.2337333104977299)
(-0.30632627595475126, 0.18484034085408543, -0.23292230235112343)
(-0.30632627595475126, 0.1850057755076204, -0.23181476744624963)
(-0.30632627595475126, 0.18537456739957026, -0.23039307607089368)
(-0.30632627595475126, 0.1859773101412294, -0.22863958701526615)
(-0.30632627595475126, 0.18684780960593883, -0.22653545401951822)
(-0.30632627595475126, 0.1880185212333926, -0.22406405337830926)
(-0.30632627595475126, 0.18952366429816278, -0.22120933290029485)
(-0.30632627595475126, 0.1913982588041442, -0.21795639056272012)
(-0.30632627595475126, 0.19367900549992745, -0.21429163133235365)
(-0.30632627595475126, 0.19640183265688604, -0.21020178967818212)
(-0.30632627595475126, 0.19960315514890492, -0.20567569525329696)
(-0.30632627595475126, 0.20331824941733612, -0.20070373708249212)
(-0.30632627595475126, 0.2075820650861557, -0.19527882704238847)
(-0.30632627595475126, 0.21242888432562523, -0.18939574990875674)
(-0.30632627595475126, 0.217890164766246, -0.1830531283704913)
(-0.30632627595475126, 0.22399513848785038, -0.17625175139855334)
(-0.30632627595475126, 0.23076898547962119, -0.16899672072372335)
(-0.30632627595475126, 0.23823320766371167, -0.1612971035007316)
(-0.30632627595475126, 0.24640688674759248, -0.15316276336261117)
(-0.30632627595475126, 0.255305932963304, -0.14460879601574292)
(-0.30632627595475126, 0.2649411299371708, -0.13565386559703588)
(-0.30632627595475126, 0.2753175623924714, -0.1263189122804157)
(-0.30632627595475126, 0.28643569528730967, -0.11662716724362493)
(-0.30632627595475126, 0.2982895069766224, -0.10660577699063489)
(-0.30632627595475126, 0.31086639416992445, -0.09628338921336103)
(-0.30632627595475126, 0.32414793718860513, -0.08569312691095429)
(-0.30632627595475126, 0.33810851045181983, -0.0748720279807985)
(-0.30632627595475126, 0.35271416868289873, -0.06385795939818725)
(-0.30632627595475126, 0.36792140543276747, -0.05268741747642517)
(-0.30632627595475126, 0.3836779594406713, -0.041397923707242615)
(-0.30632627595475126, 0.39992161680371874, -0.03002988424358468)
(-0.30632627595475126, 0.41658329915800413, -0.018627559910641515)
(-0.30632627595475126, 0.43358824435402854, -0.007239396574252194)
(-0.30632627595475126, 0.45085081575819896, 0.004084754469924861)
(-0.30632627595475126, 0.46827777536199144, 0.015292139342350141)
(-0.30632627595475126, 0.48576775403096784, 0.026325979113346554)
(-0.30632627595475126, 0.5032138919691562, 0.03712799661453335)
(-0.30632627595475126, 0.5205026559673184, 0.047636635516765946)
(-0.30632627595475126, 0.5375142855525937, 0.057787310942460146)
(-0.30632627595475126, 0.5549308177016712, 0.06918972444692917)
(-0.30632627595475126, 0.572136097529364, 0.08061591241431691)
(-0.30632627595475126, 0.5890548229700889, 0.09205670739167958)
(-0.30632627595475126, 0.6056131270209416, 0.10350301661774304)
(-0.30632627595475126, 0.6217412284201776, 0.1149477529952157)
(-0.30632627595475126, 0.6373683370266117, 0.12638442427746857)
(-0.30632627595475126, 0.6524294972074128, 0.13780793409479822)
(-0.30632627595475126, 0.6668668397905335, 0.14921423772619893)
(-0.30632627595475126, 0.6806262783196985, 0.16060064714224812)
(-0.30632627595475126, 0.6936617340572296, 0.17196242930558364)
(-0.30632627595475126, 0.7059345504307208, 0.18330095717940992)
(-0.30632627595475126, 0.7174107454696319, 0.19461825716296569)
(-0.30632627595475126, 0.7280617158739202, 0.20591391604471848)
(-0.30632627595475126, 0.7378652969607222, 0.21718555065487583)
(-0.30632627595475126, 0.7468021359553699, 0.2284303851528777)
(-0.30632627595475126, 0.7548550901265177, 0.23964214246812143)
(-0.30632627595475126, 0.7620180512715298, 0.25081574382500776)
(-0.30632627595475126, 0.7682923630209303, 0.26194384960464145)
(-0.30632627595475126, 0.7736869063505778, 0.27301708489689747)
(-0.30632627595475126, 0.7782146345390398, 0.2840245563540463)
(-0.30632627595475126, 0.7818964791125482, 0.29495215646655265)
(-0.30632627595475126, 0.7847572145508367, 0.305783465355745)
(-0.30632627595475126, 0.7868294003916845, 0.3165006161422331)
(-0.30632627595475126, 0.7881492472570384, 0.32708441478132255)
(-0.30632627595475126, 0.7887551808073637, 0.3375125409235587)
(-0.30632627595475126, 0.7886905252945344, 0.34776301913904717)
(-0.30632627595475126, 0.7880021013796445, 0.3578121159250971)
(-0.30632627595475126, 0.7867411714942187, 0.3676372561840439)
(-0.30632627595475126, 0.784961138409032, 0.3772180460593974)
(-0.30632627595475126, 0.7827157961802678, 0.3865319155168164)
(-0.30632627595475126, 0.7800573323611734, 0.39555941682426227)
(-0.30632627595475126, 0.7770385004467526, 0.40428373634550474)
(-0.30632627595475126, 0.7737126731122361, 0.41268962505881046)
(-0.30632627595475126, 0.7701299640774665, 0.42076221983059064)
(-0.30632627595475126, 0.7663392100738227, 0.4284910883433305)
(-0.30632627595475126, 0.7623883449533407, 0.43586642562533906)
(-0.30632627595475126, 0.7583197049310658, 0.4428829062263501)
(-0.30632627595475126, 0.7541719773194362, 0.44953945065509876)
(-0.30632627595475126, 0.7499815635170224, 0.45583672253732205)
(-0.30632627595475126, 0.7457817596138107, 0.46177261554261784)
(-0.30632627595475126, 0.7416027639138844, 0.46734468230928006)
(-0.30632627595475126, 0.7374743554584051, 0.47255166589290587)
(-0.30632627595475126, 0.7334213410771425, 0.4773941772380976)
(-0.30632627595475126, 0.7294511470789756, 0.4818904702255132)
(-0.30632627595475126, 0.725587087020599, 0.4860444885692862)
(-0.30632627595475126, 0.7218491754858318, 0.4898621433846284)
(-0.30632627595475126, 0.7182553315982428, 0.4933525901113054)
(-0.30632627595475126, 0.7148191845062929, 0.49652558606656594)
(-0.30632627595475126, 0.7115515645540744, 0.49939297273721006)
(-0.30632627595475126, 0.7084606811335208, 0.5019684101098276)
(-0.30632627595475126, 0.7055528882783829, 0.5042675924827646)
(-0.30632627595475126, 0.702831707510115, 0.50630634204797)
(-0.30632627595475126, 0.700298321618023, 0.508101742299578)
(-0.30632627595475126, 0.6979525083104838, 0.5096720484947341)
(-0.30632627595475126, 0.6957918234211796, 0.5110356524087308)
(-0.30632627595475126, 0.6938147744229, 0.5122116250089579)
(-0.30632627595475126, 0.6920182328553353, 0.5132190967520784)
(-0.30632627595475126, 0.6903970035840652, 0.5140771336634873)
(-0.30632627595475126, 0.6889459668790892, 0.51480444094092)
(-0.30632627595475126, 0.6876568598902469, 0.5154215873695519)
(-0.30632627595475126, 0.6865187759770814, 0.5159430483796915)
(-0.30632627595475126, 0.6855200510626095, 0.5163813059206529)
(-0.30632627595475126, 0.6846477418969669, 0.5167475544017999)
(-0.30632627595475126, 0.6838883840553562, 0.5170533647134731)
(-0.30632627595475126, 0.6832314784608959, 0.5173083078049704)
(-0.30632627595475126, 0.6826698211379818, 0.5175210964134983)
(-0.30632627595475126, 0.6821955898311476, 0.5176977953894105)
(-0.30632627595475126, 0.6818005318142508, 0.517843438948691)
(-0.30632627595475126, 0.681476049755602, 0.5179623264549613)
(-0.30632627595475126, 0.681215170992943, 0.518057643149172)
(-0.30632627595475126, 0.6810104906205772, 0.518131899707949)
(-0.30632627595475126, 0.6808564738363284, 0.5181877835529534)
(-0.30632627595475126, 0.6807462129074077, 0.518226743502392)
(-0.30632627595475126, 0.6806735609708673, 0.5182496741820981)
(-0.30632627595475126, 0.6806339477957414, 0.5182582741205264)
(-0.30632627595475126, 0.6806229675663, 0.5182539472789621)
(-0.30632627595475126, 0.6806360562293191, 0.518238556594313)
(-0.30632627595475126, 0.6806682465391751, 0.5182141053518013)
(-0.30632627595475126, 0.6807153303661277, 0.518181980967073)
(-0.30632627595475126, 0.680773189099146, 0.5181441494600302)
(-0.30632627595475126, 0.6808391578721947, 0.5181026318815946)
(-0.30632627595475126, 0.680910712578427, 0.5180590735380107)
(-0.30632627595475126, 0.6809848710892714, 0.5180146518198816)
(-0.30632627595475126, 0.6810598811315529, 0.5179713768801681)
(-0.30632627595475126, 0.6811341107455405, 0.517929925748562)
(-0.30632627595475126, 0.6812045713454835, 0.51789101575724)
(-0.30632627595475126, 0.6812697383785213, 0.5178548239086544)
(-0.30632627595475126, 0.6813281813478579, 0.5178215281679537)
(-0.30632627595475126, 0.6813774698634605, 0.5177909913620635)
(-0.30632627595475126, 0.68141611897486, 0.5177644301932881)
(-0.30632627595475126, 0.6814431633807319, 0.5177436735625494)
(-0.30632627595475126, 0.681456983624921, 0.5177312835528249)
(-0.30632627595475126, 0.681456983624921, 0.5177312835528249)
(-0.30632627595475126, 0.681456983624921, 0.5177312835528249)
(-0.30632627595475126, 0.681456983624921, 0.5177312835528249)
(-0.30632627595475126, 0.681456983624921, 0.5177312835528249)
(-0.30632627595475126, 0.681456983624921, 0.5177312835528249)
(-0.30632627595475126, 0.681456983624921, 0.5177312835528249)
(-0.30632627595475126, 0.681456983624921, 0.5177312835528249)
(-0.30632627595475126, 0.681456983624921, 0.5177312835528249)
(-0.30632627595475126, 0.681456983624921, 0.5177312835528249)
(-0.30632627595475126, 0.681456983624921, 0.5177312835528249)
(-0.30632627595475126, 0.681456983624921, 0.5177312835528249)
(-0.30632627595475126, 0.681456983624921, 0.5177312835528249)
(-0.30632627595475126, 0.681456983624921, 0.5177312835528249)
(-0.30632627595475126, 0.681456983624921, 0.5177312835528249)
(-0.30632627595475126, 0.681456983624921, 0.5177312835528249)
(-0.30632627595475126, 0.681456983624921, 0.5177312835528249)
(-0.30632627595475126, 0.681456983624921, 0.5177312835528249)
(-0.30632627595475126, 0.681456983624921, 0.5177312835528249)
(-0.30632627595475126, 0.681456983624921, 0.5177312835528249)
(-0.30632627595475126, 0.681456983624921, 0.5177312835528249)
(-0.30632627595475126, 0.681456983624921, 0.5177312835528249)
(-0.30632627595475126, 0.681456983624921, 0.5177312835528249)
(-0.30632627595475126, 0.681456983624921, 0.5177312835528249)
(-0.30632627595475126, 0.681456983624921, 0.5177312835528249)
(-0.30632627595475126, 0.681456983624921, 0.5177312835528249)
(-0.30632627595475126, 0.681456983624921, 0.5177312835528249)
(-0.30632627595475126, 0.681456983624921, 0.5177312835528249)
(-0.30632627595475126, 0.681456983624921, 0.5177312835528249)
(-0.30632627595475126, 0.681456983624921, 0.5177312835528249)
(-0.30632627595475126, 0.681456983624921, 0.5177312835528249)
(-0.30632627595475126, 0.681456983624921, 0.5177312835528249)
(-0.30632627595475126, 0.681456983624921, 0.5177312835528249)
(-0.30632627595475126, 0.681456983624921, 0.5177312835528249)
(-0.30632627595475126, 0.681456983624921, 0.5177312835528249)
(-0.30632627595475126, 0.681456983624921, 0.5177312835528249)
(-0.30632627595475126, 0.681456983624921, 0.5177312835528249)
(-0.30632627595475126, 0.681456983624921, 0.5177312835528249)
(-0.30632627595475126, 0.681456983624921, 0.5177312835528249)
(-0.30632627595475126, 0.681456983624921, 0.5177312835528249)
(-0.30632627595475126, 0.681456983624921, 0.5177312835528249)
(-0.30632627595475126, 0.681456983624921, 0.5177312835528249)
(-0.30632627595475126, 0.681456983624921, 0.5177312835528249)
(-0.30632627595475126, 0.681456983624921, 0.5177312835528249)
(-0.30632627595475126, 0.681456983624921, 0.5177312835528249)
(-0.30632627595475126, 0.681456983624921, 0.5177312835528249)
(-0.30632627595475126, 0.681456983624921, 0.5177312835528249)
(-0.30632627595475126, 0.681456983624921, 0.5177312835528249)
(-0.30632627595475126, 0.681456983624921, 0.5177312835528249)
(-0.30632627595475126, 0.681456983624921, 0.5177312835528249)
(-0.30632627595475126, 0.681456983624921, 0.5177312835528249)
(-0.30632627595475126, 0.681456983624921, 0.5177312835528249)
(-0.30632627595475126, 0.681456983624921, 0.5177312835528249)
(-0.30632627595475126, 0.681456983624921, 0.5177312835528249)
(-0.30632627595475126, 0.681456983624921, 0.5177312835528249)
(-0.30632627595475126, 0.681456983624921, 0.5177312835528249)
(-0.30632627595475126, 0.681456983624921, 0.5177312835528249)
(-0.30632627595475126, 0.681456983624921, 0.5177312835528249)
(-0.30632627595475126, 0.681456983624921, 0.5177312835528249)
(-0.30632627595475126, 0.681456983624921, 0.5177312835528249)
(-0.30632627595475126, 0.681456983624921, 0.5177312835528249)
(-0.30632627595475126, 0.681456983624921, 0.5177312835528249)
(-0.30632627595475126, 0.681456983624921, 0.5177312835528249)
(-0.30632627595475126, 0.681456983624921, 0.5177312835528249)
(-0.30632627595475126, 0.681456983624921, 0.5177312835528249)
(-0.30632627595475126, 0.681456983624921, 0.5177312835528249)
(-0.30632627595475126, 0.681456983624921, 0.5177312835528249)
(-0.30632627595475126, 0.681456983624921, 0.5177312835528249)
(-0.30632627595475126, 0.681456983624921, 0.5177312835528249)
(-0.30632627595475126, 0.681456983624921, 0.5177312835528249)
(-0.30632627595475126, 0.681456983624921, 0.5177312835528249)
(-0.30632627595475126, 0.681456983624921, 0.5177312835528249)
(-0.30632627595475126, 0.681456983624921, 0.5177312835528249)
(-0.30632627595475126, 0.681456983624921, 0.5177312835528249)
(-0.30632627595475126, 0.681456983624921, 0.5177312835528249)
(-0.30632627595475126, 0.681456983624921, 0.5177312835528249)
(-0.30632627595475126, 0.681456983624921, 0.5177312835528249)
(-0.30632627595475126, 0.681456983624921, 0.5177312835528249)
(-0.30632627595475126, 0.681456983624921, 0.5177312835528249)
(-0.30632627595475126, 0.681456983624921, 0.5177312835528249)
(-0.30632627595475126, 0.681456983624921, 0.5177312835528249)
(-0.30632627595475126, 0.681456983624921, 0.5177312835528249)
(-0.30632627595475126, 0.681456983624921, 0.5177312835528249)
(-0.30632627595475126, 0.681456983624921, 0.5177312835528249)
(-0.30632627595475126, 0.681456983624921, 0.5177312835528249)
(-0.30632627595475126, 0.681456983624921, 0.5177312835528249)
(-0.30632627595475126, 0.681456983624921, 0.5177312835528249)
(-0.30632627595475126, 0.681456983624921, 0.5177312835528249)
(-0.30632627595475126, 0.681456983624921, 0.5177312835528249)
(-0.30632627595475126, 0.6814569836249605, 0.517731283552855)
(-0.30632627595475126, 0.6814569836249607, 0.517731283552855)
(-0.30632627595475126, 0.6814569836249607, 0.517731283552855)
(-0.30632627595475126, 0.6814569836249607, 0.517731283552855)
(-0.30632627595475126, 0.6814569836249607, 0.517731283552855)
(-0.30632627595475126, 0.6814569836249607, 0.517731283552855)
(-0.30632627595475126, 0.6814569836249607, 0.517731283552855)
(-0.30632627595475126, 0.6814569836249607, 0.517731283552855)
(-0.30632627595475126, 0.6814569836249607, 0.517731283552855)
(-0.30632627595475126, 0.6814569836249607, 0.5177312835528549)
(-0.30632627595475126, 0.6814569836249607, 0.5177312835528549)
(-0.30632627595475126, 0.6814569836249608, 0.5177312835528549)
(-0.30632627595475126, 0.6814569836249608, 0.5177312835528549)
(-0.30632627595475126, 0.6814569836249608, 0.5177312835528549)
(-0.30632627595475126, 0.6814569836249608, 0.5177312835528549)
(-0.30632627595475126, 0.6814569836249608, 0.5177312835528549)
(-0.30632627595475126, 0.6814569836249608, 0.5177312835528549)
(-0.30632627595475126, 0.6814569836249608, 0.5177312835528549)
(-0.30632627595475126, 0.6814569836249609, 0.5177312835528549)
(-0.30632627595475126, 0.6814569836249609, 0.5177312835528549)
(-0.30632627595475126, 0.6814569836249609, 0.5177312835528549)
(-0.30632627595475126, 0.6814569836249609, 0.5177312835528549)
(-0.30632627595475126, 0.6814569836249609, 0.5177312835528549)
(-0.30632627595475126, 0.6814569836249609, 0.5177312835528549)
(-0.30632627595475126, 0.681456983624961, 0.5177312835528549)
