(0.7233935546787335, -0.12317126632856286, 0.30528352788276475)
(0.7233935546787335, -0.1152262135712999, 0.3009234973484711)
(0.7233935546787335, -0.10741307042276099, 0.2969427842390221)
(0.7233935546787335, -0.09973183688294612, 0.2933413885544176)
(0.7233935546787335, -0.09218251295185531, 0.2901193102946577)
(0.7233935546787335, -0.08476509862948853, 0.28727654945974235)
(0.7233935546787335, -0.0774795939158458, 0.2848131060496716)
(0.7233935546787335, -0.07032599881092713, 0.2827289800644454)
(0.7233935546787335, -0.0633043133147325, 0.28102417150406384)
(0.7233935546787335, -0.05641453742726192, 0.2796986803685268)
(0.7233935546787335, -0.049656671148515394, 0.2787525066578343)
(0.7233935546787335, -0.04303071447849291, 0.27818565037198645)
(0.7233935546787335, -0.036536667417194454, 0.27799811151098314)
(0.7233935546787335, -0.03017452996462007, 0.27818989007482436)
(0.7233935546787335, -0.023944302120769728, 0.27876098606351024)
(0.7233935546787335, -0.01784598388564343, 0.27971139947704066)
(0.7233935546787335, -0.011879575259241174, 0.2810411303154156)
(0.7233935546787335, -0.006045076241562974, 0.28275017857863516)
(0.7233935546787335, -0.0003424868326088182, 0.2848385442666993)
(0.7233935546787335, 0.005228192967621295, 0.28730622737960804)
(0.7233935546787335, 0.010666963159127366, 0.2901532279173613)
(0.7233935546787335, 0.01597382374190935, 0.2933795458799592)
(0.7233935546787335, 0.021148774715967336, 0.2969851812674016)
(0.7233935546787335, 0.026191816081301264, 0.3009701340796886)
(0.7233935546787335, 0.031102947837911135, 0.3053344043168202)
(0.7233935546787335, 0.03941194341305056, 0.3131126869908596)
(0.7233935546787335, 0.04515456948787979, 0.3190213714714375)
(0.7233935546787335, 0.05070803812117341, 0.3253755107357245)
(0.7233935546787335, 0.05595586405053473, 0.33235435543827074)
(0.7233935546787335, 0.060890469046006, 0.3398869562868394)
(0.7233935546787335, 0.06550543553265711, 0.3479037965103333)
(0.7233935546787335, 0.06979549789643183, 0.3563368804790445)
(0.7233935546787335, 0.07375653378999397, 0.36511982232490303)
(0.7233935546787335, 0.07738555543857417, 0.37418793456172667)
(0.7233935546787335, 0.08068070094581581, 0.38347831670547083)
(0.7233935546787335, 0.08364122559962173, 0.3929299438944765)
(0.7233935546787335, 0.0862674931780002, 0.4024837555097211)
(0.7233935546787335, 0.08856096725491158, 0.41208274379506676)
(0.7233935546787335, 0.09052420250611462, 0.4216720424775105)
(0.7233935546787335, 0.09216083601501249, 0.4311990153874328)
(0.7233935546787335, 0.09347557857849972, 0.44061334507884775)
(0.7233935546787335, 0.09447420601280798, 0.44986712144965174)
(0.7233935546787335, 0.09516355045935265, 0.45891493036187303)
(0.7233935546787335, 0.0955514916905793, 0.4677139422619215)
(0.7233935546787335, 0.09564694841580984, 0.47622400080083693)
(0.7233935546787335, 0.09545986958708899, 0.4844077114545402)
(0.7233935546787335, 0.0950012257050305, 0.49223053014408097)
(0.7233935546787335, 0.09428300012466367, 0.4996608518558872)
(0.7233935546787335, 0.09331818036127953, 0.5066700992620154)
(0.7233935546787335, 0.09212074939627737, 0.5132328113403998)
(0.7233935546787335, 0.09087734413146062, 0.5193875987745421)
(0.7233935546787335, 0.08955277114629293, 0.5250577452558084)
(0.7233935546787335, 0.08817851387403786, 0.5302304461809877)
(0.7233935546787335, 0.08678586051406581, 0.5348957643789064)
(0.7233935546787335, 0.08540363211621368, 0.5390503452677728)
(0.7233935546787335, 0.08405907421194173, 0.5426965068979778)
(0.7233935546787335, 0.08277789160874366, 0.5458415483069816)
(0.7233935546787335, 0.08158293527819671, 0.5484968041821034)
(0.7233935546787335, 0.08049448915782578, 0.5506809610171493)
(0.7233935546787335, 0.07952660347476942, 0.5524229023392422)
(0.7233935546787335, 0.07867742099104116, 0.5537627451720569)
(0.7233935546787335, 0.07795459654087233, 0.554735280272064)
(0.7233935546787335, 0.07736293698141464, 0.5553703885286837)
(0.7233935546787335, 0.07690489793424984, 0.555698890876537)
(0.7233935546787335, 0.07657589282842103, 0.5557544182837768)
(0.7233935546787335, 0.07636575721829786, 0.5555739779726359)
(0.7233935546787335, 0.07626605508683296, 0.5551976506500402)
(0.7233935546787335, 0.07626395370667258, 0.5546680713093352)
(0.7233935546787335, 0.076344338103675, 0.5540253861956335)
(0.7233935546787335, 0.0764914676259065, 0.5533093451418861)
(0.7233935546787335, 0.07668901670156675, 0.5525578727242549)
(0.7233935546787335, 0.07691834137704895, 0.551809001445729)
(0.7233935546787335, 0.07716045769489674, 0.5510990658372626)
(0.7233935546787335, 0.07739443464909526, 0.5504633934248336)
(0.7233935546787335, 0.07759994095277103, 0.5499379230946482)
(0.7233935546787335, 0.07775644209920018, 0.5495561966617146)
(0.7233935546787335, 0.0778446337586449, 0.5493502884903213)
(0.7233935546787335, 0.0778446337586449, 0.5493502884903213)
(0.7233935546787335, 0.0778446337586449, 0.5493502884903213)
(0.7233935546787335, 0.0778446337586449, 0.5493502884903213)
(0.7233935546787335, 0.0778446337586449, 0.5493502884903213)
(0.7233935546787335, 0.0778446337586449, 0.5493502884903213)
(0.7233935546787335, 0.0778446337586449, 0.5493502884903213)
(0.7233935546787335, 0.0778446337586449, 0.5493502884903213)
(0.7233935546787335, 0.0778446337586449, 0.5493502884903213)
(0.7233935546787335, 0.0778446337586449, 0.5493502884903213)
(0.7233935546787335, 0.0778446337586449, 0.5493502884903213)
(0.7233935546787335, 0.0778446337586449, 0.5493502884903213)
(0.7233935546787335, 0.0778446337586449, 0.5493502884903213)
(0.7233935546787335, 0.0778446337586449, 0.5493502884903213)
(0.7233935546787335, 0.0778446337586449, 0.5493502884903213)
(0.7233935546787335, 0.0778446337586449, 0.5493502884903213)
(0.7233935546787335, 0.0778446337586449, 0.5493502884903213)
(0.7233935546787335, 0.0778446337586449, 0.5493502884903213)
(0.7233935546787335, 0.0778446337586449, 0.5493502884903213)
(0.7233935546787335, 0.0778446337586449, 0.5493502884903213)
(0.7233935546787335, 0.0778446337586449, 0.5493502884903213)
(0.7233935546787335, 0.0778446337586449, 0.5493502884903213)
(0.7233935546787335, 0.0778446337586449, 0.5493502884903213)
(0.7233935546787335, 0.0764808583064446, 0.5468964116130952)
(0.7233935546787335, 0.07518527671313992, 0.5448454025130289)
(0.7233935546787335, 0.07399014335623197, 0.543196740965541)
(0.7233935546787335, 0.07292753646673937, 0.5419502349703055)
(0.7233935546787335, 0.07202965058239996, 0.5411049221500714)
(0.7233935546787335, 0.07132825553734123, 0.5406590507575944)
(0.7233935546787335, 0.070856126231063, 0.5406097103017351)
(0.7233935546787335, 0.07064347676434107, 0.5409552652189143)
(0.7233935546787335, 0.07071890367215394, 0.5416931092716709)
(0.7233935546787335, 0.07110957674033547, 0.5428215297476456)
(0.7233935546787335, 0.07184034519705039, 0.5443379744878064)
(0.7233935546787335, 0.0729330226505455, 0.5462393305425967)
(0.7233935546787335, 0.07440690929726787, 0.5485235806040484)
(0.7233935546787335, 0.07627840459521976, 0.5511874407910786)
(0.7233935546787335, 0.07856074195834926, 0.5542259599921481)
(0.7233935546787335, 0.08126240795191529, 0.5576342758023345)
(0.7233935546787335, 0.08438853231646294, 0.5614074190022816)
(0.7233935546787335, 0.08793914723819186, 0.5655388304791672)
(0.7233935546787335, 0.09190963488268489, 0.5700204522330051)
(0.7233935546787335, 0.09629241877793884, 0.5748392339208477)
(0.7233935546787335, 0.10107697314927372, 0.5799839520327499)
(0.7233935546787335, 0.10624693652536195, 0.5854430215230157)
(0.7233935546787335, 0.1117798473481959, 0.5912099724555003)
(0.7233935546787335, 0.1176509762372502, 0.5972779110963646)
(0.7233935546787335, 0.1238307419426285, 0.6036373755206451)
(0.7233935546787335, 0.13028921326486934, 0.6102781831581299)
(0.7233935546787335, 0.13699136777541326, 0.6171863491590113)
(0.7233935546787335, 0.14389798139408302, 0.6243451209498226)
(0.7233935546787335, 0.15096507898047062, 0.6317377058105573)
(0.7233935546787335, 0.1581446293307479, 0.639348424570204)
(0.7233935546787335, 0.1653849924333734, 0.6471601269962981)
(0.7233935546787335, 0.17263203727954454, 0.65515286784831)
(0.7233935546787335, 0.17983094363478305, 0.6633039660414296)
(0.7233935546787335, 0.18692573856716244, 0.6715882601787964)
(0.7233935546787335, 0.19385886852574274, 0.6799776052755164)
(0.7233935546787335, 0.20057251881327676, 0.6884410749002429)
(0.7233935546787335, 0.20700942796939945, 0.696944437988802)
(0.7233935546787335, 0.21311240332143008, 0.7054492646188191)
(0.7233935546787335, 0.2188242495292255, 0.7139151121584711)
(0.7233935546787335, 0.22408987635854813, 0.7222979555450955)
(0.7233935546787335, 0.22885493993697453, 0.730550196697108)
(0.7233935546787335, 0.2330677660604902, 0.7386217395428715)
(0.7233935546787335, 0.23667833738223765, 0.7464598134323343)
(0.7233935546787335, 0.23963787459779368, 0.7540084823089379)
(0.7233935546787335, 0.2419009063546069, 0.7612077988798743)
(0.7233935546787335, 0.24342404872501952, 0.7679950412562623)
(0.7233935546787335, 0.24416523727245745, 0.7743047900243152)
(0.7233935546787335, 0.24408390096324722, 0.7800694484643648)
(0.7233935546787335, 0.24314194308489961, 0.7852189149389547)
(0.7233935546787335, 0.2413029449020369, 0.7896805404952186)
(0.7233935546787335, 0.2401980860762205, 0.7963771503065582)
(0.7233935546787335, 0.23871381112726214, 0.8029455512965107)
(0.7233935546787335, 0.23688505523600956, 0.809361928950518)
(0.7233935546787335, 0.2347387650405157, 0.8155894454387753)
(0.7233935546787335, 0.23231916556515747, 0.821606158163899)
(0.7233935546787335, 0.22967053501536908, 0.8273928393691264)
(0.7233935546787335, 0.22683467712167416, 0.8329336798816429)
(0.7233935546787335, 0.22385363224279775, 0.8382137863704461)
(0.7233935546787335, 0.22076829179130344, 0.8432212814650025)
(0.7233935546787335, 0.21761744022387935, 0.8479453282286529)
(0.7233935546787335, 0.21443789875498517, 0.8523776809000432)
(0.7233935546787335, 0.21126471863271187, 0.8565124904109123)
(0.7233935546787335, 0.20813010684533506, 0.8603443056318132)
(0.7233935546787335, 0.20506315660644048, 0.8638701605778574)
(0.7233935546787335, 0.20208950820626187, 0.8670902406422598)
(0.7233935546787335, 0.1992326592305425, 0.8700061375658208)
(0.7233935546787335, 0.19651234734108314, 0.8726206991908534)
(0.7233935546787335, 0.19394615427534967, 0.8749394519817584)
(0.7233935546787335, 0.1915492421955367, 0.8769707349135216)
(0.7233935546787335, 0.18933247556551636, 0.8787302101094077)
(0.7233935546787335, 0.18730187108554391, 0.8802345285396037)
(0.7233935546787335, 0.1854615302821132, 0.881503059434836)
(0.7233935546787335, 0.18381472735777094, 0.8825511032895058)
(0.7233935546787335, 0.1823603535520904, 0.8833938345254055)
(0.7233935546787335, 0.18109562143937935, 0.8840482035981754)
(0.7233935546787335, 0.18001134274538744, 0.8845308662794447)
(0.7233935546787335, 0.17909651344317645, 0.8848612751709898)
(0.7233935546787335, 0.17833814826628075, 0.8850611198282923)
(0.7233935546787335, 0.1777226941098718, 0.8851513499660275)
(0.7233935546787335, 0.17723640540067875, 0.8851498640144346)
(0.7233935546787335, 0.17686598894016864, 0.8850730137024557)
(0.7233935546787335, 0.17659850135123656, 0.8849365016207247)
(0.7233935546787335, 0.1764201594879944, 0.8847551120227924)
(0.7233935546787335, 0.1763172687133298, 0.8845421613563675)
(0.7233935546787335, 0.17627742563659904, 0.8843097323660554)
(0.7233935546787335, 0.17628895015028917, 0.884068247249455)
(0.7233935546787335, 0.17634051208810858, 0.883826826873086)
(0.7233935546787335, 0.17642207333341203, 0.8835943396620297)
(0.7233935546787335, 0.17652562950672795, 0.8833771575252202)
(0.7233935546787335, 0.17664345165158302, 0.8831805581685372)
(0.7233935546787335, 0.17676968477660726, 0.8830088984444805)
(0.7233935546787335, 0.17689856913915858, 0.8828645620839396)
(0.7233935546787335, 0.17702540338664075, 0.8827480046047242)
(0.7233935546787335, 0.17714719591453626, 0.8826582720006645)
(0.7233935546787335, 0.17726048697212565, 0.882594217410217)
(0.7233935546787335, 0.1773622238465709, 0.8825536681591434)
(0.7233935546787335, 0.17745052550599882, 0.8825335843730484)
(0.7233935546787335, 0.17743909346688116, 0.8825308311736035)
(0.7233935546787335, 0.17741934746288276, 0.8825260105380544)
(0.7233935546787335, 0.17740375889122753, 0.8825221042537612)
(0.7233935546787335, 0.17739232775191546, 0.8825191123207242)
(0.7233935546787335, 0.17738505404494653, 0.8825170347389434)
(0.7233935546787335, 0.17738193777032074, 0.8825158715084186)
(0.7233935546787335, 0.17738297892803812, 0.88251562262915)
(0.7233935546787335, 0.17738817751809866, 0.8825162881011374)
(0.7233935546787335, 0.17739753354050233, 0.8825178679243809)
(0.7233935546787335, 0.17741104699524915, 0.8825203620988806)
(0.7233935546787335, 0.17742871788233913, 0.8825237706246364)
(0.7233935546787335, 0.17745054620177225, 0.8825280935016483)
(0.7233935546787335, 0.17747653195354854, 0.8825333307299162)
(0.7233935546787335, 0.177506675137668, 0.8825394823094403)
(0.7233935546787335, 0.17754097575413055, 0.8825465482402205)
(0.7233935546787335, 0.1775794338029363, 0.8825545285222569)
(0.7233935546787335, 0.17762204928408518, 0.8825634231555493)
(0.7233935546787335, 0.17766882219757724, 0.8825732321400979)
(0.7233935546787335, 0.1777197525434124, 0.8825839554759025)
(0.7233935546787335, 0.17777484032159077, 0.8825955931629632)
(0.7233935546787335, 0.17783408553211225, 0.8826081452012802)
(0.7233935546787335, 0.17789748817497691, 0.8826216115908532)
(0.7233935546787335, 0.1779650482501847, 0.8826359923316822)
(0.7233935546787335, 0.17803676575773567, 0.8826512874237674)
(0.7233935546787335, 0.17811264069762975, 0.8826674968671088)
