0.4406276
0.3484968
0.2828622
0.2748313
0.2388493
0.2030882
0.1715937
0.1420389
0.1543332
0.0701744
0.0434967
0.04840853
0.04254786
0.0387597
0.03415159
0.02706573
0.02571622
0.02241653
0.02221601
0.02480086
0.02637205
0.03025146
0.02492002
0.04395789
0.04136932
0.0394337
0.04255951
0.04438113
0.05784807
0.06719365
0.05360455
0.03970681
0.07782631
0.1054088
0.09634038
0.07142451
MSE 0.09775204
total_moving_Distance 0.6677592
height_from_ground 0.06849539
height_from_ground_error 0.02772653
height_from_ground_error2 0.02772653