(325.1457, 114.2255, 344.0887)
(325.1457, 114.2255, 344.0887)
(330.5264, 112.1608, 346.5433)
(333.621, 111.6878, 347.7049)
(334.6004, 112.0597, 348.0396)
(336.0543, 111.7019, 349.3771)
(338.5344, 111.1298, 350.8912)
(338.4774, 108.2164, 354.1477)
(337.6299, 106.8587, 356.5318)
(332.7583, 107.9489, 354.3617)
(328.4989, 111.6495, 352.7979)
(325.1718, 115.0196, 350.8617)
(332.4709, 114.8706, 351.2806)
(333.5439, 113.942, 351.2632)
(327.9088, 111.6548, 352.8065)
(327.9088, 111.6548, 352.8065)
(328.3262, 111.394, 352.9854)
(329.4636, 112.1742, 352.2837)
(329.5918, 113.065, 351.6967)
(328.8593, 113.495, 351.5179)
(327.7752, 113.489, 351.7942)
(326.9103, 113.613, 352.0207)
(326.3984, 113.803, 352.1263)
(325.9446, 114.0867, 352.2955)
(325.4049, 114.3633, 352.536)
(324.9124, 114.6248, 352.6449)
(324.4503, 114.9732, 352.7862)
(323.8315, 115.4983, 352.8084)
(322.9186, 116.7621, 352.6436)
(322.9186, 116.7621, 352.6436)
(322.6232, 117.2841, 352.5899)
(322.5587, 117.717, 352.3975)
(322.4477, 117.9259, 352.2125)
(322.0008, 117.967, 351.937)
(321.5146, 117.8536, 351.6404)
(321.2086, 117.8025, 351.4048)
(321.0311, 117.7321, 351.1179)
(321.537, 117.4487, 350.839)
(321.6026, 117.4083, 350.6268)
(322.1987, 117.4037, 350.4939)
(322.7086, 117.5732, 350.4135)
(323.3556, 117.7148, 350.3897)
(324.4348, 117.8054, 350.2369)
(324.4348, 117.8054, 350.2369)
(324.9088, 117.465, 350.1732)
(324.8609, 117.0866, 350.277)
(324.364, 116.2136, 350.5883)
(323.8773, 115.4067, 350.8399)
(323.7644, 114.9858, 350.849)
(323.9135, 115.1878, 350.367)
(324.4879, 115.8817, 349.6337)
(325.2951, 116.8028, 349.0431)
(326.102, 117.6397, 348.6176)
(326.4885, 117.9427, 348.3689)
(326.2962, 117.3402, 348.6006)
(323.7797, 115.0026, 349.337)
(321.0628, 112.97, 347.695)
(321.0628, 112.97, 347.695)
(319.5141, 113.1764, 345.3066)
(317.9826, 113.6922, 343.086)
(317.1205, 113.8163, 341.6217)
(316.9216, 113.5509, 341.1273)
(316.9034, 112.1418, 341.5217)
(317.5419, 109.3067, 343.4727)
(317.3006, 107.1693, 344.7023)
(316.3257, 106.1576, 345.0428)
