(0.1283076, 1.538846, -0.2344065)
(0.1278532, 1.538503, -0.2338037)
(0.127355, 1.53813, -0.2332361)
(0.1266345, 1.537856, -0.2324889)
(0.1260011, 1.537416, -0.2318571)
(0.1254756, 1.537027, -0.2312322)
(0.1249025, 1.536507, -0.2305433)
(0.1244595, 1.536029, -0.229739)
(0.1240262, 1.535683, -0.2291095)
(0.1233276, 1.535236, -0.2282515)
(0.1224059, 1.534771, -0.2275654)
(0.1215212, 1.534171, -0.2265841)
(0.120972, 1.533508, -0.2258923)
(0.1202316, 1.533021, -0.2250187)
(0.1193044, 1.532517, -0.2240704)
(0.1182473, 1.532134, -0.2230529)
(0.1174526, 1.53167, -0.2220144)
(0.1167085, 1.531334, -0.2213156)
(0.1155723, 1.53089, -0.2204368)
(0.1146314, 1.53049, -0.2194521)
(0.1135314, 1.530149, -0.2185721)
(0.1124662, 1.52961, -0.2177482)
(0.1112592, 1.529187, -0.2167754)
(0.10975, 1.528566, -0.2156159)
(0.1082482, 1.528138, -0.2145078)
(0.1067402, 1.527572, -0.2134681)
(0.1054099, 1.527126, -0.2126148)
(0.1038752, 1.526449, -0.2114904)
(0.1022866, 1.525738, -0.2103105)
(0.1006796, 1.524984, -0.2092247)
(0.09869528, 1.524334, -0.2076344)
(0.09694529, 1.523282, -0.2062448)
(0.09506917, 1.522193, -0.2047565)
(0.09331584, 1.5211, -0.2034068)
(0.09151053, 1.519793, -0.202021)
(0.08999395, 1.518793, -0.2008438)
(0.08818173, 1.517465, -0.1995575)
(0.08617401, 1.51601, -0.1983331)
(0.08447218, 1.514602, -0.1971285)
(0.08275437, 1.512913, -0.1958997)
(0.08117485, 1.511216, -0.194788)
(0.07968569, 1.509536, -0.1933899)
(0.07818556, 1.508104, -0.1922355)
(0.07668233, 1.506837, -0.1910465)
(0.07521439, 1.506151, -0.189837)
(0.07381272, 1.505735, -0.1888031)
(0.07237172, 1.504853, -0.1876311)
(0.07132173, 1.503823, -0.1865729)
(0.07019687, 1.503012, -0.1853514)
(0.06894326, 1.502113, -0.1840308)
(0.06772399, 1.501371, -0.1827989)
(0.06697679, 1.500855, -0.1817312)
(0.06621528, 1.500279, -0.1804756)
(0.06538987, 1.499757, -0.1793941)
(0.06463432, 1.499274, -0.1784402)
(0.06390953, 1.498811, -0.1775786)
(0.06328464, 1.49834, -0.1767008)
(0.06277514, 1.497972, -0.1756681)
(0.06241131, 1.497735, -0.1747613)
(0.06190777, 1.497449, -0.173744)
(0.06137133, 1.497442, -0.1727617)
(0.06104922, 1.497369, -0.1718061)
(0.06088734, 1.497371, -0.1709504)
(0.06081581, 1.497208, -0.1699855)
(0.06080389, 1.497084, -0.1688803)
(0.06084752, 1.497027, -0.1679316)
(0.06076717, 1.496895, -0.1667821)
(0.06064177, 1.496714, -0.1656499)
(0.06084776, 1.496596, -0.164452)
(0.06105757, 1.496284, -0.163222)
(0.06124592, 1.495941, -0.1619147)
(0.06158996, 1.49566, -0.1605694)
(0.06175923, 1.495293, -0.1591454)
(0.06202745, 1.494886, -0.1577778)
(0.0624609, 1.494668, -0.1564708)
(0.06275034, 1.494347, -0.1550862)
(0.06320095, 1.494089, -0.1534681)
(0.0634551, 1.493752, -0.1516863)
(0.06388474, 1.493335, -0.1502744)
(0.06432128, 1.49296, -0.1486279)
(0.06466365, 1.49251, -0.1468934)
(0.06506872, 1.49211, -0.1451261)
(0.06543183, 1.4918, -0.1433928)
(0.06604171, 1.491739, -0.1417232)
(0.06653357, 1.491434, -0.1400293)
(0.06703472, 1.491216, -0.138033)
(0.06778145, 1.490931, -0.1358228)
(0.06841159, 1.49038, -0.1337867)
(0.06888247, 1.489801, -0.1316437)
(0.069381, 1.489267, -0.1295934)
(0.06992269, 1.488608, -0.1272299)
(0.07047844, 1.487932, -0.1247742)
(0.07116246, 1.487357, -0.1224241)
(0.0717392, 1.486681, -0.120018)
(0.07230449, 1.485923, -0.1173792)
(0.07299995, 1.485051, -0.1144116)
(0.07383466, 1.484036, -0.1120245)
(0.07445121, 1.483197, -0.1092633)
(0.07512522, 1.482566, -0.1066898)
(0.07582092, 1.482076, -0.1037745)
(0.07636905, 1.481665, -0.1009284)
(0.07699227, 1.481364, -0.09796476)
(0.07784963, 1.481098, -0.09500742)
(0.0785141, 1.481078, -0.09162259)
(0.0793395, 1.480933, -0.08801484)
(0.08011222, 1.480827, -0.0844245)
(0.08091712, 1.480862, -0.08041608)
(0.08091712, 1.480862, -0.08041608)
(0.08255482, 1.4811, -0.07285237)
(0.08336735, 1.481248, -0.06877971)
(0.08449388, 1.481483, -0.06465399)
(0.08570123, 1.481286, -0.06063235)
(0.08668852, 1.481081, -0.05624747)
(0.0879302, 1.480632, -0.05109167)
(0.08895373, 1.480383, -0.04612446)
(0.09017563, 1.479983, -0.04138088)
(0.09182429, 1.479905, -0.0368557)
(0.09317565, 1.479753, -0.03176737)
(0.09466004, 1.47934, -0.02689886)
(0.09673834, 1.479145, -0.02214289)
(0.09837127, 1.478638, -0.01717734)
(0.1001804, 1.477884, -0.01220679)
(0.1023088, 1.477203, -0.006661415)
(0.1042912, 1.476462, -0.001699686)
(0.1063843, 1.475655, 0.003307819)
(0.1085525, 1.474841, 0.008569956)
(0.1108086, 1.474069, 0.01378703)
(0.1130184, 1.473449, 0.01882768)
(0.1155235, 1.473063, 0.0240984)
(0.1178799, 1.472845, 0.02943206)
(0.1205688, 1.473035, 0.03454781)
(0.1236719, 1.472908, 0.04051828)
(0.126757, 1.472995, 0.04554653)
(0.1297336, 1.473434, 0.05076051)
(0.1322708, 1.473748, 0.05600405)
(0.1356678, 1.475316, 0.06094503)
(0.1386291, 1.476838, 0.06580734)
(0.1417896, 1.478955, 0.07096267)
(0.1451494, 1.481285, 0.07613945)
(0.1487544, 1.483989, 0.08088779)
(0.1523404, 1.487531, 0.08663058)
(0.1555883, 1.491293, 0.09186411)
(0.1590346, 1.495324, 0.09734154)
(0.1624203, 1.499064, 0.1024179)
(0.1652799, 1.503733, 0.1071758)
(0.1682241, 1.508551, 0.112494)
(0.1717942, 1.514068, 0.1178021)
(0.1745813, 1.519815, 0.1222968)
(0.1778296, 1.525167, 0.1273131)
(0.1806949, 1.531383, 0.1311736)
(0.1839685, 1.536588, 0.1360474)
(0.1861304, 1.541455, 0.1395464)
(0.1894295, 1.545968, 0.1438913)
(0.1917285, 1.550158, 0.1480889)
(0.1938229, 1.553908, 0.1514101)
(0.196682, 1.558271, 0.1548917)
(0.1994687, 1.561292, 0.158874)
(0.2015604, 1.564526, 0.1620531)
(0.2041223, 1.567394, 0.1653974)
(0.2064444, 1.570142, 0.1692915)
(0.2077587, 1.571923, 0.1716094)
(0.210227, 1.573973, 0.1745379)
(0.2115098, 1.576109, 0.1779914)
(0.2125704, 1.577732, 0.1805966)
(0.2135934, 1.579243, 0.1836939)
(0.2150207, 1.580894, 0.1868851)
(0.2158747, 1.581866, 0.1896904)
(0.2168797, 1.58303, 0.1931732)
(0.2184436, 1.583886, 0.196362)
(0.2195237, 1.583899, 0.1992812)
(0.2202049, 1.584409, 0.2020397)
(0.2215005, 1.584885, 0.2053056)
(0.2221389, 1.584882, 0.2087057)
(0.2225523, 1.584719, 0.2116497)
(0.2231297, 1.584632, 0.215225)
(0.2235193, 1.584375, 0.2182314)
(0.2239372, 1.583933, 0.2222576)
(0.2241125, 1.58349, 0.2258844)
(0.2240511, 1.582805, 0.2289071)
(0.2242607, 1.581917, 0.2327616)
(0.2241126, 1.581213, 0.2364583)
(0.2239164, 1.580413, 0.2397876)
(0.2236608, 1.579568, 0.2434976)
(0.2236241, 1.578894, 0.2472551)
(0.2232449, 1.577968, 0.2507758)
(0.2232852, 1.57694, 0.2547381)
(0.2227881, 1.576057, 0.2584121)
(0.2222307, 1.575044, 0.2616305)
(0.221908, 1.573927, 0.2653816)
(0.2213844, 1.572936, 0.2690704)
(0.2207807, 1.572003, 0.2725277)
(0.2200843, 1.57102, 0.2763383)
(0.2194107, 1.570127, 0.2801971)
(0.2186275, 1.569213, 0.2838383)
(0.2175293, 1.568154, 0.2884176)
(0.2168614, 1.567347, 0.2923388)
(0.2160052, 1.566807, 0.2964227)
(0.2151582, 1.566177, 0.3009944)
(0.2144127, 1.565726, 0.3053784)
(0.213567, 1.565294, 0.3097489)
(0.2126993, 1.565007, 0.3144112)
(0.2118418, 1.564761, 0.3192255)
(0.2108214, 1.564534, 0.323874)
(0.2097387, 1.564182, 0.3293686)
(0.2088269, 1.563859, 0.3342791)
(0.2078218, 1.563548, 0.3393862)
(0.2078218, 1.563548, 0.3393862)
(0.2069335, 1.563275, 0.3445563)
(0.2049298, 1.562758, 0.3549047)
(0.2039564, 1.562526, 0.3602905)
(0.2029881, 1.562374, 0.3657386)
(0.2020018, 1.562171, 0.3711975)
(0.2008865, 1.561789, 0.377284)
(0.1999333, 1.561445, 0.3828728)
(0.1989248, 1.561216, 0.3885202)
(0.1982236, 1.561392, 0.3937683)
(0.1973114, 1.56139, 0.3990083)
(0.1962535, 1.561467, 0.4042628)
(0.1951419, 1.561731, 0.4095364)
(0.1940796, 1.562109, 0.4147258)
(0.1928315, 1.562672, 0.4199555)
(0.1912224, 1.564136, 0.4253602)
(0.1896914, 1.565457, 0.4303303)
(0.1878707, 1.567396, 0.4351072)
(0.1859107, 1.569096, 0.4402671)
(0.1838167, 1.571296, 0.4450274)
(0.1816418, 1.573592, 0.4499881)
(0.178726, 1.576349, 0.4550302)
(0.1762502, 1.579302, 0.4597967)
(0.1731915, 1.583397, 0.4642696)
(0.1704526, 1.587133, 0.4694972)
(0.1681859, 1.591007, 0.4739184)
(0.1661122, 1.594998, 0.478107)
(0.1644366, 1.599018, 0.4825149)
(0.1628804, 1.603252, 0.4867358)
(0.1610613, 1.607519, 0.4904547)
(0.1595924, 1.611968, 0.4942448)
(0.1582534, 1.616409, 0.497956)
(0.156877, 1.620572, 0.5012188)
(0.1558691, 1.625074, 0.504854)
(0.1545314, 1.629031, 0.5085607)
(0.1533602, 1.63283, 0.5121036)
(0.1532112, 1.635399, 0.5145679)
(0.1520604, 1.638271, 0.5182374)
(0.1512457, 1.640943, 0.5212548)
(0.1508069, 1.64327, 0.5242896)
(0.1499007, 1.645809, 0.5277224)
(0.1493022, 1.647829, 0.5303912)
(0.1493959, 1.650178, 0.5334606)
(0.1487103, 1.6522, 0.5368135)
(0.1484957, 1.653348, 0.5396338)
(0.1481811, 1.654359, 0.5426977)
(0.1484861, 1.654583, 0.545486)
(0.1483366, 1.655402, 0.5483251)
(0.1481855, 1.656539, 0.5512488)
(0.1480339, 1.657677, 0.5541754)
(0.1489313, 1.657313, 0.5561874)
(0.1494751, 1.657578, 0.558929)
(0.1500963, 1.65777, 0.5615139)
(0.1504397, 1.65789, 0.5644169)
(0.1507773, 1.656639, 0.5670242)
(0.1513036, 1.657374, 0.5697114)
(0.151706, 1.657435, 0.5722637)
(0.1521652, 1.65748, 0.5749631)
(0.1524631, 1.657439, 0.578192)
(0.1533718, 1.65727, 0.5809152)
(0.1539799, 1.65705, 0.5836387)
(0.1548781, 1.656722, 0.5863004)
(0.155596, 1.656361, 0.5887842)
(0.1567481, 1.655867, 0.5916879)
(0.157341, 1.655591, 0.5948167)
(0.1582022, 1.654936, 0.5973916)
(0.1587489, 1.654132, 0.6006749)
(0.1597681, 1.653618, 0.6038437)
(0.1607902, 1.652917, 0.6068399)
(0.161873, 1.652227, 0.6102638)
(0.162932, 1.651679, 0.6134334)
(0.1641605, 1.651034, 0.6163869)
(0.1653476, 1.650336, 0.619699)
(0.1665661, 1.649954, 0.6232891)
(0.168036, 1.649323, 0.6265762)
(0.1696997, 1.648647, 0.6301799)
(0.1712632, 1.648033, 0.6337197)
(0.172996, 1.647474, 0.6372633)
(0.174886, 1.64676, 0.641315)
(0.1769779, 1.645977, 0.6448479)
(0.1789221, 1.645434, 0.648767)
(0.1811764, 1.64498, 0.6527324)
(0.1834263, 1.644529, 0.6567123)
(0.1855272, 1.64414, 0.6604505)
(0.1877964, 1.643824, 0.6647136)
(0.1906316, 1.643337, 0.6688471)
(0.1930537, 1.642915, 0.6728666)
(0.1958253, 1.642277, 0.6776826)
(0.1983314, 1.641725, 0.6820288)
(0.2009653, 1.641148, 0.6863599)
(0.2039568, 1.64102, 0.690521)
(0.2067957, 1.64066, 0.6949539)
(0.2097287, 1.64041, 0.6994839)
(0.2129406, 1.640403, 0.7038023)
(0.2159059, 1.640271, 0.7084143)
(0.2191815, 1.640342, 0.7129283)
(0.2229986, 1.640522, 0.7178254)
(0.22631, 1.640723, 0.7223301)
(0.2298293, 1.641237, 0.7268865)
(0.2331111, 1.641353, 0.7315593)
(0.2369217, 1.641689, 0.7359982)
(0.2405694, 1.642013, 0.7402523)
(0.2440934, 1.642534, 0.7448406)
(0.2477381, 1.643502, 0.7491674)
(0.2514676, 1.645514, 0.7532289)
(0.2556515, 1.647118, 0.757874)
(0.2595686, 1.649158, 0.7619476)
(0.2633882, 1.651591, 0.7660494)
(0.2669132, 1.653615, 0.7703586)
(0.2709193, 1.656332, 0.7743406)
(0.2742329, 1.659613, 0.7784319)
(0.2776169, 1.662873, 0.7824147)
(0.280827, 1.666598, 0.7861824)
(0.2838099, 1.670724, 0.7901011)
(0.2871853, 1.675258, 0.7942615)
(0.2901697, 1.679442, 0.7980313)
(0.2928833, 1.683985, 0.801713)
(0.2957299, 1.688458, 0.8052146)
(0.2981607, 1.692859, 0.808656)
(0.3004932, 1.697223, 0.8120885)
(0.3024918, 1.701627, 0.8152339)
(0.3041823, 1.705916, 0.818547)
(0.3057995, 1.710038, 0.8217969)
(0.3079785, 1.714603, 0.8249354)
(0.309494, 1.718547, 0.8280711)
(0.3105915, 1.721999, 0.830821)
(0.3121024, 1.725742, 0.8335857)
(0.3130944, 1.72917, 0.8365393)
(0.3135378, 1.731982, 0.8392985)
(0.3144937, 1.735284, 0.8418975)
(0.3147435, 1.73785, 0.8445785)
(0.3149571, 1.740116, 0.847074)
(0.3153918, 1.742191, 0.8496425)
(0.3154669, 1.744227, 0.8521719)
(0.3153861, 1.745467, 0.8542838)
(0.3154968, 1.747144, 0.8565378)
(0.3154397, 1.748421, 0.8587644)
(0.3153946, 1.74941, 0.8605981)
(0.3154504, 1.750342, 0.8627734)
(0.315412, 1.750964, 0.8648677)
(0.3152778, 1.751676, 0.8670371)
(0.3149476, 1.752373, 0.8695164)
(0.3148398, 1.753175, 0.871798)
(0.314752, 1.753646, 0.8739471)
(0.3144825, 1.754028, 0.8763373)
(0.3144183, 1.754224, 0.8786411)
(0.3142782, 1.754385, 0.8806899)
(0.3139933, 1.754209, 0.8831553)
(0.313781, 1.754218, 0.8856559)
(0.3136232, 1.754226, 0.8884835)
(0.3132364, 1.754002, 0.8913689)
(0.3131337, 1.753837, 0.8938994)
(0.3129871, 1.753311, 0.8963447)
(0.3127637, 1.752674, 0.8990049)
(0.312331, 1.751994, 0.9016709)
(0.3120379, 1.751262, 0.9041719)
(0.3118367, 1.750764, 0.9067001)
(0.3114944, 1.750134, 0.9093947)
(0.3111788, 1.749401, 0.9124918)
(0.3106636, 1.748554, 0.9155502)
(0.3104287, 1.747662, 0.918282)
(0.3101025, 1.746623, 0.921226)
(0.3097854, 1.745386, 0.9241445)
(0.3095636, 1.744167, 0.9271126)
(0.309196, 1.743023, 0.9301472)
(0.3089323, 1.741933, 0.9331594)
(0.3088095, 1.740767, 0.9361792)
(0.3084878, 1.739614, 0.939414)
(0.3080821, 1.738211, 0.9430385)
(0.3078188, 1.737112, 0.9462793)
(0.3075013, 1.736137, 0.9497442)
(0.3070626, 1.735343, 0.9532964)
(0.3064771, 1.734295, 0.9569578)
(0.3060117, 1.733672, 0.9606409)
(0.3055086, 1.733204, 0.9646006)
(0.305061, 1.732596, 0.9684198)
(0.3043761, 1.732231, 0.9723468)
(0.3039138, 1.731913, 0.9767613)
(0.3031776, 1.731571, 0.9808509)
(0.3023834, 1.73113, 0.9852834)
(0.3012474, 1.730483, 0.9897475)
(0.3003626, 1.729828, 0.9940333)
(0.2990217, 1.729082, 0.9985847)
(0.2978294, 1.728731, 1.002864)
(0.2964945, 1.728245, 1.00728)
(0.2944884, 1.728075, 1.011767)
(0.2930481, 1.727791, 1.016082)
(0.2908828, 1.727943, 1.020328)
(0.288851, 1.728457, 1.024816)
(0.2871127, 1.728724, 1.029375)
(0.2853926, 1.728967, 1.034584)
(0.2833244, 1.729952, 1.038984)
(0.2810806, 1.730857, 1.043715)
(0.279937, 1.730861, 1.047959)
(0.277552, 1.731502, 1.052727)
(0.2749653, 1.732449, 1.057813)
(0.273483, 1.733247, 1.062399)
(0.2708209, 1.734718, 1.067181)
(0.2683791, 1.736162, 1.07124)
(0.2656085, 1.737957, 1.075977)
(0.2627156, 1.7399, 1.080787)
(0.259725, 1.741802, 1.085559)
(0.2566074, 1.744237, 1.090274)
(0.2531632, 1.747028, 1.094917)
(0.2493699, 1.75028, 1.100097)
(0.246227, 1.753195, 1.104764)
(0.242439, 1.756877, 1.109489)
(0.2388568, 1.760217, 1.114269)
(0.2353809, 1.76406, 1.118817)
(0.2318957, 1.768294, 1.123281)
(0.2283918, 1.772432, 1.127809)
(0.2253468, 1.777122, 1.132018)
(0.2219503, 1.782157, 1.136637)
(0.2189445, 1.786607, 1.140583)
(0.216033, 1.790913, 1.144514)
(0.213308, 1.794884, 1.148136)
(0.2102823, 1.798814, 1.151905)
(0.2075675, 1.802469, 1.155469)
(0.205128, 1.805723, 1.158861)
(0.2030575, 1.80921, 1.162007)
(0.2008491, 1.811982, 1.165217)
(0.1986328, 1.814679, 1.168689)
(0.1968464, 1.817019, 1.171501)
(0.1952385, 1.818772, 1.174392)
(0.1935009, 1.820464, 1.177373)
(0.1919053, 1.822611, 1.180088)
(0.1903543, 1.824281, 1.182825)
(0.1889358, 1.825839, 1.185534)
(0.1875229, 1.827492, 1.1882)
(0.1864252, 1.82848, 1.190787)
(0.1852105, 1.829206, 1.193447)
(0.1839178, 1.829849, 1.196381)
(0.1827333, 1.830407, 1.199104)
(0.1817491, 1.830351, 1.201849)
(0.1807034, 1.830616, 1.204591)
(0.1794569, 1.830637, 1.207513)
(0.1786315, 1.830636, 1.210231)
(0.1777825, 1.830752, 1.213064)
(0.1771309, 1.830752, 1.215897)
(0.1764727, 1.83063, 1.218709)
(0.1756603, 1.830146, 1.221925)
(0.1745939, 1.829927, 1.225107)
(0.1740485, 1.829537, 1.228027)
(0.1733016, 1.829111, 1.231035)
(0.1726862, 1.828802, 1.233997)
(0.1722761, 1.828328, 1.236761)
(0.1719398, 1.827699, 1.239615)
(0.1716486, 1.827141, 1.242415)
(0.1714249, 1.826507, 1.245095)
(0.1711969, 1.825387, 1.248218)
(0.1710364, 1.824699, 1.251049)
(0.1712772, 1.823743, 1.253886)
(0.1713874, 1.823004, 1.256577)
(0.1716534, 1.822083, 1.259236)
(0.1718787, 1.821248, 1.261881)
(0.1722593, 1.820319, 1.264582)
(0.1725456, 1.819567, 1.267394)
(0.17308, 1.81871, 1.27045)
(0.1737037, 1.817538, 1.273568)
(0.174371, 1.816597, 1.27649)
(0.175043, 1.815741, 1.279261)
(0.1757348, 1.814935, 1.282232)
(0.1766368, 1.814307, 1.285226)
(0.1775274, 1.813802, 1.288413)
(0.1787007, 1.813275, 1.291605)
(0.1797564, 1.812791, 1.294784)
(0.1809767, 1.812686, 1.298696)
(0.182328, 1.81254, 1.302044)
(0.1834993, 1.812537, 1.305626)
(0.1849029, 1.812853, 1.309168)
(0.1867251, 1.81291, 1.312657)
(0.1883464, 1.813176, 1.316421)
(0.189963, 1.813415, 1.320083)
(0.191578, 1.813486, 1.324131)
(0.1936433, 1.813543, 1.327995)
(0.1954207, 1.813554, 1.332159)
(0.1974916, 1.813252, 1.336818)
(0.2000542, 1.81279, 1.340992)
(0.2020459, 1.812575, 1.345446)
(0.2042618, 1.812297, 1.349627)
(0.2076962, 1.812217, 1.353678)
(0.2100966, 1.811989, 1.358186)
(0.2126553, 1.81147, 1.362776)
(0.215287, 1.811324, 1.367233)
(0.2187815, 1.810832, 1.371669)
(0.2217622, 1.810406, 1.376613)
(0.2246844, 1.810168, 1.38162)
(0.2273154, 1.809976, 1.386411)
(0.2303532, 1.809886, 1.391033)
(0.2331669, 1.810044, 1.39577)
(0.2364146, 1.810426, 1.400342)
(0.2394201, 1.810837, 1.405128)
(0.2426165, 1.81157, 1.409806)
(0.2462183, 1.81267, 1.414905)
(0.2496942, 1.81389, 1.419479)
(0.2531487, 1.815195, 1.424186)
(0.256653, 1.816832, 1.429036)
(0.2600396, 1.818162, 1.433818)
(0.2635816, 1.820096, 1.438497)
(0.2671983, 1.822816, 1.443384)
(0.2707452, 1.825785, 1.447927)
(0.274269, 1.827867, 1.45256)
(0.2782471, 1.83016, 1.457579)
(0.2818502, 1.834618, 1.460891)
(0.2853359, 1.838067, 1.46472)
(0.2886209, 1.84184, 1.468789)
(0.2919263, 1.844966, 1.473286)
(0.2953889, 1.848037, 1.477438)
(0.2985407, 1.852017, 1.480019)
(0.3010627, 1.854746, 1.482755)
(0.3038306, 1.857817, 1.485966)
(0.3074161, 1.862298, 1.490355)
(0.3094642, 1.863727, 1.493523)
(0.3116434, 1.866436, 1.496779)
(0.3136106, 1.867741, 1.499962)
(0.3151977, 1.86971, 1.503245)
(0.3168901, 1.870794, 1.506377)
(0.3181874, 1.871794, 1.509559)
(0.3194175, 1.873048, 1.512571)
(0.320969, 1.874136, 1.515681)
(0.321568, 1.874411, 1.519042)
(0.3214872, 1.874798, 1.522327)
(0.322266, 1.875239, 1.52537)
(0.3223637, 1.875458, 1.528429)
(0.3225824, 1.875761, 1.531583)
(0.3229951, 1.875962, 1.534576)
(0.3230578, 1.87608, 1.537492)
(0.3227179, 1.875947, 1.54076)
(0.3229703, 1.875947, 1.543766)
(0.3226957, 1.875939, 1.547294)
(0.3224097, 1.875906, 1.550433)
(0.3224626, 1.875907, 1.553413)
(0.3218906, 1.875938, 1.556718)
(0.3215162, 1.87567, 1.559902)
(0.321463, 1.875504, 1.562819)
(0.3208957, 1.875402, 1.566011)
(0.3204093, 1.875002, 1.569256)
(0.3203746, 1.874727, 1.572307)
(0.3197864, 1.874422, 1.575934)
(0.3188596, 1.874269, 1.579415)
(0.3187639, 1.873951, 1.582612)
(0.3182466, 1.873548, 1.585954)
(0.3170202, 1.873273, 1.589649)
(0.3168119, 1.872706, 1.592949)
(0.3162216, 1.872117, 1.596416)
(0.3160144, 1.871275, 1.599822)
(0.3157398, 1.870467, 1.603246)
(0.3150845, 1.869429, 1.607203)
(0.3153647, 1.868625, 1.610468)
(0.3150671, 1.867838, 1.61413)
(0.3146435, 1.867163, 1.617715)
(0.3142352, 1.866477, 1.621529)
(0.3138741, 1.866108, 1.625509)
(0.3133235, 1.865818, 1.62942)
(0.3148006, 1.865374, 1.632895)
(0.3142979, 1.865222, 1.637182)
(0.3132739, 1.865546, 1.642521)
(0.313809, 1.865353, 1.646655)
(0.313018, 1.865497, 1.651445)
(0.3120252, 1.865709, 1.656378)
(0.3118126, 1.865474, 1.661007)
(0.3107778, 1.865649, 1.666048)
(0.3094513, 1.865876, 1.671064)
(0.309134, 1.86575, 1.675998)
(0.3079169, 1.865917, 1.681219)
(0.3061637, 1.866147, 1.687215)
(0.3052318, 1.866184, 1.692395)
(0.3037497, 1.866173, 1.697839)
(0.3020871, 1.866169, 1.703422)
(0.3011065, 1.866267, 1.708611)
(0.2994232, 1.866411, 1.714113)
(0.2978375, 1.866573, 1.719575)
(0.2960329, 1.866883, 1.72506)
(0.2941878, 1.867068, 1.730534)
(0.2918488, 1.867476, 1.736776)
(0.291217, 1.867643, 1.741616)
(0.2891454, 1.868243, 1.74693)
(0.2866499, 1.869302, 1.75234)
(0.286142, 1.869735, 1.757027)
(0.2837143, 1.87113, 1.762187)
(0.2807832, 1.872863, 1.767741)
(0.2794491, 1.874036, 1.772553)
(0.2767184, 1.875956, 1.777754)
(0.2736403, 1.87803, 1.783484)
(0.2720817, 1.879814, 1.788116)
(0.2692955, 1.88208, 1.793005)
(0.2662982, 1.884527, 1.798049)
(0.2641947, 1.886727, 1.802583)
(0.2614237, 1.889317, 1.807058)
(0.2585324, 1.891922, 1.811626)
(0.2562623, 1.894035, 1.815791)
(0.2535768, 1.896284, 1.819977)
(0.2506748, 1.898634, 1.824323)
(0.2497029, 1.900315, 1.827488)
(0.2473652, 1.902103, 1.830962)
(0.2451365, 1.903741, 1.834268)
(0.2439556, 1.905675, 1.837099)
(0.2419293, 1.907081, 1.840223)
(0.2397578, 1.908589, 1.843842)
(0.2588472, 1.906381, 1.840744)
(0.2574415, 1.907616, 1.843647)
(0.2560377, 1.908816, 1.846608)
(0.2538431, 1.910084, 1.849588)
(0.2528182, 1.910938, 1.852148)
(0.2518127, 1.911645, 1.854575)
(0.2508272, 1.912012, 1.857053)
(0.2485058, 1.912888, 1.859823)
(0.2477628, 1.913337, 1.862061)
(0.2460837, 1.914334, 1.864315)
(0.2452575, 1.915009, 1.86649)
(0.2446482, 1.915704, 1.868778)
(0.2433658, 1.916276, 1.870891)
(0.2429651, 1.916732, 1.87278)
(0.2425642, 1.917121, 1.874623)
(0.2419903, 1.917253, 1.876569)
(0.2413299, 1.917646, 1.878481)
(0.241014, 1.917931, 1.880251)
(0.2405428, 1.918155, 1.882061)
(0.2400894, 1.918486, 1.883853)
(0.2398133, 1.918685, 1.885735)
(0.2393807, 1.918764, 1.887499)
(0.239321, 1.918972, 1.88921)
(0.23913, 1.918554, 1.890844)
(0.2387568, 1.918436, 1.892701)
(0.2388513, 1.918163, 1.894295)
(0.2385211, 1.918054, 1.895906)
(0.2382967, 1.917941, 1.897563)
(0.238432, 1.91764, 1.898797)
(0.2381968, 1.917437, 1.900544)
(0.2379775, 1.917038, 1.90187)
(0.2378322, 1.916044, 1.903183)
(0.2376664, 1.915289, 1.904501)
(0.2374856, 1.914819, 1.905949)
(0.2373044, 1.914347, 1.9074)
(0.2371235, 1.913876, 1.908852)
(0.2369421, 1.913404, 1.910306)
(0.2374133, 1.912333, 1.909819)
(0.237803, 1.912108, 1.910514)
(0.2380153, 1.911801, 1.911366)
(0.2380455, 1.911365, 1.912374)
(0.2379133, 1.910709, 1.912999)
(0.2378901, 1.910727, 1.914026)
(0.2370791, 1.906718, 1.915193)
(0.2371004, 1.906361, 1.915936)
(0.2371217, 1.906004, 1.91668)
(0.2371433, 1.905648, 1.917423)
(0.2371668, 1.90526, 1.918233)
(0.2374086, 1.922812, 1.915576)
(0.2363341, 1.926569, 1.91557)
(0.2361338, 1.930596, 1.914978)
(0.2359911, 1.933598, 1.914887)
(0.2358475, 1.93661, 1.914798)
(0.2357028, 1.939638, 1.914712)
(0.2359866, 1.946919, 1.911265)
(0.2361177, 1.951207, 1.911358)
(0.235945, 1.953227, 1.908167)
(0.235727, 1.952469, 1.908789)
(0.2363691, 1.955566, 1.906032)
(0.2375748, 1.959348, 1.90134)
