(-5915.902, 153.4223, -1357.927)
(21.71006, 166.743, 7.521111)
(19.70491, 57.5481, -21.08904)
(-5.432314, 161.7043, -37.87685)
(24.38321, 185.4955, -2.093291)
(21.15202, 168.1101, 9.314012)
(-0.1991851, 121.7303, -9.920606)
(5.709857, 173.2902, -8.671226)
(1.105039, 225.7335, -0.9693857)
(-12.86362, 112.2874, -1.746374)
(-26.34009, 138.4595, -0.5532663)
(-18.00479, 86.64117, 3.822161)
(-29.95331, 84.79113, -1.02246)
(-42.43291, 90.54072, -1.28696)
(-69.70496, 144.2958, 1.527896)
(-47.5427, 48.05601, -1.567563)
(-54.32112, 49.75451, 2.139225)
(-84.08837, 48.23606, -6.543976)
(-58.27908, -1.121148, 2.996303)
(-64.76524, -8.276278, 4.006097)
(-109.871, -84.62213, 9.167789)
(-57.86693, -42.83354, 5.250453)
(-78.95457, -88.86184, 8.57955)
(-53.846, -56.71793, 6.998594)
(-115.1822, -169.1974, 15.89144)
(-78.84117, -135.353, 15.53403)
(-54.76106, -101.6201, 10.74963)
(-61.07578, -117.5346, 8.062666)
(-121.0612, -249.5831, 19.68908)
(-47.828, -118.1706, 11.4137)
(-58.57935, -127.1491, 10.79062)
(-85.35389, -167.3002, 6.640623)
(-104.4695, -241.8827, 0.3949563)
(-63.45627, -129.5106, 2.434636)
(-65.53487, -183.5825, 27.34517)
(-96.06544, -222.4498, 45.8012)
(-36.19187, -84.37489, 32.40016)
(-48.30233, -71.57706, 33.16877)
(-68.565, -120.5438, 21.52552)
(-43.81707, -72.62671, 2.591468)
(-28.44957, -64.1675, 4.020535)
(-46.56273, -76.24513, -1.421186)
(-9.995314, -35.1289, -2.76867)
(-10.28115, -44.04363, -3.263174)
