(0.2425672, 5.064921, 5.633771)
(0.2673819, 5.104675, 5.672539)
(0.3612069, 5.37641, 5.575335)
(0.2386318, 5.259322, 5.530472)
(0.1583087, 4.971511, 5.619038)
(0.2949536, 4.881834, 5.515962)
(0.3207209, 4.983284, 5.555043)
(0.2896405, 5.132294, 5.601713)
(0.2734856, 5.121558, 5.599702)
(0.2788735, 5.043541, 5.588864)
(0.2843747, 5.012986, 5.594464)
(0.2819346, 5.015096, 5.600583)
(0.282954, 5.046824, 5.616103)
(0.2829551, 5.055825, 5.622246)
(0.2796755, 5.053485, 5.626443)
(0.2775523, 5.057542, 5.636456)
(0.2704813, 5.069622, 5.650059)
(0.2653697, 5.071569, 5.657439)
(0.2652154, 5.054755, 5.657498)
(0.2634111, 5.046077, 5.660223)
(0.2620327, 5.034128, 5.656273)
(0.260354, 5.034203, 5.658571)
(0.2576721, 5.033887, 5.658926)
(0.2561777, 5.025506, 5.656644)
(0.2555018, 5.012503, 5.652682)
(0.2548726, 5.003664, 5.649189)
(0.2556738, 4.993222, 5.644407)
(0.2572446, 4.988426, 5.641769)
(0.2572237, 4.985787, 5.639956)
(0.2571532, 4.982437, 5.638259)
(0.2565058, 4.982636, 5.636386)
(0.2553188, 4.975596, 5.632792)
(0.2557607, 4.961464, 5.626705)
(0.25595, 4.953082, 5.622149)
(0.2554899, 4.947519, 5.617085)
(0.2561594, 4.943174, 5.611708)
(0.2590594, 4.941971, 5.604093)
(0.2610418, 4.937696, 5.596673)
(0.2639613, 4.939085, 5.587172)
(0.2656967, 4.940762, 5.578171)
(0.2696387, 4.937318, 5.5667)
(0.2756519, 4.934813, 5.551523)
(0.2843281, 4.934466, 5.534597)
(0.294115, 4.944203, 5.514404)
(0.3023509, 4.952471, 5.493989)
(0.3238336, 4.950797, 5.466663)
(0.3429115, 4.948501, 5.44574)
(0.3603758, 4.961864, 5.421124)
(0.3673669, 4.956544, 5.398067)
(0.3736852, 4.918446, 5.366766)
(0.3802568, 4.873985, 5.322221)
(0.386538, 4.861407, 5.291027)
(0.3858895, 4.877584, 5.272735)
(0.3805896, 4.898233, 5.276546)
(0.3851319, 4.888844, 5.289507)
(0.4007888, 4.866658, 5.289577)
(0.4197232, 4.865545, 5.293508)
(0.4022301, 4.885174, 5.296216)
(0.3843857, 4.902208, 5.298059)
(0.362004, 4.908128, 5.30601)
(0.3417443, 4.899287, 5.316659)
(0.3207021, 4.879103, 5.331771)
(0.3063647, 4.853624, 5.334373)
(0.2924149, 4.801059, 5.317698)
(0.265296, 4.755403, 5.335886)
(0.1965967, 4.707035, 5.389106)
(0.1190431, 4.636422, 5.405826)
(0.07952188, 4.580489, 5.414334)
(0.08111468, 4.642389, 5.372371)
(0.1784532, 4.752726, 5.286565)
(0.2518932, 4.848776, 5.233387)
(0.2661366, 4.908458, 5.189404)
(0.2778455, 4.880703, 5.126873)
(0.3180569, 4.882038, 5.037166)
(0.3525055, 4.874178, 4.98336)
(0.3736261, 4.84777, 4.92053)
(0.3629545, 4.823058, 4.853498)
(0.3494609, 4.803526, 4.794474)
(0.3474447, 4.774458, 4.741808)
(0.330139, 4.737261, 4.687297)
(0.3105683, 4.715267, 4.644661)
(0.2985188, 4.707591, 4.611184)
(0.2925128, 4.718944, 4.600926)
(0.294928, 4.728671, 4.594869)
(0.2948393, 4.730198, 4.589312)
(0.2867656, 4.731485, 4.612164)
(0.2840057, 4.728518, 4.638205)
(0.282809, 4.737926, 4.660396)
(0.2858134, 4.750685, 4.675323)
(0.313058, 4.766571, 4.699165)
(0.3696004, 4.814343, 4.758642)
(0.407911, 4.861069, 4.818748)
(0.4325465, 4.90519, 4.885756)
(0.448063, 4.952517, 4.956476)
(0.4655538, 4.994995, 5.018382)
(0.46635, 5.040016, 5.107592)
(0.474816, 5.082061, 5.17181)
(0.4808579, 5.124877, 5.236748)
(0.4763304, 5.160837, 5.308214)
(0.4290897, 5.13196, 5.383198)
(0.4211163, 5.151298, 5.436058)
(0.4100187, 5.165804, 5.484838)
(0.4075109, 5.178701, 5.487712)
(0.4166654, 5.213925, 5.496097)
(0.4122843, 5.235365, 5.520299)
(0.3996859, 5.232453, 5.506424)
(0.3918008, 5.236771, 5.515589)
(0.3840775, 5.249109, 5.533267)
(0.3761844, 5.261214, 5.550721)
(0.3680753, 5.273163, 5.568063)
(0.3699093, 5.195678, 5.429203)
(0.381055, 5.17212, 5.366398)
(0.3775761, 5.169682, 5.354554)
(0.374061, 5.167284, 5.342703)
(0.3407483, 5.011962, 5.297581)
(0.374593, 5.059, 5.301837)
(0.38208, 5.091876, 5.322549)
(0.3592429, 5.100155, 5.325466)
(0.3564872, 5.101542, 5.318835)
(0.3534823, 5.10308, 5.311585)
(0.3140936, 5.093141, 5.363962)
(0.3437241, 5.127795, 5.358496)
(0.343648, 5.135209, 5.35892)
(0.3435689, 5.142651, 5.359344)
(0.3316338, 5.121571, 5.38576)
(0.3287587, 5.143268, 5.399377)
(0.3431303, 5.135507, 5.397415)
(0.3450628, 5.149334, 5.391984)
(0.340929, 5.148801, 5.393167)
(0.3391293, 5.151052, 5.394773)
(0.3336665, 5.140819, 5.405681)
(0.3348161, 5.143244, 5.408503)
(0.3323036, 5.143396, 5.414804)
(0.3295044, 5.142253, 5.420615)
(0.3267151, 5.141097, 5.426415)
(0.3411796, 5.169058, 5.455917)
(0.3417172, 5.165908, 5.465992)
(0.3374283, 5.161951, 5.476234)
(0.3386969, 5.154558, 5.484219)
(0.3329229, 5.1572, 5.493806)
(0.3193387, 5.141585, 5.494243)
(0.3188474, 5.146745, 5.50815)
(0.317146, 5.147923, 5.517899)
(0.3146518, 5.143741, 5.529437)
(0.3100362, 5.137628, 5.53665)
(0.3033269, 5.126499, 5.54524)
(0.2963943, 5.117257, 5.553827)
(0.2898944, 5.113679, 5.561334)
(0.2844186, 5.118592, 5.572609)
(0.2807724, 5.125432, 5.581297)
(0.2782595, 5.127369, 5.590164)
(0.2746796, 5.127499, 5.598555)
(0.2709621, 5.121167, 5.603824)
(0.2689368, 5.116258, 5.612852)
(0.2662944, 5.113523, 5.619911)
(0.2752966, 5.115469, 5.623446)
(0.2729913, 5.118836, 5.62728)
(0.2720711, 5.118378, 5.629746)
(0.273337, 5.113307, 5.627838)
(0.2729589, 5.109802, 5.627899)
(0.2727881, 5.105512, 5.624388)
(0.2721163, 5.104339, 5.620093)
(0.2714318, 5.102059, 5.616233)
(0.2744023, 5.093971, 5.607117)
(0.2767251, 5.083964, 5.595818)
(0.2821635, 5.081957, 5.590665)
(0.2856008, 5.103819, 5.584631)
(0.2869921, 5.125371, 5.578671)
(0.2872243, 5.123043, 5.573626)
(0.2812518, 5.094096, 5.569645)
(0.2833663, 5.105049, 5.56649)
(0.285546, 5.130623, 5.568368)
(0.2831768, 5.116476, 5.56425)
(0.2812711, 5.097392, 5.560031)
(0.2823186, 5.100253, 5.563727)
(0.285257, 5.105699, 5.566527)
(0.2829822, 5.10247, 5.567419)
(0.2795407, 5.100319, 5.57076)
(0.2751241, 5.099649, 5.573951)
(0.2721965, 5.096855, 5.576542)
(0.2694706, 5.089895, 5.577535)
(0.2671095, 5.084686, 5.578868)
(0.2654618, 5.084379, 5.580497)
(0.2644355, 5.086341, 5.581461)
(0.2636903, 5.087179, 5.582054)
(0.2636927, 5.084317, 5.582224)
(0.2632276, 5.082895, 5.582705)
(0.2620247, 5.083842, 5.583072)
(0.2606715, 5.08481, 5.583378)
(0.2602473, 5.084227, 5.582102)
(0.260116, 5.081178, 5.580761)
(0.2600515, 5.080908, 5.579721)
(0.2604591, 5.086023, 5.578923)
(0.260697, 5.089451, 5.577414)
(0.2603452, 5.089034, 5.575299)
(0.2609247, 5.090086, 5.573842)
(0.2613883, 5.090935, 5.572301)
(0.2625583, 5.090526, 5.570701)
(0.2626626, 5.090501, 5.569108)
(0.2625089, 5.090138, 5.567485)
(0.263046, 5.090083, 5.565533)
(0.2636697, 5.091686, 5.564095)
(0.2642157, 5.092822, 5.562831)
(0.2650149, 5.093852, 5.561147)
(0.2661723, 5.097808, 5.559223)
(0.2670543, 5.101057, 5.557038)
(0.2681813, 5.102459, 5.552653)
(0.2693498, 5.102838, 5.548586)
(0.2701428, 5.102267, 5.542866)
(0.2725576, 5.101204, 5.536058)
(0.2746705, 5.099583, 5.530537)
