(-0.1034405, 0.8373111, -2.331363)
(-0.1034045, 0.8372803, -2.331366)
(-0.1033845, 0.8373458, -2.331395)
(-0.1033599, 0.8373406, -2.331363)
(-0.1033599, 0.8373406, -2.331363)
(-0.1032913, 0.8373677, -2.33138)
(-0.1032808, 0.8373886, -2.331446)
(-0.1032197, 0.8373249, -2.331476)
(-0.1034527, 0.8371478, -2.331495)
(-0.1034431, 0.8371514, -2.331547)
(-0.1034274, 0.8372169, -2.331519)
(-0.1034026, 0.8372378, -2.331518)
(-0.1033814, 0.8372381, -2.331527)
(-0.1034181, 0.8372724, -2.331521)
(-0.1032608, 0.8374029, -2.331512)
(-0.1032341, 0.837411, -2.331523)
(-0.1033704, 0.8374763, -2.331486)
(-0.103369, 0.8374971, -2.331486)
(-0.1033461, 0.837459, -2.331342)
(-0.1032412, 0.8374251, -2.331353)
(-0.1032226, 0.8374649, -2.331342)
(-0.1032159, 0.8374777, -2.331325)
(-0.1031966, 0.8374835, -2.331317)
(-0.1032083, 0.8374239, -2.331287)
(-0.103205, 0.8374569, -2.331311)
(-0.1033952, 0.837419, -2.331333)
(-0.1034942, 0.8372983, -2.331289)
(-0.1035175, 0.8373445, -2.331449)
(-0.1035721, 0.8373841, -2.33143)
(-0.1035478, 0.8374393, -2.331437)
(-0.1035645, 0.8374518, -2.331464)
(-0.1035376, 0.8373966, -2.331472)
(-0.1034882, 0.8373836, -2.331439)
(-0.1034832, 0.8374017, -2.331483)
(-0.1036084, 0.8372655, -2.331565)
(-0.1036799, 0.8372008, -2.331561)
(-0.103698, 0.8371757, -2.331524)
(-0.1036937, 0.8371296, -2.331527)
(-0.1036642, 0.837173, -2.331566)
(-0.1036861, 0.837172, -2.331501)
(-0.1037135, 0.8371773, -2.331508)
(-0.1036663, 0.8372056, -2.331518)
(-0.103662, 0.8372051, -2.331578)
(-0.1036711, 0.8371775, -2.331599)
(-0.1037455, 0.8370948, -2.33158)
(-0.1037517, 0.8370889, -2.331578)
(-0.1036949, 0.8371248, -2.331555)
(-0.1035993, 0.8372327, -2.331569)
(-0.1035907, 0.8372118, -2.331528)
(-0.1036322, 0.8372734, -2.331515)
(-0.1035519, 0.8373145, -2.331495)
(-0.1035411, 0.8373538, -2.331549)
(-0.1035268, 0.8373218, -2.331569)
(-0.1036413, 0.8372427, -2.331593)
(-0.1036506, 0.8372507, -2.331578)
(-0.1036742, 0.8372623, -2.33157)
(-0.1035361, 0.8373711, -2.331562)
(-0.1035302, 0.8373799, -2.33161)
(-0.1035039, 0.8373443, -2.331617)
(-0.103339, 0.8373836, -2.331583)
(-0.1033213, 0.8373893, -2.331473)
(-0.1033199, 0.8373997, -2.331465)
(-0.103354, 0.8374194, -2.331515)
(-0.1033318, 0.8374426, -2.331506)
(-0.1033359, 0.8374573, -2.331479)
(-0.1032214, 0.837502, -2.331445)
(-0.1031992, 0.8375013, -2.331404)
(-0.1031811, 0.837497, -2.331376)
(-0.1032536, 0.8374521, -2.331411)
(-0.1032093, 0.8375088, -2.33139)
(-0.1031814, 0.8374883, -2.331379)
(-0.1034451, 0.8372961, -2.331398)
(-0.10344, 0.8372931, -2.331355)
(-0.1034286, 0.8372824, -2.33134)
(-0.1035154, 0.8372887, -2.331368)
(-0.1035144, 0.8372983, -2.331397)
(-0.1035442, 0.8373065, -2.331377)
(-0.1034133, 0.8373603, -2.331321)
(-0.1034539, 0.8373226, -2.331367)
(-0.1034653, 0.8373251, -2.331355)
(-0.1035666, 0.8372746, -2.331365)
(-0.1035724, 0.8373039, -2.331436)
(-0.103606, 0.8373339, -2.331392)
(-0.1037662, 0.8372612, -2.331401)
(-0.1037643, 0.8372608, -2.331425)
(-0.1038001, 0.8372753, -2.331403)
(-0.1035638, 0.8373376, -2.331341)
(-0.1034987, 0.8374085, -2.331377)
(-0.1034665, 0.8373603, -2.331408)
(-0.1035378, 0.8373762, -2.331414)
(-0.1035225, 0.8373759, -2.331434)
(-0.1034386, 0.8372685, -2.331493)
(-0.1032486, 0.837358, -2.331439)
(-0.1032274, 0.8373516, -2.331435)
(-0.1033962, 0.8372939, -2.331478)
(-0.1034827, 0.8371761, -2.331473)
(-0.1034634, 0.8371644, -2.331501)
(-0.1033974, 0.837255, -2.331412)
(-0.1033046, 0.8373246, -2.331425)
(-0.1032755, 0.8373176, -2.33144)
(-0.1033208, 0.8373824, -2.331408)
(-0.1034, 0.8373203, -2.331425)
(-0.103399, 0.8373362, -2.331423)
(-0.1033943, 0.8373331, -2.331428)
(-0.1035166, 0.8372064, -2.331421)
(-0.1035078, 0.8372096, -2.331418)
(-0.1035717, 0.8372678, -2.33138)
(-0.1034825, 0.8372974, -2.331353)
(-0.1034751, 0.8373382, -2.331447)
(-0.1035111, 0.8373677, -2.331431)
(-0.1034231, 0.8373493, -2.331417)
(-0.1033909, 0.8374301, -2.331452)
(-0.1034131, 0.8374573, -2.331432)
(-0.1033435, 0.8374746, -2.33143)
(-0.1032808, 0.8375218, -2.331374)
(-0.1032577, 0.8375012, -2.331401)
(-0.1033208, 0.8374617, -2.331407)
(-0.1033206, 0.8374897, -2.331394)
(-0.1032712, 0.8374221, -2.331435)
(-0.103261, 0.8374372, -2.331444)
(-0.1032529, 0.8374264, -2.331385)
(-0.1032848, 0.837472, -2.331332)
(-0.1033092, 0.8374763, -2.331348)
(-0.1034367, 0.8373729, -2.331378)
(-0.103405, 0.8373286, -2.331405)
(-0.1034451, 0.8372899, -2.331419)
(-0.1034749, 0.8372499, -2.331416)
(-0.1035361, 0.8372835, -2.331383)
