0.3429316
0.2757918
0.262007
0.2314203
0.2160643
0.2040318
0.1906092
0.1885815
0.1706598
0.1553129
0.1524164
0.148876
0.1410761
0.1328726
0.1111149
0.1092151
0.1203702
0.0925349
0.08835286
0.07615723
0.07570795
0.07386029
0.06381901
0.0585356
0.04858902
0.03692482
0.0298481
0.0252366
0.1448655
0.2227222
0.2254964
0.2212273
0.2199513
0.2236647
0.2264064
0.2291779
0.2299007
0.09383921
0.04072694
0.03931618
0.04519742
0.04731416
0.0472932
0.05178812
0.04566086
0.03741837
0.03121411
0.02166456
0.007999093
0.0129522
0.02085534
0.02892103
0.04148587
0.03824219
0.03880604
0.0541193
0.06259442
0.07173184
0.08562547
MSE 0.1140864
total_moving_Distance 0.6026641