0.7773997
0.7292713
0.7087094
0.6631618
0.6526294
0.6417103
0.600216
0.5588072
0.5578492
0.5459388
0.5334416
0.5196967
0.494451
0.4626274
0.4434609
0.431797
0.3408843
0.297001
0.3007025
0.2754397
0.2412695
0.2079184
0.1392214
0.1952202
0.1954761
0.1980103
0.1978747
0.1995874
0.2055885
0.2081659
0.2085588
0.2080582
0.205997
0.2090951
0.2045871
0.2017034
0.2043449
0.2032914
0.2062951
0.2088212
0.2010343
0.1408167
0.1426859
0.1396946
0.1381451
0.142417
0.1449747
0.1448522
0.1440907
0.1511834
0.1504127
0.1497905
0.1461558
0.1447475
0.143141
0.1468271
0.1465503
0.1468488
0.1525505
0.1526432
0.1546839
0.1567441
0.1548234
0.1563065
0.159731
0.1645431
0.1697668
0.1670321
0.1507284
0.2085607
0.2099192
0.2119366
0.2109136
0.2105178
0.2137267
0.2137282
0.2135467
0.1651424
0.06574491
0.06720177
0.06408916
0.06553005
0.07009447
0.07778865
0.07710908
0.07996742
0.08663116
0.0917793
0.09452081
0.1015845
MSE 0.2420915
total_moving_Distance 0.794171