(-0.01850522, 1.418174, 0.7013426)
(-0.01940036, 1.418183, 0.7009407)
(-0.02031171, 1.418153, 0.700647)
(-0.02138889, 1.418116, 0.7002772)
(-0.02228129, 1.418193, 0.6998813)
(-0.02325797, 1.41812, 0.6996963)
(-0.02447975, 1.418228, 0.6992943)
(-0.02560461, 1.418421, 0.6990354)
(-0.02700222, 1.418505, 0.6987058)
(-0.02829039, 1.418661, 0.6984924)
(-0.0297507, 1.418679, 0.6981689)
(-0.03129005, 1.418829, 0.6978335)
(-0.03291178, 1.419033, 0.6975919)
(-0.03468955, 1.419303, 0.6973652)
(-0.03621328, 1.419405, 0.6973011)
(-0.0380553, 1.419694, 0.6971358)
(-0.03989708, 1.41996, 0.6968101)
(-0.04206443, 1.420312, 0.696502)
(-0.04420328, 1.420528, 0.6963365)
(-0.04632187, 1.420645, 0.6960759)
(-0.04840124, 1.42064, 0.6959701)
(-0.05049622, 1.420607, 0.6957773)
(-0.05265868, 1.420659, 0.695833)
(-0.05480194, 1.420748, 0.6955603)
(-0.05684721, 1.420612, 0.695348)
(-0.05871296, 1.420706, 0.6952993)
(-0.06083322, 1.420496, 0.6951212)
(-0.06300008, 1.420196, 0.6950355)
(-0.06508756, 1.419593, 0.6950884)
(-0.06709027, 1.419196, 0.6952465)
(-0.06933236, 1.418648, 0.6954284)
(-0.07163393, 1.418379, 0.6954333)
(-0.07370114, 1.418291, 0.6956167)
(-0.07569873, 1.418478, 0.6955669)
(-0.07760584, 1.418581, 0.6954948)
(-0.07922387, 1.418583, 0.6955619)
(-0.08060122, 1.418743, 0.6954466)
(-0.08218431, 1.419033, 0.695321)
(-0.08338571, 1.41945, 0.6950891)
(-0.08484125, 1.42008, 0.694555)
(-0.08612764, 1.420726, 0.6938678)
(-0.08713102, 1.42127, 0.6934438)
(-0.08822525, 1.422076, 0.6929033)
(-0.08913803, 1.422827, 0.6925931)
(-0.089867, 1.423672, 0.6922308)
(-0.09066486, 1.424399, 0.6918114)
(-0.09118164, 1.425308, 0.6913515)
(-0.09169257, 1.426119, 0.6910324)
(-0.09205806, 1.427129, 0.6905588)
(-0.09263659, 1.428042, 0.6899244)
(-0.09279585, 1.428912, 0.689368)
(-0.09294128, 1.4297, 0.6887385)
(-0.09292078, 1.430418, 0.6880143)
(-0.09307337, 1.431041, 0.6870565)
(-0.09321773, 1.431448, 0.6861787)
(-0.09323466, 1.431527, 0.6850799)
(-0.0933708, 1.431547, 0.6839077)
(-0.09345651, 1.431248, 0.6828177)
(-0.09345114, 1.430769, 0.6819561)
(-0.09368551, 1.429835, 0.6808568)
(-0.09394133, 1.428899, 0.6797501)
(-0.09374082, 1.427881, 0.6787525)
(-0.09382701, 1.426582, 0.6774685)
(-0.09378421, 1.425245, 0.6762445)
(-0.09378171, 1.423588, 0.6750076)
(-0.09393144, 1.421724, 0.6736219)
(-0.09413254, 1.419616, 0.6722658)
(-0.09421885, 1.417438, 0.6710767)
(-0.09451115, 1.414858, 0.6697464)
(-0.0946492, 1.412469, 0.6684047)
(-0.09474981, 1.410008, 0.6668806)
(-0.0948056, 1.40752, 0.6656137)
(-0.09488416, 1.405162, 0.6643256)
(-0.09502661, 1.402864, 0.663065)
(-0.09505546, 1.400555, 0.6619492)
(-0.09534466, 1.398251, 0.660897)
(-0.09552681, 1.395779, 0.6595234)
(-0.09569371, 1.393497, 0.6587107)
(-0.09605312, 1.391257, 0.6575458)
(-0.09626448, 1.38954, 0.6565063)
(-0.09632015, 1.388098, 0.6556489)
(-0.0963006, 1.386876, 0.6546335)
(-0.09646714, 1.385333, 0.653083)
(-0.09599066, 1.384083, 0.651792)
(-0.09583044, 1.382759, 0.6503134)
(-0.09555674, 1.381242, 0.6484084)
(-0.09493363, 1.380068, 0.646575)
(-0.09454191, 1.378875, 0.6446836)
(-0.09358418, 1.377969, 0.6423659)
(-0.09240818, 1.377359, 0.6398371)
(-0.09108388, 1.376916, 0.6371258)
(-0.08996141, 1.376279, 0.6345775)
(-0.08843565, 1.375554, 0.6315892)
(-0.08707952, 1.3746, 0.6283721)
(-0.08535302, 1.373586, 0.6246005)
(-0.08374798, 1.37284, 0.6208109)
(-0.08216655, 1.37216, 0.6171204)
(-0.08067131, 1.371445, 0.612895)
(-0.07891631, 1.370444, 0.6084859)
(-0.07736599, 1.36936, 0.6036944)
(-0.07558477, 1.368155, 0.5986845)
(-0.07401538, 1.366972, 0.5933208)
(-0.07206118, 1.365937, 0.5884831)
(-0.06991589, 1.364574, 0.5823877)
(-0.06792259, 1.363329, 0.5770652)
(-0.06589651, 1.362175, 0.5711737)
(-0.06369734, 1.360969, 0.5648535)
(-0.06179023, 1.359854, 0.558581)
(-0.05943453, 1.358332, 0.5518284)
(-0.05709875, 1.356928, 0.5454726)
(-0.05457854, 1.355109, 0.538631)
(-0.0520649, 1.353384, 0.5319153)
(-0.04907763, 1.351221, 0.5242007)
(-0.04624569, 1.349144, 0.5166575)
(-0.04332376, 1.347124, 0.5093735)
(-0.04029047, 1.344888, 0.5016264)
(-0.03725684, 1.342868, 0.4936762)
(-0.03411901, 1.340869, 0.4857851)
(-0.03086495, 1.339014, 0.4779001)
(-0.02719367, 1.337311, 0.4700994)
(-0.02359843, 1.335681, 0.4619883)
(-0.01908338, 1.334581, 0.4531898)
(-0.01475561, 1.334368, 0.4450473)
(-0.01092076, 1.334318, 0.436632)
(-0.006657124, 1.336371, 0.4282364)
(-0.001423478, 1.339796, 0.4200904)
(0.003777385, 1.344575, 0.4109305)
(0.009581804, 1.349952, 0.4019716)
(0.01635337, 1.359147, 0.3926158)
(0.02166915, 1.367475, 0.3826916)
(0.02609038, 1.378219, 0.3701396)
(0.03215289, 1.389002, 0.3598037)
(0.03794074, 1.400365, 0.34863)
(0.04412556, 1.413218, 0.3366966)
(0.050542, 1.42631, 0.3262486)
(0.05596721, 1.439838, 0.3157082)
(0.06151044, 1.452538, 0.3055704)
(0.06630063, 1.46463, 0.2968824)
(0.0716722, 1.47561, 0.2898757)
(0.07772112, 1.487481, 0.2808738)
(0.08174229, 1.500892, 0.2719805)
(0.08690464, 1.513919, 0.2648659)
(0.09117734, 1.525698, 0.2576861)
(0.09468913, 1.537576, 0.2498899)
(0.09852993, 1.547762, 0.2429159)
(0.1027404, 1.558323, 0.2366629)
(0.1058632, 1.568133, 0.2302985)
(0.1095976, 1.578311, 0.2252223)
(0.1125271, 1.589208, 0.2197835)
(0.1145748, 1.599899, 0.2143948)
(0.1169882, 1.609735, 0.2097909)
(0.1193476, 1.619273, 0.2050481)
(0.1209534, 1.62837, 0.2009296)
(0.1221639, 1.637473, 0.197015)
(0.1228522, 1.646713, 0.1931937)
(0.1238012, 1.656578, 0.1894813)
(0.1245415, 1.666517, 0.1865215)
(0.1249236, 1.677025, 0.1828039)
(0.1255127, 1.6865, 0.1800959)
(0.1257201, 1.695574, 0.1772556)
(0.1253315, 1.704064, 0.1739056)
(0.1251588, 1.712399, 0.1710701)
(0.1249965, 1.720469, 0.1683848)
(0.1249397, 1.728719, 0.1656644)
(0.1249703, 1.736906, 0.1627944)
(0.1251165, 1.74483, 0.1602328)
(0.1247017, 1.752941, 0.1576316)
(0.1239141, 1.760218, 0.1550801)
(0.1227318, 1.767248, 0.1528654)
(0.1217139, 1.774535, 0.1506984)
(0.1201802, 1.781498, 0.1485729)
(0.1187828, 1.788149, 0.1464896)
(0.1173972, 1.794382, 0.1441886)
(0.1162286, 1.800459, 0.1422777)
(0.1150229, 1.805952, 0.1407146)
(0.1135783, 1.811683, 0.1389883)
(0.112408, 1.816648, 0.1378675)
(0.1112053, 1.821684, 0.1367879)
(0.1101658, 1.826835, 0.1363611)
(0.1089312, 1.832006, 0.1352463)
(0.1077219, 1.836644, 0.1345282)
(0.1064988, 1.841275, 0.1340327)
(0.1054929, 1.845042, 0.1337454)
(0.1040691, 1.848207, 0.133209)
(0.1027433, 1.851486, 0.1328568)
(0.101662, 1.854087, 0.1325579)
(0.1007038, 1.856517, 0.1322205)
(0.09976077, 1.859035, 0.1322157)
(0.09856069, 1.86097, 0.1318316)
(0.09730577, 1.862579, 0.1317575)
(0.09624493, 1.864519, 0.1320262)
(0.09485972, 1.86687, 0.1318555)
(0.09342515, 1.869492, 0.1320255)
(0.09192693, 1.872716, 0.1326509)
(0.09096348, 1.87528, 0.1335037)
(0.08959007, 1.877826, 0.133858)
(0.08801091, 1.879935, 0.134131)
(0.08730721, 1.88125, 0.135052)
(0.08603811, 1.88274, 0.1353209)
(0.08487296, 1.883828, 0.1357093)
(0.08395541, 1.884052, 0.1361263)
(0.08286119, 1.883744, 0.1363778)
(0.08202446, 1.882951, 0.1371167)
(0.08077323, 1.882208, 0.1368365)
(0.07986462, 1.880054, 0.136467)
(0.07938111, 1.878971, 0.1372111)
(0.07819664, 1.877125, 0.1370649)
(0.07700372, 1.875289, 0.1369607)
(0.07644308, 1.874024, 0.137897)
(0.07530868, 1.872159, 0.1378434)
(0.07402074, 1.870124, 0.137598)
(0.07281637, 1.868749, 0.1368642)
(0.07223964, 1.867848, 0.1369612)
(0.07091367, 1.868334, 0.1361437)
(0.06969583, 1.868311, 0.135967)
(0.06906748, 1.868244, 0.1367247)
(0.06783319, 1.868258, 0.1366026)
(0.06628394, 1.867763, 0.135947)
(0.06570113, 1.867166, 0.1367676)
(0.06442738, 1.866562, 0.1369622)
(0.06303191, 1.86534, 0.1371164)
(0.06195676, 1.864149, 0.1374843)
(0.06093538, 1.863189, 0.1376362)
(0.0601095, 1.862544, 0.1379943)
(0.05877185, 1.862362, 0.1378403)
(0.05746007, 1.862176, 0.1378539)
(0.05617821, 1.861771, 0.1380968)
(0.05508292, 1.861187, 0.1383133)
(0.05410719, 1.860515, 0.1383452)
(0.05347633, 1.859911, 0.1387339)
(0.05274892, 1.859642, 0.1387122)
(0.05200183, 1.859392, 0.138968)
(0.05147481, 1.859055, 0.1393178)
(0.05093944, 1.858741, 0.1396143)
(0.05022717, 1.858331, 0.1399848)
(0.05009663, 1.857908, 0.1401105)
(0.04998958, 1.857638, 0.1403956)
(0.04998982, 1.857431, 0.1406264)
(0.0505203, 1.857221, 0.1412306)
(0.05084503, 1.856763, 0.1415677)
(0.05125928, 1.85613, 0.1417782)
(0.05175519, 1.855705, 0.1423039)
(0.05209887, 1.855523, 0.1421723)
(0.05262053, 1.855327, 0.1423242)
(0.05299103, 1.854902, 0.1423717)
(0.05338943, 1.854652, 0.1425738)
(0.05369723, 1.854302, 0.1426604)
(0.053949, 1.853722, 0.1426823)
(0.05417919, 1.853411, 0.1428046)
(0.05466306, 1.853108, 0.1428165)
(0.05517924, 1.852862, 0.1429145)
(0.05536282, 1.85273, 0.1428778)
(0.05566812, 1.852487, 0.1429451)
(0.05597806, 1.852249, 0.1432528)
(0.05632246, 1.851999, 0.1434956)
(0.05648553, 1.851822, 0.1436226)
(0.05693066, 1.851699, 0.1437604)
(0.05719829, 1.85168, 0.1437187)
(0.05749083, 1.851619, 0.1435552)
(0.05786431, 1.851502, 0.1436052)
(0.05818796, 1.851204, 0.1436431)
(0.05825722, 1.850771, 0.1435814)
(0.05862844, 1.850258, 0.1436827)
(0.05893338, 1.849778, 0.1435189)
(0.05926239, 1.849333, 0.1433127)
(0.05982423, 1.848837, 0.1433458)
(0.06038284, 1.848244, 0.1432331)
(0.06092715, 1.847317, 0.142967)
(0.06159914, 1.846535, 0.1429236)
(0.06243742, 1.845457, 0.1428163)
(0.06303811, 1.844392, 0.1423819)
(0.06402409, 1.843342, 0.1420379)
(0.06490493, 1.842101, 0.1416578)
(0.06578457, 1.840799, 0.1411211)
(0.06658018, 1.839207, 0.1407752)
(0.06727529, 1.837286, 0.1399848)
(0.06770515, 1.834976, 0.1395118)
(0.06832516, 1.83262, 0.139075)
(0.06854677, 1.830598, 0.1381116)
(0.06897187, 1.828237, 0.1376624)
(0.06975889, 1.825959, 0.1373746)
(0.07026505, 1.823413, 0.1369798)
(0.07054603, 1.820415, 0.1363785)
(0.07107043, 1.817582, 0.13589)
(0.07155287, 1.814308, 0.1356671)
(0.07195854, 1.81116, 0.1351478)
(0.07244265, 1.808233, 0.1348832)
(0.07284033, 1.805426, 0.1346152)
(0.0731914, 1.802453, 0.1342714)
(0.07359767, 1.798914, 0.1339748)
(0.07383084, 1.795476, 0.1337025)
(0.07414019, 1.791957, 0.1333978)
(0.07413411, 1.788239, 0.1332171)
(0.0741545, 1.784967, 0.1331847)
(0.07407594, 1.78167, 0.1334181)
(0.07425272, 1.778436, 0.133703)
(0.07473135, 1.774786, 0.1344531)
(0.07493365, 1.770969, 0.1348734)
(0.07522094, 1.766651, 0.1352334)
(0.07552302, 1.762711, 0.1361206)
(0.07560432, 1.759061, 0.1370437)
(0.07583857, 1.755609, 0.1381307)
(0.07599306, 1.752059, 0.1390684)
(0.07597363, 1.748409, 0.140317)
(0.07597101, 1.744454, 0.1412501)
(0.07615912, 1.740304, 0.1427467)
(0.07632542, 1.735831, 0.1441901)
(0.07654881, 1.730942, 0.1460028)
(0.07679951, 1.725751, 0.1478519)
(0.07700324, 1.720854, 0.149714)
(0.07739305, 1.716172, 0.1518629)
(0.07764864, 1.711118, 0.1539156)
(0.07791233, 1.705797, 0.1561162)
(0.0785073, 1.700562, 0.158664)
(0.07894886, 1.694375, 0.1612048)
(0.07922733, 1.687853, 0.1638949)
(0.0791688, 1.68035, 0.1671035)
(0.07896292, 1.673644, 0.1699681)
(0.07882345, 1.666939, 0.1731915)
(0.07887399, 1.660269, 0.176667)
(0.07878256, 1.652899, 0.1799505)
(0.07881892, 1.64516, 0.1834767)
(0.07881284, 1.637637, 0.1871285)
(0.07867897, 1.629945, 0.1912816)
(0.07864308, 1.622573, 0.1951573)
(0.07820606, 1.614632, 0.1997166)
(0.07773435, 1.607212, 0.204536)
(0.07720816, 1.599517, 0.2093282)
(0.07647586, 1.591276, 0.2138238)
(0.0757916, 1.582835, 0.2189469)
(0.07482398, 1.574246, 0.2243135)
(0.07394612, 1.565851, 0.2296317)
(0.07299125, 1.55742, 0.2355855)
(0.07197869, 1.548943, 0.2413931)
(0.07078254, 1.539306, 0.2479732)
(0.06982529, 1.530223, 0.2541137)
(0.06863701, 1.519868, 0.260983)
(0.06712151, 1.509435, 0.2671661)
(0.06551659, 1.498724, 0.2740834)
(0.06422961, 1.487879, 0.2813654)
(0.0634023, 1.477671, 0.2890401)
(0.06263757, 1.467157, 0.2964594)
(0.06183267, 1.456456, 0.3040931)
(0.06127739, 1.444597, 0.3132405)
(0.0605725, 1.432983, 0.3214595)
(0.05945492, 1.42115, 0.3295391)
(0.05891383, 1.408926, 0.3376951)
(0.05835629, 1.396737, 0.3458247)
(0.05738044, 1.384213, 0.354748)
(0.05646348, 1.37142, 0.3633509)
(0.05526519, 1.358056, 0.373059)
(0.05375576, 1.34439, 0.3824971)
(0.05175388, 1.330479, 0.3916008)
(0.05030739, 1.318128, 0.4010677)
(0.04849827, 1.306358, 0.4096262)
(0.04664397, 1.295336, 0.4170742)
(0.0450139, 1.285619, 0.4253942)
(0.04264009, 1.275656, 0.4332938)
(0.03974235, 1.266128, 0.4413909)
(0.03806651, 1.258154, 0.4499863)
(0.03670835, 1.251938, 0.4586622)
(0.03497744, 1.244223, 0.4678217)
(0.03373766, 1.237644, 0.476415)
(0.03216147, 1.229794, 0.4849356)
(0.0305835, 1.221942, 0.4934587)
(0.03127575, 1.243702, 0.501528)
(0.03018367, 1.243887, 0.5107678)
(0.02696276, 1.238954, 0.5211359)
(0.02554476, 1.239626, 0.5265647)
(0.02193093, 1.242413, 0.5342486)
(0.02015615, 1.246083, 0.54424)
(0.0169704, 1.25037, 0.5514243)
(0.01538789, 1.255064, 0.5602412)
(0.01303697, 1.259145, 0.5680176)
(0.01043499, 1.263757, 0.5757444)
(0.008304358, 1.269094, 0.5836449)
(0.007021666, 1.275187, 0.5929263)
(0.00486052, 1.282334, 0.5997664)
(0.002960682, 1.289074, 0.606986)
(0.00146091, 1.296644, 0.6152083)
(-0.0006198883, 1.303901, 0.6214045)
(-0.002328753, 1.310565, 0.6282972)
(-0.003582716, 1.317769, 0.6353638)
(-0.004859447, 1.325103, 0.6415287)
(-0.005855203, 1.331996, 0.6477557)
(-0.006641746, 1.339016, 0.6543196)
(-0.007699847, 1.345684, 0.6598618)
(-0.008649826, 1.351961, 0.6656258)
(-0.009705663, 1.358551, 0.6720814)
(-0.0113554, 1.364666, 0.6770104)
(-0.01258612, 1.370188, 0.6822881)
(-0.01356995, 1.375988, 0.6880448)
(-0.01510012, 1.381329, 0.6931088)
(-0.01656878, 1.386111, 0.6985724)
(-0.01828051, 1.391326, 0.7044238)
(-0.02140653, 1.396307, 0.7098525)
(-0.02451885, 1.401264, 0.7157034)
(-0.02786684, 1.406907, 0.721821)
(-0.03069878, 1.411669, 0.7278134)
(-0.03304982, 1.416198, 0.7335522)
(-0.03541887, 1.420043, 0.7382975)
(-0.03751075, 1.423431, 0.7433128)
(-0.03954542, 1.426537, 0.7478999)
(-0.04193807, 1.429571, 0.7526757)
(-0.04424691, 1.431782, 0.757138)
(-0.04696679, 1.433539, 0.761268)
(-0.04954243, 1.435361, 0.7664062)
(-0.05184162, 1.436244, 0.7707146)
(-0.05460334, 1.43703, 0.7744746)
(-0.05703473, 1.438366, 0.7786078)
(-0.05995786, 1.439494, 0.7822506)
(-0.06289673, 1.440456, 0.7857112)
(-0.0656333, 1.441783, 0.7890911)
(-0.0682981, 1.44321, 0.7925103)
(-0.07082117, 1.444661, 0.7956736)
(-0.0736593, 1.445991, 0.7990768)
(-0.07582402, 1.446815, 0.8025012)
(-0.07783675, 1.447374, 0.8050747)
(-0.08023846, 1.44767, 0.8075751)
(-0.08219814, 1.447852, 0.8102036)
(-0.08420384, 1.44775, 0.8127236)
(-0.08636081, 1.448288, 0.8147137)
(-0.08857512, 1.449419, 0.816839)
(-0.09093428, 1.451008, 0.8191092)
(-0.09386361, 1.452113, 0.8215638)
(-0.09661317, 1.452517, 0.8237987)
(-0.09931755, 1.452802, 0.8255033)
(-0.1021901, 1.45289, 0.8273715)
(-0.1047242, 1.452639, 0.8286575)
(-0.107347, 1.452952, 0.8302685)
(-0.1094291, 1.454437, 0.8323668)
(-0.1118652, 1.455438, 0.8344558)
(-0.1144675, 1.456431, 0.8373083)
(-0.1173446, 1.457, 0.8391712)
(-0.1197954, 1.45742, 0.8413851)
(-0.1222401, 1.457659, 0.8435087)
(-0.1246558, 1.458072, 0.8453758)
(-0.1271005, 1.458398, 0.8481421)
(-0.1301731, 1.459324, 0.8507906)
(-0.1330854, 1.460006, 0.8533727)
(-0.1359355, 1.460436, 0.8561727)
(-0.1387714, 1.460337, 0.8588188)
(-0.1410758, 1.460103, 0.8608731)
(-0.1431787, 1.46005, 0.8628769)
(-0.1454082, 1.460226, 0.8647814)
(-0.1473875, 1.460711, 0.8672647)
(-0.1491531, 1.461616, 0.8693663)
(-0.1509464, 1.462141, 0.8713858)
(-0.1521825, 1.462087, 0.8734415)
(-0.1532593, 1.461594, 0.8750446)
(-0.154074, 1.46087, 0.8756766)
(-0.1543992, 1.460062, 0.8764706)
(-0.1542476, 1.459458, 0.8768576)
(-0.1544197, 1.45918, 0.8771391)
(-0.1542478, 1.459467, 0.8783072)
(-0.1535197, 1.459809, 0.8791882)
(-0.1526488, 1.460019, 0.8798146)
(-0.151787, 1.460509, 0.879993)
(-0.150648, 1.460769, 0.8804264)
(-0.1490054, 1.461449, 0.8806121)
(-0.1473535, 1.462119, 0.8807095)
(-0.1453726, 1.462614, 0.8808756)
(-0.1433021, 1.463096, 0.880873)
(-0.1414887, 1.463502, 0.8807039)
(-0.139316, 1.463769, 0.8807302)
(-0.1372764, 1.464051, 0.8806114)
(-0.135317, 1.464467, 0.8799715)
(-0.1334823, 1.465085, 0.8797762)
(-0.131389, 1.465873, 0.8796189)
(-0.1296229, 1.466527, 0.8796146)
(-0.1279185, 1.466699, 0.8791072)
(-0.1260755, 1.466809, 0.8787999)
(-0.1245362, 1.466758, 0.8782381)
(-0.1230603, 1.466862, 0.8777871)
(-0.1212281, 1.466895, 0.877351)
(-0.1195976, 1.46712, 0.8769485)
(-0.1180094, 1.467455, 0.8764584)
(-0.1161743, 1.467684, 0.8758466)
(-0.1147622, 1.468221, 0.8755347)
(-0.1130813, 1.468534, 0.8752725)
(-0.111369, 1.469051, 0.8749423)
(-0.1097955, 1.469419, 0.8742478)
(-0.108206, 1.469884, 0.8737557)
(-0.1063997, 1.47032, 0.8731784)
(-0.1044893, 1.470834, 0.8728827)
(-0.1024134, 1.471085, 0.872504)
(-0.1002442, 1.471506, 0.871941)
(-0.09834981, 1.471597, 0.8710953)
(-0.09641945, 1.472012, 0.8704339)
(-0.09429109, 1.472301, 0.8698345)
(-0.09241164, 1.472446, 0.8690728)
(-0.09033298, 1.472839, 0.8683563)
(-0.0882318, 1.473062, 0.8676814)
(-0.0861001, 1.473253, 0.8668723)
(-0.08392358, 1.473574, 0.866158)
(-0.08154285, 1.473813, 0.865245)
(-0.07948101, 1.474091, 0.8646019)
(-0.07725823, 1.474398, 0.8638853)
(-0.07495892, 1.474672, 0.8630645)
(-0.07258165, 1.475021, 0.861989)
(-0.07022882, 1.475203, 0.8611804)
(-0.06782746, 1.475438, 0.8601786)
(-0.06556094, 1.47563, 0.8589834)
(-0.06318438, 1.475958, 0.8579382)
(-0.06047225, 1.476327, 0.8566167)
(-0.05814731, 1.476658, 0.8555521)
(-0.0555656, 1.476888, 0.8544677)
(-0.05291533, 1.477141, 0.8532413)
(-0.05047321, 1.477433, 0.8523315)
(-0.04797423, 1.477759, 0.8511362)
(-0.04551148, 1.478024, 0.8498715)
(-0.04313064, 1.47831, 0.8486929)
(-0.04063499, 1.478629, 0.8474365)
(-0.03768241, 1.47886, 0.8461324)
(-0.03527975, 1.478709, 0.8446422)
(-0.03264368, 1.478609, 0.843534)
(-0.03008425, 1.478638, 0.8422766)
(-0.02761757, 1.478627, 0.8410612)
(-0.02538431, 1.478681, 0.8396523)
(-0.02320993, 1.478305, 0.8383092)
(-0.02094615, 1.477966, 0.8368504)
(-0.01873028, 1.478038, 0.8354658)
(-0.01613772, 1.478325, 0.8341872)
(-0.01366782, 1.478592, 0.832991)
(-0.0112443, 1.479144, 0.8320911)
(-0.008615971, 1.47959, 0.8310105)
(-0.006497741, 1.479656, 0.8297292)
(-0.004197836, 1.47968, 0.8286414)
(-0.002075553, 1.479623, 0.8274629)
(0.0001916885, 1.479708, 0.8265277)
(0.002312183, 1.479806, 0.8253833)
(0.004636884, 1.479788, 0.8242452)
(0.006803036, 1.47976, 0.823421)
(0.008856893, 1.479765, 0.8224145)
(0.01085544, 1.479624, 0.821504)
(0.01266921, 1.479524, 0.8206084)
(0.01458538, 1.479523, 0.8197746)
(0.01619005, 1.479604, 0.8189924)
(0.01759446, 1.479482, 0.8179243)
(0.01903856, 1.479591, 0.8170636)
(0.02074242, 1.479539, 0.8161467)
(0.02201521, 1.479287, 0.8151034)
(0.02334774, 1.479007, 0.8142687)
(0.02472162, 1.478709, 0.8133647)
(0.02582085, 1.478356, 0.8123329)
(0.02701223, 1.478168, 0.8114862)
(0.02810073, 1.477948, 0.8107082)
(0.02926815, 1.477917, 0.8100997)
(0.03034925, 1.47778, 0.80937)
(0.03124857, 1.477595, 0.8087286)
(0.03198671, 1.477241, 0.807855)
(0.03274012, 1.477101, 0.8074297)
(0.03366482, 1.476952, 0.8069315)
(0.03423238, 1.476989, 0.8065935)
(0.03478205, 1.476945, 0.8063872)
(0.03479016, 1.477215, 0.8063456)
(0.03425407, 1.4774, 0.8064237)
(0.03358364, 1.477692, 0.8069093)
(0.03242671, 1.478096, 0.8075094)
(0.03125131, 1.478393, 0.8078834)
(0.02902865, 1.478763, 0.8091586)
(0.02658761, 1.479147, 0.8108566)
(0.02430832, 1.479445, 0.8120024)
(0.02183092, 1.480042, 0.8141727)
(0.02007985, 1.480673, 0.8162732)
(0.01844347, 1.48116, 0.818005)
(0.01699066, 1.481705, 0.8197958)
(0.01562655, 1.482185, 0.8215964)
(0.01459324, 1.482545, 0.8237133)
(0.01405311, 1.482639, 0.8253008)
(0.01300788, 1.482859, 0.8268167)
(0.01226187, 1.483072, 0.828704)
