(0.2079047, -0.8782704, 0.4306005)
(0.2075431, -0.879136, 0.4290055)
(0.2069844, -0.8797476, 0.4280207)
(0.2063856, -0.8804246, 0.4269165)
(0.2061988, -0.8810488, 0.4257171)
(0.2059041, -0.8816658, 0.4245808)
(0.2058811, -0.882215, 0.4234496)
(0.2052884, -0.882805, 0.4225067)
(0.2044597, -0.8838208, 0.4207816)
(0.2036715, -0.8842318, 0.4203001)
(0.2033264, -0.8846721, 0.4195398)
(0.2025684, -0.8853316, 0.418514)
(0.2018448, -0.8858551, 0.4177554)
(0.2013717, -0.8865031, 0.4166076)
(0.200561, -0.8873196, 0.415258)
(0.2001881, -0.8879038, 0.4141879)
(0.1997743, -0.8886111, 0.4128686)
(0.1993839, -0.889404, 0.4113472)
(0.1989279, -0.8899808, 0.4103192)
(0.1985893, -0.8903565, 0.4096678)
(0.1979389, -0.8910162, 0.4085465)
(0.1975566, -0.8915386, 0.407591)
(0.1973971, -0.8920513, 0.406545)
(0.1973509, -0.8926684, 0.4052107)
(0.1972906, -0.8931795, 0.4041124)
(0.1972717, -0.8939063, 0.4025113)
(0.1971892, -0.8943071, 0.4016607)
(0.1969573, -0.8946391, 0.4010345)
(0.1969415, -0.8949676, 0.4003087)
(0.1966021, -0.8952826, 0.3997709)
(0.1961497, -0.8955633, 0.3993641)
(0.1957223, -0.8958173, 0.3990039)
(0.1952273, -0.8961052, 0.3985999)
(0.1950571, -0.8964683, 0.3978657)
(0.1949872, -0.8964483, 0.3979454)
(0.1951668, -0.8964306, 0.3978972)
(0.1956105, -0.8962716, 0.3980375)
(0.1953769, -0.8962271, 0.3982522)
(0.1951676, -0.8960679, 0.3987129)
(0.1957507, -0.8959051, 0.3987929)
(0.1958501, -0.8963544, 0.3977331)
(0.1952742, -0.896056, 0.3986875)
(0.1947687, -0.8958507, 0.3993956)
(0.1946718, -0.895699, 0.3997828)
(0.1945694, -0.8957365, 0.3997487)
(0.195193, -0.8954173, 0.4001594)
(0.1957269, -0.8951058, 0.4005953)
(0.1959504, -0.8948374, 0.4010856)
(0.196131, -0.8945181, 0.4017088)
(0.1965475, -0.8940219, 0.402609)
(0.196611, -0.8936589, 0.403383)
(0.1965551, -0.8932569, 0.4042997)
(0.1964949, -0.8929535, 0.4049987)
(0.1967144, -0.8926873, 0.4054785)
(0.1968143, -0.8923711, 0.4061255)
(0.1970328, -0.8916919, 0.407509)
(0.1972907, -0.8911985, 0.4084627)
(0.197655, -0.8908882, 0.4089631)
(0.1983667, -0.890083, 0.4103693)
(0.1989797, -0.8894113, 0.4115273)
(0.1995521, -0.8891288, 0.4118605)
(0.2006561, -0.8888192, 0.4119923)
(0.2016369, -0.8884153, 0.4123843)
(0.2020486, -0.8878874, 0.4133188)
(0.2025433, -0.8874195, 0.4140807)
(0.2029505, -0.8869361, 0.4149163)
(0.2028903, -0.8864696, 0.4159415)
(0.2030164, -0.8860958, 0.4166757)
(0.2032923, -0.8857217, 0.417336)
(0.2036843, -0.8852217, 0.418205)
(0.2041884, -0.8849257, 0.4185853)
(0.2040924, -0.8849108, 0.4186636)
(0.2040799, -0.8849161, 0.4186584)
(0.20405, -0.884844, 0.4188255)
(0.2040106, -0.8847422, 0.4190596)
(0.2042562, -0.8845835, 0.4192751)
(0.2049082, -0.8841099, 0.4199553)
(0.2047038, -0.8842599, 0.4197389)
(0.2041724, -0.8845439, 0.4193992)
(0.2030437, -0.8852712, 0.4184116)
(0.2021296, -0.8862788, 0.4167176)
(0.2009739, -0.887239, 0.4152307)
(0.2003818, -0.8878604, 0.4141872)
(0.2002456, -0.8888183, 0.412194)
(0.1999723, -0.8906937, 0.4082595)
(0.1992567, -0.8919175, 0.4059311)
(0.198776, -0.8929706, 0.403846)
(0.1985477, -0.8938475, 0.4020146)
(0.1981469, -0.8949865, 0.3996713)
(0.1980071, -0.8958441, 0.3978147)
(0.1974425, -0.8966708, 0.3962296)
(0.1969011, -0.8974741, 0.3946775)
(0.196687, -0.8982741, 0.3929606)
(0.196124, -0.8990977, 0.391355)
(0.1962986, -0.8992909, 0.3908233)
(0.1971575, -0.8991765, 0.390654)
(0.1980634, -0.8993124, 0.3898822)
(0.1986475, -0.8991669, 0.3899206)
(0.1992846, -0.898977, 0.3900335)
(0.2000139, -0.8990242, 0.3895511)
(0.2007531, -0.8991859, 0.3887969)
(0.2017897, -0.8992842, 0.388032)
(0.2026858, -0.8993192, 0.3874836)
(0.2032368, -0.8995363, 0.3866902)
(0.202795, -0.8999611, 0.385933)
(0.2030695, -0.9000699, 0.3855346)
(0.2039423, -0.9003599, 0.3843954)
(0.2037235, -0.9004411, 0.3843209)
(0.203899, -0.9006655, 0.3837016)
(0.2046479, -0.9006052, 0.3834443)
(0.2050731, -0.9004967, 0.383472)
(0.2055441, -0.9002216, 0.3838657)
(0.2061241, -0.9001058, 0.3838261)
(0.2067364, -0.8997869, 0.3842443)
(0.2073872, -0.8996218, 0.38428)
(0.208372, -0.8992279, 0.3846692)
(0.2090228, -0.8989966, 0.3848566)
(0.2092084, -0.8988249, 0.3851567)
(0.2101754, -0.8983292, 0.3857864)
(0.2105325, -0.8982336, 0.385814)
(0.2107829, -0.8980812, 0.3860321)
(0.2107076, -0.8977572, 0.386826)
(0.2109783, -0.8975496, 0.3871601)
(0.2110221, -0.8973975, 0.3874888)
(0.2106182, -0.8971035, 0.388388)
(0.2103546, -0.8970297, 0.3887013)
(0.2100276, -0.8968398, 0.389316)
(0.2100073, -0.896736, 0.3895658)
(0.2099765, -0.8964756, 0.3901811)
(0.2099426, -0.8963833, 0.3904114)
(0.2096944, -0.8963295, 0.3906682)
(0.2095435, -0.8963299, 0.3907484)
(0.2091912, -0.8964467, 0.390669)
(0.2091394, -0.8962772, 0.3910854)
(0.2090087, -0.8964261, 0.3908142)
(0.2091236, -0.8967275, 0.3900604)
(0.2091858, -0.8970094, 0.3893785)
(0.2092055, -0.8975197, 0.3881899)
(0.2091654, -0.8981009, 0.3868653)
(0.2092017, -0.8988127, 0.3851889)
(0.209116, -0.8995698, 0.3834641)
(0.2088141, -0.9005473, 0.3813285)
(0.2088015, -0.9016861, 0.3786345)
(0.2082644, -0.9028986, 0.3760323)
(0.2074984, -0.9044536, 0.3727037)
(0.206706, -0.9061268, 0.3690621)
(0.2058738, -0.9076499, 0.3657698)
(0.2044992, -0.9096123, 0.3616431)
(0.2034335, -0.9113261, 0.3579102)
(0.2032015, -0.9127676, 0.3543509)
(0.2027113, -0.9144803, 0.3501914)
(0.2022021, -0.91609, 0.3462565)
(0.2020742, -0.9176432, 0.3421943)
(0.2013364, -0.9190965, 0.3387115)
(0.2007405, -0.920167, 0.3361487)
(0.200505, -0.9209502, 0.3341385)
(0.200854, -0.9216757, 0.3319208)
(0.2017553, -0.9219413, 0.3306343)
(0.2036471, -0.9215426, 0.3305861)
(0.2062536, -0.9212325, 0.3298334)
(0.2076754, -0.9203011, 0.3315368)
(0.2082572, -0.9197872, 0.3325968)
(0.2101993, -0.9193811, 0.3324977)
(0.2148711, -0.9182956, 0.3325112)
(0.2181322, -0.9174598, 0.3326946)
(0.2210585, -0.9166845, 0.3329005)
(0.2238153, -0.9159216, 0.3331582)
(0.2271145, -0.9150001, 0.3334572)
(0.2315379, -0.913839, 0.3335994)
(0.2357352, -0.912369, 0.3346815)
(0.2387128, -0.911242, 0.3356399)
(0.2415156, -0.9104136, 0.3358829)
(0.2455713, -0.9093407, 0.3358486)
(0.2506574, -0.9083319, 0.3348197)
(0.2562588, -0.9072107, 0.3336168)
(0.259351, -0.9060758, 0.3343108)
(0.2618564, -0.9050735, 0.335072)
(0.2656368, -0.904419, 0.3338612)
(0.2703751, -0.9037243, 0.3319336)
(0.27503, -0.9028753, 0.3304159)
(0.2788859, -0.9021899, 0.3290537)
(0.2827035, -0.9011672, 0.3285977)
(0.2860834, -0.8999574, 0.3289878)
(0.2894576, -0.8989294, 0.3288468)
(0.2923398, -0.8983249, 0.3279481)
(0.2942664, -0.8982614, 0.3263952)
(0.2965287, -0.8985919, 0.3234244)
(0.2990295, -0.8986388, 0.3209826)
(0.3001625, -0.8987157, 0.3197072)
(0.3014153, -0.8985938, 0.3188697)
(0.3016176, -0.8989336, 0.3177189)
(0.3028127, -0.8992285, 0.3157414)
(0.303688, -0.8999048, 0.3129616)
(0.3046976, -0.9004896, 0.310287)
(0.3060905, -0.9011291, 0.3070422)
(0.3077139, -0.9019867, 0.3028734)
(0.3064899, -0.9031367, 0.3006795)
(0.3063443, -0.9035732, 0.2995145)
(0.3063507, -0.9039311, 0.2984256)
(0.3056075, -0.9042178, 0.2983191)
(0.3040767, -0.9050929, 0.2972276)
(0.3030815, -0.905825, 0.2960117)
(0.3031691, -0.9059837, 0.2954355)
(0.3042915, -0.9058475, 0.294698)
(0.3040259, -0.9060977, 0.2942028)
(0.3032695, -0.906357, 0.294185)
(0.3029531, -0.9064324, 0.2942785)
(0.302446, -0.9065665, 0.2943869)
(0.3016315, -0.907042, 0.2937571)
(0.2999583, -0.9076182, 0.2936909)
(0.2980339, -0.908002, 0.2944623)
(0.2963563, -0.9084612, 0.2947392)
(0.2933272, -0.9090015, 0.2961004)
(0.2901905, -0.9098061, 0.2967193)
(0.2866487, -0.9112399, 0.2957608)
(0.2834407, -0.91231, 0.2955534)
(0.2795929, -0.9141298, 0.2935894)
(0.2762698, -0.9170281, 0.287636)
(0.2734322, -0.9198343, 0.2813177)
(0.269497, -0.9217702, 0.2787672)
(0.2642804, -0.9230006, 0.2796893)
(0.2558538, -0.9252795, 0.2799943)
(0.2475404, -0.9290836, 0.2748224)
(0.2418415, -0.9327096, 0.2675171)
(0.2344729, -0.9363151, 0.2614125)
(0.2195162, -0.94172, 0.254904)
(0.200057, -0.9474866, 0.2494922)
(0.1800103, -0.953027, 0.2435893)
(0.1606107, -0.9576611, 0.2389343)
(0.1457937, -0.9603664, 0.2375723)
(0.1389326, -0.9599808, 0.2431764)
(0.1300827, -0.9596303, 0.249376)
(0.1174059, -0.9610518, 0.2501904)
(0.1054698, -0.9625327, 0.249814)
(0.09248549, -0.9632581, 0.2521513)
(0.07668729, -0.9609876, 0.2657477)
(0.06430355, -0.960281, 0.2715244)
(0.06129174, -0.9601635, 0.2726343)
(0.06149828, -0.9610183, 0.2695586)
(0.06161751, -0.9630446, 0.2621992)
(0.05226678, -0.9642416, 0.2598198)
(0.04021215, -0.9650111, 0.2591073)
(0.0339697, -0.965318, 0.2588576)
(0.03098157, -0.9650031, 0.2604022)
(0.03066865, -0.9630226, 0.2676693)
(0.0251663, -0.9622191, 0.2711111)
(0.01817063, -0.9619232, 0.2727152)
(0.01232778, -0.9622763, 0.2717945)
(0.008223329, -0.9623125, 0.2718219)
(0.006778075, -0.9615823, 0.2744331)
(0.004308701, -0.961103, 0.2761568)
(0.001238506, -0.9607766, 0.2773205)
(-0.003364142, -0.9605111, 0.278221)
(-0.009218223, -0.9609591, 0.2765369)
(-0.009979114, -0.9604394, 0.2783099)
(-0.009084184, -0.9607391, 0.2773049)
(-0.009632464, -0.961191, 0.2757156)
(-0.0115396, -0.9616402, 0.2740713)
(-0.0151084, -0.9619556, 0.2727878)
(-0.01910789, -0.9620739, 0.2721192)
(-0.02296216, -0.9620813, 0.2717946)
(-0.02483216, -0.9618489, 0.2724524)
(-0.02609902, -0.961561, 0.2733482)
(-0.02772101, -0.9613482, 0.2739364)
(-0.03025765, -0.9613163, 0.2737802)
(-0.03372541, -0.9615225, 0.2726482)
(-0.03767444, -0.9620811, 0.2701494)
(-0.03911161, -0.9626138, 0.2680393)
(-0.04021578, -0.962689, 0.2676051)
(-0.04090584, -0.9626468, 0.2676526)
(-0.04106503, -0.962657, 0.2675912)
(-0.03813927, -0.9629337, 0.2670284)
(-0.03708171, -0.9632034, 0.2662036)
(-0.03631771, -0.9638658, 0.2639012)
(-0.03491568, -0.9647499, 0.2608422)
(-0.03348912, -0.9655696, 0.2579802)
(-0.03081097, -0.9658965, 0.2570886)
(-0.02925078, -0.9658667, 0.257383)
(-0.02776393, -0.9656066, 0.2585209)
(-0.02632188, -0.9659827, 0.2572635)
(-0.02309338, -0.9676473, 0.2512478)
(-0.02097674, -0.9687241, 0.2472526)
(-0.02007682, -0.9689085, 0.2466035)
(-0.01931513, -0.967946, 0.2504147)
(-0.01747439, -0.9674916, 0.2522986)
(-0.01306421, -0.9680277, 0.2505026)
(-0.007693134, -0.9697868, 0.2438327)
(-0.003537767, -0.9713041, 0.237815)
(-0.001796693, -0.9715818, 0.236697)
(-0.001102023, -0.9706093, 0.2406581)
(0.001517698, -0.9692753, 0.2459738)
(0.009085126, -0.9678848, 0.2512296)
(0.01748698, -0.9683366, 0.2490352)
(0.02498249, -0.9691201, 0.2453207)
(0.03417329, -0.9707531, 0.2376356)
(0.04008057, -0.9724368, 0.2296962)
(0.04521295, -0.9741598, 0.2212888)
(0.04982101, -0.9741941, 0.2201449)
(0.05165778, -0.972873, 0.2254989)
(0.05754612, -0.9720587, 0.2275754)
(0.06646094, -0.970925, 0.229973)
(0.07624514, -0.9705422, 0.2285488)
(0.08943991, -0.97032, 0.2246769)
(0.1045202, -0.9689996, 0.2238647)
(0.1171823, -0.9673421, 0.224761)
(0.1237036, -0.9661425, 0.22642)
(0.1281675, -0.9650152, 0.2287327)
(0.1330752, -0.963214, 0.2334731)
(0.1437076, -0.9611036, 0.2358558)
(0.1541196, -0.9594331, 0.2360834)
(0.1585039, -0.958718, 0.2360856)
(0.1628322, -0.958001, 0.2360507)
(0.1676149, -0.9569205, 0.2370834)
(0.1721776, -0.9556833, 0.2387979)
(0.1767705, -0.9537632, 0.24308)
(0.1798198, -0.9526585, 0.2451668)
(0.1838212, -0.9516444, 0.2461361)
(0.1895516, -0.9503425, 0.2468183)
(0.1951744, -0.9491895, 0.2468734)
(0.1979409, -0.9481211, 0.2487689)
(0.2008351, -0.9470825, 0.2503996)
(0.2051654, -0.9453042, 0.2535884)
(0.2098423, -0.943283, 0.2572616)
(0.2152606, -0.9409573, 0.2612703)
(0.2194223, -0.9391463, 0.2643067)
(0.2210279, -0.9379357, 0.2672515)
(0.2237864, -0.9366478, 0.2694635)
(0.2267274, -0.9353812, 0.2713981)
(0.2308089, -0.9337698, 0.273498)
(0.2348951, -0.9321097, 0.2756734)
(0.2386477, -0.9307467, 0.2770523)
(0.2406789, -0.9297887, 0.278508)
(0.2422099, -0.929134, 0.2793647)
(0.2445343, -0.9281755, 0.2805231)
(0.2450397, -0.9266183, 0.2851916)
(0.2462642, -0.9252678, 0.2885023)
(0.24763, -0.9242324, 0.2906439)
(0.2484488, -0.9231741, 0.2932963)
(0.2486743, -0.9215513, 0.298168)
(0.2489879, -0.9201425, 0.3022299)
(0.2471761, -0.9195036, 0.3056422)
(0.2464796, -0.9184197, 0.30944)
(0.2463142, -0.9171274, 0.3133797)
(0.2452721, -0.9159805, 0.317524)
(0.2433222, -0.9150743, 0.3216107)
(0.2418261, -0.9139652, 0.3258646)
(0.2405884, -0.91286, 0.3298544)
(0.2384799, -0.9123022, 0.3329146)
(0.2367812, -0.9113527, 0.3367063)
(0.2322039, -0.9115894, 0.3392437)
(0.2282519, -0.9117678, 0.3414389)
(0.2246776, -0.9119612, 0.3432884)
(0.2206614, -0.9128445, 0.3435455)
(0.2176464, -0.9127589, 0.3456895)
(0.214506, -0.9128775, 0.3473355)
(0.2098161, -0.9141017, 0.3469804)
(0.2047477, -0.9146907, 0.3484526)
(0.199955, -0.914997, 0.3504259)
(0.1949643, -0.9153615, 0.3522815)
(0.1901935, -0.9156601, 0.3541088)
(0.1858203, -0.9158542, 0.355924)
(0.1829449, -0.9162086, 0.3565009)
(0.1798188, -0.9164667, 0.3574269)
(0.1772606, -0.9165034, 0.3586088)
(0.1749954, -0.9167422, 0.3591106)
(0.173394, -0.9168043, 0.3597284)
(0.1712012, -0.9168716, 0.3606059)
(0.1705512, -0.9168854, 0.3608788)
(0.1700123, -0.9167872, 0.3613821)
(0.1689112, -0.9167922, 0.3618852)
(0.1679671, -0.9169285, 0.3619798)
(0.1664388, -0.9171141, 0.3622151)
(0.1644057, -0.9174826, 0.3622106)
(0.1622965, -0.9179319, 0.3620233)
(0.1592654, -0.9190207, 0.3606044)
(0.1563205, -0.9200873, 0.3591701)
(0.1528887, -0.9212614, 0.3576347)
(0.1477388, -0.9229935, 0.3553258)
(0.1431973, -0.9248054, 0.352462)
(0.1388947, -0.9266335, 0.3493689)
(0.1349102, -0.9284062, 0.3462099)
(0.130405, -0.9305048, 0.3422797)
(0.1256078, -0.9329585, 0.3373591)
(0.1208508, -0.9354965, 0.3320261)
(0.1159804, -0.9382172, 0.3260325)
(0.1112365, -0.9407712, 0.3202752)
(0.1064073, -0.9434149, 0.3140794)
(0.1016249, -0.9460776, 0.3075868)
(0.09703796, -0.9484104, 0.3018304)
(0.09213762, -0.951009, 0.2951143)
(0.0877955, -0.953869, 0.287099)
(0.0837424, -0.9561249, 0.2807355)
(0.07983306, -0.9580875, 0.2751275)
(0.07511193, -0.9600103, 0.2697004)
(0.07030112, -0.9616348, 0.2651723)
(0.06534022, -0.9629015, 0.2618231)
(0.06054102, -0.9643281, 0.2576938)
(0.05469283, -0.965755, 0.2536257)
(0.04890253, -0.9672998, 0.248877)
(0.04180342, -0.9687796, 0.2443742)
(0.03388475, -0.9703929, 0.2391436)
(0.02545139, -0.9719006, 0.2340118)
(0.01586371, -0.9732869, 0.229044)
(0.006697748, -0.9744874, 0.2243423)
(-0.002238654, -0.9756315, 0.2194044)
(-0.009451477, -0.9766476, 0.2146396)
(-0.01500988, -0.9776468, 0.2097175)
(-0.02070144, -0.9785849, 0.2047998)
