(0.1985211, 1.224957, 0.2995782)
(0.1983664, 1.224805, 0.2996948)
(0.1980956, 1.224489, 0.2999911)
(0.1979728, 1.224339, 0.3003013)
(0.1977525, 1.224106, 0.3004067)
(0.1977561, 1.224069, 0.3004453)
(0.1976497, 1.223865, 0.3005652)
(0.1975667, 1.223745, 0.3009105)
(0.1977012, 1.223769, 0.3009393)
(0.1977036, 1.223649, 0.3011408)
(0.197681, 1.223498, 0.3013062)
(0.1976843, 1.22339, 0.3015242)
(0.1976631, 1.223219, 0.3016908)
(0.1978757, 1.222908, 0.3016837)
(0.1979129, 1.222713, 0.3020175)
(0.1979265, 1.222538, 0.3022933)
(0.1978865, 1.222406, 0.3027854)
(0.1980035, 1.222336, 0.3030016)
(0.1981061, 1.222201, 0.303261)
(0.1982238, 1.222033, 0.3035464)
(0.1983261, 1.221923, 0.3037999)
(0.1984005, 1.221791, 0.3040395)
(0.1984999, 1.221644, 0.3043003)
(0.1987178, 1.221642, 0.3044713)
(0.1988389, 1.221534, 0.3047891)
(0.1988714, 1.221606, 0.3054063)
(0.1988654, 1.221375, 0.3059876)
(0.1989288, 1.221328, 0.3063412)
(0.1990297, 1.221278, 0.3067691)
(0.1992161, 1.221357, 0.3070385)
(0.1993098, 1.221352, 0.3074253)
(0.1995111, 1.221223, 0.307646)
(0.1998267, 1.22124, 0.3079839)
(0.1999671, 1.221222, 0.3083773)
(0.2000375, 1.221232, 0.3086867)
(0.2001872, 1.221246, 0.3090544)
(0.2003465, 1.221298, 0.3094263)
(0.2006028, 1.221235, 0.3096831)
(0.2006848, 1.221161, 0.3100946)
(0.2007711, 1.221105, 0.3102946)
(0.2008028, 1.221157, 0.3106852)
(0.2010634, 1.221308, 0.3107421)
(0.2011731, 1.221329, 0.3110368)
(0.2012398, 1.221356, 0.3112071)
(0.2012682, 1.221311, 0.311564)
(0.201381, 1.22141, 0.3118608)
(0.2014985, 1.221435, 0.3120804)
(0.2016587, 1.22157, 0.3122349)
(0.2017477, 1.221638, 0.3123825)
(0.2017765, 1.221789, 0.3126674)
(0.2018189, 1.221858, 0.3129234)
(0.2018614, 1.221914, 0.3131237)
(0.2019587, 1.221928, 0.3132977)
(0.202038, 1.222066, 0.3134723)
(0.2020891, 1.222159, 0.3137877)
(0.2021275, 1.222292, 0.3141549)
(0.2021713, 1.22235, 0.3144155)
(0.2022219, 1.222458, 0.3146548)
(0.2021995, 1.222619, 0.3149729)
(0.2022245, 1.222875, 0.3149171)
(0.2022445, 1.222979, 0.315135)
(0.2020378, 1.223277, 0.3156719)
(0.2019975, 1.223344, 0.3159683)
(0.2021468, 1.223498, 0.3165648)
(0.2020228, 1.223548, 0.3166058)
(0.2020307, 1.223643, 0.3168461)
(0.2019951, 1.223748, 0.3170197)
(0.2021251, 1.223701, 0.3170834)
(0.2021439, 1.223841, 0.3173046)
(0.2021136, 1.223912, 0.3174999)
(0.2022145, 1.223835, 0.3175895)
(0.2022951, 1.224015, 0.3176777)
(0.2021987, 1.224056, 0.3178067)
(0.2022071, 1.224101, 0.3180604)
(0.2021124, 1.224117, 0.3183444)
(0.201998, 1.224184, 0.3184683)
(0.2019627, 1.224174, 0.3186433)
(0.2019978, 1.224389, 0.3186016)
(0.2018619, 1.224373, 0.3186712)
(0.2019169, 1.224245, 0.3187973)
(0.201865, 1.224277, 0.3187993)
(0.2017474, 1.224215, 0.3188887)
(0.2016702, 1.22416, 0.3190575)
(0.2016048, 1.224124, 0.3191404)
(0.2014682, 1.224, 0.3193493)
(0.2013788, 1.22389, 0.3194218)
(0.2014391, 1.223689, 0.3197947)
(0.2013628, 1.223593, 0.3201199)
(0.2011182, 1.22343, 0.3203554)
(0.2009559, 1.223292, 0.3206823)
(0.200845, 1.22318, 0.3211153)
(0.2006099, 1.223047, 0.3215177)
(0.2002718, 1.222945, 0.3217137)
(0.2001319, 1.222857, 0.3224025)
(0.1997485, 1.222923, 0.3231821)
(0.1992528, 1.22276, 0.3237555)
(0.1990232, 1.222692, 0.3242497)
(0.1989245, 1.22254, 0.324666)
(0.1988366, 1.22253, 0.325103)
(0.1986427, 1.222519, 0.3255377)
(0.1984828, 1.222435, 0.3259766)
(0.1983209, 1.222342, 0.3265007)
(0.198082, 1.222276, 0.3268476)
(0.1978087, 1.222212, 0.3272936)
(0.1975365, 1.222155, 0.3277359)
(0.1971867, 1.222078, 0.3281474)
(0.1969614, 1.221972, 0.3286865)
(0.196651, 1.22197, 0.3290944)
(0.1962564, 1.221881, 0.3295474)
(0.1958323, 1.221933, 0.3301935)
(0.1954772, 1.221975, 0.3306882)
(0.1950638, 1.222026, 0.3312895)
(0.1945, 1.222139, 0.3319311)
(0.1940413, 1.222179, 0.3324561)
(0.1935649, 1.222175, 0.333005)
(0.1929915, 1.222197, 0.3336835)
(0.1923492, 1.222054, 0.3344448)
(0.1918275, 1.222089, 0.3351696)
(0.1912129, 1.222091, 0.3358204)
(0.1905422, 1.222024, 0.3365149)
(0.1899412, 1.222049, 0.3371544)
(0.1893234, 1.222034, 0.3377779)
(0.1886456, 1.222076, 0.3384135)
(0.18787, 1.222093, 0.3390019)
(0.1870973, 1.22205, 0.339751)
(0.1862903, 1.222075, 0.3404803)
(0.1854064, 1.222066, 0.341207)
(0.1845117, 1.222168, 0.3421493)
(0.1837475, 1.222247, 0.3428514)
(0.1829121, 1.222215, 0.3437459)
(0.1821253, 1.22217, 0.3446679)
(0.1812122, 1.221992, 0.3456173)
(0.1802661, 1.221877, 0.3465765)
(0.1791842, 1.221835, 0.3475683)
(0.1783226, 1.22177, 0.3484499)
(0.1773863, 1.221617, 0.3493218)
(0.1762455, 1.221567, 0.3504112)
(0.17518, 1.221205, 0.3515472)
(0.1741977, 1.220993, 0.3525035)
(0.1732855, 1.220781, 0.353658)
(0.1722486, 1.22037, 0.3548279)
(0.171243, 1.219991, 0.3559315)
(0.1700246, 1.219593, 0.3572097)
(0.168977, 1.219139, 0.3582542)
(0.16787, 1.21855, 0.3593082)
(0.1666958, 1.217904, 0.3603387)
(0.165329, 1.217272, 0.361289)
(0.1639776, 1.216561, 0.362443)
(0.1628923, 1.215872, 0.3636746)
(0.16152, 1.215258, 0.3648431)
(0.1599092, 1.214425, 0.3662505)
(0.1583779, 1.213669, 0.367512)
(0.1565793, 1.212627, 0.3688564)
(0.1550546, 1.211828, 0.3703036)
(0.1534209, 1.210968, 0.3716378)
(0.1516473, 1.210134, 0.3729947)
(0.1500447, 1.209568, 0.3742919)
(0.1484177, 1.208883, 0.375684)
(0.1467702, 1.208389, 0.3770494)
(0.1452944, 1.208098, 0.3786938)
(0.1440859, 1.20803, 0.3802512)
(0.1427281, 1.207918, 0.3817925)
(0.1415513, 1.207935, 0.3833461)
(0.1406956, 1.208173, 0.3848701)
(0.1395888, 1.208253, 0.3861818)
(0.138937, 1.208288, 0.3876338)
(0.138335, 1.208461, 0.38904)
(0.1379209, 1.208763, 0.3902979)
(0.1375685, 1.208979, 0.3919168)
(0.1373923, 1.209465, 0.3933973)
(0.137033, 1.209891, 0.3947415)
(0.1369641, 1.21042, 0.3962495)
(0.1369781, 1.210893, 0.3976986)
(0.1369336, 1.21148, 0.3990953)
(0.1371279, 1.212053, 0.4006538)
(0.1374004, 1.212548, 0.4023287)
(0.1376424, 1.212994, 0.4038663)
(0.1380291, 1.213542, 0.4056747)
(0.1384685, 1.213949, 0.4074056)
(0.1388106, 1.214381, 0.408988)
(0.1393645, 1.21484, 0.4107957)
(0.1401575, 1.21538, 0.4127398)
(0.1413848, 1.215867, 0.4148939)
(0.1425035, 1.216428, 0.4169433)
(0.1435184, 1.216835, 0.41905)
(0.1448619, 1.217066, 0.4212615)
(0.1463156, 1.217347, 0.4235313)
(0.147723, 1.217521, 0.4256737)
(0.149215, 1.217739, 0.4278286)
(0.1506224, 1.218006, 0.4300768)
(0.1521831, 1.218163, 0.4324811)
(0.1537163, 1.218229, 0.4346123)
(0.1551886, 1.218208, 0.4370813)
(0.1567423, 1.218257, 0.4394696)
(0.1584945, 1.218395, 0.4417033)
(0.1551242, 1.221676, 0.4518223)
(0.1611156, 1.219149, 0.4483056)
(0.1629369, 1.219212, 0.450918)
(0.1648722, 1.219259, 0.4532328)
(0.1672282, 1.219182, 0.4556394)
(0.1693311, 1.219208, 0.4583776)
(0.1715574, 1.219122, 0.4613318)
(0.173933, 1.21885, 0.4641469)
(0.1764209, 1.218461, 0.4673944)
(0.1792984, 1.217994, 0.470778)
(0.1821661, 1.217532, 0.4742432)
(0.1850636, 1.217033, 0.4775667)
(0.1883793, 1.216074, 0.4812143)
(0.1914611, 1.215252, 0.484911)
(0.1949892, 1.2141, 0.4887507)
(0.1985245, 1.212663, 0.4928362)
(0.2019398, 1.211374, 0.4972281)
(0.2057629, 1.209738, 0.5016277)
(0.2097955, 1.207894, 0.5069556)
(0.2136891, 1.206149, 0.5119641)
(0.2177205, 1.204633, 0.5168397)
(0.221935, 1.203195, 0.522259)
(0.2262599, 1.202302, 0.5280364)
(0.2309883, 1.20186, 0.5340352)
(0.2361958, 1.202127, 0.5402706)
(0.2416325, 1.202196, 0.5461249)
(0.2471538, 1.203101, 0.5530694)
(0.2534699, 1.204855, 0.5605688)
(0.2595208, 1.207036, 0.5667005)
(0.2648995, 1.209452, 0.5738604)
(0.2707162, 1.21421, 0.5805578)
(0.2766759, 1.220002, 0.5867517)
(0.2816637, 1.22687, 0.5939386)
(0.2869394, 1.235044, 0.6009519)
(0.2924883, 1.242321, 0.6076458)
(0.2964032, 1.250165, 0.615464)
(0.3012202, 1.25833, 0.6230423)
(0.305275, 1.264806, 0.6290042)
(0.3089032, 1.270714, 0.6348357)
(0.312418, 1.276747, 0.6403596)
(0.3146453, 1.282832, 0.6447823)
(0.3179007, 1.289627, 0.6503055)
(0.3203259, 1.297879, 0.6538444)
(0.3225865, 1.305213, 0.6579208)
(0.3254211, 1.312409, 0.6619539)
(0.327949, 1.32022, 0.6652362)
(0.3297415, 1.326771, 0.6685028)
(0.3317227, 1.333456, 0.6724398)
(0.3334656, 1.34049, 0.6760328)
(0.334718, 1.346841, 0.6796749)
(0.3361542, 1.353265, 0.6832988)
(0.3373172, 1.359917, 0.6866741)
(0.3382723, 1.366005, 0.6901991)
(0.3390756, 1.37209, 0.6936576)
(0.3398409, 1.378969, 0.6975284)
(0.3406086, 1.384729, 0.7011876)
(0.3411474, 1.390085, 0.704854)
(0.3414431, 1.395906, 0.7082367)
(0.341856, 1.400753, 0.7119076)
(0.3421917, 1.405154, 0.7155929)
(0.3422551, 1.409705, 0.7190392)
(0.3425603, 1.414046, 0.7226858)
(0.3428395, 1.417879, 0.7262585)
(0.3430457, 1.422023, 0.7297754)
(0.3433599, 1.42532, 0.7332258)
(0.3437042, 1.428353, 0.7368164)
(0.34391, 1.431048, 0.7403884)
(0.3441267, 1.433356, 0.7442093)
(0.3441415, 1.435618, 0.7477121)
(0.3444748, 1.437181, 0.7513268)
(0.3446941, 1.438778, 0.754981)
(0.3449252, 1.439811, 0.7586176)
(0.345288, 1.440812, 0.7621734)
(0.3456008, 1.441746, 0.7658815)
(0.3460174, 1.442143, 0.7697031)
(0.3463738, 1.442716, 0.7734115)
(0.3468471, 1.44205, 0.7773507)
(0.3472528, 1.441757, 0.7812517)
(0.3472784, 1.440978, 0.7854176)
(0.3476429, 1.44014, 0.7894218)
(0.3479807, 1.439401, 0.7934859)
(0.3478293, 1.437957, 0.7984698)
(0.348, 1.436819, 0.8028026)
(0.347981, 1.435392, 0.8073645)
(0.3474169, 1.434128, 0.8121591)
(0.3470702, 1.433034, 0.8170385)
(0.3464608, 1.432253, 0.8220429)
(0.3457088, 1.431513, 0.8276885)
(0.3449805, 1.431437, 0.8333468)
(0.3442469, 1.431489, 0.8389347)
(0.3423798, 1.432219, 0.8462558)
(0.341347, 1.433695, 0.8525648)
(0.3396125, 1.436177, 0.8596954)
(0.3378651, 1.438843, 0.867209)
(0.336514, 1.44267, 0.8743961)
(0.3351469, 1.44629, 0.8815022)
(0.3320103, 1.450275, 0.8901274)
(0.3304019, 1.454662, 0.8970616)
(0.3285568, 1.459337, 0.9039001)
(0.3267181, 1.466076, 0.9111941)
(0.3255851, 1.472721, 0.9175541)
(0.3248055, 1.481082, 0.9237959)
(0.3234587, 1.488288, 0.930728)
(0.3229895, 1.49681, 0.9367583)
(0.3225529, 1.50363, 0.9425199)
(0.3218443, 1.510505, 0.9474554)
(0.3211277, 1.516961, 0.9520676)
(0.3208213, 1.52287, 0.9555237)
(0.3206768, 1.529767, 0.9587085)
(0.320895, 1.536755, 0.9614496)
(0.3214989, 1.544263, 0.964761)
(0.3215859, 1.552273, 0.9679749)
(0.3219287, 1.559419, 0.9703372)
(0.3222647, 1.566235, 0.9730875)
(0.3219471, 1.57331, 0.975651)
(0.3222136, 1.579611, 0.9777)
(0.3224955, 1.585984, 0.9798677)
(0.3216524, 1.593896, 0.9832852)
(0.3221445, 1.600217, 0.9852574)
(0.3218699, 1.606634, 0.9877932)
(0.3214195, 1.61365, 0.9904141)
(0.3218894, 1.61985, 0.9921021)
(0.3216712, 1.626201, 0.994195)
(0.3216517, 1.632876, 0.9961791)
(0.3222001, 1.638823, 0.9976563)
(0.3223505, 1.644844, 0.9993458)
(0.3230569, 1.650935, 1.000879)
(0.3235898, 1.65647, 1.002463)
(0.3242166, 1.661765, 1.003986)
(0.3247139, 1.667, 1.005053)
(0.3253336, 1.671894, 1.006366)
(0.3247283, 1.677315, 1.008561)
(0.3252242, 1.681847, 1.009711)
(0.3256934, 1.686118, 1.010752)
(0.3251755, 1.690681, 1.012576)
(0.3251126, 1.695104, 1.013983)
(0.3254707, 1.698734, 1.014709)
(0.3251243, 1.702338, 1.015879)
(0.3251987, 1.705912, 1.016724)
(0.3253775, 1.708568, 1.017169)
(0.3248091, 1.711751, 1.018407)
(0.3248312, 1.714608, 1.019021)
(0.3250153, 1.717287, 1.01957)
(0.3246114, 1.719313, 1.020342)
(0.324734, 1.721645, 1.020916)
(0.3249969, 1.723168, 1.021152)
(0.3247099, 1.724579, 1.021672)
(0.3252926, 1.725509, 1.021602)
(0.3256977, 1.726511, 1.021743)
(0.3255396, 1.727175, 1.022171)
(0.3262646, 1.727587, 1.022073)
(0.3268857, 1.727991, 1.022146)
(0.3272877, 1.727961, 1.022298)
(0.3282049, 1.728421, 1.022135)
(0.3294044, 1.728577, 1.022209)
(0.3305578, 1.728696, 1.021791)
(0.3318143, 1.728805, 1.021745)
(0.3332055, 1.728936, 1.02192)
(0.3346505, 1.729137, 1.021618)
(0.3360536, 1.72952, 1.021922)
(0.3372748, 1.730054, 1.022475)
(0.3389006, 1.730295, 1.022078)
(0.3399844, 1.730419, 1.022784)
(0.3410766, 1.730628, 1.023366)
(0.3421378, 1.730764, 1.023939)
(0.3436649, 1.730717, 1.023607)
(0.3446474, 1.730608, 1.024093)
(0.3467097, 1.730365, 1.024004)
(0.3478894, 1.730213, 1.024269)
(0.3490424, 1.73013, 1.024514)
(0.3502088, 1.730065, 1.024732)
(0.3521059, 1.729951, 1.024566)
(0.3532903, 1.729952, 1.024743)
(0.3545043, 1.729986, 1.024945)
(0.3566737, 1.729586, 1.024525)
(0.3579333, 1.729615, 1.024836)
(0.3591352, 1.729646, 1.025172)
(0.3610914, 1.729547, 1.025004)
(0.3622191, 1.729592, 1.025485)
(0.3641098, 1.729393, 1.025338)
(0.3651726, 1.729462, 1.025954)
(0.3662114, 1.729341, 1.026482)
(0.3671091, 1.728986, 1.027008)
(0.3687327, 1.728568, 1.026828)
(0.3696697, 1.728145, 1.027325)
(0.3717115, 1.727443, 1.02688)
(0.3729329, 1.727096, 1.027085)
(0.3739378, 1.72647, 1.027519)
(0.3749554, 1.725814, 1.027942)
(0.3772202, 1.725022, 1.027438)
(0.3782792, 1.724349, 1.027857)
(0.3802793, 1.723382, 1.027603)
(0.3814917, 1.722484, 1.027858)
(0.3825464, 1.721755, 1.028207)
(0.3844891, 1.720956, 1.02799)
(0.3855445, 1.720358, 1.028332)
(0.3866503, 1.719853, 1.028764)
(0.3877892, 1.719324, 1.029313)
(0.3900192, 1.718399, 1.029257)
(0.391211, 1.717817, 1.029808)
(0.3933871, 1.71701, 1.029649)
(0.3947082, 1.716279, 1.03001)
(0.395808, 1.715629, 1.03043)
(0.3978848, 1.71471, 1.029902)
(0.3989551, 1.713966, 1.030144)
(0.3998387, 1.713235, 1.030385)
(0.4015458, 1.712372, 1.030147)
(0.402607, 1.711641, 1.03005)
(0.4031651, 1.711013, 1.030251)
(0.4034023, 1.710477, 1.030359)
(0.4049523, 1.70988, 1.029788)
(0.4050069, 1.709407, 1.029895)
(0.4051027, 1.708862, 1.030023)
