(0.3481832, -0.1381211, 0.2022033)
(0.3482072, -0.1382093, 0.2020943)
(0.3480787, -0.1379213, 0.2024784)
(0.3481362, -0.1379445, 0.2025027)
(0.3480318, -0.1380825, 0.2025594)
(0.3478799, -0.1379783, 0.2025917)
(0.347923, -0.1380255, 0.2024639)
(0.3479602, -0.1381052, 0.2024006)
(0.3478193, -0.1379216, 0.2025634)
(0.3479381, -0.1379395, 0.2026156)
(0.3479416, -0.1379476, 0.2026037)
(0.3479276, -0.1378477, 0.202777)
(0.3479526, -0.1379039, 0.2026824)
(0.3479905, -0.1380069, 0.2026567)
(0.3480823, -0.137995, 0.2027385)
(0.3481927, -0.1380153, 0.2027168)
(0.34815, -0.1381299, 0.2027317)
(0.3481364, -0.1381621, 0.2026483)
(0.3480654, -0.138093, 0.2026917)
(0.3480222, -0.1381636, 0.2026614)
(0.348067, -0.1380653, 0.2028466)
(0.3481863, -0.1380997, 0.2028415)
(0.3482497, -0.1382411, 0.2028613)
(0.3482304, -0.1382596, 0.2028362)
(0.3483245, -0.1383107, 0.2028039)
(0.3484149, -0.1382105, 0.2026558)
(0.3482993, -0.1380234, 0.2027718)
(0.34847, -0.1380186, 0.2028179)
(0.348433, -0.1381888, 0.2028809)
(0.3484778, -0.1380646, 0.2030965)
(0.348501, -0.1380932, 0.203048)
(0.34851, -0.1381497, 0.203055)
(0.348453, -0.1381006, 0.2031027)
(0.3484132, -0.1381187, 0.2030815)
(0.3484259, -0.1381001, 0.2030307)
(0.3482935, -0.1380029, 0.2030245)
(0.3484387, -0.138026, 0.2030044)
(0.348474, -0.1381185, 0.2029581)
(0.3482354, -0.1378579, 0.2030593)
(0.3482692, -0.1378376, 0.203018)
(0.3481379, -0.1379974, 0.2031159)
(0.3481498, -0.1378982, 0.2032676)
(0.3481345, -0.137918, 0.2032251)
(0.348155, -0.1379442, 0.203164)
(0.3482051, -0.137845, 0.2032819)
(0.348305, -0.1378393, 0.2032845)
(0.3482718, -0.1379054, 0.2032968)
(0.3482158, -0.1378839, 0.2032506)
(0.3481281, -0.1379094, 0.2031543)
(0.3481834, -0.1378376, 0.2030146)
(0.3482537, -0.1378729, 0.2029395)
(0.3483129, -0.1378789, 0.2028842)
(0.3483477, -0.1378467, 0.2027702)
(0.3484001, -0.1378651, 0.2027134)
(0.348335, -0.1377263, 0.202781)
(0.3481231, -0.1381202, 0.2030374)
(0.3482034, -0.1380615, 0.2032225)
(0.3481753, -0.1381218, 0.2031554)
(0.3481879, -0.1381288, 0.2031236)
(0.3481224, -0.1381016, 0.2031357)
(0.3480709, -0.1381781, 0.20309)
(0.3481925, -0.1380341, 0.2029064)
(0.348192, -0.1380064, 0.2029521)
(0.3483732, -0.1380205, 0.202965)
(0.3484418, -0.1379929, 0.2028612)
(0.3483853, -0.1379576, 0.2028265)
(0.3485754, -0.137965, 0.2028451)
(0.3486524, -0.1379375, 0.2027326)
(0.3485856, -0.1377935, 0.2028247)
(0.3485963, -0.137821, 0.2027379)
(0.3485456, -0.1379678, 0.2028931)
(0.3484066, -0.1378047, 0.2029963)
(0.3484409, -0.137821, 0.2029846)
(0.3483737, -0.1379929, 0.203083)
(0.3483062, -0.1379519, 0.203084)
(0.3483908, -0.1379752, 0.2030801)
(0.3484602, -0.1379282, 0.2029496)
(0.3484519, -0.1378067, 0.2031076)
(0.3483489, -0.1378627, 0.2030256)
(0.3483157, -0.137913, 0.2030549)
(0.3482149, -0.1378498, 0.2031287)
(0.3481498, -0.1378708, 0.2030815)
(0.348068, -0.1380136, 0.2031586)
(0.3479669, -0.1377754, 0.203439)
(0.3479195, -0.1378298, 0.2033752)
(0.3480105, -0.1377072, 0.2032405)
(0.3479717, -0.137645, 0.2033168)
(0.3480563, -0.1376421, 0.2033447)
(0.3480558, -0.1376207, 0.2033)
(0.3479822, -0.1375532, 0.2033517)
(0.348048, -0.1375196, 0.2033794)
(0.3479862, -0.1376107, 0.2034746)
(0.3479331, -0.1376355, 0.2034037)
(0.3478794, -0.1376657, 0.2033637)
(0.347878, -0.1376719, 0.2033186)
(0.347815, -0.137634, 0.2033334)
(0.3477366, -0.1376424, 0.2032298)
(0.3477368, -0.1376295, 0.2031661)
(0.347667, -0.1375744, 0.2031682)
(0.3478072, -0.1375873, 0.2031729)
(0.3478138, -0.1376853, 0.2031759)
(0.3477778, -0.1375134, 0.2033358)
(0.3476758, -0.1375303, 0.2032027)
(0.3475838, -0.1376636, 0.2032681)
(0.3474371, -0.1375194, 0.2033583)
(0.3474417, -0.1375122, 0.2032973)
(0.3474226, -0.1376331, 0.2033212)
(0.3475506, -0.1376176, 0.2034099)
(0.3475854, -0.1377599, 0.2032501)
(0.3475814, -0.1377931, 0.2032061)
(0.3476629, -0.1379378, 0.2031194)
(0.3478026, -0.138, 0.2031622)
(0.3478525, -0.1380274, 0.2030963)
(0.347827, -0.1379325, 0.2032365)
(0.3478169, -0.1379967, 0.2031293)
(0.3477819, -0.1381421, 0.2031649)
(0.3474591, -0.1378522, 0.2033765)
(0.347471, -0.137871, 0.2033341)
(0.3475065, -0.1378717, 0.2032448)
(0.3475671, -0.1376665, 0.2035774)
(0.3475893, -0.137682, 0.2035615)
(0.3476596, -0.1375799, 0.2034901)
(0.3475511, -0.1375287, 0.2034603)
(0.3476019, -0.1374991, 0.2034918)
(0.3476813, -0.1374547, 0.2034824)
(0.3477027, -0.137454, 0.2034175)
(0.3477542, -0.1373787, 0.2033695)
(0.3476896, -0.1375256, 0.2034962)
(0.3478086, -0.1374733, 0.203603)
(0.3478568, -0.1374753, 0.2035836)
(0.3478749, -0.13749, 0.2035844)
(0.3478065, -0.1373665, 0.2036296)
(0.3477929, -0.1372364, 0.2035604)
(0.3476276, -0.1371784, 0.2035336)
(0.3475242, -0.1370718, 0.2035118)
(0.3472919, -0.1369524, 0.2034816)
(0.3472645, -0.1369035, 0.2033911)
(0.3472378, -0.1369302, 0.2033956)
(0.347434, -0.1371138, 0.2033423)
(0.3475318, -0.1372941, 0.2032849)
(0.3474808, -0.1371679, 0.2033807)
(0.3475897, -0.1372523, 0.2032839)
(0.3476636, -0.1372476, 0.2030891)
(0.3476377, -0.137289, 0.2030171)
(0.347728, -0.137413, 0.2029108)
(0.3478634, -0.1375754, 0.2028791)
(0.3480341, -0.1376932, 0.2029011)
(0.3481581, -0.1377659, 0.2028962)
(0.3482344, -0.1378372, 0.2027934)
(0.3483114, -0.1377995, 0.2029978)
(0.3483267, -0.1379263, 0.2028408)
(0.3482528, -0.1383405, 0.20288)
(0.3481333, -0.1381795, 0.2030241)
(0.3482189, -0.1382282, 0.2030606)
(0.3481839, -0.1380978, 0.2029294)
(0.3478384, -0.1377273, 0.2032229)
(0.347852, -0.1377652, 0.2031915)
(0.3479705, -0.1377177, 0.2030759)
(0.348145, -0.1377606, 0.2030698)
(0.3484385, -0.1377749, 0.2031577)
(0.3484733, -0.1377568, 0.2031404)
(0.3484616, -0.1377702, 0.2030292)
(0.3484173, -0.137635, 0.2031349)
(0.3484399, -0.1377466, 0.2031713)
(0.3484836, -0.1378007, 0.2029991)
(0.3486397, -0.1378427, 0.2029439)
(0.3486238, -0.1380708, 0.2030557)
(0.3486772, -0.1381145, 0.2029854)
(0.3487213, -0.1381519, 0.2029006)
(0.3486743, -0.1383631, 0.2029586)
(0.3485925, -0.1382217, 0.2030522)
(0.3485916, -0.1382487, 0.2029617)
(0.3486187, -0.1381981, 0.2028605)
(0.3486643, -0.1381109, 0.2030501)
(0.3486781, -0.1381435, 0.2030274)
(0.3486879, -0.1382105, 0.2029865)
(0.3488655, -0.1383693, 0.2028309)
(0.349031, -0.1383958, 0.2027677)
(0.3490851, -0.1384687, 0.2027055)
(0.3490074, -0.1383059, 0.2028133)
(0.3490725, -0.1383271, 0.2027693)
(0.3490441, -0.138442, 0.202777)
(0.3491683, -0.1384766, 0.2028197)
(0.3491654, -0.1385283, 0.2027512)
(0.349323, -0.1383195, 0.2025254)
(0.3492544, -0.1381574, 0.2026906)
(0.3492675, -0.1381302, 0.2026901)
(0.3492606, -0.1381311, 0.2026838)
(0.3492434, -0.1381392, 0.2025889)
(0.3493328, -0.1381621, 0.2025329)
(0.3492384, -0.1383393, 0.2026147)
(0.348959, -0.1381269, 0.2026997)
(0.3490579, -0.1380897, 0.2027838)
(0.3489795, -0.1381049, 0.2028046)
(0.3489275, -0.138072, 0.2028259)
(0.3488584, -0.1380997, 0.2027268)
(0.3488808, -0.1380816, 0.2026486)
(0.3488779, -0.1380243, 0.2026618)
(0.3489287, -0.1380198, 0.20265)
(0.3488195, -0.1381216, 0.2027174)
(0.3485897, -0.1379507, 0.2028239)
(0.3486955, -0.1379509, 0.2029148)
(0.3486738, -0.1380002, 0.2029191)
(0.348474, -0.1378284, 0.2030412)
(0.348526, -0.1378415, 0.2029961)
(0.3483737, -0.1380787, 0.2031233)
(0.3482413, -0.1379991, 0.2031856)
(0.3481815, -0.1380212, 0.2031742)
(0.3482263, -0.1379116, 0.2030213)
(0.3483684, -0.1380811, 0.202885)
(0.3484128, -0.1381187, 0.2028464)
(0.3485858, -0.1378944, 0.2025844)
(0.348521, -0.137713, 0.2027804)
(0.348515, -0.137743, 0.2027192)
(0.3484709, -0.1378238, 0.2027396)
(0.3485014, -0.1377532, 0.2028333)
(0.3485863, -0.137779, 0.2028116)
(0.3484201, -0.1381989, 0.2030592)
(0.3484743, -0.1382625, 0.2030916)
(0.3482447, -0.1381054, 0.2032338)
(0.3484266, -0.1378467, 0.2029479)
(0.3483377, -0.1377068, 0.2030991)
(0.3482702, -0.1377172, 0.2030016)
(0.3483143, -0.1376369, 0.2029048)
(0.3484442, -0.1376371, 0.2030176)
(0.348567, -0.1376288, 0.2030597)
(0.3486245, -0.1376162, 0.2030514)
(0.3486531, -0.1376014, 0.203088)
(0.3487136, -0.1376135, 0.2030848)
(0.3486743, -0.1377237, 0.2031761)
(0.3486507, -0.1376965, 0.2032428)
(0.3486631, -0.1377311, 0.2032794)
(0.3485894, -0.1380131, 0.2035514)
(0.348495, -0.1379871, 0.2035669)
(0.3484504, -0.1380205, 0.2035928)
(0.3484993, -0.137846, 0.2035818)
(0.348516, -0.1377015, 0.203873)
(0.3485372, -0.1373494, 0.2043587)
(0.3486273, -0.1367111, 0.2053041)
(0.348501, -0.1361461, 0.2061828)
(0.3480947, -0.1348028, 0.2078569)
(0.3476746, -0.1327848, 0.2104614)
(0.3475862, -0.1299052, 0.2134501)
(0.3483853, -0.1258845, 0.2164037)
(0.3533511, -0.1146038, 0.2197236)
(0.3561189, -0.1047142, 0.2234213)
(0.3601925, -0.09184027, 0.2261707)
(0.3630197, -0.08133841, 0.2292545)
(0.3663776, -0.06935143, 0.2317957)
(0.3700731, -0.05334258, 0.2357267)
(0.3728232, -0.03984642, 0.2406937)
(0.3758385, -0.02431273, 0.2476126)
(0.3788376, -0.01060915, 0.2540603)
(0.3811181, 0.00526762, 0.2608969)
(0.383146, 0.02122283, 0.2686751)
(0.3857522, 0.03726363, 0.2765355)
(0.3894503, 0.05517888, 0.2842181)
(0.3918052, 0.07107878, 0.2932529)
(0.395124, 0.08515239, 0.302217)
(0.3983977, 0.09930992, 0.3111835)
(0.4004686, 0.1130984, 0.322499)
(0.4029703, 0.125809, 0.3326542)
(0.4061759, 0.1380074, 0.3426678)
(0.4080179, 0.1498818, 0.3545363)
(0.4099138, 0.158084, 0.3673947)
(0.4124212, 0.1678256, 0.3803711)
(0.4139798, 0.1765659, 0.3935251)
(0.4154651, 0.1827159, 0.4067895)
(0.4173341, 0.1879183, 0.4196682)
(0.4191074, 0.191745, 0.4329841)
(0.4204488, 0.1961998, 0.4466069)
(0.4217956, 0.1967646, 0.4602458)
(0.4232867, 0.1989529, 0.4741533)
(0.4243894, 0.2002187, 0.4878953)
(0.4250934, 0.1987802, 0.503329)
(0.4265032, 0.1990168, 0.5167973)
(0.4276843, 0.1984186, 0.529654)
(0.4286318, 0.1959784, 0.5424399)
(0.4305878, 0.1936206, 0.5540094)
(0.4324229, 0.1903319, 0.5647974)
(0.4332671, 0.1851765, 0.5755522)
(0.4351592, 0.1819211, 0.5860415)
(0.436492, 0.1764768, 0.5936553)
(0.4369941, 0.1702735, 0.602742)
(0.4385965, 0.1653711, 0.6096623)
(0.4398429, 0.1606164, 0.6150925)
(0.4401686, 0.1550397, 0.6208417)
(0.4420004, 0.1500196, 0.6244388)
(0.4427443, 0.1460748, 0.6288168)
(0.4424169, 0.1415501, 0.6317749)
(0.4439993, 0.1365085, 0.6349852)
(0.4449236, 0.1308293, 0.6353028)
(0.4453461, 0.1237009, 0.6366146)
(0.446326, 0.1172557, 0.6369746)
(0.4460835, 0.111316, 0.6365876)
(0.4451642, 0.1066747, 0.6360621)
(0.4426477, 0.1028564, 0.6373103)
(0.4472249, 0.1123796, 0.6388323)
(0.4488931, 0.1165516, 0.6365013)
(0.4490111, 0.1146729, 0.635268)
(0.4462616, 0.108494, 0.6322203)
(0.4453604, 0.1079495, 0.6319971)
(0.4475465, 0.1096177, 0.6332588)
(0.4477108, 0.1094406, 0.6344168)
(0.4479208, 0.1092532, 0.6351995)
(0.4473307, 0.1074164, 0.6357899)
(0.4471431, 0.106307, 0.635293)
(0.4484768, 0.1087523, 0.6333313)
(0.4481313, 0.1087301, 0.6326513)
(0.4481494, 0.107475, 0.6315925)
(0.4496074, 0.1076379, 0.6309814)
(0.4498138, 0.1077037, 0.6314843)
(0.4491844, 0.1077826, 0.6322377)
(0.4482758, 0.1080678, 0.6324914)
(0.4481308, 0.1085267, 0.6327968)
(0.4480114, 0.1086521, 0.6326926)
(0.4481516, 0.1084042, 0.6322212)
(0.4483161, 0.1081848, 0.6322834)
(0.4483171, 0.1082771, 0.6321747)
(0.4482639, 0.1084373, 0.6319308)
(0.4483416, 0.108629, 0.6321189)
(0.4482479, 0.1086321, 0.6321852)
(0.4479876, 0.1086161, 0.6322074)
(0.4477837, 0.1086574, 0.6322258)
(0.4476795, 0.108706, 0.6320882)
(0.4481077, 0.1086071, 0.6319325)
(0.4479136, 0.108707, 0.6318679)
(0.4478097, 0.1086574, 0.6317914)
(0.4477575, 0.1086903, 0.6317315)
(0.4478557, 0.1088262, 0.6319318)
(0.4479976, 0.1088066, 0.6318884)
(0.4480267, 0.1087692, 0.6318331)
(0.4479611, 0.108649, 0.6316419)
(0.4477923, 0.1086545, 0.6315913)
(0.4477229, 0.1087525, 0.6314957)
(0.4477928, 0.1087863, 0.6316836)
(0.4478686, 0.1087573, 0.6318109)
(0.4479766, 0.1088166, 0.631813)
(0.4483638, 0.1084325, 0.6317768)
(0.4483249, 0.1083772, 0.6317778)
(0.4484665, 0.1083345, 0.6317561)
(0.4485645, 0.1083062, 0.6320517)
(0.4486969, 0.1081822, 0.6322596)
(0.4490256, 0.108217, 0.6324451)
(0.4491627, 0.1080766, 0.63255)
(0.4490252, 0.1080425, 0.6325231)
(0.4490025, 0.1081221, 0.6323149)
(0.4491072, 0.1082027, 0.6324525)
(0.4493356, 0.1081159, 0.6326389)
(0.4497027, 0.1081069, 0.6327405)
(0.4498971, 0.1079612, 0.6327951)
(0.4500411, 0.10782, 0.6327813)
(0.4501464, 0.1078236, 0.6325443)
(0.4504611, 0.1077676, 0.6325276)
(0.4505236, 0.1077318, 0.6325691)
(0.4509788, 0.1074953, 0.6331768)
(0.4511342, 0.1073384, 0.6335557)
(0.4510477, 0.1071675, 0.63357)
(0.4505906, 0.1072664, 0.6330976)
(0.4505703, 0.1072702, 0.6326654)
(0.4508443, 0.1070356, 0.6323705)
(0.4512069, 0.1066363, 0.6323893)
(0.4513705, 0.1062839, 0.6325917)
(0.4514575, 0.1060569, 0.6328979)
(0.4513993, 0.1060629, 0.6328392)
(0.4509485, 0.1058569, 0.6326144)
(0.4506257, 0.1056402, 0.6324172)
(0.4506524, 0.1055493, 0.6323469)
(0.4509196, 0.1053429, 0.6326983)
(0.4511762, 0.1051171, 0.6329446)
(0.452234, 0.1054399, 0.6328332)
(0.4525974, 0.1053715, 0.6331689)
(0.4526343, 0.1052358, 0.6333792)
(0.4521244, 0.1051607, 0.6335967)
(0.45122, 0.1053572, 0.6338282)
(0.4506593, 0.1056476, 0.6342399)
(0.4499834, 0.1063521, 0.6347265)
(0.4494767, 0.1074786, 0.6355963)
(0.4491429, 0.1090305, 0.6368437)
(0.4489563, 0.1116245, 0.6392143)
(0.4484701, 0.1137321, 0.6422002)
(0.4490438, 0.1164942, 0.6471672)
(0.4508252, 0.1178901, 0.652277)
(0.4515996, 0.1183317, 0.6547194)
(0.4545765, 0.1248028, 0.656476)
(0.4600432, 0.1437311, 0.6543965)
(0.4601663, 0.1638466, 0.6518242)
(0.4590648, 0.1819142, 0.652137)
(0.4591602, 0.1979189, 0.6484261)
(0.4605492, 0.2113817, 0.6456513)
(0.457986, 0.2245765, 0.6373482)
(0.4559681, 0.2417309, 0.6305459)
(0.4586271, 0.2575045, 0.6300895)
(0.4572389, 0.2726099, 0.6281781)
(0.4552727, 0.2881489, 0.626899)
(0.4547863, 0.30558, 0.6276002)
(0.4530025, 0.323086, 0.6288161)
(0.4525294, 0.3405826, 0.6332986)
(0.4509408, 0.3571442, 0.6362972)
(0.4498525, 0.3732851, 0.6408157)
(0.4492273, 0.3872075, 0.6470468)
(0.4475586, 0.3991419, 0.6539667)
(0.4468539, 0.4104805, 0.6617351)
(0.4462507, 0.4221362, 0.6680887)
(0.4448223, 0.4283178, 0.6771348)
(0.443886, 0.4384074, 0.6859739)
(0.4436858, 0.442589, 0.6968477)
(0.4427667, 0.447942, 0.7062013)
(0.4428039, 0.4527645, 0.7167962)
(0.4430783, 0.4562221, 0.7283692)
(0.4441411, 0.4564124, 0.7402117)
(0.4453495, 0.4572076, 0.752301)
(0.4465349, 0.4570758, 0.7644894)
(0.4484823, 0.4535497, 0.7782805)
(0.4505613, 0.452585, 0.7916656)
(0.4525771, 0.44822, 0.8054767)
(0.4552701, 0.4432019, 0.8196077)
(0.4570194, 0.4374106, 0.8338549)
(0.4587677, 0.4314091, 0.8491898)
(0.461153, 0.4249884, 0.8627443)
(0.4609187, 0.4177384, 0.8801904)
(0.4656149, 0.4147254, 0.8889737)
(0.4672155, 0.4094481, 0.9012671)
(0.4697094, 0.4030266, 0.9120231)
(0.4695774, 0.3965641, 0.9224334)
(0.4715693, 0.3897969, 0.9312205)
(0.4729173, 0.3843923, 0.9395146)
(0.4730062, 0.3777577, 0.9486682)
(0.4739059, 0.3727168, 0.9554579)
(0.4754751, 0.3673254, 0.9593685)
(0.4731661, 0.3638605, 0.9661837)
(0.4773573, 0.3572782, 0.9683969)
(0.4761131, 0.3540667, 0.9724863)
(0.4786839, 0.3658553, 0.9669402)
(0.4791391, 0.3654786, 0.9634633)
(0.4773858, 0.3634171, 0.9566319)
(0.475395, 0.3589717, 0.9557467)
(0.475787, 0.3569125, 0.9560916)
(0.4770546, 0.3571548, 0.9582202)
(0.48005, 0.3612732, 0.9606864)
(0.4812551, 0.3611588, 0.9627161)
(0.4793258, 0.3584691, 0.9634542)
(0.4797717, 0.358372, 0.9640493)
(0.4797083, 0.3586279, 0.9640198)
(0.4805323, 0.3582369, 0.9615743)
(0.4814125, 0.358428, 0.9595361)
(0.481143, 0.357806, 0.9589117)
(0.4809151, 0.3580661, 0.9591196)
(0.4809687, 0.3591731, 0.9585905)
(0.4804513, 0.3592668, 0.9592717)
(0.4800719, 0.3590504, 0.9594989)
(0.4802806, 0.3594328, 0.9589951)
(0.4804119, 0.3591899, 0.9587138)
(0.4808186, 0.359026, 0.9585311)
(0.4814326, 0.3589727, 0.9584165)
(0.4818777, 0.358935, 0.9584796)
(0.4820645, 0.3587643, 0.9584019)
(0.4822066, 0.3587203, 0.9584954)
(0.4820611, 0.358693, 0.9585898)
(0.4819195, 0.3586926, 0.9589117)
(0.4816287, 0.3586036, 0.9590564)
(0.4814563, 0.3586044, 0.9591706)
(0.4813946, 0.3585838, 0.9591484)
(0.4814479, 0.3586591, 0.9590294)
(0.4815109, 0.3587164, 0.9591782)
(0.4815173, 0.3586882, 0.9592843)
(0.4814901, 0.3586572, 0.959393)
(0.4814272, 0.358691, 0.9594934)
(0.4815432, 0.3586682, 0.9595184)
(0.4816916, 0.3586241, 0.9594483)
(0.4818271, 0.3586043, 0.9593077)
(0.4820592, 0.358386, 0.9590392)
(0.4819947, 0.3583739, 0.9589915)
(0.481953, 0.3583969, 0.9590356)
(0.4817746, 0.3584232, 0.9591224)
(0.4817417, 0.3585309, 0.9590864)
(0.4817468, 0.3585234, 0.9590907)
(0.4816306, 0.3586537, 0.9590456)
(0.4815366, 0.3586705, 0.9588704)
(0.4814646, 0.3586957, 0.9588437)
(0.4814349, 0.3587314, 0.959017)
(0.4812677, 0.3587418, 0.959085)
