(1.327733, 1.746577, 0.63939)
(1.327912, 1.746264, 0.6399941)
(1.328296, 1.745997, 0.6406107)
(1.328736, 1.74571, 0.6413085)
(1.329213, 1.745403, 0.6418242)
(1.329646, 1.745075, 0.6425116)
(1.330111, 1.744628, 0.6433134)
(1.33042, 1.744123, 0.6442242)
(1.331123, 1.743598, 0.6453583)
(1.331912, 1.743135, 0.6464922)
(1.33304, 1.742865, 0.6476858)
(1.334136, 1.742573, 0.648982)
(1.335521, 1.742256, 0.6503468)
(1.336808, 1.741785, 0.651782)
(1.338512, 1.74145, 0.6532016)
(1.339973, 1.741053, 0.6539903)
(1.341818, 1.740664, 0.6551824)
(1.34374, 1.740286, 0.6560206)
(1.345628, 1.739862, 0.6565175)
(1.34773, 1.73945, 0.6570997)
(1.349902, 1.739216, 0.6579611)
(1.352156, 1.738886, 0.6583238)
(1.354714, 1.738515, 0.6588349)
(1.357449, 1.738331, 0.6594272)
(1.360097, 1.738262, 0.6599383)
(1.362771, 1.738154, 0.6607578)
(1.365433, 1.738258, 0.6616483)
(1.368007, 1.738241, 0.6626101)
(1.370426, 1.737988, 0.6639733)
(1.372924, 1.737641, 0.6653116)
(1.374793, 1.736777, 0.6668873)
(1.377078, 1.735841, 0.6688039)
(1.378835, 1.734897, 0.6704259)
(1.380009, 1.733638, 0.671865)
(1.381323, 1.732704, 0.6731229)
(1.381929, 1.731954, 0.6748772)
(1.382616, 1.731351, 0.6764095)
(1.383429, 1.731287, 0.6775641)
(1.384256, 1.731012, 0.6790659)
(1.384731, 1.731426, 0.6808798)
(1.385157, 1.731425, 0.6828628)
(1.385852, 1.731822, 0.6846392)
(1.386395, 1.732403, 0.6865747)
(1.386811, 1.732588, 0.6889873)
(1.387699, 1.733029, 0.6910663)
(1.38829, 1.733514, 0.6931462)
(1.389149, 1.73388, 0.695817)
(1.389902, 1.734259, 0.6985908)
(1.390444, 1.734355, 0.7011085)
(1.391033, 1.734414, 0.7041674)
(1.391555, 1.734691, 0.7070844)
(1.39193, 1.734424, 0.7100606)
(1.392577, 1.734378, 0.7129853)
(1.393015, 1.734108, 0.7162704)
(1.393242, 1.733682, 0.7193394)
(1.393627, 1.733305, 0.7226894)
(1.393678, 1.732981, 0.7262747)
(1.393797, 1.732408, 0.7299044)
(1.393873, 1.731708, 0.7341309)
(1.393854, 1.731203, 0.738333)
(1.393974, 1.730595, 0.7426805)
(1.394021, 1.730117, 0.7468061)
(1.393901, 1.729459, 0.751472)
(1.393672, 1.728628, 0.7560639)
(1.393391, 1.727669, 0.7609897)
(1.393153, 1.726774, 0.7658577)
(1.392695, 1.725885, 0.7708354)
(1.392481, 1.725005, 0.775948)
(1.392284, 1.724195, 0.7806561)
(1.38995, 1.723401, 0.7884254)
(1.389081, 1.722409, 0.7945151)
(1.388443, 1.720816, 0.8015628)
(1.385958, 1.720582, 0.8076005)
(1.384148, 1.719736, 0.8143859)
(1.382461, 1.719124, 0.8206034)
(1.380592, 1.719068, 0.8273866)
(1.378856, 1.719119, 0.8344898)
(1.377071, 1.719244, 0.8411932)
(1.374785, 1.720004, 0.8483019)
(1.372548, 1.720692, 0.8555944)
(1.370569, 1.721837, 0.8626947)
(1.368576, 1.723492, 0.870275)
(1.366553, 1.725503, 0.8778117)
(1.364699, 1.727594, 0.8850846)
(1.362778, 1.731097, 0.8923469)
(1.360288, 1.733985, 0.9006765)
(1.358081, 1.737761, 0.9077339)
(1.355485, 1.742076, 0.9146528)
(1.352491, 1.746427, 0.921829)
(1.349985, 1.750965, 0.9285314)
(1.347548, 1.756256, 0.9351335)
(1.345036, 1.761431, 0.9414606)
(1.343271, 1.766462, 0.947674)
(1.34133, 1.771648, 0.9531269)
(1.339056, 1.776662, 0.9592216)
(1.336984, 1.781562, 0.9648123)
(1.335578, 1.786158, 0.9695954)
(1.334321, 1.791006, 0.9740458)
(1.332692, 1.795815, 0.9785044)
(1.331946, 1.8002, 0.9828501)
(1.331103, 1.804697, 0.9866819)
(1.33003, 1.808722, 0.9902823)
(1.328931, 1.812802, 0.9940646)
(1.328736, 1.817084, 0.9977193)
(1.327722, 1.821003, 1.000894)
(1.327601, 1.82462, 1.004306)
(1.32757, 1.827952, 1.007138)
(1.327194, 1.8313, 1.009916)
(1.327631, 1.834553, 1.013356)
(1.328046, 1.837666, 1.016012)
(1.328335, 1.840201, 1.018436)
(1.329131, 1.842644, 1.021166)
(1.329844, 1.845371, 1.023839)
(1.330732, 1.847541, 1.026217)
(1.331544, 1.849505, 1.028536)
(1.332413, 1.851349, 1.030958)
(1.333058, 1.853054, 1.033367)
(1.333962, 1.854802, 1.036005)
(1.335019, 1.856314, 1.038369)
(1.335901, 1.857449, 1.040666)
(1.336933, 1.858622, 1.0433)
(1.33792, 1.859946, 1.046107)
(1.339114, 1.860868, 1.048543)
(1.340254, 1.861657, 1.051316)
(1.341613, 1.86287, 1.053829)
(1.343085, 1.863505, 1.056721)
(1.344419, 1.864394, 1.059832)
(1.345788, 1.865115, 1.063037)
(1.347293, 1.865641, 1.066233)
(1.348775, 1.866275, 1.069863)
(1.350335, 1.866917, 1.073689)
(1.352085, 1.867188, 1.077025)
(1.35365, 1.867472, 1.080678)
(1.35548, 1.86776, 1.084328)
(1.357344, 1.867627, 1.087952)
(1.359013, 1.867774, 1.091618)
(1.360988, 1.867436, 1.095649)
(1.36284, 1.867544, 1.099308)
(1.364967, 1.867186, 1.103203)
(1.367631, 1.866553, 1.10726)
(1.369614, 1.866402, 1.111094)
(1.37158, 1.866253, 1.114893)
(1.373557, 1.866103, 1.118712)
(1.379497, 1.864959, 1.12433)
(1.382545, 1.864467, 1.128819)
(1.384931, 1.862885, 1.13248)
(1.38857, 1.862802, 1.137414)
(1.392257, 1.862272, 1.142503)
(1.39678, 1.861753, 1.147792)
(1.400591, 1.861362, 1.153188)
(1.404743, 1.860842, 1.158584)
(1.408964, 1.860238, 1.164431)
(1.413376, 1.859631, 1.17027)
(1.417516, 1.858936, 1.175626)
(1.421658, 1.858368, 1.181352)
(1.426119, 1.858152, 1.187016)
(1.430406, 1.858103, 1.192554)
(1.434998, 1.858469, 1.198694)
(1.439747, 1.858951, 1.204206)
(1.444015, 1.859961, 1.209796)
(1.448234, 1.862044, 1.215568)
(1.452962, 1.864065, 1.220911)
(1.45758, 1.865855, 1.226143)
(1.461611, 1.868321, 1.231542)
(1.466493, 1.871217, 1.23631)
(1.470534, 1.874645, 1.241067)
(1.474953, 1.878137, 1.246552)
(1.478879, 1.881578, 1.251207)
(1.482121, 1.885551, 1.255368)
(1.485803, 1.889026, 1.259851)
(1.488897, 1.892751, 1.264074)
(1.491538, 1.896526, 1.267847)
(1.494008, 1.900418, 1.271146)
(1.496571, 1.904342, 1.27439)
(1.498572, 1.90828, 1.277441)
(1.500692, 1.912719, 1.280304)
(1.502914, 1.916669, 1.283008)
(1.504141, 1.920663, 1.285103)
(1.506155, 1.924555, 1.287163)
(1.507159, 1.928615, 1.289081)
(1.508212, 1.932588, 1.290817)
(1.509007, 1.936738, 1.292288)
(1.509406, 1.94097, 1.293831)
(1.510041, 1.945028, 1.295355)
(1.510231, 1.949286, 1.297)
(1.510624, 1.953412, 1.298522)
(1.51073, 1.95712, 1.299393)
(1.510956, 1.960876, 1.300541)
(1.510971, 1.964523, 1.301724)
(1.510965, 1.968012, 1.302756)
(1.51101, 1.971792, 1.303642)
(1.511065, 1.975063, 1.304571)
(1.510771, 1.977914, 1.305511)
(1.510639, 1.981457, 1.306103)
(1.510517, 1.984225, 1.306797)
(1.510124, 1.986932, 1.307498)
(1.509623, 1.989329, 1.308274)
(1.508823, 1.991388, 1.309041)
(1.508132, 1.993562, 1.309681)
(1.507756, 1.996197, 1.310186)
(1.506682, 1.997902, 1.310815)
(1.50613, 1.999535, 1.311187)
(1.504882, 2.001093, 1.311489)
(1.50416, 2.002542, 1.311856)
(1.503297, 2.003907, 1.312626)
(1.502535, 2.005589, 1.312833)
(1.502535, 2.005589, 1.312833)
(1.500279, 2.007533, 1.313362)
(1.498982, 2.008313, 1.313577)
(1.497747, 2.009186, 1.31385)
(1.495923, 2.009664, 1.313878)
(1.494661, 2.010163, 1.313759)
(1.493285, 2.01064, 1.313898)
(1.491666, 2.010314, 1.313512)
(1.490114, 2.010271, 1.313182)
(1.488178, 2.009642, 1.312675)
(1.486317, 2.009207, 1.312419)
(1.483962, 2.008513, 1.312101)
(1.482102, 2.008096, 1.311625)
(1.479825, 2.00735, 1.310749)
(1.477459, 2.006911, 1.309898)
(1.47536, 2.006816, 1.308898)
(1.473203, 2.008266, 1.30835)
(1.471122, 2.010582, 1.308275)
(1.469682, 2.012901, 1.308071)
(1.467929, 2.015294, 1.308184)
(1.465732, 2.016689, 1.308696)
(1.464095, 2.01848, 1.30833)
(1.462448, 2.020392, 1.307714)
(1.460958, 2.022706, 1.307125)
(1.45954, 2.024596, 1.306601)
(1.458399, 2.026347, 1.306366)
(1.457335, 2.027959, 1.306012)
(1.455659, 2.029422, 1.30614)
(1.453958, 2.030461, 1.306161)
(1.452263, 2.031862, 1.306014)
(1.450564, 2.032527, 1.306226)
(1.448817, 2.033066, 1.306743)
(1.44711, 2.033737, 1.306904)
(1.445374, 2.034309, 1.307365)
(1.44363, 2.034333, 1.307952)
(1.442109, 2.034834, 1.308041)
(1.440352, 2.035082, 1.308316)
(1.438632, 2.035377, 1.308362)
(1.437115, 2.03567, 1.308524)
(1.435736, 2.036026, 1.308584)
(1.434417, 2.036416, 1.308909)
