(0.1489143, -0.1393056, 0.3640466)
(0.1491425, -0.1393874, 0.3639424)
(0.149122, -0.13942, 0.3639467)
(0.1491988, -0.1393814, 0.36396)
(0.1491549, -0.1393993, 0.3639286)
(0.149142, -0.1394184, 0.3639395)
(0.1493373, -0.1392572, 0.3637877)
(0.1494181, -0.1393292, 0.3637409)
(0.1493981, -0.1393363, 0.3637161)
(0.1494718, -0.1393085, 0.3637323)
(0.1495183, -0.1393483, 0.3637483)
(0.149549, -0.1393678, 0.3637962)
(0.1496105, -0.1394551, 0.3638532)
(0.1496627, -0.1394906, 0.3638732)
(0.1493354, -0.1394439, 0.3637528)
(0.1493309, -0.1394951, 0.3638184)
(0.1493218, -0.1395082, 0.3639023)
(0.1492922, -0.139524, 0.3639536)
(0.1492836, -0.1395483, 0.3639085)
(0.1492944, -0.1395743, 0.3639143)
(0.1492908, -0.1395271, 0.3640044)
(0.1492603, -0.1394901, 0.363955)
(0.1492302, -0.1395025, 0.3639812)
(0.1494005, -0.1397414, 0.363848)
(0.1493628, -0.13973, 0.3638628)
(0.1493917, -0.1398835, 0.3640785)
(0.1493654, -0.1398568, 0.3641803)
(0.149394, -0.13989, 0.3642449)
(0.1491268, -0.139967, 0.3641853)
(0.1491084, -0.1400454, 0.364197)
(0.1490338, -0.1399679, 0.3639843)
(0.1490262, -0.1399953, 0.3640122)
(0.1491067, -0.1400113, 0.3640604)
(0.1492612, -0.1397939, 0.3639138)
(0.1493139, -0.1397128, 0.364109)
(0.1493368, -0.1397057, 0.3641362)
(0.1493247, -0.1397324, 0.3642449)
(0.1493499, -0.1397195, 0.3642404)
(0.1493583, -0.1397171, 0.3642144)
(0.1493542, -0.1398027, 0.3643289)
(0.1493998, -0.1398816, 0.3642259)
(0.1491642, -0.1398997, 0.3641067)
(0.1492214, -0.1398132, 0.3640676)
(0.1492293, -0.1398168, 0.3640461)
(0.1490741, -0.1398325, 0.3639429)
(0.1490965, -0.1397824, 0.3639488)
(0.1491287, -0.1397533, 0.3640206)
(0.1491809, -0.1397567, 0.3640783)
(0.1491864, -0.1397736, 0.3641584)
(0.14921, -0.1397443, 0.3642159)
(0.149224, -0.1397684, 0.364254)
(0.1490741, -0.1397512, 0.3641825)
(0.1490929, -0.1397326, 0.3642745)
(0.1491501, -0.1397679, 0.3642786)
(0.1492174, -0.1397042, 0.3643396)
(0.1492207, -0.1397018, 0.3643997)
(0.149245, -0.1397805, 0.3643327)
(0.1491902, -0.1397743, 0.3644304)
(0.1492114, -0.1399448, 0.3642583)
(0.1489627, -0.1399839, 0.3641026)
(0.1489153, -0.1400411, 0.3641701)
(0.1488206, -0.1399987, 0.3642254)
(0.1487229, -0.1400092, 0.364207)
(0.1486957, -0.1399744, 0.3642333)
(0.1486812, -0.1400228, 0.3642421)
(0.1486499, -0.1400299, 0.3642435)
(0.1488302, -0.1396832, 0.3639886)
(0.1489341, -0.1398075, 0.3638856)
(0.1490729, -0.1397855, 0.3640037)
(0.1491947, -0.139612, 0.363904)
(0.149209, -0.1395595, 0.3639259)
(0.1492934, -0.1395056, 0.3639755)
(0.14922, -0.1396456, 0.3641493)
(0.1492362, -0.1396217, 0.3641655)
(0.1493001, -0.1396217, 0.3641829)
(0.1492074, -0.1394851, 0.3640573)
(0.1492214, -0.139477, 0.364044)
(0.1490998, -0.1394558, 0.3639908)
(0.1491616, -0.1393375, 0.3639715)
(0.1491189, -0.1393163, 0.3638885)
(0.1491728, -0.139308, 0.3638823)
(0.14908, -0.1393092, 0.3638513)
(0.1491127, -0.1393425, 0.3637674)
(0.1491225, -0.1393108, 0.3637712)
(0.1491129, -0.1393108, 0.3638723)
(0.1491041, -0.1393001, 0.363832)
(0.1491976, -0.1393976, 0.3637404)
(0.1491997, -0.1394248, 0.363786)
(0.1492522, -0.1394763, 0.3637409)
(0.149111, -0.139467, 0.3636448)
(0.1491222, -0.1394413, 0.3636558)
(0.1489608, -0.139704, 0.3638616)
(0.1490023, -0.1397445, 0.363842)
(0.1490488, -0.139848, 0.3639255)
(0.1490552, -0.1398447, 0.3639977)
(0.1490703, -0.1398637, 0.3640404)
(0.1493027, -0.1395421, 0.3638241)
(0.1493659, -0.1395094, 0.363852)
(0.1493909, -0.1394477, 0.3639083)
(0.1490211, -0.1394732, 0.3636687)
(0.1490386, -0.1394451, 0.3637025)
(0.1491718, -0.1395757, 0.3635709)
(0.1489952, -0.1397417, 0.363677)
(0.1490097, -0.1397209, 0.3636875)
(0.1489222, -0.1399195, 0.363414)
(0.1489301, -0.1398752, 0.3634026)
(0.1489327, -0.1399007, 0.3634036)
(0.1488593, -0.1397054, 0.3636057)
(0.1488416, -0.1397367, 0.3636873)
(0.1488519, -0.1397424, 0.3636994)
(0.1488681, -0.1397765, 0.363729)
(0.1490579, -0.1396322, 0.3637364)
(0.1491067, -0.1396575, 0.3637698)
(0.1489754, -0.1396701, 0.3636756)
(0.1490715, -0.1395316, 0.3636019)
(0.1491187, -0.1395104, 0.3636296)
(0.1492138, -0.1396172, 0.3635521)
(0.1494069, -0.1395884, 0.3636656)
(0.14922, -0.1399467, 0.3638749)
(0.149178, -0.1398985, 0.3639832)
(0.1492224, -0.1399109, 0.3640277)
(0.1490793, -0.1399162, 0.3639116)
(0.1490881, -0.1397233, 0.363816)
(0.1489382, -0.1397579, 0.3636653)
(0.1491296, -0.1394267, 0.3633578)
(0.1492157, -0.1393592, 0.36344)
(0.1491697, -0.1394632, 0.3635776)
(0.1492453, -0.1394689, 0.3636236)
(0.1493368, -0.1394897, 0.363663)
(0.1494732, -0.1395307, 0.3639171)
(0.1496119, -0.1397419, 0.3638077)
(0.149534, -0.1397853, 0.3638101)
(0.1494963, -0.139853, 0.3638833)
(0.1494882, -0.1398869, 0.3640537)
(0.1496296, -0.140002, 0.3642013)
(0.1497002, -0.1398523, 0.3641603)
(0.1496634, -0.1398709, 0.36431)
(0.1495252, -0.1399648, 0.3642867)
(0.1492479, -0.140075, 0.3643765)
(0.1493444, -0.1401205, 0.3644602)
(0.1493919, -0.1401186, 0.3644779)
(0.1497128, -0.1398723, 0.3643279)
(0.1497488, -0.1398528, 0.3643444)
(0.1497457, -0.139801, 0.3642426)
(0.1495292, -0.1401072, 0.364517)
(0.1495335, -0.1400583, 0.3646507)
(0.1502728, -0.140944, 0.3639095)
(0.1498775, -0.1410503, 0.3636699)
(0.1497979, -0.1409791, 0.3633666)
(0.1497424, -0.1408837, 0.3634427)
(0.1499627, -0.140753, 0.3633449)
(0.150135, -0.1408923, 0.363215)
(0.1501253, -0.1408911, 0.3631561)
(0.1499705, -0.1411595, 0.3633404)
(0.1500494, -0.1411645, 0.3634663)
(0.1501234, -0.1412508, 0.3634171)
(0.1503282, -0.1410751, 0.3632534)
(0.1503675, -0.1410623, 0.3632553)
(0.1501753, -0.1411021, 0.3630705)
(0.1502542, -0.141041, 0.3629832)
(0.1497931, -0.1404762, 0.3634207)
(0.1497004, -0.1404576, 0.3633993)
(0.1494567, -0.1407127, 0.3637121)
(0.1493053, -0.1407537, 0.3635557)
(0.1492975, -0.140739, 0.3635719)
(0.1494749, -0.1406534, 0.363683)
(0.1493814, -0.1406364, 0.3637106)
(0.149303, -0.1406555, 0.3637223)
(0.1493542, -0.1405816, 0.3637118)
(0.149296, -0.1406415, 0.3635406)
(0.1494393, -0.1405973, 0.3636124)
(0.1492589, -0.1407495, 0.3637834)
(0.1492915, -0.1407583, 0.3639011)
(0.1494458, -0.1411664, 0.3635936)
(0.1495352, -0.1410594, 0.3634887)
(0.1495502, -0.1411593, 0.3634343)
(0.1495433, -0.1411951, 0.36341)
(0.1494639, -0.1413517, 0.3635175)
(0.1492426, -0.1410387, 0.3638198)
(0.149404, -0.1410232, 0.3639269)
(0.1494737, -0.140897, 0.363874)
(0.1493504, -0.1409986, 0.3636611)
(0.1493287, -0.1410091, 0.3637171)
(0.1492836, -0.1410995, 0.3638341)
(0.1492875, -0.1412427, 0.3636892)
(0.1493556, -0.1412375, 0.3637569)
(0.1494088, -0.1410484, 0.3636308)
(0.1492453, -0.1409802, 0.3636942)
(0.1492682, -0.1409564, 0.3637695)
(0.1493292, -0.1408913, 0.3637748)
(0.1493239, -0.1410286, 0.3635709)
(0.1493766, -0.1410306, 0.3635554)
(0.1494017, -0.1409562, 0.3634524)
(0.1494372, -0.1409283, 0.3634679)
(0.1493897, -0.1408384, 0.3635502)
(0.1493125, -0.1408005, 0.363488)
(0.1491294, -0.1410217, 0.3637333)
(0.1491034, -0.1410518, 0.3637047)
(0.1491661, -0.1409998, 0.3638334)
(0.1489987, -0.1411691, 0.3639972)
(0.148844, -0.1412609, 0.3640437)
(0.148706, -0.1413155, 0.364048)
(0.1489308, -0.1409965, 0.3638248)
(0.1490426, -0.1410434, 0.3640842)
(0.149266, -0.1412318, 0.3639927)
(0.1492708, -0.1412513, 0.3640897)
(0.149061, -0.1416416, 0.3645175)
(0.1488693, -0.1417334, 0.3645537)
(0.1490042, -0.1420288, 0.3645957)
(0.1493561, -0.1416976, 0.3643763)
(0.1495321, -0.1416993, 0.3644583)
(0.1502671, -0.1416016, 0.3648658)
(0.1507492, -0.1411297, 0.3649733)
(0.1507494, -0.1406388, 0.3658724)
(0.1505485, -0.1406608, 0.3661933)
(0.1502385, -0.1405528, 0.3676188)
(0.15011, -0.1405599, 0.3694031)
(0.1500649, -0.1402659, 0.3704405)
(0.1496146, -0.1383085, 0.3724298)
(0.1487918, -0.1369538, 0.3749037)
(0.1478453, -0.1361909, 0.3778288)
(0.1466975, -0.1358273, 0.3813651)
(0.1451204, -0.1358743, 0.3848546)
(0.1445851, -0.1348681, 0.388962)
(0.1428821, -0.1324384, 0.3946269)
(0.139596, -0.1278408, 0.4010956)
(0.1355572, -0.1214139, 0.4076421)
(0.1304007, -0.1169062, 0.4156182)
(0.1280444, -0.1116753, 0.4207842)
(0.1280458, -0.1073577, 0.4244998)
(0.1230128, -0.100651, 0.4342144)
(0.1208146, -0.09354591, 0.4389687)
(0.1260512, -0.08138704, 0.4419823)
(0.1234961, -0.06385422, 0.4473743)
(0.1261277, -0.05086231, 0.4526138)
(0.1227031, -0.03731251, 0.4555995)
(0.1189547, -0.02239347, 0.4575267)
(0.1161332, -0.007318974, 0.4595814)
(0.1143401, 0.01266336, 0.4613082)
(0.1132264, 0.03978443, 0.4666498)
(0.1118569, 0.06283474, 0.472374)
(0.111814, 0.08619094, 0.4777358)
(0.1111901, 0.1093147, 0.4835446)
(0.1126437, 0.1335926, 0.4927263)
(0.1148388, 0.1558009, 0.5010965)
(0.1176522, 0.1816044, 0.5140622)
(0.1225975, 0.2055925, 0.5265868)
(0.1268306, 0.226946, 0.5402412)
(0.1300931, 0.2469079, 0.5545564)
(0.1343756, 0.2682, 0.5669072)
(0.1371047, 0.2871979, 0.5822005)
(0.1406939, 0.3055567, 0.5977094)
(0.1448166, 0.3243256, 0.6119301)
(0.1477761, 0.3420575, 0.628047)
(0.1519904, 0.3580195, 0.6461713)
(0.1552317, 0.3717779, 0.6615877)
(0.1575692, 0.3850939, 0.678241)
(0.1612554, 0.3940274, 0.6957109)
(0.1648545, 0.4054193, 0.711453)
(0.1676686, 0.414083, 0.7287931)
(0.1714029, 0.4227636, 0.7463465)
(0.1745307, 0.4279648, 0.7629671)
(0.1772058, 0.4345982, 0.7801385)
(0.1811025, 0.4389126, 0.7988226)
(0.1846251, 0.4409934, 0.8158114)
(0.1885402, 0.4436386, 0.8326044)
(0.1930153, 0.4430524, 0.8490796)
(0.1967332, 0.4435418, 0.865845)
(0.2011414, 0.4431884, 0.88153)
(0.2054052, 0.4430363, 0.8969233)
(0.2087963, 0.439454, 0.9112983)
(0.2122116, 0.4376463, 0.9250312)
(0.2157757, 0.4335595, 0.9377806)
(0.2181597, 0.4295856, 0.950351)
(0.2216887, 0.4256463, 0.9604235)
(0.2251866, 0.4217052, 0.9696057)
(0.2275455, 0.4175227, 0.9797106)
(0.2317142, 0.413406, 0.9862752)
(0.2347231, 0.4100668, 0.9924297)
(0.236244, 0.4057415, 0.9993386)
(0.2384908, 0.4018461, 1.004692)
(0.2398922, 0.3980223, 1.009768)
(0.2397497, 0.3930426, 1.014733)
(0.2403738, 0.3886381, 1.018086)
(0.2411215, 0.3847564, 1.021245)
(0.2420375, 0.3806471, 1.025275)
(0.2438123, 0.3771752, 1.027147)
(0.2451808, 0.3749758, 1.028578)
(0.2461009, 0.3731612, 1.030095)
(0.2473712, 0.3705982, 1.031118)
(0.249279, 0.3699373, 1.030393)
(0.2498419, 0.3692248, 1.030781)
(0.2508028, 0.3680391, 1.028881)
(0.2504933, 0.3677478, 1.0291)
(0.2485857, 0.3660864, 1.028094)
(0.2484388, 0.3649422, 1.026849)
(0.2471204, 0.3656287, 1.025752)
(0.2480364, 0.3667915, 1.025411)
(0.2491689, 0.3662786, 1.025455)
(0.2497613, 0.3656875, 1.028049)
(0.2500372, 0.3646878, 1.029492)
(0.2494204, 0.3632365, 1.031171)
(0.2486503, 0.3625979, 1.030503)
(0.249105, 0.3630546, 1.029129)
(0.2495325, 0.3636191, 1.027886)
(0.2501395, 0.3632802, 1.026743)
(0.2500346, 0.3631027, 1.026202)
(0.2502437, 0.3630742, 1.026123)
(0.2501364, 0.3623959, 1.02639)
(0.2497344, 0.3620076, 1.027497)
(0.2494183, 0.3619634, 1.028533)
(0.2491803, 0.3617272, 1.029259)
(0.2489536, 0.3614932, 1.029514)
(0.2484601, 0.3610066, 1.029137)
(0.2481892, 0.3608515, 1.028817)
(0.2478814, 0.360701, 1.028483)
(0.2478538, 0.3605038, 1.028211)
(0.2480769, 0.3609009, 1.028391)
(0.2481883, 0.3609238, 1.028741)
(0.2476599, 0.3601139, 1.029386)
(0.2473617, 0.3599474, 1.029598)
(0.24704, 0.3595831, 1.029699)
(0.2467785, 0.3594296, 1.02933)
(0.2472548, 0.3593729, 1.02976)
(0.2473001, 0.3594607, 1.030472)
(0.2474358, 0.3594425, 1.030323)
(0.2464333, 0.3594769, 1.029053)
(0.2462387, 0.3594246, 1.028929)
(0.2463157, 0.3592075, 1.029561)
(0.2461286, 0.3591131, 1.02974)
(0.2462077, 0.3585602, 1.030905)
(0.2459662, 0.3590348, 1.031407)
(0.2460384, 0.3588676, 1.030687)
(0.2469952, 0.3596514, 1.029657)
(0.2470975, 0.3598802, 1.029548)
(0.246954, 0.3597893, 1.029647)
(0.2470326, 0.3595577, 1.029921)
(0.2466199, 0.3594341, 1.030107)
(0.2467024, 0.3595635, 1.029644)
(0.2470756, 0.3596152, 1.029565)
(0.2472837, 0.3595185, 1.029464)
(0.247539, 0.3596057, 1.029372)
(0.2475114, 0.359726, 1.029363)
(0.2476444, 0.359781, 1.029431)
(0.2470629, 0.3592261, 1.029805)
(0.2469814, 0.3591881, 1.029725)
(0.2466991, 0.3592607, 1.029484)
(0.2468376, 0.3592998, 1.029466)
(0.2469859, 0.3591839, 1.029104)
(0.2472866, 0.3592021, 1.028961)
(0.2471328, 0.3597848, 1.029545)
(0.2470098, 0.3598963, 1.029427)
(0.2472882, 0.3598821, 1.029849)
(0.2471523, 0.3598845, 1.029651)
(0.2470312, 0.3598835, 1.029581)
(0.2470815, 0.359957, 1.029516)
(0.2469034, 0.3597628, 1.029644)
(0.2470055, 0.3597951, 1.029678)
(0.2471178, 0.3597828, 1.029699)
(0.2470996, 0.3595741, 1.029507)
(0.2471571, 0.3595268, 1.029332)
(0.2468805, 0.3594754, 1.02915)
(0.2468457, 0.3596265, 1.029219)
(0.2470362, 0.3595979, 1.029246)
(0.2471433, 0.3595234, 1.029085)
(0.2470646, 0.3593017, 1.029252)
(0.2468386, 0.3597318, 1.02942)
(0.2467091, 0.3597758, 1.029431)
(0.2468877, 0.3597426, 1.029461)
(0.2473969, 0.3600925, 1.02909)
(0.2476897, 0.3601546, 1.029026)
(0.2479856, 0.3602203, 1.028911)
(0.2482221, 0.3601298, 1.029177)
(0.248245, 0.3602381, 1.029374)
(0.248569, 0.3598381, 1.029132)
(0.2481608, 0.3597426, 1.029014)
(0.2480149, 0.3597573, 1.029283)
(0.2480447, 0.3597728, 1.029253)
(0.248291, 0.359804, 1.028967)
(0.2484634, 0.3597543, 1.028557)
(0.248735, 0.3596163, 1.02838)
(0.2488968, 0.3599135, 1.028401)
(0.2489064, 0.3601158, 1.028524)
(0.2493014, 0.3601983, 1.028508)
(0.2498498, 0.3597589, 1.028593)
(0.2502825, 0.3598871, 1.028539)
(0.2507691, 0.3601444, 1.028696)
(0.2509961, 0.3602569, 1.028687)
(0.2502646, 0.3604887, 1.028665)
(0.2498159, 0.3605642, 1.028817)
(0.2491555, 0.3603091, 1.028511)
(0.249223, 0.3603932, 1.028858)
(0.2497854, 0.3603612, 1.028754)
(0.250282, 0.3605802, 1.028874)
(0.2500622, 0.3608271, 1.028785)
(0.2499099, 0.3608348, 1.02842)
(0.2499063, 0.3607855, 1.028422)
(0.2500365, 0.3608149, 1.028401)
(0.2502139, 0.3606414, 1.028161)
(0.2499456, 0.3604122, 1.028341)
(0.2498868, 0.3602852, 1.028275)
(0.2496538, 0.360254, 1.028172)
(0.2496505, 0.3602005, 1.028318)
(0.2497771, 0.3602175, 1.028457)
(0.2496953, 0.3602464, 1.028419)
(0.2496855, 0.3603067, 1.028346)
(0.2493553, 0.3604506, 1.028424)
(0.2492344, 0.3604804, 1.02848)
(0.2492518, 0.3604796, 1.028528)
(0.2491894, 0.3605231, 1.028529)
(0.249352, 0.3605524, 1.028564)
(0.2494628, 0.3606006, 1.028575)
(0.2494051, 0.3606097, 1.028552)
(0.2493403, 0.3606156, 1.028665)
(0.2492781, 0.3607309, 1.028696)
(0.2492101, 0.3607323, 1.028816)
(0.2490819, 0.3605057, 1.028554)
(0.2491512, 0.3606408, 1.028576)
(0.2491488, 0.3606428, 1.028553)
(0.2491572, 0.3606639, 1.028507)
(0.2493453, 0.3606074, 1.028661)
(0.2494617, 0.3606075, 1.028665)
(0.2495391, 0.3606607, 1.028831)
(0.2495036, 0.3606334, 1.028995)
(0.249383, 0.3604875, 1.02883)
(0.2492101, 0.36049, 1.028609)
(0.2490933, 0.3603566, 1.028725)
(0.2491345, 0.3602238, 1.028693)
(0.2491581, 0.3602128, 1.02882)
(0.2491677, 0.3601192, 1.028891)
(0.2493002, 0.3600243, 1.028866)
(0.2491965, 0.3600334, 1.028705)
(0.2493775, 0.3602933, 1.028495)
(0.2491565, 0.3603964, 1.02859)
(0.2492266, 0.3603725, 1.028649)
(0.2492552, 0.3603688, 1.028647)
(0.2492125, 0.3603953, 1.02852)
(0.2490361, 0.3603785, 1.028407)
(0.2490861, 0.3604815, 1.028402)
(0.2491302, 0.3604681, 1.028562)
(0.2490706, 0.3604845, 1.028558)
(0.2490168, 0.3604674, 1.028567)
(0.2489295, 0.3605386, 1.028599)
(0.2488472, 0.3605484, 1.028537)
(0.2487555, 0.3604038, 1.028783)
(0.2490404, 0.3600881, 1.028646)
(0.2490969, 0.3600563, 1.028656)
(0.2492266, 0.3601887, 1.028572)
(0.2490172, 0.3602755, 1.028608)
(0.2490792, 0.3602266, 1.028768)
(0.2490892, 0.3602147, 1.028861)
(0.2489071, 0.360265, 1.028857)
(0.2487662, 0.3603034, 1.02876)
(0.2488585, 0.3603619, 1.028805)
(0.2488983, 0.3603199, 1.028808)
(0.2489529, 0.3603078, 1.028885)
