0.0142178
0.0076767
0.0109787
0.0193672
0.0110071
0.0177679
0.0098716
0.00904
0.0111419
0.0110412
0.0107115
0.0114474
0.0108356
0.0111488
0.0108344
0.0107427
0.0121201
0.0111037
0.0109166
0.010879
0.0109479
0.011036
0.0109998
0.0113907
0.0105859
0.0121014
0.0110865
0.0111194
0.0107071
0.0119206
0.0100983
0.0109752
0.0110174
0.0110732
0.0119506
0.0112637
0.0107687
0.0109619
0.0110571
0.0108738
0.0111196
0.0189732
0.0097131
0.0064249
0.0089356
0.0108511
0.0109989
0.0112228
0.0108192
0.0110028
0.0111194
0.010895
0.012086
0.0112433
0.0108735
0.0116791
0.0102325
0.0109333
0.0109931
0.0155061
0.0064096
0.0120093
0.0111715
