(326.0887, 273.2018, 351.2877)
(326.2978, 275.548, 348.0675)
(328.8352, 281.6869, 341.3142)
(334.697, 281.3503, 338.8512)
(333.9992, 281.9491, 334.6922)
(331.5137, 281.9304, 332.7118)
(329.8125, 277.4869, 331.4757)
(333.6028, 272.237, 333.767)
(333.6028, 272.237, 333.767)
(335.5102, 271.0064, 333.2825)
(337.3474, 271.5411, 331.8991)
(338.967, 271.952, 330.5667)
(339.8518, 273.838, 329.4427)
(339.3844, 275.8151, 329.4701)
(339.2287, 276.5137, 329.6036)
(338.4559, 277.1871, 330.3855)
(337.8839, 277.8586, 330.8405)
(336.7229, 278.8938, 331.3624)
(335.6694, 280.2564, 331.6229)
(333.9631, 282.5094, 331.9641)
(333.9631, 282.5094, 331.9641)
(332.0922, 283.5631, 332.2216)
(329.8692, 284.4667, 332.3317)
(327.5275, 285.3926, 332.457)
(325.068, 286.1479, 332.5498)
(322.5685, 287.1712, 332.3345)
(319.0727, 288.8614, 331.3629)
(316.4587, 290.461, 330.4369)
(313.928, 292.1291, 329.3179)
(311.5047, 293.6245, 328.1828)
(309.3823, 294.5639, 327.5066)
(307.5019, 294.7967, 327.095)
(305.1248, 295.4146, 326.5928)
(300.4925, 299.0429, 322.9612)
(300.4925, 299.0429, 322.9612)
(299.5966, 301.6609, 320.0987)
(298.5431, 304.3643, 317.2875)
(296.8634, 307.83, 314.1416)
(294.6992, 312.5125, 310.1598)
(292.9975, 317.074, 306.3529)
(291.1293, 323.642, 301.212)
(291.1293, 323.642, 301.212)
(290.2888, 325.2813, 299.8584)
(289.2313, 327.1284, 298.1966)
(287.8466, 327.3598, 298.212)
(286.6097, 326.0666, 299.7913)
(285.8523, 323.2614, 302.8006)
(285.3618, 324.5845, 301.7531)
(285.5186, 324.9597, 301.6697)
(286.626, 324.0732, 302.8767)
(287.2966, 319.5815, 308.7814)
(287.5705, 316.4765, 313.1017)
(288.2009, 312.3598, 318.4992)
(287.4823, 309.409, 323.7447)
