(-163.9154, 2.579188, -8.658695)
(-164.9017, 7.441998, -9.283495)
(-165.2334, 8.920789, -9.642148)
(-165.8828, 11.46085, -10.04479)
(-165.7676, 13.06016, -10.34962)
(-165.6545, 19.30563, -10.14607)
(-165.5888, 21.35093, -10.13333)
(-165.0534, 25.58517, -10.04229)
(-164.7877, 27.61573, -10.02619)
(-163.8127, 31.73902, -9.866297)
(-163.2377, 33.76781, -9.765387)
(-161.9158, 37.37766, -9.363413)
(-161.2402, 39.12843, -9.216154)
(-159.7089, 42.14378, -8.891797)
(-158.0004, 44.30984, -8.589983)
(-156.1924, 45.66222, -8.096563)
(-154.2494, 46.01954, -7.497716)
(-152.3258, 45.60343, -7.003713)
(-151.3714, 45.03491, -6.829679)
(-149.3926, 43.58887, -6.496143)
(-148.4188, 42.62069, -6.366658)
(-146.3312, 39.73586, -6.191051)
(-144.232, 36.07429, -6.227684)
(-142.278, 32.27842, -6.482887)
(-141.392, 30.24836, -6.645823)
(-139.7443, 26.00412, -6.88858)
(-139.3609, 24.10473, -7.030892)
(-137.6385, 19.49056, -7.12657)
(-137.2544, 17.39341, -7.203698)
(-136.4037, 13.21549, -7.080531)
(-136.1547, 11.36436, -6.789684)
(-136.0992, 6.729794, -6.466103)
(-135.965, 5.223274, -6.636596)
(-136.4261, 3.122234, -7.8933)
(-136.5995, 2.259707, -8.133125)
(-137.4638, 1.415873, -8.057761)
(-137.6262, 0.8968115, -7.956076)
(-138.3735, 0.6682396, -7.536542)
