(0.07752325, 4.594842, 2.023299)
(0.07635844, 4.593538, 2.022688)
(0.07531277, 4.592002, 2.022081)
(0.07443257, 4.591052, 2.021644)
(0.07327212, 4.589603, 2.02108)
(0.0722653, 4.588351, 2.020425)
(0.07110037, 4.588462, 2.020055)
(0.07110037, 4.588462, 2.020055)
(0.06884737, 4.587087, 2.01909)
(0.06788887, 4.585759, 2.018755)
(0.06642114, 4.584557, 2.017971)
(0.06530984, 4.5841, 2.017123)
(0.0636638, 4.584436, 2.016596)
(0.06208671, 4.584296, 2.016004)
(0.06036484, 4.583368, 2.015543)
(0.05881347, 4.581701, 2.015262)
(0.05686483, 4.580535, 2.014462)
(0.05488949, 4.580144, 2.013601)
(0.05321994, 4.580458, 2.01242)
(0.05083894, 4.581874, 2.010934)
(0.04859443, 4.582547, 2.009772)
(0.04636912, 4.582867, 2.008348)
(0.04391601, 4.583171, 2.007002)
(0.04115986, 4.583089, 2.005287)
(0.03791, 4.58325, 2.003335)
(0.03452015, 4.583532, 2.001091)
(0.03084213, 4.583333, 1.997758)
(0.02717284, 4.583518, 1.994666)
(0.02188711, 4.586645, 1.990223)
(0.0150976, 4.596836, 1.986981)
(0.007421323, 4.606962, 1.982544)
(6.280606, 4.616397, 1.970744)
(6.272667, 4.625848, 1.955757)
(6.264776, 4.634073, 1.941366)
(6.256227, 4.638666, 1.926296)
(6.250785, 4.648707, 1.915037)
(6.239263, 4.654348, 1.899944)
(6.230656, 4.652562, 1.875085)
(6.231534, 4.651988, 1.856685)
(6.220917, 4.634822, 1.839711)
(6.210976, 4.620833, 1.817559)
(6.201646, 4.607514, 1.792314)
(6.209104, 4.600285, 1.770074)
(6.198544, 4.593199, 1.756923)
(6.169575, 4.573827, 1.734129)
(6.146547, 4.536051, 1.703067)
(6.134517, 4.523381, 1.667641)
(6.131824, 4.546133, 1.625245)
(6.127008, 4.559963, 1.590999)
(6.118718, 4.563708, 1.558963)
(6.112135, 4.570096, 1.523839)
(6.11351, 4.585444, 1.487665)
(6.11458, 4.598557, 1.451)
(6.114209, 4.611755, 1.420611)
(6.112591, 4.616698, 1.392328)
(6.110328, 4.624141, 1.362909)
(6.115196, 4.633227, 1.342973)
(6.119727, 4.646098, 1.321461)
(6.1244, 4.657697, 1.3018)
(6.12822, 4.667516, 1.290541)
(6.126755, 4.674334, 1.284866)
(6.127906, 4.680579, 1.277987)
(6.132429, 4.68282, 1.286465)
(6.134178, 4.686108, 1.290469)
(6.129017, 4.681911, 1.30492)
(6.124406, 4.676101, 1.324863)
(6.119977, 4.671697, 1.348878)
(6.119983, 4.670233, 1.367699)
(6.126088, 4.671262, 1.39387)
(6.129823, 4.672249, 1.422748)
(6.132361, 4.669711, 1.450015)
(6.133109, 4.666755, 1.483935)
(6.132131, 4.659724, 1.518872)
(6.131029, 4.652634, 1.55614)
(6.133496, 4.645427, 1.591088)
(6.135516, 4.641927, 1.624664)
(6.135896, 4.638443, 1.658449)
(6.138615, 4.638838, 1.691255)
(6.141947, 4.642067, 1.720675)
(6.144998, 4.643497, 1.750465)
(6.148882, 4.647325, 1.778345)
(6.15199, 4.652592, 1.805901)
(6.15646, 4.65659, 1.834041)
(6.16299, 4.663063, 1.857052)
(6.167135, 4.667142, 1.877288)
(6.169833, 4.669477, 1.896998)
(6.173752, 4.672847, 1.911874)
(6.180045, 4.677436, 1.924008)
(6.186173, 4.681176, 1.936591)
(6.195771, 4.689301, 1.94623)
(6.200238, 4.691442, 1.955134)
(6.206851, 4.687918, 1.964188)
(6.214479, 4.68246, 1.972335)
(6.220052, 4.677286, 1.975936)
(6.224489, 4.672521, 1.978294)
(6.226202, 4.66535, 1.974425)
(6.226894, 4.659457, 1.96981)
(6.229918, 4.661478, 1.967708)
(6.234139, 4.672434, 1.964242)
(6.238964, 4.688609, 1.961933)
(6.243329, 4.701543, 1.960778)
(6.246845, 4.702408, 1.957532)
(6.24612, 4.700052, 1.95002)
(6.245374, 4.698582, 1.94412)
(6.247994, 4.69794, 1.937682)
(6.266991, 4.693224, 1.944685)
(0.002329471, 4.687061, 1.946784)
(0.04661171, 4.787801, 1.894538)
(6.262042, 4.774001, 1.879774)
(6.178786, 4.699995, 1.886132)
(6.210731, 4.646912, 1.883535)
(6.275393, 4.643335, 1.87615)
(0.0347053, 4.667581, 1.871383)
(0.03080596, 4.6942, 1.864819)
(6.279109, 4.733122, 1.84836)
(6.267876, 4.7376, 1.841552)
(0.007508557, 4.707286, 1.840259)
(0.01131624, 4.694512, 1.827023)
(0.01532475, 4.699164, 1.81676)
(0.02356744, 4.706584, 1.802071)
(0.02226057, 4.703345, 1.787811)
(0.01923018, 4.710003, 1.78257)
(0.01664525, 4.704403, 1.776909)
(0.01868455, 4.689775, 1.762777)
(0.01855474, 4.681705, 1.750053)
(0.01350405, 4.667748, 1.752165)
(0.008961112, 4.653083, 1.751875)
(0.02015179, 4.659488, 1.741286)
(0.01320698, 4.662742, 1.728868)
(0.01687264, 4.664365, 1.72153)
(0.02142555, 4.662224, 1.717335)
(0.02176576, 4.650328, 1.712667)
(0.02147902, 4.648559, 1.709031)
(0.02837601, 4.651764, 1.706758)
(0.04074864, 4.659158, 1.704781)
(0.0416684, 4.66025, 1.695077)
(0.04223377, 4.668494, 1.688611)
(0.05060594, 4.671243, 1.690386)
(0.06672624, 4.676505, 1.694537)
(0.07399102, 4.674884, 1.692494)
(0.06737784, 4.67823, 1.691379)
(0.06423628, 4.686088, 1.691057)
(0.06211904, 4.684973, 1.692043)
(0.064895, 4.669796, 1.698531)
(0.06752827, 4.673501, 1.702668)
(0.07567369, 4.686555, 1.702528)
(0.07747405, 4.69407, 1.705846)
(0.08295818, 4.689752, 1.710605)
(0.08683761, 4.694501, 1.714307)
(0.08946305, 4.700244, 1.71737)
(0.0940183, 4.701419, 1.723218)
(0.09642019, 4.702441, 1.727469)
(0.09836276, 4.700462, 1.731299)
(0.09753964, 4.699428, 1.734617)
(0.1021368, 4.698447, 1.739748)
(0.1047227, 4.693257, 1.743374)
(0.1040524, 4.691038, 1.747816)
(0.1059889, 4.688014, 1.753095)
(0.1093678, 4.686452, 1.754656)
(0.1157759, 4.691141, 1.76524)
(0.1173778, 4.698313, 1.771099)
(0.1218632, 4.715303, 1.779109)
(0.1249376, 4.722278, 1.788373)
(0.1236077, 4.719641, 1.793383)
(0.124118, 4.717658, 1.800072)
(0.1264284, 4.715944, 1.80507)
(0.1297051, 4.716465, 1.81224)
(0.1331435, 4.71713, 1.819039)
(0.1350317, 4.71349, 1.823461)
(0.1362364, 4.709521, 1.82834)
(0.1361779, 4.706674, 1.832355)
(0.1376482, 4.703865, 1.837191)
(0.1404037, 4.699896, 1.841784)
(0.143639, 4.696216, 1.847158)
(0.1442757, 4.690276, 1.850976)
(0.1452313, 4.685685, 1.854682)
(0.1455997, 4.681351, 1.858425)
(0.1466953, 4.675391, 1.86136)
(0.1481686, 4.670281, 1.864042)
(0.1476181, 4.665671, 1.866601)
(0.1463676, 4.658784, 1.868691)
(0.1454679, 4.656306, 1.871147)
(0.1466022, 4.652309, 1.874787)
(0.145674, 4.649219, 1.877577)
(0.1453298, 4.645305, 1.880461)
(0.1439367, 4.641584, 1.8832)
(0.1423005, 4.638262, 1.884498)
(0.1409715, 4.636695, 1.886392)
(0.1427746, 4.631697, 1.886497)
(0.1402073, 4.624567, 1.8857)
(0.1383172, 4.623358, 1.885413)
(0.1361105, 4.627227, 1.885395)
(0.1359516, 4.629288, 1.88666)
(0.1364303, 4.626592, 1.886422)
(0.135454, 4.616994, 1.883998)
(0.1328252, 4.609578, 1.88089)
(0.1290531, 4.60797, 1.878837)
(0.1271452, 4.610678, 1.8764)
(0.1268079, 4.622593, 1.874343)
(0.1231373, 4.620555, 1.872829)
(0.11667, 4.615012, 1.869873)
(0.1148327, 4.612149, 1.866115)
(0.1141562, 4.609367, 1.861262)
(0.1149515, 4.61175, 1.85578)
(0.1121054, 4.616826, 1.85271)
(0.1105932, 4.623677, 1.850702)
(0.1128386, 4.623885, 1.851375)
(0.113969, 4.610137, 1.848626)
(0.112347, 4.604857, 1.848079)
(0.1053771, 4.596058, 1.845279)
(0.09989156, 4.599794, 1.840921)
(0.1017393, 4.604227, 1.837888)
(0.1027983, 4.610464, 1.833523)
(0.1022727, 4.613177, 1.833581)
(0.1000531, 4.607677, 1.830746)
(0.09794414, 4.598937, 1.826869)
(0.09652346, 4.598014, 1.823122)
(0.09637492, 4.600771, 1.819764)
(0.09609456, 4.600976, 1.816749)
(0.09480654, 4.600084, 1.813379)
(0.09249031, 4.595451, 1.809513)
(0.09020544, 4.590456, 1.80527)
(0.08655333, 4.590002, 1.800027)
(0.08489099, 4.593949, 1.796913)
(0.08505379, 4.595061, 1.794204)
(0.08513868, 4.590335, 1.789031)
(0.08298258, 4.587566, 1.783985)
(0.08004182, 4.587945, 1.778267)
(0.07604823, 4.589255, 1.772982)
(0.07420544, 4.589562, 1.768177)
(0.07172561, 4.589511, 1.76359)
(0.07184265, 4.590271, 1.76159)
(0.07334823, 4.590124, 1.760161)
(0.07427379, 4.589835, 1.759149)
(0.07068513, 4.592902, 1.753774)
(0.06731488, 4.591653, 1.751616)
(0.06641134, 4.597269, 1.743793)
(0.05983143, 4.59904, 1.741674)
(0.05552229, 4.601081, 1.738195)
(0.05108319, 4.598667, 1.735643)
(0.04766507, 4.591997, 1.73155)
(0.04247995, 4.587128, 1.727797)
(0.03594648, 4.5874, 1.723548)
(0.02858092, 4.586794, 1.720916)
(0.02118484, 4.579944, 1.717382)
(0.01452113, 4.575128, 1.713564)
(0.006593275, 4.56888, 1.711473)
(6.281184, 4.564386, 1.707196)
(6.273099, 4.562221, 1.704351)
(6.266732, 4.559373, 1.703609)
(6.264278, 4.554453, 1.704071)
(6.259499, 4.553196, 1.700884)
(6.25963, 4.558004, 1.703815)
(6.262989, 4.549596, 1.707708)
(6.259077, 4.538733, 1.712577)
(6.252321, 4.526166, 1.716129)
(6.250581, 4.507141, 1.722381)
(6.249672, 4.489238, 1.730203)
(6.249339, 4.48343, 1.733008)
(6.250887, 4.478766, 1.738261)
(6.257626, 4.47863, 1.743587)
(6.259747, 4.484399, 1.743982)
(6.26294, 4.486508, 1.746179)
(6.26739, 4.48734, 1.748859)
(6.270474, 4.489799, 1.748876)
(6.272449, 4.491187, 1.750922)
(6.268797, 4.489798, 1.751614)
(6.262321, 4.487857, 1.749713)
(6.259517, 4.492189, 1.742706)
(6.260998, 4.516596, 1.719424)
(6.264077, 4.543989, 1.702443)
(6.261808, 4.554495, 1.697119)
(6.258529, 4.559999, 1.684594)
(6.257198, 4.568575, 1.66539)
(6.256404, 4.581617, 1.647396)
(6.255328, 4.59444, 1.628969)
(6.254522, 4.601672, 1.605898)
(6.251745, 4.606282, 1.585756)
(6.2397, 4.605148, 1.564348)
(6.225866, 4.590884, 1.532442)
(6.215062, 4.578404, 1.507841)
(6.19892, 4.559227, 1.48293)
(6.185211, 4.540468, 1.455831)
(6.171453, 4.524637, 1.42722)
(6.154707, 4.513384, 1.401264)
(6.133113, 4.50392, 1.378016)
(6.114347, 4.491929, 1.353539)
(6.096173, 4.47777, 1.329408)
(6.074964, 4.461369, 1.306137)
(6.055527, 4.449835, 1.283889)
(6.037053, 4.440391, 1.26335)
(6.021947, 4.432856, 1.246061)
(6.006467, 4.427945, 1.228692)
(5.99527, 4.428986, 1.211855)
(5.98797, 4.430296, 1.193181)
(5.9816, 4.431686, 1.176268)
(5.981655, 4.434905, 1.165753)
(5.984459, 4.440732, 1.157745)
(5.987802, 4.446798, 1.146951)
(5.99897, 4.453456, 1.143297)
(6.007282, 4.457491, 1.14604)
(6.009587, 4.457552, 1.154919)
(6.010724, 4.457665, 1.163587)
(6.013374, 4.454054, 1.177825)
(6.014454, 4.444682, 1.1955)
(6.018232, 4.436141, 1.215194)
(6.0302, 4.428868, 1.249527)
(6.038633, 4.428367, 1.269601)
(6.061342, 4.432302, 1.302838)
(6.073758, 4.446076, 1.324887)
(6.08874, 4.444292, 1.357122)
(6.099997, 4.437712, 1.396708)
(6.10674, 4.427469, 1.441776)
(6.113006, 4.418846, 1.483767)
(6.122478, 4.412423, 1.526599)
(6.138052, 4.417037, 1.571735)
(6.157326, 4.423776, 1.610728)
(6.178619, 4.437949, 1.650347)
(6.194627, 4.456133, 1.687558)
(6.209523, 4.47655, 1.723155)
(6.226063, 4.5117, 1.753978)
(6.242859, 4.54806, 1.782864)
(6.253855, 4.576775, 1.811548)
(6.261979, 4.601416, 1.839122)
(6.266033, 4.625935, 1.860579)
(6.271372, 4.64688, 1.883626)
(6.275762, 4.662882, 1.901063)
(6.280392, 4.680866, 1.919287)
(0.003514863, 4.697873, 1.926401)
(0.009334134, 4.746243, 1.914574)
(0.09753545, 4.845041, 1.93422)
(0.08470391, 4.899043, 1.889207)
(6.246625, 4.760859, 1.886141)
(6.24446, 4.518651, 1.966613)
(6.271233, 4.425431, 1.944233)
(0.01472467, 4.442681, 1.921229)
(0.04098349, 4.550196, 1.925079)
(0.04092497, 4.606227, 1.927776)
(0.02376077, 4.642691, 1.929853)
(0.02043369, 4.623035, 1.939888)
(0.03085399, 4.607248, 1.941692)
(0.04525683, 4.582521, 1.942966)
(0.04325753, 4.570557, 1.955974)
(0.04348695, 4.569943, 1.957603)
(0.0461291, 4.577239, 1.959625)
(0.04818167, 4.581625, 1.965764)
(0.05031918, 4.579861, 1.967696)
(0.05254108, 4.569731, 1.969945)
(0.05494584, 4.558748, 1.971556)
(0.05721406, 4.55184, 1.972858)
(0.05907326, 4.553834, 1.972348)
(0.06108195, 4.563242, 1.973007)
(0.06249788, 4.571351, 1.974062)
(0.06322509, 4.577591, 1.974503)
(0.06391486, 4.576463, 1.975474)
(0.06536252, 4.573563, 1.977066)
(0.06681851, 4.565318, 1.977101)
(0.06837207, 4.56071, 1.977496)
(0.06971103, 4.55922, 1.978346)
(0.07055598, 4.560184, 1.978282)
(0.071086, 4.564147, 1.978876)
(0.07189081, 4.564468, 1.979493)
(0.0718505, 4.562132, 1.979766)
(0.07296684, 4.558347, 1.980361)
(0.07394996, 4.556497, 1.981079)
(0.07464526, 4.555181, 1.981561)
(0.0753287, 4.555248, 1.982244)
(0.07570481, 4.555443, 1.982913)
(0.07572782, 4.555197, 1.984066)
(0.07633689, 4.553771, 1.984863)
(0.07657006, 4.553192, 1.985543)
(0.07762796, 4.552398, 1.985691)
(0.07854857, 4.553495, 1.986364)
(0.07922692, 4.554557, 1.987235)
(0.08016372, 4.55527, 1.987941)
