(-112.0207, 6.608987, 133.5975)
(-112.5185, 7.183337, 132.9423)
(-113.521, 8.638692, 131.554)
(-114.161, 9.917331, 130.6185)
(-116.0997, 12.46448, 129.0147)
(-116.8394, 13.31782, 128.5022)
(-117.7545, 14.08052, 127.721)
(-118.5897, 14.95404, 126.8465)
(-119.4191, 15.62107, 125.784)
(-120.2068, 16.25249, 124.6193)
(-121.0503, 16.8227, 123.4355)
(-121.9105, 17.32981, 122.4274)
(-122.603, 17.52789, 121.5523)
(-123.5133, 17.90295, 120.546)
(-124.2826, 17.94145, 119.6918)
(-124.8327, 17.97981, 118.8543)
(-125.4749, 18.11058, 117.8423)
(-125.9966, 17.9043, 116.9544)
(-126.4046, 17.57691, 116.0074)
(-126.7506, 17.17665, 115.0533)
(-127.1669, 16.79752, 114.087)
(-127.4976, 16.22481, 113.1879)
(-127.8972, 15.70787, 112.2271)
(-128.1821, 15.01255, 111.4255)
(-128.4623, 14.21556, 110.5946)
(-128.7145, 13.52077, 109.753)
(-128.8795, 12.64424, 109.0258)
(-129.0361, 11.75723, 108.3343)
(-129.0576, 10.86979, 107.7386)
(-129.1004, 10.10256, 107.1137)
