(-4454.687, 324.7188, 7752.344)
(-2.133158, -1.018166, -2.009381)
(-0.794786, 1.3207, 0.09894494)
(0.0662799, -2.279594, 1.803682)
(0.6681257, -0.2393936, 0.5865142)
(1.366394, 0.03448314, -0.4838415)
(1.568188, -0.9770101, 2.176657)
(0.1463575, -0.3013243, 0.1894039)
(0.4780273, 0.08094741, 0.4342719)
(-0.8967676, 1.758794, -1.047676)
(-0.9289732, -2.084235, -0.954778)
(0.461022, -0.9069287, -0.2029793)
(-0.0511273, 0.476463, -0.5265024)
(0.3778511, -1.119397, -0.6206775)
(1.113392, -0.7479934, -0.2665264)
(1.725283, 0.7988026, -1.451376)
(1.660844, -0.3909138, -0.09502878)
(1.699177, -0.8333127, -1.078532)
(0.9673395, -0.6699443, -0.9866648)
(-0.5132011, 0.7130583, 1.224251)
(0.0597415, -0.6473807, -0.5539667)
(-3.371082, 0.3111768, -1.391828)
(-1.005636, 0.2901292, 0.1079804)
(-1.351893, 0.2634123, 0.009796324)
(-2.08124, 0.4402204, -0.7529513)
(1.559492, 0.8954852, -0.7672482)
(2.242002, 0.271236, -0.8675246)
(2.422426, -1.206305, 0.9183621)
(-0.7145243, -0.335896, 0.6698045)
(-2.069881, -0.8731292, 0.03692337)
(-1.564301, 0.7278787, -0.3235016)
(-0.6656833, 0.01105786, -0.08182818)
(-0.7837282, -0.1969911, 0.5708507)
(-0.5395013, 0.6776137, 0.5686344)
(-0.7923108, -0.6673265, 0.5021688)
(-0.5919234, -0.5425965, 0.2444901)
(-1.864705, 1.380702, -1.204603)
(-0.3565272, -0.4005924, -1.701516)
(-0.2976634, 0.4623051, -0.7196258)
(0.2727383, -0.7610801, -0.1843409)
(1.757952, 0.3466079, -0.1310611)
(-0.4242787, -0.03038313, 0.9852815)
(1.881456, -0.4884652, 0.2431519)
(0.518832, 0.02397963, 0.1536876)
(-0.2044998, 0.01731215, 0.1525633)
(-0.002154846, -1.086042, 1.552566)
(-0.8650298, 0.2137602, 0.5953323)
(-1.807852, -0.3041851, 0.9675676)
(-0.6965944, -2.03371, 2.076843)
(0.3570977, -0.606847, -0.2366046)
(1.08121, -0.2999763, -0.5708182)
(0.8426356, 1.758357, -2.211918)
(1.750232, 0.1652393, -0.3206947)
(-0.5419343, -0.5267602, 1.113133)
(-0.2511922, 0.4543303, 0.2293494)
(1.805561, -1.36228, -3.650437)
(-3.133285, -0.8732105, 1.590185)
(-0.6844405, 0.2002704, 0.0165058)
(-1.314848, -0.8449515, 1.074511)
(0.279594, -0.5940012, 0.3698908)
(-1.140487, 2.366183, -3.550367)
(1.781726, 0.2908127, -1.863392)
(-1.533499, -0.06259178, -0.01187086)
(-0.641713, -0.4393516, -0.4826375)
(-0.571294, -0.2709004, -1.074863)
(-0.9183385, 0.2876466, -0.6509337)
