(0.7220304, 0.2395442, -0.03580201)
(0.7221398, 0.2394688, -0.03571975)
(0.7221603, 0.2388154, -0.03504151)
(0.7225326, 0.2391738, -0.03533977)
(0.722779, 0.2389785, -0.03526098)
(0.7229375, 0.2384741, -0.03508228)
(0.7234246, 0.2389283, -0.03551203)
(0.7235559, 0.2388548, -0.03556067)
(0.7235026, 0.2382272, -0.0353334)
(0.7240183, 0.2386575, -0.03586233)
(0.7239754, 0.2383782, -0.03576607)
(0.723967, 0.2382437, -0.03577203)
(0.7239687, 0.2378714, -0.03580856)
(0.7239472, 0.2378076, -0.03588414)
(0.7239457, 0.237771, -0.03582442)
(0.7238427, 0.2376336, -0.03579235)
(0.7238031, 0.2375484, -0.03570223)
(0.7236246, 0.2375207, -0.03558147)
(0.7229969, 0.2370529, -0.03538817)
(0.7225457, 0.2369611, -0.03537267)
(0.7218916, 0.2366205, -0.03492302)
(0.7216716, 0.2372589, -0.03501362)
(0.7211818, 0.2374252, -0.0345543)
(0.7205079, 0.2373574, -0.03355294)
(0.720657, 0.238396, -0.03359467)
(0.7204277, 0.2393088, -0.03240806)
(0.7197919, 0.2405018, -0.03058118)
(0.719859, 0.2425686, -0.03008205)
(0.7184746, 0.2452685, -0.02811545)
(0.7170402, 0.2471482, -0.02581394)
(0.7158556, 0.2511777, -0.02426201)
(0.713804, 0.254725, -0.02231348)
(0.71131, 0.258769, -0.02096462)
(0.7088451, 0.2626725, -0.01930785)
(0.7065943, 0.2677099, -0.01704013)
(0.7047729, 0.2728468, -0.01440072)
(0.7030616, 0.2774514, -0.01089746)
(0.7021226, 0.2819385, -0.007154703)
(0.7010946, 0.2861385, -0.003752887)
(0.7000254, 0.2901137, 4.410744E-05)
(0.6999242, 0.2937289, 0.004377544)
(0.7004557, 0.2968612, 0.009114504)
(0.7000011, 0.3007393, 0.013255)
(0.7002968, 0.3036413, 0.0176729)
(0.7008294, 0.3064815, 0.02265018)
(0.7003441, 0.3092884, 0.02729362)
(0.7013587, 0.3108822, 0.03213793)
(0.7021616, 0.3126619, 0.03682059)
(0.7021747, 0.3135862, 0.04226959)
(0.7031219, 0.3145502, 0.04713815)
(0.7041427, 0.315214, 0.05205268)
(0.7052748, 0.3170544, 0.05699098)
(0.7067121, 0.3170215, 0.06186271)
(0.7081521, 0.3170497, 0.06701618)
(0.7100912, 0.318102, 0.0712676)
(0.7115532, 0.317654, 0.07574832)
(0.7128679, 0.3174447, 0.08023602)
(0.715139, 0.3182868, 0.08376545)
(0.7165638, 0.3176979, 0.08758682)
(0.7186821, 0.3181096, 0.09093928)
(0.720163, 0.3175682, 0.09449482)
(0.7215107, 0.3169168, 0.0976488)
(0.7229584, 0.3161648, 0.1009779)
(0.7259751, 0.3173127, 0.1025401)
(0.7271204, 0.3167316, 0.1047628)
(0.7282018, 0.3160005, 0.1072662)
(0.7303556, 0.3161093, 0.108165)
(0.7313392, 0.3150231, 0.1098542)
(0.7311758, 0.3150458, 0.1102863)
(0.7320346, 0.3162232, 0.109839)
(0.7296879, 0.3189479, 0.1065072)
(0.7294255, 0.3207784, 0.1057557)
(0.7313896, 0.3229727, 0.1041805)
(0.7315603, 0.3219662, 0.1054898)
(0.731469, 0.3217251, 0.1067026)
(0.732538, 0.3223934, 0.1085029)
(0.7324368, 0.3225549, 0.1107186)
(0.7327238, 0.3230687, 0.1129603)
(0.7334068, 0.3245444, 0.1137313)
(0.7341358, 0.3265224, 0.1145111)
(0.7342853, 0.3287606, 0.1152223)
(0.7333187, 0.3309891, 0.1148942)
(0.7321831, 0.3322068, 0.1162326)
(0.7316115, 0.3341238, 0.117673)
(0.7313781, 0.3382251, 0.1192279)
(0.7311955, 0.3415044, 0.1220651)
(0.7309967, 0.3449286, 0.1249362)
(0.7312865, 0.3493602, 0.1274786)
(0.7309393, 0.3532123, 0.1313984)
(0.7306291, 0.357336, 0.1359352)
(0.7313386, 0.3619871, 0.1394339)
(0.7320663, 0.3672106, 0.1437253)
(0.7328857, 0.3723437, 0.14775)
(0.7346729, 0.3797026, 0.1505101)
(0.7363732, 0.3877589, 0.1531229)
(0.7372141, 0.3958398, 0.1557938)
(0.7379217, 0.4039641, 0.158453)
(0.7384066, 0.4117634, 0.1619542)
(0.7396209, 0.4203851, 0.1660187)
(0.7406526, 0.4273401, 0.1702574)
(0.7420602, 0.4345379, 0.1753394)
(0.7435568, 0.4417882, 0.1804191)
(0.744481, 0.4480975, 0.1862522)
(0.7459114, 0.4542716, 0.1918527)
(0.747104, 0.4597355, 0.1979783)
(0.7478926, 0.4638819, 0.2043731)
(0.7494858, 0.4683105, 0.2100081)
(0.7510316, 0.4720281, 0.2173157)
(0.7511188, 0.474468, 0.2250137)
(0.7524621, 0.4768092, 0.2316384)
(0.7538025, 0.4792826, 0.2385736)
(0.7539845, 0.4800345, 0.2467352)
(0.7553923, 0.4821877, 0.2532568)
(0.7567508, 0.4828883, 0.2607157)
(0.7575187, 0.482662, 0.268937)
(0.7590672, 0.4830866, 0.2764471)
(0.760659, 0.4833003, 0.2848377)
(0.7613654, 0.4825471, 0.2932185)
(0.7629086, 0.4823391, 0.3009299)
(0.7643282, 0.4824077, 0.3087235)
(0.7656152, 0.4812534, 0.3159828)
(0.7668598, 0.4805933, 0.3237271)
(0.7683411, 0.4801663, 0.3306755)
(0.7694532, 0.4793264, 0.3373014)
(0.7705879, 0.4789643, 0.3431757)
(0.7716369, 0.4779916, 0.349964)
(0.7723722, 0.477063, 0.3553551)
(0.7730427, 0.4759197, 0.3603449)
(0.7738752, 0.4753045, 0.3650644)
(0.7739977, 0.4739004, 0.3691766)
(0.7744367, 0.472407, 0.372874)
(0.7744968, 0.4713976, 0.3754414)
(0.7742704, 0.4698974, 0.378314)
(0.7744756, 0.4687478, 0.3797957)
(0.7751218, 0.4677864, 0.3802652)
(0.7759016, 0.4678525, 0.378827)
(0.7762628, 0.4690498, 0.3780591)
(0.776668, 0.4699845, 0.3777075)
(0.7770839, 0.4694511, 0.3787485)
(0.7781652, 0.4694111, 0.3795929)
(0.7785547, 0.4686126, 0.3831576)
(0.7781291, 0.4682351, 0.3862251)
(0.7777625, 0.4685993, 0.3878951)
(0.7776808, 0.469899, 0.3886368)
(0.7770984, 0.4700946, 0.3901881)
(0.7763669, 0.4714717, 0.3898197)
(0.7761842, 0.4724278, 0.3909512)
(0.7754034, 0.4734062, 0.3924409)
(0.7751012, 0.4758162, 0.393745)
(0.7752978, 0.4780558, 0.3958655)
(0.7754641, 0.4795373, 0.3979933)
(0.7755501, 0.4818258, 0.4000363)
(0.7756908, 0.4848162, 0.4021384)
(0.775026, 0.486235, 0.4048367)
(0.7749645, 0.4892043, 0.4069206)
(0.7748364, 0.4922052, 0.4098806)
(0.7738168, 0.494242, 0.4136631)
(0.7730082, 0.4971952, 0.416621)
(0.7711087, 0.4992204, 0.4203393)
(0.7700508, 0.5018488, 0.4235703)
(0.7686395, 0.5053036, 0.4261162)
(0.766181, 0.5090702, 0.4280323)
(0.7636042, 0.5129768, 0.4294201)
(0.761123, 0.5175779, 0.4304274)
(0.7594935, 0.5223212, 0.4316937)
(0.7573848, 0.5262781, 0.4332448)
(0.755543, 0.530425, 0.4345033)
(0.7539368, 0.5345612, 0.4363817)
(0.7520953, 0.5382822, 0.4383146)
(0.7506233, 0.5418217, 0.4402008)
(0.7490472, 0.5452877, 0.4426777)
(0.7474524, 0.5486735, 0.445033)
(0.7467727, 0.5512545, 0.4471624)
(0.7459387, 0.5531062, 0.4496484)
(0.7454844, 0.5546064, 0.4528302)
(0.7457359, 0.555885, 0.4551936)
(0.7456042, 0.5546327, 0.459432)
(0.7464976, 0.5548348, 0.4624436)
(0.7424868, 0.5448688, 0.4749308)
(0.7445847, 0.5428228, 0.4790096)
(0.7443842, 0.5419409, 0.4819885)
(0.7476514, 0.5391591, 0.4863749)
(0.7496333, 0.5375356, 0.4904728)
(0.7554614, 0.5332245, 0.4910556)
(0.7583609, 0.5309195, 0.4956226)
(0.7615227, 0.5285999, 0.5005549)
(0.7646703, 0.526566, 0.5051595)
(0.7676054, 0.5247412, 0.5099493)
(0.7708007, 0.5230759, 0.5149232)
(0.7734629, 0.5212553, 0.518658)
(0.7752969, 0.5200737, 0.5224459)
(0.7773511, 0.5194297, 0.5259439)
(0.7793, 0.5183567, 0.5281259)
(0.7807938, 0.5174781, 0.5312878)
(0.7824029, 0.5174145, 0.5337281)
(0.7844182, 0.5165043, 0.5356312)
(0.7854359, 0.5157396, 0.5378983)
(0.787409, 0.5153544, 0.539941)
(0.7887926, 0.5147753, 0.53967)
(0.7876008, 0.5151315, 0.5366356)
(0.7861263, 0.5156796, 0.534761)
(0.7855637, 0.5154271, 0.5338876)
(0.7852075, 0.5146255, 0.5340731)
(0.7850498, 0.5135174, 0.5348305)
(0.7851453, 0.5131011, 0.534602)
(0.785646, 0.5136518, 0.5357814)
(0.785955, 0.5146019, 0.5367674)
(0.7864231, 0.515437, 0.5379239)
(0.7869714, 0.5155797, 0.5390577)
(0.7868904, 0.5157327, 0.5386163)
(0.787262, 0.516033, 0.5385792)
(0.7873442, 0.5160096, 0.5388111)
(0.7865417, 0.5160066, 0.5381787)
(0.7864308, 0.5160918, 0.5381377)
(0.7861863, 0.5158885, 0.5379387)
(0.7860439, 0.5156368, 0.5378289)
(0.7861568, 0.5156021, 0.5375735)
(0.7862232, 0.5153295, 0.5376167)
(0.7863435, 0.5151636, 0.5376598)
(0.7862353, 0.5153015, 0.5377787)
(0.7862985, 0.5151327, 0.5379143)
(0.7863026, 0.5151379, 0.5377097)
(0.7866333, 0.5154275, 0.5374494)
(0.7866542, 0.5153488, 0.5374033)
(0.786685, 0.5151721, 0.5375569)
(0.7867998, 0.5154263, 0.5373384)
(0.7868132, 0.5153754, 0.5373948)
(0.7867033, 0.5152058, 0.537581)
(0.78682, 0.515345, 0.5374374)
(0.7867156, 0.5151526, 0.5376021)
(0.7864811, 0.5149874, 0.5376534)
(0.7866217, 0.515228, 0.5373242)
(0.7865162, 0.5152091, 0.5372881)
(0.7865805, 0.5151747, 0.537353)
(0.7868137, 0.5154294, 0.5369947)
(0.7869201, 0.5154305, 0.5369666)
(0.7870145, 0.5154086, 0.536925)
(0.7873074, 0.5157183, 0.5365443)
(0.7873552, 0.5155856, 0.5364505)
(0.7872429, 0.5153042, 0.5365026)
(0.7873372, 0.5155786, 0.5361047)
