(-19.90532, 2.841854, 9.207344)
(-20.36192, 3.540516, 9.147906)
(-20.68685, 4.789186, 9.008694)
(-20.90952, 6.205702, 8.861804)
(-21.05651, 8.036733, 9.087801)
(-21.21546, 9.400249, 9.011555)
(-20.54627, 10.96063, 9.021341)
(-20.80065, 12.21766, 9.134603)
(-21.19585, 13.54122, 9.365416)
(-21.49023, 14.70061, 9.258699)
(-21.85643, 16.09173, 9.17288)
(-22.11055, 17.29681, 8.907843)
(-23.10061, 19.25205, 8.48763)
(-23.10061, 19.25205, 8.48763)
(-23.41232, 20.32865, 8.423805)
(-24.08869, 20.90318, 8.294571)
(-24.45898, 21.77599, 8.291459)
(-25.09692, 22.20343, 8.305979)
(-25.71193, 22.66313, 8.33168)
(-26.29796, 23.0344, 8.477139)
(-27.00382, 23.11828, 8.546734)
(-27.87304, 23.13083, 8.576274)
(-28.74961, 23.02294, 8.571553)
(-29.58672, 23.01215, 8.606565)
(-30.59318, 22.77547, 8.631372)
(-31.61147, 22.46182, 8.653092)
(-33.6633, 21.6126, 8.864677)
(-33.6633, 21.6126, 8.864677)
(-34.65276, 21.18436, 8.928907)
(-35.69493, 20.62911, 9.079086)
(-36.69772, 20.0133, 9.273184)
(-37.76324, 19.46408, 9.432173)
(-38.83784, 18.94907, 9.53362)
(-39.91969, 18.35351, 9.634054)
(-40.99583, 17.83817, 9.669256)
(-41.99963, 17.35618, 9.720659)
(-42.84105, 16.78658, 9.826195)
(-43.85622, 16.22212, 9.916425)
(-44.71145, 15.78374, 10.03726)
(-45.42255, 15.37093, 10.1639)
(-46.11757, 15.09649, 10.24018)
(-46.84319, 14.78307, 10.25553)
(-47.24889, 14.52954, 10.28271)
(-47.77084, 14.25025, 10.29452)
(-48.04895, 14.08861, 10.29396)
(-48.13828, 13.91013, 10.31675)
