(5.378683, 1.224671, 5.709377)
(5.379707, 1.22345, 5.710185)
(5.380109, 1.221765, 5.711246)
(5.379518, 1.22172, 5.711379)
(5.379496, 1.221726, 5.711607)
(5.379339, 1.220038, 5.713485)
(5.378848, 1.217561, 5.715657)
(5.377833, 1.215391, 5.717358)
(5.377399, 1.21758, 5.715257)
(5.377235, 1.219166, 5.714055)
(5.376947, 1.216462, 5.716073)
(5.377162, 1.215242, 5.71715)
(5.37721, 1.216375, 5.716167)
(5.377131, 1.216591, 5.715923)
(5.376889, 1.215757, 5.716691)
(5.376699, 1.214961, 5.717739)
(5.376999, 1.214837, 5.717782)
(5.376192, 1.215726, 5.717135)
(5.376254, 1.217674, 5.715507)
(5.376491, 1.215772, 5.716915)
(5.376547, 1.215489, 5.717295)
(5.376098, 1.215159, 5.717642)
(5.376326, 1.216024, 5.716486)
(5.375935, 1.216572, 5.715776)
(5.375837, 1.217166, 5.715319)
(5.376354, 1.217498, 5.715273)
(5.37603, 1.215385, 5.717169)
(5.375527, 1.21461, 5.717777)
(5.375047, 1.215042, 5.716664)
(5.375361, 1.216105, 5.714562)
(5.375883, 1.217848, 5.712276)
(5.376028, 1.219545, 5.710314)
(5.376421, 1.218177, 5.71197)
(5.376502, 1.215915, 5.713974)
(5.375197, 1.213475, 5.716253)
(5.373917, 1.213861, 5.715691)
(5.374683, 1.214614, 5.714243)
(5.377219, 1.217924, 5.709371)
(5.377109, 1.218064, 5.708415)
(5.377441, 1.217427, 5.708142)
(5.378901, 1.217703, 5.707065)
(5.37884, 1.218526, 5.706119)
(5.377668, 1.218082, 5.706729)
(5.376918, 1.21504, 5.709554)
(5.377962, 1.214182, 5.710515)
(5.378325, 1.214385, 5.710466)
(5.378161, 1.215116, 5.709571)
(5.37888, 1.214947, 5.709827)
(5.378969, 1.213269, 5.711738)
(5.378706, 1.211417, 5.713848)
(5.378429, 1.211535, 5.715104)
(5.37902, 1.213735, 5.715395)
(5.381402, 1.215925, 5.717615)
(5.382734, 1.209445, 5.728906)
(5.38481, 1.204138, 5.738999)
(5.392503, 1.200334, 5.748369)
(5.39979, 1.200448, 5.757041)
(5.411889, 1.206763, 5.759668)
(5.425607, 1.200885, 5.777438)
(5.443543, 1.166287, 5.819733)
(5.465044, 1.132741, 5.856823)
(5.493968, 1.058843, 5.924628)
(5.520037, 1.008304, 5.975902)
(5.524053, 0.9944236, 5.994499)
(5.535616, 1.012691, 5.971215)
(5.547593, 0.9760594, 6.026347)
(5.572299, 0.944368, 6.085598)
(5.564831, 0.9516895, 6.096148)
(5.544308, 0.9821338, 6.110899)
(5.543628, 1.002778, 6.122858)
(5.528851, 1.034801, 6.12233)
(5.533895, 1.034762, 6.152558)
(5.527933, 1.029184, 6.179807)
(5.516171, 1.016051, 6.207523)
(5.499031, 1.007325, 6.218676)
(5.478344, 1.001025, 6.224395)
(5.456628, 0.9982076, 6.233605)
(5.44476, 1.010012, 6.225893)
(5.437952, 1.028114, 6.211984)
(5.434426, 1.048119, 6.192738)
(5.424049, 1.062393, 6.171225)
(5.40955, 1.075153, 6.155637)
(5.393523, 1.090399, 6.133416)
(5.381788, 1.107363, 6.111696)
(5.375237, 1.137116, 6.073169)
(5.373219, 1.168963, 6.031754)
(5.370967, 1.200085, 5.990265)
(5.363836, 1.230123, 5.944973)
(5.356081, 1.24972, 5.907931)
(5.353509, 1.266698, 5.873293)
(5.353808, 1.275747, 5.841113)
(5.357208, 1.287848, 5.80576)
(5.360219, 1.304596, 5.768702)
(5.36076, 1.322417, 5.732295)
(5.361784, 1.341581, 5.693065)
(5.363125, 1.35912, 5.657051)
(5.367084, 1.3504, 5.645432)
(5.374023, 1.361624, 5.614264)
(5.367275, 1.378345, 5.581109)
(5.356081, 1.383645, 5.563653)
(5.347038, 1.362563, 5.575929)
(5.347099, 1.358977, 5.570268)
(5.353054, 1.36286, 5.555786)
(5.364119, 1.367908, 5.537554)
(5.370395, 1.371086, 5.523381)
(5.380792, 1.355687, 5.529996)
(5.386581, 1.342469, 5.533291)
(5.400204, 1.319036, 5.551084)
(5.408015, 1.272933, 5.607679)
(5.429852, 1.219062, 5.619186)
(5.41124, 1.174087, 5.689216)
(5.379212, 1.066579, 5.824636)
(5.359184, 0.9630928, 5.961725)
(5.402899, 0.9801798, 5.905107)
(5.441659, 1.141128, 5.736015)
(5.43866, 1.324428, 5.598556)
(5.355041, 1.353764, 5.566926)
(5.365041, 1.285216, 5.66822)
(5.42838, 1.119808, 5.813716)
(5.404712, 1.041615, 5.872057)
(5.399583, 1.029222, 5.91195)
(5.390784, 1.080008, 5.868305)
(5.366611, 1.201673, 5.740286)
(5.36204, 1.218563, 5.733079)
(5.362434, 1.18752, 5.758998)
(5.372713, 1.139398, 5.798996)
(5.382165, 1.120957, 5.814662)
(5.37427, 1.124914, 5.810821)
(5.366335, 1.145101, 5.797206)
(5.365041, 1.153312, 5.788982)
(5.367908, 1.158027, 5.78571)
(5.368167, 1.139553, 5.802068)
(5.363524, 1.122234, 5.817809)
(5.362893, 1.120998, 5.81582)
(5.364628, 1.140012, 5.794582)
(5.367745, 1.152078, 5.780173)
(5.370911, 1.164511, 5.767371)
(5.370621, 1.160941, 5.769869)
(5.369162, 1.146052, 5.783111)
(5.369489, 1.140589, 5.787339)
(5.370686, 1.147987, 5.780027)
(5.371103, 1.15062, 5.77661)
(5.372415, 1.152519, 5.773692)
(5.374972, 1.150458, 5.772899)
(5.375897, 1.150627, 5.770572)
(5.37629, 1.156679, 5.763476)
(5.379972, 1.160198, 5.75903)
(5.381754, 1.159145, 5.75853)
(5.380158, 1.154994, 5.761601)
(5.379844, 1.155128, 5.760799)
(5.381355, 1.157801, 5.757433)
(5.383703, 1.162002, 5.752793)
(5.383827, 1.159384, 5.755052)
(5.383318, 1.159323, 5.755339)
(5.383996, 1.158713, 5.756867)
(5.383898, 1.155821, 5.759683)
(5.382751, 1.156817, 5.759239)
(5.383222, 1.15979, 5.756399)
(5.38263, 1.158855, 5.758086)
(5.382335, 1.156677, 5.759552)
(5.38298, 1.157454, 5.758063)
(5.386029, 1.16081, 5.754189)
(5.385845, 1.163505, 5.751743)
(5.384699, 1.1628, 5.752976)
(5.386541, 1.158388, 5.756791)
(5.386302, 1.159189, 5.75584)
(5.385441, 1.164536, 5.752199)
(5.384857, 1.161498, 5.75597)
(5.38323, 1.158807, 5.758575)
(5.383992, 1.160181, 5.756344)
(5.384538, 1.165465, 5.75282)
(5.384229, 1.168299, 5.751185)
(5.382388, 1.16297, 5.756605)
(5.384434, 1.159423, 5.761783)
(5.386805, 1.159879, 5.761113)
(5.384211, 1.161119, 5.759993)
(5.384102, 1.161165, 5.760133)
(5.386383, 1.165821, 5.755147)
(5.386418, 1.169809, 5.751605)
(5.384124, 1.167906, 5.75517)
(5.382696, 1.159429, 5.763731)
(5.380911, 1.156316, 5.767529)
(5.379939, 1.159529, 5.765603)
(5.380457, 1.167385, 5.758223)
(5.379104, 1.169055, 5.756977)
(5.378597, 1.165215, 5.762073)
(5.37774, 1.159992, 5.767243)
(5.375231, 1.16063, 5.767352)
(5.376165, 1.162321, 5.767056)
(5.37439, 1.156026, 5.771155)
(5.372147, 1.155717, 5.770217)
(5.372438, 1.160805, 5.763417)
(5.375399, 1.181447, 5.745765)
(5.379011, 1.182233, 5.746126)
(5.377156, 1.167297, 5.763153)
(5.37692, 1.161011, 5.771086)
(5.376773, 1.148689, 5.781419)
(5.376797, 1.164531, 5.767036)
(5.378192, 1.174414, 5.758173)
(5.377374, 1.171622, 5.761274)
(5.376481, 1.160242, 5.773578)
(5.375324, 1.15701, 5.778882)
(5.376787, 1.16234, 5.776259)
(5.380758, 1.161417, 5.778056)
(5.384096, 1.160419, 5.779974)
(5.384951, 1.156351, 5.785073)
(5.386516, 1.160458, 5.78544)
(5.389382, 1.163378, 5.786394)
(5.396202, 1.15518, 5.798327)
(5.400114, 1.145721, 5.812165)
(5.41063, 1.14472, 5.817596)
(5.424168, 1.150133, 5.820181)
(5.439332, 1.145573, 5.831191)
(5.456042, 1.134893, 5.848622)
(5.476235, 1.113696, 5.87619)
(5.505043, 1.082418, 5.905497)
(5.528215, 1.052546, 5.93858)
(5.555227, 1.002552, 5.993604)
(5.582191, 0.9744759, 6.022007)
(5.614506, 0.9691137, 6.027697)
(5.658218, 0.9641354, 6.0385)
(5.67928, 0.9464961, 6.061397)
(5.702315, 0.9379545, 6.07304)
(5.722153, 0.9297804, 6.081245)
(5.730266, 0.9047493, 6.113746)
(5.724162, 0.8805717, 6.13067)
(5.697952, 0.8486854, 6.159737)
(5.691059, 0.8292749, 6.188466)
(5.715885, 0.8083864, 6.240207)
(5.75107, 0.7822641, 0.0237937)
(5.749319, 0.7838593, 0.07518213)
(5.712507, 0.8181273, 0.0670085)
(5.66154, 0.9042612, 0.02062622)
(5.646949, 0.9129447, 0.04975102)
(5.632274, 0.9224539, 0.07074235)
(5.616425, 0.9221785, 0.1032669)
(5.605265, 0.9153101, 0.1353883)
(5.588415, 0.8939281, 0.1752056)
(5.562311, 0.8601949, 0.2240838)
(5.534202, 0.838532, 0.2634868)
(5.509139, 0.8233159, 0.2954099)
(5.48833, 0.8157265, 0.3213615)
(5.477685, 0.8238916, 0.3272105)
(5.46481, 0.8287884, 0.3341103)
(5.456215, 0.8423339, 0.3196486)
(5.444932, 0.8571821, 0.3027247)
(5.427948, 0.8723711, 0.2630133)
(5.408013, 0.8746054, 0.2349478)
(5.400652, 0.8890013, 0.1939904)
(5.3966, 0.9229887, 0.1301228)
(5.403314, 0.9850694, 0.02926372)
(5.402668, 1.043191, 6.220256)
(5.398862, 1.090164, 6.140361)
(5.389013, 1.131929, 6.060596)
(5.381749, 1.160893, 5.994586)
(5.373901, 1.18172, 5.938695)
(5.365807, 1.201803, 5.885966)
(5.358708, 1.238965, 5.827446)
(5.356606, 1.283929, 5.758626)
(5.358102, 1.330397, 5.68672)
(5.360558, 1.355103, 5.634702)
(5.359647, 1.35815, 5.604095)
(5.355098, 1.362644, 5.572434)
(5.347349, 1.35685, 5.554007)
(5.349666, 1.350776, 5.533331)
(5.354729, 1.319565, 5.544969)
(5.374902, 1.250177, 5.626483)
(5.397278, 1.217179, 5.603127)
(5.419206, 1.201339, 5.627776)
(5.398383, 1.136649, 5.731027)
(5.388241, 0.9953309, 5.877002)
(5.407022, 0.8555982, 6.093058)
(5.374073, 0.8227952, 6.116096)
(5.305707, 1.18728, 5.706935)
(5.502265, 1.437474, 5.460715)
(5.464697, 1.370926, 5.524707)
(5.33507, 1.334418, 5.592717)
(5.36582, 1.052414, 5.857705)
(5.399127, 0.9879063, 5.917565)
(5.402981, 0.9869045, 5.911932)
(5.428903, 1.105481, 5.795099)
(5.387685, 1.219002, 5.69894)
(5.37873, 1.252217, 5.671821)
(5.395813, 1.197509, 5.72056)
(5.393669, 1.129679, 5.785085)
(5.390516, 1.10256, 5.814189)
(5.384391, 1.116318, 5.801109)
(5.388721, 1.159196, 5.758173)
(5.395549, 1.177426, 5.737866)
(5.396978, 1.17066, 5.741463)
(5.394986, 1.151338, 5.759239)
(5.394806, 1.1463, 5.7633)
(5.395152, 1.157569, 5.75249)
(5.394072, 1.163132, 5.747338)
(5.393032, 1.159591, 5.750849)
(5.392495, 1.153021, 5.757007)
(5.390179, 1.152781, 5.757554)
(5.388824, 1.155636, 5.755183)
(5.388118, 1.157988, 5.752924)
(5.389347, 1.157681, 5.752927)
(5.389542, 1.157159, 5.753589)
(5.389604, 1.154528, 5.755961)
(5.390177, 1.154135, 5.756331)
