(0.07005787, -0.1682894, 0.6426654)
(0.07015586, -0.1682353, 0.6426513)
(0.0702157, -0.1682222, 0.6426256)
(0.07041526, -0.1683023, 0.6426764)
(0.07045341, -0.1682775, 0.6426246)
(0.07050586, -0.1682541, 0.6425886)
(0.07026625, -0.1684086, 0.6422398)
(0.06993175, -0.1690269, 0.642396)
(0.06990194, -0.1690505, 0.6423662)
(0.0698719, -0.1690741, 0.6423361)
(0.0698421, -0.1690979, 0.6423063)
(0.0698123, -0.1691215, 0.6422765)
(0.06986094, -0.1690869, 0.6421797)
(0.07016063, -0.1694987, 0.6416774)
(0.07087445, -0.1691136, 0.6413167)
(0.07059026, -0.1695077, 0.6423442)
(0.0701189, -0.1695135, 0.6424208)
(0.06995559, -0.1689618, 0.641654)
(0.07047224, -0.1687074, 0.6423528)
(0.07066107, -0.1685488, 0.642518)
(0.07089996, -0.1684306, 0.6426239)
(0.07099247, -0.1688886, 0.6422272)
(0.07031202, -0.1688643, 0.6425471)
(0.0699563, -0.1689878, 0.6424599)
(0.06970358, -0.1690223, 0.6425455)
(0.06932974, -0.1688735, 0.6425962)
(0.06939507, -0.1688638, 0.6427777)
(0.06946039, -0.1688161, 0.6429999)
(0.06921196, -0.1684747, 0.6429017)
(0.06908941, -0.1685007, 0.6427536)
(0.06907988, -0.1685252, 0.6426692)
(0.06906605, -0.1683984, 0.6425266)
(0.06900644, -0.1682882, 0.6425798)
(0.06903958, -0.1683776, 0.642628)
(0.06883049, -0.1686821, 0.6429417)
(0.06869698, -0.1687083, 0.6430354)
(0.06843376, -0.1686692, 0.643111)
(0.06819177, -0.1688802, 0.6426935)
(0.06802511, -0.1688986, 0.6426411)
(0.06794691, -0.1689014, 0.6426184)
(0.06785464, -0.1688588, 0.6426554)
(0.06813097, -0.1690645, 0.6423934)
(0.06804013, -0.1690829, 0.6424112)
(0.06793213, -0.168957, 0.6431074)
(0.06783867, -0.1689909, 0.6431878)
(0.06786919, -0.1692984, 0.6429327)
(0.067734, -0.1690128, 0.6429691)
(0.06760192, -0.1690056, 0.643018)
(0.0676775, -0.1693778, 0.6426451)
(0.06748366, -0.1689825, 0.6429186)
(0.06789923, -0.1695924, 0.6424508)
(0.06798697, -0.16958, 0.6425459)
(0.06786966, -0.169673, 0.6427159)
(0.06725311, -0.168895, 0.6434846)
(0.06730604, -0.1688304, 0.6437893)
(0.06731153, -0.1686265, 0.6436939)
(0.0671885, -0.1685646, 0.643816)
(0.06730294, -0.16856, 0.6440225)
(0.06727195, -0.1684866, 0.6441503)
(0.0674665, -0.1688321, 0.6438961)
(0.06729531, -0.1687508, 0.643965)
(0.06728029, -0.168632, 0.6440229)
(0.0673368, -0.1688554, 0.6438811)
(0.06702375, -0.1687942, 0.6437933)
(0.06680012, -0.1689949, 0.644032)
(0.06685638, -0.1690581, 0.6440272)
(0.06686831, -0.1690819, 0.6440322)
(0.06697845, -0.1688895, 0.6439176)
(0.06696129, -0.1688459, 0.6439931)
(0.06702399, -0.1688478, 0.6440175)
(0.06679225, -0.1690233, 0.644237)
(0.06667066, -0.1689622, 0.6443181)
(0.06673884, -0.1689582, 0.6444261)
(0.06690168, -0.1687744, 0.644242)
(0.06697202, -0.1687517, 0.6442332)
(0.06710792, -0.1687548, 0.6442442)
(0.0673244, -0.1690266, 0.6444011)
(0.06764531, -0.1690826, 0.6442394)
(0.06799102, -0.1690917, 0.6441505)
(0.06819201, -0.1690223, 0.64394)
(0.06824303, -0.1692805, 0.6437218)
(0.06807399, -0.1693423, 0.6436203)
(0.06789613, -0.1694648, 0.6437418)
(0.06788278, -0.1696033, 0.6438518)
(0.06815028, -0.1696908, 0.6442339)
(0.06836581, -0.1695578, 0.64417)
(0.06853127, -0.1695814, 0.6442258)
(0.06861162, -0.1696444, 0.6441498)
(0.06882405, -0.1696422, 0.6441545)
(0.06904697, -0.1697714, 0.6443954)
(0.06936097, -0.1698852, 0.6447322)
(0.06995392, -0.1699297, 0.6452343)
(0.07044125, -0.1697168, 0.6461563)
(0.07088518, -0.169508, 0.6473227)
(0.07098746, -0.1694937, 0.6492939)
(0.07120657, -0.1692989, 0.6507027)
(0.07166672, -0.1688125, 0.6523454)
(0.0720017, -0.1681211, 0.6538157)
(0.07223058, -0.1671724, 0.6563926)
(0.07242751, -0.1665237, 0.6593781)
(0.07266355, -0.1666303, 0.6638658)
(0.07289004, -0.1671464, 0.6685197)
(0.07249689, -0.1683974, 0.6752856)
(0.07293916, -0.167381, 0.6811597)
(0.07310724, -0.1650608, 0.6865008)
(0.07083893, -0.1551507, 0.6920598)
(0.07056165, -0.1455469, 0.6956024)
(0.07050943, -0.1296985, 0.6990111)
(0.07123971, -0.1175976, 0.7022533)
(0.06844282, -0.1001706, 0.7089698)
(0.06681037, -0.08256578, 0.7087319)
(0.06501698, -0.06290483, 0.7111895)
(0.06266785, -0.04326606, 0.7145605)
(0.06312943, -0.02261424, 0.7198427)
(0.06358624, -0.001019478, 0.725415)
(0.06527972, 0.01898837, 0.7330685)
(0.06820107, 0.03957033, 0.7410848)
(0.06881046, 0.05980539, 0.7474089)
(0.07231259, 0.08194947, 0.7557871)
(0.07487726, 0.1033034, 0.7653718)
(0.07681251, 0.1250715, 0.7778497)
(0.08012271, 0.1478336, 0.7887363)
(0.08228445, 0.1705773, 0.8035915)
(0.08338594, 0.1950519, 0.8194664)
(0.08570313, 0.2180173, 0.8343968)
(0.08617902, 0.239336, 0.8514214)
(0.08756399, 0.2583338, 0.8668838)
(0.08979082, 0.2765095, 0.8820169)
(0.09025264, 0.292886, 0.8996344)
(0.09236336, 0.3070538, 0.9174743)
(0.0954299, 0.321702, 0.9350002)
(0.09708619, 0.3364198, 0.9543221)
(0.1011071, 0.3490431, 0.9761155)
(0.1051869, 0.3601999, 0.9953122)
(0.1080933, 0.3713835, 1.015424)
(0.1116519, 0.3790115, 1.035723)
(0.1145875, 0.3848487, 1.055219)
(0.1170051, 0.3887035, 1.073586)
(0.1198881, 0.391634, 1.091392)
(0.1222031, 0.3941629, 1.11045)
(0.1250064, 0.397465, 1.128906)
(0.1294928, 0.3995255, 1.1494)
(0.132309, 0.4020563, 1.167746)
(0.1354401, 0.4033928, 1.184187)
(0.1380434, 0.4034351, 1.199686)
(0.1397884, 0.4022053, 1.216264)
(0.1425691, 0.3996159, 1.229972)
(0.1458282, 0.3961595, 1.243075)
(0.1492805, 0.3922374, 1.255288)
(0.1515002, 0.3878633, 1.268004)
(0.1554594, 0.3829808, 1.278431)
(0.1575541, 0.3771607, 1.28723)
(0.1612489, 0.3705271, 1.292317)
(0.1638029, 0.3649651, 1.298254)
(0.1642499, 0.3573772, 1.303436)
(0.1658108, 0.3518203, 1.30718)
(0.1660302, 0.3473616, 1.307362)
(0.1654589, 0.3422617, 1.308761)
(0.1663888, 0.3402799, 1.31118)
(0.165298, 0.3359443, 1.31152)
(0.1656594, 0.330615, 1.311627)
(0.1669509, 0.3270003, 1.312361)
(0.1634789, 0.3351521, 1.313042)
(0.1630757, 0.3343006, 1.307272)
(0.1621544, 0.3352481, 1.305965)
(0.1646652, 0.333765, 1.306504)
(0.1660385, 0.3344561, 1.310179)
(0.1652868, 0.333779, 1.315516)
(0.1653116, 0.3316605, 1.319304)
(0.1654892, 0.3301455, 1.320053)
(0.1659665, 0.3310416, 1.318737)
(0.1659107, 0.3309288, 1.316536)
(0.1669371, 0.3319896, 1.311836)
(0.1667483, 0.3310251, 1.30919)
(0.1656132, 0.3300154, 1.308135)
(0.1652682, 0.3292375, 1.309568)
(0.1644909, 0.3282747, 1.312853)
(0.1647887, 0.3281168, 1.316333)
(0.1664164, 0.3278029, 1.316804)
(0.1666772, 0.3276957, 1.315918)
(0.1656859, 0.328089, 1.314787)
(0.1655366, 0.328162, 1.311589)
(0.165298, 0.3275695, 1.310606)
(0.1649756, 0.327859, 1.310537)
(0.1647227, 0.3274976, 1.310508)
(0.165242, 0.3273255, 1.310947)
(0.166008, 0.3267545, 1.31126)
(0.1659021, 0.3269289, 1.311763)
(0.1669452, 0.3266193, 1.312106)
(0.1672814, 0.3264612, 1.311982)
(0.167172, 0.3264213, 1.311943)
(0.1663179, 0.3266784, 1.31215)
(0.165633, 0.3264096, 1.311993)
(0.1652999, 0.3263019, 1.311695)
(0.1648774, 0.3264105, 1.311484)
(0.1656373, 0.3264356, 1.31144)
(0.1657188, 0.3263729, 1.311408)
(0.1653872, 0.3268255, 1.311573)
(0.1651773, 0.3265558, 1.311411)
(0.1645072, 0.3266734, 1.311126)
(0.1633773, 0.3269596, 1.311266)
(0.1635098, 0.3269343, 1.311655)
(0.1633453, 0.3268853, 1.31174)
(0.1630464, 0.3273125, 1.311818)
(0.1632507, 0.3274872, 1.311149)
(0.1632171, 0.3274746, 1.310683)
(0.1629601, 0.3276656, 1.310915)
(0.1628318, 0.3277266, 1.311396)
(0.1622186, 0.3272362, 1.312061)
(0.1620548, 0.3269275, 1.312476)
(0.1621156, 0.3265561, 1.312429)
(0.1624882, 0.3265105, 1.312056)
(0.1625104, 0.3270408, 1.312105)
(0.1624269, 0.3272831, 1.311975)
(0.1622558, 0.3271321, 1.312209)
(0.1620219, 0.3272455, 1.31243)
(0.1618478, 0.3271806, 1.312591)
(0.1620812, 0.3271099, 1.312688)
(0.1626806, 0.3275367, 1.312053)
(0.1629481, 0.327624, 1.311708)
(0.1630187, 0.3279636, 1.312165)
(0.1630347, 0.3280452, 1.311841)
(0.1620052, 0.3281554, 1.311856)
(0.1615839, 0.3280665, 1.311598)
(0.161165, 0.3279767, 1.311161)
(0.1608548, 0.3278795, 1.310862)
(0.1613293, 0.3276109, 1.311795)
(0.1616678, 0.3277855, 1.312401)
(0.1623154, 0.3274198, 1.31356)
(0.1624544, 0.3269978, 1.313736)
(0.1629245, 0.327251, 1.313643)
(0.1631305, 0.3273543, 1.313488)
(0.1628799, 0.3273247, 1.312759)
(0.1627436, 0.3274888, 1.312567)
(0.1624637, 0.3275478, 1.312727)
(0.1619606, 0.3276086, 1.31283)
(0.1620796, 0.3271271, 1.312495)
(0.1629126, 0.3260602, 1.311877)
(0.1635208, 0.3258886, 1.312372)
(0.1639938, 0.3258884, 1.312735)
(0.1650562, 0.3253143, 1.312055)
(0.1655588, 0.3255979, 1.312346)
(0.1658745, 0.3258173, 1.31288)
(0.1662381, 0.3258395, 1.312814)
(0.1659591, 0.3257115, 1.312189)
(0.1656139, 0.325935, 1.311736)
(0.1651995, 0.3264771, 1.312136)
(0.1653695, 0.3270262, 1.312485)
(0.1654773, 0.3269354, 1.312743)
(0.1662719, 0.3268119, 1.313274)
(0.166913, 0.326925, 1.313521)
(0.1673634, 0.3272176, 1.313288)
(0.1669333, 0.3274039, 1.31268)
(0.1666651, 0.3273236, 1.31274)
(0.1665649, 0.3273492, 1.312624)
(0.1662617, 0.327252, 1.312776)
(0.1659715, 0.3273264, 1.312886)
(0.1661334, 0.3274596, 1.312967)
(0.1662772, 0.3275868, 1.312993)
(0.1664596, 0.3274152, 1.31337)
(0.1666911, 0.3272134, 1.313066)
(0.1668186, 0.3272239, 1.313006)
(0.1667876, 0.327389, 1.312621)
(0.1668985, 0.3274211, 1.312497)
(0.1668098, 0.3274319, 1.312534)
(0.1667664, 0.3275126, 1.312663)
(0.166728, 0.3274448, 1.312781)
(0.1669014, 0.3271894, 1.312802)
(0.1669061, 0.3272307, 1.312842)
(0.1669962, 0.3272012, 1.312896)
(0.1670003, 0.3271838, 1.312953)
(0.1667559, 0.3272158, 1.312684)
(0.1669884, 0.3271952, 1.312758)
(0.1667626, 0.3275439, 1.313022)
(0.1668155, 0.3277162, 1.312948)
(0.166678, 0.3277702, 1.312984)
(0.1667395, 0.3277045, 1.312966)
(0.1667452, 0.327742, 1.313069)
(0.1668005, 0.3277718, 1.313184)
(0.166678, 0.3276017, 1.312893)
(0.1666312, 0.3276889, 1.312862)
(0.1666527, 0.3275201, 1.312698)
(0.1666307, 0.3275205, 1.312724)
(0.1665587, 0.3275266, 1.312708)
