(-123.4207, 3.238654, 101.135)
(-122.2229, 4.175425, 100.7486)
(-121.0356, 4.832506, 100.2958)
(-117.9075, 6.199479, 98.29006)
(-117.9075, 6.199479, 98.29006)
(-114.1838, 9.476495, 96.44461)
(-110.8123, 12.88874, 93.43156)
(-109.6586, 13.94832, 92.64069)
(-108.478, 14.91246, 91.91146)
(-106.864, 15.76645, 91.32762)
(-105.0514, 16.84976, 90.73901)
(-101.2981, 18.49096, 89.74953)
(-99.5938, 19.27037, 89.29927)
(-98.01128, 19.96384, 88.72662)
(-96.29898, 20.46344, 88.21941)
(-94.81981, 20.73207, 87.78248)
(-93.42516, 21.22238, 87.24506)
(-91.95256, 21.1307, 86.96857)
(-90.38902, 21.25719, 86.62305)
(-88.77516, 21.31786, 86.28845)
(-87.14123, 21.30313, 86.06057)
(-85.20293, 21.05095, 85.86693)
(-83.85246, 20.76154, 85.68435)
(-80.2171, 20.15049, 85.5892)
(-77.2007, 18.84711, 85.78284)
(-75.71509, 18.26277, 85.86638)
(-74.36602, 17.45527, 86.04226)
(-73.04256, 16.65623, 86.17577)
(-71.67182, 15.9658, 86.22551)
(-70.31882, 15.15982, 86.23454)
(-68.72955, 14.22048, 86.21161)
(-67.52055, 13.43486, 86.14135)
(-64.95686, 11.30707, 86.21318)
(-63.80358, 10.34696, 86.29617)
(-62.61532, 9.427619, 86.44433)
(-61.57839, 8.574128, 86.66954)
(-59.48174, 6.948113, 87.01634)
(-58.38108, 6.188583, 87.23617)
(-57.38566, 5.388045, 87.2942)
(-56.35283, 4.615736, 87.48181)
(-55.34301, 4.208302, 87.90982)
(-54.61214, 3.357673, 87.84871)
(-52.91517, 2.730918, 88.31346)
(-52.41561, 2.39532, 88.28146)
(-52.06487, 2.489042, 88.50193)
(-51.73583, 2.508974, 88.62171)
(-51.66903, 1.981807, 88.46693)
(-51.20661, 2.06337, 88.7296)
(-51.60608, 0.8689165, 88.54243)
(-51.54252, -0.1182795, 88.61842)
