(311.2856, 147.976, 311.9177)
(305.6701, 147.3431, 316.0847)
(303.2528, 146.9631, 319.5913)
(304.6243, 143.9054, 322.8994)
(304.9055, 145.615, 322.193)
(305.4979, 146.3916, 322.0233)
(304.4014, 144.3862, 325.3218)
(305.5934, 140.6928, 329.412)
(306.2249, 138.8978, 331.195)
(306.3166, 137.5474, 332.6806)
(306.9492, 135.74, 334.8069)
(310.1176, 132.1678, 338.6322)
(310.1176, 132.1678, 338.6322)
(311.1212, 130.6958, 340.4113)
(312.3995, 128.8171, 342.6986)
(314.0093, 127.2015, 344.6179)
(315.7178, 125.9366, 345.7255)
(316.8358, 125.243, 346.4012)
(317.885, 124.5757, 346.887)
(318.7232, 123.9098, 347.407)
(319.4896, 123.3263, 347.7981)
(320.6238, 122.5927, 348.3037)
(321.7622, 121.8864, 348.8852)
(323.0581, 121.4319, 349.067)
(324.2201, 120.9322, 349.236)
(326.6656, 120.4447, 348.6789)
(326.6656, 120.4447, 348.6789)
(328.0365, 119.8995, 347.8933)
(329.808, 119.8847, 346.8382)
(332.1487, 119.6942, 345.3835)
(333.375, 119.8512, 343.5201)
(331.8654, 119.641, 342.5114)
(330.2308, 118.0771, 343.7776)
(326.8069, 116.3306, 344.4177)
(319.7319, 117.0469, 343.2072)
(320.5689, 123.1179, 338.6306)
