(-354.4124, 177.2694, -860.3539)
(-53.67909, 48.83488, -2.422103)
(-80.36913, 65.4879, -5.424803)
(-54.00906, 49.18013, -13.24823)
(-142.7901, 79.75608, -27.76773)
(-160.8282, 53.36382, 12.04941)
(-138.3254, 26.81761, 8.184199)
(-145.3879, 13.5079, 0.4447749)
(0, 0, 0)
(-219.4294, 46.32814, 16.13733)
(-238.4839, 8.881145, 7.600504)
(-158.1714, 2.316323, 12.32444)
(-164.1363, -2.401036, 25.69958)
(-175.8247, -2.370368, 22.15568)
(-173.402, -6.651815, 21.8742)
(-174.7759, -6.04554, 22.02884)
(-173.7384, -3.038846, 20.56378)
(-176.6573, -10.21742, 18.41579)
(-183.2645, -24.28881, 10.41614)
(-161.1515, -17.48988, 18.03107)
(-165.4589, -22.53531, 19.57157)
(0, 0, 0)
(-245.8934, -17.12676, 46.67802)
(-120.7549, -12.07672, 17.8054)
(-152.405, -37.43805, 26.62963)
(0, 0, 0)
(-106.9951, -22.90698, 13.82026)
(-56.56895, -22.74479, 11.31166)
(-39.28139, -23.91963, 19.4245)
(-44.8236, -28.16727, 22.88862)
(-51.58629, -32.5752, 28.1008)
(-14.96676, -42.2299, -3.619141)
(-4.26131, -50.91131, -12.76221)
(6.903234, -75.10006, -16.6591)
(-19.43037, -62.48639, -19.61447)
