(0.7001966, -0.07314169, 0.5419712)
(0.7003612, -0.07316709, 0.5419865)
(0.7005125, -0.07326007, 0.5418926)
(0.7004945, -0.07346559, 0.5420618)
(0.7005813, -0.07354522, 0.5421515)
(0.7008138, -0.07389402, 0.5421202)
(0.7009421, -0.07408082, 0.5423564)
(0.7008922, -0.07415795, 0.5424212)
(0.7008497, -0.07420266, 0.5425698)
(0.7009793, -0.07391405, 0.5424439)
(0.7008494, -0.07390618, 0.5424664)
(0.7007326, -0.07380223, 0.542596)
(0.7008473, -0.0736078, 0.542697)
(0.7007586, -0.0732851, 0.5428426)
(0.7006869, -0.07290494, 0.5430442)
(0.7006965, -0.07234371, 0.5433931)
(0.7006184, -0.07121444, 0.543936)
(0.7005436, -0.07025862, 0.5446174)
(0.7002262, -0.06843293, 0.5462477)
(0.6996972, -0.06621385, 0.5478076)
(0.6981392, -0.06256723, 0.5492833)
(0.695968, -0.05692148, 0.5497539)
(0.6950009, -0.04900289, 0.5501068)
(0.6937151, -0.03970265, 0.5506359)
(0.6921791, -0.03173923, 0.5525175)
(0.6908917, -0.02251029, 0.5548809)
(0.6898277, -0.01383662, 0.5580878)
(0.6888384, -0.004777312, 0.5620463)
(0.6876668, 0.003553867, 0.5660332)
(0.6870217, 0.01223302, 0.5705603)
(0.6866989, 0.02039897, 0.5751269)
(0.6861725, 0.02798164, 0.5797188)
(0.685762, 0.03609681, 0.5857685)
(0.6860769, 0.04327267, 0.5905088)
(0.686636, 0.04907846, 0.5964295)
(0.686743, 0.0549165, 0.6030593)
(0.6877365, 0.06045145, 0.6087372)
(0.6891622, 0.06337088, 0.6156214)
(0.6897184, 0.06746912, 0.6223961)
(0.6912822, 0.07022983, 0.6282295)
(0.6929497, 0.07171881, 0.6350498)
(0.6942393, 0.07321364, 0.6430088)
(0.6958523, 0.07408237, 0.6500859)
(0.6978437, 0.07471567, 0.6569358)
(0.699784, 0.07317406, 0.6647631)
(0.701825, 0.07286936, 0.6721032)
(0.7040494, 0.07115024, 0.6799557)
(0.7062081, 0.0688442, 0.687655)
(0.7083147, 0.06667721, 0.6952194)
(0.7103339, 0.06441396, 0.7026184)
(0.7125679, 0.06153685, 0.7101772)
(0.7143449, 0.05888867, 0.7174022)
(0.7164391, 0.05598903, 0.7237041)
(0.7179223, 0.05244631, 0.7284714)
(0.7184726, 0.04864496, 0.7332972)
(0.7193327, 0.04619151, 0.7357233)
(0.7161309, 0.04923624, 0.7291294)
(0.7166376, 0.05272341, 0.7243985)
(0.7169046, 0.05174047, 0.7225029)
(0.7176591, 0.04902184, 0.7220038)
(0.7176381, 0.04656363, 0.7236544)
(0.7176211, 0.04693067, 0.7268693)
(0.7174534, 0.0528388, 0.7310991)
(0.7167946, 0.05919886, 0.7331024)
(0.7164, 0.06399411, 0.7341486)
(0.7167034, 0.06961936, 0.735852)
(0.7157907, 0.07737243, 0.7396693)
(0.7140593, 0.0833922, 0.7452967)
(0.7141126, 0.08837217, 0.7534258)
(0.713688, 0.09411132, 0.7582668)
(0.7139171, 0.1007927, 0.7629478)
(0.7151998, 0.109272, 0.7649428)
(0.7168696, 0.1204694, 0.7653494)
(0.7184995, 0.1315468, 0.7684623)
(0.7197735, 0.145392, 0.7740108)
(0.7216001, 0.1595767, 0.7802428)
(0.7224275, 0.1730658, 0.787097)
(0.7241285, 0.1891954, 0.7933127)
(0.7265146, 0.2047536, 0.7993497)
(0.7291843, 0.221411, 0.8066705)
(0.7323041, 0.2369645, 0.8141934)
(0.7359458, 0.2523264, 0.8228065)
(0.7384844, 0.2661595, 0.8312095)
(0.740274, 0.2784196, 0.8405404)
(0.7423633, 0.2891014, 0.8505311)
(0.7452142, 0.2996898, 0.858981)
(0.7462239, 0.3094423, 0.8695917)
(0.7493182, 0.3189073, 0.877905)
(0.7511347, 0.3241183, 0.8877727)
(0.7515275, 0.3285956, 0.8986607)
(0.753437, 0.3329093, 0.908466)
(0.7546064, 0.3362323, 0.9187801)
(0.7551847, 0.3377376, 0.9298512)
(0.7565261, 0.3378548, 0.9407201)
(0.7581807, 0.3373246, 0.9514363)
(0.759618, 0.3361902, 0.9637295)
(0.7611039, 0.3350199, 0.9750934)
(0.7621204, 0.3325345, 0.9864659)
(0.7632945, 0.3293429, 0.9976654)
(0.7633922, 0.3251701, 1.009461)
(0.7636749, 0.3217261, 1.01972)
(0.7641534, 0.3175587, 1.028441)
(0.7645661, 0.3140938, 1.036289)
(0.7632975, 0.3099664, 1.043788)
(0.7627519, 0.3064711, 1.049276)
(0.762299, 0.3026064, 1.054358)
(0.7600496, 0.2993238, 1.054709)
(0.7607285, 0.2989728, 1.051677)
(0.7634457, 0.3090646, 1.042957)
(0.7615823, 0.3116458, 1.044345)
(0.7635262, 0.3130158, 1.046659)
(0.7634801, 0.3150703, 1.051281)
(0.7653463, 0.3187099, 1.057237)
(0.7650901, 0.3253082, 1.064484)
(0.764055, 0.3307906, 1.065563)
(0.7648381, 0.3382117, 1.068316)
(0.7664592, 0.3413576, 1.072821)
(0.7664343, 0.3453689, 1.078377)
(0.7683326, 0.3509356, 1.083888)
(0.7668984, 0.3564606, 1.087604)
(0.7641497, 0.3629164, 1.086467)
(0.7620558, 0.3700838, 1.084764)
(0.7614329, 0.3794978, 1.081501)
(0.760402, 0.3879469, 1.081693)
(0.7597423, 0.3974927, 1.082755)
(0.7581911, 0.4073563, 1.083866)
(0.7565665, 0.4162166, 1.085568)
(0.7554838, 0.4247007, 1.0865)
(0.7575255, 0.4308434, 1.085898)
(0.7558802, 0.439523, 1.087398)
(0.7542545, 0.4483927, 1.089839)
(0.7539991, 0.45593, 1.091873)
(0.7530874, 0.4635103, 1.094283)
(0.7521902, 0.4699072, 1.096951)
(0.7516363, 0.4755345, 1.100294)
(0.7511497, 0.4799299, 1.10365)
(0.7502056, 0.4837668, 1.107386)
(0.7498592, 0.4865573, 1.111897)
(0.7500976, 0.4875929, 1.116367)
(0.7510438, 0.488196, 1.121058)
(0.7516005, 0.4882092, 1.126209)
(0.7526832, 0.4876686, 1.131045)
(0.7546192, 0.4847141, 1.136567)
(0.7555848, 0.4834132, 1.142208)
(0.7573835, 0.4801711, 1.147751)
(0.7595798, 0.47673, 1.153443)
(0.7616397, 0.4737961, 1.159436)
(0.7644266, 0.4694643, 1.165313)
(0.7677201, 0.4650318, 1.171779)
(0.7709399, 0.4602992, 1.17752)
(0.774169, 0.4568673, 1.182099)
(0.7771913, 0.4532079, 1.187549)
(0.7802231, 0.449518, 1.192165)
(0.7828642, 0.4468615, 1.196729)
(0.7856816, 0.4441519, 1.201549)
(0.7892029, 0.4415056, 1.204375)
(0.7915331, 0.4401552, 1.207702)
(0.7943486, 0.4389389, 1.210816)
(0.79668, 0.4371661, 1.212472)
(0.7971833, 0.4351432, 1.214436)
(0.7967069, 0.4346398, 1.210542)
(0.7969226, 0.4348689, 1.204616)
(0.7969902, 0.4351788, 1.201033)
(0.7963541, 0.4340631, 1.20126)
(0.7949054, 0.4329312, 1.205072)
(0.7943718, 0.4321864, 1.207973)
(0.7929956, 0.4320565, 1.209103)
(0.7939259, 0.4332045, 1.209329)
(0.7943739, 0.4340653, 1.208786)
(0.7949722, 0.4343516, 1.208629)
(0.7961428, 0.4346397, 1.208305)
(0.7967749, 0.4345924, 1.207235)
(0.796795, 0.4348425, 1.206644)
(0.7966667, 0.4349812, 1.207162)
(0.7963646, 0.4346883, 1.20742)
(0.7957214, 0.434324, 1.207637)
(0.7949452, 0.4344938, 1.207829)
(0.7951059, 0.434763, 1.207533)
(0.7952426, 0.4346873, 1.207541)
(0.7953628, 0.4346478, 1.207633)
(0.7958373, 0.4346573, 1.207781)
(0.7961916, 0.4345865, 1.20797)
(0.796501, 0.4346069, 1.208071)
(0.7966095, 0.4346564, 1.208032)
(0.79669, 0.4347156, 1.208413)
(0.7966074, 0.4349322, 1.208745)
(0.7967221, 0.4352283, 1.208939)
(0.796685, 0.4354643, 1.208944)
(0.7966336, 0.4357061, 1.208752)
(0.7967266, 0.4359075, 1.208742)
(0.796981, 0.4360357, 1.208787)
(0.7970963, 0.4360629, 1.208788)
(0.797132, 0.4360284, 1.208734)
(0.7972461, 0.4359149, 1.208871)
(0.7973687, 0.4357777, 1.208927)
(0.797235, 0.4355807, 1.209204)
(0.7972317, 0.4355304, 1.209218)
(0.7972504, 0.4354391, 1.209064)
(0.7971448, 0.4353188, 1.208868)
(0.7970935, 0.4352527, 1.208719)
(0.797122, 0.4351607, 1.208589)
(0.7972553, 0.4350263, 1.208457)
(0.7972814, 0.4348798, 1.208459)
(0.7972378, 0.4348822, 1.208624)
(0.7970833, 0.4345942, 1.208832)
(0.7970956, 0.4345115, 1.208775)
(0.7970578, 0.4345143, 1.208591)
(0.7970299, 0.4345183, 1.20826)
(0.7970552, 0.4344627, 1.208144)
(0.7969387, 0.4344351, 1.208001)
