(0.2858147, 5.131622, 4.736751)
(0.2868123, 5.134596, 4.736957)
(0.2880644, 5.138393, 4.737206)
(0.289245, 5.144072, 4.736925)
(0.2904771, 5.14858, 4.737058)
(0.2915094, 5.153218, 4.736861)
(0.2923253, 5.155843, 4.736366)
(0.2935631, 5.156204, 4.735774)
(0.2948078, 5.156118, 4.735353)
(0.2971653, 5.156279, 4.735947)
(0.299079, 5.16695, 4.738293)
(0.3000057, 5.173152, 4.738669)
(0.3007039, 5.172005, 4.739633)
(0.3028256, 5.171728, 4.740937)
(0.3053536, 5.171005, 4.743182)
(0.3064544, 5.171855, 4.744219)
(0.3072455, 5.170536, 4.747381)
(0.3104709, 5.168419, 4.748088)
(0.3126631, 5.164436, 4.7489)
(0.3161545, 5.166816, 4.752584)
(0.3179297, 5.168608, 4.755754)
(0.3182467, 5.169961, 4.759015)
(0.3192119, 5.169888, 4.761847)
(0.3219729, 5.169181, 4.76465)
(0.3233431, 5.168993, 4.766404)
(0.3252428, 5.166716, 4.767341)
(0.3276734, 5.168363, 4.767681)
(0.3295245, 5.169491, 4.768)
(0.3305883, 5.169382, 4.767938)
(0.3324409, 5.169142, 4.767697)
(0.3331501, 5.166653, 4.767584)
(0.3344392, 5.16432, 4.767647)
(0.3350834, 5.162983, 4.767475)
(0.3356692, 5.16385, 4.766732)
(0.3354063, 5.165257, 4.765896)
(0.3339062, 5.168159, 4.76446)
(0.3332541, 5.167191, 4.762912)
(0.3315969, 5.16708, 4.760988)
(0.3302494, 5.170244, 4.759243)
(0.3302099, 5.173316, 4.757217)
(0.3300067, 5.174574, 4.755583)
(0.3303598, 5.174191, 4.754586)
(0.3298047, 5.169526, 4.75338)
(0.3304194, 5.165669, 4.752462)
(0.3305717, 5.161768, 4.750482)
(0.3318287, 5.156858, 4.748779)
(0.3314223, 5.158443, 4.748334)
(0.3315018, 5.154678, 4.746202)
(0.3312665, 5.152048, 4.744869)
(0.3307231, 5.149733, 4.742911)
(0.3313275, 5.147146, 4.740419)
(0.3307592, 5.14705, 4.737229)
(0.3311315, 5.145711, 4.732754)
(0.3308915, 5.143365, 4.729192)
(0.3308052, 5.140672, 4.725585)
(0.3303423, 5.138011, 4.721766)
(0.3303745, 5.137164, 4.719574)
(0.3295212, 5.132972, 4.716311)
(0.3294673, 5.127105, 4.712824)
(0.3298065, 5.121865, 4.708803)
(0.3302536, 5.119981, 4.704215)
(0.3316925, 5.118684, 4.699854)
(0.3313457, 5.117148, 4.694804)
(0.3314774, 5.114861, 4.690224)
(0.331066, 5.112163, 4.685605)
(0.330644, 5.108421, 4.680872)
(0.329875, 5.100092, 4.675324)
(0.3301197, 5.093532, 4.670193)
(0.3298844, 5.088662, 4.665682)
(0.3303598, 5.08492, 4.660195)
(0.3304244, 5.082222, 4.654803)
(0.3306473, 5.080225, 4.649864)
(0.3304501, 5.076776, 4.64475)
(0.330171, 5.069746, 4.638839)
(0.3287426, 5.062319, 4.631693)
(0.3290489, 5.055427, 4.624945)
(0.3285882, 5.052555, 4.618762)
(0.3278098, 5.052786, 4.612236)
(0.3269033, 5.051831, 4.605574)
(0.3252089, 5.049634, 4.60041)
(0.3233354, 5.044259, 4.593337)
(0.3213015, 5.037121, 4.586653)
(0.3181514, 5.027614, 4.578893)
(0.314669, 5.018562, 4.57126)
(0.3102605, 5.010207, 4.564276)
(0.3065704, 5.002284, 4.55689)
(0.3019503, 4.995597, 4.549387)
(0.2965004, 4.987893, 4.540834)
(0.2908285, 4.979122, 4.531292)
(0.2855896, 4.970924, 4.522178)
(0.2787729, 4.958755, 4.511857)
(0.271304, 4.944728, 4.50183)
(0.2617528, 4.926693, 4.490211)
(0.2508001, 4.914508, 4.477555)
(0.2434411, 4.909389, 4.464075)
(0.2342314, 4.916788, 4.439267)
(0.2306223, 4.912058, 4.404255)
(0.2281363, 4.890519, 4.369543)
(0.2308916, 4.872067, 4.328958)
(0.2451744, 4.866836, 4.282236)
(0.2624573, 4.857642, 4.225831)
(0.2533607, 4.807866, 4.183008)
(0.2218528, 4.762511, 4.140812)
(0.1913428, 4.727708, 4.094522)
(0.1743418, 4.706271, 4.055674)
(0.1650141, 4.698352, 4.019426)
(0.1618221, 4.693933, 3.985035)
(0.1606396, 4.68808, 3.95695)
(0.1560753, 4.681404, 3.929859)
(0.15575, 4.678854, 3.910268)
(0.1545313, 4.674812, 3.894678)
(0.1506009, 4.6689, 3.883139)
(0.1481912, 4.664499, 3.873404)
(0.1476162, 4.660926, 3.864598)
(0.1525231, 4.662115, 3.865706)
(0.1632898, 4.668016, 3.870527)
(0.1776293, 4.677124, 3.880243)
(0.1892672, 4.686884, 3.887735)
(0.2024871, 4.700419, 3.904842)
(0.2155384, 4.71394, 3.926908)
(0.2266398, 4.727682, 3.951081)
(0.2397156, 4.744611, 3.980486)
(0.2512581, 4.761215, 4.006914)
(0.2630846, 4.783138, 4.042523)
(0.2747514, 4.803085, 4.074973)
(0.2866283, 4.826616, 4.114788)
(0.2952451, 4.849933, 4.15421)
(0.3017438, 4.87482, 4.199875)
(0.3054561, 4.901157, 4.247843)
(0.3048433, 4.927004, 4.295816)
(0.302895, 4.952299, 4.346827)
(0.300162, 4.974781, 4.393376)
(0.2958274, 4.999807, 4.439721)
(0.2905042, 5.029054, 4.484057)
(0.2811871, 5.055187, 4.5249)
(0.2706102, 5.071763, 4.559384)
(0.2636057, 5.08742, 4.59086)
(0.2564477, 5.107033, 4.62232)
(0.2505617, 5.127581, 4.647642)
(0.2434673, 5.138988, 4.672364)
(0.2370448, 5.145731, 4.692746)
(0.2334644, 5.14309, 4.700309)
(0.2291708, 5.146743, 4.713602)
(0.2292925, 5.148948, 4.718682)
(0.2294126, 5.152323, 4.722812)
(0.2295525, 5.16153, 4.72787)
(0.2394403, 5.178015, 4.740918)
(0.2781448, 5.273661, 4.724675)
(0.3093092, 5.274332, 4.69395)
(0.2632532, 5.17399, 4.65603)
(0.2537411, 5.060063, 4.61223)
(0.2713025, 5.07058, 4.616871)
(0.269716, 5.090209, 4.624494)
(0.2534612, 5.139073, 4.631968)
(0.2727728, 5.191793, 4.65469)
(0.2830087, 5.237248, 4.663856)
(0.2797323, 5.221062, 4.63669)
(0.2670438, 5.137496, 4.618346)
(0.2687612, 5.107887, 4.624623)
(0.2661262, 5.151516, 4.644422)
(0.2644767, 5.17254, 4.646985)
(0.2753138, 5.180541, 4.64502)
(0.2777381, 5.169316, 4.643863)
(0.27759, 5.173104, 4.653118)
(0.2803951, 5.176025, 4.658882)
(0.2834219, 5.18113, 4.667794)
(0.2826682, 5.181289, 4.673657)
(0.2802813, 5.175748, 4.678797)
(0.2788554, 5.174941, 4.687865)
(0.2784445, 5.17833, 4.693118)
(0.2818128, 5.186866, 4.701716)
(0.2820447, 5.189194, 4.709658)
(0.280737, 5.182415, 4.715969)
(0.2800966, 5.183957, 4.725198)
(0.2779625, 5.184774, 4.733366)
(0.2776038, 5.188617, 4.743977)
(0.2780834, 5.198965, 4.753465)
(0.2748981, 5.198215, 4.760306)
(0.2736675, 5.194082, 4.768674)
(0.2730007, 5.197357, 4.777256)
(0.273232, 5.197943, 4.783713)
(0.2745938, 5.196261, 4.791374)
(0.2767345, 5.189816, 4.798257)
(0.2790538, 5.181873, 4.804928)
(0.2820743, 5.182891, 4.814357)
(0.2829107, 5.18951, 4.820749)
(0.2812132, 5.190012, 4.825399)
(0.2804673, 5.185172, 4.831912)
(0.2803874, 5.186381, 4.835345)
(0.2829454, 5.184793, 4.84042)
(0.2847145, 5.179492, 4.845762)
(0.2863067, 5.172015, 4.850842)
(0.2878822, 5.161963, 4.85342)
(0.290816, 5.16042, 4.856803)
(0.2926316, 5.16407, 4.862655)
(0.2903541, 5.171696, 4.865052)
(0.2907592, 5.170434, 4.86813)
(0.290811, 5.167437, 4.86936)
(0.2908991, 5.16221, 4.869973)
(0.2919584, 5.154447, 4.870163)
(0.2923384, 5.149596, 4.870395)
(0.2945027, 5.143783, 4.869585)
(0.2956611, 5.138433, 4.870467)
(0.2974256, 5.135198, 4.869771)
(0.297988, 5.135907, 4.868618)
(0.2985648, 5.138385, 4.86661)
(0.2985901, 5.13679, 4.862329)
(0.2986794, 5.133534, 4.859906)
(0.2989378, 5.133563, 4.858057)
(0.2994678, 5.130832, 4.856349)
(0.3000702, 5.124551, 4.854011)
(0.3010978, 5.120973, 4.851735)
(0.3017517, 5.118346, 4.849169)
(0.302106, 5.116938, 4.846416)
(0.3024827, 5.116778, 4.843643)
(0.3034886, 5.115575, 4.839862)
(0.3048036, 5.113819, 4.836564)
(0.3064199, 5.114511, 4.833768)
(0.3074436, 5.113695, 4.831274)
(0.3084877, 5.113301, 4.828483)
(0.3096369, 5.112678, 4.82526)
(0.3101387, 5.112704, 4.822396)
(0.3121474, 5.113575, 4.819387)
(0.31331, 5.114459, 4.817668)
(0.3177094, 5.118774, 4.812464)
(0.3189778, 5.116315, 4.809691)
(0.3156303, 5.119401, 4.808585)
(0.3149531, 5.123575, 4.806997)
(0.3147075, 5.123156, 4.805941)
(0.3103758, 5.124789, 4.80036)
(0.3089793, 5.125806, 4.797556)
(0.3113098, 5.124774, 4.794459)
(0.3108143, 5.127255, 4.791454)
(0.3085175, 5.128, 4.78916)
(0.3078186, 5.129506, 4.787795)
(0.3078278, 5.126075, 4.786524)
(0.3073749, 5.121405, 4.785419)
(0.3065964, 5.122011, 4.784138)
(0.3056556, 5.12145, 4.783613)
(0.3051022, 5.119902, 4.78264)
(0.3048812, 5.119207, 4.781456)
(0.3048476, 5.11927, 4.780618)
(0.3049804, 5.119401, 4.780005)
(0.3051681, 5.120026, 4.779254)
(0.3054487, 5.121068, 4.778911)
(0.305507, 5.12108, 4.7793)
(0.3056597, 5.120202, 4.779189)
(0.3052962, 5.119967, 4.778717)
(0.3047576, 5.12129, 4.778231)
(0.3040733, 5.120771, 4.777011)
(0.3038784, 5.11956, 4.775785)
(0.3029405, 5.12082, 4.775105)
(0.3022766, 5.122521, 4.773814)
(0.3025337, 5.122824, 4.772901)
(0.3023016, 5.122937, 4.772215)
(0.3024348, 5.125103, 4.772233)
(0.3028055, 5.127208, 4.772216)
(0.302918, 5.127463, 4.772164)
(0.302456, 5.126025, 4.772035)
(0.3021854, 5.125546, 4.772108)
(0.3023652, 5.124464, 4.771596)
(0.3022202, 5.12323, 4.771395)
(0.3020308, 5.125203, 4.77166)
(0.3017648, 5.127416, 4.771313)
(0.3019398, 5.126145, 4.77074)
(0.3019282, 5.126566, 4.771293)
(0.3018989, 5.126746, 4.771489)
(0.3018787, 5.12602, 4.771791)
(0.301614, 5.125648, 4.771876)
(0.3010999, 5.126713, 4.772607)
(0.3009308, 5.127186, 4.772668)
(0.3007344, 5.126517, 4.772735)
(0.3002435, 5.126904, 4.773314)
(0.3002608, 5.127446, 4.773629)
(0.2999091, 5.127476, 4.774018)
(0.2996833, 5.128109, 4.774355)
(0.2997422, 5.128665, 4.774702)
(0.299767, 5.128981, 4.775072)
(0.2996424, 5.130041, 4.775279)
(0.2995283, 5.131358, 4.775549)
(0.2992818, 5.132737, 4.775813)
(0.299147, 5.133764, 4.776077)
(0.2992359, 5.135018, 4.776346)
(0.2991427, 5.136075, 4.776852)
(0.2991686, 5.136796, 4.777373)
(0.2992623, 5.136807, 4.777548)
(0.2991835, 5.137481, 4.777802)
(0.299292, 5.138503, 4.777992)
(0.2993949, 5.13915, 4.778252)
(0.2999068, 5.139846, 4.77768)
(0.3001634, 5.142295, 4.778016)
(0.3002426, 5.145556, 4.778201)
(0.3002546, 5.146469, 4.778043)
(0.3002936, 5.146169, 4.778071)
