(0.2611814, 0.05375457, 0.4626453)
(0.2612133, 0.0539372, 0.4622674)
(0.2609673, 0.05418777, 0.4618969)
(0.2609673, 0.05418777, 0.4618969)
(0.2608547, 0.05441356, 0.4611721)
(0.2608802, 0.05443048, 0.4608119)
(0.2609878, 0.05453181, 0.4604785)
(0.2613671, 0.05456805, 0.4603269)
(0.2614028, 0.05458736, 0.4598603)
(0.2615426, 0.05465508, 0.4594517)
(0.2614927, 0.0546689, 0.4589901)
(0.2615347, 0.05478501, 0.4588399)
(0.2615206, 0.054672, 0.458715)
(0.2614963, 0.05462885, 0.4586735)
(0.2613194, 0.0547421, 0.4586704)
(0.2612131, 0.05481529, 0.4585326)
(0.2612972, 0.05483913, 0.4584403)
(0.2612338, 0.054914, 0.4583704)
(0.2610552, 0.05480957, 0.45855)
(0.2611682, 0.05479288, 0.4587419)
(0.2609012, 0.05484557, 0.4588215)
(0.26074, 0.05487037, 0.4590638)
(0.2606659, 0.05496478, 0.4593067)
(0.2606945, 0.05489063, 0.4593687)
(0.2603862, 0.05468941, 0.4597857)
(0.2604465, 0.05463266, 0.4599848)
(0.2603106, 0.05468607, 0.4601574)
(0.2602298, 0.05479455, 0.4603808)
(0.2600486, 0.05480027, 0.4605241)
(0.2599425, 0.05485225, 0.460814)
(0.2597146, 0.05469346, 0.461236)
(0.2597735, 0.05475855, 0.4617589)
(0.2596815, 0.05470634, 0.4621084)
(0.259671, 0.05463338, 0.4625912)
(0.2595351, 0.05458403, 0.4632127)
(0.2593284, 0.05433822, 0.4640341)
(0.2591219, 0.0540812, 0.4650402)
(0.2591147, 0.05406976, 0.4660287)
(0.2592888, 0.05425429, 0.4672225)
(0.2597766, 0.05438209, 0.468657)
(0.2603593, 0.05533218, 0.47054)
(0.2606158, 0.05630088, 0.4726985)
(0.2618594, 0.05777669, 0.4752283)
(0.2637756, 0.06115174, 0.4771593)
(0.2655258, 0.06536293, 0.4788392)
(0.2660432, 0.07300472, 0.4800191)
(0.2642457, 0.08332133, 0.4785929)
(0.2631755, 0.09364653, 0.4772563)
(0.2591004, 0.1091936, 0.4767687)
(0.2568266, 0.1278524, 0.4775336)
(0.2546835, 0.1433477, 0.4785676)
(0.2518036, 0.1599658, 0.4805255)
(0.2498963, 0.1775516, 0.4836743)
(0.2484763, 0.19374, 0.4866347)
(0.2466097, 0.2108084, 0.4912028)
(0.2456169, 0.2271681, 0.4968722)
(0.2436674, 0.243214, 0.5023751)
(0.2425778, 0.2587936, 0.5090313)
(0.2425766, 0.2710454, 0.5164728)
(0.2411716, 0.2847873, 0.5237288)
(0.2415528, 0.2954085, 0.5307412)
(0.2418773, 0.3059422, 0.5376086)
(0.2414622, 0.3163905, 0.5457735)
(0.2425742, 0.3237311, 0.5531516)
(0.2442749, 0.329978, 0.5609)
(0.2446363, 0.3385364, 0.5691438)
(0.2464612, 0.3430228, 0.5777714)
(0.2487063, 0.3443277, 0.5866117)
(0.2498162, 0.3486168, 0.5955524)
(0.251848, 0.348817, 0.6045852)
(0.254252, 0.3479564, 0.6140304)
(0.255836, 0.3479117, 0.62358)
(0.2578514, 0.3447784, 0.6334274)
(0.259865, 0.3407584, 0.6435342)
(0.2617495, 0.337218, 0.6536109)
(0.2639127, 0.3313349, 0.6648576)
(0.2662997, 0.3233485, 0.6752503)
(0.2667358, 0.3159355, 0.6867139)
(0.2705913, 0.3099082, 0.6951766)
(0.273387, 0.3020575, 0.7051768)
(0.2752433, 0.2934823, 0.7149177)
(0.2770562, 0.2847396, 0.7247934)
(0.2790816, 0.2760968, 0.7344625)
(0.2815728, 0.2669524, 0.7432437)
(0.2834916, 0.2579733, 0.7527509)
(0.2850397, 0.2500322, 0.7607427)
(0.2867961, 0.2415651, 0.7671008)
(0.2879367, 0.2340714, 0.7739418)
(0.2905278, 0.225937, 0.780021)
(0.2917848, 0.2194749, 0.7852144)
(0.2927723, 0.2125846, 0.7906432)
(0.2928193, 0.20609, 0.7933505)
(0.2941217, 0.1984868, 0.7974975)
(0.2943263, 0.1907486, 0.8002965)
(0.2954125, 0.1836559, 0.8023398)
(0.2960041, 0.177243, 0.8042312)
(0.295743, 0.1709346, 0.8045607)
(0.2905898, 0.1644646, 0.7993231)
(0.288584, 0.1722922, 0.7942619)
(0.2945275, 0.1892722, 0.7931764)
(0.297303, 0.1917592, 0.7982922)
(0.2990773, 0.191041, 0.7983181)
(0.2974744, 0.1820006, 0.8045893)
(0.2951226, 0.1804761, 0.8054357)
(0.2935545, 0.180505, 0.8067825)
(0.2941523, 0.1801127, 0.8060691)
(0.2937152, 0.1785325, 0.8060136)
(0.2944703, 0.176114, 0.8048775)
(0.2958946, 0.1754938, 0.8021767)
(0.2967763, 0.1741517, 0.8002555)
(0.2970769, 0.1733735, 0.7999449)
(0.2970643, 0.172977, 0.8003824)
(0.2972074, 0.1744153, 0.8035748)
(0.2964892, 0.1755242, 0.8057904)
(0.297056, 0.1746873, 0.8056848)
(0.2978022, 0.1731223, 0.8050332)
(0.2982879, 0.1720586, 0.8045104)
(0.2984705, 0.1717809, 0.8044105)
(0.298456, 0.1717311, 0.8050594)
(0.2984533, 0.1718208, 0.8055956)
(0.2988541, 0.1718462, 0.8053412)
(0.2995143, 0.1719512, 0.805263)
(0.2995427, 0.1721981, 0.8054988)
(0.2991107, 0.172083, 0.8058679)
(0.2988634, 0.1722572, 0.8061044)
(0.2989075, 0.1725179, 0.8061891)
(0.2989485, 0.1729445, 0.8061116)
(0.2989516, 0.1730826, 0.8057823)
(0.2991741, 0.1732512, 0.8056109)
(0.2989876, 0.1735058, 0.8057501)
(0.2986338, 0.1741453, 0.8060198)
(0.2987905, 0.1745031, 0.8061101)
(0.2993245, 0.1751643, 0.8054821)
(0.2996147, 0.175517, 0.8051183)
(0.2994311, 0.1756488, 0.8042631)
(0.2999239, 0.175871, 0.8036368)
(0.300447, 0.176367, 0.8028448)
(0.3010063, 0.1769005, 0.802175)
(0.3016365, 0.1773533, 0.8012159)
(0.3020275, 0.177766, 0.8003128)
(0.3030555, 0.1779777, 0.7992358)
(0.3041179, 0.1786283, 0.7981431)
(0.3048246, 0.1792505, 0.7971039)
(0.3053207, 0.1797498, 0.7961903)
(0.3053036, 0.1798028, 0.7955332)
(0.3048537, 0.1798509, 0.7951629)
(0.3046477, 0.1800858, 0.7950149)
(0.3045244, 0.1806167, 0.7943168)
(0.3040791, 0.1807321, 0.7937059)
(0.3035605, 0.1805931, 0.7932646)
(0.3037903, 0.1808553, 0.7925572)
(0.3039072, 0.1809351, 0.7919559)
(0.3038602, 0.1812072, 0.791388)
(0.3040082, 0.1816559, 0.7907186)
(0.3038676, 0.1818053, 0.7901614)
(0.3037248, 0.1817575, 0.7894044)
(0.3039756, 0.1821089, 0.7888987)
(0.3041034, 0.1823626, 0.78845)
(0.3040254, 0.1826216, 0.7879777)
(0.3041971, 0.1828712, 0.7874978)
(0.3044372, 0.1831135, 0.7870324)
(0.3047533, 0.1835083, 0.7866311)
(0.3044331, 0.1837009, 0.7865462)
(0.3038054, 0.1839087, 0.7864799)
(0.3032384, 0.1838725, 0.7862637)
(0.3028383, 0.184041, 0.7856684)
(0.3027377, 0.1840156, 0.7850409)
(0.3026741, 0.1839811, 0.7842598)
(0.3020899, 0.1838374, 0.7837708)
(0.3014624, 0.1837207, 0.7832427)
(0.3007441, 0.1835266, 0.7828295)
(0.3003218, 0.1834416, 0.7832382)
(0.2997119, 0.1837122, 0.7839096)
(0.2994666, 0.1839489, 0.7844026)
(0.2996595, 0.1843783, 0.7847924)
(0.2997055, 0.184432, 0.7851474)
(0.2993586, 0.1843556, 0.7855816)
(0.2990575, 0.1839767, 0.786799)
(0.298919, 0.1836212, 0.7880008)
(0.2986801, 0.1833756, 0.7889419)
(0.299057, 0.1832631, 0.7898738)
(0.2998593, 0.1833787, 0.7903438)
(0.3006065, 0.1832336, 0.7904284)
(0.3012614, 0.1831387, 0.7905598)
(0.3016975, 0.1831013, 0.7901731)
(0.3020382, 0.1831615, 0.7900822)
(0.3029501, 0.1828352, 0.7895198)
(0.303988, 0.1823752, 0.7889996)
(0.3048332, 0.1820514, 0.7887547)
(0.3051505, 0.1818955, 0.7889185)
(0.3054099, 0.1817957, 0.7894475)
(0.3052354, 0.181761, 0.7899654)
(0.3052979, 0.181434, 0.790246)
(0.3051977, 0.1808473, 0.7904699)
(0.3052955, 0.180292, 0.7906413)
(0.3052578, 0.1797695, 0.7910037)
(0.3054085, 0.1794524, 0.7915511)
(0.3055546, 0.1793731, 0.792115)
(0.3059371, 0.1797944, 0.7921524)
(0.3056238, 0.1796453, 0.7922187)
(0.3055685, 0.1794374, 0.7924991)
(0.3055432, 0.1793914, 0.7928882)
(0.3058772, 0.1793736, 0.7929332)
(0.3060918, 0.1795222, 0.7931459)
(0.3060999, 0.179646, 0.7935071)
(0.3059268, 0.1798596, 0.7937803)
(0.3055103, 0.1803211, 0.7943177)
(0.305279, 0.1805204, 0.7947531)
(0.3047798, 0.1807379, 0.7951851)
(0.3043427, 0.1811306, 0.7957234)
(0.3040447, 0.1815755, 0.7963459)
(0.3039761, 0.181797, 0.7967429)
(0.30354, 0.1822445, 0.7971177)
(0.3032985, 0.1829944, 0.7976437)
(0.3032041, 0.183768, 0.7982519)
(0.3028455, 0.1844381, 0.7986798)
(0.3027074, 0.1851944, 0.7994957)
(0.3026047, 0.1861628, 0.8002501)
(0.3023651, 0.1871396, 0.8009036)
(0.302495, 0.1882886, 0.8018796)
(0.3026977, 0.1896993, 0.802835)
(0.3028696, 0.1909554, 0.8037071)
(0.3033009, 0.1923242, 0.804939)
(0.3035824, 0.1941044, 0.8063552)
(0.3039241, 0.1958158, 0.8075709)
(0.3044262, 0.1975365, 0.8092582)
(0.3050785, 0.1997843, 0.8106165)
(0.3057401, 0.2023737, 0.8120663)
(0.3064938, 0.2049375, 0.8138855)
(0.3072042, 0.2079756, 0.8157132)
(0.3080418, 0.2109002, 0.8177612)
(0.3089221, 0.2145957, 0.8207924)
(0.310132, 0.2180207, 0.8234763)
(0.3112652, 0.2215797, 0.8262017)
(0.3126917, 0.2255036, 0.8293586)
(0.3141794, 0.2295138, 0.8329229)
(0.3157506, 0.2333741, 0.8363049)
(0.3180859, 0.2380787, 0.8408122)
(0.3197284, 0.2419952, 0.8448215)
(0.3216331, 0.2457126, 0.8489602)
(0.3234224, 0.249325, 0.8535109)
(0.3248217, 0.2529814, 0.8581433)
(0.3260865, 0.2569259, 0.8628404)
(0.3273859, 0.2610238, 0.8673875)
(0.3288639, 0.2655191, 0.8721709)
(0.3295357, 0.2704641, 0.876195)
(0.3301072, 0.2757235, 0.8804951)
(0.3314123, 0.2807573, 0.8848181)
(0.3320615, 0.2857637, 0.8881078)
(0.3323658, 0.2920249, 0.8911762)
(0.3327129, 0.2985065, 0.8943841)
(0.3319793, 0.3066328, 0.8963645)
(0.3310809, 0.3160256, 0.8983994)
(0.3305037, 0.3265505, 0.9011869)
(0.3296514, 0.3362125, 0.9038277)
(0.3280971, 0.3484496, 0.907609)
(0.3259964, 0.3601307, 0.9116673)
(0.3249679, 0.3705887, 0.9156988)
(0.3240089, 0.3818337, 0.9203486)
(0.3228555, 0.3928493, 0.9249508)
(0.3218772, 0.4039001, 0.9297075)
(0.3209119, 0.4148813, 0.9342275)
(0.3193181, 0.4253054, 0.9390228)
(0.3181207, 0.4362202, 0.9444444)
(0.3177724, 0.4456515, 0.9516141)
(0.3172021, 0.4540659, 0.9579)
(0.3170319, 0.4618421, 0.9649107)
(0.3173027, 0.4675992, 0.9714732)
(0.3177052, 0.47217, 0.9779809)
(0.3177438, 0.478376, 0.984628)
(0.3184826, 0.4811324, 0.9915483)
(0.3193035, 0.4830357, 0.9985595)
(0.3194001, 0.4863411, 1.005497)
(0.3198156, 0.4860555, 1.012976)
(0.3211265, 0.4834231, 1.02014)
(0.3213913, 0.4825433, 1.027602)
(0.322237, 0.4786873, 1.035031)
(0.3234253, 0.475134, 1.042151)
(0.3242264, 0.4696016, 1.049265)
(0.3251717, 0.4629065, 1.056308)
(0.3264368, 0.455483, 1.063467)
(0.3269086, 0.4470416, 1.071944)
(0.327683, 0.4390713, 1.079208)
(0.3284738, 0.4298596, 1.086217)
(0.3293378, 0.4207226, 1.092639)
(0.33093, 0.4125613, 1.097631)
(0.3312252, 0.4038727, 1.103742)
(0.3318803, 0.3944539, 1.107482)
(0.3316162, 0.3859453, 1.112088)
(0.3313904, 0.3782232, 1.115707)
(0.331815, 0.3694429, 1.117966)
(0.3314121, 0.3622391, 1.121242)
(0.3310876, 0.3563626, 1.122838)
(0.3310654, 0.3495579, 1.122656)
(0.3297427, 0.3441013, 1.123595)
(0.3294594, 0.3378623, 1.123505)
(0.3282127, 0.3334457, 1.122852)
(0.3270655, 0.329319, 1.122391)
(0.3263571, 0.3255936, 1.121686)
(0.3262613, 0.320737, 1.120908)
(0.325654, 0.3174567, 1.120027)
(0.3252053, 0.3143049, 1.119298)
(0.3253717, 0.3116326, 1.118646)
(0.3251956, 0.3113312, 1.113408)
(0.3250787, 0.3110522, 1.109995)
(0.3248069, 0.3088852, 1.108091)
(0.3245358, 0.3067173, 1.10619)
(0.324265, 0.3045483, 1.10429)
(0.3239698, 0.3021799, 1.10222)
(0.3237, 0.3000119, 1.100328)
(0.3235884, 0.2991109, 1.099543)
(0.3269506, 0.3081772, 1.125679)
(0.3274124, 0.3077152, 1.125769)
(0.3279309, 0.3068696, 1.124696)
(0.3284202, 0.3062611, 1.124899)
(0.3286307, 0.3050505, 1.123864)
(0.3259783, 0.3042272, 1.12306)
(0.3243554, 0.309773, 1.091013)
(0.3239319, 0.3094283, 1.089003)
(0.323508, 0.3090829, 1.087001)
(0.3230839, 0.308737, 1.085009)
(0.3220303, 0.314065, 1.054661)
(0.3205569, 0.3214031, 1.017456)
(0.3201871, 0.3217438, 1.01283)
(0.3197699, 0.32207, 1.008145)
(0.3192053, 0.3223815, 1.003447)
(0.3185883, 0.3227221, 0.9983132)
(0.3191748, 0.3236328, 0.9939981)
(0.3181932, 0.3105514, 1.05566)
(0.3058012, 0.3671149, 1.187531)
(0.3234353, 0.3400633, 1.122869)
(0.3230517, 0.3410398, 1.123561)
(0.3242712, 0.3387998, 1.122075)
(0.3238115, 0.3395196, 1.122645)
(0.3131757, 0.3401419, 1.122149)
(0.3121839, 0.3409113, 1.122836)
(0.3112812, 0.3415341, 1.123539)
(0.3099411, 0.3420892, 1.124026)
(0.3090646, 0.3427961, 1.124639)
(0.3081872, 0.3435038, 1.125252)
(0.3073142, 0.3442079, 1.125862)
(0.3064384, 0.3449142, 1.126474)
(0.3056362, 0.3461648, 1.126409)
(0.3047645, 0.3469371, 1.126846)
(0.3037744, 0.3477706, 1.127388)
(0.3027737, 0.3485143, 1.127955)
(0.2978723, 0.3382069, 1.107456)
(0.3292418, 0.3177574, 1.096116)
(0.3242831, 0.3229973, 1.10057)
(0.3237934, 0.3230426, 1.100376)
(0.3259501, 0.3234975, 1.102619)
(0.3266249, 0.3226758, 1.101365)
(0.3256667, 0.3223149, 1.100398)
(0.3253384, 0.3223939, 1.100143)
(0.3250241, 0.3224868, 1.099923)
(0.324194, 0.3222622, 1.100383)
(0.3238518, 0.3224026, 1.100097)
(0.3270898, 0.3232635, 1.102786)
(0.3269055, 0.3234142, 1.102706)
(0.3296678, 0.3237931, 1.104073)
(0.3288383, 0.3231784, 1.104048)
(0.3287609, 0.3232902, 1.10403)
(0.3333409, 0.3201585, 1.10127)
(0.3334486, 0.3201522, 1.101131)
(0.3336265, 0.3200251, 1.101678)
(0.3337452, 0.3194002, 1.101307)
(0.3338473, 0.3193614, 1.101254)
(0.3327849, 0.3196889, 1.100948)
(0.332597, 0.3194412, 1.101101)
