(-4295.558, 194.1482, -357.6664)
(17.14131, 10.47339, 109.0027)
(31.32805, 25.27623, 84.61825)
(40.8321, 122.7071, 110.4692)
(90.33536, 147.9915, 108.7559)
(142.081, 182.2894, 126.3147)
(34.79974, 68.30582, 75.90747)
(100.3727, 153.4903, 212.5719)
(113.0107, 38.34382, 135.1198)
(93.08063, 45.34373, 136.2099)
(65.64162, 36.97286, 95.09982)
(117.4442, 83.04787, 170.4101)
(89.81884, 29.14321, 108.2806)
(87.22949, 40.9056, 114.0565)
(51.05834, 31.12395, 81.12186)
(82.12529, -1.215329, 173.2124)
(77.03851, 28.61738, 123.0052)
(44.28443, -0.7284184, 113.3649)
(24.55868, -5.721556, 66.62519)
(120.595, 14.98199, 233.363)
(37.12577, -32.73163, 148.106)
(23.2456, -35.5894, 112.2672)
(23.47476, -26.94896, 91.3698)
(30.81984, -65.85657, 161.0645)
(-7.565503, -80.55189, 95.36829)
(10.24183, -58.26538, 102.0795)
(-10.32942, -64.0213, 74.31117)
(-27.27322, -118.9673, 133.3984)
(-11.41388, -71.55486, 91.69448)
(-25.15997, -84.80616, 71.53226)
(-21.89683, -58.8396, 39.13097)
(-45.63365, -92.24179, 59.65351)
(-23.83467, -75.20323, 41.2954)
(-41.77356, -63.89867, 16.22754)
(-29.36464, -54.67042, 14.09705)
(-17.2513, -109.3029, 41.34402)
(33.86731, -40.7819, 67.08526)
