(339.0043, 303.9829, 355.0362)
(341.4471, 303.317, 357.3869)
(344.7614, 306.4773, 357.6778)
(348.6438, 309.2946, 358.5224)
(351.0151, 310.4466, 359.4938)
(355.358, 308.8723, 359.5869)
(346.3642, 303.0113, 3.05946)
(346.3642, 303.0113, 3.05946)
(342.7441, 303.9035, 4.794207)
(343.9092, 304.2338, 6.294033)
(347.0673, 304.4414, 7.305587)
(347.9689, 307.9975, 9.019875)
(347.0645, 309.6559, 10.34372)
(346.1834, 310.747, 11.27518)
(345.2518, 311.067, 12.23028)
(343.5066, 310.6915, 13.0573)
(339.791, 309.4077, 13.23867)
(336.9402, 307.7761, 13.55948)
(335.0697, 306.2059, 14.24167)
(333.3023, 303.9931, 14.84053)
(331.6649, 303.4878, 12.66498)
(331.6649, 303.4878, 12.66498)
(330.5448, 304.7496, 9.9593)
(328.6308, 306.3098, 6.862675)
(326.6948, 307.2029, 4.461902)
(323.9265, 307.7647, 1.946895)
(321.067, 307.7906, 0.1000067)
(318.5239, 307.9302, 358.4784)
(316.2626, 308.4025, 356.6335)
(314.203, 309.4778, 354.2321)
(312.3425, 311.0865, 351.3899)
(310.3337, 312.5356, 348.8015)
(309.0146, 313.9747, 346.3329)
(307.8268, 315.4687, 343.5745)
(306.1835, 316.5448, 338.533)
(306.1835, 316.5448, 338.533)
(304.3298, 313.3276, 337.1576)
(303.7471, 312.0686, 336.4997)
(304.1478, 309.8121, 337.2119)
(305.1136, 308.3382, 337.7675)
(306.2947, 307.7307, 337.5869)
(306.8224, 307.5111, 337.0247)
(307.1807, 308.0087, 336.6304)
(307.1635, 308.105, 337.0645)
(307.3721, 308.0421, 337.5367)
