0.0167056
0.0166818
0.0064528
0.0058467
0.0096674
0.0107316
0.0110885
0.0118538
0.0108952
0.011193
0.0107948
0.011157
0.0118548
0.0103085
0.0118516
0.0183291
0.0073157
0.010637
0.0191068
0.0064551
0.0070653
0.0092661
0.0113706
0.0101005
0.0112229
0.0109785
0.0113215
0.0105878
0.0121184
0.0174769
0.0066855
0.0111713
0.0083714
0.0115322
0.0104374
0.0156995
0.0180633
0.0073889
0.0063374
0.0090018
0.0099701
0.012476
0.0109969
0.0178916
0.0103157
0.0062159
0.0096418
0.0119957
0.0119738
0.0094475
0.0109165
0.0106251
0.0108504
0.0135969
0.0139966
0.0067465
