(-7346.994, 220.3374, -3026.565)
(26.19318, 41.59274, 70.14063)
(34.4364, 65.75598, 90.8365)
(43.54252, 64.21001, 84.29274)
(73.72905, 67.47838, 108.6315)
(77.88493, 102.8806, 116.1983)
(83.13557, 121.0016, 103.1162)
(83.3883, 111.2552, 86.19103)
(65.0164, 116.4429, 73.97385)
(49.22985, 140.6555, 84.74089)
(50.54936, 129.5661, 91.5069)
(42.04213, 124.601, 92.91309)
(50.79459, 165.6769, 124.0258)
(48.34936, 112.4619, 100.2068)
(54.53975, 123.0151, 93.48074)
(64.06036, 113.4091, 97.11517)
(55.26558, 110.2142, 88.93371)
(78.53835, 102.6555, 97.23842)
(65.78661, 86.93443, 83.437)
(84.95737, 120.8807, 100.5013)
(72.5478, 92.22335, 86.98808)
(65.53878, 76.75677, 81.91198)
(51.75655, 80.09021, 67.72858)
(54.92116, 73.57151, 83.46233)
(39.1307, 54.18983, 71.42233)
(26.75612, 46.60615, 50.32786)
(43.02528, 55.67813, 71.47316)
(35.8343, 41.31138, 58.43597)
(30.40791, 32.29811, 49.32723)
(35.26316, 27.80084, 49.9823)
(31.26176, 7.395131, 41.8828)
(27.64593, -1.415197, 41.31053)
(22.51661, -1.786486, 43.59616)
(36.45234, -26.07482, 44.33516)
(27.76354, -28.27184, 36.44501)
(30.04575, -32.91145, 39.89195)
(30.78786, -48.22072, 33.02975)
(27.88921, -50.47959, 35.56091)
(22.02891, -59.7436, 30.77447)
(20.85927, -64.49357, 33.97631)
(20.91079, -75.71523, 42.47266)
(19.11425, -65.11903, 41.22999)
(16.16727, -86.49228, 31.1293)
(19.99739, -89.45193, 33.42605)
(15.77149, -89.43636, 26.51445)
(20.72688, -100.1911, 33.0695)
(13.1699, -99.78226, 33.65205)
(8.222437, -126.6122, 34.44241)
(5.45168, -110.1172, 39.58963)
(9.962336, -113.5751, 44.99599)
(6.388432, -111.4469, 38.59837)
(12.72107, -106.9767, 45.88079)
(17.39666, -104.3649, 49.79835)
(18.56343, -100.3808, 42.45595)
(5.860097, -108.7891, 36.96521)
(13.61873, -102.5688, 40.27248)
(11.29831, -101.5076, 35.1899)
(4.501582, -116.6791, 25.37389)
(15.02423, -117.0018, 36.79016)
(13.30985, -94.77511, 31.61765)
(9.292571, -59.39423, 35.34129)
(23.08452, -71.00733, 41.2194)
(9.00617, -60.45775, 13.13322)
(-1.051576, -54.1811, 16.54598)
(9.000856, -56.3276, 22.64451)
(-4.292271, -33.38863, 10.19508)
