(-0.6366341, 1.262171, 0.3738418)
(-0.6366568, 1.262048, 0.373863)
(-0.6366465, 1.261995, 0.3735588)
(-0.6365597, 1.261848, 0.3734503)
(-0.6364846, 1.261914, 0.373307)
(-0.6364608, 1.261876, 0.3732362)
(-0.6364613, 1.261815, 0.3731918)
(-0.6364827, 1.261733, 0.3731716)
(-0.6365232, 1.261616, 0.3733509)
(-0.6365232, 1.261616, 0.3733509)
(-0.6365638, 1.261703, 0.3734014)
(-0.6366119, 1.261607, 0.3733478)
(-0.6365509, 1.26143, 0.3732944)
(-0.6365254, 1.261401, 0.3733673)
(-0.6365957, 1.261347, 0.3733149)
(-0.6366374, 1.261262, 0.3733327)
(-0.6366391, 1.261207, 0.3734102)
(-0.6367378, 1.261117, 0.3735447)
(-0.6367769, 1.260931, 0.3735933)
(-0.6370265, 1.260782, 0.3737478)
(-0.637238, 1.260617, 0.37396)
(-0.6375868, 1.260635, 0.3742416)
(-0.6377857, 1.260525, 0.374459)
(-0.6382473, 1.260296, 0.374886)
(-0.6388278, 1.26033, 0.37534)
(-0.6392822, 1.260243, 0.3757164)
(-0.6399012, 1.260212, 0.3759961)
(-0.640491, 1.259959, 0.3763535)
(-0.6412175, 1.259842, 0.3768044)
(-0.6421037, 1.259749, 0.3773355)
(-0.6430047, 1.259771, 0.3778999)
(-0.6440341, 1.259755, 0.3784554)
(-0.6452117, 1.259601, 0.3790026)
(-0.6463461, 1.259511, 0.3795707)
(-0.6474192, 1.259449, 0.3801947)
(-0.6486745, 1.259345, 0.3809507)
(-0.6500256, 1.259227, 0.3816106)
(-0.6512499, 1.259108, 0.3822093)
(-0.652792, 1.258735, 0.3829339)
(-0.6542747, 1.258339, 0.3835957)
(-0.6558573, 1.257732, 0.3842781)
(-0.6574101, 1.257365, 0.3847184)
(-0.6590889, 1.257033, 0.3853149)
(-0.6608217, 1.256742, 0.3858626)
(-0.662544, 1.256499, 0.3863037)
(-0.6643012, 1.256237, 0.386652)
(-0.6664052, 1.255606, 0.3872533)
(-0.6682351, 1.255185, 0.3874888)
(-0.6700008, 1.2549, 0.3879452)
(-0.6716509, 1.254647, 0.3880696)
(-0.6731801, 1.254632, 0.3882396)
(-0.6747308, 1.254539, 0.3883393)
(-0.6764789, 1.254519, 0.3884852)
(-0.6780148, 1.254639, 0.3883262)
(-0.6795139, 1.254646, 0.3884227)
(-0.6809428, 1.25498, 0.388567)
(-0.6823688, 1.255119, 0.3888361)
(-0.6838026, 1.255253, 0.3890402)
(-0.6848917, 1.255747, 0.3891971)
(-0.6860259, 1.255938, 0.3894279)
(-0.6868379, 1.256063, 0.3897314)
(-0.6878402, 1.256004, 0.3901386)
(-0.6886189, 1.255967, 0.3904772)
(-0.6894748, 1.25596, 0.3908339)
(-0.6901257, 1.255994, 0.3911898)
(-0.6907468, 1.256075, 0.3915901)
(-0.6912105, 1.25654, 0.3917527)
(-0.6916642, 1.256893, 0.3923566)
(-0.6922219, 1.257214, 0.3926177)
(-0.69258, 1.257579, 0.3925862)
(-0.6927769, 1.257898, 0.3928876)
(-0.6930983, 1.258134, 0.3934278)
(-0.6931944, 1.25836, 0.3937809)
(-0.6933873, 1.258772, 0.3942428)
(-0.6935213, 1.259179, 0.3948324)
(-0.6936576, 1.259576, 0.3954139)
(-0.6935983, 1.259829, 0.396116)
(-0.6936347, 1.259972, 0.3967795)
(-0.6936946, 1.260175, 0.397727)
(-0.6936584, 1.260176, 0.3987768)
(-0.6936238, 1.260198, 0.3996542)
(-0.6935568, 1.260196, 0.4009514)
(-0.6933198, 1.260328, 0.4018245)
(-0.6931121, 1.25992, 0.4030142)
(-0.6929004, 1.259485, 0.4041255)
(-0.6926138, 1.259008, 0.4053674)
(-0.6922684, 1.258335, 0.4067254)
(-0.6919749, 1.257731, 0.4079862)
(-0.6916177, 1.257165, 0.4095364)
(-0.6912901, 1.256675, 0.4107325)
(-0.6908581, 1.255978, 0.4122927)
(-0.6904178, 1.255296, 0.4136229)
(-0.6900082, 1.254606, 0.4152243)
(-0.6895812, 1.253537, 0.416703)
(-0.6890547, 1.252319, 0.4181898)
(-0.688638, 1.251415, 0.4196658)
(-0.6877835, 1.250663, 0.4212468)
(-0.687201, 1.249848, 0.4229827)
(-0.6865294, 1.249173, 0.4245598)
(-0.6859329, 1.248742, 0.4261563)
(-0.6851747, 1.247936, 0.427803)
(-0.6843579, 1.247418, 0.4295189)
(-0.6832983, 1.24653, 0.4310057)
(-0.6825693, 1.246311, 0.4327979)
(-0.6818168, 1.246029, 0.4342935)
(-0.6807866, 1.246223, 0.4362466)
(-0.679786, 1.246159, 0.4383054)
(-0.6787043, 1.246414, 0.4406383)
(-0.6778805, 1.246883, 0.4429355)
(-0.6769943, 1.246968, 0.445154)
(-0.6759315, 1.247402, 0.4472644)
(-0.6744266, 1.247907, 0.4496322)
(-0.6727259, 1.248222, 0.4521737)
(-0.6710958, 1.248421, 0.4550385)
(-0.6696093, 1.248673, 0.457756)
(-0.6677508, 1.2487, 0.4607143)
(-0.6659782, 1.248589, 0.4635556)
(-0.6640663, 1.248354, 0.4664717)
(-0.6619976, 1.248141, 0.4695768)
(-0.6597402, 1.248062, 0.4725025)
(-0.6576092, 1.247887, 0.475636)
(-0.655215, 1.24749, 0.4788661)
(-0.6527214, 1.247084, 0.481894)
(-0.6503229, 1.246764, 0.4851682)
(-0.6474013, 1.24645, 0.4887867)
(-0.6448305, 1.246161, 0.4922323)
(-0.6420612, 1.245979, 0.4957452)
(-0.6393261, 1.245765, 0.499377)
(-0.6363544, 1.245773, 0.5028763)
(-0.6333878, 1.245785, 0.506402)
(-0.6301858, 1.245911, 0.5100193)
(-0.6269994, 1.246007, 0.5137656)
(-0.6235356, 1.246226, 0.5172527)
(-0.6200299, 1.246439, 0.5213704)
(-0.616611, 1.247182, 0.5248051)
(-0.6130702, 1.248199, 0.5282779)
(-0.6092498, 1.249347, 0.5316839)
(-0.6054575, 1.250742, 0.5351834)
(-0.6016769, 1.252388, 0.5387361)
(-0.5976667, 1.254936, 0.5422754)
(-0.593792, 1.25799, 0.5458794)
(-0.5896926, 1.260878, 0.5491476)
(-0.5853369, 1.265969, 0.552983)
(-0.5816281, 1.270392, 0.5566673)
(-0.5777144, 1.276062, 0.5599344)
(-0.5740156, 1.282306, 0.5632257)
(-0.5703285, 1.287725, 0.5666323)
(-0.5674438, 1.294671, 0.5702331)
(-0.5643597, 1.301508, 0.5733812)
(-0.5612009, 1.308036, 0.5761709)
(-0.5581594, 1.314739, 0.5791667)
(-0.5553913, 1.32177, 0.5819409)
(-0.5528989, 1.328017, 0.5844927)
(-0.5497279, 1.3345, 0.5868552)
(-0.5474634, 1.340806, 0.5896988)
(-0.544996, 1.347552, 0.591475)
(-0.5429516, 1.353854, 0.5938575)
(-0.5410461, 1.359402, 0.5956976)
(-0.5390189, 1.364839, 0.597213)
(-0.5374601, 1.369426, 0.5991211)
(-0.5355926, 1.373874, 0.6009765)
(-0.5341578, 1.377278, 0.6025355)
(-0.5329947, 1.381186, 0.6046083)
(-0.5315065, 1.384012, 0.6059954)
(-0.5302465, 1.386348, 0.6077738)
(-0.5288637, 1.388597, 0.6091559)
(-0.5278742, 1.390166, 0.6104894)
(-0.5268152, 1.391446, 0.6117823)
(-0.5259876, 1.392701, 0.6130848)
(-0.5250652, 1.394095, 0.6144304)
(-0.5243545, 1.394871, 0.6154478)
(-0.5236402, 1.395922, 0.6166322)
(-0.5233223, 1.396087, 0.6179156)
(-0.5226805, 1.396896, 0.6188328)
(-0.5220656, 1.397499, 0.6197891)
(-0.5217667, 1.397731, 0.6209397)
(-0.5213804, 1.398005, 0.6219654)
(-0.5210097, 1.398028, 0.6228969)
(-0.5209827, 1.398189, 0.624233)
(-0.5209432, 1.398568, 0.6251662)
(-0.5209365, 1.39898, 0.6260862)
(-0.5213451, 1.399374, 0.62731)
(-0.5216775, 1.399825, 0.6281624)
(-0.5218749, 1.400119, 0.6291683)
(-0.5222349, 1.400366, 0.6304588)
(-0.5226741, 1.400526, 0.6315897)
(-0.5232213, 1.400641, 0.6328197)
(-0.5238483, 1.400749, 0.6341825)
(-0.5238483, 1.400749, 0.6341825)
(-0.5252931, 1.400634, 0.6366956)
(-0.5261555, 1.400331, 0.6378868)
(-0.5270951, 1.399623, 0.6389799)
(-0.528141, 1.398907, 0.640362)
(-0.5292163, 1.398254, 0.6415246)
(-0.530359, 1.397341, 0.6426635)
(-0.5315344, 1.396328, 0.6437316)
(-0.5330548, 1.395117, 0.6449301)
(-0.5343106, 1.393927, 0.6461)
(-0.5356536, 1.392428, 0.6471434)
(-0.5370505, 1.391013, 0.6481528)
(-0.5384917, 1.389746, 0.6491015)
(-0.5401502, 1.389064, 0.6502273)
(-0.5417376, 1.388376, 0.6511424)
(-0.5435019, 1.38799, 0.6519992)
(-0.5449932, 1.387664, 0.652719)
(-0.547183, 1.388039, 0.6539965)
(-0.548974, 1.388349, 0.6547575)
(-0.5507157, 1.388608, 0.6553369)
(-0.5527749, 1.388435, 0.6562777)
(-0.5547841, 1.388109, 0.6569366)
(-0.5568545, 1.387763, 0.6577935)
(-0.5588758, 1.387531, 0.6585009)
(-0.5610847, 1.387161, 0.6591766)
(-0.5634201, 1.386931, 0.6599984)
(-0.5658329, 1.386783, 0.6606846)
(-0.5680704, 1.386529, 0.6616375)
(-0.5704551, 1.386418, 0.6624959)
(-0.5727346, 1.386376, 0.6632185)
(-0.5751426, 1.386212, 0.6640213)
(-0.5775247, 1.38609, 0.6648886)
(-0.5802379, 1.385879, 0.665848)
(-0.58271, 1.385682, 0.6667335)
(-0.5852406, 1.385515, 0.6677146)
(-0.5880454, 1.385199, 0.668788)
(-0.5905981, 1.384855, 0.6696694)
(-0.5932968, 1.384598, 0.6707845)
(-0.5958469, 1.38427, 0.6718686)
(-0.5984163, 1.383901, 0.6727736)
(-0.6009743, 1.383553, 0.67396)
(-0.6035149, 1.383096, 0.6750917)
(-0.6059222, 1.38246, 0.6761441)
(-0.6081154, 1.381643, 0.6771545)
(-0.6107166, 1.380914, 0.6782844)
(-0.6129339, 1.380209, 0.6793678)
(-0.6149454, 1.379442, 0.680423)
(-0.6170244, 1.378957, 0.6814969)
(-0.6189086, 1.378685, 0.682524)
(-0.6208987, 1.378602, 0.6837409)
(-0.6226039, 1.378524, 0.6847591)
(-0.6244485, 1.378208, 0.686074)
(-0.626049, 1.378173, 0.687273)
(-0.6281025, 1.378295, 0.6885879)
(-0.6296909, 1.378461, 0.6896279)
(-0.6309264, 1.378634, 0.6906037)
(-0.6319618, 1.379001, 0.6917324)
(-0.6331263, 1.379411, 0.6929073)
(-0.6343756, 1.379959, 0.694133)
(-0.6354768, 1.38044, 0.695236)
(-0.6364267, 1.380958, 0.6963115)
(-0.6373057, 1.381407, 0.6974545)
(-0.6383529, 1.381837, 0.6982946)
(-0.6391404, 1.382226, 0.6993904)
(-0.6398132, 1.382693, 0.70051)
(-0.640645, 1.383019, 0.7017853)
(-0.6412745, 1.383418, 0.70314)
(-0.641983, 1.38382, 0.7043884)
(-0.6424584, 1.384273, 0.7055311)
(-0.6429591, 1.38442, 0.7068212)
(-0.6434639, 1.384574, 0.7082586)
(-0.6441045, 1.384956, 0.7099121)
(-0.644738, 1.385213, 0.7114463)
(-0.6452634, 1.385412, 0.7129593)
(-0.6456971, 1.385337, 0.7144337)
(-0.6459768, 1.385472, 0.7158356)
(-0.6463447, 1.385321, 0.7172384)
(-0.6465654, 1.385102, 0.7189202)
(-0.646771, 1.384934, 0.7205372)
(-0.6471415, 1.38463, 0.7223544)
(-0.647269, 1.384262, 0.7237449)
(-0.6472294, 1.383952, 0.7254486)
(-0.6475601, 1.383623, 0.7265604)
(-0.647526, 1.383257, 0.7285035)
(-0.647392, 1.382352, 0.730372)
(-0.6473339, 1.381468, 0.7314916)
(-0.6471951, 1.38077, 0.7331862)
(-0.6471758, 1.380193, 0.7348409)
(-0.647156, 1.379616, 0.736495)
(-0.6463287, 1.379196, 0.738729)
(-0.6450543, 1.378903, 0.7407811)
(-0.6445949, 1.378547, 0.7428789)
(-0.6443944, 1.378012, 0.7450082)
(-0.6437967, 1.377517, 0.7471657)
(-0.6434708, 1.376842, 0.7495353)
(-0.6426466, 1.375692, 0.7510953)
(-0.6422524, 1.374803, 0.7532105)
(-0.6410661, 1.37431, 0.756043)
(-0.6402369, 1.374379, 0.7583399)
(-0.6393464, 1.374031, 0.7613325)
(-0.6391926, 1.373985, 0.764432)
(-0.6379776, 1.374159, 0.765748)
(-0.6369803, 1.374113, 0.7683625)
(-0.6355734, 1.374394, 0.7711337)
(-0.6349783, 1.374179, 0.7744241)
(-0.6340735, 1.373806, 0.7774835)
(-0.6324341, 1.373486, 0.780539)
(-0.6309564, 1.373341, 0.7838736)
(-0.6294649, 1.373269, 0.7866724)
(-0.6279988, 1.3732, 0.7898958)
(-0.6263487, 1.372939, 0.7931924)
(-0.6245887, 1.372885, 0.7969928)
(-0.6228256, 1.372596, 0.8004553)
(-0.6210127, 1.372351, 0.8037376)
(-0.619004, 1.372, 0.8073168)
(-0.6169186, 1.371711, 0.810873)
(-0.6146433, 1.371229, 0.8147378)
(-0.6124461, 1.370763, 0.8183837)
(-0.610008, 1.37015, 0.8222189)
(-0.6077051, 1.369752, 0.8259714)
(-0.605212, 1.369424, 0.83007)
(-0.6026204, 1.369033, 0.8339052)
(-0.5999467, 1.368856, 0.8378439)
(-0.597374, 1.368628, 0.8417418)
(-0.5945292, 1.368413, 0.8457296)
(-0.5913763, 1.368292, 0.8500645)
(-0.5884254, 1.368319, 0.8540206)
(-0.5852556, 1.368491, 0.8578236)
(-0.5822592, 1.368715, 0.8618426)
(-0.5789585, 1.369488, 0.8659718)
(-0.5757258, 1.370569, 0.8699756)
(-0.5725918, 1.371423, 0.8739619)
(-0.5690908, 1.37279, 0.8779871)
(-0.5653777, 1.374233, 0.8816922)
(-0.5618589, 1.375986, 0.8860264)
(-0.5583649, 1.377816, 0.8898203)
(-0.5543926, 1.380389, 0.8933563)
(-0.5509391, 1.382898, 0.8972638)
(-0.5472989, 1.386432, 0.9011886)
(-0.5436759, 1.390368, 0.9047482)
(-0.5403411, 1.395039, 0.9083433)
(-0.5371084, 1.399538, 0.9119661)
(-0.5340919, 1.404522, 0.9151392)
(-0.5310006, 1.409962, 0.9187317)
(-0.5282536, 1.415219, 0.9221103)
(-0.5254765, 1.420277, 0.9246652)
(-0.5229061, 1.425678, 0.9272599)
(-0.5209053, 1.431196, 0.929687)
(-0.519115, 1.436942, 0.9320686)
(-0.5174732, 1.443163, 0.9340613)
(-0.5155668, 1.448911, 0.9367979)
(-0.5146949, 1.454858, 0.9385595)
(-0.5132582, 1.461117, 0.9406385)
(-0.5125651, 1.465939, 0.9426119)
(-0.5118613, 1.470856, 0.9445264)
(-0.5107388, 1.475823, 0.9460814)
(-0.5100303, 1.480201, 0.9476392)
(-0.5098321, 1.483864, 0.9494233)
(-0.5091531, 1.487299, 0.9506397)
(-0.5084996, 1.4904, 0.952055)
(-0.5079966, 1.492799, 0.9535053)
(-0.5071399, 1.495507, 0.9546947)
(-0.5065949, 1.497556, 0.9556632)
(-0.5064611, 1.500077, 0.9572599)
(-0.5060804, 1.501673, 0.9583578)
(-0.5057108, 1.503068, 0.9594707)
(-0.5053189, 1.504112, 0.9604015)
(-0.5053604, 1.504821, 0.9616346)
(-0.5051503, 1.505727, 0.9623873)
(-0.5049639, 1.506225, 0.963315)
(-0.5049481, 1.506729, 0.964462)
(-0.504895, 1.507207, 0.9655418)
(-0.5047133, 1.507439, 0.9662824)
(-0.50472, 1.507845, 0.9672978)
(-0.5047171, 1.50806, 0.9681177)
(-0.5048323, 1.508277, 0.9690597)
(-0.504925, 1.508472, 0.9701042)
(-0.5049849, 1.508877, 0.971175)
(-0.5051389, 1.509401, 0.9721682)
(-0.5055611, 1.509817, 0.9733319)
(-0.5059018, 1.510144, 0.9739797)
(-0.5061655, 1.510453, 0.9749591)
(-0.5067492, 1.510576, 0.9762807)
(-0.5072651, 1.510753, 0.9770529)
(-0.5073824, 1.510714, 0.9778779)
(-0.5077875, 1.510704, 0.9788628)
(-0.5082414, 1.510417, 0.9798045)
(-0.5088904, 1.509933, 0.9810028)
(-0.5094414, 1.509052, 0.982085)
(-0.5099142, 1.50794, 0.9833822)
(-0.5104461, 1.50668, 0.9843051)
(-0.5108891, 1.505473, 0.9849181)
(-0.5114725, 1.504113, 0.9853351)
(-0.5122042, 1.502806, 0.9861224)
(-0.5129092, 1.501409, 0.9866552)
(-0.513576, 1.500078, 0.9872892)
(-0.5142391, 1.498951, 0.9877071)
(-0.5151234, 1.497987, 0.9883497)
(-0.5160532, 1.497197, 0.988867)
(-0.5166228, 1.496322, 0.9891696)
(-0.5176609, 1.495878, 0.989929)
(-0.5185032, 1.495709, 0.9909594)
(-0.5190513, 1.495005, 0.9913735)
(-0.5190513, 1.495005, 0.9913735)
(-0.5214593, 1.494925, 0.9931607)
(-0.5227447, 1.494869, 0.9939234)
(-0.5244448, 1.494624, 0.9947906)
(-0.5258441, 1.494304, 0.9951541)
(-0.527586, 1.493931, 0.995806)
(-0.5291326, 1.49372, 0.996335)
(-0.5309894, 1.49349, 0.9969692)
(-0.5327585, 1.493276, 0.9975705)
(-0.5346911, 1.493142, 0.9982405)
(-0.5367563, 1.49297, 0.9988928)
(-0.538779, 1.492916, 0.9994354)
(-0.5413105, 1.492849, 1.000449)
(-0.5434783, 1.492625, 1.001192)
(-0.5458694, 1.492413, 1.002047)
(-0.5483282, 1.492197, 1.00289)
(-0.5506628, 1.491915, 1.003719)
(-0.5530953, 1.491664, 1.00454)
(-0.5556517, 1.49131, 1.005389)
(-0.5583053, 1.491199, 1.006355)
(-0.5608666, 1.490937, 1.00701)
(-0.5635438, 1.490551, 1.007854)
(-0.5660329, 1.490083, 1.008484)
(-0.5683582, 1.489864, 1.009212)
(-0.5705249, 1.489789, 1.009849)
(-0.5731726, 1.489872, 1.010528)
(-0.575412, 1.489882, 1.011417)
(-0.5772398, 1.489867, 1.011983)
(-0.5785623, 1.489444, 1.012489)
(-0.5803328, 1.489268, 1.01282)
(-0.5814016, 1.489286, 1.013165)
(-0.5827467, 1.489459, 1.013956)
(-0.5841649, 1.489678, 1.015244)
(-0.585448, 1.489751, 1.01605)
(-0.5861773, 1.489588, 1.016648)
(-0.5874753, 1.489795, 1.017635)
(-0.5882287, 1.490302, 1.018109)
(-0.5889902, 1.490877, 1.019007)
(-0.5900624, 1.491349, 1.01982)
(-0.5906646, 1.492116, 1.020849)
(-0.5916643, 1.49281, 1.021677)
(-0.5922716, 1.493629, 1.022482)
(-0.5927429, 1.49454, 1.023272)
(-0.5931056, 1.495442, 1.024107)
(-0.593569, 1.49626, 1.024779)
(-0.5940492, 1.497131, 1.02579)
(-0.5943558, 1.497652, 1.026877)
(-0.5945511, 1.498097, 1.027894)
(-0.5946116, 1.498761, 1.029006)
(-0.5947876, 1.499166, 1.029817)
(-0.5948021, 1.499439, 1.030929)
(-0.5948648, 1.499891, 1.032014)
(-0.5948701, 1.499839, 1.033422)
(-0.5949945, 1.499935, 1.034805)
(-0.5949697, 1.49993, 1.035999)
(-0.5949395, 1.49951, 1.037217)
(-0.5948088, 1.498977, 1.03867)
(-0.5946319, 1.498593, 1.040177)
(-0.594372, 1.497895, 1.041902)
(-0.5941007, 1.497004, 1.043491)
(-0.5938618, 1.496175, 1.044973)
(-0.5934181, 1.494943, 1.046649)
(-0.5929544, 1.493715, 1.048466)
(-0.5925355, 1.492493, 1.05029)
(-0.5919414, 1.491311, 1.052393)
(-0.5911875, 1.490061, 1.054208)
(-0.5905445, 1.48891, 1.056706)
(-0.5898862, 1.487793, 1.058973)
(-0.5891511, 1.486563, 1.061391)
(-0.5885429, 1.485258, 1.063865)
(-0.5878284, 1.484001, 1.066518)
(-0.5871701, 1.482952, 1.069151)
(-0.5862923, 1.481985, 1.071924)
(-0.5854959, 1.480988, 1.074994)
(-0.5843997, 1.479948, 1.077603)
(-0.5833242, 1.479129, 1.080924)
(-0.5823367, 1.478303, 1.083844)
(-0.5810149, 1.477342, 1.086687)
(-0.5800402, 1.476529, 1.089767)
(-0.5788512, 1.476075, 1.09281)
(-0.5773914, 1.475816, 1.095852)
(-0.5759165, 1.475933, 1.099051)
(-0.5744214, 1.475923, 1.102401)
(-0.5729632, 1.47581, 1.105742)
(-0.57128, 1.47551, 1.109592)
(-0.569494, 1.475335, 1.113488)
(-0.567539, 1.474995, 1.116911)
(-0.5657635, 1.474958, 1.120272)
(-0.563767, 1.474823, 1.124067)
(-0.5618906, 1.474841, 1.127961)
(-0.5599499, 1.474538, 1.131721)
(-0.5578933, 1.474254, 1.135476)
(-0.5556471, 1.474011, 1.139306)
(-0.5531638, 1.473826, 1.143553)
(-0.5507205, 1.473696, 1.147564)
(-0.5481756, 1.473576, 1.151527)
(-0.54566, 1.473718, 1.155397)
(-0.5431862, 1.473658, 1.159317)
(-0.5402458, 1.473347, 1.162995)
(-0.5373852, 1.473353, 1.166989)
(-0.5344105, 1.473449, 1.171274)
(-0.5311825, 1.473653, 1.175146)
(-0.5280876, 1.474172, 1.179405)
(-0.5248013, 1.475199, 1.183715)
(-0.5214806, 1.476329, 1.187649)
(-0.5184436, 1.477562, 1.191582)
(-0.5151711, 1.479641, 1.195803)
(-0.5118527, 1.48189, 1.199799)
(-0.508395, 1.485, 1.203576)
(-0.5051994, 1.488219, 1.207675)
(-0.501322, 1.492311, 1.211135)
(-0.4977872, 1.497324, 1.21567)
(-0.4943502, 1.502061, 1.219749)
(-0.4909561, 1.507913, 1.223307)
(-0.4879088, 1.513281, 1.227026)
(-0.4850588, 1.519595, 1.230485)
(-0.4822097, 1.52522, 1.233779)
(-0.4796498, 1.53106, 1.236686)
(-0.4770145, 1.53708, 1.23929)
(-0.4746845, 1.542891, 1.241831)
(-0.4718926, 1.549637, 1.244251)
(-0.4697001, 1.555491, 1.246762)
(-0.4678047, 1.561337, 1.249027)
(-0.465529, 1.567155, 1.251129)
(-0.4638836, 1.572078, 1.253114)
(-0.462389, 1.576612, 1.255026)
(-0.4609201, 1.581085, 1.257064)
(-0.4594712, 1.585156, 1.258045)
(-0.4588966, 1.588825, 1.259594)
(-0.4576216, 1.592664, 1.261408)
(-0.4565749, 1.595618, 1.262594)
(-0.4557512, 1.598167, 1.263965)
(-0.4549618, 1.60063, 1.265118)
(-0.4543653, 1.602714, 1.266008)
(-0.454004, 1.605193, 1.267547)
(-0.45347, 1.606948, 1.268682)
(-0.4529111, 1.608764, 1.26984)
(-0.4521585, 1.609986, 1.270691)
(-0.4518089, 1.611268, 1.271976)
(-0.451292, 1.612265, 1.273182)
(-0.4508395, 1.613292, 1.274412)
(-0.4508047, 1.614034, 1.275765)
(-0.4504592, 1.614937, 1.276906)
(-0.4501135, 1.615656, 1.278095)
(-0.4502859, 1.616296, 1.279195)
(-0.4502578, 1.616862, 1.2805)
(-0.4498503, 1.617325, 1.281465)
(-0.4497085, 1.618141, 1.282907)
(-0.4496462, 1.618839, 1.284258)
(-0.4497876, 1.619509, 1.285418)
(-0.4497235, 1.620189, 1.286749)
(-0.4498224, 1.620784, 1.288315)
(-0.449523, 1.621332, 1.289421)
(-0.4498, 1.621804, 1.290971)
(-0.4503338, 1.62208, 1.292614)
(-0.4508929, 1.6225, 1.293703)
(-0.4511232, 1.62274, 1.29518)
(-0.4513609, 1.623206, 1.296561)
(-0.4521937, 1.623553, 1.297345)
(-0.4524646, 1.623988, 1.298715)
(-0.4527354, 1.624422, 1.300084)
(-0.4530063, 1.624857, 1.301454)
(-0.4540236, 1.622711, 1.302602)
(-0.4553525, 1.620795, 1.303284)
(-0.4555564, 1.619928, 1.304754)
(-0.4561517, 1.618703, 1.306869)
(-0.4576302, 1.620463, 1.306948)
(-0.4585195, 1.619775, 1.307828)
(-0.4591718, 1.617088, 1.308294)
(-0.460155, 1.616198, 1.308678)
(-0.4611933, 1.615894, 1.308113)
(-0.4623234, 1.614982, 1.309287)
(-0.4635694, 1.615554, 1.310718)
(-0.4650533, 1.616072, 1.311077)
(-0.4668503, 1.616314, 1.312072)
(-0.4675083, 1.616839, 1.31209)
(-0.468473, 1.617584, 1.312688)
(-0.4698398, 1.617619, 1.31355)
(-0.4711607, 1.617653, 1.31409)
(-0.4722891, 1.617381, 1.314058)
(-0.4736605, 1.617206, 1.314643)
(-0.4748471, 1.617458, 1.315386)
(-0.4760051, 1.617427, 1.315464)
(-0.4770579, 1.617807, 1.315143)
(-0.4780598, 1.617826, 1.315568)
(-0.4794359, 1.618104, 1.315972)
(-0.4805634, 1.61871, 1.315537)
(-0.4815114, 1.61891, 1.315409)
(-0.4825079, 1.619252, 1.315339)
(-0.4838133, 1.619518, 1.315128)
(-0.4850283, 1.619751, 1.3152)
(-0.4860528, 1.620036, 1.314771)
(-0.4866445, 1.620141, 1.314579)
(-0.4875815, 1.620296, 1.314438)
(-0.4885397, 1.620651, 1.314811)
(-0.4891617, 1.620759, 1.315005)
(-0.4898603, 1.620844, 1.31533)
(-0.4903998, 1.620865, 1.315334)
(-0.4911005, 1.621057, 1.315475)
(-0.4917102, 1.621187, 1.315589)
(-0.49264, 1.621507, 1.31631)
