(0.5440689, -0.07310843, 0.2868328)
(0.5441532, -0.07310772, 0.286571)
(0.5439948, -0.07328391, 0.2862499)
(0.543748, -0.07343507, 0.2859108)
(0.5435768, -0.07368207, 0.2856572)
(0.5434952, -0.0739522, 0.2854867)
(0.5433941, -0.07424855, 0.2853482)
(0.5435346, -0.07453394, 0.2853401)
(0.5437684, -0.07495952, 0.2854774)
(0.5436311, -0.07542133, 0.2854958)
(0.5432127, -0.07625079, 0.2852132)
(0.5429591, -0.07685447, 0.2845778)
(0.542877, -0.07702208, 0.2841325)
(0.5428493, -0.07730556, 0.2839541)
(0.5428656, -0.07747269, 0.284034)
(0.5426353, -0.07776451, 0.2839599)
(0.5422271, -0.07826328, 0.2840769)
(0.5420531, -0.07848692, 0.2838643)
(0.5420798, -0.07874107, 0.2837145)
(0.5420749, -0.07889318, 0.2836018)
(0.5420904, -0.07910442, 0.2836528)
(0.5420475, -0.07912564, 0.2838266)
(0.5420886, -0.07914448, 0.2838411)
(0.5422715, -0.07916594, 0.2839952)
(0.5426525, -0.07927585, 0.2842941)
(0.5430437, -0.07936239, 0.2845063)
(0.5436757, -0.07961559, 0.2850823)
(0.5438359, -0.07994175, 0.2849376)
(0.5432626, -0.07946467, 0.284611)
(0.5431879, -0.07915902, 0.2843428)
(0.5429379, -0.07910824, 0.2843328)
(0.5431448, -0.07905102, 0.2843971)
(0.5432832, -0.07912588, 0.2845838)
(0.5435271, -0.07904267, 0.2849007)
(0.5436633, -0.07902884, 0.2849171)
(0.5438342, -0.07901335, 0.2848589)
(0.5438297, -0.07878399, 0.2851107)
(0.5440987, -0.07876873, 0.2853689)
(0.5440814, -0.0787859, 0.2854998)
(0.5438402, -0.07862258, 0.2857203)
(0.5436525, -0.07861638, 0.2858028)
(0.5434903, -0.0784328, 0.2859392)
(0.5433751, -0.0782361, 0.2861447)
(0.5433775, -0.07813168, 0.286397)
(0.5436388, -0.07804775, 0.2867084)
(0.54391, -0.07823133, 0.2868791)
(0.5440229, -0.07816935, 0.2870014)
(0.5441289, -0.07813168, 0.2872007)
(0.5444603, -0.07829237, 0.2873771)
(0.5446252, -0.07829452, 0.2876422)
(0.5447826, -0.07830524, 0.2879529)
(0.5452907, -0.07837152, 0.2885649)
(0.545895, -0.07820535, 0.2892368)
(0.5462308, -0.07808518, 0.2899468)
(0.5464337, -0.07777953, 0.2905328)
(0.5465766, -0.07752967, 0.2908185)
(0.546535, -0.07735586, 0.2911279)
(0.5465841, -0.07710695, 0.2915711)
(0.5466611, -0.07682872, 0.2920616)
(0.5468985, -0.07654119, 0.2927983)
(0.5473589, -0.07630849, 0.293525)
(0.5477215, -0.07606268, 0.2942519)
(0.547974, -0.07571864, 0.2947965)
(0.5480884, -0.07517958, 0.2953572)
(0.5481207, -0.07457018, 0.295856)
(0.5479354, -0.07407737, 0.2963586)
(0.5475714, -0.07345295, 0.2969728)
(0.5473832, -0.07314205, 0.2976947)
(0.5475937, -0.07261443, 0.2984967)
(0.5480757, -0.07218742, 0.2993128)
(0.5483348, -0.07168937, 0.3001399)
(0.5486581, -0.07106996, 0.300828)
(0.5489268, -0.0702529, 0.3016307)
(0.5487734, -0.06897449, 0.3023388)
(0.5486585, -0.06765747, 0.3033004)
(0.5485932, -0.06563067, 0.3050075)
(0.5486314, -0.0638938, 0.306581)
(0.548788, -0.06176305, 0.3084741)
(0.5492618, -0.05949736, 0.3104916)
(0.5495508, -0.05706334, 0.3126087)
(0.5497154, -0.05385685, 0.3150227)
(0.5502069, -0.04986811, 0.3183322)
(0.5504622, -0.04556108, 0.3216863)
(0.5503776, -0.04156566, 0.3250287)
(0.550354, -0.03705978, 0.3291395)
(0.5497887, -0.03239775, 0.3340626)
(0.5492822, -0.02735019, 0.3392575)
(0.549264, -0.02264833, 0.3443556)
(0.5488422, -0.01644349, 0.350477)
(0.5483682, -0.01054215, 0.3568428)
(0.5483118, -0.004530191, 0.3633318)
(0.5488689, 0.001759529, 0.3696573)
(0.5500257, 0.008096457, 0.3762686)
(0.5528787, 0.01595879, 0.3820403)
(0.555531, 0.02582431, 0.3862519)
(0.5587287, 0.03833628, 0.3878198)
(0.5607618, 0.05171323, 0.3908346)
(0.5627871, 0.06617427, 0.3952775)
(0.5660716, 0.08138299, 0.4007683)
(0.5700799, 0.09742045, 0.4074836)
(0.573469, 0.1121087, 0.4147656)
(0.5772532, 0.1267436, 0.422852)
(0.5807463, 0.140815, 0.4308643)
(0.5847977, 0.15516, 0.4399598)
(0.588396, 0.1682789, 0.4499824)
(0.5915483, 0.1811011, 0.4597404)
(0.5958846, 0.1943291, 0.4690971)
(0.5993477, 0.2053413, 0.4802558)
(0.6028217, 0.2163994, 0.4926755)
(0.6065682, 0.2262738, 0.5034225)
(0.6097594, 0.2347867, 0.5152867)
(0.6120516, 0.2414395, 0.5283799)
(0.6153617, 0.2475603, 0.5408978)
(0.6179016, 0.2519958, 0.5541904)
(0.6202333, 0.2571003, 0.5678847)
(0.6228008, 0.260384, 0.5811143)
(0.6249638, 0.2621142, 0.595314)
(0.6267122, 0.2636011, 0.611428)
(0.6282746, 0.2631918, 0.6262636)
(0.629916, 0.2629668, 0.6409657)
(0.6312814, 0.261112, 0.6565678)
(0.6322604, 0.2581955, 0.6722417)
(0.633448, 0.2551646, 0.687886)
(0.6345558, 0.252477, 0.7034936)
(0.6354759, 0.2479837, 0.7202072)
(0.6365734, 0.2436553, 0.7367425)
(0.6379408, 0.2387922, 0.7550135)
(0.6385696, 0.233439, 0.7722831)
(0.6395123, 0.2289342, 0.788255)
(0.6410122, 0.2243667, 0.8036182)
(0.6415975, 0.2191938, 0.819901)
(0.6428367, 0.2152938, 0.8340113)
(0.644423, 0.211557, 0.846715)
(0.6459181, 0.2080768, 0.8596985)
(0.6463166, 0.2036941, 0.8714032)
(0.6476333, 0.200448, 0.8815575)
(0.6486297, 0.1974925, 0.8889754)
(0.6488409, 0.1933089, 0.8973784)
(0.6495332, 0.1905886, 0.9012663)
(0.6504707, 0.1868247, 0.9080045)
(0.6513605, 0.184165, 0.9119456)
(0.6522852, 0.1815487, 0.9150271)
(0.6533436, 0.1795977, 0.9185693)
(0.6544737, 0.1782693, 0.917707)
(0.6569431, 0.1798108, 0.9129124)
(0.6551104, 0.1833036, 0.9091554)
(0.6539094, 0.1841736, 0.9087641)
(0.6539948, 0.1834484, 0.9109769)
(0.6544496, 0.1824214, 0.9133646)
(0.655443, 0.1801969, 0.9179034)
(0.6565037, 0.1776491, 0.921715)
(0.6572142, 0.1767573, 0.922157)
(0.6580203, 0.1761593, 0.9224856)
(0.6579458, 0.1768631, 0.9202039)
(0.6563885, 0.1761605, 0.9189568)
(0.6570996, 0.1755183, 0.9186912)
(0.656072, 0.175365, 0.9209113)
(0.6561606, 0.1752182, 0.9212332)
(0.6569116, 0.1744901, 0.9214647)
(0.6574945, 0.173861, 0.9211056)
(0.6566386, 0.1735835, 0.9205616)
(0.6563873, 0.1738153, 0.9200149)
(0.656006, 0.1738557, 0.9202342)
(0.6551079, 0.1739527, 0.920063)
(0.6550277, 0.1740472, 0.9199069)
(0.6548336, 0.1741166, 0.9196854)
(0.6545538, 0.1740946, 0.9196041)
(0.654372, 0.1740519, 0.9196761)
(0.6542777, 0.1740305, 0.9195979)
(0.6537373, 0.1740432, 0.9191175)
(0.6533076, 0.1742072, 0.918566)
(0.652866, 0.174387, 0.9181476)
(0.652586, 0.1744891, 0.9178026)
(0.6522477, 0.1745139, 0.9177349)
(0.6522448, 0.1745951, 0.9177291)
(0.651758, 0.1745987, 0.9178958)
(0.6512749, 0.1747868, 0.9178457)
(0.6506209, 0.174883, 0.9174304)
(0.6498662, 0.1748215, 0.9167819)
(0.6490386, 0.1748943, 0.9163344)
(0.6481081, 0.1750158, 0.9159274)
(0.6475489, 0.1750381, 0.9155331)
(0.6468225, 0.1749663, 0.9152031)
(0.6465249, 0.1748979, 0.9149871)
(0.6462457, 0.1746329, 0.914628)
(0.6454135, 0.1747302, 0.9144135)
(0.6447692, 0.1750766, 0.9142103)
(0.6442926, 0.1751522, 0.9139187)
(0.6441108, 0.1752769, 0.913837)
(0.6438332, 0.1751832, 0.9135966)
(0.6435238, 0.1748532, 0.912972)
(0.6431108, 0.1747633, 0.9126332)
(0.6428977, 0.1750022, 0.9125328)
(0.6429347, 0.1750548, 0.9123623)
(0.6432186, 0.1749392, 0.9120145)
(0.6427588, 0.1749102, 0.9117589)
(0.6424468, 0.1747085, 0.911402)
(0.6419605, 0.1749243, 0.9111249)
(0.6456465, 0.1715335, 0.9077353)
(0.6454459, 0.1716148, 0.9076893)
(0.645208, 0.1715418, 0.9073563)
(0.6449312, 0.1714917, 0.9069452)
(0.6444924, 0.1713686, 0.9063661)
(0.6442368, 0.1714323, 0.9058859)
(0.6439615, 0.1717798, 0.9058044)
(0.6439257, 0.1718119, 0.9056454)
(0.6439381, 0.1718262, 0.905513)
(0.643441, 0.171989, 0.9052827)
(0.6431419, 0.1718915, 0.9049761)
(0.6426986, 0.1717725, 0.90467)
(0.6428437, 0.1718655, 0.9050288)
(0.6429811, 0.1719939, 0.905025)
(0.643357, 0.1720222, 0.9053428)
(0.6434156, 0.1722172, 0.9057231)
(0.6434861, 0.1719617, 0.9060016)
(0.643275, 0.1717187, 0.9060719)
(0.643268, 0.1714602, 0.9062204)
(0.6433859, 0.1715121, 0.9065127)
(0.6434253, 0.1716003, 0.9068491)
(0.6432842, 0.1717588, 0.9073682)
(0.6431942, 0.171849, 0.9074726)
(0.6426711, 0.1718969, 0.9077892)
(0.6423552, 0.1718684, 0.9074395)
(0.6423614, 0.1720378, 0.9068859)
(0.642935, 0.1722177, 0.9064093)
(0.6438222, 0.1720872, 0.9064596)
(0.643496, 0.171875, 0.9070368)
(0.6436776, 0.1721228, 0.9073124)
(0.6434976, 0.1727521, 0.9081607)
(0.6438041, 0.1732503, 0.9085848)
(0.6441437, 0.1739011, 0.9091101)
(0.6446133, 0.1742046, 0.9094594)
(0.6444683, 0.1742101, 0.9095647)
(0.6442517, 0.1742959, 0.9092791)
(0.6444294, 0.1744959, 0.9092493)
(0.6445966, 0.1746942, 0.9091811)
(0.6447773, 0.1748109, 0.9092636)
(0.6453519, 0.1746792, 0.9095173)
(0.6456571, 0.1746497, 0.9094923)
(0.6459872, 0.1745073, 0.9094892)
(0.6464844, 0.1744448, 0.9097044)
(0.6468244, 0.1744829, 0.9097407)
(0.6470414, 0.1745205, 0.9098132)
(0.6469858, 0.1748019, 0.910001)
(0.6469483, 0.1748121, 0.9100621)
(0.6468718, 0.1749225, 0.9100218)
(0.6467916, 0.1750036, 0.9098759)
(0.6468441, 0.1752176, 0.9098287)
(0.6469747, 0.1754543, 0.9098926)
(0.6470861, 0.1755683, 0.9098034)
(0.6471784, 0.1758157, 0.9097466)
(0.6473043, 0.175961, 0.9097979)
(0.6474847, 0.1760777, 0.9099162)
(0.6475555, 0.176034, 0.9101026)
(0.6476256, 0.1760548, 0.9101379)
(0.6474856, 0.1761136, 0.9102323)
(0.647619, 0.1761867, 0.9101098)
(0.6474873, 0.176162, 0.9099247)
(0.6474208, 0.1762921, 0.9099312)
(0.6474292, 0.1761287, 0.9099915)
(0.6475551, 0.1761073, 0.9099777)
(0.6476793, 0.1761036, 0.9099562)
(0.647673, 0.1761448, 0.9099901)
(0.6477079, 0.1761925, 0.9100556)
(0.6476798, 0.1762424, 0.9102142)
(0.6475987, 0.1762471, 0.9102485)
(0.6475227, 0.1762638, 0.9102664)
(0.6476732, 0.1762425, 0.9103897)
(0.6475444, 0.1761017, 0.9105263)
(0.6475263, 0.1760968, 0.9104764)
(0.6476136, 0.1760511, 0.9105058)
(0.6477575, 0.1761791, 0.910326)
(0.6476519, 0.1761409, 0.9102824)
(0.6475658, 0.1760256, 0.9101627)
(0.6475271, 0.1760542, 0.9100664)
(0.6473334, 0.1760212, 0.9100773)
(0.6472963, 0.1758972, 0.9099777)
(0.6472505, 0.1758815, 0.9099467)
(0.6472776, 0.1758209, 0.9099712)
(0.6473885, 0.1756148, 0.9098299)
(0.6475106, 0.1756632, 0.9097064)
(0.647602, 0.1756524, 0.9097257)
(0.6475546, 0.1756724, 0.9097986)
(0.6474104, 0.1755339, 0.9098463)
(0.6472281, 0.1754767, 0.909759)
(0.6470675, 0.1754092, 0.9096947)
(0.6469654, 0.1753479, 0.9096582)
(0.6468899, 0.1752661, 0.9096243)
(0.6469017, 0.1752015, 0.9096727)
(0.6469547, 0.1752301, 0.9094524)
(0.647002, 0.1751909, 0.9094067)
