(320.3534, 272.5697, 33.11193)
(319.5737, 279.88, 26.17854)
(318.8151, 293.0983, 16.99966)
(328.9991, 316.4075, 6.18172)
(328.9991, 316.4075, 6.18172)
(324.0215, 324.3656, 356.5011)
(317.0453, 323.6318, 354.6182)
(313.1998, 317.773, 358.3654)
(310.7963, 312.4875, 1.941646)
(308.7309, 303.2358, 9.016418)
(307.8841, 295.1722, 15.09192)
(307.4213, 289.9042, 18.57645)
(308.1044, 287.7816, 19.07879)
(308.8491, 289.1277, 16.64906)
(309.5851, 291.6164, 13.20031)
(310.0775, 294.8195, 9.33512)
(310.645, 298.5103, 6.073761)
(311.5972, 301.7019, 3.5842)
(312.915, 305.7297, 1.142265)
(313.8639, 309.1558, 358.9942)
(314.7197, 312.1669, 357.1417)
(314.7061, 315.4836, 355.451)
(314.8192, 318.0453, 354.0123)
(314.7794, 319.2003, 354.3286)
(315.0945, 318.4919, 356.5177)
(315.8685, 316.0911, 0.08922502)
(316.689, 312.959, 4.295417)
(317.0653, 311.2653, 7.190957)
(317.0047, 308.7707, 10.6833)
(316.5598, 305.6838, 14.34254)
(315.6375, 303.7332, 16.97127)
(314.7786, 301.377, 20.41159)
(314.8938, 298.502, 24.4125)
(315.6282, 296.3667, 28.39731)
(316.3971, 295.5166, 31.89081)
(316.8004, 294.8815, 35.23709)
(316.7419, 295.7303, 37.98709)
(315.5856, 297.2905, 39.00837)
(314.7382, 298.067, 40.08731)
(313.9056, 298.2073, 41.07204)
(312.3724, 297.7248, 41.88904)
(311.1278, 296.2481, 43.29818)
(310.7437, 293.4197, 46.10427)
(312.0273, 290.5327, 49.77432)
