(1.080888, 6.167957, 5.865056)
(1.081815, 6.17214, 5.87388)
(1.082213, 6.176775, 5.882802)
(1.082182, 6.181314, 5.890516)
(1.082555, 6.188396, 5.900625)
(1.083055, 6.196535, 5.912347)
(1.083247, 6.206604, 5.925288)
(1.083247, 6.206604, 5.925288)
(1.084532, 6.223847, 5.949136)
(1.085042, 6.23366, 5.961507)
(1.085976, 6.24412, 5.974335)
(1.086816, 6.255955, 5.987354)
(1.086592, 6.268389, 6.001498)
(1.085586, -8.148765E-05, 6.017548)
(1.084547, 0.01286091, 6.032488)
(1.082717, 0.02526457, 6.046324)
(1.081891, 0.03834793, 6.061202)
(1.083043, 0.05485992, 6.078462)
(1.082458, 0.07022087, 6.095316)
(1.080984, 0.08551647, 6.112158)
(1.07967, 0.09965958, 6.127576)
(1.077648, 0.1132615, 6.141949)
(1.075063, 0.126238, 6.155334)
(1.072342, 0.1399164, 6.16991)
(1.06948, 0.1521133, 6.18222)
(1.067821, 0.1667851, 6.196777)
(1.065943, 0.1808412, 6.211319)
(1.063386, 0.1962126, 6.226781)
(1.060861, 0.2106151, 6.24166)
(1.056594, 0.2197403, 6.251224)
(1.050479, 0.22554, 6.256281)
(1.042732, 0.2239488, 6.250318)
(1.041083, 0.2283232, 6.248302)
(1.041364, 0.2363944, 6.250684)
(1.042397, 0.2431644, 6.24996)
(1.039449, 0.2476297, 6.249434)
(1.036112, 0.251671, 6.2472)
(1.032472, 0.2558525, 6.245713)
(1.026498, 0.2587032, 6.243046)
(1.021899, 0.2607148, 6.239072)
(1.019031, 0.2648311, 6.236769)
(1.018023, 0.272807, 6.237229)
(1.017651, 0.2827624, 6.240355)
(1.016517, 0.2909671, 6.241713)
(1.015623, 0.2999011, 6.243262)
(1.013208, 0.3066634, 6.243905)
(1.010976, 0.3118176, 6.243481)
(1.008767, 0.3157716, 6.242341)
(1.007981, 0.319518, 6.240004)
(1.007028, 0.3243413, 6.2388)
(1.009849, 0.3301075, 6.239149)
(1.010901, 0.3349216, 6.239091)
(1.013458, 0.3386151, 6.240059)
(1.014933, 0.3415314, 6.240486)
(1.016849, 0.3453966, 6.241558)
(1.019079, 0.3485952, 6.243243)
(1.020084, 0.3519523, 6.244694)
(1.020438, 0.3569767, 6.246746)
(1.021508, 0.3610587, 6.248025)
(1.026366, 0.3720815, 6.255403)
(1.02869, 0.3773876, 6.25778)
(1.031791, 0.3805382, 6.259333)
(1.037648, 0.3855195, 6.263505)
(1.040751, 0.3879765, 6.264353)
(1.042515, 0.3899729, 6.263629)
(1.044901, 0.3938511, 6.263516)
(1.049009, 0.3983148, 6.265977)
(1.052444, 0.397141, 6.263725)
(1.056338, 0.3977097, 6.262483)
(1.060807, 0.3937502, 6.257332)
(1.06472, 0.3914214, 6.2531)
(1.067201, 0.3875945, 6.247632)
(1.06911, 0.3779511, 6.236672)
(1.071548, 0.3696113, 6.22703)
(1.074964, 0.3597557, 6.216588)
(1.080502, 0.3478204, 6.204042)
(1.087286, 0.3357261, 6.190577)
(1.092041, 0.3242193, 6.177322)
(1.096806, 0.3135467, 6.165276)
(1.100464, 0.299427, 6.149259)
(1.103902, 0.2848804, 6.133068)
(1.108712, 0.2713326, 6.116904)
(1.113591, 0.2577633, 6.100806)
(1.118659, 0.2432549, 6.083164)
(1.125046, 0.2311271, 6.066823)
(1.131133, 0.2196919, 6.051189)
(1.13599, 0.2053062, 6.033611)
(1.138835, 0.1892769, 6.014539)
(1.141317, 0.1713179, 5.994481)
(1.144736, 0.154396, 5.975973)
(1.148458, 0.1370635, 5.957357)
(1.150747, 0.1194682, 5.938387)
(1.152673, 0.1025703, 5.920485)
(1.155229, 0.08511344, 5.902179)
(1.155831, 0.0673237, 5.883856)
(1.156129, 0.04667913, 5.863515)
(1.156844, 0.02665587, 5.843823)
(1.15723, 0.005918341, 5.824306)
(1.155967, 6.267979, 5.804694)
(1.15506, 6.247081, 5.784276)
(1.153172, 6.226705, 5.763439)
(1.149337, 6.207656, 5.742714)
(1.146679, 6.187487, 5.720679)
(1.145682, 6.160615, 5.690123)
(1.145477, 6.131541, 5.655006)
(1.145113, 6.104855, 5.621295)
(1.141926, 6.086673, 5.590704)
(1.136775, 6.076952, 5.574111)
(1.131176, 6.080574, 5.570712)
(1.129574, 6.075081, 5.558437)
(1.130964, 6.059991, 5.539641)
(1.131364, 6.034012, 5.511773)
(1.130921, 6.011491, 5.485976)
(1.12808, 5.999324, 5.472649)
(1.12325, 5.992153, 5.46442)
(1.116481, 5.988453, 5.461413)
(1.112922, 5.978808, 5.455499)
(1.108552, 5.965436, 5.448079)
(1.101445, 5.955211, 5.444024)
(1.094905, 5.946097, 5.439434)
(1.089793, 5.937113, 5.435401)
(1.087922, 5.923198, 5.429268)
(1.086077, 5.907653, 5.422968)
(1.082599, 5.894141, 5.416894)
(1.078509, 5.879598, 5.412758)
(1.074667, 5.866404, 5.40794)
(1.071051, 5.856446, 5.405789)
(1.06655, 5.84772, 5.405403)
(1.063071, 5.838736, 5.404531)
(1.059845, 5.829358, 5.404162)
(1.056567, 5.818721, 5.402853)
(1.053532, 5.804817, 5.399263)
(1.04957, 5.79404, 5.397552)
(1.044865, 5.784791, 5.398387)
(1.040344, 5.776262, 5.399328)
(1.035872, 5.768864, 5.402287)
(1.032372, 5.761456, 5.406614)
(1.028835, 5.753913, 5.411125)
(1.025041, 5.748155, 5.418011)
(1.019882, 5.743749, 5.425985)
(1.013333, 5.740923, 5.435708)
(1.008851, 5.737578, 5.443762)
(1.00598, 5.735654, 5.453151)
(1.002729, 5.73231, 5.461424)
(1.001465, 5.729035, 5.470277)
(1.000476, 5.724322, 5.478524)
(1.001112, 5.7137, 5.482051)
(0.9998809, 5.704345, 5.485577)
(0.9993075, 5.692637, 5.486626)
(0.9993324, 5.685036, 5.491395)
(0.9994603, 5.678912, 5.495815)
(1.000003, 5.673948, 5.499125)
(1.000428, 5.668975, 5.502138)
(1.002046, 5.663597, 5.502811)
(1.004173, 5.657543, 5.503745)
(1.006539, 5.652217, 5.503951)
(1.008624, 5.647363, 5.505881)
(1.011582, 5.642618, 5.506343)
(1.013197, 5.637494, 5.505737)
(1.013245, 5.63613, 5.506348)
(1.01368, 5.637067, 5.507938)
(1.014919, 5.635729, 5.509624)
(1.017604, 5.635505, 5.510574)
(1.020096, 5.632915, 5.510006)
(1.022781, 5.630255, 5.509333)
(1.02526, 5.627456, 5.508078)
(1.026786, 5.62652, 5.507414)
(1.02836, 5.625947, 5.507687)
(1.030205, 5.625615, 5.508523)
(1.032493, 5.623626, 5.507701)
(1.034405, 5.620825, 5.505884)
(1.037538, 5.617894, 5.504658)
(1.040134, 5.613023, 5.501911)
(1.041678, 5.609389, 5.499883)
(1.04362, 5.607817, 5.499672)
(1.04583, 5.607976, 5.500921)
(1.047735, 5.60938, 5.503015)
(1.050305, 5.610575, 5.504101)
(1.052739, 5.610761, 5.504619)
(1.056602, 5.611522, 5.505737)
(1.061188, 5.610559, 5.505278)
(1.06529, 5.610188, 5.505602)
(1.071984, 5.611043, 5.507532)
(1.07795, 5.612015, 5.508952)
(1.083651, 5.61502, 5.512341)
(1.089362, 5.626615, 5.521605)
(1.093539, 5.63371, 5.528787)
(1.099158, 5.639548, 5.534839)
(1.104133, 5.644746, 5.539968)
(1.109082, 5.650038, 5.545191)
(1.125088, 5.631791, 5.550679)
(1.130313, 5.622472, 5.550443)
(1.136369, 5.615798, 5.55321)
(1.138654, 5.623044, 5.561775)
(1.143383, 5.636651, 5.577645)
(1.148816, 5.644095, 5.587406)
(1.162803, 5.668609, 5.60855)
(1.175089, 5.68554, 5.629125)
(1.184237, 5.697604, 5.644454)
(1.190243, 5.703746, 5.655464)
(1.191152, 5.71293, 5.663591)
(1.199597, 5.726881, 5.676683)
(1.212352, 5.743607, 5.691281)
(1.22775, 5.765527, 5.707694)
(1.235714, 5.783281, 5.717863)
(1.241614, 5.803448, 5.73136)
(1.24745, 5.82337, 5.745983)
(1.238966, 5.837024, 5.746544)
(1.241261, 5.854116, 5.757041)
(1.24506, 5.871482, 5.76934)
(1.250715, 5.886918, 5.783738)
(1.253721, 5.904535, 5.797397)
(1.256821, 5.926517, 5.812778)
(1.259419, 5.940702, 5.819427)
(1.260217, 5.960092, 5.826969)
(1.26167, 5.972979, 5.829996)
(1.262377, 5.996541, 5.843093)
(1.262069, 6.022034, 5.859235)
(1.260746, 6.043779, 5.873263)
(1.260717, 6.061855, 5.88419)
(1.260194, 6.075426, 5.890322)
(1.257064, 6.086754, 5.892859)
(1.255125, 6.104055, 5.901888)
(1.25266, 6.118228, 5.90753)
(1.249777, 6.12877, 5.909984)
(1.247345, 6.140702, 5.914079)
(1.243195, 6.145126, 5.911869)
(1.23979, 6.153464, 5.912921)
(1.237864, 6.16327, 5.915146)
(1.233084, 6.172966, 5.917329)
(1.224837, 6.18569, 5.921727)
(1.218066, 6.19684, 5.92445)
(1.211649, 6.206789, 5.926853)
(1.205511, 6.216856, 5.930111)
(1.197809, 6.227945, 5.934758)
(1.189655, 6.238131, 5.938298)
(1.180477, 6.24902, 5.943787)
(1.172745, 6.261078, 5.949285)
(1.164367, 6.273288, 5.954609)
(1.155224, 0.006823688, 5.963058)
(1.147389, 0.02028394, 5.969223)
(1.141099, 0.03588137, 5.976688)
(1.13425, 0.04848115, 5.9821)
(1.128114, 0.06125695, 5.990147)
(1.122037, 0.07191201, 5.996494)
(1.115732, 0.08136701, 6.001474)
(1.110508, 0.08558197, 6.003033)
(1.103999, 0.09217254, 6.007316)
(1.095821, 0.1025178, 6.015262)
(1.089788, 0.1091009, 6.018825)
(1.084319, 0.1136205, 6.020591)
(1.081159, 0.1123874, 6.018782)
(1.077082, 0.1131241, 6.019164)
(1.07328, 0.1130177, 6.020991)
(1.067361, 0.1120353, 6.021983)
(1.061634, 0.1102557, 6.020792)
(1.056176, 0.1081891, 6.018743)
(1.051521, 0.1084287, 6.022089)
(1.047156, 0.107195, 6.024351)
(1.042677, 0.1037665, 6.025701)
(1.037405, 0.1001591, 6.026546)
(1.030766, 0.09400541, 6.026524)
(1.024289, 0.08936016, 6.027252)
(1.01428, 0.08187124, 6.027465)
(1.00654, 0.07459622, 6.028431)
(1.000326, 0.06608823, 6.030726)
(0.9976418, 0.05476521, 6.029758)
(1.005845, 0.03938002, 6.019328)
(1.0198, 0.02156253, 6.00523)
(1.006409, 0.005783405, 5.997633)
(0.9808263, 6.27297, 5.986604)
(0.960226, 6.250741, 5.965101)
(0.9569161, 6.238523, 5.951883)
(0.9549162, 6.231673, 5.945871)
(0.9604062, 6.239556, 5.949353)
(0.9578227, 6.232315, 5.940094)
(0.9528479, 6.218794, 5.926983)
(0.9430685, 6.200998, 5.917762)
(0.9390319, 6.190597, 5.913277)
(0.9353578, 6.180581, 5.905678)
(0.9298814, 6.172919, 5.896139)
(0.9250789, 6.172343, 5.891877)
(0.9229019, 6.173965, 5.890175)
(0.924327, 6.180771, 5.892119)
(0.9279925, 6.184841, 5.89174)
(0.9280375, 6.183932, 5.888695)
(0.9271719, 6.180995, 5.884331)
(0.924661, 6.174744, 5.877595)
(0.9215083, 6.16887, 5.871629)
(0.9185401, 6.163951, 5.866856)
(0.9155821, 6.160966, 5.863724)
(0.912913, 6.157678, 5.860169)
(0.9119666, 6.152837, 5.855875)
(0.9118773, 6.14711, 5.850861)
(0.9121981, 6.140855, 5.846045)
(0.9120603, 6.135026, 5.843077)
(0.9106369, 6.132062, 5.841512)
(0.9104996, 6.129128, 5.839577)
(0.9121776, 6.126424, 5.83726)
(0.9138962, 6.123452, 5.834684)
(0.9151386, 6.121047, 5.832393)
(0.9149934, 6.119779, 5.83168)
(0.9150762, 6.118017, 5.829924)
(0.9170027, 6.116608, 5.828663)
(0.9206352, 6.116631, 5.829782)
(0.9221745, 6.116805, 5.831278)
(0.9221396, 6.117309, 5.832103)
(0.9215925, 6.118663, 5.832748)
(0.9224874, 6.11951, 5.832735)
(0.9242024, 6.119857, 5.832671)
(0.9264387, 6.120576, 5.833533)
(0.9284015, 6.123515, 5.837351)
(0.9291027, 6.126265, 5.841279)
(0.9286, 6.130471, 5.84712)
(0.9285159, 6.134052, 5.851855)
(0.9277811, 6.138156, 5.856827)
(0.9267007, 6.144847, 5.864308)
(0.9257926, 6.15275, 5.872434)
(0.9252602, 6.161014, 5.880333)
(0.9237142, 6.171621, 5.889739)
(0.9214689, 6.183212, 5.899148)
(0.9197515, 6.190422, 5.906172)
(0.9164574, 6.197783, 5.912587)
(0.916906, 6.206259, 5.918436)
(0.9170244, 6.215322, 5.925063)
(0.9178453, 6.223634, 5.930502)
(0.9186258, 6.232434, 5.936491)
(0.918689, 6.241149, 5.942366)
(0.9193203, 6.248262, 5.945847)
(0.9214106, 6.257126, 5.950318)
(0.9224643, 6.265328, 5.954895)
(0.9262248, 6.274065, 5.957888)
(0.9300188, 0.0009485796, 5.962184)
(0.9327205, 0.01086742, 5.966428)
(0.9360099, 0.02118463, 5.970021)
(0.9399, 0.03145853, 5.973757)
(0.9436082, 0.04213208, 5.9776)
