(-0.3954837, 0.863369, -2.333828)
(-0.3953252, 0.8634465, -2.334208)
(-0.3953362, 0.8634447, -2.334176)
(-0.3951457, 0.8634069, -2.334133)
(-0.3951881, 0.8633503, -2.334068)
(-0.395216, 0.8633481, -2.334037)
(-0.395075, 0.8633146, -2.333968)
(-0.3951869, 0.8632177, -2.333737)
(-0.3951992, 0.8632194, -2.333701)
(-0.3952188, 0.8631424, -2.33393)
(-0.39522, 0.8630852, -2.333922)
(-0.3952267, 0.8630993, -2.333904)
(-0.3953784, 0.8631604, -2.333732)
(-0.3953141, 0.8631741, -2.333885)
(-0.3953323, 0.8631945, -2.333849)
(-0.3952699, 0.8632607, -2.333555)
(-0.3950663, 0.8633554, -2.334016)
(-0.3950773, 0.8633792, -2.334017)
(-0.3951306, 0.863526, -2.333624)
(-0.3950382, 0.8635712, -2.333797)
(-0.3950385, 0.8635761, -2.333769)
(-0.3949989, 0.8634353, -2.334285)
(-0.3949029, 0.8634864, -2.334482)
(-0.3949279, 0.863498, -2.334476)
(-0.3949314, 0.8636048, -2.334219)
(-0.3948331, 0.8636532, -2.334447)
(-0.3948288, 0.8636715, -2.334426)
(-0.3947319, 0.8637049, -2.334359)
(-0.3947997, 0.8636494, -2.3342)
(-0.3948096, 0.8636657, -2.334187)
(-0.394938, 0.8636515, -2.334421)
(-0.3949145, 0.8636675, -2.334526)
(-0.3949336, 0.8637164, -2.334557)
(-0.3949287, 0.8638296, -2.334231)
(-0.395044, 0.8637087, -2.333921)
(-0.3950715, 0.8637179, -2.33394)
(-0.3950914, 0.8637345, -2.334116)
(-0.3951231, 0.8636549, -2.333946)
(-0.3951403, 0.8636346, -2.333891)
(-0.3951291, 0.8636845, -2.333938)
(-0.3950484, 0.8637193, -2.334094)
(-0.3950561, 0.8636992, -2.333997)
(-0.3952355, 0.8636712, -2.334242)
(-0.395223, 0.8637267, -2.334371)
(-0.3952379, 0.8637488, -2.334334)
(-0.3952005, 0.8637865, -2.334061)
(-0.3952644, 0.8637605, -2.333989)
(-0.3952725, 0.8638232, -2.334007)
(-0.3952997, 0.8638035, -2.334014)
(-0.3953682, 0.8637594, -2.33391)
(-0.3953842, 0.8638089, -2.33393)
(-0.3952726, 0.8637426, -2.334134)
(-0.3954116, 0.8636196, -2.33378)
(-0.395431, 0.8636566, -2.333781)
(-0.3954973, 0.8637062, -2.333766)
(-0.3955313, 0.8636708, -2.333768)
(-0.3955581, 0.8636614, -2.333711)
(-0.3953075, 0.8635627, -2.333946)
(-0.3954355, 0.8635001, -2.333738)
(-0.3954357, 0.8635085, -2.333701)
(-0.3952948, 0.8635267, -2.333487)
(-0.3953432, 0.8634759, -2.333314)
(-0.3953735, 0.8634928, -2.333261)
(-0.3954253, 0.8635504, -2.333053)
(-0.3952894, 0.8636051, -2.333348)
(-0.395309, 0.8636085, -2.333302)
(-0.3954654, 0.8635429, -2.333619)
(-0.3954638, 0.8635424, -2.333612)
(-0.3954744, 0.8635545, -2.333576)
(-0.3951571, 0.8633869, -2.333875)
(-0.3950408, 0.8634421, -2.334144)
(-0.395034, 0.8634371, -2.334101)
(-0.395035, 0.8635019, -2.333913)
(-0.3949581, 0.8635627, -2.334078)
(-0.3949775, 0.8636349, -2.334163)
(-0.3949068, 0.863688, -2.333947)
(-0.3948748, 0.8636129, -2.333833)
(-0.3949296, 0.8636342, -2.333857)
(-0.3950876, 0.8637056, -2.334099)
(-0.3950135, 0.8636984, -2.33407)
(-0.3949889, 0.8636622, -2.333982)
(-0.3949082, 0.863678, -2.334092)
(-0.3949201, 0.8636817, -2.334048)
(-0.3949163, 0.8636626, -2.333932)
(-0.3950167, 0.8637048, -2.333807)
(-0.3951073, 0.8637174, -2.333667)
(-0.3951048, 0.8637202, -2.33363)
(-0.3951806, 0.8637295, -2.333516)
(-0.395219, 0.8636979, -2.333395)
(-0.3952138, 0.8637174, -2.333384)
(-0.3953615, 0.8637654, -2.333294)
(-0.395318, 0.8638215, -2.333406)
(-0.395335, 0.8638374, -2.333381)
(-0.395167, 0.8637358, -2.333495)
(-0.3951688, 0.8637114, -2.333508)
(-0.3951718, 0.8637493, -2.333506)
(-0.3951535, 0.863798, -2.333375)
(-0.3952143, 0.8637452, -2.333222)
(-0.3952041, 0.8637336, -2.333151)
(-0.3953332, 0.8636701, -2.333461)
(-0.3954017, 0.863595, -2.33327)
(-0.3954411, 0.8635998, -2.333262)
(-0.3953365, 0.8635271, -2.333311)
(-0.3952378, 0.863542, -2.33351)
(-0.3952512, 0.8635271, -2.333467)
(-0.3951616, 0.8634912, -2.33344)
(-0.3951433, 0.8634752, -2.333536)
(-0.3951633, 0.8634696, -2.333515)
(-0.3953233, 0.8633738, -2.333856)
(-0.3952107, 0.8633994, -2.334096)
(-0.3952501, 0.863387, -2.334053)
(-0.3952696, 0.8634771, -2.333747)
(-0.3953289, 0.8634254, -2.333689)
(-0.3953525, 0.8633976, -2.333641)
(-0.3954372, 0.8633708, -2.333696)
(-0.3952783, 0.8634168, -2.334071)
(-0.3952957, 0.8634132, -2.334059)
(-0.395288, 0.8633313, -2.334315)
(-0.3954108, 0.8632244, -2.334122)
(-0.3954433, 0.8631921, -2.33409)
(-0.3955023, 0.8631014, -2.334308)
(-0.3953478, 0.8631438, -2.334713)
(-0.3953652, 0.8631319, -2.334725)
(-0.3952352, 0.8631055, -2.33475)
(-0.3950443, 0.8631487, -2.335186)
(-0.3950499, 0.8631412, -2.335194)
(-0.3949236, 0.8631685, -2.334986)
(-0.3948693, 0.8631505, -2.335118)
(-0.3948772, 0.863162, -2.335135)
(-0.3948843, 0.8632891, -2.334787)
(-0.3949614, 0.8632267, -2.334639)
(-0.3949839, 0.8632209, -2.334611)
(-0.3949583, 0.8633534, -2.3341)
(-0.3949888, 0.8633157, -2.334011)
(-0.3949822, 0.8633255, -2.334001)
(-0.395083, 0.8633769, -2.333908)
(-0.3950701, 0.8633593, -2.333867)
(-0.3950816, 0.8633436, -2.333829)
(-0.3949472, 0.8632827, -2.333932)
(-0.3949524, 0.8632188, -2.333867)
(-0.3949505, 0.8632339, -2.333875)
(-0.3951604, 0.8632663, -2.333794)
(-0.3950129, 0.8632991, -2.334056)
(-0.3950119, 0.8632972, -2.33405)
(-0.3951442, 0.8632958, -2.334177)
(-0.3950703, 0.8633151, -2.334398)
(-0.3950814, 0.8633027, -2.334369)
(-0.3950889, 0.8634225, -2.334094)
(-0.3950157, 0.8634611, -2.334327)
(-0.3950074, 0.8634945, -2.334318)
(-0.3949537, 0.8633168, -2.334641)
(-0.3950187, 0.8632592, -2.334541)
(-0.3950572, 0.8633516, -2.33466)
(-0.3952035, 0.8634194, -2.334643)
(-0.3951392, 0.8633895, -2.334724)
(-0.3951648, 0.8634487, -2.334801)
(-0.3950752, 0.8635135, -2.334778)
(-0.3949676, 0.8635082, -2.33489)
(-0.3949893, 0.8635035, -2.334858)
(-0.3949978, 0.8636054, -2.334867)
(-0.3950276, 0.8636031, -2.334803)
(-0.3950129, 0.863567, -2.334726)
(-0.3949366, 0.8636239, -2.334474)
(-0.3949456, 0.8636489, -2.334494)
(-0.3949512, 0.8636605, -2.334491)
(-0.3951144, 0.8638366, -2.333966)
(-0.3951879, 0.8637576, -2.333752)
(-0.3951768, 0.8637723, -2.333741)
(-0.3951734, 0.8638078, -2.333583)
(-0.3951117, 0.8638355, -2.333657)
(-0.3951135, 0.863888, -2.33369)
(-0.3951669, 0.8639493, -2.33346)
(-0.3952254, 0.8639189, -2.333324)
(-0.3951918, 0.8639485, -2.333307)
(-0.3951735, 0.8640083, -2.333115)
(-0.3951544, 0.864011, -2.333137)
(-0.3951499, 0.8640531, -2.33315)
(-0.3951391, 0.8639629, -2.33347)
(-0.3952817, 0.8638444, -2.333142)
(-0.3952912, 0.8638618, -2.333105)
(-0.3953201, 0.8638408, -2.333394)
(-0.3954155, 0.8637699, -2.333249)
(-0.3954107, 0.8637773, -2.333235)
(-0.3954762, 0.8638924, -2.332882)
(-0.395552, 0.8638173, -2.332696)
(-0.3955796, 0.863826, -2.332633)
(-0.3956126, 0.8637816, -2.332851)
(-0.3954437, 0.8638394, -2.333198)
(-0.3954458, 0.8638475, -2.333176)
(-0.3954082, 0.8638227, -2.333214)
(-0.3953344, 0.8638101, -2.333326)
(-0.3953427, 0.8638271, -2.333302)
(-0.3954395, 0.8638117, -2.333439)
(-0.3955486, 0.8637135, -2.333261)
(-0.3955585, 0.8637016, -2.333207)
(-0.3955655, 0.863732, -2.332927)
(-0.3955901, 0.8636739, -2.332849)
(-0.3956076, 0.8636696, -2.332812)
(-0.3956901, 0.8636122, -2.332983)
(-0.3955888, 0.8636311, -2.33319)
(-0.3956056, 0.8636134, -2.333124)
(-0.3953445, 0.8634409, -2.333447)
(-0.3951865, 0.8634895, -2.333793)
(-0.3951962, 0.8634931, -2.333777)
(-0.3951757, 0.8635451, -2.33351)
(-0.3951737, 0.8635072, -2.33349)
(-0.3951734, 0.8635062, -2.333428)
(-0.3950576, 0.8633878, -2.333673)
(-0.3951313, 0.8632991, -2.333472)
(-0.3951546, 0.8632921, -2.333447)
(-0.3952913, 0.8631959, -2.333849)
(-0.3953024, 0.8631169, -2.333825)
(-0.3953402, 0.8631003, -2.333792)
(-0.3951803, 0.8629717, -2.334133)
(-0.3950013, 0.8630387, -2.334534)
(-0.3950084, 0.86303, -2.334542)
(-0.3952276, 0.8630105, -2.334674)
(-0.3951769, 0.8630085, -2.334854)
(-0.3952016, 0.8630002, -2.334826)
(-0.3951181, 0.8630521, -2.33462)
(-0.3949227, 0.863124, -2.335105)
(-0.3949473, 0.8631271, -2.335106)
(-0.3950986, 0.8632555, -2.334847)
(-0.3949863, 0.863333, -2.335177)
(-0.3949832, 0.863305, -2.335138)
(-0.3949655, 0.8633887, -2.334636)
(-0.3950649, 0.863338, -2.334551)
(-0.3950888, 0.8633639, -2.334601)
(-0.3950561, 0.8632932, -2.334676)
(-0.3950884, 0.8632263, -2.334598)
(-0.3951106, 0.8632166, -2.334582)
(-0.394887, 0.8631381, -2.334678)
(-0.3947685, 0.863153, -2.334947)
(-0.3947906, 0.8631659, -2.334976)
(-0.3948437, 0.8633255, -2.334527)
(-0.3948666, 0.8632798, -2.334491)
(-0.3948535, 0.8632622, -2.334453)
(-0.3949323, 0.8631904, -2.334736)
(-0.3949873, 0.8631631, -2.33468)
(-0.3949972, 0.8631694, -2.334671)
(-0.395038, 0.8632209, -2.334489)
(-0.3951107, 0.863122, -2.33434)
(-0.3950875, 0.8631028, -2.334303)
(-0.3951222, 0.8631564, -2.334134)
(-0.3949958, 0.8631967, -2.334475)
(-0.3950167, 0.8631701, -2.334482)
(-0.3951139, 0.8632033, -2.334321)
(-0.3951349, 0.8631505, -2.33423)
(-0.3951229, 0.863153, -2.33422)
(-0.3951244, 0.8631423, -2.334263)
(-0.3949983, 0.8631968, -2.334597)
(-0.3949978, 0.8631896, -2.334578)
(-0.3950166, 0.8631442, -2.334617)
(-0.3948684, 0.863199, -2.3349)
(-0.3948941, 0.8632076, -2.334894)
(-0.3950633, 0.8633443, -2.334669)
(-0.3950957, 0.8632762, -2.334634)
(-0.3950912, 0.8632524, -2.334591)
(-0.3950391, 0.8633113, -2.334297)
(-0.3949655, 0.863325, -2.334427)
(-0.3949503, 0.8633441, -2.334444)
(-0.3950322, 0.8632751, -2.33482)
(-0.395094, 0.8631812, -2.334659)
(-0.3951087, 0.8631455, -2.334655)
(-0.3949106, 0.8631413, -2.334475)
