(0.3237252, 0.1757014, -0.6270227)
(0.3237081, 0.1756833, -0.627218)
(0.3236477, 0.1756539, -0.6272869)
(0.3235722, 0.1754658, -0.6272631)
(0.3235595, 0.1754127, -0.6273503)
(0.323735, 0.1754324, -0.6273303)
(0.3238518, 0.1755793, -0.6273522)
(0.3239145, 0.1755126, -0.6273541)
(0.3239052, 0.1754961, -0.6273239)
(0.3239353, 0.1754365, -0.6272776)
(0.3239076, 0.1754184, -0.6274264)
(0.3241222, 0.1753719, -0.6274223)
(0.3242736, 0.1755166, -0.6274621)
(0.3241739, 0.1755753, -0.6275136)
(0.3242307, 0.1755817, -0.6275299)
(0.3241458, 0.1753623, -0.6274145)
(0.3240018, 0.175396, -0.6275287)
(0.3240335, 0.1754122, -0.6274652)
(0.3240864, 0.1754947, -0.627389)
(0.3241529, 0.1754167, -0.627435)
(0.324147, 0.1754336, -0.627424)
(0.3240652, 0.1752784, -0.6273379)
(0.324019, 0.1753232, -0.6270931)
(0.3238716, 0.1752653, -0.6271601)
(0.3239231, 0.1753392, -0.6271548)
(0.3239489, 0.1753142, -0.6269984)
(0.323967, 0.1753285, -0.6269114)
(0.3240569, 0.1754391, -0.6269069)
(0.3239729, 0.1754105, -0.6270411)
(0.3239849, 0.1754091, -0.6269956)
(0.3238235, 0.1752219, -0.6268282)
(0.323741, 0.1752009, -0.6268537)
(0.3236835, 0.1751752, -0.6268387)
(0.323714, 0.1751995, -0.6268387)
(0.3235805, 0.1751857, -0.6268582)
(0.3235793, 0.1751695, -0.6268704)
(0.3235619, 0.175142, -0.6268475)
(0.3236356, 0.1751032, -0.6266758)
(0.3236418, 0.1750703, -0.6266582)
(0.3238282, 0.1752675, -0.6267512)
(0.3238242, 0.1752467, -0.6267869)
(0.3239603, 0.1750894, -0.6268883)
(0.3239386, 0.1749458, -0.626807)
(0.3236101, 0.1751504, -0.626626)
(0.3236666, 0.1751294, -0.626591)
(0.3236668, 0.1750691, -0.6265612)
(0.3235912, 0.1750317, -0.626642)
(0.3235028, 0.174994, -0.6266315)
(0.3236339, 0.1751339, -0.6266866)
(0.3236196, 0.1750953, -0.6267228)
(0.3237259, 0.1751204, -0.6267095)
(0.3236704, 0.1749847, -0.6266556)
(0.3238528, 0.1747274, -0.6269252)
(0.3238358, 0.1746614, -0.6269884)
(0.3240085, 0.1747789, -0.627068)
(0.3240497, 0.1747339, -0.6271033)
(0.3239636, 0.174835, -0.6270251)
(0.3239887, 0.1747885, -0.6270058)
(0.3239233, 0.1748319, -0.626924)
(0.3239429, 0.1748195, -0.6269176)
(0.3240092, 0.1748552, -0.626935)
(0.3239765, 0.174819, -0.6270101)
(0.3239253, 0.1749394, -0.6269057)
(0.3238583, 0.1747935, -0.6268294)
(0.3238599, 0.1746936, -0.6269333)
(0.3239458, 0.174715, -0.6268721)
(0.3239653, 0.1747372, -0.6268585)
(0.3240077, 0.1746647, -0.6268868)
(0.323869, 0.1746109, -0.6270127)
(0.3238232, 0.1744995, -0.6269932)
(0.3236699, 0.1744645, -0.6272213)
(0.3238249, 0.1744854, -0.6271853)
(0.3237813, 0.1743357, -0.6271515)
(0.3238049, 0.1743135, -0.6271849)
(0.3237944, 0.1742346, -0.6271319)
(0.3236909, 0.1742258, -0.6271765)
(0.3238392, 0.1742995, -0.6272025)
(0.3240333, 0.1740465, -0.6273365)
(0.3241761, 0.1740582, -0.6272697)
(0.324352, 0.1740584, -0.6269741)
(0.3239901, 0.1743536, -0.626739)
(0.3239682, 0.1742673, -0.626642)
(0.3237841, 0.1742215, -0.6269975)
(0.323807, 0.1741765, -0.626971)
(0.3238182, 0.1741714, -0.6269512)
(0.3238649, 0.1741281, -0.62693)
(0.323844, 0.1740737, -0.6269584)
(0.3238552, 0.1740546, -0.6269479)
(0.3238199, 0.1739888, -0.6269195)
(0.3236239, 0.1740367, -0.6267359)
(0.3237102, 0.1743078, -0.6269047)
(0.3235188, 0.1743104, -0.6270719)
(0.323591, 0.1743543, -0.6271014)
(0.3237033, 0.1743326, -0.6267195)
(0.3237941, 0.1740992, -0.6268334)
(0.3238473, 0.1739542, -0.6270535)
(0.3239012, 0.1738727, -0.626951)
(0.3238804, 0.1737959, -0.6269813)
(0.3239691, 0.1737576, -0.626986)
(0.3240912, 0.1737552, -0.6269994)
(0.3241775, 0.1736901, -0.6269932)
(0.3241601, 0.1736171, -0.627059)
(0.3242643, 0.1736729, -0.6271322)
(0.3242309, 0.1736376, -0.6271482)
(0.3242657, 0.1736124, -0.6271625)
(0.324353, 0.173543, -0.6271689)
(0.3246477, 0.1733749, -0.6270463)
(0.3248391, 0.1732857, -0.6270106)
(0.3249514, 0.1731637, -0.6268449)
(0.3247764, 0.173207, -0.6267838)
(0.3247776, 0.1732066, -0.6267483)
(0.3246934, 0.173121, -0.6266937)
(0.3246076, 0.1731336, -0.6268148)
(0.3245988, 0.1731427, -0.6269658)
(0.3244748, 0.1729703, -0.6269584)
(0.3244169, 0.1729376, -0.6270227)
(0.3243511, 0.1729791, -0.6269517)
(0.3245156, 0.1731932, -0.627033)
(0.3247497, 0.1729662, -0.6271224)
(0.3247535, 0.1728952, -0.6272099)
(0.3246665, 0.1725972, -0.6271524)
(0.3245728, 0.1725934, -0.6271219)
(0.3245826, 0.1726134, -0.6269941)
(0.3246636, 0.172792, -0.6270392)
(0.3241913, 0.1729951, -0.6270294)
(0.3241115, 0.1730411, -0.627106)
(0.3241625, 0.1732612, -0.6272936)
(0.3240285, 0.1732838, -0.627388)
(0.3239429, 0.1733196, -0.6274347)
(0.3237963, 0.1732731, -0.6273584)
(0.3238721, 0.1731846, -0.6273012)
(0.3237505, 0.1731806, -0.6273577)
(0.3236992, 0.1732483, -0.6274102)
(0.3235474, 0.1732514, -0.627512)
(0.3234847, 0.1733203, -0.6275406)
(0.3232229, 0.1731589, -0.6274514)
(0.3229988, 0.1731706, -0.6275592)
(0.3229444, 0.1732411, -0.6275189)
(0.3229291, 0.1734173, -0.6275787)
(0.3228159, 0.1734693, -0.6275091)
(0.3227212, 0.1735532, -0.6274681)
(0.3225389, 0.1736367, -0.6274366)
(0.3221407, 0.1736913, -0.6276455)
(0.3221378, 0.1736989, -0.6274662)
(0.3214924, 0.1736391, -0.6271534)
(0.3214092, 0.1737158, -0.6268084)
(0.3210742, 0.1739187, -0.62656)
(0.3209929, 0.1741636, -0.6263595)
(0.3206296, 0.1744289, -0.6261578)
(0.3203824, 0.1747429, -0.625912)
(0.3202329, 0.175226, -0.6257689)
(0.3200457, 0.1758416, -0.6255665)
(0.31986, 0.1764262, -0.625391)
(0.3197222, 0.1773016, -0.6251569)
(0.3195796, 0.1784892, -0.6245017)
(0.3191946, 0.1799998, -0.623524)
(0.3188894, 0.1814411, -0.6223106)
(0.3184643, 0.1830316, -0.6210101)
(0.3174784, 0.1861274, -0.6215732)
(0.3164048, 0.1897492, -0.6228549)
(0.3146672, 0.1970568, -0.6255567)
(0.3134947, 0.206465, -0.6277997)
(0.3118498, 0.2161481, -0.6289217)
(0.3116436, 0.2256553, -0.6288772)
(0.3103178, 0.2378912, -0.6286581)
(0.3081145, 0.2487571, -0.627789)
(0.3064315, 0.2627501, -0.6258523)
(0.3050709, 0.2781096, -0.6239641)
(0.3029199, 0.2913613, -0.6215405)
(0.3015323, 0.3047752, -0.6185029)
(0.2995703, 0.3183463, -0.6149004)
(0.2984469, 0.3311996, -0.6100919)
(0.2964156, 0.3428998, -0.6060746)
(0.295701, 0.3544471, -0.5991385)
(0.2950563, 0.3649809, -0.5934458)
(0.294354, 0.3755033, -0.5873566)
(0.2936025, 0.3865438, -0.5808544)
(0.2922013, 0.3954134, -0.572933)
(0.2913809, 0.4029043, -0.5651491)
(0.2898543, 0.4116819, -0.5578694)
(0.2889748, 0.4193647, -0.5505214)
(0.2880878, 0.4245768, -0.5420258)
(0.2866344, 0.43125, -0.5338147)
(0.2857585, 0.4356101, -0.5253277)
(0.2842178, 0.439289, -0.5163598)
(0.2830369, 0.4420707, -0.5065916)
(0.281945, 0.4442978, -0.497714)
(0.2807643, 0.4432003, -0.4881644)
(0.2793434, 0.4450492, -0.4789324)
(0.2782128, 0.4428883, -0.4694333)
(0.2771437, 0.4395779, -0.4594793)
(0.276099, 0.434343, -0.4493306)
(0.2752364, 0.4315292, -0.4397225)
(0.2748909, 0.4239725, -0.4293094)
(0.2745764, 0.4174185, -0.4185264)
(0.2744689, 0.4102738, -0.4086194)
(0.2743068, 0.4001122, -0.3984401)
(0.2767439, 0.3928187, -0.3894489)
(0.2808638, 0.3867362, -0.3814545)
(0.2817223, 0.3765688, -0.3718743)
(0.2828729, 0.3661628, -0.3621073)
(0.2841539, 0.3562975, -0.3525138)
(0.2860644, 0.345253, -0.3431811)
(0.2875168, 0.3346639, -0.3337185)
(0.2894449, 0.3225346, -0.323966)
(0.2915556, 0.3105567, -0.3168261)
(0.2933085, 0.2997093, -0.3082542)
(0.2949533, 0.2889545, -0.3021641)
(0.297606, 0.2777817, -0.2958884)
(0.2992933, 0.2673805, -0.2905395)
(0.3003476, 0.2571957, -0.2859249)
(0.3019052, 0.2469778, -0.2826235)
(0.3026547, 0.2379675, -0.2785163)
(0.3026009, 0.2298009, -0.2755508)
(0.3035517, 0.2238019, -0.2757168)
(0.3039458, 0.2165706, -0.2749016)
(0.3032935, 0.2086437, -0.2762833)
(0.3033752, 0.2004919, -0.2798982)
(0.3025432, 0.193157, -0.2843654)
(0.3019114, 0.1861231, -0.2881753)
(0.301158, 0.1809282, -0.2925301)
(0.3009102, 0.1747274, -0.2980382)
(0.2997696, 0.1706862, -0.3015215)
(0.2979784, 0.1669595, -0.3029373)
(0.300523, 0.1664932, -0.2989171)
(0.300427, 0.1680713, -0.2968786)
(0.303139, 0.1690578, -0.2949796)
(0.3045113, 0.1700227, -0.2930934)
(0.3057449, 0.1704364, -0.2919152)
(0.3056607, 0.1704695, -0.2945299)
(0.3052614, 0.1703496, -0.2952154)
(0.30357, 0.168123, -0.2960911)
(0.3032303, 0.166889, -0.2963467)
(0.3034072, 0.1662116, -0.2962132)
(0.303973, 0.1663094, -0.2963152)
(0.3045502, 0.1670604, -0.2954903)
(0.3055236, 0.1671116, -0.2954433)
(0.3064871, 0.1672647, -0.2956235)
(0.3071539, 0.1675124, -0.294775)
(0.3076947, 0.167429, -0.2947607)
(0.3083949, 0.1676812, -0.2954454)
(0.308423, 0.1679924, -0.2959828)
(0.3084445, 0.1680386, -0.2968235)
(0.30845, 0.1680844, -0.2972584)
(0.3088648, 0.1681921, -0.297127)
(0.3093805, 0.1681099, -0.2970841)
(0.309973, 0.1680627, -0.2973194)
(0.3101199, 0.1682317, -0.2972331)
(0.3103826, 0.1682217, -0.2972121)
(0.3103938, 0.1682675, -0.2973211)
(0.3104391, 0.1680875, -0.2976336)
(0.3104961, 0.1679697, -0.2975364)
(0.3105571, 0.1679704, -0.2973657)
(0.310504, 0.1680562, -0.2971358)
(0.3104961, 0.1680336, -0.2971361)
(0.3106771, 0.1679482, -0.2976227)
(0.3109465, 0.1681404, -0.2978456)
(0.3113945, 0.1683099, -0.2979603)
(0.3116245, 0.1685457, -0.2977145)
(0.3115413, 0.1688435, -0.2974954)
(0.3116422, 0.1689441, -0.2974639)
(0.3116217, 0.1689992, -0.2973838)
(0.3113883, 0.1689849, -0.2975192)
(0.3111026, 0.1688209, -0.297708)
(0.3109856, 0.1687593, -0.2977974)
(0.3109052, 0.1688437, -0.2977707)
(0.3107345, 0.1689181, -0.2976718)
(0.3105454, 0.1688747, -0.2973583)
(0.3104692, 0.1688154, -0.2971601)
(0.3101661, 0.1686738, -0.2969069)
(0.3099418, 0.1685092, -0.2966466)
(0.3098128, 0.1687989, -0.2964656)
(0.30971, 0.1689634, -0.2962339)
(0.3095737, 0.1689384, -0.2959099)
(0.3094258, 0.1689126, -0.2957406)
(0.3091371, 0.1688514, -0.295599)
(0.308866, 0.1687791, -0.2953069)
(0.3083529, 0.1687267, -0.2953801)
(0.3078136, 0.1685736, -0.2949126)
(0.3070142, 0.1682329, -0.294313)
(0.3063912, 0.1680257, -0.2938309)
(0.3060038, 0.1679285, -0.2934101)
(0.3061008, 0.1680858, -0.2931294)
(0.3062863, 0.1683676, -0.2929745)
(0.3061523, 0.1683924, -0.2923656)
(0.3058834, 0.1682978, -0.2917323)
(0.3052821, 0.1683698, -0.2910728)
(0.3049018, 0.1682527, -0.2905612)
(0.3045955, 0.1682358, -0.2900319)
(0.3045032, 0.1685016, -0.2893424)
(0.3041642, 0.1686208, -0.2889388)
(0.3039193, 0.1687393, -0.2884548)
(0.3037815, 0.1688161, -0.2876832)
(0.3037372, 0.1688726, -0.2870159)
(0.3034523, 0.1684508, -0.2864726)
(0.3035011, 0.1683915, -0.2864392)
(0.30356, 0.1683352, -0.2865825)
(0.303777, 0.1682324, -0.2866542)
(0.3037868, 0.1682329, -0.286581)
(0.3037944, 0.1681108, -0.2863903)
(0.3037713, 0.1680176, -0.2861531)
(0.3039985, 0.1679783, -0.2855625)
(0.3040626, 0.1678202, -0.2852879)
(0.3040395, 0.1677599, -0.2849612)
(0.3041353, 0.1677222, -0.2845881)
(0.3043706, 0.1675355, -0.2844114)
(0.3044605, 0.1675494, -0.2840846)
(0.3043013, 0.1675577, -0.2841878)
(0.30424, 0.1675718, -0.2838857)
(0.304121, 0.1675787, -0.2835538)
(0.3039327, 0.1676345, -0.2832675)
(0.3037922, 0.1677229, -0.282851)
(0.3036656, 0.1678832, -0.2824218)
(0.3034122, 0.1679907, -0.2821014)
(0.3031251, 0.1680958, -0.2816658)
(0.3031411, 0.1680799, -0.2813165)
(0.3032351, 0.1680946, -0.2808349)
(0.3031814, 0.168139, -0.2804918)
(0.3030577, 0.1682525, -0.2800806)
(0.3028574, 0.1684783, -0.2797706)
(0.3027022, 0.1686215, -0.2794986)
(0.3024724, 0.1686516, -0.2794886)
(0.3024402, 0.1686149, -0.2792721)
(0.3026044, 0.1683524, -0.2791615)
(0.3025641, 0.1683326, -0.2787149)
(0.3025455, 0.1685529, -0.2778411)
(0.3023965, 0.1686814, -0.27724)
(0.3022256, 0.168999, -0.2766602)
(0.3021147, 0.1693754, -0.2761126)
(0.3016047, 0.1697307, -0.2755935)
(0.3013413, 0.169961, -0.2752423)
(0.3011682, 0.1702056, -0.2746518)
(0.3007514, 0.1704006, -0.2740943)
(0.3006637, 0.1705618, -0.2735171)
(0.2997916, 0.1712065, -0.2723725)
(0.2983317, 0.1719596, -0.2709081)
(0.2979591, 0.1729798, -0.2695417)
(0.2976401, 0.1740363, -0.2682631)
(0.2970409, 0.175113, -0.2667525)
(0.2966726, 0.1770751, -0.2646985)
(0.2971387, 0.1796741, -0.2626405)
(0.2977242, 0.1826115, -0.2600093)
(0.2979398, 0.1854501, -0.2572024)
(0.2979617, 0.189249, -0.2532492)
(0.2979984, 0.1923482, -0.2500691)
(0.2980108, 0.1958869, -0.2467756)
(0.2978458, 0.1996665, -0.2434089)
(0.2985139, 0.2030537, -0.2406821)
(0.2986555, 0.2070386, -0.2375383)
(0.2987354, 0.2107298, -0.233902)
(0.2989802, 0.2142911, -0.2307737)
(0.2991364, 0.218086, -0.2276032)
(0.2984755, 0.2216864, -0.2239122)
(0.2975619, 0.2254503, -0.2205694)
(0.2965682, 0.2298191, -0.2173462)
(0.2953062, 0.2347927, -0.213546)
(0.2940745, 0.239059, -0.2109261)
(0.2922993, 0.2455015, -0.209898)
(0.2908199, 0.250814, -0.2068903)
(0.2888451, 0.2564797, -0.2045979)
(0.2869329, 0.2634933, -0.2024825)
(0.2846565, 0.2694416, -0.1994221)
(0.2822182, 0.2758191, -0.1969604)
(0.2805126, 0.28245, -0.1946735)
(0.2780297, 0.2884898, -0.1912365)
(0.2757936, 0.2951646, -0.1886954)
(0.2740664, 0.3019199, -0.186384)
(0.2717216, 0.308275, -0.183404)
(0.2699788, 0.3153327, -0.180516)
(0.2684815, 0.323065, -0.1774149)
(0.2664528, 0.3294482, -0.174336)
(0.264818, 0.3362989, -0.1712253)
(0.2636535, 0.3429191, -0.1683011)
(0.2619824, 0.3490353, -0.165174)
(0.2603545, 0.3553858, -0.1619406)
(0.259268, 0.3617201, -0.1589816)
(0.2587814, 0.3685882, -0.1564586)
(0.2575128, 0.3745315, -0.1530623)
(0.2567809, 0.3803952, -0.1494148)
(0.2567668, 0.387512, -0.146095)
(0.2555516, 0.3928099, -0.14235)
(0.2548161, 0.3981817, -0.1388593)
(0.2543497, 0.4027991, -0.1350787)
(0.253454, 0.4073789, -0.131119)
(0.253114, 0.411442, -0.1268404)
(0.2526278, 0.4156439, -0.1227005)
(0.2523603, 0.4189029, -0.1184642)
(0.2523782, 0.4213439, -0.1139331)
(0.2525482, 0.4241945, -0.1091206)
(0.2523856, 0.4260607, -0.1045485)
(0.2526586, 0.4271251, -0.09997559)
(0.2526138, 0.4297777, -0.09564519)
(0.2525687, 0.4324358, -0.09130526)
(0.2525244, 0.4350811, -0.08698559)
(0.2524803, 0.4377337, -0.08265376)
(0.2535934, 0.4265085, -0.07752275)
(0.2531674, 0.4250093, -0.07247281)
(0.2532449, 0.4247651, -0.06745148)
(0.2534792, 0.4195857, -0.06242681)
(0.2535868, 0.4168611, -0.05762506)
(0.2569013, 0.4111755, -0.05108023)
(0.2572303, 0.4065983, -0.04605126)
(0.2576013, 0.4021683, -0.04106331)
(0.2575855, 0.3979876, -0.03764701)
(0.2576785, 0.3927073, -0.0321064)
(0.258462, 0.387445, -0.02842116)
(0.2590723, 0.3813946, -0.02352214)
(0.2607009, 0.3762891, -0.01931715)
(0.2619727, 0.3707938, -0.01686668)
(0.2624903, 0.3655212, -0.01254606)
(0.2630095, 0.3602269, -0.008213282)
(0.2635274, 0.3549387, -0.003890753)
(0.2640462, 0.3496375, 0.0004372597)
(0.2645655, 0.3443205, 0.004773855)
(0.264209, 0.3318076, 0.005058765)
(0.2642324, 0.3238523, 0.008506775)
(0.2667992, 0.3176897, 0.009160042)
(0.2671795, 0.3101468, 0.01236558)
(0.2675383, 0.3031507, 0.01577115)
(0.2678974, 0.2961333, 0.01918864)
(0.2684042, 0.2869272, 0.02280092)
(0.2688079, 0.2790201, 0.02632356)
(0.2699606, 0.2700617, 0.02782393)
(0.2692189, 0.2593136, 0.02752972)
(0.2687066, 0.2509079, 0.03007221)
(0.2688091, 0.2428122, 0.03289318)
(0.2690074, 0.2330108, 0.03292799)
(0.2693675, 0.2260327, 0.03425384)
(0.2697501, 0.2191031, 0.03652143)
(0.2727625, 0.2140639, 0.03575349)
(0.2747486, 0.2084963, 0.03700495)
(0.2832646, 0.2096488, 0.03274393)
(0.2851102, 0.2042136, 0.03349018)
(0.2879148, 0.19923, 0.0328331)
(0.2896192, 0.1935368, 0.03256011)
(0.2912221, 0.1890116, 0.03108692)
(0.2929754, 0.1842391, 0.02915096)
(0.2939627, 0.1796479, 0.02554274)
(0.2902977, 0.1763594, 0.0170877)
(0.294507, 0.1739154, 0.0115025)
(0.2895222, 0.1702976, 0.005326271)
(0.2911053, 0.1682296, 0.005290747)
(0.2870536, 0.165432, 0.004505157)
(0.2854223, 0.1627111, 0.00423646)
(0.2862947, 0.1630993, 0.004912138)
(0.2904172, 0.1645243, 0.00438261)
(0.2934179, 0.1667502, 0.004077196)
(0.2955315, 0.1686621, 0.00276804)
(0.2962723, 0.1690705, 0.0008084774)
(0.2964773, 0.1684999, -0.0006322861)
(0.2961037, 0.167011, -0.001407385)
(0.2960873, 0.1663437, -0.002389908)
(0.2954395, 0.165997, -0.003705978)
(0.2950501, 0.1661124, -0.004513502)
(0.2950249, 0.1660049, -0.004059792)
(0.2953825, 0.1655741, -0.002783298)
(0.296241, 0.1657851, -0.001716375)
(0.2964985, 0.1658292, -0.0006606579)
(0.296622, 0.1658716, 0.0001029968)
(0.2968826, 0.166111, 0.0007212162)
(0.2967529, 0.1665077, 0.0007219315)
(0.2967122, 0.1666644, 0.0006353855)
(0.296628, 0.1666493, 0.0005965233)
(0.2963748, 0.1667879, 0.0003478527)
(0.2964466, 0.1667852, 0.0001788139)
(0.296478, 0.1665332, 0.0002930164)
(0.2967379, 0.1665223, 0.0005586147)
(0.2969859, 0.1664512, 0.0006160736)
(0.2970421, 0.1661718, 0.0007164478)
(0.2970853, 0.16629, 0.000972271)
(0.2970364, 0.1661491, 0.0007429123)
(0.2969398, 0.165817, 0.0007658005)
(0.296735, 0.1658502, 0.0006551743)
(0.296659, 0.1657703, 0.0004439354)
(0.2966526, 0.1658514, 0.0003249645)
(0.2971194, 0.1656461, 0.0001959801)
(0.2971818, 0.1656437, 0.0002477169)
(0.2972155, 0.1654103, 0.0003886223)
(0.2972701, 0.1654744, 0.000556469)
(0.2972255, 0.1654637, 0.000620842)
(0.2975028, 0.1656597, 0.0006220341)
(0.2973499, 0.1657443, 0.0008113384)
(0.2972746, 0.1656847, 0.000783205)
(0.2972357, 0.1656826, 0.0007770061)
(0.2971997, 0.1655583, 0.0006067753)
(0.2971535, 0.1655438, 0.0006406307)
(0.2971337, 0.1655455, 0.000677824)
(0.2971456, 0.1654732, 0.0005803108)
####
(0.187955, 1.729212, 2.540707)
(0.1882236, 1.730216, 2.540314)
(0.188504, 1.731624, 2.540032)
(0.1889932, 1.732375, 2.539732)
(0.1893361, 1.732976, 2.539329)
(0.1901258, 1.73344, 2.538969)
(0.1904045, 1.733696, 2.53893)
(0.1903953, 1.733547, 2.538913)
(0.1904774, 1.733313, 2.539027)
(0.1909167, 1.733235, 2.538863)
(0.1910602, 1.733003, 2.538953)
(0.1914788, 1.733557, 2.539228)
(0.1916968, 1.733881, 2.539362)
(0.191679, 1.734142, 2.539553)
(0.1921317, 1.734383, 2.539747)
(0.1924087, 1.734698, 2.539961)
(0.1924552, 1.734904, 2.539975)
(0.1927098, 1.734569, 2.540335)
(0.1928751, 1.733833, 2.540321)
(0.1929533, 1.732806, 2.540154)
(0.1931183, 1.732124, 2.540189)
(0.1932107, 1.732292, 2.540267)
(0.1928379, 1.733268, 2.540664)
(0.1928565, 1.733569, 2.540877)
(0.1928822, 1.733877, 2.541112)
(0.1927698, 1.733646, 2.541165)
(0.1928523, 1.733101, 2.541397)
(0.1928515, 1.732569, 2.541569)
(0.192744, 1.73221, 2.541546)
(0.1927246, 1.732327, 2.541745)
(0.1927056, 1.732378, 2.542171)
(0.1925951, 1.73211, 2.542298)
(0.1924389, 1.731978, 2.542403)
(0.192524, 1.732048, 2.542521)
(0.1922374, 1.732396, 2.542752)
(0.1924367, 1.732915, 2.542879)
(0.192342, 1.732975, 2.543019)
(0.1921823, 1.732954, 2.543085)
(0.1922205, 1.732944, 2.543193)
(0.1924591, 1.73256, 2.543124)
(0.1925164, 1.732344, 2.543065)
(0.192671, 1.732495, 2.543122)
(0.1924312, 1.732355, 2.543347)
(0.1923566, 1.732312, 2.543634)
(0.1922186, 1.732373, 2.543951)
(0.1922676, 1.732423, 2.543967)
(0.1922089, 1.732434, 2.544061)
(0.192294, 1.732623, 2.54419)
(0.1926169, 1.732245, 2.544055)
(0.1927302, 1.731719, 2.543709)
(0.1930027, 1.731491, 2.543616)
(0.193133, 1.731302, 2.543223)
(0.1931258, 1.730927, 2.542972)
(0.1932149, 1.730567, 2.542708)
(0.1936484, 1.730624, 2.542653)
(0.1938629, 1.730207, 2.542292)
(0.1940802, 1.730276, 2.54222)
(0.1942117, 1.73022, 2.542122)
(0.1940731, 1.730049, 2.54208)
(0.1944173, 1.729904, 2.541916)
(0.1945458, 1.729581, 2.541792)
(0.1945783, 1.729473, 2.54156)
(0.1946982, 1.729747, 2.54172)
(0.1948543, 1.729808, 2.541672)
(0.1951019, 1.729782, 2.541517)
(0.1952249, 1.729409, 2.541405)
(0.1952825, 1.729366, 2.541443)
(0.1954067, 1.72938, 2.54129)
(0.1955554, 1.7295, 2.541207)
(0.1957518, 1.729642, 2.54107)
(0.195888, 1.729459, 2.540703)
(0.1960631, 1.729398, 2.540535)
(0.196238, 1.729413, 2.540305)
(0.1965183, 1.72944, 2.540145)
(0.1967237, 1.729933, 2.540031)
(0.1965556, 1.730011, 2.539979)
(0.1967849, 1.729746, 2.54003)
(0.1968504, 1.729279, 2.539889)
(0.1969699, 1.72942, 2.540129)
(0.1969912, 1.729554, 2.540007)
(0.1969127, 1.72993, 2.540243)
(0.1968712, 1.729767, 2.54026)
(0.1969185, 1.729395, 2.540016)
(0.1970161, 1.729244, 2.540007)
(0.1970863, 1.729133, 2.540008)
(0.1972948, 1.72901, 2.540336)
(0.1975668, 1.729082, 2.540345)
(0.1978161, 1.72899, 2.540329)
(0.1977551, 1.72909, 2.540264)
(0.1976514, 1.729252, 2.540372)
(0.1978253, 1.729333, 2.540413)
(0.197725, 1.729673, 2.540434)
(0.197857, 1.730117, 2.540593)
(0.1982816, 1.729894, 2.54031)
(0.1980546, 1.729547, 2.540427)
(0.1982444, 1.729331, 2.540349)
(0.1984227, 1.729144, 2.5405)
(0.1984875, 1.729162, 2.540544)
(0.1989785, 1.728897, 2.540572)
(0.1992715, 1.728789, 2.54058)
(0.1995839, 1.728418, 2.540404)
(0.1997305, 1.729154, 2.54044)
(0.2001657, 1.729358, 2.540434)
(0.1999587, 1.728781, 2.540298)
(0.2000056, 1.728515, 2.540376)
(0.2002175, 1.728418, 2.540518)
(0.2014136, 1.729429, 2.541177)
(0.2025746, 1.728036, 2.541211)
(0.2034029, 1.724264, 2.540782)
(0.2031623, 1.720171, 2.540246)
(0.2028398, 1.718152, 2.539912)
(0.2024223, 1.717846, 2.539613)
(0.2019082, 1.720892, 2.539611)
(0.2014679, 1.724839, 2.539495)
(0.2014787, 1.725995, 2.539284)
(0.2015007, 1.724231, 2.538444)
(0.2012258, 1.722954, 2.538122)
(0.2007937, 1.721707, 2.537673)
(0.200812, 1.72137, 2.537176)
(0.2008465, 1.722969, 2.53732)
(0.2012743, 1.723085, 2.536982)
(0.2013747, 1.722159, 2.536487)
(0.200802, 1.719546, 2.535939)
(0.2003022, 1.718259, 2.53549)
(0.1990925, 1.718074, 2.534989)
(0.1980872, 1.719784, 2.534781)
(0.1978149, 1.722093, 2.534531)
(0.1974654, 1.723049, 2.534036)
(0.1970044, 1.72307, 2.533519)
(0.1962165, 1.722048, 2.533062)
(0.1956468, 1.720898, 2.532601)
(0.1950749, 1.720444, 2.532145)
(0.194483, 1.72049, 2.531579)
(0.1936379, 1.72092, 2.531058)
(0.1928604, 1.721324, 2.530545)
(0.1916269, 1.721706, 2.530388)
(0.190551, 1.721984, 2.529973)
(0.189633, 1.722031, 2.529744)
(0.188769, 1.72192, 2.529322)
(0.1876656, 1.721088, 2.528933)
(0.1860768, 1.721023, 2.528758)
(0.1847702, 1.720205, 2.528519)
(0.1835551, 1.716797, 2.527245)
(0.1818891, 1.710112, 2.526526)
(0.179387, 1.702569, 2.526433)
(0.1766803, 1.698539, 2.528447)
(0.174222, 1.696833, 2.531)
(0.1711445, 1.696508, 2.533411)
(0.1682191, 1.698945, 2.537098)
(0.1646273, 1.700994, 2.541518)
(0.160107, 1.700116, 2.546704)
(0.1544329, 1.701696, 2.554623)
(0.149296, 1.706533, 2.563139)
(0.1424453, 1.715371, 2.578025)
(0.1332395, 1.728659, 2.597275)
(0.1246836, 1.742418, 2.62027)
(0.1131329, 1.754934, 2.643156)
(0.1017726, 1.768456, 2.668571)
(0.09403819, 1.769857, 2.717218)
(0.09091205, 1.773338, 2.75674)
(0.08864538, 1.798717, 2.797762)
(0.056642, 1.835002, 2.840513)
(0.02226491, 1.851211, 2.885061)
(0.01002353, 1.860206, 2.931336)
(0.005150706, 1.853766, 2.981321)
(6.272002, 1.850458, 3.024858)
(6.26091, 1.84346, 3.066842)
(6.244487, 1.848149, 3.105659)
(6.228014, 1.847944, 3.143041)
(6.212824, 1.846679, 3.176842)
(6.196599, 1.843837, 3.204231)
(6.187665, 1.832878, 3.226412)
(6.177367, 1.825146, 3.256691)
(6.184414, 1.803002, 3.276815)
(6.191087, 1.784117, 3.29463)
(6.195448, 1.768835, 3.315124)
(6.204186, 1.749906, 3.333824)
(6.217721, 1.730554, 3.33989)
(6.223345, 1.721884, 3.344071)
(6.228584, 1.714039, 3.349911)
(6.23263, 1.708524, 3.352107)
(6.231216, 1.709087, 3.343743)
(6.233769, 1.706575, 3.339229)
(6.237271, 1.706357, 3.326023)
(6.240505, 1.707478, 3.310462)
(6.242755, 1.711838, 3.290655)
(6.244854, 1.716067, 3.272463)
(6.249092, 1.725118, 3.244432)
(6.252285, 1.729755, 3.225047)
(6.256042, 1.741249, 3.195298)
(6.26017, 1.752811, 3.166433)
(6.267337, 1.764831, 3.134187)
(6.273058, 1.773242, 3.107124)
(0.0004937313, 1.779496, 3.074566)
(0.01145667, 1.784249, 3.041443)
(0.02422319, 1.787136, 3.010737)
(0.03956531, 1.787523, 2.974869)
(0.04801523, 1.79557, 2.940441)
(0.05512526, 1.802859, 2.907441)
(0.06412346, 1.804606, 2.875401)
(0.07521497, 1.804682, 2.844416)
(0.08573992, 1.804234, 2.814706)
(0.09575255, 1.799406, 2.786381)
(0.1039036, 1.792486, 2.757009)
(0.1140032, 1.778611, 2.720653)
(0.1283417, 1.758163, 2.68444)
(0.1368218, 1.748184, 2.652171)
(0.1361704, 1.736555, 2.624094)
(0.1385446, 1.727231, 2.594721)
(0.1374375, 1.715923, 2.568271)
(0.1367306, 1.700845, 2.544901)
(0.13836, 1.679496, 2.522906)
(0.137417, 1.657111, 2.503574)
(0.1322145, 1.632243, 2.480865)
(0.1219067, 1.61855, 2.468114)
(0.1212667, 1.610353, 2.45876)
(0.1267849, 1.617788, 2.461207)
(0.1380895, 1.62486, 2.469197)
(0.1524604, 1.633752, 2.483563)
(0.159627, 1.639554, 2.490865)
(0.1550396, 1.651371, 2.497787)
(0.1505238, 1.654446, 2.50679)
(0.136993, 1.812305, 2.521088)
(0.1703105, 1.786957, 2.52551)
(0.1934175, 1.798464, 2.526145)
(0.1827705, 1.73499, 2.540638)
(0.1738596, 1.68052, 2.542768)
(0.1805531, 1.672288, 2.546777)
(0.1911787, 1.655904, 2.558377)
(0.1941016, 1.660968, 2.567528)
(0.1914641, 1.669385, 2.574679)
(0.194554, 1.673212, 2.565687)
(0.1983043, 1.675621, 2.567487)
(0.1980916, 1.671413, 2.567849)
(0.1973178, 1.664175, 2.567146)
(0.2013671, 1.661677, 2.566835)
(0.2047621, 1.656575, 2.567747)
(0.2072792, 1.651524, 2.569718)
(0.2090763, 1.644086, 2.572535)
(0.210013, 1.639285, 2.574069)
(0.2118554, 1.638392, 2.574742)
(0.2142321, 1.645121, 2.5747)
(0.2146035, 1.655939, 2.573822)
(0.2128048, 1.668027, 2.574143)
(0.2144298, 1.669526, 2.575268)
(0.216982, 1.668732, 2.575202)
(0.2199134, 1.665532, 2.574274)
(0.2218324, 1.663476, 2.573617)
(0.223292, 1.664923, 2.573168)
(0.2243717, 1.669453, 2.573838)
(0.2244445, 1.672284, 2.57443)
(0.2257223, 1.6743, 2.575152)
(0.2257843, 1.67338, 2.576175)
(0.2260758, 1.67178, 2.576511)
(0.2265599, 1.670328, 2.576662)
(0.2256672, 1.669315, 2.576437)
(0.2254068, 1.674656, 2.578184)
(0.224834, 1.680767, 2.580142)
(0.2250605, 1.687873, 2.584638)
(0.2249547, 1.688568, 2.587161)
(0.2242318, 1.687297, 2.588702)
(0.224012, 1.686151, 2.588432)
(0.2228806, 1.685366, 2.587137)
(0.2237651, 1.687421, 2.586143)
(0.2247061, 1.689803, 2.585923)
(0.2231558, 1.690217, 2.586055)
(0.2225352, 1.692319, 2.587559)
(0.2205857, 1.691832, 2.589055)
(0.2196086, 1.689826, 2.589621)
(0.2188717, 1.68844, 2.590522)
(0.2184178, 1.687693, 2.591635)
(0.2150776, 1.688028, 2.59393)
(0.2137931, 1.689622, 2.596681)
(0.2124207, 1.688175, 2.599528)
(0.2116341, 1.686805, 2.601171)
(0.2109675, 1.686, 2.60284)
(0.2096784, 1.682047, 2.604177)
(0.2086963, 1.678482, 2.60538)
(0.2088297, 1.674675, 2.607256)
(0.2075515, 1.668241, 2.608151)
(0.2058969, 1.659802, 2.609559)
(0.2032348, 1.653979, 2.611064)
(0.1987712, 1.650992, 2.612009)
(0.1982433, 1.649847, 2.614838)
(0.1941759, 1.643724, 2.616102)
(0.1914624, 1.634561, 2.617932)
(0.1897509, 1.625398, 2.621075)
(0.1883842, 1.615703, 2.623392)
(0.1852112, 1.610154, 2.626113)
(0.1812907, 1.609318, 2.631495)
(0.1787478, 1.607737, 2.636248)
(0.1762299, 1.606982, 2.642555)
(0.1756186, 1.606345, 2.648509)
(0.1749074, 1.602999, 2.653423)
(0.1765496, 1.601663, 2.657131)
(0.1778925, 1.602644, 2.660676)
(0.1804032, 1.608871, 2.663414)
(0.1824148, 1.616105, 2.66662)
(0.1818212, 1.624568, 2.668486)
(0.1829632, 1.627438, 2.671724)
(0.1837606, 1.626789, 2.67445)
(0.1842023, 1.626292, 2.676933)
(0.1830772, 1.624599, 2.678735)
(0.1828637, 1.624526, 2.681951)
(0.182632, 1.625358, 2.684826)
(0.1825921, 1.628205, 2.688192)
(0.1825452, 1.630487, 2.691969)
(0.1823748, 1.632203, 2.695652)
(0.1815289, 1.633665, 2.69932)
(0.1800372, 1.635449, 2.70386)
(0.178652, 1.636966, 2.707561)
(0.1771557, 1.638145, 2.711625)
(0.1755561, 1.637729, 2.716388)
(0.1736508, 1.639721, 2.721042)
(0.1706694, 1.64388, 2.726704)
(0.168787, 1.648143, 2.73243)
(0.1686994, 1.651308, 2.73774)
(0.1676496, 1.654243, 2.742514)
(0.1667836, 1.656967, 2.747744)
(0.1652375, 1.659999, 2.752085)
(0.1627186, 1.661418, 2.755587)
(0.1608631, 1.663973, 2.758638)
(0.1597343, 1.669467, 2.762803)
(0.1587995, 1.676233, 2.768168)
(0.157336, 1.680878, 2.774135)
(0.1550526, 1.678406, 2.781187)
(0.1529915, 1.677882, 2.787423)
(0.1501301, 1.678109, 2.793755)
(0.1468786, 1.682663, 2.800663)
(0.1439421, 1.685143, 2.806228)
(0.1408812, 1.68977, 2.812625)
(0.1377179, 1.693016, 2.8188)
(0.133895, 1.695602, 2.825677)
(0.1299488, 1.698356, 2.834557)
(0.1247132, 1.697299, 2.84169)
(0.1175038, 1.696253, 2.851588)
(0.1089694, 1.697214, 2.867503)
(0.1041947, 1.694827, 2.875866)
(0.09798278, 1.694191, 2.885507)
(0.09443542, 1.695149, 2.900509)
(0.08972751, 1.698767, 2.912687)
(0.0822638, 1.701042, 2.9265)
(0.07725658, 1.701465, 2.941211)
(0.0748017, 1.699093, 2.957907)
(0.0707952, 1.697762, 2.971767)
(0.067389, 1.697869, 2.984428)
(0.06491832, 1.70073, 2.994468)
(0.0602088, 1.706466, 3.002712)
(0.05306321, 1.717446, 3.010429)
(0.04604509, 1.727256, 3.022488)
(0.04310696, 1.727574, 3.034314)
(0.0396895, 1.725133, 3.048173)
(0.03563586, 1.727144, 3.063007)
(0.0344136, 1.731681, 3.075245)
(0.02788201, 1.738276, 3.089317)
(0.01878783, 1.744371, 3.106293)
(0.01060385, 1.750702, 3.121254)
(6.282376, 1.759932, 3.143468)
(6.27316, 1.772773, 3.157871)
(6.257833, 1.787294, 3.171459)
(6.24807, 1.794772, 3.195376)
(6.242167, 1.802077, 3.214823)
(6.23334, 1.811638, 3.232691)
(6.223852, 1.818943, 3.251984)
(6.215199, 1.823723, 3.273021)
(6.207322, 1.829757, 3.292019)
(6.198343, 1.83666, 3.310393)
(6.194099, 1.840769, 3.328905)
(6.191719, 1.840934, 3.348547)
(6.192223, 1.838347, 3.370373)
(6.193014, 1.835902, 3.390021)
(6.192455, 1.835158, 3.409014)
(6.19241, 1.834448, 3.426604)
(6.191477, 1.835187, 3.443547)
(6.189811, 1.837137, 3.45931)
(6.186271, 1.839438, 3.472883)
(6.183727, 1.84083, 3.486076)
(6.181288, 1.841131, 3.499142)
(6.182105, 1.837719, 3.509768)
(6.180644, 1.835244, 3.52243)
(6.178683, 1.833989, 3.533567)
(6.177625, 1.832884, 3.543612)
(6.179205, 1.831259, 3.549625)
(6.178495, 1.830456, 3.556372)
(6.177772, 1.828276, 3.559318)
(6.177678, 1.825916, 3.564427)
(6.178939, 1.823625, 3.568003)
(6.181882, 1.820059, 3.566343)
(6.186181, 1.816688, 3.56531)
(6.189817, 1.813707, 3.563858)
(6.196677, 1.809932, 3.55902)
(6.199957, 1.807045, 3.558973)
(6.203243, 1.804152, 3.558917)
(6.206514, 1.801273, 3.558852)
(6.209794, 1.798387, 3.558777)
(6.221557, 1.803576, 3.49775)
(6.221695, 1.804507, 3.48423)
(6.224562, 1.80357, 3.473177)
(6.227181, 1.808189, 3.443676)
(6.228187, 1.810592, 3.424652)
(6.222725, 1.814997, 3.413353)
(6.22307, 1.81815, 3.391044)
(6.22477, 1.821419, 3.368937)
(6.236773, 1.820751, 3.34777)
(6.239819, 1.822384, 3.320194)
(6.242723, 1.82451, 3.297576)
(6.248295, 1.823725, 3.274796)
(6.253732, 1.822748, 3.25534)
(6.258945, 1.820654, 3.236828)
(6.263236, 1.820658, 3.215876)
(6.267538, 1.820571, 3.194882)
(6.271823, 1.820396, 3.173953)
(6.276116, 1.82013, 3.153027)
(6.280371, 1.819775, 3.132021)
(6.278699, 1.828059, 3.108241)
(6.27469, 1.839302, 3.08127)
(6.277032, 1.843874, 3.058322)
(6.281108, 1.846449, 3.035139)
(0.0005569495, 1.849653, 3.012437)
(0.003267503, 1.852802, 2.989705)
(0.01541402, 1.852127, 2.961092)
(0.0225356, 1.852443, 2.93483)
(0.03302014, 1.846942, 2.901942)
(0.03806933, 1.850686, 2.871894)
(0.0416788, 1.855636, 2.842749)
(0.03784639, 1.881477, 2.809675)
(0.03457035, 1.90215, 2.781516)
(0.03375949, 1.928246, 2.752419)
(0.03939634, 1.946976, 2.725286)
(0.0487619, 1.954066, 2.698803)
(0.05772588, 1.954364, 2.675662)
(0.06901601, 1.928532, 2.656438)
(0.07900088, 1.90214, 2.640021)
(0.08994368, 1.863293, 2.623795)
(0.09961878, 1.822164, 2.606762)
(0.1102676, 1.767881, 2.594682)
(0.1199533, 1.721632, 2.582788)
(0.1241625, 1.682547, 2.569382)
(0.1533165, 1.639459, 2.608735)
(0.101536, 1.775895, 2.55196)
(0.09848773, 1.815029, 2.562649)
(0.1366731, 1.888205, 2.549651)
(0.1494061, 1.890306, 2.549774)
(0.1614277, 1.868748, 2.533434)
(0.1727698, 1.843046, 2.519625)
(0.1556515, 1.815177, 2.507097)
(0.1727881, 1.782747, 2.493894)
(0.1891138, 1.780722, 2.48862)
(0.1868626, 1.779826, 2.479909)
(0.1880787, 1.777305, 2.468005)
(0.1966016, 1.778451, 2.460435)
(0.2007351, 1.781002, 2.454621)
(0.1977289, 1.800309, 2.454626)
(0.1950967, 1.829067, 2.46101)
(0.1950764, 1.838128, 2.4651)
(0.1970669, 1.828329, 2.47015)
(0.1997662, 1.808312, 2.473742)
(0.1985564, 1.795599, 2.478942)
(0.1981636, 1.789763, 2.483246)
(0.1977537, 1.784281, 2.486828)
(0.1966454, 1.776526, 2.488582)
(0.1953237, 1.776338, 2.489614)
(0.1944651, 1.779644, 2.491288)
(0.1933824, 1.791502, 2.493841)
(0.1938788, 1.797601, 2.494879)
(0.1949637, 1.797775, 2.495316)
(0.1958057, 1.794085, 2.495103)
(0.1971624, 1.790884, 2.494799)
(0.1984841, 1.786718, 2.493349)
(0.1989074, 1.784419, 2.492593)
(0.1994607, 1.781926, 2.490192)
(0.2001588, 1.779712, 2.48822)
(0.2008591, 1.777686, 2.485697)
(0.201498, 1.775307, 2.48323)
(0.2021223, 1.770439, 2.480394)
(0.2019971, 1.767982, 2.478977)
(0.2023938, 1.768573, 2.479674)
(0.2035086, 1.768951, 2.480103)
(0.2039444, 1.769847, 2.480493)
(0.2039712, 1.770026, 2.481602)
(0.2041031, 1.770043, 2.481726)
(0.2038209, 1.771882, 2.482691)
(0.2039985, 1.773165, 2.483241)
(0.2042378, 1.774649, 2.483373)
(0.2040168, 1.775063, 2.482884)
(0.2037694, 1.77503, 2.482743)
(0.2033014, 1.775328, 2.482444)
(0.2028823, 1.776092, 2.482209)
####
(0.3237252, 0.0744632, -0.6270227)
(0.3237081, 0.07444508, -0.627218)
(0.3236477, 0.07441576, -0.6272869)
(0.3235722, 0.07422765, -0.6272631)
(0.3235595, 0.07417448, -0.6273503)
(0.323735, 0.07419427, -0.6273303)
(0.3238518, 0.07434113, -0.6273522)
(0.3239145, 0.07427438, -0.6273541)
(0.3239052, 0.07425793, -0.6273239)
(0.3239353, 0.07419832, -0.6272776)
(0.3239076, 0.0741802, -0.6274264)
(0.3241222, 0.07413371, -0.6274223)
(0.3242736, 0.07427843, -0.6274621)
(0.3241739, 0.07433708, -0.6275136)
(0.3242307, 0.07434352, -0.6275299)
(0.3241458, 0.07412417, -0.6274145)
(0.3240018, 0.07415779, -0.6275287)
(0.3240335, 0.074174, -0.6274652)
(0.3240864, 0.07425649, -0.627389)
(0.3241529, 0.07417853, -0.627435)
(0.324147, 0.07419546, -0.627424)
(0.3240652, 0.07404025, -0.6273379)
(0.324019, 0.07408507, -0.6270931)
(0.3238716, 0.07402714, -0.6271601)
(0.3239231, 0.07410105, -0.6271548)
(0.3239489, 0.07407601, -0.6269984)
(0.323967, 0.07409032, -0.6269114)
(0.3240569, 0.07420094, -0.6269069)
(0.3239729, 0.07417233, -0.6270411)
(0.3239849, 0.0741709, -0.6269956)
(0.3238235, 0.07398374, -0.6268282)
(0.323741, 0.07396276, -0.6268537)
(0.3236835, 0.07393701, -0.6268387)
(0.323714, 0.07396133, -0.6268387)
(0.3235805, 0.0739475, -0.6268582)
(0.3235793, 0.07393129, -0.6268704)
(0.3235619, 0.07390387, -0.6268475)
(0.3236356, 0.07386501, -0.6266758)
(0.3236418, 0.07383211, -0.6266582)
(0.3238282, 0.07402928, -0.6267512)
(0.3238242, 0.07400854, -0.6267869)
(0.3239603, 0.07385118, -0.6268883)
(0.3239386, 0.07370766, -0.626807)
(0.3236101, 0.07391222, -0.626626)
(0.3236666, 0.07389124, -0.626591)
(0.3236668, 0.07383092, -0.6265612)
(0.3235912, 0.07379349, -0.626642)
(0.3235028, 0.07375582, -0.6266315)
(0.3236339, 0.07389577, -0.6266866)
(0.3236196, 0.07385714, -0.6267228)
(0.3237259, 0.07388218, -0.6267095)
(0.3236704, 0.07374652, -0.6266556)
(0.3238528, 0.07348926, -0.6269252)
(0.3238358, 0.07342322, -0.6269884)
(0.3240085, 0.07354076, -0.627068)
(0.3240497, 0.0734957, -0.6271033)
(0.3239636, 0.07359679, -0.6270251)
(0.3239887, 0.0735503, -0.6270058)
(0.3239233, 0.07359369, -0.626924)
(0.3239429, 0.07358129, -0.6269176)
(0.3240092, 0.07361706, -0.626935)
(0.3239765, 0.07358082, -0.6270101)
(0.3239253, 0.07370122, -0.6269057)
(0.3238583, 0.07355531, -0.6268294)
(0.3238599, 0.07345541, -0.6269333)
(0.3239458, 0.07347687, -0.6268721)
(0.3239653, 0.07349904, -0.6268585)
(0.3240077, 0.07342656, -0.6268868)
(0.323869, 0.07337268, -0.6270127)
(0.3238232, 0.07326134, -0.6269932)
(0.3236699, 0.07322629, -0.6272213)
(0.3238249, 0.07324727, -0.6271853)
(0.3237813, 0.07309754, -0.6271515)
(0.3238049, 0.07307537, -0.6271849)
(0.3237944, 0.07299645, -0.6271319)
(0.3236909, 0.07298763, -0.6271765)
(0.3238392, 0.0730613, -0.6272025)
(0.3240333, 0.07280834, -0.6273365)
(0.3241761, 0.07282002, -0.6272697)
(0.324352, 0.07282026, -0.6269741)
(0.3239901, 0.07311542, -0.626739)
(0.3239682, 0.07302912, -0.626642)
(0.3237841, 0.07298334, -0.6269975)
(0.323807, 0.07293828, -0.626971)
(0.3238182, 0.07293327, -0.6269512)
(0.3238649, 0.07288988, -0.62693)
(0.323844, 0.07283552, -0.6269584)
(0.3238552, 0.07281645, -0.6269479)
(0.3238199, 0.07275064, -0.6269195)
(0.3236239, 0.07279857, -0.6267359)
(0.3237102, 0.07306965, -0.6269047)
(0.3235188, 0.07307227, -0.6270719)
(0.323591, 0.07311614, -0.6271014)
(0.3237033, 0.07309444, -0.6267195)
(0.3237941, 0.07286103, -0.6268334)
(0.3238473, 0.07271607, -0.6270535)
(0.3239012, 0.07263453, -0.626951)
(0.3238804, 0.07255776, -0.6269813)
(0.3239691, 0.07251938, -0.626986)
(0.3240912, 0.07251699, -0.6269994)
(0.3241775, 0.0724519, -0.6269932)
(0.3241601, 0.07237895, -0.627059)
(0.3242643, 0.07243474, -0.6271322)
(0.3242309, 0.07239945, -0.6271482)
(0.3242657, 0.07237418, -0.6271625)
(0.324353, 0.0723048, -0.6271689)
(0.3246477, 0.07213672, -0.6270463)
(0.3248391, 0.07204755, -0.6270106)
(0.3249514, 0.07192548, -0.6268449)
(0.3247764, 0.07196887, -0.6267838)
(0.3247776, 0.07196839, -0.6267483)
(0.3246934, 0.0718828, -0.6266937)
(0.3246076, 0.07189544, -0.6268148)
(0.3245988, 0.0719045, -0.6269658)
(0.3244748, 0.07173212, -0.6269584)
(0.3244169, 0.07169946, -0.6270227)
(0.3243511, 0.07174094, -0.6269517)
(0.3245156, 0.07195504, -0.627033)
(0.3247497, 0.07172807, -0.6271224)
(0.3247535, 0.07165702, -0.6272099)
(0.3246665, 0.07135899, -0.6271524)
(0.3245728, 0.07135518, -0.6271219)
(0.3245826, 0.07137521, -0.6269941)
(0.3246636, 0.07155378, -0.6270392)
(0.3241913, 0.07175691, -0.6270294)
(0.3241115, 0.07180293, -0.627106)
(0.3241625, 0.07202299, -0.6272936)
(0.3240285, 0.07204564, -0.627388)
(0.3239429, 0.0720814, -0.6274347)
(0.3237963, 0.07203491, -0.6273584)
(0.3238721, 0.07194646, -0.6273012)
(0.3237505, 0.0719424, -0.6273577)
(0.3236992, 0.07201011, -0.6274102)
(0.3235474, 0.07201321, -0.627512)
(0.3234847, 0.07208212, -0.6275406)
(0.3232229, 0.07192071, -0.6274514)
(0.3229988, 0.07193239, -0.6275592)
(0.3229444, 0.07200296, -0.6275189)
(0.3229291, 0.07217915, -0.6275787)
(0.3228159, 0.07223113, -0.6275091)
(0.3227212, 0.07231505, -0.6274681)
(0.3225389, 0.0723985, -0.6274366)
(0.3221407, 0.0724531, -0.6276455)
(0.3221378, 0.07246073, -0.6274662)
(0.3214924, 0.07240088, -0.6271534)
(0.3214092, 0.07247765, -0.6268084)
(0.3210742, 0.07268055, -0.62656)
(0.3209929, 0.0729254, -0.6263595)
(0.3206296, 0.07319076, -0.6261578)
(0.3203824, 0.07350476, -0.625912)
(0.3202329, 0.0739878, -0.6257689)
(0.3200457, 0.07460339, -0.6255665)
(0.31986, 0.075188, -0.625391)
(0.3197222, 0.07606347, -0.6251569)
(0.3195796, 0.07725103, -0.6245017)
(0.3191946, 0.07876165, -0.623524)
(0.3188894, 0.08020289, -0.6223106)
(0.3184643, 0.08179338, -0.6210101)
(0.3174784, 0.08488925, -0.6215732)
(0.3164048, 0.08851106, -0.6228549)
(0.3146672, 0.09581859, -0.6255567)
(0.3134947, 0.1052268, -0.6277997)
(0.3118498, 0.11491, -0.6289217)
(0.3116436, 0.1263186, -0.6288772)
(0.3103178, 0.1410016, -0.6286581)
(0.3081145, 0.1540407, -0.627789)
(0.3064315, 0.1708324, -0.6258523)
(0.3050709, 0.1892636, -0.6239641)
(0.3029199, 0.2051658, -0.6215405)
(0.3015323, 0.2212625, -0.6185029)
(0.2995703, 0.2375477, -0.6149004)
(0.2984469, 0.2529718, -0.6100919)
(0.2964156, 0.2670119, -0.6060746)
(0.295701, 0.2808687, -0.5991385)
(0.2950563, 0.2935093, -0.5934458)
(0.294354, 0.3061362, -0.5873566)
(0.2936025, 0.3193847, -0.5808544)
(0.2922013, 0.3300283, -0.572933)
(0.2913809, 0.3390173, -0.5651491)
(0.2898543, 0.3495505, -0.5578694)
(0.2889748, 0.3587698, -0.5505214)
(0.2880878, 0.3650243, -0.5420258)
(0.2866344, 0.3730322, -0.5338147)
(0.2857585, 0.3782643, -0.5253277)
(0.2842178, 0.382679, -0.5163598)
(0.2830369, 0.3860171, -0.5065916)
(0.281945, 0.3886895, -0.497714)
(0.2807643, 0.3873726, -0.4881644)
(0.2793434, 0.3895912, -0.4789324)
(0.2782128, 0.3870522, -0.4694333)
(0.2771437, 0.3831601, -0.4594793)
(0.276099, 0.3769981, -0.4493306)
(0.2752364, 0.3736909, -0.4397225)
(0.2748909, 0.3647831, -0.4293094)
(0.2745764, 0.360531, -0.4185264)
(0.2744689, 0.3559021, -0.4086194)
(0.2743068, 0.349368, -0.3984401)
(0.2767439, 0.3446428, -0.3894489)
(0.2808638, 0.3406896, -0.3814545)
(0.2817223, 0.3341559, -0.3718743)
(0.2828729, 0.3274736, -0.3621073)
(0.2841539, 0.3211277, -0.3525138)
(0.2860644, 0.3140516, -0.3431811)
(0.2875168, 0.3072559, -0.3337185)
(0.2894449, 0.2995192, -0.323966)
(0.2915556, 0.2918739, -0.3168261)
(0.2933085, 0.2849129, -0.3082542)
(0.2949533, 0.2780078, -0.3021641)
(0.297606, 0.2708518, -0.2958884)
(0.2992933, 0.2641564, -0.2905395)
(0.3003476, 0.2575901, -0.2859249)
(0.3019052, 0.2510042, -0.2826235)
(0.3026547, 0.2451284, -0.2785163)
(0.3026009, 0.2397535, -0.2755508)
(0.3035517, 0.2357008, -0.2757168)
(0.3039458, 0.2308974, -0.2749016)
(0.3032935, 0.2256995, -0.2762833)
(0.3033752, 0.2175477, -0.2798982)
(0.3025432, 0.2102128, -0.2843654)
(0.3019114, 0.203179, -0.2881753)
(0.301158, 0.1979841, -0.2925301)
(0.3009102, 0.1917833, -0.2980382)
(0.2997696, 0.1877421, -0.3015215)
(0.2979784, 0.1840154, -0.3029373)
(0.300523, 0.183549, -0.2989171)
(0.300427, 0.1851271, -0.2968786)
(0.303139, 0.1861137, -0.2949796)
(0.3045113, 0.1870786, -0.2930934)
(0.3057449, 0.1874922, -0.2919152)
(0.3056607, 0.1875254, -0.2945299)
(0.3052614, 0.1874054, -0.2952154)
(0.30357, 0.1851788, -0.2960911)
(0.3032303, 0.1839448, -0.2963467)
(0.3034072, 0.1832674, -0.2962132)
(0.303973, 0.1833652, -0.2963152)
(0.3045502, 0.1841162, -0.2954903)
(0.3055236, 0.1841675, -0.2954433)
(0.3064871, 0.1843205, -0.2956235)
(0.3071539, 0.1845683, -0.294775)
(0.3076947, 0.1844848, -0.2947607)
(0.3083949, 0.1847371, -0.2954454)
(0.308423, 0.1850482, -0.2959828)
(0.3084445, 0.1850944, -0.2968235)
(0.30845, 0.1851402, -0.2972584)
(0.3088648, 0.185248, -0.297127)
(0.3093805, 0.1851657, -0.2970841)
(0.309973, 0.1851185, -0.2973194)
(0.3101199, 0.1852876, -0.2972331)
(0.3103826, 0.1852776, -0.2972121)
(0.3103938, 0.1853233, -0.2973211)
(0.3104391, 0.1851433, -0.2976336)
(0.3104961, 0.1850255, -0.2975364)
(0.3105571, 0.1850263, -0.2973657)
(0.310504, 0.1851121, -0.2971358)
(0.3104961, 0.1850894, -0.2971361)
(0.3106771, 0.1850041, -0.2976227)
(0.3109465, 0.1851963, -0.2978456)
(0.3113945, 0.1853658, -0.2979603)
(0.3116245, 0.1856016, -0.2977145)
(0.3115413, 0.1858993, -0.2974954)
(0.3116422, 0.186, -0.2974639)
(0.3116217, 0.186055, -0.2973838)
(0.3113883, 0.1860407, -0.2975192)
(0.3111026, 0.1858767, -0.297708)
(0.3109856, 0.1858152, -0.2977974)
(0.3109052, 0.1858996, -0.2977707)
(0.3107345, 0.185974, -0.2976718)
(0.3105454, 0.1859306, -0.2973583)
(0.3104692, 0.1858712, -0.2971601)
(0.3101661, 0.1857296, -0.2969069)
(0.3099418, 0.1855651, -0.2966466)
(0.3098128, 0.1858548, -0.2964656)
(0.30971, 0.1860193, -0.2962339)
(0.3095737, 0.1859942, -0.2959099)
(0.3094258, 0.1859685, -0.2957406)
(0.3091371, 0.1859072, -0.295599)
(0.308866, 0.185835, -0.2953069)
(0.3083529, 0.1857825, -0.2953801)
(0.3078136, 0.1856295, -0.2949126)
(0.3070142, 0.1852888, -0.294313)
(0.3063912, 0.1850816, -0.2938309)
(0.3060038, 0.1849843, -0.2934101)
(0.3061008, 0.1851417, -0.2931294)
(0.3062863, 0.1854235, -0.2929745)
(0.3061523, 0.1854483, -0.2923656)
(0.3058834, 0.1853536, -0.2917323)
(0.3052821, 0.1854256, -0.2910728)
(0.3049018, 0.1853085, -0.2905612)
(0.3045955, 0.1852916, -0.2900319)
(0.3045032, 0.1855575, -0.2893424)
(0.3041642, 0.1856767, -0.2889388)
(0.3039193, 0.1857952, -0.2884548)
(0.3037815, 0.1858719, -0.2876832)
(0.3037372, 0.1859284, -0.2870159)
(0.3034523, 0.1855067, -0.2864726)
(0.3035011, 0.1854473, -0.2864392)
(0.30356, 0.185391, -0.2865825)
(0.303777, 0.1852883, -0.2866542)
(0.3037868, 0.1852888, -0.286581)
(0.3037944, 0.1851667, -0.2863903)
(0.3037713, 0.1850735, -0.2861531)
(0.3039985, 0.1850341, -0.2855625)
(0.3040626, 0.1848761, -0.2852879)
(0.3040395, 0.1848157, -0.2849612)
(0.3041353, 0.1847781, -0.2845881)
(0.3043706, 0.1845914, -0.2844114)
(0.3044605, 0.1846052, -0.2840846)
(0.3043013, 0.1846136, -0.2841878)
(0.30424, 0.1846276, -0.2838857)
(0.304121, 0.1846345, -0.2835538)
(0.3039327, 0.1846903, -0.2832675)
(0.3037922, 0.1847788, -0.282851)
(0.3036656, 0.184939, -0.2824218)
(0.3034122, 0.1850465, -0.2821014)
(0.3031251, 0.1851517, -0.2816658)
(0.3031411, 0.1851357, -0.2813165)
(0.3032351, 0.1851505, -0.2808349)
(0.3031814, 0.1851948, -0.2804918)
(0.3030577, 0.1853083, -0.2800806)
(0.3028574, 0.1855341, -0.2797706)
(0.3027022, 0.1856774, -0.2794986)
(0.3024724, 0.1857074, -0.2794886)
(0.3024402, 0.1856707, -0.2792721)
(0.3026044, 0.1854082, -0.2791615)
(0.3025641, 0.1853884, -0.2787149)
(0.3025455, 0.1856087, -0.2778411)
(0.3023965, 0.1857372, -0.27724)
(0.3022256, 0.1860548, -0.2766602)
(0.3021147, 0.1864313, -0.2761126)
(0.3016047, 0.1867865, -0.2755935)
(0.3013413, 0.1870168, -0.2752423)
(0.3011682, 0.1872614, -0.2746518)
(0.3007514, 0.1874565, -0.2740943)
(0.3006637, 0.1876176, -0.2735171)
(0.2997916, 0.1882623, -0.2723725)
(0.2983317, 0.1890155, -0.2709081)
(0.2979591, 0.1900357, -0.2695417)
(0.2976401, 0.1910921, -0.2682631)
(0.2970409, 0.1921688, -0.2667525)
(0.2966726, 0.194131, -0.2646985)
(0.2971387, 0.19673, -0.2626405)
(0.2977242, 0.1996673, -0.2600093)
(0.2979398, 0.2025059, -0.2572024)
(0.2979617, 0.2063049, -0.2532492)
(0.2979984, 0.2094041, -0.2500691)
(0.2980108, 0.2129427, -0.2467756)
(0.2978458, 0.2167223, -0.2434089)
(0.2985139, 0.2201096, -0.2406821)
(0.2986555, 0.2240945, -0.2375383)
(0.2987354, 0.2285239, -0.233902)
(0.2989802, 0.2327974, -0.2307737)
(0.2991364, 0.2373513, -0.2276032)
(0.2984755, 0.2416717, -0.2239122)
(0.2975619, 0.2461884, -0.2205694)
(0.2965682, 0.251431, -0.2173462)
(0.2953062, 0.2573994, -0.213546)
(0.2940745, 0.2625189, -0.2109261)
(0.2922993, 0.2702499, -0.209898)
(0.2908199, 0.2766249, -0.2068903)
(0.2888451, 0.2834238, -0.2045979)
(0.2869329, 0.2918401, -0.2024825)
(0.2846565, 0.298978, -0.1994221)
(0.2822182, 0.306631, -0.1969604)
(0.2805126, 0.3145881, -0.1946735)
(0.2780297, 0.3218359, -0.1912365)
(0.2757936, 0.3298456, -0.1886954)
(0.2740664, 0.337952, -0.186384)
(0.2717216, 0.3455781, -0.183404)
(0.2699788, 0.3540473, -0.180516)
(0.2684815, 0.3633262, -0.1774149)
(0.2664528, 0.370986, -0.174336)
(0.264818, 0.3792068, -0.1712253)
(0.2636535, 0.387151, -0.1683011)
(0.2619824, 0.3944904, -0.165174)
(0.2603545, 0.4021111, -0.1619406)
(0.259268, 0.4097122, -0.1589816)
(0.2587814, 0.417954, -0.1564586)
(0.2575128, 0.4250859, -0.1530623)
(0.2567809, 0.4321223, -0.1494148)
(0.2567668, 0.4406625, -0.146095)
(0.2555516, 0.4470199, -0.14235)
(0.2548161, 0.4534661, -0.1388593)
(0.2543497, 0.4590071, -0.1350787)
(0.253454, 0.4645028, -0.131119)
(0.253114, 0.4693786, -0.1268404)
(0.2526278, 0.4744208, -0.1227005)
(0.2523603, 0.4783316, -0.1184642)
(0.2523782, 0.4812608, -0.1139331)
(0.2525482, 0.4846815, -0.1091206)
(0.2523856, 0.4869209, -0.1045485)
(0.2526586, 0.4881982, -0.09997559)
(0.2526138, 0.4913814, -0.09564519)
(0.2525687, 0.494571, -0.09130526)
(0.2525244, 0.4977455, -0.08698559)
(0.2524803, 0.5009285, -0.08265376)
(0.2535934, 0.4878987, -0.07752275)
(0.2531674, 0.486168, -0.07247281)
(0.2532449, 0.485875, -0.06745148)
(0.2534792, 0.4826003, -0.06242681)
(0.2535868, 0.4808672, -0.05762506)
(0.2569013, 0.4772773, -0.05108023)
(0.2572303, 0.4743791, -0.04605126)
(0.2576013, 0.4715728, -0.04106331)
(0.2575855, 0.4689228, -0.03764701)
(0.2576785, 0.4655858, -0.0321064)
(0.258462, 0.46226, -0.02842116)
(0.2590723, 0.4584449, -0.02352214)
(0.2607009, 0.4552165, -0.01931715)
(0.2619727, 0.4517457, -0.01686668)
(0.2624903, 0.4484132, -0.01254606)
(0.2630095, 0.4450673, -0.008213282)
(0.2635274, 0.4417251, -0.003890753)
(0.2640462, 0.4383749, 0.0004372597)
(0.2645655, 0.4350149, 0.004773855)
(0.264209, 0.4273276, 0.005058765)
(0.2642324, 0.4223422, 0.008506775)
(0.2667992, 0.4184501, 0.009160042)
(0.2671795, 0.413716, 0.01236558)
(0.2675383, 0.4093133, 0.01577115)
(0.2678974, 0.4048977, 0.01918864)
(0.2684042, 0.3991756, 0.02280092)
(0.2688079, 0.3942211, 0.02632356)
(0.2699606, 0.3886476, 0.02782393)
(0.2692189, 0.3820536, 0.02752972)
(0.2687066, 0.3767874, 0.03007221)
(0.2688091, 0.3717002, 0.03289318)
(0.2690074, 0.3656613, 0.03292799)
(0.2693675, 0.361193, 0.03425384)
(0.2697501, 0.3567526, 0.03652143)
(0.2727625, 0.3534193, 0.03575349)
(0.2747486, 0.349773, 0.03700495)
(0.2832646, 0.351156, 0.03274393)
(0.2851102, 0.347437, 0.03349018)
(0.2879148, 0.3424533, 0.0328331)
(0.2896192, 0.3367601, 0.03256011)
(0.2912221, 0.3322349, 0.03108692)
(0.2929754, 0.3274625, 0.02915096)
(0.2939627, 0.3228713, 0.02554274)
(0.2902977, 0.3195828, 0.0170877)
(0.294507, 0.3171387, 0.0115025)
(0.2895222, 0.313521, 0.005326271)
(0.2911053, 0.3114529, 0.005290747)
(0.2870536, 0.3086553, 0.004505157)
(0.2854223, 0.3059345, 0.00423646)
(0.2862947, 0.3063226, 0.004912138)
(0.2904172, 0.3077477, 0.00438261)
(0.2934179, 0.3099735, 0.004077196)
(0.2955315, 0.3118854, 0.00276804)
(0.2962723, 0.3122938, 0.0008084774)
(0.2964773, 0.3117233, -0.0006322861)
(0.2961037, 0.3102344, -0.001407385)
(0.2960873, 0.309567, -0.002389908)
(0.2954395, 0.3092204, -0.003705978)
(0.2950501, 0.3093358, -0.004513502)
(0.2950249, 0.3092282, -0.004059792)
(0.2953825, 0.3087974, -0.002783298)
(0.296241, 0.3090084, -0.001716375)
(0.2964985, 0.3090525, -0.0006606579)
(0.296622, 0.309095, 0.0001029968)
(0.2968826, 0.3093343, 0.0007212162)
(0.2967529, 0.3097311, 0.0007219315)
(0.2967122, 0.3098877, 0.0006353855)
(0.296628, 0.3098727, 0.0005965233)
(0.2963748, 0.3100112, 0.0003478527)
(0.2964466, 0.3100086, 0.0001788139)
(0.296478, 0.3097566, 0.0002930164)
(0.2967379, 0.3097456, 0.0005586147)
(0.2969859, 0.3096746, 0.0006160736)
(0.2970421, 0.3093951, 0.0007164478)
(0.2970853, 0.3095134, 0.000972271)
(0.2970364, 0.3093725, 0.0007429123)
(0.2969398, 0.3090404, 0.0007658005)
(0.296735, 0.3090735, 0.0006551743)
(0.296659, 0.3089936, 0.0004439354)
(0.2966526, 0.3090747, 0.0003249645)
(0.2971194, 0.3088694, 0.0001959801)
(0.2971818, 0.308867, 0.0002477169)
(0.2972155, 0.3086336, 0.0003886223)
(0.2972701, 0.3086978, 0.000556469)
(0.2972255, 0.308687, 0.000620842)
(0.2975028, 0.308883, 0.0006220341)
(0.2973499, 0.3089676, 0.0008113384)
(0.2972746, 0.308908, 0.000783205)
(0.2972357, 0.3089059, 0.0007770061)
(0.2971997, 0.3087817, 0.0006067753)
(0.2971535, 0.3087671, 0.0006406307)
(0.2971337, 0.3087688, 0.000677824)
(0.2971456, 0.3086966, 0.0005803108)
####
0.1012382
0.1012382
0.1012382
0.1012382
0.1012382
0.1012382
0.1012382
0.1012382
0.1012382
0.1012382
0.1012382
0.1012382
0.1012382
0.1012382
0.1012382
0.1012382
0.1012382
0.1012382
0.1012382
0.1012382
0.1012382
0.1012382
0.1012382
0.1012382
0.1012382
0.1012382
0.1012382
0.1012382
0.1012382
0.1012382
0.1012382
0.1012382
0.1012382
0.1012382
0.1012382
0.1012382
0.1012382
0.1012382
0.1012382
0.1012382
0.1012382
0.1012382
0.1012382
0.1012382
0.1012382
0.1012382
0.1012382
0.1012382
0.1012382
0.1012382
0.1012382
0.1012382
0.1012382
0.1012382
0.1012382
0.1012382
0.1012382
0.1012382
0.1012382
0.1012382
0.1012382
0.1012382
0.1012382
0.1012382
0.1012382
0.1012382
0.1012382
0.1012382
0.1012382
0.1012382
0.1012382
0.1012382
0.1012382
0.1012382
0.1012382
0.1012382
0.1012382
0.1012382
0.1012382
0.1012382
0.1012382
0.1012382
0.1012382
0.1012382
0.1012382
0.1012382
0.1012382
0.1012382
0.1012382
0.1012382
0.1012382
0.1012382
0.1012382
0.1012382
0.1012382
0.1012382
0.1012382
0.1012382
0.1012382
0.1012382
0.1012382
0.1012382
0.1012382
0.1012382
0.1012382
0.1012382
0.1012382
0.1012382
0.1012382
0.1012382
0.1012382
0.1012382
0.1012382
0.1012382
0.1012382
0.1012382
0.1012382
0.1012382
0.1012382
0.1012382
0.1012382
0.1012382
0.1012382
0.1012382
0.1012382
0.1012382
0.1012382
0.1012382
0.1012382
0.1012382
0.1012382
0.1012382
0.1012382
0.1012382
0.1012382
0.1012382
0.1012382
0.1012382
0.1012382
0.1012382
0.1012382
0.1012382
0.1012382
0.1012382
0.1012382
0.1012382
0.1012382
0.1012382
0.1012382
0.1012382
0.1012382
0.1012382
0.1012382
0.1012382
0.1012382
0.1012382
0.1012382
0.1012382
0.1012382
0.1012382
0.1012382
0.1012382
0.1012382
0.1012382
0.1012382
0.1012382
0.1012382
0.1012382
0.1012382
0.1012382
0.1012382
0.1012382
0.1012382
0.1012382
0.1012382
0.1012382
0.1012382
0.1012382
0.1012382
0.1012382
0.1012382
0.1012382
0.1012382
0.1012382
0.1012382
0.1012382
0.1012382
0.1012382
0.1012382
0.1012382
0.1012382
0.1012382
0.1012382
0.1012382
0.1012382
0.1012382
0.1012382
0.1012382
0.1012382
0.1012382
0.1012382
0.1012382
0.1012382
0.1012382
0.1012382
0.1012382
0.1012382
0.1012382
0.1012382
0.1012382
0.1012382
0.1012382
0.1012382
0.1012382
0.1012382
0.1012382
0.1012382
0.1012382
0.1012382
0.1012382
0.1012382
0.1012382
0.1012382
0.1012382
0.1012382
0.1012382
0.1012382
0.1012382
0.1012382
0.1012382
0.1012382
0.1012382
0.1012382
0.1012382
0.1012382
0.1012382
0.1012382
0.1012382
0.1012382
0.1012382
0.1012382
0.1012382
0.1012382
0.1012382
0.1012382
0.1012382
0.1012382
0.1012382
0.1012382
0.1012382
0.1012382
0.1012382
0.1012382
0.1012382
0.1012382
0.1012382
0.1012382
0.1012382
0.1012382
0.1012382
0.1012382
0.1012382
0.1012382
0.1012382
0.1012382
0.1012382
0.1012382
0.1012382
0.1012382
0.1012382
0.1012382
0.1012382
0.1012382
0.1012382
0.1012382
0.1012382
0.1012382
0.1012382
0.1012382
0.1012382
0.1012382
0.1012382
0.1012382
0.1012382
0.1012382
0.1012382
0.1012382
0.1012382
0.1012382
0.1012382
0.1012382
0.1012382
0.1012382
0.1012382
0.1012382
0.1012382
0.1012382
0.1012382
0.1012382
0.1012382
0.1012382
0.1012382
0.1012382
0.1012382
0.1012382
0.1012382
0.1012382
0.1012382
0.1012382
0.1012382
0.1012382
0.1012382
0.1012382
0.1012382
0.1012382
0.1012382
0.1012382
0.1012382
0.1012382
0.1012382
0.1012382
0.1012382
0.1012382
0.1012382
0.1012382
0.1012382
0.1012382
0.1012382
0.1012382
0.1012382
0.1012382
0.1012382
0.1012382
0.1012382
0.1012382
0.1012382
0.1012382
0.1012382
0.1012382
0.1012382
0.1012382
0.1012382
0.1012382
0.1012382
0.1012382
0.1012382
0.1012382
0.1012382
0.1012382
0.1012382
0.1012382
0.1012382
0.1012382
0.1012382
0.1012382
0.1012382
0.1012382
0.1012382
0.1012382
0.1012382
0.1012382
0.1012382
0.1012382
0.1012382
0.1012382
0.1012382
0.1012382
0.1012382
0.1012382
0.1012382
0.1012382
0.1012382
0.1012382
0.1012382
0.1012382
0.1012382
0.1012382
0.1012382
0.1012382
0.1012382
0.1012382
0.1012382
0.1012382
0.1012382
0.1012382
0.1012382
0.1012382
0.1012382
0.1012382
0.1012382
0.1012382
0.1012382
0.1012382
0.1012382
0.1012382
0.1012382
0.1012382
0.1012382
0.1012382
0.1012382
0.1012382
0.1012382
0.1012382
0.1012382
0.1012382
0.1012382
0.1012382
0.1012382
0.1012382
0.1012382
0.1012382
0.1012382
0.1012382
0.1012382
0.1012382
0.1012382
0.1012382
0.1012382
0.1012382
0.1012382
0.1012382
0.1012382
0.1012382
0.1012382
0.1012382
0.1012382
0.1012382
0.1012382
0.1012382
0.1012382
0.1012382
0.1012382
0.1012382
0.1012382
0.1012382
0.1012382
0.1012382
0.1012382
0.1012382
0.1012382
0.1012382
0.1012382
0.1012382
0.1012382
0.1012382
0.1012382
0.1012382
0.1012382
0.1012382
0.1012382
0.1012382
0.1012382
0.1012382
0.1012382
0.1012382
0.1012382
0.1012382
0.1012382
0.1012382
0.1012382
0.1012382
0.1012382
0.1012382
0.1012382
0.1012382
0.1012382
0.1012382
0.1012382
0.1012382
0.1012382
0.1012382
0.1012382
0.1012382
0.1012382
0.1012382
0.1012382
0.1012382
0.1012382
0.1012382
0.1012382
0.1012382
0.1012382
0.1012382
0.1012382
0.1012382
0.1012382
0.1012382
0.1012382
