0.0267725
0.04311085
0.06084919
0.08288336
0.1232953
0.1425354
0.1613772
0.1805792
0.2008322
0.2228363
0.245717
0.2673249
0.2883223
0.3092322
0.3297417
0.3488941
0.3667651
0.3848587
0.3982137
0.4230177
0.4304551
0.4355168
0.4415351
0.4422069
0.4410089
0.4398216
0.4495229
0.4460208
0.4398597
0.4279252
0.4142295
0.4017563
0.3842914
0.3340468
0.3340468
0.3164575
0.2978615
0.2770125
0.2545891
0.2319874
0.2076536
0.184335
0.1618712
0.1409726
0.1230292
0.1050591
0.07356668
0.06141233
0.04745007
0.03579044
0.02650142
0.01572227
0.006891012
