(-0.5398059, 0.601071, -1.747429)
(-0.5397823, 0.6011368, -1.747455)
(-0.5397778, 0.6011554, -1.747501)
(-0.5399389, 0.6011418, -1.747541)
(-0.5399666, 0.6010547, -1.747508)
(-0.5399742, 0.6010518, -1.747558)
(-0.5400143, 0.6010551, -1.747557)
(-0.5400364, 0.6010298, -1.747559)
(-0.5400786, 0.601056, -1.747519)
(-0.539916, 0.6010624, -1.747491)
(-0.5398855, 0.6011688, -1.747526)
(-0.5398676, 0.6011729, -1.747416)
(-0.5397043, 0.601161, -1.747364)
(-0.5396552, 0.6012555, -1.747404)
(-0.5396438, 0.6012614, -1.747443)
(-0.539597, 0.6012689, -1.747433)
(-0.5396104, 0.6011826, -1.747387)
(-0.5395982, 0.6011788, -1.747366)
(-0.5397618, 0.601185, -1.747386)
(-0.5397022, 0.601272, -1.747418)
(-0.5397048, 0.6012772, -1.747513)
(-0.5397253, 0.6013196, -1.747497)
(-0.53969, 0.6013641, -1.747501)
(-0.5396881, 0.6013802, -1.747493)
(-0.5397773, 0.6013389, -1.747625)
(-0.5398049, 0.6013056, -1.747616)
(-0.5398026, 0.6013273, -1.747532)
(-0.5397432, 0.6013453, -1.74752)
(-0.5397348, 0.6013354, -1.747492)
(-0.5397274, 0.6013628, -1.747522)
(-0.539649, 0.6013722, -1.747495)
(-0.5396514, 0.6012936, -1.747459)
(-0.5396729, 0.6012994, -1.747541)
(-0.5395007, 0.6013203, -1.747464)
(-0.5395026, 0.6012981, -1.747459)
(-0.5394442, 0.6012528, -1.747521)
(-0.5395393, 0.601261, -1.747563)
(-0.5395894, 0.6010885, -1.747493)
(-0.5395427, 0.601094, -1.747439)
(-0.5397038, 0.6011232, -1.747435)
(-0.5397322, 0.6010615, -1.747391)
(-0.5397143, 0.6010689, -1.747318)
(-0.5398116, 0.6010631, -1.747357)
(-0.5397565, 0.6011969, -1.747401)
(-0.539772, 0.6012011, -1.747478)
(-0.5395999, 0.6011999, -1.747422)
(-0.5396724, 0.6010327, -1.747345)
(-0.5396562, 0.601041, -1.74742)
(-0.5396867, 0.6009787, -1.747482)
(-0.5396848, 0.6010102, -1.747505)
(-0.5396557, 0.6010069, -1.747405)
(-0.5398831, 0.6010244, -1.747455)
(-0.5398817, 0.6010437, -1.747455)
(-0.5398567, 0.6010424, -1.747324)
(-0.539974, 0.6010383, -1.747334)
(-0.5399556, 0.6010841, -1.74735)
(-0.5399919, 0.6010786, -1.747481)
(-0.5397141, 0.6010666, -1.747418)
(-0.5396547, 0.6012211, -1.747481)
(-0.5396328, 0.6012245, -1.747563)
(-0.5396039, 0.6012464, -1.747543)
(-0.5396459, 0.6011864, -1.747523)
(-0.5396357, 0.6012259, -1.74747)
(-0.5394912, 0.6012313, -1.74742)
(-0.5395246, 0.6011165, -1.747384)
(-0.5395141, 0.6011126, -1.74743)
(-0.5397248, 0.6011492, -1.747451)
(-0.5397186, 0.6011794, -1.747459)
(-0.5396957, 0.601191, -1.747401)
(-0.5396352, 0.6011977, -1.74736)
(-0.5396557, 0.6011362, -1.747327)
(-0.5395966, 0.6010461, -1.74744)
(-0.5395284, 0.6010364, -1.747423)
(-0.5394647, 0.6011167, -1.747467)
(-0.5394645, 0.6011101, -1.747527)
(-0.5394292, 0.6011446, -1.747469)
(-0.5394363, 0.6010901, -1.747443)
(-0.5394154, 0.6010913, -1.747417)
(-0.5395241, 0.6011376, -1.74739)
(-0.5395229, 0.6011418, -1.747398)
(-0.5395067, 0.6011266, -1.747393)
(-0.5394876, 0.601109, -1.747371)
(-0.5394683, 0.6011143, -1.747373)
(-0.5394464, 0.6011202, -1.747416)
(-0.5394945, 0.6011673, -1.747375)
(-0.5395148, 0.6011587, -1.74735)
(-0.5394959, 0.6011558, -1.747443)
(-0.5395398, 0.6011559, -1.74745)
(-0.5395401, 0.6011556, -1.747457)
(-0.5394983, 0.6011584, -1.747415)
(-0.5396476, 0.6011629, -1.747454)
(-0.5396318, 0.6012203, -1.747484)
(-0.5396237, 0.6012294, -1.747494)
(-0.5396132, 0.6012292, -1.747506)
(-0.5396447, 0.6011351, -1.747469)
(-0.5396364, 0.6011409, -1.747391)
(-0.5396013, 0.6010334, -1.747529)
(-0.5396101, 0.600987, -1.747512)
(-0.5396199, 0.6009992, -1.747509)
(-0.5398989, 0.6009767, -1.747559)
(-0.5398524, 0.6010847, -1.747627)
(-0.5398817, 0.6010767, -1.747606)
(-0.539753, 0.601088, -1.747539)
(-0.5397599, 0.6011039, -1.747552)
(-0.5397706, 0.6011131, -1.747578)
(-0.5398431, 0.6010984, -1.747651)
(-0.5398469, 0.6011143, -1.74766)
(-0.5398483, 0.6010805, -1.747703)
(-0.5397902, 0.6010547, -1.747681)
(-0.5398121, 0.6009998, -1.747688)
(-0.5398231, 0.6009859, -1.74778)
(-0.5397859, 0.6009746, -1.747731)
(-0.5398407, 0.6008725, -1.747732)
(-0.539845, 0.6008526, -1.747714)
(-0.5399318, 0.6008977, -1.747671)
(-0.5399227, 0.600952, -1.747727)
(-0.5399435, 0.6009579, -1.747599)
(-0.5398397, 0.6009429, -1.747556)
(-0.5398455, 0.6009333, -1.74756)
(-0.5398493, 0.6009228, -1.747619)
(-0.539762, 0.6009092, -1.747597)
(-0.5397215, 0.6009798, -1.747636)
(-0.5397184, 0.6009645, -1.747675)
(-0.5396461, 0.6009625, -1.747666)
(-0.5396695, 0.6009035, -1.747638)
(-0.5396707, 0.6009007, -1.747623)
(-0.5397408, 0.600881, -1.747626)
(-0.5397575, 0.600822, -1.747625)
(-0.5397384, 0.6008137, -1.747534)
(-0.53968, 0.6008846, -1.747396)
(-0.5396118, 0.6010717, -1.747471)
(-0.5396271, 0.6010662, -1.747548)
(-0.5396178, 0.6010529, -1.747554)
(-0.5395994, 0.6010664, -1.74755)
(-0.5395603, 0.60107, -1.747481)
(-0.539578, 0.6010622, -1.747475)
(-0.5395122, 0.6011385, -1.747486)
(-0.5394812, 0.6011416, -1.747408)
(-0.5397518, 0.6011733, -1.747452)
(-0.539794, 0.601094, -1.747408)
(-0.5397854, 0.6011015, -1.747422)
(-0.5396104, 0.6010582, -1.747454)
(-0.5396144, 0.6009859, -1.74741)
(-0.5396616, 0.6010429, -1.747433)
(-0.5395532, 0.6010507, -1.74741)
(-0.5395136, 0.6011354, -1.747422)
(-0.5395074, 0.6011546, -1.747504)
(-0.5396147, 0.6011496, -1.747529)
(-0.5396495, 0.6010627, -1.747491)
(-0.5396457, 0.6010853, -1.747575)
(-0.5398331, 0.6011467, -1.747569)
(-0.5398386, 0.6011307, -1.747561)
(-0.5397742, 0.6010379, -1.747649)
(-0.5396624, 0.601032, -1.747619)
(-0.5396149, 0.6011171, -1.747666)
(-0.5396099, 0.601122, -1.747671)
(-0.5396309, 0.6010574, -1.747755)
(-0.5396957, 0.6008887, -1.747698)
(-0.5396981, 0.6008906, -1.747612)
(-0.5396352, 0.6009694, -1.747488)
(-0.5396147, 0.6010426, -1.747525)
(-0.5396142, 0.6010518, -1.747584)
(-0.539588, 0.6010511, -1.747573)
(-0.5396204, 0.6009581, -1.747544)
(-0.5396223, 0.6009572, -1.747431)
(-0.539506, 0.6008714, -1.74751)
(-0.5394604, 0.6009711, -1.747559)
(-0.5394235, 0.6009724, -1.747503)
(-0.5395036, 0.6010118, -1.747468)
(-0.5394974, 0.6010102, -1.747468)
(-0.5395546, 0.6010742, -1.747476)
(-0.5396132, 0.6010783, -1.747484)
(-0.5396414, 0.6010445, -1.747472)
(-0.5396378, 0.6010371, -1.747566)
(-0.539731, 0.6010177, -1.747609)
(-0.5397086, 0.6011328, -1.747656)
(-0.539691, 0.6011577, -1.747577)
(-0.5397589, 0.601133, -1.747617)
(-0.5398011, 0.6010389, -1.7476)
(-0.5398548, 0.6011066, -1.747461)
(-0.5398431, 0.6011072, -1.747465)
(-0.5398383, 0.6012014, -1.747488)
(-0.5398538, 0.6012081, -1.747547)
(-0.5399399, 0.6011416, -1.747649)
(-0.539947, 0.6011252, -1.747639)
(-0.5399837, 0.6011301, -1.747679)
(-0.5397658, 0.6011798, -1.74757)
(-0.5397887, 0.601113, -1.747542)
(-0.5397344, 0.6010453, -1.747629)
(-0.5398455, 0.6010495, -1.747659)
(-0.5399096, 0.6008704, -1.747581)
(-0.539927, 0.6008539, -1.747666)
(-0.5399144, 0.6008596, -1.747654)
(-0.5399122, 0.6009172, -1.747699)
(-0.539901, 0.6009123, -1.747608)
(-0.5398808, 0.6008859, -1.747611)
(-0.5398302, 0.6010044, -1.747672)
(-0.5398791, 0.6010466, -1.74755)
(-0.5396938, 0.6010517, -1.747518)
(-0.5396924, 0.6010303, -1.747498)
(-0.5397058, 0.6010215, -1.747542)
(-0.5395558, 0.6009964, -1.747518)
(-0.5395265, 0.6010224, -1.747526)
(-0.5395274, 0.601024, -1.74745)
(-0.5398173, 0.601058, -1.747472)
(-0.5397744, 0.6011436, -1.747513)
(-0.539783, 0.6011618, -1.747465)
(-0.5397382, 0.6011693, -1.74745)
(-0.5397077, 0.6012645, -1.747485)
(-0.5396872, 0.6012775, -1.747475)
(-0.539547, 0.6012793, -1.74745)
(-0.5395827, 0.6012161, -1.747418)
(-0.5395813, 0.601226, -1.747502)
(-0.5397081, 0.6012439, -1.747498)
(-0.5397577, 0.6011131, -1.747451)
(-0.5397205, 0.6010364, -1.747471)
(-0.5398779, 0.6010388, -1.7475)
(-0.5398808, 0.6010331, -1.747493)
(-0.539876, 0.6010288, -1.747481)
(-0.5397408, 0.6010497, -1.747442)
(-0.5397139, 0.6011513, -1.747486)
(-0.5396857, 0.6011517, -1.747469)
(-0.5397849, 0.6011388, -1.747497)
(-0.5397553, 0.6011605, -1.747501)
(-0.5397875, 0.6011565, -1.747456)
(-0.5399747, 0.6011753, -1.747509)
(-0.5399461, 0.6012512, -1.747548)
(-0.5399666, 0.60127, -1.747563)
(-0.5397029, 0.601262, -1.74751)
(-0.5397243, 0.6012355, -1.747493)
(-0.5397112, 0.6012481, -1.747502)
(-0.5397227, 0.6012423, -1.747499)
(-0.5397005, 0.6012822, -1.747518)
(-0.5396791, 0.6012812, -1.747657)
(-0.5396447, 0.6012921, -1.747652)
(-0.5396121, 0.6013194, -1.747669)
(-0.5396137, 0.6013374, -1.747705)
(-0.5396762, 0.6013547, -1.747729)
(-0.5397367, 0.601226, -1.74767)
(-0.5397224, 0.6012343, -1.747557)
(-0.5396409, 0.6012465, -1.747521)
(-0.539613, 0.6013206, -1.747555)
(-0.5395787, 0.6013081, -1.747596)
(-0.539619, 0.601324, -1.747617)
(-0.5396147, 0.6012707, -1.747573)
(-0.5396209, 0.6012807, -1.747655)
(-0.5395613, 0.6013134, -1.747636)
(-0.5395625, 0.6013117, -1.74763)
(-0.5395446, 0.6013216, -1.747598)
(-0.5394628, 0.6013439, -1.747573)
(-0.5394506, 0.6013824, -1.747578)
(-0.5394049, 0.6013682, -1.747649)
(-0.5394039, 0.6013738, -1.747634)
(-0.5394192, 0.6012735, -1.747591)
(-0.5393896, 0.6012763, -1.747479)
(-0.5395136, 0.601262, -1.747546)
(-0.5395463, 0.6012038, -1.747535)
(-0.5395365, 0.6012008, -1.747456)
(-0.5397329, 0.6012729, -1.747443)
(-0.5397401, 0.6012921, -1.747424)
