(-128.6125, -0.05357265, 4.189157)
(-128.5709, 0.6959915, 4.018867)
(-128.3422, 1.414657, 3.805566)
(-127.9649, 2.687716, 3.622103)
(-127.2185, 5.668211, 3.702402)
(-126.6005, 7.651591, 4.064584)
(-126.2527, 9.25684, 4.311204)
(-126.1773, 10.63809, 4.30733)
(-125.9799, 12.28011, 4.489422)
(-125.8746, 13.82623, 4.842043)
(-126.1851, 15.64887, 5.453897)
(-126.6649, 17.41626, 6.099033)
(-128.0794, 19.3642, 7.011843)
(-129.0328, 21.06162, 7.776165)
(-130.3745, 22.37483, 8.538103)
(-131.7254, 23.4892, 9.05838)
(-134.3053, 25.64085, 10.20625)
(-134.3053, 25.64085, 10.20625)
(-137.0378, 27.085, 11.00078)
(-139.0185, 27.87506, 11.37351)
(-140.4863, 28.11365, 11.64446)
(-140.4863, 28.11365, 11.64446)
(-141.9925, 28.76108, 12.07469)
(-143.8224, 29.02461, 12.29596)
(-145.757, 29.15754, 12.60149)
(-147.6373, 29.40984, 12.8813)
(-149.7136, 29.66409, 13.1109)
(-151.7323, 29.64338, 13.28018)
(-153.7098, 29.55008, 13.3332)
(-155.7418, 29.62666, 13.33418)
(-157.8173, 29.46128, 13.21667)
(-159.8273, 29.42493, 13.15749)
(-161.8277, 29.4565, 13.10636)
(-163.748, 29.42886, 13.17574)
(-165.8818, 29.08772, 13.13661)
(-167.6949, 28.81635, 13.13422)
(-169.4593, 28.5823, 13.10903)
(-171.2488, 28.13491, 13.01181)
(-172.759, 27.81922, 12.96363)
(-174.1304, 27.52237, 12.88723)
(-175.6054, 27.18416, 12.80403)
(-176.7279, 26.89835, 12.80608)
(-177.8341, 26.61297, 12.81809)
(-178.8276, 26.15514, 12.89101)
(-180.0914, 25.24921, 13.19972)
(-180.4596, 24.70608, 13.11275)
(-180.4596, 24.70608, 13.11275)
(-180.5852, 24.38098, 13.047)
(-180.5802, 24.07032, 12.8805)
(-180.6398, 23.64496, 12.55467)
(-180.6547, 23.51923, 12.20186)
