(-2.443745, 0.8244376, -0.09136571)
(-2.443717, 0.8244328, -0.0913731)
(-2.443711, 0.8244646, -0.09138526)
(-2.443751, 0.8244808, -0.09150471)
(-2.443707, 0.8243843, -0.09153594)
(-2.443667, 0.8244153, -0.09153475)
(-2.44354, 0.8244594, -0.09141172)
(-2.443475, 0.8243788, -0.09142651)
(-2.443607, 0.8243051, -0.0913886)
(-2.443648, 0.8243102, -0.09157814)
(-2.443591, 0.8241543, -0.09164013)
(-2.443608, 0.8241193, -0.09163179)
(-2.443625, 0.8241283, -0.09173335)
(-2.443631, 0.8241926, -0.09173788)
(-2.443623, 0.8241613, -0.0917591)
(-2.443568, 0.8241558, -0.09155859)
(-2.443501, 0.8240144, -0.09160651)
(-2.443619, 0.8239591, -0.09158625)
(-2.443624, 0.8239238, -0.09163822)
(-2.443597, 0.8238158, -0.09167303)
(-2.443625, 0.8237456, -0.09163298)
(-2.443623, 0.8237244, -0.0916778)
(-2.443631, 0.8237647, -0.091653)
(-2.443755, 0.8237203, -0.09167112)
(-2.443736, 0.8236989, -0.09155144)
(-2.443801, 0.8238727, -0.09149088)
(-2.443855, 0.8238312, -0.09148039)
(-2.443766, 0.8238728, -0.09145083)
(-2.443777, 0.8238984, -0.09140934)
(-2.443705, 0.8238635, -0.09141745)
(-2.443664, 0.8238881, -0.09142937)
(-2.443747, 0.8240657, -0.091406)
(-2.443674, 0.824057, -0.091406)
(-2.44363, 0.8241218, -0.09149326)
(-2.443604, 0.824042, -0.09152855)
(-2.443728, 0.8240342, -0.09153642)
(-2.4437, 0.8241109, -0.09173788)
(-2.443748, 0.8241715, -0.09172787)
(-2.44372, 0.8241651, -0.09174623)
(-2.443727, 0.8241711, -0.09176983)
(-2.443748, 0.8242327, -0.09177269)
(-2.44381, 0.8242384, -0.09177603)
(-2.443755, 0.8242657, -0.0915872)
(-2.443772, 0.8242837, -0.09158291)
(-2.443745, 0.8243026, -0.09158482)
(-2.443858, 0.8242499, -0.09172167)
(-2.443826, 0.8241215, -0.0917417)
(-2.443801, 0.8241563, -0.0917374)
(-2.443831, 0.8241022, -0.09158744)
(-2.44384, 0.8240914, -0.09158434)
(-2.443791, 0.8241092, -0.09158076)
(-2.443856, 0.82409, -0.09171738)
(-2.443825, 0.8239423, -0.09175695)
(-2.443777, 0.8239232, -0.09175982)
(-2.443827, 0.823875, -0.09166826)
(-2.443906, 0.8240448, -0.09160484)
(-2.443935, 0.8240414, -0.09159221)
(-2.443935, 0.8240578, -0.09160866)
(-2.443996, 0.8241297, -0.09156956)
(-2.443988, 0.8241154, -0.09157909)
(-2.444019, 0.8241405, -0.09167041)
(-2.443973, 0.8239152, -0.09173383)
(-2.443938, 0.8238868, -0.09171905)
(-2.443869, 0.823934, -0.09179844)
(-2.443856, 0.8238409, -0.09181847)
(-2.443819, 0.8238677, -0.09188189)
(-2.443828, 0.8238766, -0.09190668)
(-2.44385, 0.8239256, -0.09190477)
(-2.443888, 0.823925, -0.09192003)
(-2.443773, 0.8239552, -0.09167875)
(-2.443743, 0.8238629, -0.09169663)
(-2.443626, 0.8239292, -0.09170641)
(-2.443615, 0.8238959, -0.09169258)
(-2.443666, 0.8240985, -0.0916232)
(-2.443818, 0.8240485, -0.09156622)
(-2.443859, 0.8240355, -0.09168018)
(-2.44386, 0.8239999, -0.09166826)
(-2.443772, 0.8240197, -0.0916592)
(-2.443777, 0.8240173, -0.09164943)
(-2.443783, 0.8240732, -0.09163965)
(-2.44377, 0.8240514, -0.09158768)
(-2.443801, 0.8240578, -0.09164323)
(-2.443864, 0.8242495, -0.09157504)
(-2.44387, 0.8242533, -0.09156527)
(-2.444048, 0.824139, -0.09147371)
(-2.44408, 0.8241725, -0.0914451)
(-2.444032, 0.8241748, -0.09143843)
(-2.443953, 0.8242654, -0.09138645)
(-2.443929, 0.8242218, -0.0913917)
(-2.443923, 0.8242162, -0.09140004)
(-2.443871, 0.824288, -0.09147872)
(-2.443784, 0.8240739, -0.09155478)
(-2.443757, 0.8240647, -0.09155859)
(-2.443734, 0.8240955, -0.09171666)
(-2.443747, 0.8241031, -0.09171452)
(-2.4438, 0.8240899, -0.09170736)
(-2.443869, 0.8240805, -0.09180798)
(-2.443851, 0.8240184, -0.09182538)
(-2.443939, 0.8240054, -0.09183563)
(-2.443872, 0.8240615, -0.09181751)
(-2.443892, 0.8240677, -0.09182705)
(-2.443871, 0.8240584, -0.0918199)
(-2.443777, 0.8240948, -0.09183373)
(-2.44373, 0.8239983, -0.09187712)
(-2.44377, 0.8239758, -0.09190811)
(-2.443835, 0.8239248, -0.09194006)
(-2.443842, 0.8239018, -0.09195103)
(-2.443804, 0.8238926, -0.09196581)
(-2.443753, 0.8239121, -0.09200348)
(-2.443805, 0.8240952, -0.09196295)
(-2.44376, 0.8240958, -0.09198917)
(-2.443823, 0.8240522, -0.09188475)
(-2.443843, 0.8240839, -0.09186997)
(-2.44383, 0.8240846, -0.09187187)
(-2.443809, 0.8240629, -0.09178175)
(-2.443758, 0.8239419, -0.09182657)
(-2.443681, 0.8239113, -0.09183206)
(-2.443694, 0.8239009, -0.09188713)
(-2.443769, 0.8240806, -0.09182848)
(-2.443834, 0.8240451, -0.09180464)
(-2.443738, 0.824043, -0.0915214)
(-2.443717, 0.8239827, -0.09151305)
(-2.44384, 0.8239459, -0.09147967)
(-2.443752, 0.8239496, -0.09119309)
(-2.443791, 0.8239826, -0.09111799)
(-2.443691, 0.8240504, -0.0911497)
(-2.443774, 0.8240501, -0.09134521)
(-2.443744, 0.824021, -0.09133114)
(-2.443721, 0.8240063, -0.09131254)
(-2.44374, 0.8239949, -0.0913526)
(-2.443787, 0.8241054, -0.09127964)
(-2.443769, 0.8241557, -0.09129871)
(-2.443766, 0.8241481, -0.09126391)
(-2.443717, 0.8240191, -0.09130348)
(-2.443704, 0.8239616, -0.09126629)
(-2.443744, 0.8239913, -0.09136261)
(-2.443715, 0.8239168, -0.09137072)
(-2.443619, 0.8239765, -0.09141506)
(-2.443616, 0.8239903, -0.09142412)
(-2.443599, 0.8239379, -0.09141316)
(-2.44363, 0.8239322, -0.09144415)
(-2.443632, 0.8239098, -0.0914358)
(-2.44366, 0.8240192, -0.09140123)
(-2.443616, 0.8240086, -0.09137119)
(-2.443687, 0.8240098, -0.09163012)
(-2.443698, 0.8240421, -0.09161486)
(-2.443651, 0.8240395, -0.09159054)
(-2.44367, 0.8240063, -0.09153809)
(-2.443609, 0.8238994, -0.0915655)
(-2.443674, 0.823893, -0.09155096)
(-2.44365, 0.8238744, -0.09154691)
(-2.443588, 0.8238409, -0.09149779)
(-2.443551, 0.8237997, -0.09147848)
(-2.443582, 0.8237602, -0.09139313)
(-2.443577, 0.8237693, -0.09139456)
(-2.443635, 0.8237451, -0.09137358)
(-2.443572, 0.8237903, -0.09154047)
(-2.443567, 0.8238407, -0.09153928)
(-2.443655, 0.8238108, -0.09155048)
(-2.443612, 0.8238628, -0.09164108)
(-2.443643, 0.8239248, -0.09161009)
(-2.44367, 0.8239348, -0.09161295)
(-2.443645, 0.8239729, -0.09177174)
(-2.443659, 0.8240378, -0.09177674)
(-2.443684, 0.8240432, -0.09177364)
(-2.443689, 0.8240522, -0.09179629)
(-2.443697, 0.8241265, -0.09178437)
(-2.443715, 0.8241303, -0.0917951)
(-2.443707, 0.8241589, -0.09180655)
(-2.443794, 0.8242946, -0.09187998)
(-2.443687, 0.824324, -0.09187855)
(-2.443769, 0.8242562, -0.09172119)
(-2.443802, 0.8243536, -0.09169258)
(-2.443783, 0.824349, -0.09170474)
(-2.443764, 0.8243388, -0.09144129)
(-2.443736, 0.8243059, -0.09144415)
(-2.443799, 0.824315, -0.09145011)
(-2.443917, 0.8242527, -0.0913545)
(-2.443923, 0.824259, -0.09129609)
(-2.443875, 0.824284, -0.09126534)
(-2.44384, 0.8243588, -0.09136213)
(-2.443847, 0.8243473, -0.09135021)
(-2.443743, 0.8243531, -0.09135284)
(-2.443822, 0.8243454, -0.09142412)
(-2.443778, 0.8242317, -0.09143795)
(-2.443892, 0.8242341, -0.09148039)
(-2.443959, 0.8242229, -0.09161629)
(-2.44396, 0.824211, -0.09161343)
(-2.443931, 0.824232, -0.09162654)
(-2.443878, 0.8242328, -0.09153832)
(-2.443806, 0.8240141, -0.09161343)
(-2.443823, 0.8240106, -0.09163775)
(-2.443776, 0.8240288, -0.09151901)
(-2.443784, 0.8241085, -0.09150566)
(-2.443645, 0.8241245, -0.09151925)
(-2.443705, 0.8241067, -0.09176315)
(-2.443689, 0.824029, -0.09181584)
(-2.443796, 0.8240428, -0.091828)
(-2.443737, 0.8240781, -0.09177651)
(-2.443718, 0.8240628, -0.09179796)
(-2.443744, 0.8240908, -0.09184231)
(-2.443745, 0.8241078, -0.09186091)
(-2.443727, 0.8241071, -0.0918888)
(-2.443636, 0.8241026, -0.09190787)
(-2.443683, 0.8240843, -0.09201588)
(-2.443706, 0.824175, -0.09200348)
(-2.443748, 0.8241855, -0.0920402)
(-2.443838, 0.8241055, -0.09199513)
(-2.4438, 0.8240664, -0.09197105)
(-2.443804, 0.8240634, -0.09198393)
(-2.443724, 0.8240643, -0.09171785)
(-2.443748, 0.8241416, -0.0917026)
(-2.443747, 0.8241365, -0.09169687)
(-2.443823, 0.8240707, -0.09165157)
(-2.443727, 0.8239582, -0.09152164)
(-2.443654, 0.8239576, -0.09150781)
(-2.443633, 0.8239471, -0.0914432)
(-2.443593, 0.8238577, -0.09147514)
(-2.443671, 0.8238518, -0.09147896)
(-2.443756, 0.8238577, -0.09168519)
(-2.443726, 0.8238031, -0.0917293)
(-2.443771, 0.8237932, -0.0917374)
(-2.443754, 0.8238028, -0.09175552)
(-2.443808, 0.8239253, -0.09174789)
(-2.443826, 0.8239217, -0.09175242)
(-2.443727, 0.8239628, -0.09163107)
(-2.44375, 0.8240448, -0.09159245)
(-2.443699, 0.8240366, -0.09158625)
(-2.443706, 0.8240387, -0.09174933)
(-2.443751, 0.82416, -0.09172644)
(-2.443738, 0.8241827, -0.09173502)
(-2.443683, 0.8241844, -0.09163894)
(-2.443691, 0.8242449, -0.09162773)
(-2.443657, 0.8242701, -0.09160723)
(-2.44363, 0.8243018, -0.09164967)
(-2.443591, 0.8242167, -0.09170236)
(-2.443686, 0.8241701, -0.09165706)
(-2.44374, 0.8241543, -0.09182562)
(-2.443773, 0.8242308, -0.0918106)
(-2.4438, 0.8242248, -0.0918404)
(-2.443718, 0.8242619, -0.09165491)
(-2.443651, 0.8241149, -0.0916902)
(-2.443557, 0.8241208, -0.09167065)
(-2.443583, 0.8240991, -0.09167184)
(-2.443567, 0.8241379, -0.09163536)
(-2.443708, 0.8240745, -0.09156002)
(-2.443718, 0.8240753, -0.09159102)
(-2.443775, 0.824199, -0.09154262)
(-2.443979, 0.8241774, -0.09152378)
(-2.444028, 0.8241874, -0.09162058)
(-2.44402, 0.824146, -0.09164061)
(-2.443881, 0.8241668, -0.09166016)
(-2.443886, 0.8241779, -0.09165539)
(-2.443894, 0.8241826, -0.09165062)
(-2.443858, 0.824196, -0.09163345)
(-2.443786, 0.8242328, -0.09166063)
(-2.443774, 0.824203, -0.09166612)
(-2.443812, 0.8242075, -0.09170093)
(-2.443751, 0.8242209, -0.09150018)
(-2.443751, 0.8242393, -0.09146728)
(-2.443751, 0.8242563, -0.09144463)
(-2.443753, 0.8242549, -0.09157003)
(-2.443696, 0.8241297, -0.09159864)
(-2.443699, 0.8241163, -0.09159817)
(-2.443632, 0.8241038, -0.09143628)
(-2.44364, 0.8241282, -0.091406)
(-2.443562, 0.8241242, -0.09139766)
(-2.443561, 0.8241019, -0.09133042)
(-2.443536, 0.8240781, -0.09132613)
(-2.443552, 0.8240901, -0.0913197)
(-2.44358, 0.8240708, -0.0914041)
(-2.443566, 0.824092, -0.09137334)
(-2.443517, 0.8240875, -0.09137119)
(-2.443423, 0.8241391, -0.09136929)
(-2.443439, 0.8242576, -0.09132732)
(-2.443454, 0.8242865, -0.09131493)
(-2.443497, 0.8242793, -0.09134831)
(-2.443434, 0.8241189, -0.09138454)
(-2.443507, 0.8241265, -0.09136452)
(-2.443546, 0.8241285, -0.09149589)
(-2.443485, 0.8240664, -0.09154023)
(-2.443591, 0.824065, -0.09153117)
(-2.443654, 0.8240441, -0.09165396)
(-2.443631, 0.8240032, -0.09166159)
(-2.443621, 0.8240194, -0.09165467)
(-2.443715, 0.8239812, -0.09184326)
(-2.443754, 0.8240917, -0.09181799)
(-2.44376, 0.8240966, -0.09181799)
(-2.443737, 0.8240862, -0.09166111)
(-2.44376, 0.8241134, -0.09164347)
(-2.443851, 0.8241198, -0.0916654)
(-2.443812, 0.8241299, -0.09147085)
(-2.443789, 0.8239876, -0.09150805)
(-2.443758, 0.8239934, -0.09149946)
(-2.443687, 0.8240544, -0.0915419)
(-2.443676, 0.8240389, -0.09155096)
(-2.44364, 0.8240372, -0.09154905)
(-2.443696, 0.8240347, -0.09174527)
(-2.443672, 0.8239279, -0.09179391)
(-2.443688, 0.8239611, -0.09179796)
(-2.443558, 0.8239923, -0.09162916)
(-2.443543, 0.8240018, -0.09165229)
(-2.4436, 0.8239946, -0.09162082)
(-2.44362, 0.8239981, -0.09167255)
(-2.443654, 0.8240809, -0.09164228)
(-2.44364, 0.8240955, -0.09164204)
(-2.443726, 0.8240426, -0.09160246)
(-2.443769, 0.8241284, -0.09158219)
(-2.443758, 0.8240925, -0.09154142)
(-2.443783, 0.8241053, -0.09160055)
(-2.443814, 0.8242015, -0.09157719)
(-2.443847, 0.8241996, -0.09157957)
(-2.443862, 0.8242222, -0.09162177)
(-2.44387, 0.824237, -0.09162773)
(-2.44384, 0.8242251, -0.09161295)
(-2.443842, 0.8242414, -0.09165873)
(-2.443794, 0.8241047, -0.09173311)
(-2.443759, 0.8240678, -0.0917293)
(-2.443798, 0.8240896, -0.09180416)
(-2.443801, 0.8240486, -0.09183635)
(-2.443815, 0.8241152, -0.09190382)
(-2.443781, 0.8241125, -0.09184732)
(-2.443761, 0.8240597, -0.0918652)
(-2.443786, 0.8240579, -0.09190048)
(-2.443714, 0.8240737, -0.09168495)
(-2.443732, 0.8240889, -0.09166874)
(-2.443707, 0.8241028, -0.09166779)
(-2.443673, 0.8240982, -0.09162821)
(-2.443628, 0.8239653, -0.09166731)
(-2.443617, 0.823959, -0.09166779)
(-2.443617, 0.823949, -0.09170188)
(-2.44365, 0.8239217, -0.09183683)
(-2.443694, 0.8239261, -0.09184183)
(-2.443753, 0.8238765, -0.09181346)
(-2.443805, 0.8239398, -0.09184326)
(-2.443723, 0.8239346, -0.09184851)
(-2.443719, 0.823963, -0.09191383)
(-2.443707, 0.8239878, -0.09192313)
(-2.443675, 0.8239682, -0.09191431)
(-2.443729, 0.8238958, -0.09188689)
(-2.443698, 0.8239399, -0.09179367)
(-2.443686, 0.8239357, -0.09178151)
(-2.443699, 0.8239225, -0.09176935)
(-2.443755, 0.8241372, -0.09171309)
(-2.443841, 0.8241349, -0.0917169)
