(5.997046, 0.02443407, 5.884137)
(6.001655, 0.02558432, 5.88385)
(6.005818, 0.02631535, 5.883586)
(6.009485, 0.02708894, 5.883701)
(6.012167, 0.02753976, 5.883841)
(6.014555, 0.02751417, 5.883851)
(6.016613, 0.02770599, 5.883656)
(6.018876, 0.02820916, 5.883527)
(6.020719, 0.02829612, 5.882941)
(6.023129, 0.02870484, 5.881998)
(6.025987, 0.02906751, 5.881272)
(6.029809, 0.02888528, 5.880508)
(6.033468, 0.02896688, 5.879854)
(6.037753, 0.02887292, 5.879209)
(6.042171, 0.02837296, 5.87869)
(6.04635, 0.02765133, 5.878707)
(6.049667, 0.02701148, 5.878676)
(6.052369, 0.0257953, 5.878737)
(6.055899, 0.02499223, 5.878347)
(6.05934, 0.02430121, 5.878124)
(6.063196, 0.02319234, 5.878082)
(6.067328, 0.02246721, 5.877845)
(6.071393, 0.0214512, 5.877703)
(6.076597, 0.02081341, 5.877542)
(6.081548, 0.02005149, 5.877748)
(6.086535, 0.01937664, 5.877679)
(6.09207, 0.01868818, 5.878058)
(6.098796, 0.01837825, 5.878442)
(6.104508, 0.01906266, 5.878494)
(6.110913, 0.02024987, 5.878277)
(6.117701, 0.02145904, 5.877945)
(6.123457, 0.02428445, 5.877046)
(6.128406, 0.02594852, 5.876322)
(6.131684, 0.02842452, 5.875538)
(6.1359, 0.03095193, 5.875236)
(6.13984, 0.0321143, 5.875694)
(6.14411, 0.03337476, 5.877412)
(6.146435, 0.03431951, 5.87997)
(6.149157, 0.03460816, 5.883023)
(6.154648, 0.03475691, 5.885982)
(6.160537, 0.03547301, 5.888678)
(6.167061, 0.03588993, 5.891599)
(6.172004, 0.03679632, 5.894224)
(6.176785, 0.03762317, 5.896794)
(6.183551, 0.03855288, 5.899304)
(6.188679, 0.03965594, 5.901184)
(6.192204, 0.0410451, 5.902871)
(6.19404, 0.04209951, 5.903748)
(6.194675, 0.04318484, 5.904636)
(6.196369, 0.04420347, 5.905813)
(6.196792, 0.04473597, 5.906535)
(6.195656, 0.04540514, 5.907326)
(6.195556, 0.04636135, 5.908258)
(6.196243, 0.04684816, 5.908834)
(6.196419, 0.04766838, 5.909596)
(6.196425, 0.04859838, 5.910295)
(6.19742, 0.04987583, 5.910478)
(6.198202, 0.05151892, 5.910426)
(6.199341, 0.05313476, 5.910681)
(6.200058, 0.05518486, 5.910451)
(6.200866, 0.05708833, 5.910274)
(6.203076, 0.05907742, 5.910348)
(6.208328, 0.06113392, 5.910602)
(6.212064, 0.06291337, 5.911179)
(6.216633, 0.06407235, 5.912536)
(6.221351, 0.06469218, 5.913989)
(6.224766, 0.06491618, 5.915133)
(6.227459, 0.06558757, 5.916303)
(6.229257, 0.06599035, 5.91671)
(6.230058, 0.06648743, 5.916875)
(6.230567, 0.06703915, 5.917166)
(6.23148, 0.06732602, 5.917131)
(6.23246, 0.06750465, 5.917143)
(6.233294, 0.06724549, 5.917672)
(6.233873, 0.06645514, 5.918288)
(6.235342, 0.06547505, 5.918785)
(6.237314, 0.06484112, 5.919234)
(6.238284, 0.06412299, 5.919487)
(6.237689, 0.06342168, 5.919616)
(6.238789, 0.06289952, 5.919621)
(6.239586, 0.06235513, 5.919306)
(6.239713, 0.06177862, 5.919042)
(6.240211, 0.0613406, 5.918943)
(6.243122, 0.06062761, 5.918892)
(6.246031, 0.05957533, 5.918787)
(6.247228, 0.05827545, 5.919187)
(6.248361, 0.05692372, 5.919329)
(6.249462, 0.0552154, 5.919404)
(6.250508, 0.0537367, 5.91947)
(6.24919, 0.05136533, 5.919823)
(6.249255, 0.04931087, 5.919656)
(6.249885, 0.04733406, 5.919366)
(6.250903, 0.04550523, 5.918957)
(6.252139, 0.04380466, 5.918392)
(6.252888, 0.04244609, 5.91817)
(6.253079, 0.04096293, 5.917964)
(6.253006, 0.03918743, 5.917884)
(6.251168, 0.03746131, 5.917898)
(6.248597, 0.0353774, 5.917831)
(6.245107, 0.03374175, 5.917645)
(6.243046, 0.03240961, 5.917086)
(6.241031, 0.03143623, 5.916356)
(6.2386, 0.03072884, 5.915411)
(6.235518, 0.03008735, 5.914497)
(6.230895, 0.02974773, 5.913321)
(6.225676, 0.02979746, 5.911866)
(6.219602, 0.03024331, 5.910409)
(6.212462, 0.03059343, 5.908927)
(6.203678, 0.03097926, 5.90773)
(6.198088, 0.03077574, 5.907311)
(6.193672, 0.03028912, 5.906918)
(6.188159, 0.0298978, 5.906301)
(6.183618, 0.02997856, 5.905475)
(6.180338, 0.03026761, 5.904356)
(6.176397, 0.03098726, 5.902366)
(6.171381, 0.03176003, 5.900281)
(6.163601, 0.03252398, 5.897541)
(6.154579, 0.03343188, 5.894578)
(6.142142, 0.03522137, 5.890454)
(6.129965, 0.03752767, 5.886012)
(6.120308, 0.03950937, 5.881841)
(6.111832, 0.04126847, 5.877992)
(6.103233, 0.04253607, 5.874574)
(6.092422, 0.04309047, 5.872049)
(6.081567, 0.04302979, 5.870685)
(6.070232, 0.04256718, 5.869595)
(6.063144, 0.04300036, 5.867644)
(6.057573, 0.0441936, 5.865286)
(6.055246, 0.04473604, 5.863904)
(6.058123, 0.04357329, 5.863727)
(6.058698, 0.04201497, 5.864162)
(6.055355, 0.04043944, 5.865189)
(6.054198, 0.03800604, 5.866835)
(6.054015, 0.03574776, 5.868723)
(6.051505, 0.03343723, 5.870921)
(6.045601, 0.03062609, 5.874547)
(6.04074, 0.02811923, 5.877226)
(6.033944, 0.02592206, 5.879704)
(6.024405, 0.02514449, 5.880743)
(6.01684, 0.0252757, 5.880723)
(6.011565, 0.02552004, 5.880469)
(6.008149, 0.02599221, 5.879544)
(6.010071, 0.0268958, 5.878305)
(6.014877, 0.02725588, 5.877312)
(6.016496, 0.02730493, 5.876511)
(6.019955, 0.02751944, 5.875507)
(6.022171, 0.02760182, 5.874814)
(6.024813, 0.02804338, 5.873622)
(6.028627, 0.02897128, 5.872112)
(6.031493, 0.02994193, 5.870974)
(6.034202, 0.03067093, 5.870089)
(6.036586, 0.03120763, 5.869133)
(6.03919, 0.03178981, 5.868092)
(6.045996, 0.0284703, 5.87301)
(6.050716, 0.02524612, 5.876691)
(6.054817, 0.02062191, 5.881865)
(6.057166, 0.01827773, 5.884109)
(6.059954, 0.01580819, 5.885952)
(6.062658, 0.01391856, 5.887341)
(6.065435, 0.01214409, 5.887733)
(6.068441, 0.0106146, 5.888422)
(6.072201, 0.009472486, 5.886933)
(6.073861, 0.007811849, 5.887723)
(6.077001, 0.005683868, 5.889457)
(6.079766, 0.003733007, 5.89038)
(6.082483, 0.001369854, 5.891304)
(6.086629, 6.282874, 5.892552)
(6.090998, 6.281379, 5.892431)
(6.095446, 6.280465, 5.892966)
(6.098684, 6.27841, 5.894258)
(6.10176, 6.276404, 5.895134)
(6.104174, 6.274107, 5.896541)
(6.107072, 6.272416, 5.897407)
(6.108915, 6.269654, 5.899286)
(6.111295, 6.26733, 5.90073)
(6.114289, 6.265066, 5.90252)
(6.117933, 6.262812, 5.904269)
(6.123575, 6.260492, 5.905537)
(6.12965, 6.258726, 5.906783)
(6.13549, 6.257079, 5.907421)
(6.141246, 6.255769, 5.907543)
(6.146594, 6.254691, 5.907942)
(6.150278, 6.253648, 5.908248)
(6.155031, 6.252575, 5.90833)
(6.158919, 6.251728, 5.90879)
(6.161461, 6.250785, 5.909308)
(6.162439, 6.250046, 5.909988)
(6.1632, 6.249176, 5.91101)
(6.162532, 6.247918, 5.912426)
(6.161283, 6.24661, 5.914038)
(6.160702, 6.245492, 5.91536)
(6.158326, 6.244294, 5.917491)
(6.156159, 6.243035, 5.919615)
(6.15357, 6.241748, 5.921935)
(6.15114, 6.240053, 5.92418)
(6.148076, 6.238122, 5.926219)
(6.145699, 6.236825, 5.927958)
(6.145284, 6.235783, 5.929271)
(6.145909, 6.23449, 5.930446)
(6.145264, 6.233265, 5.931848)
(6.14362, 6.231758, 5.932542)
(6.141371, 6.230484, 5.932552)
(6.140361, 6.229445, 5.932685)
(6.140563, 6.227998, 5.932337)
(6.140241, 6.227217, 5.931559)
(6.14187, 6.226943, 5.930582)
(6.147615, 6.22682, 5.929517)
(6.153528, 6.22736, 5.928551)
(6.157995, 6.227684, 5.928001)
(6.163456, 6.228493, 5.927473)
(6.169576, 6.229159, 5.927234)
(6.175698, 6.230077, 5.926624)
(6.180794, 6.230818, 5.926301)
(6.184541, 6.231685, 5.925441)
(6.18841, 6.232724, 5.924691)
(6.19012, 6.234253, 5.923417)
(6.190545, 6.236084, 5.921776)
(6.192824, 6.237753, 5.920138)
(6.193663, 6.23956, 5.918988)
(6.195396, 6.240725, 5.918398)
(6.197348, 6.241703, 5.918437)
(6.198043, 6.242661, 5.918365)
(6.198936, 6.244026, 5.918702)
(6.201314, 6.245893, 5.918505)
(6.201521, 6.248036, 5.918695)
(6.199996, 6.24992, 5.919229)
(6.199189, 6.251898, 5.919682)
(6.19971, 6.254122, 5.92054)
(6.201018, 6.256639, 5.921463)
(6.204247, 6.259901, 5.922701)
(6.207045, 6.263056, 5.923554)
(6.211598, 6.267225, 5.923594)
(6.215643, 6.271826, 5.923739)
(6.219018, 6.276793, 5.924098)
(6.221967, 6.281017, 5.924636)
(6.22457, 0.001624434, 5.925202)
(6.224962, 0.004443314, 5.927052)
(6.22572, 0.007167927, 5.928345)
(6.22602, 0.009393546, 5.929574)
(6.226533, 0.01217924, 5.930799)
(6.227306, 0.01479419, 5.931426)
(6.228002, 0.01786672, 5.931678)
(6.228503, 0.02129714, 5.932234)
(6.230304, 0.02479439, 5.931941)
(6.231678, 0.02785457, 5.932485)
(6.233265, 0.03066967, 5.932977)
(6.23542, 0.03323123, 5.933403)
(6.237777, 0.03624603, 5.933779)
(6.240254, 0.03892642, 5.934203)
(6.243481, 0.04171301, 5.9343)
(6.246295, 0.04411192, 5.934802)
(6.249618, 0.04568341, 5.935402)
(6.252489, 0.04660969, 5.935891)
(6.255483, 0.0479263, 5.936477)
(6.257401, 0.04826526, 5.937214)
(6.25983, 0.04939507, 5.937393)
(6.262581, 0.05045639, 5.936998)
(6.26524, 0.05184121, 5.936807)
(6.269166, 0.05356565, 5.935364)
(6.272864, 0.05488562, 5.934719)
(6.278105, 0.05591478, 5.934193)
(6.282897, 0.05625024, 5.933737)
(0.003101046, 0.05605924, 5.933762)
(0.004809361, 0.05581383, 5.93393)
(0.006853974, 0.05558177, 5.9339)
(0.008220623, 0.05547056, 5.933234)
(0.009817462, 0.05542942, 5.932673)
(0.01211391, 0.05558218, 5.931388)
(0.01542703, 0.05592852, 5.930094)
(0.02016427, 0.05666167, 5.928162)
(0.02617611, 0.05766044, 5.925959)
(0.03232319, 0.05860467, 5.924314)
(0.04050346, 0.05908875, 5.922252)
(0.04576911, 0.05937405, 5.920188)
(0.04919917, 0.05952599, 5.918109)
(0.05203274, 0.05942763, 5.916421)
(0.05297668, 0.05822389, 5.914632)
(0.05583501, 0.05718013, 5.913068)
(0.05717112, 0.05525929, 5.912053)
(0.05688199, 0.05296335, 5.910731)
(0.05669947, 0.05143414, 5.909204)
(0.05656054, 0.04978163, 5.907096)
(0.05588563, 0.04842614, 5.904852)
(0.05660193, 0.04764186, 5.902468)
(0.05955039, 0.04687851, 5.899605)
(0.06283011, 0.04635926, 5.89703)
(0.06282686, 0.04532634, 5.894563)
(0.06123383, 0.04438493, 5.891572)
(0.05994596, 0.04409473, 5.888669)
(0.06051617, 0.04368193, 5.886453)
(0.06112464, 0.04327815, 5.884626)
(0.06308225, 0.04253117, 5.883246)
(0.06643001, 0.04137279, 5.881754)
(0.06910774, 0.04027101, 5.880427)
(0.06930321, 0.0390572, 5.878728)
(0.06891088, 0.03823322, 5.876603)
(0.06646512, 0.03812729, 5.87364)
(0.06387667, 0.03856367, 5.870652)
(0.06221493, 0.03884951, 5.867534)
(0.0620713, 0.04014047, 5.863749)
(0.06156476, 0.04162582, 5.860247)
(0.05999136, 0.04229343, 5.857289)
(0.05875879, 0.04234989, 5.855285)
(0.05805337, 0.04177516, 5.853716)
(0.0571613, 0.04115869, 5.852192)
(0.05538926, 0.04031106, 5.850866)
(0.05291592, 0.03958195, 5.849633)
(0.05043171, 0.03934299, 5.848007)
(0.04792066, 0.03950541, 5.846366)
(0.04603412, 0.03960222, 5.844521)
(0.04498543, 0.04002316, 5.842)
(0.04478274, 0.04067171, 5.839666)
(0.04496213, 0.0413298, 5.837686)
(0.04377125, 0.04098671, 5.836332)
(0.04129527, 0.04009151, 5.835283)
(0.03816888, 0.03818413, 5.834973)
(0.03508319, 0.03648774, 5.834648)
(0.03045603, 0.03437992, 5.834643)
(0.027363, 0.03321367, 5.834292)
(0.02460966, 0.03227318, 5.833437)
(0.02192664, 0.03185239, 5.832367)
(0.01990204, 0.03185799, 5.830952)
(0.01854398, 0.03092682, 5.830215)
(0.01798703, 0.02951537, 5.829939)
(0.01850031, 0.02868967, 5.829532)
(0.0183472, 0.02769636, 5.828718)
(0.01993135, 0.02770185, 5.827728)
(0.02123975, 0.02787848, 5.826721)
(0.02272165, 0.02750981, 5.825575)
(0.02356436, 0.02690258, 5.824861)
(0.02207554, 0.02582316, 5.825116)
(0.02064975, 0.0245685, 5.825037)
(0.01751755, 0.02271886, 5.825645)
(0.01531327, 0.02048303, 5.826634)
(0.01378911, 0.01839781, 5.827266)
(0.01216015, 0.01577608, 5.827976)
(0.0114776, 0.01375907, 5.828242)
(0.0116625, 0.01162241, 5.828331)
(0.01203855, 0.009651092, 5.828395)
(0.010952, 0.007819059, 5.82834)
(0.01105304, 0.005601343, 5.828436)
(0.01152769, 0.003035127, 5.828241)
(0.01126244, 0.0004856303, 5.828791)
(0.01209571, 6.280826, 5.829203)
(0.01329918, 6.277404, 5.829329)
(0.01439488, 6.274465, 5.829482)
(0.01657481, 6.27155, 5.82933)
(0.01902296, 6.269039, 5.828958)
(0.02052638, 6.266511, 5.828387)
(0.02199882, 6.263846, 5.828133)
(0.02265628, 6.261206, 5.827315)
(0.02145562, 6.259365, 5.826061)
(0.02124195, 6.257472, 5.825223)
(0.01778696, 6.257794, 5.822501)
(0.01775734, 6.256854, 5.82091)
(0.01841163, 6.256266, 5.818711)
(0.01986667, 6.255739, 5.816708)
(0.02162346, 6.255914, 5.814368)
(0.02278401, 6.255995, 5.81185)
(0.02392442, 6.25752, 5.808441)
(0.02417002, 6.260137, 5.80506)
(0.02436323, 6.262718, 5.801697)
(0.02482135, 6.266149, 5.798602)
(0.02496878, 6.268663, 5.795827)
(0.02598065, 6.271774, 5.793858)
(0.0274821, 6.274122, 5.792384)
(0.02923272, 6.27648, 5.792374)
(0.0306615, 6.278693, 5.79194)
(0.03169547, 6.281476, 5.791931)
(0.03275535, 0.001010415, 5.791986)
(0.03425559, 0.003913323, 5.791986)
(0.03526601, 0.00661861, 5.792639)
(0.03531125, 0.00913429, 5.793485)
(0.03479257, 0.01141522, 5.794354)
(0.03299908, 0.01309262, 5.795907)
(0.03169871, 0.01397208, 5.797568)
(0.03220797, 0.01477723, 5.799032)
(0.03369889, 0.01530053, 5.800469)
(0.03187848, 0.01563639, 5.801679)
(0.03125532, 0.01615391, 5.802626)
(0.03344494, 0.01637012, 5.803056)
(0.03494782, 0.0162643, 5.804503)
(0.03653801, 0.01589614, 5.805862)
(0.03812832, 0.01572361, 5.807396)
(0.03774564, 0.01559975, 5.809005)
(0.0372212, 0.01551035, 5.810735)
(0.03530551, 0.01567904, 5.812527)
(0.03250945, 0.015891, 5.81415)
(0.0307007, 0.01599872, 5.816087)
(0.02868071, 0.01650484, 5.817517)
(0.02642178, 0.01719795, 5.818851)
(0.02440407, 0.01791804, 5.820186)
(0.02361709, 0.01864195, 5.821497)
(0.02306626, 0.01911459, 5.823134)
(0.02164932, 0.01946804, 5.82508)
(0.02068202, 0.01959136, 5.82724)
(0.01896512, 0.02026117, 5.829041)
(0.01781778, 0.02100357, 5.83045)
(0.01830987, 0.02201773, 5.831366)
(0.01841909, 0.02312025, 5.832519)
(0.01881825, 0.02344382, 5.833767)
(0.01851773, 0.02367183, 5.835029)
(0.01859503, 0.02393717, 5.836208)
(0.0185799, 0.02406316, 5.83711)
(0.01697719, 0.02388132, 5.83806)
(0.0141479, 0.02402933, 5.838728)
(0.01301982, 0.02401694, 5.839012)
(0.0136029, 0.02458565, 5.838297)
(0.0140767, 0.02547881, 5.838057)
(0.01657138, 0.02652183, 5.837001)
(0.01955112, 0.02793521, 5.836248)
(0.02251486, 0.02976968, 5.83569)
(0.02605719, 0.03151432, 5.835196)
(0.03077433, 0.03389883, 5.834734)
(0.03481787, 0.03674099, 5.83465)
(0.03853666, 0.03938947, 5.83435)
(0.04110534, 0.04302795, 5.834211)
(0.04286673, 0.0462187, 5.834239)
(0.04397171, 0.04947108, 5.834542)
(0.04408555, 0.05215294, 5.835303)
(0.04298261, 0.05449267, 5.836539)
(0.0427637, 0.05587414, 5.837141)
(0.04167168, 0.05812765, 5.838383)
(0.04107508, 0.06041006, 5.839257)
(0.04130291, 0.06251552, 5.839917)
(0.04184499, 0.06399786, 5.840618)
(0.04171641, 0.06578259, 5.841472)
(0.04194467, 0.06705466, 5.842507)
(0.04208873, 0.06804781, 5.843555)
(0.04242913, 0.068906, 5.844903)
(0.04302337, 0.06988015, 5.846199)
(0.04454438, 0.07057382, 5.847842)
(0.04643754, 0.07138255, 5.848975)
(0.04810275, 0.07221542, 5.850173)
(0.05143227, 0.07253596, 5.851358)
(0.054508, 0.07303267, 5.852249)
(0.05686191, 0.0733477, 5.853556)
(0.05894437, 0.07312048, 5.855122)
(0.06059847, 0.07267585, 5.856724)
(0.06237685, 0.07239275, 5.858136)
(0.06509642, 0.07185018, 5.859419)
(0.06673057, 0.0715716, 5.860246)
(0.06842794, 0.07120551, 5.860834)
(0.07098152, 0.07068511, 5.861054)
(0.07323555, 0.07027801, 5.861318)
(0.07541, 0.06955826, 5.86184)
(0.07699137, 0.06826566, 5.862639)
(0.07816539, 0.06680299, 5.863658)
(0.08038122, 0.06521342, 5.864709)
(0.08320232, 0.06219406, 5.866273)
(0.08461432, 0.06012952, 5.867305)
(0.08623044, 0.05787293, 5.86812)
(0.08674435, 0.05556097, 5.868355)
(0.08718332, 0.05359921, 5.868598)
(0.08744901, 0.05150073, 5.868697)
(0.08865019, 0.04938018, 5.868842)
(0.08913042, 0.04708855, 5.868994)
(0.0874342, 0.04511549, 5.869413)
(0.08639891, 0.04286844, 5.869519)
(0.08572499, 0.04128983, 5.869314)
(0.08477347, 0.03961707, 5.869221)
(0.08319389, 0.03920458, 5.86822)
(0.08335146, 0.03799295, 5.867636)
(0.0849244, 0.03678123, 5.867524)
(0.08958466, 0.0353424, 5.86672)
(0.09132597, 0.03413729, 5.8659)
(0.09058904, 0.0331052, 5.86484)
(0.09082053, 0.03217246, 5.863752)
(0.09160935, 0.0310207, 5.863006)
(0.09239715, 0.02986893, 5.862257)
(0.09318161, 0.0287184, 5.86151)
(0.07138985, 0.03873638, 5.853247)
(0.07110038, 0.03887107, 5.85234)
(0.07254451, 0.0381754, 5.852394)
(0.07157035, 0.03828297, 5.851254)
(0.07059568, 0.03839293, 5.850116)
(0.06953444, 0.03851345, 5.848875)
(0.05537748, 0.03382408, 5.850676)
(0.05337463, 0.03225609, 5.850602)
(0.04785874, 0.03237186, 5.848498)
(0.04364546, 0.03212811, 5.847232)
(0.0384953, 0.03122955, 5.84669)
(0.03273487, 0.03080955, 5.847143)
(0.0314833, 0.03141873, 5.845546)
(0.02634756, 0.03057582, 5.8451)
(0.0198653, 0.02820531, 5.845537)
(0.01199528, 0.0273761, 5.844587)
(0.00534766, 0.02624829, 5.844781)
(6.280999, 0.0239958, 5.845754)
(6.271364, 0.02263598, 5.846332)
(6.262448, 0.02035548, 5.847414)
(6.252073, 0.01769997, 5.849908)
(6.24101, 0.01542813, 5.850606)
(6.229752, 0.01363479, 5.851063)
(6.217414, 0.01141673, 5.851439)
(6.206501, 0.01026106, 5.850654)
(6.194871, 0.008551653, 5.850853)
(6.177901, 0.006095185, 5.850539)
(6.165615, 0.003981834, 5.850541)
(6.151185, 0.00223575, 5.848986)
(6.138912, 0.0005410215, 5.847958)
(6.126735, 6.282191, 5.847029)
(6.114158, 6.280405, 5.846505)
(6.100403, 6.278453, 5.845956)
(6.087806, 6.276666, 5.845476)
(6.07984, 6.275521, 5.840188)
(6.067079, 6.272244, 5.839275)
(6.054777, 6.269203, 5.837539)
(6.045277, 6.267406, 5.835482)
(6.037135, 6.265893, 5.833258)
(6.028286, 6.264624, 5.830854)
(6.022914, 6.262947, 5.828189)
(6.014568, 6.259882, 5.82767)
(6.010456, 6.257168, 5.825207)
(6.003267, 6.254624, 5.823514)
(5.998573, 6.251311, 5.822001)
(5.992456, 6.246733, 5.825332)
(5.98606, 6.242492, 5.825386)
(5.978421, 6.236951, 5.826719)
(5.970309, 6.23144, 5.830204)
(5.963112, 6.227265, 5.830431)
(5.95428, 6.221766, 5.833086)
(5.94684, 6.217171, 5.834487)
(5.939679, 6.212997, 5.835458)
(5.933861, 6.210211, 5.835177)
(5.92767, 6.207041, 5.836171)
(5.920722, 6.201537, 5.835577)
(5.913846, 6.19827, 5.83681)
(5.90899, 6.194921, 5.837465)
(5.905225, 6.192953, 5.836986)
(5.902686, 6.190674, 5.836717)
(5.899611, 6.189693, 5.836995)
(5.897129, 6.187974, 5.837888)
(5.896062, 6.187337, 5.837548)
(5.89396, 6.187407, 5.837461)
(5.892471, 6.187182, 5.837539)
(5.892468, 6.187879, 5.837291)
(5.892183, 6.18894, 5.836982)
(5.891696, 6.190038, 5.836757)
(5.892704, 6.192024, 5.836245)
(5.89283, 6.194431, 5.836018)
(5.892511, 6.197056, 5.835608)
(5.892936, 6.199577, 5.835046)
(5.892843, 6.202705, 5.834392)
(5.892951, 6.205632, 5.833931)
(5.892009, 6.208872, 5.833516)
(5.890436, 6.212608, 5.833065)
(5.890706, 6.215952, 5.832553)
(5.889342, 6.220513, 5.831899)
(5.885242, 6.2249, 5.83145)
(5.882196, 6.229018, 5.830646)
(5.878967, 6.233262, 5.829758)
(5.875346, 6.237349, 5.829245)
(5.871789, 6.241363, 5.828536)
(5.867631, 6.245598, 5.82774)
(5.863043, 6.249618, 5.82701)
(5.859339, 6.253369, 5.826508)
(5.856466, 6.256855, 5.82668)
(5.857177, 6.258912, 5.82801)
(5.856556, 6.26151, 5.828755)
(5.85675, 6.263481, 5.830225)
(5.856565, 6.265397, 5.831995)
(5.856477, 6.267282, 5.833511)
(5.856138, 6.268744, 5.835854)
(5.854353, 6.270089, 5.838789)
(5.852293, 6.270893, 5.842136)
(5.850001, 6.271809, 5.845727)
(5.844577, 6.27161, 5.850416)
(5.840179, 6.271982, 5.854254)
(5.834886, 6.271812, 5.858327)
(5.829639, 6.271594, 5.862659)
(5.824956, 6.271842, 5.866164)
(5.820541, 6.272285, 5.869235)
(5.81611, 6.273586, 5.871187)
(5.811761, 6.275044, 5.872822)
(5.807019, 6.278276, 5.871896)
(5.804381, 6.281257, 5.871163)
(5.802717, 0.0009104835, 5.870591)
(5.802733, 0.003854417, 5.870214)
(5.803552, 0.006384295, 5.870594)
(5.804684, 0.008574392, 5.871182)
(5.808093, 0.01029925, 5.872388)
(5.810849, 0.01194171, 5.874127)
(5.812922, 0.01385917, 5.875391)
(5.816046, 0.01593935, 5.877218)
