(0.1643307, 1.10328, 0.4291286)
(0.1639829, 1.103159, 0.429302)
(0.1634822, 1.102774, 0.4291725)
(0.1630089, 1.102399, 0.4289339)
(0.1623685, 1.102226, 0.4289787)
(0.1621966, 1.101921, 0.4288573)
(0.1617684, 1.101754, 0.4285288)
(0.1614263, 1.101719, 0.4283938)
(0.1609931, 1.101578, 0.4282308)
(0.1606326, 1.101701, 0.4279451)
(0.1603699, 1.101882, 0.42785)
(0.1597824, 1.101743, 0.427738)
(0.1591511, 1.101647, 0.4274564)
(0.1583474, 1.101608, 0.4277174)
(0.1575851, 1.101428, 0.4279022)
(0.1568921, 1.101335, 0.4282136)
(0.1561298, 1.101331, 0.4284539)
(0.1556826, 1.101556, 0.4288218)
(0.1552379, 1.101768, 0.4293928)
(0.1546528, 1.102442, 0.4301341)
(0.1543391, 1.10279, 0.4303865)
(0.1540978, 1.10316, 0.4303157)
(0.154114, 1.103608, 0.4302242)
(0.1545169, 1.103763, 0.4300485)
(0.1551747, 1.104, 0.4294689)
(0.1558444, 1.104228, 0.4289215)
(0.1562634, 1.104216, 0.4284232)
(0.156563, 1.104419, 0.4275842)
(0.1565907, 1.10465, 0.4269052)
(0.1568477, 1.104937, 0.4260623)
(0.156647, 1.105096, 0.4254313)
(0.1561682, 1.105475, 0.4251933)
(0.1562185, 1.105784, 0.4244397)
(0.1560378, 1.105883, 0.4239054)
(0.1560037, 1.106044, 0.4234262)
(0.1560488, 1.106127, 0.4226232)
(0.1560488, 1.106168, 0.421874)
(0.1559544, 1.106395, 0.4213099)
(0.1559546, 1.106514, 0.4203787)
(0.1560624, 1.106612, 0.4196265)
(0.1561663, 1.106798, 0.4188488)
(0.1563084, 1.10686, 0.4182029)
(0.1563482, 1.10698, 0.4172966)
(0.1561856, 1.107366, 0.4169574)
(0.1561975, 1.107414, 0.4162953)
(0.156275, 1.107504, 0.4157135)
(0.1562691, 1.107459, 0.4150553)
(0.1562023, 1.107289, 0.4145155)
(0.1562116, 1.107208, 0.413717)
(0.1561465, 1.107321, 0.4132948)
(0.1561677, 1.10722, 0.4127524)
(0.1561441, 1.107161, 0.4118972)
(0.1561999, 1.107267, 0.4114373)
(0.1562335, 1.107143, 0.4109836)
(0.1562712, 1.107112, 0.4102473)
(0.1563897, 1.10704, 0.4096608)
(0.1567471, 1.106803, 0.4092565)
(0.1568446, 1.106552, 0.4085588)
(0.156913, 1.106368, 0.4081404)
(0.157304, 1.106036, 0.4076436)
(0.1575165, 1.105639, 0.4071307)
(0.1576328, 1.105351, 0.4066603)
(0.1578388, 1.1049, 0.4062324)
(0.1581085, 1.104494, 0.4058425)
(0.1583004, 1.104117, 0.4054441)
(0.1583576, 1.103538, 0.4051557)
(0.1585314, 1.103159, 0.4047916)
(0.1585555, 1.103, 0.4047801)
(0.1588297, 1.102546, 0.4048419)
(0.158967, 1.102249, 0.4046898)
(0.1589749, 1.102176, 0.4048009)
(0.158988, 1.101895, 0.4048562)
(0.1590533, 1.101767, 0.4047863)
(0.1592343, 1.101741, 0.4048388)
(0.1593425, 1.101591, 0.4048588)
(0.1594689, 1.101577, 0.4047701)
(0.1595831, 1.101667, 0.4046967)
(0.1597438, 1.101791, 0.4045072)
(0.1598485, 1.101951, 0.4042928)
(0.1600213, 1.1022, 0.4042761)
(0.1601398, 1.102297, 0.4042342)
(0.160326, 1.102526, 0.4040973)
(0.1605778, 1.102702, 0.4039299)
(0.1607373, 1.10275, 0.4039378)
(0.1609106, 1.102893, 0.4038184)
(0.1609478, 1.103138, 0.4038134)
(0.1611171, 1.103235, 0.4038668)
(0.1613636, 1.103417, 0.4039469)
(0.1615062, 1.103671, 0.4040563)
(0.1617599, 1.103856, 0.4042351)
(0.162061, 1.104012, 0.4044738)
(0.1623526, 1.104136, 0.4048061)
(0.162936, 1.104338, 0.4048898)
(0.1633055, 1.104368, 0.4051223)
(0.1637287, 1.104368, 0.4055066)
(0.1641126, 1.104234, 0.4060359)
(0.1646523, 1.104201, 0.4065318)
(0.1649082, 1.104309, 0.4071281)
(0.1655822, 1.104139, 0.4079003)
(0.1661916, 1.103994, 0.4085252)
(0.1668758, 1.103806, 0.4093609)
(0.1675634, 1.103363, 0.4102912)
(0.1683698, 1.103082, 0.4111032)
(0.169194, 1.10285, 0.4121556)
(0.1701334, 1.102428, 0.4131784)
(0.171247, 1.102079, 0.4141331)
(0.1721597, 1.101836, 0.4151194)
(0.1732585, 1.101246, 0.4163916)
(0.1745887, 1.100777, 0.4175344)
(0.1759202, 1.100328, 0.4187336)
(0.1774719, 1.099554, 0.4201057)
(0.1791644, 1.098966, 0.4212573)
(0.1808226, 1.098546, 0.422632)
(0.1827021, 1.098036, 0.423718)
(0.1847961, 1.097385, 0.4250238)
(0.1868646, 1.096808, 0.4264033)
(0.1890438, 1.096152, 0.4276476)
(0.1914794, 1.095446, 0.4290187)
(0.1938717, 1.094827, 0.4305217)
(0.1965849, 1.093892, 0.4320452)
(0.1992421, 1.09311, 0.4334288)
(0.2022576, 1.09231, 0.4349201)
(0.2051294, 1.09145, 0.4363358)
(0.2082498, 1.090629, 0.4377019)
(0.2116644, 1.089686, 0.4390981)
(0.2148483, 1.088668, 0.4405873)
(0.2185783, 1.087692, 0.442198)
(0.2221529, 1.086836, 0.4437196)
(0.2258806, 1.085669, 0.4449818)
(0.2297931, 1.08475, 0.4463563)
(0.2342989, 1.083815, 0.4474616)
(0.2342989, 1.083815, 0.4474616)
(0.2428682, 1.082262, 0.4499128)
(0.2471251, 1.081547, 0.4512687)
(0.2516513, 1.080706, 0.452652)
(0.2562685, 1.079922, 0.4539638)
(0.2610629, 1.079025, 0.4552467)
(0.2662282, 1.078034, 0.4567792)
(0.2708972, 1.077078, 0.4580882)
(0.2755253, 1.076135, 0.4593673)
(0.2799289, 1.075018, 0.4606109)
(0.2843273, 1.07391, 0.4618812)
(0.2885489, 1.072977, 0.4634767)
(0.2923307, 1.071598, 0.4646964)
(0.2958615, 1.070323, 0.4658368)
(0.2986169, 1.069355, 0.4669552)
(0.3016195, 1.068942, 0.4679699)
(0.3016195, 1.068942, 0.4679699)
(0.3053813, 1.06925, 0.4703643)
(0.3071578, 1.069634, 0.4718609)
(0.3088937, 1.070222, 0.4737883)
(0.3109732, 1.07048, 0.4751308)
(0.3125725, 1.071173, 0.4767876)
(0.3140786, 1.071967, 0.4782302)
(0.3157048, 1.072565, 0.4794505)
(0.3169427, 1.073257, 0.4811578)
(0.3180482, 1.074119, 0.4827878)
(0.3187435, 1.074973, 0.4844015)
(0.3195977, 1.075729, 0.4863958)
(0.3201418, 1.0765, 0.488575)
(0.3204329, 1.077141, 0.4904988)
(0.320704, 1.077612, 0.4927304)
(0.320955, 1.077737, 0.4951947)
(0.3207219, 1.077861, 0.4977663)
(0.3208029, 1.077891, 0.4999223)
(0.3209701, 1.077585, 0.5024321)
(0.3207963, 1.077329, 0.5049109)
(0.3205168, 1.077197, 0.5067487)
(0.3203585, 1.076861, 0.5093608)
(0.3201466, 1.076429, 0.5121317)
(0.3196599, 1.075984, 0.5146477)
(0.3194585, 1.075586, 0.5173483)
(0.3191347, 1.074856, 0.520159)
(0.3187988, 1.074028, 0.5232124)
(0.3181643, 1.073145, 0.5259221)
(0.3178282, 1.072394, 0.5289564)
(0.3172753, 1.071636, 0.5318274)
(0.3168314, 1.070762, 0.5352964)
(0.3164136, 1.069969, 0.5388336)
(0.3159912, 1.069136, 0.5423911)
(0.3153026, 1.068029, 0.546176)
(0.314712, 1.066802, 0.5503488)
(0.3141043, 1.065546, 0.5547106)
(0.3133433, 1.064033, 0.5590959)
(0.3126345, 1.062561, 0.5636487)
(0.3117745, 1.061087, 0.5680571)
(0.3108242, 1.059542, 0.5730832)
(0.309875, 1.058148, 0.5780399)
(0.3086998, 1.056827, 0.5835071)
(0.3072042, 1.055442, 0.5891502)
(0.3057952, 1.054366, 0.5949345)
(0.3043325, 1.053353, 0.6013229)
(0.3027117, 1.052821, 0.6073642)
(0.3010397, 1.052755, 0.6134126)
(0.2993941, 1.052707, 0.6193709)
(0.2971852, 1.053183, 0.6260648)
(0.2950604, 1.054202, 0.6326842)
(0.2927508, 1.05556, 0.6394758)
(0.290071, 1.056567, 0.6464114)
(0.2873023, 1.058779, 0.6531377)
(0.2839854, 1.061941, 0.6605334)
(0.2801216, 1.065296, 0.6677547)
(0.2761881, 1.06983, 0.6748607)
(0.2725852, 1.074282, 0.6819272)
(0.2680361, 1.080119, 0.6896844)
(0.2640667, 1.087232, 0.6968222)
(0.2603397, 1.095524, 0.7039995)
(0.2563643, 1.103055, 0.7116256)
(0.2530615, 1.113038, 0.7193778)
(0.2492664, 1.122039, 0.7276506)
(0.245194, 1.129488, 0.7353308)
(0.2416296, 1.136462, 0.7424684)
(0.2380116, 1.143005, 0.7490313)
(0.234551, 1.148822, 0.7555234)
(0.2313886, 1.15467, 0.7612844)
(0.2286637, 1.16081, 0.766439)
(0.2261157, 1.167891, 0.7711031)
(0.2244859, 1.174496, 0.7751484)
(0.2232258, 1.18158, 0.7791877)
(0.2222857, 1.188373, 0.7821102)
(0.2225363, 1.193676, 0.7843878)
(0.2224729, 1.198923, 0.7870016)
(0.2228818, 1.204535, 0.7892063)
(0.2237296, 1.209271, 0.7910831)
(0.2246456, 1.213937, 0.7929292)
(0.2251561, 1.219447, 0.7949958)
(0.2259881, 1.224507, 0.7974267)
(0.226397, 1.230428, 0.8009217)
(0.2257862, 1.237315, 0.8059154)
(0.2259507, 1.243577, 0.8099914)
(0.2259994, 1.24933, 0.8140824)
(0.2260995, 1.254877, 0.8183193)
(0.2266889, 1.259655, 0.8219018)
(0.2275105, 1.263951, 0.8248932)
(0.2283471, 1.26796, 0.8282666)
(0.2299576, 1.270874, 0.8312624)
(0.2311075, 1.274747, 0.8349128)
(0.2323351, 1.278374, 0.8384311)
(0.2342434, 1.280827, 0.8420341)
(0.2353563, 1.284282, 0.8461895)
(0.236995, 1.286949, 0.8499417)
(0.2386017, 1.288555, 0.8539665)
(0.2396278, 1.290273, 0.8583868)
(0.2409048, 1.291951, 0.8624158)
(0.2423642, 1.292014, 0.8663142)
(0.2430134, 1.293163, 0.8714671)
(0.2443016, 1.293227, 0.8753607)
(0.245724, 1.292896, 0.879245)
(0.2464778, 1.293294, 0.8841772)
(0.24808, 1.29273, 0.8884015)
(0.2498627, 1.292093, 0.8928843)
(0.2509732, 1.291734, 0.8982658)
(0.2526605, 1.291154, 0.9029813)
(0.2547629, 1.290025, 0.9076698)
(0.2562149, 1.289379, 0.9132721)
(0.2578311, 1.288331, 0.9183416)
(0.2604184, 1.287278, 0.9229791)
(0.2614775, 1.286721, 0.9288564)
(0.2643883, 1.286433, 0.9338503)
(0.2675893, 1.286619, 0.9391465)
(0.2708697, 1.287106, 0.9446366)
(0.2735152, 1.287454, 0.9508874)
(0.2771187, 1.288436, 0.9566777)
(0.280829, 1.290013, 0.9627862)
(0.2839537, 1.291639, 0.9694633)
(0.2880449, 1.294279, 0.9752572)
(0.2914205, 1.296503, 0.9815423)
(0.295867, 1.300162, 0.9876142)
(0.3004467, 1.30441, 0.9938457)
(0.3049002, 1.309345, 1.0001)
(0.3088956, 1.314586, 1.006024)
(0.3125625, 1.321238, 1.011952)
(0.316432, 1.328422, 1.018481)
(0.3192351, 1.336254, 1.025161)
(0.3218699, 1.344211, 1.031488)
(0.3249812, 1.351736, 1.038546)
(0.3277707, 1.35811, 1.044586)
(0.330507, 1.363934, 1.050147)
(0.3333335, 1.369062, 1.055327)
(0.3357995, 1.374774, 1.061472)
(0.3385246, 1.379794, 1.065588)
(0.3415537, 1.385845, 1.070713)
(0.3427727, 1.393108, 1.074342)
(0.3441484, 1.399527, 1.077195)
(0.3452413, 1.406051, 1.081197)
(0.3444302, 1.412808, 1.083755)
(0.344938, 1.418221, 1.086104)
(0.3446352, 1.423224, 1.087861)
(0.3451254, 1.4288, 1.089826)
(0.3437691, 1.434186, 1.090984)
(0.3417387, 1.44049, 1.092074)
(0.3421693, 1.446117, 1.091184)
(0.339983, 1.452264, 1.09197)
(0.3403826, 1.457676, 1.091269)
(0.3387933, 1.464349, 1.092486)
(0.3376479, 1.470851, 1.093825)
(0.336926, 1.477675, 1.095372)
(0.3375204, 1.483812, 1.095743)
(0.3364606, 1.490716, 1.097067)
(0.3347499, 1.497784, 1.09743)
(0.3334267, 1.503666, 1.098254)
(0.3316007, 1.509721, 1.098913)
(0.3305058, 1.515313, 1.098231)
(0.3289075, 1.520749, 1.098261)
(0.3271637, 1.526078, 1.098485)
(0.3254519, 1.531216, 1.098691)
(0.3253748, 1.53568, 1.097232)
(0.3239233, 1.540476, 1.097464)
(0.3223469, 1.545792, 1.097813)
(0.3224263, 1.550189, 1.096599)
(0.3209374, 1.55446, 1.097052)
(0.3202562, 1.558319, 1.096303)
(0.3190074, 1.562, 1.096482)
(0.3174996, 1.565689, 1.096943)
(0.3160667, 1.568818, 1.097459)
(0.315732, 1.571277, 1.096428)
(0.3142538, 1.574075, 1.096927)
(0.31285, 1.576642, 1.097371)
(0.3126721, 1.578506, 1.096042)
(0.3112407, 1.580397, 1.096431)
(0.3097906, 1.5822, 1.096806)
(0.3097744, 1.583232, 1.095325)
(0.3082731, 1.584903, 1.095628)
(0.3066509, 1.586177, 1.095947)
(0.3057647, 1.587183, 1.095048)
(0.3040476, 1.588141, 1.095339)
(0.3022535, 1.588454, 1.09565)
(0.3014412, 1.587993, 1.094959)
(0.2996068, 1.587349, 1.095119)
(0.2977538, 1.586926, 1.09518)
(0.2973213, 1.586355, 1.093106)
(0.2955062, 1.587135, 1.09277)
(0.293967, 1.589343, 1.092516)
(0.293411, 1.591944, 1.09223)
(0.2922463, 1.594881, 1.093177)
(0.2904563, 1.59748, 1.094236)
(0.2881727, 1.598846, 1.095651)
(0.2861209, 1.600689, 1.096427)
(0.2842598, 1.602292, 1.097014)
(0.2824352, 1.603339, 1.097803)
(0.2807889, 1.604605, 1.098506)
(0.2792337, 1.605386, 1.099335)
(0.2774696, 1.606131, 1.100161)
(0.2774696, 1.606131, 1.100161)
(0.2745118, 1.606507, 1.101509)
(0.2730083, 1.606917, 1.101988)
(0.2717581, 1.606914, 1.102315)
(0.2708294, 1.606993, 1.102358)
(0.2697153, 1.607628, 1.102739)
(0.2687247, 1.608053, 1.103137)
(0.2678487, 1.608533, 1.103611)
(0.2673507, 1.608881, 1.103487)
(0.2665875, 1.609241, 1.103914)
(0.2661266, 1.60949, 1.103933)
(0.2656717, 1.609579, 1.104208)
(0.2652011, 1.609787, 1.104469)
(0.2647803, 1.609886, 1.104744)
(0.2646585, 1.609701, 1.104899)
(0.2642531, 1.609715, 1.105181)
(0.2639596, 1.609672, 1.105439)
(0.2641423, 1.60951, 1.105382)
(0.2639153, 1.609499, 1.10559)
(0.2639153, 1.609499, 1.10559)
