(-0.4531198, 0.6148517, -1.777107)
(-0.4530401, 0.6149035, -1.777064)
(-0.4530454, 0.6149462, -1.777037)
(-0.4530149, 0.6149203, -1.777049)
(-0.4529142, 0.6150252, -1.777075)
(-0.4529085, 0.6150464, -1.777061)
(-0.4530663, 0.6150069, -1.777073)
(-0.4530501, 0.6150315, -1.777028)
(-0.4529862, 0.6149819, -1.777045)
(-0.453022, 0.6149869, -1.777044)
(-0.4530182, 0.6150007, -1.77706)
(-0.4530325, 0.615049, -1.77704)
(-0.4528856, 0.6151044, -1.776998)
(-0.452872, 0.6150903, -1.777001)
(-0.4529095, 0.6151624, -1.776994)
(-0.4530575, 0.6151388, -1.777027)
(-0.453104, 0.6150596, -1.777004)
(-0.4530904, 0.6150301, -1.777036)
(-0.4531024, 0.6150181, -1.777038)
(-0.4531136, 0.6150148, -1.777043)
(-0.4531291, 0.6150335, -1.777031)
(-0.4530704, 0.6150554, -1.777029)
(-0.453084, 0.615046, -1.777014)
(-0.4530637, 0.6150038, -1.777041)
(-0.4530163, 0.6150138, -1.777038)
(-0.453052, 0.614952, -1.777036)
(-0.4530616, 0.6149917, -1.777019)
(-0.4530854, 0.6149796, -1.777045)
(-0.453073, 0.6150455, -1.777121)
(-0.4530478, 0.6150442, -1.777132)
(-0.4532621, 0.6150166, -1.777142)
(-0.4532614, 0.6150063, -1.777135)
(-0.453321, 0.6150579, -1.777221)
(-0.453393, 0.6150712, -1.777234)
(-0.4533978, 0.6150342, -1.777185)
(-0.4534442, 0.6150821, -1.777162)
(-0.4533403, 0.6151087, -1.777164)
(-0.4533663, 0.6150874, -1.777046)
(-0.4533625, 0.6150585, -1.777054)
(-0.4532361, 0.6150916, -1.777046)
(-0.4531977, 0.6151601, -1.777053)
(-0.4531798, 0.6151048, -1.777154)
(-0.4532359, 0.6150836, -1.777172)
(-0.4532356, 0.6150936, -1.777171)
(-0.4532013, 0.6150244, -1.777111)
(-0.4530687, 0.6150608, -1.777075)
(-0.4530721, 0.6150491, -1.777028)
(-0.453074, 0.6150545, -1.77702)
(-0.4532633, 0.6149799, -1.777049)
(-0.4532466, 0.6149938, -1.777052)
(-0.4531937, 0.6149167, -1.777024)
(-0.4531534, 0.6149015, -1.777024)
(-0.4531937, 0.6148341, -1.776974)
(-0.4532576, 0.6148964, -1.776927)
(-0.4530845, 0.6149219, -1.776892)
(-0.4530561, 0.6149766, -1.776972)
(-0.4530563, 0.6149832, -1.776965)
(-0.4531267, 0.6149628, -1.776973)
(-0.4531565, 0.6149222, -1.776944)
(-0.4531703, 0.6149412, -1.777004)
(-0.4530864, 0.6149623, -1.776986)
(-0.4530115, 0.6150144, -1.777004)
(-0.4530172, 0.6150212, -1.777084)
(-0.4532464, 0.6149486, -1.777118)
(-0.4531789, 0.6150236, -1.777126)
(-0.4532254, 0.6150795, -1.777103)
(-0.4533138, 0.6150661, -1.777112)
(-0.4533753, 0.6150057, -1.777098)
(-0.4533453, 0.6149275, -1.777038)
(-0.4533887, 0.6148974, -1.777033)
(-0.4533291, 0.6149668, -1.777016)
(-0.4533467, 0.6149753, -1.777009)
(-0.4531484, 0.6150309, -1.776976)
(-0.453238, 0.6149814, -1.776989)
(-0.4531965, 0.6149031, -1.777043)
(-0.4531946, 0.6148971, -1.777037)
(-0.4533024, 0.6147618, -1.776985)
(-0.4533291, 0.6147848, -1.777028)
(-0.4532304, 0.6148049, -1.777017)
(-0.4532347, 0.6148139, -1.777038)
(-0.453239, 0.6148093, -1.77704)
(-0.4531782, 0.6148256, -1.77705)
(-0.4531469, 0.6148574, -1.777063)
(-0.4531817, 0.6149484, -1.776999)
(-0.4531596, 0.6149501, -1.777008)
(-0.4531651, 0.6149362, -1.77698)
(-0.4531813, 0.6149426, -1.776987)
(-0.453156, 0.6149472, -1.776978)
(-0.4530628, 0.6150624, -1.776992)
(-0.4530468, 0.6150535, -1.777012)
(-0.4529848, 0.6150824, -1.776996)
(-0.4529853, 0.6150862, -1.77702)
(-0.4530001, 0.6151415, -1.776983)
(-0.4530301, 0.6151204, -1.776998)
(-0.4530869, 0.6150622, -1.776986)
(-0.4530907, 0.615075, -1.77699)
(-0.4532762, 0.6150138, -1.77699)
(-0.4532619, 0.6150335, -1.776987)
(-0.4532032, 0.6149341, -1.777037)
(-0.4533496, 0.6148939, -1.777042)
(-0.4533029, 0.6149147, -1.777048)
(-0.4532986, 0.6149184, -1.777034)
(-0.4533968, 0.6148933, -1.777056)
(-0.4534554, 0.6148053, -1.777016)
(-0.4534492, 0.6147395, -1.777074)
(-0.4533398, 0.6147618, -1.777047)
(-0.4532368, 0.6148455, -1.777063)
(-0.4532976, 0.6149185, -1.777018)
(-0.4534402, 0.6148733, -1.777022)
(-0.4534636, 0.6148223, -1.777009)
(-0.4534721, 0.6147805, -1.777043)
(-0.4535551, 0.614766, -1.777029)
(-0.4535775, 0.6147183, -1.777043)
(-0.4535897, 0.6147164, -1.777116)
(-0.4536476, 0.6146847, -1.777143)
(-0.4535484, 0.6147985, -1.777147)
(-0.4535456, 0.6147696, -1.777176)
(-0.4532149, 0.6148417, -1.777151)
(-0.4531808, 0.6148583, -1.777087)
(-0.4531734, 0.614859, -1.777084)
(-0.4531946, 0.6148583, -1.777085)
(-0.4531226, 0.6149186, -1.77709)
(-0.4531736, 0.615014, -1.777106)
(-0.4529827, 0.615069, -1.777076)
(-0.4529483, 0.6150669, -1.776921)
(-0.4529481, 0.6151352, -1.776866)
(-0.4528894, 0.6151567, -1.776842)
(-0.4528596, 0.6152048, -1.776889)
(-0.4528542, 0.6152284, -1.776876)
(-0.4528651, 0.615239, -1.776862)
(-0.4529464, 0.615133, -1.776802)
(-0.4529521, 0.6151594, -1.776825)
(-0.452945, 0.6151651, -1.776815)
(-0.4529483, 0.615117, -1.776789)
(-0.4529657, 0.6151644, -1.776803)
(-0.4529786, 0.6151687, -1.776808)
(-0.4530439, 0.6151412, -1.776861)
(-0.4529984, 0.6151005, -1.776865)
(-0.4530747, 0.6150844, -1.776864)
(-0.4531507, 0.6149799, -1.776818)
(-0.453171, 0.6149858, -1.776918)
(-0.4532232, 0.6149585, -1.776898)
(-0.453196, 0.6150342, -1.777062)
(-0.4532163, 0.6150275, -1.777067)
(-0.4531331, 0.6150444, -1.777052)
(-0.4531314, 0.6150239, -1.777029)
(-0.4531283, 0.6150191, -1.777015)
(-0.4532647, 0.6149805, -1.777022)
(-0.4532611, 0.6149664, -1.777018)
(-0.4532762, 0.6149918, -1.776983)
(-0.4532485, 0.614989, -1.776979)
(-0.4533129, 0.6149045, -1.776951)
(-0.4533448, 0.6149082, -1.776934)
(-0.4534163, 0.6148832, -1.776927)
(-0.4533918, 0.6149822, -1.777048)
(-0.453402, 0.614987, -1.777041)
(-0.4534092, 0.61498, -1.77704)
(-0.4533863, 0.6150556, -1.777068)
(-0.4533834, 0.6150661, -1.777127)
(-0.4534769, 0.6150328, -1.777146)
(-0.4534931, 0.6150037, -1.777078)
(-0.4534605, 0.6149576, -1.777115)
(-0.4532828, 0.6149929, -1.777095)
(-0.4532545, 0.6150159, -1.777074)
(-0.4532313, 0.6149704, -1.777122)
(-0.4532666, 0.6149712, -1.777131)
(-0.4532208, 0.6150124, -1.777127)
(-0.4532576, 0.6150292, -1.777163)
(-0.4532156, 0.6150402, -1.777163)
(-0.4531856, 0.6150986, -1.777166)
(-0.4531808, 0.6151153, -1.777157)
(-0.4530578, 0.6151588, -1.777138)
(-0.4530926, 0.6150776, -1.777077)
(-0.453054, 0.6150198, -1.777099)
(-0.4532068, 0.6149936, -1.777124)
(-0.4531813, 0.6150161, -1.777165)
(-0.453182, 0.6149969, -1.777194)
(-0.4532456, 0.6149882, -1.777201)
(-0.4532857, 0.6148719, -1.777127)
(-0.4533005, 0.6148665, -1.777112)
(-0.4532323, 0.6148919, -1.777101)
(-0.4531744, 0.614938, -1.777099)
(-0.4532301, 0.6150194, -1.777057)
(-0.4531889, 0.6150169, -1.777071)
(-0.4531841, 0.615032, -1.777084)
(-0.4531708, 0.6149864, -1.777112)
(-0.4530544, 0.6150136, -1.777098)
(-0.4530411, 0.6149659, -1.777082)
(-0.4531078, 0.6150674, -1.777042)
(-0.4529867, 0.6151183, -1.777021)
(-0.4528978, 0.6152042, -1.777032)
(-0.4528389, 0.6151375, -1.777054)
(-0.45294, 0.6151103, -1.777078)
(-0.4530127, 0.6150455, -1.777126)
(-0.4530349, 0.6151222, -1.777076)
(-0.4529843, 0.6151513, -1.777076)
(-0.453053, 0.6150154, -1.777017)
(-0.4530807, 0.615056, -1.776996)
(-0.4530683, 0.6150736, -1.776984)
(-0.4529948, 0.615194, -1.777081)
(-0.452899, 0.6150101, -1.777212)
(-0.4530149, 0.6149786, -1.777214)
(-0.4530778, 0.6149039, -1.777204)
(-0.4531286, 0.6149759, -1.777161)
(-0.4532278, 0.6149552, -1.777182)
(-0.4530973, 0.6150203, -1.777093)
(-0.4531426, 0.6150619, -1.777063)
(-0.4531083, 0.6150621, -1.777061)
(-0.4532557, 0.6148975, -1.776959)
(-0.453259, 0.6148868, -1.776935)
(-0.4534402, 0.6148355, -1.776923)
(-0.4534369, 0.6148424, -1.776941)
(-0.4534538, 0.6148299, -1.776918)
(-0.4533844, 0.6148472, -1.776897)
(-0.4532816, 0.6149902, -1.777018)
(-0.4532943, 0.6149893, -1.777024)
(-0.4532781, 0.6150129, -1.777009)
(-0.4533262, 0.614971, -1.777065)
(-0.4533134, 0.6149306, -1.777087)
(-0.4533296, 0.6149251, -1.777111)
(-0.4533877, 0.6148776, -1.777068)
(-0.4534223, 0.6149365, -1.777022)
(-0.4534078, 0.6149435, -1.777026)
(-0.4533806, 0.614972, -1.777026)
(-0.4534097, 0.6149924, -1.777011)
(-0.4535418, 0.6149479, -1.777022)
(-0.453568, 0.6149359, -1.776967)
(-0.453567, 0.6149013, -1.776964)
(-0.4535489, 0.6149113, -1.776957)
(-0.4534843, 0.6150025, -1.776933)
(-0.4534569, 0.6149532, -1.776981)
(-0.4532981, 0.6150028, -1.776944)
(-0.4533124, 0.6150181, -1.776976)
(-0.4532576, 0.6149447, -1.777045)
(-0.4531481, 0.6149693, -1.77704)
(-0.4531012, 0.6150525, -1.777084)
(-0.4530697, 0.615028, -1.777112)
(-0.4530559, 0.6150497, -1.777107)
(-0.4530544, 0.6150373, -1.777098)
(-0.4530334, 0.6150436, -1.777109)
(-0.4531028, 0.6150287, -1.777141)
(-0.4530344, 0.6151046, -1.777145)
(-0.4530706, 0.6151733, -1.777126)
(-0.4529788, 0.6152073, -1.77712)
(-0.452991, 0.6152048, -1.777107)
(-0.4530072, 0.6152558, -1.777181)
(-0.4529529, 0.6152821, -1.777195)
(-0.4529727, 0.6152614, -1.777166)
(-0.452951, 0.6152751, -1.77716)
(-0.4532518, 0.6152283, -1.77719)
(-0.4532752, 0.6151643, -1.777081)
(-0.4532433, 0.615093, -1.777125)
(-0.4532685, 0.6150739, -1.777144)
(-0.4533968, 0.6149517, -1.777131)
(-0.4534173, 0.6149758, -1.777114)
(-0.4532681, 0.6150135, -1.777099)
(-0.4532366, 0.6150662, -1.777037)
(-0.4532177, 0.615068, -1.777035)
(-0.4533939, 0.6150181, -1.777059)
(-0.4533336, 0.6150515, -1.776965)
(-0.4532824, 0.6149514, -1.777033)
(-0.4531131, 0.6150023, -1.777024)
(-0.4531305, 0.6150039, -1.777111)
(-0.4531138, 0.6149881, -1.777117)
(-0.4530516, 0.614993, -1.777097)
(-0.4531102, 0.6149396, -1.777057)
(-0.4531395, 0.6149789, -1.777039)
(-0.4530773, 0.6149776, -1.777041)
(-0.4530835, 0.6150025, -1.777111)
(-0.453095, 0.6150639, -1.777064)
(-0.4530182, 0.6150843, -1.77706)
(-0.4530373, 0.615114, -1.77707)
(-0.4530256, 0.6150961, -1.77708)
(-0.4529991, 0.6151179, -1.777067)
(-0.4530225, 0.6150919, -1.777056)
(-0.4529719, 0.6150584, -1.776987)
(-0.4531956, 0.6149862, -1.777024)
(-0.4531837, 0.6150253, -1.777046)
(-0.4531493, 0.6149778, -1.777068)
(-0.4532208, 0.6149517, -1.777084)
(-0.4532058, 0.614942, -1.777045)
(-0.4532022, 0.6149397, -1.777048)
(-0.4532983, 0.6149136, -1.77704)
(-0.4533191, 0.6148877, -1.777043)
(-0.4533191, 0.614874, -1.777024)
(-0.4533217, 0.6148716, -1.776995)
(-0.4533412, 0.6148052, -1.776871)
(-0.4533458, 0.6147994, -1.776853)
(-0.4532423, 0.6148436, -1.776815)
(-0.4532645, 0.6148238, -1.776864)
(-0.4532869, 0.6148318, -1.77685)
(-0.4532194, 0.614852, -1.776823)
(-0.4532423, 0.6149266, -1.777009)
(-0.4532905, 0.6150136, -1.776972)
(-0.4534059, 0.6149961, -1.776978)
(-0.4533367, 0.6150726, -1.777009)
(-0.4532926, 0.6150038, -1.777056)
(-0.4531612, 0.6150571, -1.777049)
(-0.45328, 0.614951, -1.777103)
(-0.453264, 0.6149125, -1.777135)
(-0.453475, 0.6148349, -1.77718)
(-0.4534698, 0.6148012, -1.777126)
(-0.453485, 0.6147785, -1.777165)
(-0.4535046, 0.614771, -1.777176)
(-0.4533858, 0.6149143, -1.777219)
(-0.4533689, 0.6148803, -1.777248)
(-0.4532704, 0.6149102, -1.777251)
(-0.4532046, 0.6149657, -1.777297)
(-0.4532609, 0.6150515, -1.777275)
(-0.4530673, 0.6151127, -1.777262)
(-0.4531107, 0.6150887, -1.777277)
(-0.4531319, 0.6151605, -1.77726)
(-0.4531336, 0.6151786, -1.777276)
(-0.4531908, 0.6151193, -1.777266)
(-0.4531677, 0.6151214, -1.777135)
(-0.4530401, 0.6151601, -1.777124)
(-0.4529991, 0.615209, -1.77716)
(-0.4529309, 0.615146, -1.777214)
(-0.4529014, 0.6151656, -1.77721)
(-0.4530067, 0.6150205, -1.777143)
(-0.4529963, 0.615015, -1.77714)
(-0.4530213, 0.6150169, -1.777136)
(-0.4529562, 0.6150701, -1.777195)
(-0.4529824, 0.6151441, -1.777167)
(-0.4529209, 0.6151547, -1.77718)
(-0.4528892, 0.6151923, -1.777206)
(-0.4528766, 0.6152059, -1.777192)
(-0.4530754, 0.6151508, -1.777233)
(-0.4530325, 0.6151427, -1.777119)
(-0.4530175, 0.6151321, -1.777127)
(-0.4529617, 0.615144, -1.77711)
(-0.452971, 0.6150934, -1.776984)
(-0.4529781, 0.6151525, -1.776932)
(-0.4530203, 0.6151457, -1.776931)
(-0.4529922, 0.6151649, -1.776961)
(-0.4529767, 0.6151619, -1.776948)
(-0.4531026, 0.6151237, -1.776958)
(-0.4530663, 0.6151934, -1.777044)
(-0.4530292, 0.6151434, -1.777087)
(-0.4529614, 0.6151822, -1.777066)
(-0.4530365, 0.6150786, -1.777018)
(-0.4530444, 0.6151135, -1.776973)
(-0.4530389, 0.6151186, -1.776965)
(-0.4530315, 0.6151533, -1.776973)
(-0.4530029, 0.6151401, -1.776968)
(-0.453197, 0.6150887, -1.776987)
(-0.4531784, 0.6150788, -1.776855)
(-0.453073, 0.6149043, -1.776962)
(-0.4530427, 0.6149067, -1.776958)
(-0.4530163, 0.6149379, -1.77703)
(-0.4530101, 0.6149434, -1.777039)
(-0.4530387, 0.6149216, -1.777041)
(-0.4530997, 0.6148849, -1.777135)
(-0.4531207, 0.6149166, -1.77711)
(-0.4530702, 0.6149497, -1.777107)
(-0.4530354, 0.6150016, -1.777143)
(-0.4530723, 0.6150651, -1.777113)
(-0.4530072, 0.6151099, -1.777101)
(-0.4530406, 0.6150482, -1.777071)
(-0.4530249, 0.6150339, -1.777109)
(-0.4530563, 0.6150402, -1.777129)
(-0.4529946, 0.6150936, -1.777133)
(-0.4530311, 0.6151663, -1.777103)
(-0.4531903, 0.6151047, -1.777121)
(-0.4531951, 0.6151094, -1.777084)
(-0.4531889, 0.6151211, -1.777087)
(-0.453326, 0.6151013, -1.77709)
(-0.4532413, 0.6151844, -1.777008)
(-0.4532216, 0.6151631, -1.777027)
(-0.4532166, 0.6152062, -1.777022)
(-0.453279, 0.6151111, -1.776962)
(-0.4532604, 0.615062, -1.776997)
(-0.4530854, 0.6151228, -1.776983)
(-0.4531345, 0.615103, -1.777052)
(-0.4531119, 0.6150652, -1.777071)
(-0.4530206, 0.6151032, -1.777063)
(-0.4529343, 0.6151415, -1.777003)
(-0.4528971, 0.615109, -1.777017)
(-0.4528594, 0.6151309, -1.777015)
(-0.4528472, 0.6150635, -1.776876)
(-0.4528699, 0.6150938, -1.776855)
(-0.453027, 0.615045, -1.776852)
(-0.4530768, 0.6151029, -1.777022)
(-0.4530909, 0.6151085, -1.777012)
(-0.4530721, 0.6151067, -1.777013)
(-0.4531808, 0.6150371, -1.777024)
(-0.4531574, 0.6149788, -1.777045)
(-0.4532919, 0.614941, -1.777067)
(-0.4533474, 0.6149088, -1.777026)
(-0.4533958, 0.6149393, -1.777006)
(-0.4534974, 0.6149043, -1.777013)
