(0.2121351, 1.275292, 0.04191232)
(0.2117364, 1.274961, 0.04258192)
(0.2112341, 1.274603, 0.04328108)
(0.2106888, 1.274177, 0.04409337)
(0.2102623, 1.273879, 0.04471099)
(0.2096462, 1.273311, 0.0454098)
(0.2091451, 1.272806, 0.04629445)
(0.2084544, 1.272277, 0.047243)
(0.2077341, 1.271759, 0.04831743)
(0.2068596, 1.271221, 0.04952502)
(0.2058692, 1.270496, 0.0508647)
(0.2047381, 1.269735, 0.05227137)
(0.2034497, 1.268971, 0.05369091)
(0.2020669, 1.268184, 0.05543852)
(0.2004597, 1.267355, 0.05680275)
(0.198319, 1.266649, 0.05818462)
(0.196481, 1.266153, 0.05915821)
(0.1942563, 1.265434, 0.06054032)
(0.1917729, 1.265001, 0.0619936)
(0.1893449, 1.264495, 0.06348073)
(0.1866736, 1.264089, 0.06494212)
(0.1842165, 1.263795, 0.06651306)
(0.1811478, 1.263515, 0.06817997)
(0.1781428, 1.263559, 0.06974292)
(0.1751511, 1.263689, 0.07128167)
(0.1721573, 1.263689, 0.07289457)
(0.1689017, 1.263719, 0.07467294)
(0.1660066, 1.263537, 0.07647324)
(0.163147, 1.263296, 0.07805073)
(0.160409, 1.262793, 0.0797472)
(0.158196, 1.26233, 0.08144188)
(0.1559572, 1.262136, 0.08290696)
(0.1538711, 1.262233, 0.08433926)
(0.15207, 1.262566, 0.08583748)
(0.1501648, 1.262421, 0.08770108)
(0.148556, 1.262592, 0.08934319)
(0.1474643, 1.262528, 0.09087372)
(0.1463699, 1.262238, 0.0923847)
(0.1455455, 1.262155, 0.09397197)
(0.1445191, 1.262158, 0.09536088)
(0.143909, 1.26238, 0.09690523)
(0.1434097, 1.263351, 0.09851623)
(0.1432199, 1.264001, 0.1001627)
(0.1427951, 1.264346, 0.1020372)
(0.1426783, 1.264928, 0.1042095)
(0.1426201, 1.265404, 0.1064861)
(0.1425924, 1.265855, 0.1086627)
(0.1427402, 1.266265, 0.1111612)
(0.1431806, 1.266634, 0.1136416)
(0.1435754, 1.267171, 0.1159023)
(0.1438084, 1.26746, 0.1181747)
(0.144196, 1.267579, 0.1208178)
(0.1446309, 1.267912, 0.1231923)
(0.1450064, 1.267684, 0.1260483)
(0.1456325, 1.267271, 0.1287961)
(0.146131, 1.266795, 0.1314775)
(0.1466517, 1.266396, 0.134234)
(0.1475198, 1.26553, 0.1370041)
(0.1483593, 1.265036, 0.1395788)
(0.1491721, 1.264223, 0.1424363)
(0.1501074, 1.263336, 0.1454009)
(0.1509228, 1.262273, 0.148407)
(0.1522624, 1.260846, 0.1518314)
(0.1535563, 1.259506, 0.1549797)
(0.15481, 1.258236, 0.1580704)
(0.1563058, 1.257051, 0.1615089)
(0.1580198, 1.255944, 0.1650441)
(0.1597092, 1.254695, 0.1686661)
(0.1620135, 1.253496, 0.172609)
(0.1644554, 1.252094, 0.1766543)
(0.1668417, 1.250696, 0.1806774)
(0.1698351, 1.249346, 0.185342)
(0.1730065, 1.24836, 0.1897734)
(0.1760142, 1.247478, 0.1939737)
(0.1794906, 1.246852, 0.1986313)
(0.1829748, 1.24648, 0.2035854)
(0.1866372, 1.246077, 0.208894)
(0.1904404, 1.245712, 0.2140111)
(0.1944702, 1.245697, 0.2195151)
(0.1985238, 1.245534, 0.2252611)
(0.2037582, 1.246149, 0.2314577)
(0.2083898, 1.246998, 0.2372221)
(0.2130132, 1.247791, 0.2431934)
(0.2180471, 1.248932, 0.2490249)
(0.2227452, 1.250205, 0.2549056)
(0.2280023, 1.252459, 0.2616951)
(0.2332449, 1.254504, 0.2672989)
(0.2381713, 1.258552, 0.2729051)
(0.2431276, 1.262049, 0.278753)
(0.2491055, 1.266096, 0.2849245)
(0.2541499, 1.271448, 0.2905352)
(0.259093, 1.276022, 0.2965302)
(0.2641811, 1.281148, 0.301836)
(0.2687662, 1.286388, 0.3070958)
(0.2732906, 1.291132, 0.3129854)
(0.2777486, 1.295733, 0.318459)
(0.2816286, 1.299766, 0.3239768)
(0.2856598, 1.304185, 0.3291392)
(0.2893641, 1.308892, 0.335376)
(0.292352, 1.313158, 0.3403742)
(0.2957718, 1.317862, 0.3447883)
(0.2980275, 1.322118, 0.3494501)
(0.3006313, 1.326145, 0.3541358)
(0.3035202, 1.330683, 0.3580818)
(0.3057876, 1.334804, 0.3627586)
(0.3080554, 1.33857, 0.3672838)
(0.3103592, 1.342698, 0.3711717)
(0.3122671, 1.3469, 0.3758585)
(0.313971, 1.350677, 0.3801765)
(0.3158739, 1.354603, 0.384249)
(0.3175025, 1.358221, 0.388406)
(0.3189917, 1.361819, 0.3926115)
(0.3204515, 1.365356, 0.3968587)
(0.3218751, 1.368582, 0.4009449)
(0.3228433, 1.371655, 0.4051285)
(0.3239949, 1.374808, 0.4093468)
(0.3250525, 1.378075, 0.4138789)
(0.3257983, 1.380533, 0.4181654)
(0.3266802, 1.383105, 0.4222026)
(0.3275309, 1.385235, 0.4265301)
(0.3283386, 1.387337, 0.4306602)
(0.3290205, 1.388878, 0.4348316)
(0.3293717, 1.390724, 0.4390323)
(0.3297777, 1.391825, 0.4433384)
(0.3304107, 1.393346, 0.4476759)
(0.3308856, 1.394387, 0.4525552)
(0.3314583, 1.39466, 0.4569576)
(0.3322058, 1.395422, 0.4610648)
(0.332473, 1.395794, 0.4655521)
(0.3327188, 1.395973, 0.4698813)
(0.3329797, 1.396183, 0.4742427)
(0.3330772, 1.395982, 0.478533)
(0.3329117, 1.395416, 0.482928)
(0.3328421, 1.395061, 0.4873292)
(0.3324988, 1.394483, 0.4921911)
(0.3320961, 1.393893, 0.4967299)
(0.3317249, 1.39333, 0.5014217)
(0.3311334, 1.392613, 0.505929)
(0.3300781, 1.391994, 0.5106211)
(0.3290119, 1.39154, 0.515795)
(0.3277597, 1.391102, 0.5205102)
(0.3254716, 1.391149, 0.5254564)
(0.3234835, 1.391066, 0.5305226)
(0.3216834, 1.391282, 0.535929)
(0.3196368, 1.3918, 0.5411675)
(0.317209, 1.39257, 0.5469363)
(0.3152785, 1.39339, 0.5522568)
(0.3123727, 1.395193, 0.557848)
(0.3097346, 1.397012, 0.563633)
(0.3070095, 1.39885, 0.5690572)
(0.3035984, 1.401541, 0.5743778)
(0.3002422, 1.404636, 0.5798743)
(0.2967966, 1.408205, 0.5855529)
(0.293474, 1.412034, 0.591078)
(0.2900627, 1.415593, 0.59671)
(0.287287, 1.419757, 0.6016943)
(0.284333, 1.424542, 0.6071074)
(0.2812238, 1.429187, 0.612078)
(0.2785294, 1.433772, 0.6169388)
(0.2760715, 1.438545, 0.6215453)
(0.2734709, 1.44292, 0.626173)
(0.2706807, 1.447559, 0.6312308)
(0.2687879, 1.451448, 0.6356974)
(0.2665968, 1.455542, 0.6395783)
(0.2642064, 1.459497, 0.6438549)
(0.26244, 1.463215, 0.6474755)
(0.2607846, 1.467191, 0.6504312)
(0.2586386, 1.471181, 0.6543262)
(0.2574377, 1.474736, 0.6575134)
(0.2558663, 1.478258, 0.6605213)
(0.2542272, 1.481912, 0.6642075)
(0.2532642, 1.484973, 0.6673267)
(0.2521517, 1.488106, 0.670167)
(0.2511399, 1.491028, 0.672955)
(0.2503707, 1.493903, 0.6758344)
(0.2495446, 1.49666, 0.6784058)
(0.2484694, 1.499385, 0.6810417)
(0.2480061, 1.501682, 0.6834099)
(0.247205, 1.504111, 0.6856544)
(0.2457631, 1.506917, 0.6891325)
(0.2453568, 1.50894, 0.691632)
(0.2447047, 1.510821, 0.6939282)
(0.2445803, 1.512319, 0.6958854)
(0.2443113, 1.513838, 0.6980016)
(0.2441192, 1.51529, 0.6996963)
(0.2440281, 1.51667, 0.7015662)
(0.2442102, 1.517683, 0.7034211)
(0.2442756, 1.518796, 0.7054257)
(0.2443023, 1.519859, 0.7076557)
(0.2445879, 1.520569, 0.7094519)
(0.2448421, 1.521365, 0.7108297)
(0.245455, 1.521726, 0.7122591)
(0.2460895, 1.522052, 0.7139678)
(0.2466891, 1.522292, 0.7151871)
(0.2476151, 1.52229, 0.7162924)
(0.248606, 1.522133, 0.7175672)
(0.2492926, 1.522079, 0.7185688)
(0.2504866, 1.521954, 0.7196684)
(0.2517853, 1.521716, 0.7207334)
(0.2530084, 1.521437, 0.7213593)
(0.2544184, 1.521218, 0.7221096)
(0.2561212, 1.520886, 0.7228298)
(0.2578363, 1.520401, 0.7234161)
(0.2596672, 1.519839, 0.7237)
(0.2617972, 1.519107, 0.7239876)
(0.2637482, 1.518284, 0.7241607)
(0.265646, 1.517648, 0.7242084)
(0.2677612, 1.517546, 0.724242)
(0.269619, 1.517919, 0.7242062)
(0.2718086, 1.519445, 0.7239354)
(0.2737896, 1.521538, 0.7240846)
(0.2755086, 1.523118, 0.7244387)
(0.2779105, 1.524282, 0.7239122)
(0.2796659, 1.525238, 0.7238159)
(0.2812386, 1.525765, 0.7241342)
(0.2832584, 1.526245, 0.7239804)
(0.2848563, 1.526996, 0.724241)
(0.2866449, 1.528095, 0.7240372)
(0.2880468, 1.529411, 0.7241821)
(0.2896867, 1.53046, 0.7243447)
(0.2911234, 1.531111, 0.7244506)
(0.2926016, 1.531855, 0.7245626)
