(0.9446589, 0.3641333, 0.2921465)
(0.9473354, 0.3645548, 0.2936307)
(0.9501669, 0.3642203, 0.2945468)
(0.9524763, 0.3634105, 0.2954875)
(0.9547175, 0.3624209, 0.295953)
(0.9570497, 0.3584146, 0.2935921)
(0.9592069, 0.3554796, 0.2925243)
(0.9624093, 0.350945, 0.2902586)
(0.9656166, 0.3455039, 0.2881276)
(0.9692674, 0.3382428, 0.2854054)
(0.9728131, 0.330763, 0.2815173)
(0.9766762, 0.3193404, 0.275003)
(0.9832569, 0.3066761, 0.2687233)
(0.986691, 0.2949409, 0.2610684)
(0.992304, 0.2844823, 0.2533082)
(0.9981841, 0.2771895, 0.24921)
(1.004347, 0.2691697, 0.244421)
(1.00905, 0.2608291, 0.2386254)
(1.013534, 0.2529091, 0.2323541)
(1.017868, 0.2454392, 0.2260237)
(1.021131, 0.239651, 0.2202544)
(1.024138, 0.2355587, 0.2152617)
(1.02746, 0.2326208, 0.2112145)
(1.031363, 0.2299897, 0.2082104)
(1.0341, 0.2268155, 0.2051977)
(1.035425, 0.2223228, 0.2004036)
(1.036154, 0.2166073, 0.1946037)
(1.036368, 0.209066, 0.1881457)
(1.03722, 0.2014643, 0.1815322)
(1.037195, 0.192329, 0.1740694)
(1.037126, 0.1809068, 0.1654904)
(1.037112, 0.1658765, 0.1541036)
(1.037524, 0.1472864, 0.1400595)
(1.038254, 0.1314816, 0.1279778)
(1.040115, 0.115231, 0.1160232)
(1.041987, 0.1023418, 0.106757)
(1.044594, 0.09330751, 0.101208)
(1.047071, 0.08533597, 0.09604605)
(1.049683, 0.07580777, 0.08972972)
(1.052779, 0.06545036, 0.08327567)
(1.057148, 0.05554783, 0.07835946)
(1.061529, 0.05058987, 0.07912215)
(1.063956, 0.04663109, 0.07988006)
(1.06551, 0.05026099, 0.08700628)
(1.065736, 0.05518899, 0.09532858)
(1.065269, 0.05825253, 0.1019027)
(1.065308, 0.06008819, 0.1074151)
(1.065119, 0.06029687, 0.111442)
(1.065239, 0.06069128, 0.1156688)
(1.065473, 0.0619744, 0.1210507)
(1.066174, 0.06270255, 0.1262304)
(1.066787, 0.06377107, 0.1312265)
(1.06888, 0.06337962, 0.134626)
(1.068285, 0.06244689, 0.1364664)
(1.069058, 0.0657354, 0.1404373)
(1.070787, 0.0702799, 0.1455938)
(1.07285, 0.07445032, 0.1508759)
(1.074271, 0.07693151, 0.1552322)
(1.077345, 0.07804365, 0.1582524)
(1.080551, 0.07758045, 0.1596521)
(1.082949, 0.07940611, 0.1618817)
(1.085644, 0.08136754, 0.1646215)
(1.088268, 0.0856782, 0.1691743)
(1.090631, 0.09167339, 0.1749298)
(1.092645, 0.09749806, 0.1804673)
(1.094842, 0.1032348, 0.1858757)
(1.097393, 0.1084873, 0.1912456)
(1.100565, 0.111511, 0.1947268)
(1.103845, 0.1162188, 0.1999488)
(1.106164, 0.1207681, 0.2049025)
(1.108876, 0.1222116, 0.2073117)
(1.111382, 0.1244381, 0.2097617)
(1.114388, 0.1279769, 0.2121167)
(1.118137, 0.1320707, 0.2153966)
(1.12146, 0.1398007, 0.2207767)
(1.125102, 0.1494419, 0.2286581)
(1.129607, 0.1584817, 0.2353991)
(1.134789, 0.1685933, 0.2428795)
(1.138625, 0.1790621, 0.2507849)
(1.141914, 0.1908438, 0.2593583)
(1.14436, 0.2049527, 0.2697503)
(1.144816, 0.2174206, 0.2792745)
(1.146441, 0.2281501, 0.2882714)
(1.151146, 0.2413409, 0.3029322)
(1.157271, 0.2513472, 0.3164172)
(1.162082, 0.2557902, 0.3260263)
(1.163549, 0.2612876, 0.3359465)
(1.161419, 0.2731109, 0.3512178)
(1.158962, 0.2914799, 0.3725283)
(1.154745, 0.3131617, 0.398023)
(1.153305, 0.330221, 0.4195236)
(1.153147, 0.3441548, 0.4380673)
(1.154229, 0.3495719, 0.4482064)
(1.156591, 0.3530706, 0.4571784)
(1.156668, 0.3619121, 0.4696421)
(1.155817, 0.3797521, 0.4881502)
(1.154577, 0.3990911, 0.5080075)
(1.154991, 0.4163346, 0.5279762)
(1.155099, 0.4314984, 0.5463747)
(1.154347, 0.4464208, 0.562798)
(1.153804, 0.4638276, 0.5802523)
(1.152033, 0.4809484, 0.5946524)
(1.14721, 0.4979549, 0.607923)
(1.14092, 0.51567, 0.6220372)
(1.130991, 0.5345402, 0.6367759)
(1.122347, 0.5474156, 0.6464575)
(1.116251, 0.5591946, 0.6556714)
(1.112552, 0.568707, 0.6631044)
(1.11211, 0.5739771, 0.665916)
(1.109249, 0.5787567, 0.6675115)
(1.108817, 0.583604, 0.6675792)
(1.108222, 0.5871141, 0.6658757)
(1.107677, 0.5904214, 0.6645974)
(1.108131, 0.5960211, 0.664375)
(1.108627, 0.6036798, 0.6658221)
(1.108834, 0.6112792, 0.6676092)
(1.108459, 0.6192387, 0.6686779)
(1.107343, 0.6265775, 0.6698871)
(1.105634, 0.6340104, 0.6706386)
(1.102784, 0.63912, 0.6681111)
(1.099921, 0.6426226, 0.6639147)
(1.097555, 0.6464978, 0.6606244)
(1.095017, 0.6473771, 0.6544007)
(1.093748, 0.6490951, 0.650071)
(1.091485, 0.6486453, 0.6430635)
(1.090501, 0.6489353, 0.6377199)
(1.088696, 0.6504214, 0.6337778)
(1.086417, 0.6504255, 0.6283521)
(1.08455, 0.6457579, 0.6185707)
(1.084871, 0.6415696, 0.6098076)
(1.08469, 0.6394204, 0.6027796)
(1.083897, 0.6371949, 0.5956547)
(1.082742, 0.6387809, 0.5927644)
(1.08291, 0.639137, 0.5892275)
(1.085198, 0.6394802, 0.5864653)
(1.087069, 0.6365336, 0.580304)
(1.088608, 0.638962, 0.578573)
(1.090219, 0.6471968, 0.5832868)
(1.091637, 0.6512064, 0.5850261)
(1.092526, 0.6545147, 0.5882401)
(1.094365, 0.6575164, 0.5899479)
(1.097864, 0.6594989, 0.5914264)
(1.10224, 0.6654882, 0.5961036)
(1.107008, 0.6727435, 0.601808)
(1.110703, 0.6799837, 0.6072841)
(1.112913, 0.6867078, 0.6128021)
(1.113453, 0.6907901, 0.6170002)
(1.112837, 0.6918714, 0.6195728)
(1.113326, 0.6929143, 0.6219469)
(1.114898, 0.6928595, 0.6239765)
(1.118062, 0.6911753, 0.6235308)
(1.120714, 0.6919922, 0.6249982)
(1.122842, 0.6923802, 0.6261617)
(1.121497, 0.6900928, 0.6248857)
(1.118342, 0.6863579, 0.6221703)
(1.116748, 0.6824356, 0.6196846)
(1.11758, 0.6756951, 0.6146411)
(1.119022, 0.6681656, 0.6083186)
(1.121193, 0.6569828, 0.5980023)
(1.123044, 0.6492586, 0.5896357)
(1.124319, 0.6448053, 0.5827952)
(1.124734, 0.6401771, 0.5763761)
(1.124348, 0.6301336, 0.5630041)
(1.125788, 0.6189098, 0.5492254)
(1.127909, 0.6103652, 0.5371113)
(1.12943, 0.6144161, 0.5358559)
(1.129957, 0.6141621, 0.5313612)
(1.130071, 0.6098031, 0.5225982)
(1.130462, 0.5940273, 0.5050933)
(1.132322, 0.5722975, 0.4835587)
(1.13509, 0.5499768, 0.4617392)
(1.138097, 0.5372947, 0.4491311)
(1.14086, 0.5253934, 0.4365967)
(1.143714, 0.5059881, 0.4162752)
(1.147717, 0.4836303, 0.3947993)
(1.153488, 0.4574376, 0.370209)
(1.154759, 0.4335317, 0.3455098)
(1.15911, 0.4229876, 0.3363361)
(1.161817, 0.406179, 0.3208873)
(1.163406, 0.3854809, 0.301707)
(1.164425, 0.3642727, 0.2809841)
(1.161977, 0.347874, 0.2639149)
(1.158722, 0.3338543, 0.2488683)
(1.154017, 0.3250274, 0.2381537)
(1.150372, 0.316855, 0.2299456)
(1.14808, 0.3123732, 0.2275064)
(1.147162, 0.305052, 0.2236585)
(1.14441, 0.2946136, 0.2154531)
(1.141899, 0.284714, 0.2081369)
(1.139516, 0.2760957, 0.2014751)
(1.136416, 0.2682329, 0.1957122)
(1.132509, 0.2624449, 0.1927897)
(1.129402, 0.2569741, 0.1905742)
(1.125867, 0.2509432, 0.187998)
(1.122635, 0.2439561, 0.1854505)
(1.118251, 0.2371985, 0.182774)
(1.11298, 0.2312014, 0.180244)
(1.105682, 0.2272139, 0.1792305)
(1.097849, 0.2252607, 0.1790427)
(1.090903, 0.2229334, 0.1785294)
(1.084554, 0.2223361, 0.1787115)
(1.077866, 0.2216112, 0.1792064)
(1.071272, 0.2206529, 0.1793815)
(1.064045, 0.2189122, 0.1791082)
(1.057695, 0.2187662, 0.1800182)
(1.051521, 0.2192003, 0.181793)
(1.046543, 0.2201153, 0.1842512)
(1.04182, 0.2199483, 0.186318)
(1.037096, 0.2206665, 0.1883758)
(1.033727, 0.21969, 0.1890456)
(1.030648, 0.2183887, 0.1903451)
(1.026559, 0.2182417, 0.1923137)
(1.022803, 0.216458, 0.1937972)
(1.018727, 0.21427, 0.1945781)
(1.015607, 0.2125489, 0.1963853)
(1.013927, 0.2070615, 0.1947928)
(1.011321, 0.2054393, 0.1941853)
(1.01002, 0.2091042, 0.1986479)
(1.007362, 0.2111272, 0.2028259)
(1.003572, 0.2119142, 0.2069686)
(1.000888, 0.2124485, 0.2099295)
(0.9986719, 0.2121471, 0.2117599)
(0.9977742, 0.2110742, 0.2110894)
(0.9969058, 0.2119912, 0.2128457)
(0.9981511, 0.2137734, 0.2147191)
(1.000657, 0.2166057, 0.2173194)
(1.003306, 0.2201885, 0.2201428)
(1.004969, 0.2237609, 0.2226409)
(1.005793, 0.2277721, 0.2239885)
(1.004142, 0.2323757, 0.2252004)
(1.001238, 0.2366716, 0.2266224)
(0.9978421, 0.2459275, 0.2329311)
(0.9978771, 0.2563586, 0.2404368)
(0.9960197, 0.2649988, 0.2454793)
(0.9897653, 0.2702466, 0.2465625)
(0.9880419, 0.2833394, 0.2568271)
(0.9873047, 0.2959878, 0.269157)
(0.9835516, 0.3030151, 0.2760885)
(0.9772918, 0.3037537, 0.2780324)
(0.9727693, 0.3104488, 0.2841586)
(0.9651021, 0.3189478, 0.291307)
(0.9592479, 0.3274944, 0.29792)
(0.9533405, 0.3357514, 0.3037957)
(0.9476992, 0.3423632, 0.3086353)
(0.9413641, 0.3428461, 0.3074659)
(0.9350468, 0.3453577, 0.3087329)
(0.9285545, 0.3456647, 0.3080479)
(0.9223422, 0.3454049, 0.306785)
(0.9155424, 0.3438619, 0.3044072)
(0.9098684, 0.3427601, 0.3026439)
(0.9041626, 0.3421084, 0.3014534)
(0.8986588, 0.341535, 0.3002462)
(0.893716, 0.3412519, 0.2991124)
(0.8902348, 0.3418884, 0.2988818)
(0.8862311, 0.3390384, 0.2943935)
(0.887504, 0.3361322, 0.2916651)
(0.8840395, 0.3342151, 0.2885513)
(0.8811568, 0.337042, 0.2877879)
(0.8799374, 0.3444164, 0.2906292)
(0.878834, 0.3487796, 0.2923238)
(0.8770663, 0.3515163, 0.2925197)
(0.8753322, 0.3545265, 0.2932372)
(0.8743927, 0.3579649, 0.2938796)
(0.8726397, 0.3610497, 0.2938544)
(0.8711107, 0.3666044, 0.2963729)
(0.8695399, 0.3712984, 0.2980807)
(0.8675774, 0.377212, 0.300742)
(0.8662477, 0.3824184, 0.3030165)
(0.8661773, 0.3873248, 0.3052888)
(0.8665515, 0.3916629, 0.3073891)
(0.8656029, 0.3959718, 0.309331)
(0.8646464, 0.4004882, 0.3112265)
(0.8636864, 0.4049874, 0.3131096)
(0.8614666, 0.4064963, 0.3135439)
(0.8608527, 0.4097595, 0.3148542)
(0.8598234, 0.4138139, 0.316389)
(0.8591363, 0.4176246, 0.3179274)
(0.8595273, 0.4212666, 0.3184734)
(0.861871, 0.4229727, 0.3185223)
(0.8615408, 0.4272326, 0.3207929)
(0.862914, 0.4302296, 0.3212361)
(0.8647225, 0.4342788, 0.3232414)
(0.8668653, 0.4387228, 0.3255326)
(0.8687718, 0.4428825, 0.3275132)
(0.8701358, 0.4472293, 0.3295185)
(0.8713825, 0.4512281, 0.3313694)
(0.8726316, 0.4552602, 0.3332426)
(0.8738615, 0.4592551, 0.3351039)
(0.8880383, 0.4684501, 0.3424378)
(0.9018917, 0.4797469, 0.3527786)
