(329.335, 78.82024, 354.1995)
(338.0059, 78.39516, 355.0109)
(349.6927, 85.413, 351.7921)
(340.1333, 89.51183, 354.5782)
(329.9265, 96.94853, 354.6162)
(332.4451, 101.3734, 356.2485)
(328.5393, 105.9106, 355.9471)
(323.6991, 107.6184, 355.1511)
(319.0686, 109.4835, 352.5925)
(316.771, 110.7985, 351.0107)
(312.0158, 112.8328, 347.2467)
(309.9615, 113.7017, 345.737)
(305.6692, 114.6649, 344.0027)
(303.3986, 116.0852, 342.7768)
(299.2163, 121.3636, 337.7543)
(297.2279, 123.8117, 335.3843)
(291.5337, 125.9787, 332.1333)
(289.4279, 128.1208, 328.9389)
(284.8718, 139.4644, 317.3945)
(283.6336, 149.974, 307.4508)
(283.8965, 165.2706, 293.2088)
(284.9682, 171.5309, 287.2896)
(286.0867, 179.7051, 279.2061)
(286.3204, 181.2746, 277.724)
(285.1568, 173.366, 284.5039)
(283.8642, 166.4852, 290.4636)
(286.3665, 162.6986, 292.7084)
(287.0629, 158.4413, 299.015)
(290.7037, 146.5498, 313.7785)
(296.0527, 128.2415, 332.6931)
(295.3862, 128.9965, 331.7703)
(288.4428, 138.9874, 323.0314)
(287.1137, 129.8309, 331.2669)
(292.4403, 131.0698, 328.5901)
(288.0285, 137.773, 323.7983)
(287.666, 138.3199, 323.3217)
(290.5259, 127.7957, 331.7072)
(291.7097, 128.2636, 330.8733)
