(1.237478, 0.4301312, 0.574579)
(1.237419, 0.4301956, 0.5745678)
(1.237389, 0.4302055, 0.5745986)
(1.237345, 0.4302106, 0.5746068)
(1.237278, 0.4302461, 0.5745777)
(1.237407, 0.4301391, 0.5745237)
(1.237413, 0.4301196, 0.5745338)
(1.237522, 0.4301117, 0.57462)
(1.237606, 0.4300436, 0.5745887)
(1.237635, 0.4300259, 0.5746409)
(1.23763, 0.4299799, 0.5746995)
(1.237648, 0.4300086, 0.5748144)
(1.237717, 0.4300866, 0.5747949)
(1.237689, 0.43018, 0.5746293)
(1.237695, 0.4302184, 0.5746441)
(1.23771, 0.4300878, 0.5747919)
(1.237876, 0.4300868, 0.5749041)
(1.237885, 0.430153, 0.5749817)
(1.237995, 0.4302014, 0.5749512)
(1.238068, 0.4302909, 0.5748621)
(1.238132, 0.4302522, 0.5748507)
(1.238228, 0.4302961, 0.5748271)
(1.238402, 0.4304036, 0.5747235)
(1.238487, 0.4303771, 0.5746518)
(1.238453, 0.4303365, 0.5746169)
(1.238507, 0.4303254, 0.5746272)
(1.238554, 0.4303607, 0.5746357)
(1.238596, 0.4303367, 0.5746568)
(1.23854, 0.4302898, 0.5746582)
(1.238747, 0.4300578, 0.5745177)
(1.238747, 0.429939, 0.5745808)
(1.238695, 0.4298921, 0.5745069)
(1.238694, 0.4298863, 0.5744846)
(1.238795, 0.4298193, 0.5745525)
(1.238974, 0.4297728, 0.5746841)
(1.23913, 0.4296375, 0.5746871)
(1.239461, 0.4298061, 0.574586)
(1.239528, 0.4298075, 0.5746344)
(1.239603, 0.4297912, 0.5746629)
(1.239516, 0.4298511, 0.5746571)
(1.239806, 0.4299192, 0.5748504)
(1.239928, 0.4297839, 0.5749029)
(1.239974, 0.4298151, 0.5749112)
(1.239977, 0.4297827, 0.5749985)
(1.240007, 0.4300129, 0.5754163)
(1.240301, 0.4301189, 0.5756512)
(1.240555, 0.4302173, 0.5762403)
(1.240767, 0.4302552, 0.5768003)
(1.240947, 0.4304626, 0.5774355)
(1.240926, 0.4306653, 0.5778875)
(1.241055, 0.4309559, 0.5783125)
(1.241206, 0.431389, 0.5787418)
(1.241594, 0.4318864, 0.579281)
(1.242265, 0.4325816, 0.5799549)
(1.242928, 0.4332551, 0.5808431)
(1.243957, 0.4345136, 0.5817537)
(1.244984, 0.4360508, 0.5830477)
(1.245513, 0.4375952, 0.5848476)
(1.245697, 0.4400311, 0.5871792)
(1.246112, 0.443401, 0.5899869)
(1.246389, 0.4461807, 0.5925146)
(1.24669, 0.4491668, 0.5954403)
(1.247989, 0.4520233, 0.5979917)
(1.249176, 0.4552519, 0.600076)
(1.250973, 0.4598563, 0.6006433)
(1.252548, 0.4651953, 0.6008545)
(1.254193, 0.4699706, 0.6014881)
(1.255898, 0.4751002, 0.6024028)
(1.25735, 0.4806889, 0.6033854)
(1.259151, 0.4860643, 0.6043684)
(1.261111, 0.4914117, 0.6051432)
(1.263204, 0.4973165, 0.6059558)
(1.265145, 0.5025339, 0.6065941)
(1.267409, 0.5076963, 0.6075809)
(1.269282, 0.5129806, 0.6091381)
(1.271285, 0.517586, 0.6105717)
(1.273746, 0.5222781, 0.6120424)
(1.275701, 0.5261029, 0.6139555)
(1.27712, 0.5295797, 0.6160047)
(1.279368, 0.5335148, 0.6177723)
(1.280733, 0.5362208, 0.6208261)
(1.282353, 0.5391939, 0.6226362)
(1.283769, 0.540881, 0.6257335)
(1.28486, 0.5422892, 0.6291702)
(1.285583, 0.5429227, 0.6326809)
(1.286929, 0.5440488, 0.6359411)
(1.287579, 0.5438306, 0.6400654)
(1.288184, 0.5434032, 0.644032)
(1.288723, 0.5423458, 0.6487949)
(1.288932, 0.5409488, 0.6541147)
(1.289136, 0.5396539, 0.6587389)
(1.289182, 0.537542, 0.6640897)
(1.289127, 0.534959, 0.6694742)
(1.288719, 0.5323074, 0.6749769)
(1.28862, 0.5298923, 0.6806325)
(1.288363, 0.5270025, 0.6863602)
(1.287885, 0.5242712, 0.6920382)
(1.287315, 0.5214766, 0.6976271)
(1.286738, 0.5184835, 0.7031759)
(1.286042, 0.5156887, 0.7087805)
(1.285547, 0.5135013, 0.7132869)
(1.285264, 0.5113091, 0.7171682)
(1.28509, 0.5092742, 0.7212076)
(1.284396, 0.5068659, 0.7249731)
(1.28412, 0.5050675, 0.727828)
(1.284016, 0.5031657, 0.7303636)
(1.283333, 0.5008147, 0.733026)
(1.283055, 0.4988247, 0.735352)
(1.282866, 0.4969054, 0.7374934)
(1.28244, 0.4944802, 0.7396092)
(1.282485, 0.4922503, 0.7417074)
(1.283555, 0.4901904, 0.7429574)
(1.285205, 0.4888101, 0.7430315)
(1.283984, 0.4930919, 0.7399446)
(1.284735, 0.4972208, 0.7381855)
(1.284104, 0.4992523, 0.7388026)
(1.283874, 0.4978616, 0.7408487)
(1.284809, 0.4959303, 0.744076)
(1.283945, 0.4949131, 0.746621)
(1.283357, 0.4951364, 0.7486932)
(1.282962, 0.4960993, 0.7473054)
(1.283069, 0.4978476, 0.7460237)
(1.283117, 0.4984085, 0.7450342)
(1.28265, 0.4987357, 0.7454793)
(1.282562, 0.4990965, 0.7460564)
(1.28259, 0.5002085, 0.7475704)
(1.282984, 0.5015477, 0.7488606)
(1.283134, 0.5031849, 0.7500618)
(1.283196, 0.5050181, 0.7513928)
(1.283381, 0.5063014, 0.7527571)
(1.283564, 0.5078853, 0.7539064)
(1.283968, 0.5094643, 0.7553574)
(1.284376, 0.5108253, 0.7568283)
(1.284843, 0.5121659, 0.7587507)
(1.285299, 0.5139531, 0.7609283)
(1.286055, 0.5158723, 0.7632362)
(1.286712, 0.5182447, 0.7657596)
(1.287175, 0.5204808, 0.7682569)
(1.287832, 0.5226658, 0.7712164)
(1.288254, 0.5245098, 0.7744243)
(1.288711, 0.526412, 0.777391)
(1.288855, 0.5283849, 0.7801582)
(1.288418, 0.5310175, 0.7823335)
(1.287576, 0.5342537, 0.7842253)
(1.286436, 0.5375556, 0.7857568)
(1.283954, 0.5417461, 0.7866347)
(1.282361, 0.5461419, 0.787866)
(1.279948, 0.5514037, 0.7879972)
(1.277384, 0.5572814, 0.7878102)
(1.275691, 0.5629332, 0.7883692)
(1.273515, 0.5696867, 0.7883997)
(1.271405, 0.5761876, 0.7892876)
(1.270054, 0.5826818, 0.7910181)
(1.268627, 0.5887912, 0.7930145)
(1.267626, 0.5946815, 0.7954044)
(1.266561, 0.6006664, 0.7980003)
(1.265728, 0.606554, 0.8004229)
(1.265181, 0.6121423, 0.8032589)
(1.264382, 0.6176256, 0.8060839)
(1.264102, 0.6230295, 0.8090552)
(1.263639, 0.6280508, 0.8120646)
(1.263829, 0.6338369, 0.8156841)
(1.263276, 0.6379014, 0.8199761)
(1.263627, 0.6422697, 0.823761)
(1.263757, 0.6469358, 0.8278964)
(1.264727, 0.6505874, 0.8323565)
(1.265812, 0.6539863, 0.8369323)
(1.266564, 0.6574225, 0.8416691)
(1.267627, 0.6608014, 0.8460168)
(1.268787, 0.6636691, 0.8506244)
(1.270207, 0.6667125, 0.8559686)
(1.271365, 0.6690441, 0.8607869)
(1.272677, 0.6710488, 0.8657957)
(1.274156, 0.6726377, 0.8710426)
(1.275717, 0.674099, 0.8762628)
(1.277347, 0.6748876, 0.8818328)
(1.27888, 0.6753572, 0.887421)
(1.280134, 0.675958, 0.8928854)
(1.28148, 0.6760246, 0.8985389)
(1.283154, 0.67572, 0.9048764)
(1.284711, 0.6754748, 0.9107047)
(1.286239, 0.6741821, 0.9170043)
(1.288107, 0.6733618, 0.9232941)
(1.289589, 0.6719007, 0.9297878)
(1.29102, 0.6703672, 0.936249)
(1.292981, 0.6687896, 0.9427673)
(1.294668, 0.6673092, 0.94968)
(1.296174, 0.6654063, 0.9565679)
(1.298138, 0.663145, 0.9639155)
(1.299598, 0.6612304, 0.9703976)
(1.301003, 0.6592662, 0.9769182)
(1.302527, 0.6569971, 0.9832109)
(1.303962, 0.6549678, 0.9894377)
(1.306061, 0.6536512, 0.9943676)
(1.307579, 0.6514642, 1.000204)
(1.308982, 0.6497075, 1.006248)
(1.310262, 0.6482411, 1.011573)
(1.311763, 0.646115, 1.017047)
(1.312917, 0.6445254, 1.021845)
(1.313997, 0.6427322, 1.026047)
(1.315309, 0.6408207, 1.030009)
(1.316637, 0.6390963, 1.034012)
(1.317475, 0.6371528, 1.036602)
(1.318287, 0.635318, 1.039019)
(1.319278, 0.6335471, 1.041772)
(1.319697, 0.6312177, 1.043965)
(1.320884, 0.6288835, 1.045931)
(1.321905, 0.6264989, 1.047974)
(1.321939, 0.6240544, 1.048999)
(1.320777, 0.6227657, 1.049487)
(1.318901, 0.6227414, 1.049041)
(1.320409, 0.6250027, 1.047836)
(1.321413, 0.6306167, 1.047461)
(1.322, 0.6305102, 1.049334)
(1.32223, 0.6281324, 1.052454)
(1.323249, 0.6265358, 1.054982)
(1.323583, 0.6267723, 1.055621)
(1.323055, 0.6278775, 1.055018)
(1.323267, 0.6285008, 1.05505)
(1.323637, 0.6284785, 1.055126)
(1.324061, 0.6289567, 1.05595)
(1.324014, 0.629827, 1.057515)
(1.324358, 0.6309223, 1.05806)
(1.324493, 0.6319742, 1.05867)
(1.324709, 0.633313, 1.059826)
(1.325147, 0.6347992, 1.060463)
(1.325297, 0.636753, 1.061745)
(1.325524, 0.6386859, 1.062997)
(1.325555, 0.6407831, 1.064329)
(1.325786, 0.6429574, 1.065666)
(1.325994, 0.6455787, 1.067538)
(1.326336, 0.6477952, 1.069249)
(1.32689, 0.6508585, 1.071903)
(1.327061, 0.6532872, 1.074324)
(1.327427, 0.6559701, 1.076655)
(1.328099, 0.6587472, 1.079366)
(1.328855, 0.6616507, 1.081828)
(1.330038, 0.6649936, 1.083662)
(1.330981, 0.66843, 1.085344)
(1.332258, 0.6721752, 1.086467)
(1.333647, 0.6759648, 1.087366)
(1.335347, 0.6802948, 1.088098)
(1.336998, 0.6845945, 1.088883)
(1.338429, 0.688284, 1.09064)
(1.339902, 0.6922768, 1.092304)
(1.341143, 0.6965671, 1.094499)
(1.342716, 0.7009649, 1.096202)
(1.344356, 0.7054204, 1.097694)
(1.345852, 0.7101896, 1.099148)
(1.347372, 0.7147308, 1.10045)
(1.348912, 0.7193576, 1.102284)
(1.350242, 0.7231814, 1.104129)
(1.351511, 0.7271062, 1.105725)
(1.352824, 0.7306288, 1.107501)
(1.353906, 0.7340042, 1.109248)
(1.355015, 0.7370256, 1.111006)
(1.356314, 0.7403157, 1.112559)
(1.357206, 0.7429296, 1.114319)
(1.35821, 0.7453133, 1.116063)
(1.359096, 0.747647, 1.117917)
(1.359607, 0.7494621, 1.119666)
(1.360291, 0.7514033, 1.121295)
(1.360913, 0.7526702, 1.123312)
(1.361154, 0.7537437, 1.125323)
(1.361367, 0.7544755, 1.127272)
(1.361652, 0.7553236, 1.129129)
(1.361585, 0.7558074, 1.13118)
(1.361523, 0.7558366, 1.13313)
(1.361502, 0.7557148, 1.135308)
(1.361273, 0.7552001, 1.137426)
(1.36087, 0.7545832, 1.139628)
(1.360508, 0.7536694, 1.142052)
(1.359993, 0.7520639, 1.144485)
(1.359152, 0.7500249, 1.147047)
(1.358568, 0.7483923, 1.149619)
(1.357799, 0.7462852, 1.152304)
(1.35689, 0.7439106, 1.154888)
(1.356043, 0.7414548, 1.157698)
(1.355305, 0.7383847, 1.160487)
(1.354338, 0.7358988, 1.163235)
(1.353534, 0.733284, 1.166421)
(1.352687, 0.7309142, 1.169511)
(1.351745, 0.7285344, 1.172526)
(1.350759, 0.726328, 1.175365)
(1.349954, 0.7241794, 1.178303)
(1.348978, 0.7221279, 1.181271)
(1.347692, 0.7197921, 1.184532)
(1.346909, 0.7179176, 1.187115)
(1.346235, 0.7161501, 1.18971)
(1.345235, 0.7144468, 1.192148)
(1.344814, 0.7128736, 1.194049)
(1.34428, 0.7115956, 1.196272)
(1.343609, 0.7105431, 1.19829)
(1.343083, 0.7096805, 1.200059)
(1.342545, 0.7087194, 1.201862)
(1.34192, 0.7076703, 1.203595)
(1.341253, 0.7067351, 1.205206)
(1.340967, 0.7059699, 1.206297)
(1.340641, 0.7049652, 1.207388)
(1.340396, 0.7038502, 1.208609)
(1.340176, 0.7026367, 1.209856)
(1.339881, 0.7013304, 1.211208)
(1.339769, 0.6998687, 1.212492)
(1.339602, 0.6983447, 1.214172)
(1.339842, 0.6962624, 1.215986)
(1.340549, 0.6940628, 1.218246)
(1.340992, 0.6922055, 1.219477)
(1.342338, 0.6906877, 1.220717)
(1.341978, 0.6911035, 1.217824)
(1.341071, 0.6942616, 1.215611)
(1.340728, 0.6944087, 1.214181)
(1.340693, 0.6944579, 1.214022)
(1.34093, 0.694272, 1.214515)
(1.339729, 0.6935008, 1.21576)
(1.339401, 0.6937954, 1.215641)
(1.338602, 0.6941901, 1.214626)
(1.338365, 0.6940592, 1.21354)
(1.337729, 0.694154, 1.212812)
(1.337653, 0.6940071, 1.212037)
(1.337434, 0.6937446, 1.211347)
(1.337431, 0.6940528, 1.211063)
(1.337378, 0.6938408, 1.210493)
(1.337369, 0.6936403, 1.209913)
(1.337262, 0.693529, 1.209635)
(1.336836, 0.6937797, 1.209604)
(1.336482, 0.6938204, 1.209378)
(1.336082, 0.6938277, 1.209237)
(1.335542, 0.6938167, 1.209137)
(1.335244, 0.6938978, 1.208793)
(1.33495, 0.6938838, 1.208649)
(1.334735, 0.6938018, 1.208489)
(1.334676, 0.6938546, 1.208361)
(1.334611, 0.6938992, 1.208066)
(1.334646, 0.6938249, 1.207805)
(1.334646, 0.6937959, 1.207681)
(1.334617, 0.6938647, 1.207641)
(1.334638, 0.6938723, 1.20773)
(1.334761, 0.6938519, 1.208093)
(1.334728, 0.6937894, 1.208252)
(1.334633, 0.693738, 1.208512)
(1.334485, 0.6937385, 1.20853)
(1.334267, 0.6938193, 1.20853)
(1.334084, 0.6938293, 1.208441)
(1.333889, 0.6938068, 1.208437)
(1.333774, 0.6937971, 1.208343)
(1.333759, 0.6938109, 1.208292)
(1.333728, 0.6938271, 1.20824)
(1.333553, 0.6940298, 1.208268)
(1.333539, 0.6940355, 1.208197)
(1.333545, 0.6940799, 1.208215)
(1.33375, 0.6939448, 1.208224)
(1.333802, 0.6939186, 1.208481)
(1.333669, 0.6938368, 1.208636)
(1.333485, 0.6940024, 1.208856)
(1.333335, 0.693993, 1.208863)
(1.333175, 0.6940296, 1.208796)
(1.332977, 0.6940799, 1.208911)
(1.332834, 0.6940699, 1.208918)
(1.332697, 0.6940691, 1.208933)
(1.332686, 0.6939747, 1.208817)
(1.332711, 0.6939129, 1.208971)
(1.332742, 0.6939029, 1.208982)
(1.332684, 0.6938882, 1.208913)
(1.332623, 0.6938673, 1.208823)
(1.332443, 0.6937184, 1.208963)
(1.332328, 0.6937716, 1.209018)
