(0.379205, -0.174051, 0.3139651)
(0.3792284, -0.1740327, 0.3139837)
(0.3791356, -0.1740294, 0.3138585)
(0.3790367, -0.1739113, 0.3139269)
(0.3789308, -0.1739905, 0.313978)
(0.3790376, -0.1739669, 0.3141048)
(0.3791833, -0.1741483, 0.3139625)
(0.3792036, -0.1741576, 0.313988)
(0.3790998, -0.1742878, 0.3140035)
(0.3789606, -0.1741185, 0.3141799)
(0.3788183, -0.1742239, 0.3140643)
(0.3787613, -0.1742551, 0.3141308)
(0.3786852, -0.1742351, 0.3141429)
(0.3788908, -0.1742704, 0.3142426)
(0.3790417, -0.1743295, 0.3140588)
(0.3791759, -0.1743405, 0.3138783)
(0.3793883, -0.1743121, 0.3138838)
(0.3794956, -0.1743066, 0.3137474)
(0.3796079, -0.1744041, 0.3136346)
(0.3795824, -0.1743789, 0.3135977)
(0.3796721, -0.1742904, 0.3135977)
(0.3796902, -0.1742849, 0.3135571)
(0.379766, -0.174432, 0.3137138)
(0.3799665, -0.1744449, 0.3137453)
(0.3800163, -0.1744063, 0.3137951)
(0.3799667, -0.174402, 0.3137374)
(0.3800719, -0.1743729, 0.3137193)
(0.379962, -0.1743693, 0.3136289)
(0.3798115, -0.1745596, 0.3137088)
(0.3799119, -0.1745539, 0.3137255)
(0.3801539, -0.1747122, 0.3135731)
(0.3801653, -0.1746936, 0.313369)
(0.3803332, -0.1746838, 0.3134294)
(0.3802547, -0.1745756, 0.3134787)
(0.3802559, -0.1745422, 0.313514)
(0.3801489, -0.1745253, 0.3134098)
(0.3801243, -0.1745801, 0.3133185)
(0.3799973, -0.1746733, 0.3133817)
(0.3800597, -0.1746688, 0.3133988)
(0.3801577, -0.1746211, 0.3134148)
(0.3801014, -0.1747396, 0.3134415)
(0.3801205, -0.174752, 0.3133953)
(0.3800263, -0.1746533, 0.3134322)
(0.3799424, -0.1746521, 0.3134336)
(0.379961, -0.1745889, 0.3134923)
(0.3799305, -0.1745903, 0.3134542)
(0.3799217, -0.1745603, 0.3133924)
(0.3798699, -0.1745577, 0.3133097)
(0.3799887, -0.1746564, 0.3131745)
(0.3797126, -0.1746716, 0.3129847)
(0.3796771, -0.1746752, 0.312937)
(0.3797276, -0.1745994, 0.3131356)
(0.3796508, -0.1745708, 0.3130591)
(0.3795831, -0.1745474, 0.3129756)
(0.3798368, -0.1744573, 0.3132498)
(0.3798604, -0.1745238, 0.3132546)
(0.3799725, -0.1744881, 0.3134196)
(0.3800807, -0.1746523, 0.3133397)
(0.3799319, -0.1747684, 0.3134108)
(0.3801193, -0.1747692, 0.3135209)
(0.3800418, -0.1747062, 0.3135316)
(0.3799443, -0.1747341, 0.3135285)
(0.3800595, -0.1746275, 0.3134501)
(0.3800998, -0.1746848, 0.3134265)
(0.3801744, -0.174741, 0.3134701)
(0.3801405, -0.1747777, 0.3134625)
(0.3800271, -0.1747801, 0.3136222)
(0.3798382, -0.175034, 0.3137662)
(0.3796628, -0.1751533, 0.3135531)
(0.3796768, -0.1752882, 0.3135419)
(0.3796115, -0.1753209, 0.31355)
(0.3793907, -0.1755831, 0.3136225)
(0.3793874, -0.1758587, 0.3135102)
(0.3794594, -0.1760321, 0.3136072)
(0.3797758, -0.1761851, 0.3139102)
(0.3800356, -0.1761594, 0.3141878)
(0.3801684, -0.1763401, 0.3146281)
(0.3802936, -0.1761398, 0.3148096)
(0.3802476, -0.1756732, 0.3153467)
(0.379909, -0.1750262, 0.3163068)
(0.3801334, -0.1739395, 0.3174438)
(0.3814394, -0.1712301, 0.320267)
(0.3816419, -0.1696172, 0.3229485)
(0.3814571, -0.168092, 0.3275678)
(0.3833754, -0.1674433, 0.332473)
(0.3852551, -0.1661215, 0.3367183)
(0.3902524, -0.1589711, 0.3424373)
(0.3953691, -0.1446104, 0.3483243)
(0.3968549, -0.1301453, 0.3545341)
(0.3952956, -0.115618, 0.3612454)
(0.3963985, -0.1007147, 0.3638663)
(0.3979697, -0.08480978, 0.3656602)
(0.4002664, -0.06604123, 0.3675721)
(0.4024854, -0.04810452, 0.3659954)
(0.4059839, -0.02454615, 0.3658586)
(0.410629, 0.001765966, 0.3705673)
(0.4120512, 0.0308404, 0.3760424)
(0.4124231, 0.06039023, 0.3829312)
(0.4127378, 0.090096, 0.3924546)
(0.4128165, 0.1188819, 0.4039729)
(0.4132614, 0.1470821, 0.4158466)
(0.4122846, 0.1781468, 0.4312937)
(0.4121761, 0.2061983, 0.4479821)
(0.4124687, 0.2330061, 0.4637444)
(0.4128401, 0.2581446, 0.481993)
(0.4111142, 0.2827746, 0.4996045)
(0.4115539, 0.3039491, 0.5181854)
(0.411906, 0.3227633, 0.536648)
(0.4124351, 0.3410639, 0.5549464)
(0.4134316, 0.3584096, 0.5747924)
(0.4151273, 0.3724697, 0.5969555)
(0.4164889, 0.3883532, 0.6165423)
(0.4172812, 0.3996491, 0.6366754)
(0.4190643, 0.4076296, 0.6580141)
(0.4203126, 0.4171332, 0.678592)
(0.4234197, 0.423973, 0.6980703)
(0.425102, 0.4280835, 0.7191556)
(0.4264719, 0.4315337, 0.740505)
(0.4282517, 0.4346802, 0.761518)
(0.4303048, 0.4355141, 0.7840273)
(0.431881, 0.4338597, 0.8048353)
(0.4326766, 0.4326404, 0.8259811)
(0.4325738, 0.4291266, 0.8474634)
(0.4332263, 0.4247913, 0.8682733)
(0.4341969, 0.4220283, 0.8886418)
(0.434993, 0.4197192, 0.9080794)
(0.4373899, 0.415558, 0.9239883)
(0.4385664, 0.4122376, 0.9413056)
(0.4384799, 0.4061986, 0.9602246)
(0.4404902, 0.4000082, 0.9739442)
(0.4399893, 0.3935993, 0.9895973)
(0.4391201, 0.3867614, 1.002135)
(0.4385438, 0.3790584, 1.012951)
(0.4364495, 0.3719668, 1.024144)
(0.435529, 0.3673207, 1.033808)
(0.435303, 0.3617886, 1.037517)
(0.4335659, 0.3547164, 1.045069)
(0.4340367, 0.3478733, 1.049331)
(0.4334302, 0.3415284, 1.052984)
(0.4346583, 0.3350573, 1.057709)
(0.4351346, 0.3280787, 1.060099)
(0.432164, 0.3217056, 1.062251)
(0.4332099, 0.32315, 1.061276)
(0.4380481, 0.3309683, 1.057286)
(0.4388139, 0.3297702, 1.056009)
(0.4360228, 0.328176, 1.053438)
(0.4321082, 0.3233986, 1.051841)
(0.4295299, 0.3249543, 1.051231)
(0.430058, 0.3282204, 1.051007)
(0.4312901, 0.3281897, 1.054765)
(0.4318261, 0.3270655, 1.059347)
(0.4327555, 0.3263505, 1.060906)
(0.4328239, 0.3261299, 1.059995)
(0.4343131, 0.3242602, 1.058707)
(0.4357586, 0.3265553, 1.0539)
(0.4361928, 0.3269634, 1.051372)
(0.4359417, 0.3257707, 1.051028)
(0.4363439, 0.3253858, 1.050902)
(0.4364262, 0.3269167, 1.052608)
(0.4358678, 0.327871, 1.054265)
(0.434916, 0.3271909, 1.055527)
(0.4343383, 0.3268689, 1.056596)
(0.4350901, 0.3268586, 1.056578)
(0.4356349, 0.3275008, 1.055603)
(0.435885, 0.3274411, 1.054538)
(0.4359255, 0.326997, 1.053602)
(0.4358582, 0.3269857, 1.053395)
(0.4356439, 0.3275054, 1.05373)
(0.4351809, 0.3277245, 1.054124)
(0.4348993, 0.3275881, 1.054291)
(0.4345357, 0.3275096, 1.054427)
(0.4352901, 0.3272774, 1.053993)
(0.4356561, 0.3273115, 1.053884)
(0.4359987, 0.3272903, 1.05368)
(0.4358988, 0.3276423, 1.053523)
(0.435405, 0.3277892, 1.052974)
(0.43521, 0.327808, 1.052885)
(0.4352202, 0.3274875, 1.052826)
(0.4357138, 0.3277732, 1.053267)
(0.436106, 0.3277925, 1.053341)
(0.4365621, 0.3276176, 1.052971)
(0.4366341, 0.3274332, 1.052798)
(0.4365807, 0.3274238, 1.05308)
(0.436255, 0.3275992, 1.053276)
(0.4357777, 0.3274584, 1.053333)
(0.4358821, 0.3275117, 1.053324)
(0.4359508, 0.3274221, 1.053379)
(0.436394, 0.3275089, 1.053429)
(0.4365358, 0.3274475, 1.053251)
(0.4368773, 0.3273946, 1.052727)
(0.4367356, 0.327213, 1.052793)
(0.4364836, 0.3272214, 1.052788)
(0.4361451, 0.327289, 1.052912)
(0.4359, 0.3272463, 1.053019)
(0.4358163, 0.3272126, 1.053016)
(0.4360268, 0.3271391, 1.052996)
(0.4362955, 0.3271469, 1.053081)
(0.436471, 0.3271053, 1.053105)
(0.4362295, 0.3272451, 1.053027)
(0.4360292, 0.3272601, 1.052858)
(0.4357142, 0.3271911, 1.05287)
(0.435735, 0.3271344, 1.052942)
(0.4358811, 0.3270379, 1.053261)
(0.4360332, 0.3269299, 1.053442)
(0.436214, 0.3267634, 1.053716)
(0.4359651, 0.3265321, 1.054323)
(0.436089, 0.3266971, 1.054801)
(0.4357114, 0.3267686, 1.054435)
(0.4351611, 0.3266039, 1.053537)
(0.4347932, 0.3266546, 1.053647)
(0.4351001, 0.3267908, 1.053955)
(0.435642, 0.3270632, 1.054523)
(0.4356565, 0.3268952, 1.05517)
(0.4352317, 0.3267138, 1.055461)
(0.4345949, 0.3268472, 1.05556)
(0.4342382, 0.3269955, 1.055605)
(0.4341922, 0.3269047, 1.055606)
(0.4340737, 0.3268564, 1.055732)
(0.4342394, 0.3269047, 1.05587)
(0.4343824, 0.3268689, 1.055393)
(0.4342101, 0.326914, 1.054931)
(0.4341962, 0.3269165, 1.054754)
(0.4340351, 0.3271002, 1.054705)
(0.4340723, 0.3270432, 1.05461)
(0.4341364, 0.3270019, 1.054809)
(0.4342163, 0.3269445, 1.05476)
(0.4341474, 0.3270416, 1.054771)
(0.433943, 0.3270962, 1.054695)
(0.4338441, 0.3270936, 1.054585)
(0.4338458, 0.3271577, 1.054653)
(0.43362, 0.3270766, 1.054735)
(0.4335878, 0.3271092, 1.054783)
(0.4335601, 0.3271827, 1.054842)
(0.433486, 0.3273457, 1.054641)
(0.4334288, 0.3273075, 1.054465)
(0.4333482, 0.3273607, 1.054423)
(0.4332931, 0.3273318, 1.054485)
(0.4333332, 0.3272568, 1.054358)
(0.4334373, 0.327306, 1.05439)
(0.4332645, 0.3271794, 1.054462)
(0.4332347, 0.3271898, 1.054425)
(0.4331899, 0.327228, 1.054431)
(0.4333858, 0.3275527, 1.054211)
(0.4333243, 0.3275863, 1.054046)
(0.4332268, 0.3276134, 1.05396)
(0.4333155, 0.327701, 1.053885)
(0.4334702, 0.327553, 1.05372)
(0.4335058, 0.3275632, 1.053814)
(0.4335716, 0.3276718, 1.053829)
(0.4335561, 0.3276914, 1.053943)
(0.4336014, 0.327724, 1.054011)
(0.4336157, 0.3276441, 1.054186)
(0.4337921, 0.3275566, 1.054042)
(0.4337893, 0.3274844, 1.054044)
(0.4338214, 0.3274684, 1.054007)
(0.4339674, 0.3273093, 1.053898)
(0.4339581, 0.3272512, 1.053862)
