(-0.4665964, 0.5840971, -1.799356)
(-0.4665651, 0.5840166, -1.7994)
(-0.4665313, 0.5839487, -1.799371)
(-0.4665256, 0.5839291, -1.799305)
(-0.4664929, 0.5838894, -1.799329)
(-0.46664, 0.5838556, -1.799368)
(-0.4666314, 0.5838275, -1.799284)
(-0.4666431, 0.583819, -1.799274)
(-0.4666941, 0.5838065, -1.799297)
(-0.4666803, 0.5837829, -1.799234)
(-0.4666913, 0.5837588, -1.799245)
(-0.466583, 0.5839186, -1.799319)
(-0.4665823, 0.5839093, -1.799303)
(-0.4665761, 0.5838876, -1.799296)
(-0.4663949, 0.5839777, -1.799291)
(-0.4663961, 0.5839795, -1.799289)
(-0.4663994, 0.5840223, -1.799232)
(-0.4664545, 0.5840147, -1.799245)
(-0.4664612, 0.5840423, -1.799253)
(-0.4664493, 0.5840278, -1.799249)
(-0.4663506, 0.5840559, -1.799235)
(-0.4663377, 0.5840508, -1.799254)
(-0.4663048, 0.584026, -1.799252)
(-0.4663267, 0.5839461, -1.799197)
(-0.4663038, 0.5839292, -1.799261)
(-0.4662948, 0.5839235, -1.799283)
(-0.4662757, 0.5838174, -1.799215)
(-0.466301, 0.5838455, -1.799374)
(-0.4663327, 0.5838991, -1.799327)
(-0.4662333, 0.5839585, -1.799371)
(-0.4662325, 0.583967, -1.799347)
(-0.4662318, 0.5839752, -1.799343)
(-0.4660988, 0.5840385, -1.799332)
(-0.4661093, 0.5840408, -1.799431)
(-0.4661663, 0.5841653, -1.799346)
(-0.4663057, 0.5841529, -1.799375)
(-0.4663184, 0.5841662, -1.799407)
(-0.4663007, 0.5841551, -1.799446)
(-0.4665284, 0.5840218, -1.799416)
(-0.466542, 0.584025, -1.799411)
(-0.4665542, 0.5840267, -1.799399)
(-0.466639, 0.5839802, -1.799395)
(-0.4666502, 0.5839796, -1.799369)
(-0.4666462, 0.5839391, -1.799399)
(-0.4665668, 0.5840106, -1.799431)
(-0.4665856, 0.5840145, -1.799456)
(-0.46665, 0.584087, -1.799411)
(-0.4664545, 0.5841475, -1.799413)
(-0.4664662, 0.5841523, -1.799396)
(-0.4665146, 0.5842102, -1.799369)
(-0.4665678, 0.5842217, -1.799408)
(-0.4665756, 0.5842141, -1.799385)
(-0.4665501, 0.5841728, -1.799422)
(-0.4664149, 0.5841901, -1.799381)
(-0.4663763, 0.5841827, -1.799316)
(-0.4663498, 0.5841511, -1.799355)
(-0.466377, 0.5841335, -1.799362)
(-0.4663763, 0.5841218, -1.799296)
(-0.4664254, 0.5842087, -1.799234)
(-0.466465, 0.5842041, -1.799221)
(-0.4665046, 0.5842378, -1.799263)
(-0.4664187, 0.5841044, -1.799331)
(-0.4665692, 0.5840034, -1.799291)
(-0.4665718, 0.5839745, -1.799194)
(-0.4665618, 0.5839076, -1.799217)
(-0.4663544, 0.5839968, -1.799232)
(-0.4663498, 0.5839995, -1.799173)
(-0.4663911, 0.5840677, -1.799119)
(-0.4665179, 0.5840926, -1.799144)
(-0.4665403, 0.5841081, -1.799257)
(-0.4665565, 0.5841253, -1.799245)
(-0.466682, 0.5840467, -1.7992)
(-0.4666867, 0.5840231, -1.799087)
(-0.4667115, 0.5840474, -1.799085)
(-0.4667468, 0.5840223, -1.799071)
(-0.4667859, 0.5840482, -1.799172)
(-0.4667907, 0.5840008, -1.799179)
(-0.4667239, 0.583932, -1.799115)
(-0.4667552, 0.583938, -1.79911)
(-0.4667704, 0.5839161, -1.799116)
(-0.4668167, 0.5839096, -1.799111)
(-0.46682, 0.583886, -1.799127)
(-0.4668684, 0.5839162, -1.799083)
(-0.4666004, 0.5840472, -1.799084)
(-0.4666171, 0.5840518, -1.799201)
(-0.4665704, 0.5839833, -1.799245)
(-0.4664855, 0.5840061, -1.799239)
(-0.466502, 0.5840126, -1.799319)
(-0.4665513, 0.5840604, -1.799273)
(-0.4664745, 0.5841143, -1.799297)
(-0.4664466, 0.5840944, -1.799183)
(-0.466435, 0.5840824, -1.799187)
(-0.4663205, 0.5841732, -1.799218)
(-0.4663205, 0.5841776, -1.799275)
(-0.466301, 0.5841839, -1.799297)
(-0.4663687, 0.5841533, -1.799291)
(-0.4663601, 0.5841575, -1.799278)
(-0.466311, 0.5841104, -1.799346)
(-0.4664421, 0.5840812, -1.799352)
(-0.4664416, 0.5840832, -1.799382)
(-0.4664769, 0.584133, -1.799365)
(-0.466439, 0.5841807, -1.799387)
(-0.466408, 0.5841714, -1.799293)
(-0.4663701, 0.5841497, -1.79932)
(-0.4665248, 0.5840853, -1.799322)
(-0.4665365, 0.584087, -1.799358)
(-0.4665346, 0.5840907, -1.799362)
(-0.4666309, 0.5840143, -1.799345)
(-0.4666102, 0.5839891, -1.799227)
(-0.4665742, 0.5839325, -1.799253)
(-0.4663248, 0.5840845, -1.799293)
(-0.4663363, 0.5841041, -1.799384)
(-0.4663038, 0.5840718, -1.799419)
(-0.466198, 0.5841223, -1.799449)
(-0.4661474, 0.5840969, -1.799247)
(-0.4661906, 0.5841746, -1.799207)
(-0.4662766, 0.5841433, -1.799228)
(-0.4662385, 0.5841197, -1.799115)
(-0.4662313, 0.5841452, -1.799116)
(-0.4665055, 0.5839875, -1.79908)
(-0.4665298, 0.5840145, -1.799244)
(-0.466517, 0.5839969, -1.799263)
(-0.466372, 0.5840696, -1.799262)
(-0.4663827, 0.5840935, -1.799351)
(-0.4663188, 0.5840261, -1.79941)
(-0.4664721, 0.5839317, -1.799399)
(-0.466465, 0.583923, -1.799434)
(-0.4664342, 0.5838794, -1.799471)
(-0.4663844, 0.5838299, -1.799437)
(-0.4663866, 0.5838226, -1.799367)
(-0.4664574, 0.5839474, -1.799264)
(-0.466486, 0.5839939, -1.799294)
(-0.4664688, 0.5839775, -1.799175)
(-0.4665205, 0.584059, -1.799111)
(-0.4666638, 0.5840421, -1.799107)
(-0.4666796, 0.5840343, -1.799057)
(-0.4666529, 0.5839881, -1.799081)
(-0.4663792, 0.584082, -1.79904)
(-0.4663954, 0.5841063, -1.799188)
(-0.4663985, 0.5841231, -1.799181)
(-0.4664483, 0.5841628, -1.799232)
(-0.4664743, 0.5841967, -1.799325)
(-0.4664702, 0.5842094, -1.799351)
(-0.4664078, 0.5841711, -1.799297)
(-0.4664083, 0.5841668, -1.799271)
(-0.4663734, 0.5841066, -1.799307)
(-0.4664617, 0.5840764, -1.799311)
(-0.4664383, 0.584066, -1.799241)
(-0.4664831, 0.5841254, -1.799196)
(-0.4666815, 0.584108, -1.799247)
(-0.4667044, 0.5841275, -1.799281)
(-0.4666936, 0.5840746, -1.799316)
(-0.4665017, 0.5840995, -1.799285)
(-0.4664915, 0.5840869, -1.799168)
(-0.4665184, 0.5841358, -1.799152)
(-0.4665527, 0.5840762, -1.799118)
(-0.4665766, 0.5840691, -1.799122)
(-0.4665709, 0.5840611, -1.799126)
(-0.4665942, 0.584023, -1.799085)
(-0.4666216, 0.5840408, -1.799196)
(-0.4666078, 0.5840018, -1.799224)
(-0.4667132, 0.583937, -1.799208)
(-0.4667444, 0.5839372, -1.799318)
(-0.4668069, 0.58401, -1.799284)
(-0.4667451, 0.5840164, -1.799291)
(-0.4667277, 0.5839922, -1.799141)
(-0.466711, 0.5839608, -1.79917)
(-0.4665837, 0.5840694, -1.799191)
(-0.4666171, 0.584097, -1.799286)
(-0.466588, 0.5840397, -1.79933)
(-0.4664927, 0.5840044, -1.799289)
(-0.4664943, 0.5840143, -1.799333)
(-0.4665036, 0.5840551, -1.799297)
(-0.4665051, 0.5840391, -1.799304)
(-0.466496, 0.5840179, -1.799153)
(-0.4664886, 0.5840212, -1.799156)
(-0.4663606, 0.5841261, -1.799186)
(-0.4663572, 0.5841525, -1.799301)
(-0.4663343, 0.5841525, -1.799305)
(-0.4663765, 0.5841714, -1.799342)
(-0.4663684, 0.5841788, -1.799313)
(-0.4662981, 0.5841088, -1.799372)
(-0.4665575, 0.5839412, -1.799333)
(-0.466568, 0.583943, -1.79939)
(-0.4666162, 0.5840197, -1.799344)
(-0.466521, 0.5840385, -1.799332)
(-0.4664822, 0.5840378, -1.799267)
(-0.4665246, 0.5840962, -1.799226)
(-0.466531, 0.5841619, -1.799293)
(-0.4665575, 0.5841902, -1.79931)
(-0.4664989, 0.5840863, -1.7994)
(-0.4663756, 0.5841429, -1.799395)
(-0.4663582, 0.5841374, -1.799475)
(-0.4662971, 0.5840311, -1.799559)
(-0.4663196, 0.5840086, -1.79957)
(-0.4663067, 0.5839994, -1.799526)
(-0.4663568, 0.5840821, -1.799474)
(-0.4665318, 0.584031, -1.799521)
(-0.466536, 0.5840337, -1.79951)
(-0.4665112, 0.5839896, -1.799558)
(-0.4665709, 0.5839802, -1.79959)
(-0.466506, 0.5840023, -1.799404)
(-0.4665396, 0.5840518, -1.79939)
(-0.4665813, 0.5840083, -1.799362)
(-0.466608, 0.5840305, -1.799343)
(-0.4665813, 0.583988, -1.799372)
(-0.466424, 0.5840139, -1.799372)
(-0.4663987, 0.5840107, -1.799321)
(-0.4663997, 0.5840445, -1.799301)
(-0.4663775, 0.584078, -1.799306)
(-0.466383, 0.5840973, -1.799371)
(-0.4664156, 0.5841534, -1.799351)
(-0.4665794, 0.5841219, -1.799375)
(-0.4665704, 0.5841086, -1.799337)
(-0.4665594, 0.584071, -1.799367)
(-0.4663997, 0.5841386, -1.799363)
(-0.4663649, 0.5841105, -1.799234)
(-0.4662814, 0.5839711, -1.799306)
(-0.4663393, 0.5839392, -1.799309)
(-0.4663293, 0.583943, -1.799352)
(-0.4663429, 0.5839585, -1.799338)
(-0.4662447, 0.5839653, -1.799323)
(-0.4662695, 0.5839778, -1.799394)
(-0.4663091, 0.5840188, -1.799342)
(-0.4663563, 0.5840594, -1.799355)
(-0.4663365, 0.5840445, -1.799407)
(-0.4664145, 0.5841554, -1.799347)
(-0.4665225, 0.5840975, -1.79934)
(-0.4665542, 0.5841109, -1.799329)
(-0.4665804, 0.5841359, -1.799312)
(-0.4665666, 0.5841541, -1.799302)
(-0.4665737, 0.5841476, -1.799217)
(-0.4666076, 0.5841669, -1.799209)
(-0.4664462, 0.5841714, -1.799151)
(-0.4664435, 0.5841743, -1.799063)
(-0.4663796, 0.58409, -1.799105)
(-0.4664645, 0.5840203, -1.799055)
(-0.4664426, 0.5840025, -1.798986)
(-0.4664855, 0.5840614, -1.798916)
(-0.4665492, 0.584128, -1.798949)
(-0.4665289, 0.5841199, -1.798917)
(-0.4664602, 0.5839903, -1.798967)
(-0.4665456, 0.5839831, -1.798964)
(-0.4666042, 0.5839194, -1.799003)
(-0.4666221, 0.5839565, -1.798949)
(-0.4667161, 0.5838841, -1.798944)
