(675.6857, 211.3787, -758.946)
(-23.39485, 89.39017, 10.86182)
(-55.62525, 97.63983, 12.89325)
(-55.21411, 79.29465, 28.63051)
(0, 0, 0)
(-179.0977, 207.3129, 99.53489)
(-113.5043, 131.847, 71.57556)
(-77.64539, 64.0042, 50.85565)
(-79.07159, 61.1665, 50.18526)
(-80.10407, 61.94867, 44.93977)
(-72.69878, 55.94384, 42.33914)
(-60.29985, 47.27707, 32.36797)
(-133.1225, 108.7761, 56.25197)
(-77.02449, 65.48094, 43.22579)
(-81.22912, 54.57413, 41.89775)
(-77.37192, 50.14558, 37.07609)
(-75.98913, 36.08246, 51.84174)
(-77.27328, 24.90333, 59.78271)
(-69.89561, 31.00796, 43.16806)
(-78.48082, 4.131855, 73.63548)
(-73.40582, -9.893119, 64.95393)
(-77.87778, -10.72019, 57.36414)
(-73.97443, -15.87245, 58.07397)
(-74.93671, -36.03374, 66.97643)
(-84.97021, -41.52262, 58.59171)
(-67.26025, -33.74586, 50.48772)
(-100.1163, -63.67442, 80.89063)
(-82.45565, -47.21926, 60.85154)
(-77.91776, -66.18535, 62.02593)
(-76.5266, -65.85997, 71.65456)
(-73.43593, -70.51041, 66.76759)
(-71.69881, -82.18989, 58.65361)
(-67.04922, -66.64967, 49.87785)
(-85.6725, -104.8313, 68.25904)
(-72.55514, -84.40901, 59.12324)
(-80.47068, -80.24488, 59.71432)
(-71.98287, -79.37683, 65.31657)
(-76.61063, -74.52406, 57.51313)
(-78.98715, -88.72445, 49.51868)
(-54, -74.83064, 44.71833)
(-53.95849, -64.81223, 27.79664)
(-39.1458, -36.34221, 17.3143)
(-7.485035, -42.06363, 17.89276)
