0.0071121
0.0111055
0.0142798
0.0165349
0.0150553
0.0205202
0.0027184
0.0089073
0.0141586
0.0077852
0.0110695
0.0140019
0.0089845
0.0110787
0.0139328
0.0078336
0.0111094
0.014078
0.0087475
0.0101187
0.0149524
0.0082399
0.0111568
0.0144529
0.0073049
0.0109729
0.014679
0.0074083
0.0109384
0.014411
0.0085168
0.0091265
0.0197347
0.0026553
0.0106367
0.0145759
0.0072367
0.012097
0.0143487
0.0075534
0.0110674
0.0141205
0.0077809
0.0111318
0.0139431
0.0080106
0.0119121
0.0139312
0.0082791
0.0108554
0.0146558
0.0074617
0.0109055
0.0140783
0.0078386
0.0121167
0.0141747
0.0077188
0.0110804
0.014525
0.0079346
0.0104976
0.0149174
0.0070449
0.0122581
0.0140055
