(-0.539937, 0.6002542, -1.75)
(-0.5399249, 0.600224, -1.750031)
(-0.5400059, 0.6002132, -1.750049)
(-0.5399923, 0.6002113, -1.750062)
(-0.5400653, 0.6002777, -1.749976)
(-0.539947, 0.6003239, -1.749975)
(-0.5399704, 0.6003115, -1.750049)
(-0.5399895, 0.6003312, -1.750031)
(-0.5399656, 0.6003594, -1.750035)
(-0.5399888, 0.6003572, -1.750093)
(-0.5399308, 0.6003006, -1.750198)
(-0.5399911, 0.6003791, -1.750251)
(-0.539988, 0.6003952, -1.750181)
(-0.5400081, 0.6004368, -1.750151)
(-0.5400925, 0.6004318, -1.750187)
(-0.5400929, 0.6004481, -1.750091)
(-0.5401208, 0.6005034, -1.750057)
(-0.5400612, 0.6005522, -1.750059)
(-0.5400739, 0.6005569, -1.749979)
(-0.5400739, 0.6006016, -1.749979)
(-0.5401428, 0.6006141, -1.749982)
(-0.5401516, 0.600632, -1.749991)
(-0.5401311, 0.6005987, -1.750047)
(-0.5400352, 0.6005539, -1.749989)
(-0.5400219, 0.6005654, -1.750012)
(-0.5400286, 0.600578, -1.750012)
(-0.5400825, 0.600485, -1.749992)
(-0.5400815, 0.600498, -1.750007)
(-0.5400558, 0.6004978, -1.750067)
(-0.5400124, 0.6004324, -1.75)
(-0.5400255, 0.6004341, -1.749916)
(-0.5400009, 0.6004249, -1.74992)
(-0.5399594, 0.6004823, -1.749952)
(-0.5399523, 0.6004978, -1.749946)
(-0.5399904, 0.6005424, -1.749911)
(-0.5402002, 0.6003958, -1.74987)
(-0.5402179, 0.6004037, -1.749938)
(-0.5402179, 0.6003704, -1.749962)
(-0.5401907, 0.6004318, -1.749989)
(-0.5401895, 0.6004436, -1.749989)
(-0.5401821, 0.60043, -1.749999)
(-0.5400839, 0.6003991, -1.749972)
(-0.5401018, 0.6004019, -1.750033)
(-0.5400276, 0.6003199, -1.750149)
(-0.54006, 0.6002684, -1.750151)
(-0.5400825, 0.6002507, -1.750257)
(-0.5401034, 0.6003119, -1.750235)
(-0.539907, 0.6002672, -1.75016)
(-0.5398922, 0.6002713, -1.750093)
(-0.5398552, 0.600208, -1.750158)
(-0.539906, 0.6003253, -1.750249)
(-0.5399134, 0.600338, -1.750229)
(-0.5398712, 0.6003484, -1.750205)
(-0.539928, 0.6002126, -1.750154)
(-0.5399323, 0.6002135, -1.750141)
(-0.5399432, 0.6002494, -1.750102)
(-0.5400312, 0.6001749, -1.750114)
(-0.5400124, 0.6001703, -1.750015)
(-0.54006, 0.600237, -1.749948)
(-0.5399747, 0.6002496, -1.749912)
(-0.539957, 0.6002504, -1.749983)
(-0.5400064, 0.600282, -1.74993)
(-0.5399935, 0.6002642, -1.749922)
(-0.5399981, 0.6002539, -1.749873)
(-0.539959, 0.6001856, -1.74994)
(-0.5398796, 0.6001658, -1.749913)
(-0.5398929, 0.6001356, -1.749895)
(-0.5398788, 0.6001289, -1.749897)
(-0.5398002, 0.6002619, -1.749933)
(-0.5397828, 0.6002634, -1.750024)
(-0.5397587, 0.6002984, -1.750066)
(-0.539948, 0.6003245, -1.750125)
(-0.5399508, 0.6003125, -1.750093)
(-0.5399408, 0.6003255, -1.750107)
(-0.5401511, 0.6003116, -1.750164)
(-0.540138, 0.6003245, -1.750058)
(-0.5401649, 0.6003736, -1.750083)
(-0.540267, 0.6002815, -1.750045)
(-0.5403023, 0.6002784, -1.750063)
(-0.5403552, 0.6003587, -1.749981)
(-0.5402675, 0.6004125, -1.749974)
(-0.5402565, 0.600431, -1.750031)
(-0.5402274, 0.6003839, -1.750138)
(-0.5400982, 0.6003401, -1.750049)
(-0.5400543, 0.6003541, -1.74994)
(-0.5400991, 0.6003873, -1.749934)
(-0.5400033, 0.6004418, -1.749899)
(-0.5399444, 0.6004677, -1.749901)
(-0.539907, 0.6004021, -1.749945)
(-0.5400355, 0.6003507, -1.749938)
(-0.5400043, 0.600371, -1.74998)
(-0.5400059, 0.6003379, -1.750025)
(-0.5398784, 0.6004447, -1.750046)
(-0.5398331, 0.6004561, -1.749989)
(-0.5398228, 0.6003735, -1.750048)
(-0.5399773, 0.6004372, -1.750128)
(-0.5399613, 0.6004386, -1.750228)
(-0.5399914, 0.6004747, -1.750183)
(-0.5399754, 0.600279, -1.750069)
(-0.5399568, 0.6002814, -1.750109)
(-0.5399957, 0.6002506, -1.750087)
(-0.5400128, 0.6004127, -1.750207)
(-0.5399876, 0.6004152, -1.750178)
(-0.5400171, 0.600378, -1.75017)
(-0.5399463, 0.6002411, -1.750108)
(-0.5399413, 0.6002452, -1.750053)
(-0.5400312, 0.6003435, -1.749936)
(-0.5399053, 0.6004027, -1.749918)
(-0.5398984, 0.6004, -1.749928)
(-0.5399241, 0.6004313, -1.749894)
(-0.5400367, 0.6003681, -1.749883)
(-0.5400357, 0.6003597, -1.749876)
(-0.5400493, 0.6003284, -1.7499)
(-0.5398951, 0.6004425, -1.749922)
(-0.5399122, 0.6004369, -1.750023)
(-0.5398498, 0.600365, -1.750091)
(-0.5399585, 0.6002614, -1.750064)
(-0.5399723, 0.600262, -1.750092)
(-0.5399771, 0.6002584, -1.750095)
(-0.5398865, 0.6003163, -1.7501)
(-0.5399075, 0.600314, -1.750089)
(-0.5399628, 0.600428, -1.749963)
(-0.5401175, 0.6003231, -1.749942)
(-0.5401309, 0.6003131, -1.749926)
(-0.5401373, 0.6003549, -1.749932)
(-0.5400445, 0.6004746, -1.749952)
(-0.5400481, 0.6004883, -1.749917)
(-0.54005, 0.6004989, -1.749921)
(-0.5401461, 0.6004906, -1.749937)
(-0.540143, 0.6004984, -1.749961)
(-0.5400825, 0.6004224, -1.75007)
(-0.5401707, 0.6002779, -1.750005)
(-0.5401776, 0.6002665, -1.749965)
(-0.5401969, 0.6003091, -1.749945)
(-0.5401995, 0.6003994, -1.749987)
(-0.5402212, 0.600385, -1.750012)
(-0.5402036, 0.6003499, -1.750065)
(-0.5401783, 0.600369, -1.75006)
(-0.5401783, 0.6003704, -1.749978)
(-0.5401878, 0.6003683, -1.749978)
(-0.540338, 0.6004127, -1.750045)
(-0.5403447, 0.6004395, -1.749982)
(-0.540309, 0.6004165, -1.750059)
(-0.5402198, 0.6002887, -1.749944)
(-0.5402083, 0.6002923, -1.749997)
(-0.5402193, 0.6002984, -1.750057)
(-0.5403526, 0.6003107, -1.75006)
(-0.5403175, 0.6003321, -1.750083)
(-0.5403709, 0.6003526, -1.75008)
(-0.5403681, 0.60042, -1.75008)
(-0.5403376, 0.6004721, -1.750192)
(-0.5403733, 0.6004692, -1.75021)
(-0.5402465, 0.6004354, -1.750138)
(-0.5402143, 0.6004589, -1.75021)
(-0.540221, 0.6003416, -1.750328)
(-0.5403333, 0.6003114, -1.750337)
(-0.5402741, 0.6003226, -1.750196)
(-0.5403838, 0.6003695, -1.750109)
(-0.54018, 0.6003861, -1.750067)
(-0.5401397, 0.6003931, -1.750151)
(-0.5402043, 0.6003484, -1.750139)
(-0.5402398, 0.6004081, -1.750196)
(-0.5402086, 0.6004425, -1.750145)
(-0.5403194, 0.6004821, -1.750046)
(-0.5402112, 0.600427, -1.750023)
(-0.5401933, 0.6004319, -1.749966)
(-0.5402379, 0.6003661, -1.749987)
(-0.5399449, 0.6003863, -1.749919)
(-0.5399423, 0.6003757, -1.75001)
(-0.5399992, 0.6003925, -1.749946)
(-0.5398726, 0.6003544, -1.749896)
(-0.5398712, 0.6003414, -1.75005)
(-0.5398526, 0.600226, -1.750094)
(-0.5396867, 0.6002147, -1.750086)
(-0.5397077, 0.600208, -1.750155)
(-0.5397012, 0.6002073, -1.75015)
(-0.5397398, 0.6003025, -1.75025)
(-0.539777, 0.6002778, -1.750085)
(-0.5398116, 0.6003762, -1.749982)
(-0.5396914, 0.6004163, -1.749979)
(-0.5397239, 0.6004157, -1.74997)
(-0.5396976, 0.6004133, -1.749961)
(-0.5397995, 0.6003281, -1.749957)
(-0.5398388, 0.6002977, -1.750007)
(-0.5398128, 0.6002806, -1.750004)
(-0.5396788, 0.6003828, -1.75004)
(-0.5396905, 0.6003582, -1.749959)
(-0.53967, 0.600386, -1.749947)
(-0.5396423, 0.6004844, -1.749999)
(-0.5396762, 0.6004906, -1.750038)
(-0.5396876, 0.6005689, -1.749973)
(-0.5400033, 0.6004916, -1.750015)
(-0.5400288, 0.60049, -1.749912)
(-0.5400248, 0.600549, -1.749886)
(-0.5402174, 0.6005282, -1.749913)
(-0.5402555, 0.6005397, -1.749902)
(-0.5401959, 0.6005079, -1.749971)
(-0.540194, 0.6003797, -1.7499)
(-0.5402231, 0.6003764, -1.749961)
(-0.5402212, 0.6003833, -1.749946)
(-0.5401225, 0.6003187, -1.749851)
(-0.5401278, 0.6003169, -1.74991)
(-0.5400825, 0.6002743, -1.749946)
(-0.5401247, 0.6002972, -1.749955)
(-0.5401239, 0.6002866, -1.750022)
(-0.5401378, 0.6002921, -1.750009)
(-0.5401876, 0.6003529, -1.750039)
(-0.540174, 0.6003544, -1.750049)
(-0.5401905, 0.6003824, -1.750018)
(-0.5402281, 0.6004325, -1.750049)
(-0.5402336, 0.6004505, -1.750011)
(-0.5401955, 0.6003622, -1.750069)
(-0.540092, 0.600384, -1.750053)
(-0.5400925, 0.6003842, -1.750051)
(-0.5401182, 0.6004357, -1.750014)
(-0.5401628, 0.6003517, -1.749982)
