(5.27936, 0.2810482, 5.804756)
(5.279397, 0.2806367, 5.80513)
(5.279397, 0.2806367, 5.80513)
(5.279444, 0.2810866, 5.804653)
(5.279391, 0.2808966, 5.804754)
(5.27949, 0.2804225, 5.805293)
(5.279467, 0.280742, 5.804955)
(5.279634, 0.2808123, 5.804869)
(5.279486, 0.2806752, 5.80504)
(5.279522, 0.2805532, 5.805095)
(5.279589, 0.280573, 5.805069)
(5.279656, 0.2806541, 5.805045)
(5.279568, 0.2801634, 5.805456)
(5.279638, 0.2802787, 5.80539)
(5.279507, 0.2802917, 5.805372)
(5.279492, 0.2802075, 5.805454)
(5.279672, 0.2804107, 5.805174)
(5.279707, 0.2805444, 5.805166)
(5.279663, 0.2804399, 5.805225)
(5.279944, 0.279778, 5.80594)
(5.280206, 0.279426, 5.806273)
(5.280068, 0.2799113, 5.805993)
(5.279958, 0.278993, 5.806751)
(5.2801, 0.2795506, 5.80622)
(5.280154, 0.2793798, 5.806434)
(5.280355, 0.2794004, 5.806376)
(5.280557, 0.2797198, 5.806102)
(5.280392, 0.2792158, 5.806501)
(5.280413, 0.2788408, 5.806792)
(5.281188, 0.2785726, 5.807446)
(5.281451, 0.2790171, 5.807)
(5.281448, 0.2781111, 5.807851)
(5.281319, 0.2780826, 5.807874)
(5.281452, 0.2786812, 5.807178)
(5.28187, 0.2785712, 5.807394)
(5.282085, 0.2778702, 5.808143)
(5.282341, 0.2769635, 5.809318)
(5.282304, 0.2772721, 5.808794)
(5.282376, 0.2773556, 5.808645)
(5.282706, 0.2766305, 5.809494)
(5.28313, 0.2760403, 5.810133)
(5.283009, 0.2761568, 5.810282)
(5.283069, 0.2753484, 5.811001)
(5.282985, 0.2751135, 5.811198)
(5.283336, 0.2758299, 5.810591)
(5.283571, 0.2757651, 5.810576)
(5.283518, 0.2755435, 5.810671)
(5.283416, 0.2753083, 5.811277)
(5.283447, 0.2749462, 5.811604)
(5.283648, 0.275341, 5.811191)
(5.283738, 0.2758278, 5.810785)
(5.283604, 0.2749657, 5.811687)
(5.283671, 0.2743351, 5.812187)
(5.284034, 0.2741324, 5.812394)
(5.28457, 0.2747658, 5.811855)
(5.284186, 0.274224, 5.812325)
(5.283895, 0.2742572, 5.812258)
(5.284222, 0.2737169, 5.812994)
(5.284381, 0.2736722, 5.813084)
(5.28441, 0.2736847, 5.81319)
(5.284499, 0.2738973, 5.812895)
(5.284402, 0.2732176, 5.813359)
(5.284727, 0.2728647, 5.813801)
(5.284856, 0.2734374, 5.813172)
(5.284813, 0.2732177, 5.813565)
(5.284726, 0.2721577, 5.814679)
(5.28481, 0.2721172, 5.814681)
(5.285326, 0.2726022, 5.81425)
(5.2858, 0.2715587, 5.815547)
(5.285838, 0.2717395, 5.815619)
(5.285889, 0.2705784, 5.816751)
(5.286101, 0.26982, 5.817809)
(5.286614, 0.2699486, 5.817627)
(5.286726, 0.2696795, 5.818063)
(5.287444, 0.2690741, 5.818904)
(5.28765, 0.2685108, 5.82011)
(5.288423, 0.2676732, 5.821404)
(5.288104, 0.2665367, 5.823002)
(5.288417, 0.2665105, 5.823216)
(5.289083, 0.2670219, 5.822962)
(5.289412, 0.2664701, 5.823832)
(5.289426, 0.2659628, 5.824571)
(5.289536, 0.265351, 5.825366)
(5.289931, 0.2654385, 5.825553)
(5.290119, 0.2653196, 5.825997)
(5.290355, 0.2645634, 5.82712)
(5.290206, 0.2640746, 5.827999)
(5.290485, 0.2638976, 5.82828)
(5.290545, 0.2642998, 5.827746)
(5.290689, 0.2649429, 5.827102)
(5.290607, 0.2650731, 5.826831)
(5.290352, 0.264414, 5.827365)
(5.290175, 0.2633954, 5.828071)
(5.290027, 0.2640317, 5.82733)
(5.291143, 0.2657893, 5.825468)
(5.290697, 0.2633106, 5.827883)
(5.290697, 0.2633106, 5.827883)
(5.292981, 0.2644903, 5.827679)
(5.293428, 0.2650615, 5.827341)
(5.293478, 0.2644378, 5.828343)
(5.293792, 0.2635267, 5.829564)
(5.293979, 0.2620656, 5.831334)
(5.294918, 0.2620722, 5.831644)
(5.296292, 0.2639016, 5.830312)
(5.296332, 0.2641326, 5.830274)
(5.296237, 0.2622212, 5.833031)
(5.295214, 0.2614282, 5.834144)
(5.296726, 0.2614671, 5.834914)
(5.297711, 0.2602746, 5.836389)
(5.297934, 0.2606686, 5.835669)
(5.297871, 0.2613041, 5.8351)
(5.29765, 0.25998, 5.836245)
(5.297658, 0.2595623, 5.837718)
(5.298154, 0.2573705, 5.840517)
(5.298867, 0.2560796, 5.842143)
(5.29993, 0.2582042, 5.840782)
(5.300001, 0.2587536, 5.841122)
(5.29984, 0.2571571, 5.843509)
(5.299946, 0.2558766, 5.845573)
(5.300602, 0.2541895, 5.848361)
(5.301005, 0.2542239, 5.84897)
(5.301614, 0.2550174, 5.848888)
(5.301503, 0.2548865, 5.849608)
(5.30184, 0.2547322, 5.850629)
(5.302241, 0.2531989, 5.853578)
(5.302288, 0.2516972, 5.856516)
(5.301669, 0.2511822, 5.857299)
(5.301078, 0.2516373, 5.856846)
(5.302247, 0.2535032, 5.855181)
(5.303872, 0.2539195, 5.855255)
(5.30616, 0.2548225, 5.854989)
(5.306833, 0.2544377, 5.855705)
(5.307389, 0.2552575, 5.855819)
(5.307257, 0.254384, 5.857098)
(5.307198, 0.2542698, 5.857901)
(5.307683, 0.2531634, 5.859993)
(5.308125, 0.2519414, 5.86182)
(5.307492, 0.2516794, 5.862199)
(5.308475, 0.2531361, 5.860366)
(5.309022, 0.2520092, 5.860038)
(5.309694, 0.25299, 5.858205)
(5.310226, 0.2549613, 5.854439)
(5.310065, 0.2546313, 5.853002)
(5.310095, 0.2541566, 5.852336)
(5.310109, 0.2543143, 5.85105)
(5.311501, 0.2540497, 5.851199)
(5.313154, 0.2540979, 5.851021)
(5.313039, 0.253374, 5.851682)
(5.312623, 0.251607, 5.852392)
(5.312521, 0.2512287, 5.851182)
(5.317406, 0.2546035, 5.846946)
(5.319346, 0.2557917, 5.84516)
(5.318419, 0.2546447, 5.845628)
(5.318257, 0.2534447, 5.846077)
(5.319117, 0.2525018, 5.847157)
(5.323171, 0.2523927, 5.848036)
(5.327499, 0.2529373, 5.847699)
(5.332264, 0.2551157, 5.84618)
(5.338718, 0.2565182, 5.845727)
(5.345102, 0.2537994, 5.848382)
(5.352345, 0.2522801, 5.849391)
(5.368383, 0.2560317, 5.851247)
(5.385378, 0.2558527, 5.855714)
(5.409433, 0.2475794, 5.86746)
(5.435805, 0.2316252, 5.891566)
(5.475362, 0.2182637, 5.919659)
(5.514121, 0.2089764, 5.948309)
(5.527247, 0.1801012, 5.992476)
(5.555407, 0.1418745, 6.044521)
(5.593337, 0.09811994, 6.107205)
(5.669641, 0.003441418, 6.218682)
(5.766694, 6.158154, 0.02587114)
(5.838954, 6.035812, 0.1005087)
(5.891282, 5.891552, 0.1517687)
(5.975453, 5.839083, 0.2042093)
(6.106702, 5.655467, 0.2376744)
(6.10897, 5.742645, 0.2567996)
(5.882066, 5.903952, 0.03877617)
(5.850471, 5.99376, 6.162047)
(5.689443, 6.105036, 6.017653)
(5.645987, 6.243291, 5.825475)
(5.642872, 0.01578305, 5.730058)
(5.672072, 0.03918184, 5.703784)
(5.719884, 0.01203494, 5.729071)
(5.754614, 6.272155, 5.746886)
(5.771737, 0.02006609, 5.673412)
(5.753594, 0.02923954, 5.656419)
(5.771071, 0.01947868, 5.664656)
(5.77453, 0.04185462, 5.683654)
(5.749086, 0.07013573, 5.67986)
(5.736799, 0.1012092, 5.671333)
(5.734595, 0.1183169, 5.672842)
(5.726667, 0.1142119, 5.701435)
(5.699763, 0.1214445, 5.712765)
(5.649665, 0.1320712, 5.704431)
(5.614231, 0.1302384, 5.706817)
(5.588037, 0.1340935, 5.708675)
(5.550197, 0.1376459, 5.70593)
(5.509858, 0.1280141, 5.717295)
(5.461705, 0.1232869, 5.731464)
(5.414882, 0.127279, 5.733905)
(5.372602, 0.126356, 5.744526)
(5.345909, 0.1326195, 5.755463)
(5.315437, 0.1227388, 5.778988)
(5.281731, 0.1020074, 5.824363)
(5.234293, 0.1179675, 5.831496)
(5.191237, 0.1277056, 5.834676)
(5.171836, 0.1115481, 5.873147)
(5.157519, 0.1008211, 5.911841)
(5.147002, 0.09301981, 5.939609)
(5.140716, 0.0915778, 5.938497)
(5.119109, 0.08295485, 5.914885)
(5.089367, 0.06891275, 5.910711)
(5.060797, 0.03287048, 5.92695)
(5.040813, 0.004321901, 5.950925)
(5.044389, 6.258589, 5.998523)
(5.070368, 6.25099, 6.054507)
(5.094716, 0.0009151453, 6.068013)
(5.10686, 0.04010671, 6.06027)
(5.121471, 0.09373837, 6.025594)
(5.142654, 0.1099161, 6.018247)
(5.154745, 0.1165115, 6.018557)
(5.155222, 0.08558057, 6.041758)
(5.143523, 0.05234669, 6.075618)
(5.128015, 0.03687545, 6.09046)
(5.133183, 0.1483807, 6.004131)
(5.254581, 0.3612717, 5.734065)
(5.330415, 0.4415564, 5.600418)
(5.33293, 0.3558148, 5.597648)
(5.333447, 0.127143, 5.970564)
(5.459601, 6.211254, 6.162897)
(5.321723, 0.008876617, 6.052735)
(5.103742, 0.2716512, 5.792015)
(5.004358, 0.2833788, 5.675705)
(5.082115, 0.4289499, 5.524571)
(5.162649, 0.2640871, 5.756432)
(5.250736, 0.1303429, 5.918459)
(5.42378, 0.1192928, 5.954352)
(5.371104, 0.2009542, 5.868277)
(5.324185, 0.2251358, 5.829072)
(5.246994, 0.1664263, 5.847433)
(5.19505, 0.1392241, 5.855595)
(5.159112, 0.1005214, 5.892668)
(5.200162, 0.06522995, 5.937099)
(5.262839, 0.1017134, 5.92359)
(5.310668, 0.142783, 5.893336)
(5.340256, 0.1192974, 5.920407)
(5.326361, 0.1431475, 5.894954)
(5.295271, 0.1597669, 5.874828)
(5.264387, 0.1526781, 5.868446)
(5.255675, 0.1135882, 5.908437)
(5.262877, 0.09603457, 5.926637)
(5.27627, 0.09413112, 5.933765)
(5.285673, 0.1070956, 5.926484)
(5.289096, 0.1345949, 5.893517)
(5.281122, 0.1260164, 5.90067)
(5.284225, 0.1358678, 5.889384)
(5.292112, 0.1229214, 5.907419)
(5.297525, 0.1077572, 5.920124)
(5.294466, 0.1071195, 5.919528)
(5.293237, 0.1107933, 5.918044)
(5.289696, 0.1230427, 5.907647)
(5.288186, 0.1196128, 5.907116)
(5.287073, 0.113185, 5.913663)
(5.286539, 0.1126387, 5.916461)
(5.291348, 0.1044202, 5.926153)
(5.293834, 0.1046439, 5.925333)
(5.294472, 0.1091511, 5.91785)
(5.292569, 0.1098894, 5.91638)
(5.293429, 0.1178347, 5.9073)
(5.297994, 0.1281308, 5.898118)
(5.301898, 0.12896, 5.89655)
(5.295731, 0.1204166, 5.904566)
(5.292524, 0.1146736, 5.908522)
(5.290516, 0.1097717, 5.913248)
(5.29158, 0.1134188, 5.908776)
(5.294202, 0.1156256, 5.906472)
(5.298522, 0.1219172, 5.900312)
(5.306158, 0.1336418, 5.890818)
(5.30454, 0.1307993, 5.893387)
(5.298225, 0.123799, 5.898559)
(5.290364, 0.1094151, 5.911703)
(5.295247, 0.1086896, 5.913246)
(5.302661, 0.1143983, 5.909376)
(5.303801, 0.1178024, 5.904917)
(5.299978, 0.1233835, 5.898163)
(5.301523, 0.1271188, 5.895139)
(5.300734, 0.121751, 5.900395)
(5.297452, 0.1157313, 5.905653)
(5.2952, 0.1134526, 5.907673)
(5.297688, 0.1143936, 5.907201)
(5.305909, 0.1223077, 5.900816)
(5.306056, 0.123011, 5.899403)
(5.301757, 0.1233399, 5.898332)
(5.278016, 0.1133126, 5.899795)
(5.291749, 0.1079636, 5.910025)
(5.352741, 0.1464536, 5.891654)
(5.357635, 0.1538144, 5.882589)
(5.254057, 0.09586498, 5.910126)
(5.219177, 0.07618291, 5.921756)
(5.244319, 0.07940869, 5.924378)
(5.313089, 0.1488162, 5.873226)
(5.319942, 0.157067, 5.865135)
(5.305559, 0.1366627, 5.880977)
(5.294106, 0.1308607, 5.886065)
(5.287948, 0.1244506, 5.89059)
(5.284856, 0.1187142, 5.896751)
(5.285746, 0.118867, 5.895593)
(5.286032, 0.1202466, 5.894701)
(5.289941, 0.1280916, 5.886857)
(5.291342, 0.1266418, 5.888933)
(5.291353, 0.1260346, 5.889216)
(5.290715, 0.1250886, 5.890602)
(5.289831, 0.1261994, 5.889103)
(5.289223, 0.1267469, 5.888601)
(5.290833, 0.1289084, 5.886364)
(5.293616, 0.1306566, 5.885506)
(5.295149, 0.1290577, 5.887105)
(5.292119, 0.1237779, 5.89211)
(5.288476, 0.1216695, 5.893272)
(5.289645, 0.1266853, 5.888206)
(5.293151, 0.1331164, 5.882295)
(5.293232, 0.1335959, 5.881791)
(5.29189, 0.1294327, 5.885685)
(5.293109, 0.1268618, 5.88877)
(5.294183, 0.1268318, 5.889332)
(5.293985, 0.1273677, 5.888566)
(5.291568, 0.1279995, 5.887411)
(5.290915, 0.1283815, 5.886641)
(5.292267, 0.1287861, 5.886389)
(5.292659, 0.1293834, 5.885697)
(5.291829, 0.1296028, 5.885178)
(5.292428, 0.1309404, 5.884223)
(5.293502, 0.1310267, 5.884296)
(5.294024, 0.1299094, 5.885497)
(5.293645, 0.129089, 5.886271)
(5.29219, 0.129481, 5.885676)
(5.292099, 0.129232, 5.88605)
(5.293541, 0.1291367, 5.886534)
(5.293555, 0.1288227, 5.886854)
(5.292959, 0.1283033, 5.887417)
(5.292564, 0.1289248, 5.886526)
(5.292829, 0.1293822, 5.88614)
(5.292786, 0.1293263, 5.886137)
(5.292288, 0.1289702, 5.886468)
(5.29212, 0.1289106, 5.886509)
(5.293929, 0.1307176, 5.885015)
(5.294186, 0.1308477, 5.884979)
(5.292573, 0.1291217, 5.886576)
(5.291067, 0.1277331, 5.887639)
(5.292348, 0.1284699, 5.8871)
(5.294222, 0.1301458, 5.885877)
(5.295346, 0.1318008, 5.884431)
