0.2597702
0.2921326
0.2938736
0.2699213
0.2573033
0.2451234
0.2085357
0.1941187
0.1743338
0.1496096
0.1272957
0.1072651
0.08654743
0.07035498
0.05529851
0.03938649
0.02844302
0.02262643
0.02634205
0.03433019
0.04538636
0.0535573
0.0513712
0.04890278
0.06924752
0.108531
0.1024903
0.09779692
0.09545456
0.1012421
0.101135
0.1027662
0.1082742
0.1093544
0.1112211
0.1177299
0.1175553
0.1151852
0.1228664
0.1192251
0.1240254
0.1258453
0.1255223
0.1240252
0.1227286
0.1179051
0.1192321
0.1177779
0.1102017
0.1115084
0.1142088
0.1094449
0.1101176
0.1056172
0.09901445
0.0948728
0.09209844
0.09036831
0.08679545
0.0833248
0.07990777
0.07798544
0.0751499
0.07177588
0.06792946
0.06514542
0.06293284
0.05798277
0.05179401
0.05039178
0.04861381
0.04521895
0.04659271
0.04826288
0.04287985
0.03857663
0.03467409
0.02906099
0.02657817
0.02701378
0.02944579
0.03369033
0.03536503
0.02951623
0.02356864
0.01881167
0.03054008
0.04384702
0.0373938
0.02505685
0.009722235
0.02399645
0.02375265
0.03465241
MSE 0.09015284
total_moving_Distance 0.5360758