0.332487
0.3170991
0.2955939
0.2813647
0.2717123
0.2385595
0.2234525
0.1995905
0.1734821
0.1579468
0.1415447
0.1222112
0.1079255
0.09635656
0.08229986
0.0722238
0.06320882
0.05578089
0.04888734
0.04736871
0.04642488
0.04417739
0.04376636
0.03828831
0.03467566
0.03311096
0.02955587
0.03325371
0.02713309
0.02761271
0.02988428
0.03320664
0.03118581
0.03034298
0.02674781
0.02127828
0.02100564
0.01718316
0.01861608
0.02442088
0.02643378
0.02955759
0.02839222
0.0261627
0.02586669
0.02445779
0.0258791
0.02973021
0.03661508
0.04099655
0.04873192
0.0470907
0.02969074
0.03345978
0.02716433
0.03245055
0.03621091
0.03711011
0.03833197
0.02474701
0.0173408
0.01498444
0.01003861
0.009654496
MSE 0.07253225
total_moving_Distance 0.4527294
height_from_ground 0.1468049
height_from_ground_error -0.001015797
height_from_ground_error2 -0.001015797