(327.5576, 1.305599, 346.4718)
(332.1366, 358.9389, 349.445)
(337.1935, 357.0934, 351.932)
(338.9495, 357.0782, 353.4338)
(338.188, 356.6485, 355.0616)
(336.5558, 354.8028, 358.8152)
(328.4576, 2.174044, 352.9565)
(335.2028, 0.4825689, 354.9314)
(335.2028, 0.4825689, 354.9314)
(334.7692, 0.2116856, 355.5016)
(329.502, 0.3486798, 355.7549)
(326.9264, 0.3878095, 355.9536)
(326.0946, 1.269598, 355.2755)
(324.9155, 2.521701, 354.2202)
(323.0684, 3.354239, 353.602)
(321.1871, 4.103763, 353.2261)
(319.5793, 5.22623, 352.8193)
(318.8871, 6.402133, 352.438)
(318.3566, 7.18528, 352.0818)
(317.5668, 7.462708, 351.2035)
(317.4697, 8.147688, 349.0304)
(317.4697, 8.147688, 349.0304)
(317.0962, 9.005623, 347.8709)
(316.8386, 10.08635, 346.5888)
(316.3464, 10.7541, 345.7999)
(315.7473, 11.27002, 345.3281)
(315.5193, 11.57587, 345.0584)
(315.2584, 12.05493, 344.6815)
(315.4534, 12.39535, 344.5866)
(315.5558, 12.57062, 344.5783)
(315.3632, 12.64212, 344.5374)
(315.0789, 12.39788, 344.5263)
(315.265, 11.6003, 344.8629)
(315.591, 11.32412, 345.2116)
(316.2794, 10.81681, 346.115)
(317.1095, 9.944587, 347.368)
(317.81, 8.970426, 348.5988)
(318.839, 7.577332, 350.307)
(319.8397, 6.936309, 351.1181)
(321.3337, 6.622972, 351.302)
(322.5672, 6.41683, 350.9546)
(322.3482, 5.974178, 350.9226)
(321.9655, 5.275723, 351.2302)
(321.6643, 4.460766, 351.6066)
(321.1701, 4.949297, 350.9154)
(321.2984, 5.646953, 350.6247)
(321.3312, 5.964249, 350.9795)
(321.5361, 4.496198, 355.0718)
(320.8807, 3.746296, 356.9366)
(320.5214, 3.617223, 357.7346)
(320.24, 3.61396, 358.2015)
(320.2747, 3.790023, 357.8382)
(320.7213, 3.458857, 357.7151)
(320.6204, 1.570059, 357.6446)
(319.8453, 359.4966, 358.0096)
(318.8297, 357.9354, 357.7914)
(314.6595, 357.0179, 354.0618)
(313.9252, 355.7494, 353.3916)
(314.26, 353.5916, 354.0644)
(314.5628, 352.3678, 354.7518)
