0.4025945
0.3853554
0.360119
0.3432603
0.3005648
0.2910538
0.3040375
0.3105875
0.3013646
0.2715696
0.2578933
0.2503258
0.2377833
0.2230891
0.2032859
0.189751
0.1804157
0.1744482
0.1711213
0.1734747
0.1665382
0.1650674
0.1701369
0.1694091
0.1440484
0.1297367
0.1434343
0.1359003
0.1194324
0.1049284
0.09654991
0.1007245
0.1061453
0.1064845
0.1090568
0.111385
0.1172263
0.119603
0.1151049
0.1084808
0.1070465
0.1064018
0.1042509
0.1016697
0.09733935
0.09550955
0.09628938
0.09593596
0.09682081
0.09952103
0.100583
0.09892178
0.09674935
0.09601554
0.098865
0.09856969
0.09120203
0.08535623
0.08204676
0.07953689
0.07493996
MSE 0.1618862
total_moving_Distance 0.7945397