0.3233563
0.2731074
0.2496651
0.2749276
0.2873285
0.2720395
0.2046145
0.1307728
0.1379466
0.1686465
0.1767589
0.1406441
0.08172213
0.08346135
0.1205152
0.1367134
0.1225058
0.1111856
0.1081636
0.1189331
0.1343874
0.1130209
0.0991237
0.1024016
0.08161633
0.1250716
0.1332699
0.1138192
0.125959
0.1388257
0.1438698
0.135549
0.1337668
0.1352738
0.1412805
0.1379563
0.128232
0.1254241
0.1279604
0.1282909
0.120897
0.1217195
0.1225873
0.1158676
0.1130167
0.112976
0.1067185
0.09963752
0.09504372
0.08409903
0.06922045
0.05222118
0.03608156
0.03698829
0.04057683
0.0376903
0.03417714
0.03767468
0.03748062
0.03382957
0.03605699
0.05046732
0.05216722
0.04414519
0.03568074
0.04015405
0.0540958
0.06112462
MSE 0.1163309
total_moving_Distance 0.836064