(-6301.541, 273.0878, 2767.08)
(53.07571, 73.31141, 24.52089)
(68.45441, 68.63007, 29.75865)
(82.2133, 90.01617, 38.19248)
(59.02764, 135.0338, 29.65108)
(58.92291, 146.4594, 10.55619)
(47.30733, 137.7481, 1.722322)
(28.50964, 133.9627, -1.560415)
(36.6095, 143.004, 14.94853)
(47.60125, 134.7574, 35.9424)
(64.33337, 168.0666, 60.64154)
(72.37459, 143.0234, 38.34453)
(78.83504, 123.8907, 56.36425)
(82.79365, 121.4575, 42.40439)
(87.21992, 91.02071, 35.64989)
(94.78899, 115.2283, 35.07231)
(91.54315, 93.04957, 37.81145)
(91.9703, 96.31507, 49.11966)
(76.80522, 101.9083, 36.21072)
(67.20805, 63.39525, 48.81745)
(68.28944, 58.71346, 59.50159)
(90.62794, 87.97187, 72.66933)
(76.0029, 53.95858, 66.00337)
(67.89165, 20.30584, 60.73407)
(62.61956, 14.52335, 55.26511)
(66.56213, -3.547603, 60.66049)
(76.83705, -5.988427, 66.35415)
(70.75107, -25.28946, 63.16597)
(77.49639, -26.40622, 66.95339)
(85.61425, -44.29696, 71.79961)
(81.86794, -54.53427, 66.46274)
(77.78004, -55.44693, 66.4767)
(69.46854, -71.12408, 63.33511)
(79.13434, -92.17316, 71.54665)
(80.02181, -108.3842, 85.43188)
(66.73579, -96.92551, 71.34602)
(62.72235, -97.51862, 76.76247)
(62.10578, -90.04084, 78.72112)
(49.64562, -86.46877, 63.91634)
(69.04808, -119.7708, 87.69963)
(49.96838, -112.8465, 64.18034)
(56.39541, -102.4724, 67.77145)
(62.78666, -118.4432, 77.87648)
(51.56155, -104.9288, 68.60481)
(43.36842, -104.0269, 65.15248)
(49.69877, -99.8419, 77.33755)
(43.35001, -86.96572, 71.55085)
(35.37915, -79.99925, 65.33386)
(45.80091, -73.5929, 69.23894)
(36.35419, -80.55827, 51.6355)
(37.96247, -69.57745, 46.50462)
(61.61943, -115.203, 70.75895)
(42.95414, -78.99454, 57.5412)
(35.48941, -70.58925, 54.02792)
(40.94431, -62.95855, 59.55615)
(39.99599, -48.0679, 51.11597)
(33.26364, -48.14101, 37.30213)
(44.00906, -55.48588, 40.30249)
(30.05365, -49.66858, 27.10423)
(23.55623, -31.13826, 16.36718)
