(319.2894, 307.9196, 66.61133)
(318.98, 304.884, 64.05518)
(315.7394, 300.8592, 63.93908)
(308.9056, 313.1219, 49.66535)
(308.9056, 313.1219, 49.66535)
(307.7577, 335.0235, 24.44431)
(306.6607, 339.5962, 18.9407)
(307.9057, 344.4931, 12.85042)
(311.7003, 344.8333, 11.816)
(316.6134, 345.8868, 10.09939)
(317.5266, 345.6887, 9.421322)
(318.4572, 346.8956, 7.391239)
(319.4771, 348.6427, 5.234935)
(321.3553, 350.3116, 3.855234)
(322.7303, 350.8954, 3.535568)
(323.7449, 351.1125, 3.041803)
(324.5829, 350.9081, 3.115248)
(325.8468, 351.836, 2.001588)
(327.6066, 353.5618, 0.2924752)
(332.647, 354.2525, 359.5896)
(334.2992, 353.8994, 359.333)
(335.7076, 353.8887, 358.5981)
(336.936, 353.9222, 358.4828)
(337.5023, 353.3623, 358.3816)
(336.6436, 352.5944, 358.3849)
(336.4922, 349.6455, 358.5876)
(336.6708, 346.7466, 0.06841107)
(336.2129, 343.4115, 2.491989)
(335.6399, 340.9042, 4.295277)
(334.7558, 338.9753, 6.025164)
(334.3828, 337.6782, 7.201435)
(333.7056, 335.9876, 8.611183)
(332.5615, 335.1725, 11.45705)
(329.7111, 331.6576, 20.69248)
(329.1012, 328.8658, 25.35619)
(328.4859, 327.3387, 28.56381)
(327.2008, 328.5574, 29.97943)
(325.338, 330.3374, 30.72352)
(323.2325, 329.7765, 32.70555)
