(0.07161832, 0.1060572, 0.5742918)
(0.07162714, 0.106088, 0.5743613)
(0.07159472, 0.1061412, 0.5742842)
(0.07161784, 0.1061392, 0.5743202)
(0.07161582, 0.1061959, 0.5743941)
(0.07161582, 0.1061959, 0.5743941)
(0.07174706, 0.1062722, 0.5742984)
(0.07181334, 0.1062702, 0.5742598)
(0.07177413, 0.1062009, 0.5743268)
(0.07185555, 0.1061968, 0.5743979)
(0.07192969, 0.1061616, 0.5743763)
(0.07190061, 0.1060433, 0.5745188)
(0.0719738, 0.1060337, 0.5745699)
(0.07189107, 0.106196, 0.5747402)
(0.07185543, 0.1061997, 0.5747434)
(0.07184029, 0.1061764, 0.5748065)
(0.07192767, 0.1060964, 0.57479)
(0.07193053, 0.1061158, 0.5747708)
(0.07199001, 0.1061534, 0.5748008)
(0.07200003, 0.1061866, 0.5748554)
(0.07208693, 0.1062196, 0.5749093)
(0.07199788, 0.106198, 0.574807)
(0.07194877, 0.1062849, 0.5748907)
(0.07198966, 0.106277, 0.5749791)
(0.07205653, 0.1062977, 0.5751244)
(0.07220805, 0.1061293, 0.5750151)
(0.07214475, 0.1059983, 0.5751611)
(0.07213652, 0.1059749, 0.5751748)
(0.07200992, 0.1060373, 0.5751857)
(0.07199144, 0.1059611, 0.5752553)
(0.07195973, 0.1059318, 0.5751927)
(0.07187188, 0.1060228, 0.5752726)
(0.07183158, 0.1060007, 0.5752176)
(0.07187939, 0.1059982, 0.5752966)
(0.07187879, 0.1060103, 0.5753115)
(0.07195973, 0.1059974, 0.5753613)
(0.07201433, 0.105955, 0.5754517)
(0.0720197, 0.1059412, 0.5754641)
(0.07212996, 0.1060721, 0.5753093)
(0.07209802, 0.1060631, 0.5752528)
(0.07211745, 0.1060878, 0.5752673)
(0.0720129, 0.1059936, 0.5753182)
(0.07199717, 0.1059699, 0.5753425)
(0.07191706, 0.1060199, 0.5753425)
(0.07196343, 0.1060826, 0.575254)
(0.0720185, 0.1060922, 0.575349)
(0.07194161, 0.1062076, 0.5754075)
(0.07197809, 0.1061978, 0.5754346)
(0.07192624, 0.1061623, 0.575412)
(0.07187009, 0.1062493, 0.5754749)
(0.07192385, 0.1062663, 0.5755312)
(0.0719043, 0.1062835, 0.5755588)
(0.0719943, 0.106181, 0.5754708)
(0.07204473, 0.1062951, 0.5753409)
(0.07202125, 0.1062937, 0.5752604)
(0.07202196, 0.106329, 0.5752383)
(0.07203746, 0.1062497, 0.5753813)
(0.07198167, 0.106236, 0.5753064)
(0.07198167, 0.106236, 0.5753064)
(0.07195973, 0.1061811, 0.5753216)
(0.07199466, 0.1061859, 0.5753711)
(0.07202566, 0.1061631, 0.5753268)
(0.07194674, 0.1061337, 0.5753205)
(0.0719769, 0.1061288, 0.5753821)
(0.07204735, 0.106029, 0.5753323)
(0.07208288, 0.1061187, 0.5751574)
(0.07210052, 0.1061202, 0.5751261)
(0.07203722, 0.1061977, 0.5751637)
(0.07194948, 0.1060647, 0.5752625)
(0.07198095, 0.1060765, 0.5752864)
(0.07207191, 0.1060191, 0.5752339)
(0.07204652, 0.1059706, 0.5752494)
(0.07202351, 0.1059541, 0.5752091)
(0.07185018, 0.1061636, 0.575334)
(0.07195151, 0.1062553, 0.5752256)
(0.07198596, 0.1062545, 0.5752754)
(0.07205737, 0.1061723, 0.5751908)
(0.0719825, 0.1061046, 0.5751944)
(0.07188463, 0.106051, 0.575133)
(0.07183778, 0.1060998, 0.5751404)
(0.07177508, 0.1061107, 0.5750829)
(0.07185078, 0.1061338, 0.5751895)
(0.07186532, 0.1061208, 0.5751393)
(0.07185912, 0.1061282, 0.5751241)
(0.07179558, 0.1061187, 0.5750322)
(0.07177758, 0.1061531, 0.5750499)
(0.07181942, 0.1061226, 0.5751393)
(0.07179558, 0.1060816, 0.5751926)
(0.07172918, 0.1061711, 0.5752472)
(0.07180011, 0.1062412, 0.5752231)
(0.07184064, 0.1062703, 0.5752906)
(0.07181871, 0.1063577, 0.575362)
(0.07179129, 0.1063385, 0.5754067)
(0.07178247, 0.1063334, 0.5754329)
(0.07187939, 0.1062293, 0.5753326)
(0.07190752, 0.1062388, 0.5752884)
(0.07194626, 0.1062135, 0.5753285)
(0.07199788, 0.106167, 0.5752879)
(0.07201111, 0.1060923, 0.5753424)
(0.07192302, 0.1060567, 0.5751876)
(0.07194901, 0.1060455, 0.5751487)
(0.0720098, 0.1060834, 0.5750464)
(0.0720762, 0.1060853, 0.5750016)
(0.07203066, 0.1061729, 0.5750366)
(0.07201076, 0.106143, 0.5750256)
(0.07201242, 0.1061416, 0.5749909)
(0.0720607, 0.1060671, 0.574878)
(0.07204831, 0.1060618, 0.5747781)
(0.07211185, 0.1060547, 0.5748253)
(0.07203507, 0.1061758, 0.5748996)
(0.07205129, 0.1061624, 0.5749524)
(0.07208645, 0.1061752, 0.5749928)
(0.07209289, 0.1062052, 0.5750257)
(0.07206607, 0.1061643, 0.5750434)
(0.07199931, 0.1061554, 0.5749696)
(0.07205606, 0.1060992, 0.5749367)
(0.07197368, 0.1059868, 0.5750802)
(0.07187068, 0.1059856, 0.5750265)
(0.0720228, 0.1057818, 0.5748791)
(0.07195413, 0.1057278, 0.5748934)
(0.07197785, 0.1056865, 0.5749381)
(0.07187092, 0.1058022, 0.5750341)
(0.07202375, 0.1058753, 0.575009)
(0.07213974, 0.1058739, 0.5751702)
(0.07212186, 0.1059381, 0.5752528)
(0.07223737, 0.1058977, 0.575313)
(0.0726161, 0.1058357, 0.5757066)
(0.07300484, 0.1057212, 0.5758321)
(0.07320666, 0.1057502, 0.5759352)
(0.07349372, 0.1057085, 0.5762376)
(0.07362926, 0.1057701, 0.5766827)
(0.07351804, 0.1057454, 0.5768521)
(0.07349825, 0.1057845, 0.5769969)
(0.07351577, 0.1056558, 0.5768874)
(0.07360017, 0.1057652, 0.5771309)
(0.07354939, 0.1058261, 0.5772778)
(0.07345665, 0.1060873, 0.5776047)
(0.07369959, 0.106286, 0.5779014)
(0.07376611, 0.1064131, 0.5782865)
(0.07381749, 0.106395, 0.5786836)
(0.07368088, 0.1063985, 0.5788656)
(0.07347476, 0.1064489, 0.5791715)
(0.07305169, 0.1066877, 0.5799042)
(0.07290924, 0.1067207, 0.5805602)
(0.07279289, 0.1068348, 0.5812303)
(0.07283628, 0.1066344, 0.5815984)
(0.07270372, 0.1067339, 0.5821342)
(0.07240605, 0.1067708, 0.582612)
(0.07181239, 0.107049, 0.5832694)
(0.07132614, 0.1070514, 0.5839227)
(0.0708487, 0.1072085, 0.5846444)
(0.06978226, 0.1075166, 0.5857562)
(0.06920147, 0.1078647, 0.586791)
(0.0685389, 0.108526, 0.5883192)
(0.06814313, 0.1092224, 0.5900784)
(0.06791484, 0.110724, 0.5923342)
(0.06801999, 0.113084, 0.5950432)
(0.06829262, 0.1159397, 0.5978057)
(0.06904984, 0.1204845, 0.6022229)
(0.06966603, 0.1258782, 0.607585)
(0.0709939, 0.1317974, 0.6133667)
(0.07022929, 0.1396631, 0.6166759)
(0.06928277, 0.1483959, 0.6189356)
(0.06773639, 0.1584934, 0.6202642)
(0.06467891, 0.1695021, 0.6232412)
(0.06124365, 0.1803562, 0.6267401)
(0.05831647, 0.1919864, 0.6286772)
(0.0559597, 0.2030936, 0.6318598)
(0.05387998, 0.2148305, 0.6352328)
(0.05179775, 0.2270467, 0.6387142)
(0.05067027, 0.2376791, 0.642115)
(0.0502429, 0.2471742, 0.6458884)
(0.04986298, 0.2560883, 0.6502942)
(0.05054224, 0.2643539, 0.6534629)
(0.05069089, 0.2712937, 0.6575965)
(0.04988778, 0.2787771, 0.6632752)
(0.05008852, 0.2857589, 0.6668742)
(0.05028737, 0.2907204, 0.6717142)
(0.04962361, 0.2965542, 0.6780732)
(0.05040276, 0.301141, 0.6825019)
(0.05131555, 0.3033198, 0.6878633)
(0.05194485, 0.3052335, 0.6936117)
(0.05347025, 0.3059395, 0.6983753)
(0.05484962, 0.306519, 0.7035944)
(0.05621719, 0.3059785, 0.709239)
(0.05767262, 0.3063097, 0.7145888)
(0.05941701, 0.3042555, 0.7201252)
(0.0612253, 0.3003455, 0.7255281)
(0.06306577, 0.2978215, 0.7313386)
(0.06451893, 0.2943915, 0.7371386)
(0.06602561, 0.2914451, 0.7423958)
(0.06804574, 0.287676, 0.7473447)
(0.06954062, 0.2830914, 0.75261)
(0.07134509, 0.2788693, 0.7568722)
(0.07258368, 0.2744495, 0.7610337)
(0.07418919, 0.270536, 0.7644219)
(0.07597435, 0.2661611, 0.767136)
(0.07683206, 0.2622645, 0.7700442)
(0.07816064, 0.2589149, 0.7727867)
(0.07952178, 0.2551008, 0.7743615)
(0.0802685, 0.2521012, 0.7762355)
(0.08112061, 0.2491989, 0.7782615)
(0.08207619, 0.246455, 0.7788287)
(0.0822773, 0.2443499, 0.7796878)
(0.08207941, 0.2422706, 0.780524)
(0.08286893, 0.2390595, 0.7811574)
(0.08344352, 0.2366658, 0.7821082)
(0.08456516, 0.2370728, 0.7807859)
(0.08635759, 0.2406868, 0.781029)
(0.08641684, 0.2460233, 0.7839847)
(0.08532763, 0.2491114, 0.7886636)
(0.08553767, 0.2503048, 0.7885382)
(0.08561909, 0.2512822, 0.7904665)
(0.08632219, 0.2517242, 0.7929814)
(0.08703244, 0.2543449, 0.7922634)
(0.08792353, 0.2578116, 0.7921184)
(0.08961618, 0.2589159, 0.7921559)
(0.09027076, 0.2606036, 0.793573)
(0.09027076, 0.2606036, 0.793573)
(0.08998609, 0.2689468, 0.7996767)
(0.08900023, 0.2726023, 0.8031697)
(0.08981621, 0.276054, 0.8051758)
(0.08972597, 0.278506, 0.8077315)
(0.09009111, 0.281857, 0.8110503)
(0.0901742, 0.2851351, 0.8136011)
(0.09041512, 0.2883238, 0.8170583)
(0.09079099, 0.2918565, 0.820785)
(0.09094405, 0.2950768, 0.824007)
(0.09137368, 0.2986966, 0.8271327)
(0.09195077, 0.303131, 0.8292476)
(0.09282529, 0.3077075, 0.8308269)
(0.09458566, 0.3133976, 0.8323092)
(0.09569585, 0.31954, 0.8346944)
(0.096591, 0.3246267, 0.8374313)
(0.09795713, 0.3307709, 0.8400265)
(0.09970748, 0.337151, 0.8424512)
(0.1012083, 0.3432693, 0.8452275)
(0.1033577, 0.3505123, 0.8477231)
(0.1053981, 0.3578854, 0.8499967)
(0.1072599, 0.3654217, 0.8525321)
(0.1092237, 0.3734802, 0.8552903)
(0.1114789, 0.3820949, 0.8583227)
(0.1133001, 0.3897508, 0.8612745)
(0.1152047, 0.3973964, 0.8646022)
(0.1168821, 0.4049883, 0.8678334)
(0.1185296, 0.4125373, 0.8711692)
(0.1201206, 0.4197569, 0.8751624)
(0.1211799, 0.426971, 0.8792067)
(0.1224588, 0.4343747, 0.8827031)
(0.1236664, 0.4413241, 0.8867481)
(0.1245393, 0.4486529, 0.8913814)
(0.1257725, 0.4553365, 0.8952079)
(0.1266962, 0.4611735, 0.8997734)
(0.1272671, 0.4669273, 0.9045495)
(0.1284267, 0.4729607, 0.9083438)
(0.1292228, 0.4784774, 0.9124891)
(0.1294805, 0.483979, 0.9171458)
(0.129813, 0.4890318, 0.9215775)
(0.1306016, 0.4944181, 0.9258009)
(0.1310428, 0.4995967, 0.9308308)
(0.1313682, 0.5041595, 0.9357576)
(0.1318605, 0.5080381, 0.9408902)
(0.1318614, 0.5115722, 0.9461406)
(0.1317428, 0.5149724, 0.9513463)
(0.1317672, 0.5176749, 0.9563463)
(0.1317641, 0.5198537, 0.9613943)
(0.1316782, 0.5222308, 0.9663594)
(0.1313481, 0.5239199, 0.9716148)
(0.1311371, 0.5254237, 0.9774876)
(0.1307063, 0.526511, 0.9828709)
(0.1305743, 0.5273253, 0.9881978)
(0.1305022, 0.5279719, 0.9939359)
(0.1303809, 0.5283375, 0.999294)
(0.1304368, 0.5279055, 1.004463)
(0.1307245, 0.5271982, 1.009723)
(0.1308852, 0.5263672, 1.015113)
(0.1313438, 0.525143, 1.020214)
(0.1321211, 0.5235678, 1.025734)
(0.132933, 0.5215297, 1.030629)
(0.1339368, 0.5192422, 1.035528)
(0.1347007, 0.5170588, 1.040323)
(0.1355497, 0.5145007, 1.044416)
(0.1357582, 0.5118203, 1.049111)
(0.1364859, 0.5093997, 1.05264)
(0.1373366, 0.5069264, 1.055855)
(0.138166, 0.5044039, 1.059401)
(0.139335, 0.5017384, 1.062064)
(0.1403384, 0.4992839, 1.064861)
(0.1411897, 0.4968031, 1.06725)
(0.1419268, 0.4948719, 1.068921)
(0.1422704, 0.4929968, 1.06999)
(0.1422302, 0.4906487, 1.071421)
(0.1425188, 0.4885836, 1.07237)
(0.1421342, 0.4895994, 1.070651)
(0.1418233, 0.4939803, 1.072037)
(0.1413755, 0.4991463, 1.073982)
(0.1411326, 0.4991506, 1.075518)
(0.1414201, 0.4959578, 1.078913)
(0.1420196, 0.4935229, 1.08223)
(0.141434, 0.4927259, 1.08398)
(0.1410905, 0.4929489, 1.085305)
(0.1398674, 0.494548, 1.08644)
(0.1385486, 0.4961883, 1.086408)
(0.1390938, 0.4977737, 1.08667)
(0.1399846, 0.499651, 1.085953)
(0.1409293, 0.5023393, 1.086987)
(0.1415067, 0.5050641, 1.088408)
(0.1427745, 0.5084212, 1.090184)
(0.1435754, 0.5119678, 1.093052)
(0.1440507, 0.514841, 1.094897)
(0.1446816, 0.5175828, 1.096741)
(0.1451049, 0.520035, 1.098156)
(0.1456839, 0.5225002, 1.099802)
(0.1464711, 0.5252596, 1.101542)
(0.1474284, 0.5281531, 1.103016)
(0.148337, 0.5313564, 1.104867)
(0.1493756, 0.5345572, 1.10703)
(0.1501579, 0.5375932, 1.109129)
(0.1509758, 0.5407171, 1.111027)
(0.1508553, 0.5436789, 1.112948)
(0.150797, 0.5471352, 1.114407)
(0.1495905, 0.5511781, 1.115269)
(0.1479782, 0.5559409, 1.115904)
(0.1469662, 0.560323, 1.116942)
(0.1461115, 0.564834, 1.11825)
(0.1513258, 0.563727, 1.114913)
(0.1508852, 0.568619, 1.116618)
(0.1502409, 0.573482, 1.118542)
(0.1495823, 0.5783967, 1.120252)
(0.1489705, 0.5834976, 1.12184)
(0.1480852, 0.5885274, 1.123354)
(0.1472812, 0.5944624, 1.125369)
(0.1464847, 0.5996816, 1.127212)
(0.1457551, 0.6049851, 1.129044)
(0.1447649, 0.6101628, 1.130834)
(0.1437014, 0.6152667, 1.132836)
(0.1426194, 0.6203409, 1.134447)
(0.1412187, 0.6253435, 1.136053)
(0.1399722, 0.6301306, 1.137889)
(0.1387706, 0.634486, 1.139347)
(0.1373507, 0.6395812, 1.141013)
(0.1364199, 0.6436755, 1.142749)
(0.1357991, 0.6474878, 1.144063)
(0.1346401, 0.6510779, 1.146008)
(0.1340822, 0.6540043, 1.147844)
(0.1333721, 0.6568649, 1.149324)
(0.1323014, 0.6599609, 1.151334)
(0.1317787, 0.6626671, 1.152924)
(0.1311094, 0.664904, 1.154154)
(0.1304789, 0.6671976, 1.155783)
(0.1302083, 0.6691315, 1.157531)
(0.130067, 0.6703819, 1.159402)
(0.1297765, 0.6716693, 1.161539)
(0.1297268, 0.672661, 1.163524)
(0.1295561, 0.6734727, 1.16517)
(0.1295437, 0.6740227, 1.166882)
(0.1296107, 0.6744612, 1.168557)
(0.1299996, 0.6741815, 1.170232)
(0.1304533, 0.6740419, 1.172076)
(0.1307846, 0.6738791, 1.174011)
(0.1314136, 0.6734164, 1.176059)
(0.1320664, 0.6728112, 1.178021)
(0.1328549, 0.6721829, 1.179852)
(0.1334709, 0.6714464, 1.181671)
(0.1340039, 0.6705043, 1.183147)
(0.1345692, 0.6697004, 1.184783)
(0.1351939, 0.6686483, 1.18628)
(0.1360289, 0.6674348, 1.187982)
(0.1367824, 0.6664227, 1.189611)
(0.1377234, 0.6652333, 1.190915)
(0.138667, 0.6638318, 1.192318)
(0.1397035, 0.6624532, 1.193651)
(0.1408356, 0.6610569, 1.194901)
(0.1420845, 0.6591926, 1.1959)
(0.143057, 0.6575519, 1.196977)
(0.14404, 0.6556382, 1.197805)
(0.1451967, 0.6534031, 1.198854)
(0.1462183, 0.6513652, 1.199775)
(0.1471186, 0.6491916, 1.200274)
(0.147958, 0.6466695, 1.200376)
(0.1486772, 0.6442723, 1.20062)
(0.1491634, 0.6418139, 1.200765)
(0.1495793, 0.6394255, 1.200946)
(0.1500452, 0.6370471, 1.201226)
(0.1505301, 0.6346684, 1.20148)
(0.1510537, 0.6322419, 1.201862)
(0.1516613, 0.63002, 1.202291)
(0.1520903, 0.627957, 1.202408)
(0.1528101, 0.6258716, 1.202419)
(0.1533902, 0.624253, 1.202587)
(0.1541284, 0.6228082, 1.202898)
(0.1550354, 0.621407, 1.20292)
(0.1559471, 0.6199733, 1.203261)
(0.1571274, 0.6185464, 1.203612)
(0.1588069, 0.616684, 1.203722)
(0.1599455, 0.6151983, 1.203934)
(0.1597805, 0.6151782, 1.203248)
(0.1596955, 0.6163172, 1.202309)
(0.159555, 0.6189128, 1.201678)
(0.1597598, 0.6194565, 1.20164)
(0.1602333, 0.6188263, 1.202064)
(0.1603991, 0.6183894, 1.202139)
(0.16039, 0.6178173, 1.201618)
(0.1605766, 0.6181123, 1.201032)
(0.1611881, 0.6183372, 1.200769)
(0.1616123, 0.6183184, 1.200472)
(0.1618233, 0.618014, 1.2001)
(0.1618879, 0.617837, 1.199735)
(0.1617934, 0.6177267, 1.199288)
(0.1616473, 0.6177784, 1.199112)
(0.1617746, 0.6176241, 1.198875)
(0.1618656, 0.6173016, 1.198974)
(0.1617213, 0.6173671, 1.19947)
(0.1620202, 0.6173068, 1.199608)
(0.1625252, 0.6174023, 1.199848)
(0.1628906, 0.6173373, 1.199837)
(0.1629826, 0.6172946, 1.19973)
(0.1630586, 0.6172314, 1.199726)
(0.1630114, 0.61735, 1.199717)
(0.162953, 0.617269, 1.199749)
(0.1628928, 0.6172857, 1.199598)
(0.1628487, 0.6173082, 1.199384)
(0.1626716, 0.6172108, 1.199114)
(0.1625072, 0.6170598, 1.198868)
(0.1623758, 0.6169702, 1.198786)
(0.1624255, 0.6167803, 1.198833)
(0.1625618, 0.6166623, 1.198791)
(0.1624374, 0.6167285, 1.199034)
(0.1624939, 0.6166636, 1.199087)
(0.1625177, 0.61654, 1.199377)
(0.1625519, 0.6165849, 1.199622)
(0.1625863, 0.6165558, 1.199821)
(0.1625835, 0.6165463, 1.199839)
(0.1627518, 0.6163899, 1.199697)
(0.162586, 0.6162628, 1.199584)
(0.1624546, 0.6161204, 1.199448)
(0.1620584, 0.6159745, 1.199768)
(0.1619346, 0.6158434, 1.1997)
(0.1618783, 0.6157387, 1.199566)
(0.1618104, 0.6157452, 1.199509)
(0.1618751, 0.6156695, 1.199511)
(0.161823, 0.6155508, 1.199493)
(0.1619296, 0.6154385, 1.199295)
(0.1618733, 0.6153006, 1.19931)
(0.1617787, 0.6152026, 1.199243)
(0.1618807, 0.6152211, 1.199005)
(0.161877, 0.6151221, 1.199098)
(0.162008, 0.615185, 1.198865)
(0.1618216, 0.6151633, 1.198924)
(0.1617894, 0.6151266, 1.198856)
(0.1617401, 0.6150581, 1.198844)
(0.1620536, 0.6152784, 1.198459)
(0.1618165, 0.6151374, 1.1984)
(0.1620369, 0.615245, 1.198222)
(0.1618462, 0.61531, 1.198466)
(0.1619211, 0.6153078, 1.198525)
(0.1622387, 0.6154924, 1.198241)
(0.162329, 0.615446, 1.198185)
(0.1622741, 0.6153687, 1.198174)
(0.162289, 0.6153091, 1.198173)
(0.1622629, 0.6155296, 1.198094)
(0.162186, 0.6154667, 1.198057)
(0.1621212, 0.6154352, 1.197878)
(0.1621326, 0.615418, 1.197753)
(0.1620641, 0.6153421, 1.197755)
(0.1623558, 0.6156104, 1.197153)
(0.1622536, 0.6156431, 1.197189)
(0.1623048, 0.6156106, 1.197258)
(0.162253, 0.6155672, 1.197196)
(0.1623327, 0.6158674, 1.197024)
(0.1622934, 0.6158286, 1.196982)
(0.162318, 0.6158465, 1.196967)
(0.1628435, 0.6160612, 1.196299)
(0.1628379, 0.6160059, 1.196368)
(0.1630583, 0.6161697, 1.19606)
(0.162833, 0.6162943, 1.196309)
(0.1627678, 0.616286, 1.196222)
(0.16276, 0.6162838, 1.1962)
(0.163121, 0.6164518, 1.195728)
(0.1632138, 0.6164554, 1.195776)
(0.1633192, 0.6164791, 1.1957)
(0.1632763, 0.6164674, 1.19572)
(0.1632786, 0.6164516, 1.19567)
(0.1632593, 0.6163586, 1.195777)
(0.1636236, 0.6165919, 1.195437)
(0.1636634, 0.6166214, 1.195342)
(0.1636937, 0.6166099, 1.195329)
(0.1635923, 0.6168084, 1.195496)
(0.1636781, 0.616802, 1.19553)
(0.1636728, 0.6168353, 1.195437)
(0.1635392, 0.6168892, 1.195615)
(0.1635507, 0.6168946, 1.19562)
(0.1638674, 0.6170601, 1.195452)
(0.1640799, 0.6169497, 1.195231)
(0.1639788, 0.616887, 1.19509)
(0.164005, 0.6168669, 1.195034)
(0.1641002, 0.6167594, 1.194888)
