(0.6269965, 0.2072814, 0.005524397)
(0.6268669, 0.2072066, 0.005514979)
(0.6268896, 0.2070386, 0.005389929)
(0.6269186, 0.2069091, 0.005511522)
(0.6271337, 0.206815, 0.005811691)
(0.6270792, 0.2067747, 0.006162167)
(0.6270587, 0.2067473, 0.006159186)
(0.6268673, 0.2064812, 0.006300211)
(0.6265544, 0.2061113, 0.006325483)
(0.6263362, 0.2055372, 0.006374717)
(0.6261988, 0.2047445, 0.006373882)
(0.6260583, 0.2039347, 0.006042242)
(0.6260267, 0.2029896, 0.005808234)
(0.6262356, 0.2024815, 0.00550878)
(0.6262004, 0.2021451, 0.005444884)
(0.6259977, 0.2018635, 0.00530827)
(0.6255488, 0.2015676, 0.005092621)
(0.6250771, 0.2014201, 0.004786134)
(0.6246735, 0.2013561, 0.004383922)
(0.6240944, 0.2012198, 0.004047513)
(0.62365, 0.2011502, 0.00366044)
(0.6232356, 0.2015098, 0.00369823)
(0.6230559, 0.2017453, 0.003712416)
(0.6230555, 0.2019717, 0.003783822)
(0.6229218, 0.2020289, 0.0038445)
(0.6227039, 0.2022197, 0.003562808)
(0.6223476, 0.2023764, 0.003018618)
(0.6216837, 0.2025135, 0.002526402)
(0.621164, 0.2027546, 0.002165675)
(0.6205351, 0.2029958, 0.001791239)
(0.6200039, 0.2031593, 0.001961708)
(0.6198169, 0.2033889, 0.002253413)
(0.6196144, 0.2033097, 0.002235889)
(0.6194471, 0.2035627, 0.00183475)
(0.6192092, 0.2036728, 0.00133276)
(0.6187426, 0.2036841, 0.0007544756)
(0.6189057, 0.2039421, 0.0003923178)
(0.6186793, 0.2039726, 0.0002896786)
(0.6188377, 0.2039156, 0.0002256632)
(0.6188207, 0.2040951, 0.0002348423)
(0.6186347, 0.2042127, 0.0003018379)
(0.6184992, 0.2043685, 0.0001729727)
(0.6183462, 0.2048709, -0.0002534389)
(0.6181593, 0.2050756, -0.000641346)
(0.6179321, 0.2052315, -0.0008506775)
(0.6179829, 0.2053173, -0.000837326)
(0.6180162, 0.2054137, -0.0006575584)
(0.6182209, 0.2054406, -0.0004481077)
(0.6188971, 0.2056502, 4.041195E-05)
(0.6193885, 0.2057168, 0.000444293)
(0.6198471, 0.2058232, 0.0009828806)
(0.6202654, 0.2057431, 0.001310229)
(0.6204294, 0.2057931, 0.001428366)
(0.6204331, 0.2059697, 0.001613855)
(0.6204585, 0.2060839, 0.002004147)
(0.6204726, 0.2062614, 0.002293944)
(0.6208472, 0.2064327, 0.002769232)
(0.6211267, 0.2067292, 0.003228664)
(0.6215372, 0.2069213, 0.003810406)
(0.6220033, 0.2071023, 0.004425287)
(0.6225238, 0.2067518, 0.005342126)
(0.6230243, 0.2066776, 0.006027579)
(0.6234188, 0.2066748, 0.006640196)
(0.6234754, 0.2067773, 0.00709033)
(0.6234057, 0.2073467, 0.007631302)
(0.6234822, 0.2077737, 0.008402586)
(0.6239393, 0.2085563, 0.009307981)
(0.6243308, 0.2089846, 0.01020777)
(0.6248974, 0.2094918, 0.01119912)
(0.6253459, 0.2103379, 0.0121789)
(0.6257954, 0.211392, 0.01330662)
(0.6261905, 0.2128326, 0.01486576)
(0.6264439, 0.2146469, 0.01635575)
(0.6262245, 0.2171187, 0.01832032)
(0.6261758, 0.2195743, 0.02010524)
(0.6248842, 0.2228483, 0.02269387)
(0.6232153, 0.2274708, 0.02543318)
(0.6218562, 0.2317322, 0.0279094)
(0.6189796, 0.2374176, 0.03190649)
(0.6160058, 0.2439122, 0.03682625)
(0.6139262, 0.2505491, 0.042624)
(0.6119857, 0.2575662, 0.05069971)
(0.6093174, 0.2651356, 0.06042421)
(0.6079292, 0.2715816, 0.06909442)
(0.6065904, 0.2794455, 0.07886779)
(0.6055126, 0.2888106, 0.08794594)
(0.6055332, 0.3003836, 0.09612358)
(0.6056657, 0.313063, 0.1030312)
(0.6070377, 0.3296318, 0.1078933)
(0.6071692, 0.3469794, 0.1138761)
(0.6070786, 0.3629037, 0.1213467)
(0.6077824, 0.3810376, 0.1303973)
(0.6087912, 0.3968712, 0.1391202)
(0.6097198, 0.4125029, 0.1498127)
(0.6117226, 0.4278883, 0.161514)
(0.6134293, 0.4426746, 0.1727839)
(0.6155738, 0.4564167, 0.1848369)
(0.6178172, 0.4688299, 0.1977918)
(0.619234, 0.4804045, 0.2113909)
(0.6216518, 0.4914966, 0.2238725)
(0.6241972, 0.5013773, 0.2389889)
(0.6258781, 0.5106239, 0.2534912)
(0.6286346, 0.5181705, 0.2671831)
(0.6310505, 0.5230547, 0.2823772)
(0.6327174, 0.5274246, 0.2988012)
(0.6353697, 0.5324697, 0.3132787)
(0.6376407, 0.5346065, 0.3296046)
(0.6394955, 0.5366799, 0.3463924)
(0.6424817, 0.5383024, 0.3621616)
(0.6460654, 0.5386388, 0.3803432)
(0.6488627, 0.5390348, 0.3971097)
(0.6521208, 0.5381087, 0.4140491)
(0.6554022, 0.5368702, 0.4304366)
(0.6588495, 0.535208, 0.4462109)
(0.6620722, 0.5334446, 0.462456)
(0.6655859, 0.5314659, 0.4777043)
(0.668865, 0.5294733, 0.4919019)
(0.6717651, 0.5276847, 0.5052397)
(0.6743886, 0.5248443, 0.5197246)
(0.6772094, 0.5228242, 0.5306201)
(0.6796325, 0.5195539, 0.5423634)
(0.6820953, 0.5172182, 0.5507033)
(0.6841247, 0.5149014, 0.558059)
(0.6863619, 0.5126576, 0.5659041)
(0.6870279, 0.508912, 0.5726488)
(0.6876652, 0.5062922, 0.5776014)
(0.6881478, 0.5036227, 0.5819554)
(0.6876795, 0.4990554, 0.5872869)
(0.6898859, 0.497066, 0.590009)
(0.6925182, 0.4944888, 0.5914083)
(0.6978436, 0.4970191, 0.5860548)
(0.6967919, 0.4997009, 0.5829806)
(0.696329, 0.4989828, 0.5819786)
(0.6972431, 0.4986036, 0.5816438)
(0.6987158, 0.4974445, 0.5818038)
(0.6973716, 0.496399, 0.5846319)
(0.6976274, 0.4949669, 0.5879004)
(0.6988983, 0.4934701, 0.5918093)
(0.697823, 0.4935272, 0.5934918)
(0.6981601, 0.4938326, 0.5934837)
(0.698225, 0.493065, 0.5928428)
(0.6980991, 0.4919307, 0.591496)
(0.6982628, 0.490433, 0.5924003)
(0.6979795, 0.489795, 0.5933259)
(0.6972765, 0.4890934, 0.5928509)
(0.6977018, 0.4886962, 0.5922806)
(0.6976123, 0.4879824, 0.5925281)
(0.6968392, 0.4880569, 0.5919387)
(0.6955702, 0.488446, 0.5919008)
(0.6946576, 0.4886835, 0.5915711)
(0.6938779, 0.4886851, 0.5912814)
(0.6933262, 0.4884944, 0.5909762)
(0.6930574, 0.48851, 0.5907314)
(0.692633, 0.4884764, 0.5903018)
(0.6920207, 0.4885303, 0.5897098)
(0.6914728, 0.4887084, 0.5888882)
(0.6909357, 0.4888568, 0.5882673)
(0.690652, 0.488999, 0.5875258)
(0.6902668, 0.4889444, 0.5865746)
(0.6896703, 0.489006, 0.5858133)
(0.6889788, 0.4889915, 0.5851364)
(0.6883875, 0.4890248, 0.5845242)
(0.6879725, 0.4890488, 0.58373)
(0.6875379, 0.4889895, 0.5827582)
(0.6870626, 0.4888275, 0.5819547)
(0.686656, 0.4887415, 0.581203)
(0.6862158, 0.4887317, 0.5807195)
(0.6859937, 0.4887035, 0.5800834)
(0.6857349, 0.4885864, 0.5791569)
(0.6856182, 0.4884152, 0.5786874)
(0.6853938, 0.4882377, 0.5784526)
(0.6852987, 0.4879035, 0.5778039)
(0.6851406, 0.4874321, 0.577312)
(0.6877835, 0.484943, 0.5740352)
(0.6878071, 0.48484, 0.573832)
(0.6879869, 0.4847713, 0.57377)
(0.6880915, 0.4845284, 0.5734377)
(0.6881446, 0.4844805, 0.5730722)
(0.6883395, 0.4844427, 0.5727861)
(0.6884217, 0.4843369, 0.5723379)
(0.6883353, 0.4841573, 0.5721672)
(0.6882541, 0.4842297, 0.5721083)
(0.6883308, 0.4842688, 0.5720758)
(0.6884358, 0.4843954, 0.5719907)
(0.6883986, 0.4843606, 0.571871)
(0.6882433, 0.484463, 0.5717986)
(0.688217, 0.4845983, 0.5718553)
(0.6883719, 0.4847916, 0.5722034)
(0.6884929, 0.4849681, 0.5725563)
(0.6888233, 0.4850726, 0.573163)
(0.6891861, 0.4852011, 0.5738959)
(0.6892816, 0.4852422, 0.5743437)
(0.689281, 0.485287, 0.5744376)
(0.6891882, 0.4851714, 0.5743282)
(0.6892242, 0.4850786, 0.5740867)
(0.6894326, 0.4850744, 0.5742974)
(0.6897531, 0.4853477, 0.574595)
(0.6900262, 0.4857304, 0.5755389)
(0.6902786, 0.4858541, 0.5757661)
(0.6901015, 0.4863052, 0.5760517)
(0.6904448, 0.4866786, 0.5762808)
(0.6906413, 0.4870417, 0.5770123)
(0.6905154, 0.4870952, 0.5777586)
(0.6903867, 0.4872535, 0.5784132)
(0.6905886, 0.4877247, 0.5791061)
(0.6907866, 0.4879891, 0.5800221)
(0.6908579, 0.4883754, 0.5805945)
(0.6912782, 0.4889715, 0.5808728)
(0.6916625, 0.4894476, 0.5812492)
(0.6920282, 0.4897281, 0.5813427)
(0.6921128, 0.4901642, 0.5814192)
(0.6922014, 0.4905646, 0.5815244)
(0.6923139, 0.4909455, 0.5817549)
(0.6922736, 0.4910851, 0.5818789)
(0.6920724, 0.4910502, 0.5818658)
(0.6918751, 0.4911296, 0.5818353)
(0.6917479, 0.4911191, 0.5816216)
(0.6916333, 0.4910796, 0.5813246)
(0.691554, 0.4912109, 0.5812571)
(0.6917181, 0.4910406, 0.5811749)
(0.6920253, 0.4909548, 0.5811052)
(0.6922436, 0.4910351, 0.5812399)
(0.6924452, 0.4910808, 0.5812204)
(0.6926007, 0.4911557, 0.5813069)
(0.6926636, 0.4912353, 0.5813892)
(0.6926745, 0.491343, 0.5814924)
(0.6927311, 0.4914553, 0.5816815)
(0.692554, 0.4915243, 0.5817542)
(0.6924394, 0.4916204, 0.5819018)
(0.6922622, 0.4917331, 0.5818558)
(0.6921828, 0.4917476, 0.5817244)
(0.6922036, 0.4919664, 0.5816224)
(0.6921518, 0.4920326, 0.5816057)
(0.6922482, 0.4920704, 0.5815856)
(0.6922802, 0.492048, 0.5814779)
(0.6924086, 0.492016, 0.5814493)
(0.6924963, 0.4918998, 0.5813642)
(0.6926799, 0.4918864, 0.5814977)
(0.692739, 0.4918727, 0.5816123)
(0.6926198, 0.4919603, 0.5817354)
(0.6925117, 0.4918939, 0.5818038)
(0.6924114, 0.4918786, 0.5818005)
(0.6925404, 0.4918317, 0.5818062)
(0.692634, 0.491823, 0.5817072)
(0.6927881, 0.4917552, 0.5816655)
(0.6929655, 0.4917562, 0.5817614)
(0.693176, 0.4916246, 0.5818594)
(0.6932294, 0.4914962, 0.5818388)
