(-192.7191, 1.336741, 6.872976)
(-192.7191, 1.336741, 6.872976)
(-192.6781, 3.252411, 7.685423)
(-193.7556, 8.096862, 8.385277)
(-194.5259, 13.45849, 8.850074)
(-194.5858, 19.228, 8.946705)
(-194.2916, 21.27058, 8.944106)
(-194.0984, 23.27985, 9.097958)
(-193.7885, 25.26251, 9.166611)
(-193.7885, 25.26251, 9.166611)
(-192.7732, 29.21929, 9.099054)
(-192.2274, 31.0281, 9.089065)
(-191.6113, 32.68437, 9.062899)
(-190.8676, 34.04646, 9.014153)
(-189.2375, 36.48421, 8.912504)
(-187.3373, 38.19829, 8.712709)
(-186.3271, 38.62184, 8.584929)
(-185.4171, 39.16451, 8.444214)
(-184.289, 39.19488, 8.360982)
(-184.289, 39.19488, 8.360982)
(-182.2577, 38.68437, 8.029366)
(-181.1704, 38.44324, 7.919848)
(-180.1081, 37.75975, 7.745802)
(-179.0741, 36.91704, 7.608867)
(-178.0135, 35.76157, 7.530999)
(-176.0395, 33.64794, 7.433951)
(-175.1203, 32.30828, 7.388246)
(-174.1189, 30.96052, 7.36891)
(-172.4565, 27.58623, 7.429302)
(-172.4565, 27.58623, 7.429302)
(-170.827, 23.6867, 7.595778)
(-170.1167, 21.70706, 7.665908)
(-169.3477, 19.74785, 7.748604)
(-168.7387, 17.78593, 7.820845)
(-168.2238, 15.80348, 7.829046)
(-167.1357, 11.74648, 7.774568)
(-167.1357, 11.74648, 7.774568)
(-166.7292, 9.917879, 7.682371)
(-165.5782, 6.053495, 7.482433)
(-165.5782, 6.053495, 7.482433)
(-164.6612, 3.467369, 7.353497)
(-164.4845, 2.40972, 7.13371)
(-164.1236, 1.263857, 7.033527)
(-163.9742, 0.4374504, 6.945181)
(-163.8622, -0.2463102, 6.805968)
(-163.4118, -1.204038, 6.769609)
