(294.2531, 149.182, 302.4284)
(290.4762, 161.8161, 289.6912)
(289.5299, 158.4482, 296.9019)
(290.6354, 151.1491, 305.616)
(295.9916, 139.5898, 316.2463)
(301.051, 128.9613, 323.4532)
(306.9522, 125.1897, 324.7915)
(308.885, 124.5915, 324.9684)
(310.5863, 123.8923, 325.4052)
(313.369, 122.4264, 326.5692)
(314.9158, 121.5904, 327.324)
(316.1455, 121.3801, 327.7551)
(318.0289, 121.6864, 327.4399)
(318.3927, 121.3794, 327.4609)
(318.1079, 120.2157, 327.4475)
(313.6077, 111.2921, 325.6545)
(313.1126, 108.9096, 324.5259)
