0.07781187
0.343353
0.279758
0.2734319
0.2539667
0.2568935
0.2124432
0.2180625
0.2638489
0.2383664
0.2789491
0.1709449
0.1609889
0.2556632
0.2146677
0.1652033
0.1460104
0.1680634
0.126444
0.1837301
0.0244829
0.02577088
0.09277681
0.06531913
0.0252539
0.01091551
0.01926053
0.01872617
0.007054663
0.007518169
0.02341362
0.02605839
0.0525505
0.07904012
0.08476312
0.08633642
0.09308927
0.08609406
0.08068244
0.1033749
0.07415254
0.02899386
0.04281544
0.07751703
MSE 0.1255582
total_moving_Distance 0.461459