(5.240335, 1.168275, 5.720255)
(5.23905, 1.173926, 5.714106)
(5.236653, 1.187231, 5.701025)
(5.234367, 1.202446, 5.687177)
(5.228641, 1.210961, 5.681243)
(5.224603, 1.211526, 5.681267)
(5.221047, 1.201121, 5.691979)
(5.220216, 1.190428, 5.702256)
(5.213808, 1.185319, 5.709597)
(5.209302, 1.186931, 5.710135)
(5.210899, 1.187764, 5.708665)
(5.212503, 1.190077, 5.7057)
(5.210415, 1.191233, 5.70497)
(5.208295, 1.19096, 5.704484)
(5.207531, 1.193115, 5.70167)
(5.207049, 1.197542, 5.696112)
(5.206817, 1.193895, 5.69832)
(5.207193, 1.183542, 5.705779)
(5.201949, 1.172836, 5.713305)
(5.200294, 1.163755, 5.720797)
(5.201201, 1.153838, 5.727008)
(5.20183, 1.150422, 5.730636)
(5.210445, 1.160801, 5.718825)
(5.216317, 1.175022, 5.703436)
(5.2226, 1.185127, 5.693419)
(5.228806, 1.184273, 5.691018)
(5.230402, 1.167394, 5.707073)
(5.232174, 1.149819, 5.724734)
(5.235542, 1.144859, 5.729292)
(5.235295, 1.152287, 5.723553)
(5.234659, 1.155915, 5.72057)
(5.23067, 1.161961, 5.715207)
(5.22619, 1.160448, 5.716892)
(5.223132, 1.155034, 5.721898)
(5.222165, 1.146183, 5.730078)
(5.225621, 1.150888, 5.724832)
(5.228456, 1.167622, 5.709168)
(5.228865, 1.170822, 5.706062)
(5.228927, 1.166544, 5.709759)
(5.227043, 1.159319, 5.717675)
(5.227596, 1.150842, 5.725191)
(5.228422, 1.154253, 5.722533)
(5.230521, 1.160525, 5.717286)
(5.231026, 1.158329, 5.719775)
(5.229754, 1.151102, 5.727451)
(5.227949, 1.140839, 5.73793)
(5.225405, 1.141742, 5.737734)
(5.222991, 1.143027, 5.73764)
(5.223372, 1.141883, 5.739401)
(5.224881, 1.142851, 5.739511)
(5.227397, 1.1396, 5.743775)
(5.22619, 1.136266, 5.747846)
(5.222773, 1.134565, 5.749866)
(5.216706, 1.133437, 5.751469)
(5.216109, 1.131231, 5.754693)
(5.216361, 1.128073, 5.758254)
(5.216494, 1.127127, 5.761519)
(5.217596, 1.122687, 5.766467)
(5.21468, 1.122475, 5.767375)
(5.212104, 1.117795, 5.772694)
(5.212281, 1.116677, 5.774155)
(5.21185, 1.116202, 5.774295)
(5.210664, 1.118733, 5.77258)
(5.21031, 1.118706, 5.773189)
(5.208547, 1.118328, 5.773688)
(5.20816, 1.119467, 5.772969)
(5.207992, 1.119544, 5.773069)
(5.209094, 1.122673, 5.772165)
(5.210713, 1.124321, 5.772514)
(5.212872, 1.125443, 5.772633)
(5.215366, 1.12376, 5.774474)
(5.216287, 1.127609, 5.771187)
(5.217492, 1.131938, 5.765988)
(5.219948, 1.138797, 5.759969)
(5.225929, 1.151689, 5.748706)
(5.230603, 1.156117, 5.744987)
(5.23348, 1.158406, 5.742894)
(5.231877, 1.157506, 5.74231)
(5.230731, 1.159617, 5.739045)
(5.232447, 1.162058, 5.735663)
(5.235441, 1.170461, 5.726051)
(5.238822, 1.176783, 5.724164)
(5.245847, 1.175718, 5.728627)
(5.252294, 1.176786, 5.728621)
(5.257832, 1.181913, 5.726987)
(5.26585, 1.188716, 5.724266)
(5.27404, 1.192135, 5.724005)
(5.292296, 1.191105, 5.727126)
(5.313924, 1.192948, 5.730556)
(5.332925, 1.188311, 5.740125)
(5.350823, 1.147509, 5.779796)
(5.36427, 1.113345, 5.817426)
(5.38668, 1.090768, 5.847081)
(5.426174, 1.05722, 5.882112)
(5.465614, 1.011415, 5.931555)
(5.497808, 0.9405514, 6.000977)
(5.525466, 0.8861322, 6.054888)
(5.561871, 0.8656772, 6.085686)
(5.630139, 0.8607375, 6.114926)
(5.660491, 0.8032706, 6.180786)
(5.6106, 0.7356851, 6.264251)
(5.570851, 0.7249857, 6.212109)
(5.55531, 0.609138, 0.04752113)
(5.56979, 0.5612196, 0.1564163)
(5.63111, 0.6247837, 0.08447915)
(5.704813, 0.721559, 0.005956969)
(5.754475, 0.7428195, 0.003266408)
(5.575733, 0.6744021, 0.0854129)
(5.488508, 0.6250805, 0.173443)
(5.558965, 0.574568, 0.2189567)
(5.667782, 0.5543812, 0.2173227)
(5.734066, 0.5663042, 0.1981125)
(5.728207, 0.5823044, 0.194875)
(5.703222, 0.6011512, 0.2068373)
(5.698965, 0.59728, 0.2325274)
(5.722974, 0.6026562, 0.2549896)
(5.75495, 0.627118, 0.2506334)
(5.745783, 0.6486612, 0.2440185)
(5.730915, 0.6615952, 0.2365773)
(5.722758, 0.655319, 0.2415022)
(5.721467, 0.6407021, 0.2479167)
(5.728514, 0.6228308, 0.2599158)
(5.731236, 0.6218683, 0.2606751)
(5.718879, 0.6313118, 0.2464409)
(5.703002, 0.648168, 0.2242388)
(5.686542, 0.6845584, 0.1749609)
(5.67727, 0.6864501, 0.1500181)
(5.673314, 0.6813586, 0.145317)
(5.649765, 0.6863114, 0.1360912)
(5.627715, 0.6969876, 0.1108081)
(5.610103, 0.7172146, 0.07343319)
(5.592481, 0.7310508, 0.04290302)
(5.567459, 0.7357012, 0.02292035)
(5.541978, 0.7446278, 6.281172)
(5.509588, 0.7561679, 6.254347)
(5.480352, 0.7798539, 6.220318)
(5.45481, 0.802678, 6.185995)
(5.426691, 0.8198227, 6.16292)
(5.401567, 0.8445755, 6.131726)
(5.378565, 0.8661367, 6.099741)
(5.354166, 0.8889109, 6.06524)
(5.336888, 0.9226941, 6.021534)
(5.319488, 0.9524209, 5.978716)
(5.295252, 0.9835563, 5.933077)
(5.263843, 1.012301, 5.892795)
(5.232438, 1.028835, 5.869061)
(5.19821, 1.044335, 5.857607)
(5.174794, 1.081171, 5.827478)
(5.157582, 1.126763, 5.782427)
(5.157576, 1.197122, 5.713776)
(5.165851, 1.282842, 5.615521)
(5.162366, 1.320045, 5.565856)
(5.165282, 1.307469, 5.565228)
(5.17013, 1.27687, 5.589264)
(5.162499, 1.268913, 5.596818)
(5.149495, 1.256188, 5.623599)
(5.149007, 1.293188, 5.607262)
(5.166612, 1.385569, 5.529888)
(5.187742, 1.463712, 5.455496)
(5.216488, 1.519783, 5.385212)
(5.215022, 1.538948, 5.342932)
(5.22437, 1.517708, 5.359828)
(5.264413, 1.364213, 5.475475)
(5.261445, 1.323834, 5.543458)
(5.267138, 1.175956, 5.708458)
(5.236667, 1.01201, 5.882565)
(5.17646, 1.09445, 5.835123)
(5.199126, 1.136348, 5.744909)
(5.159488, 1.364321, 5.513249)
(5.146064, 1.566761, 5.326313)
(5.187724, 1.677322, 5.259948)
(5.190701, 1.574407, 5.411356)
(5.175516, 1.265378, 5.759864)
(5.222112, 1.23419, 5.774153)
(5.307921, 1.074265, 5.825334)
(5.31912, 1.025788, 5.860371)
(5.301151, 1.048932, 5.846388)
(5.21387, 1.19362, 5.733461)
(5.189538, 1.34736, 5.595044)
(5.162317, 1.44797, 5.506696)
(5.186666, 1.311552, 5.634193)
(5.229919, 1.233644, 5.711365)
(5.237994, 1.178998, 5.748487)
(5.251957, 1.134304, 5.786957)
(5.24215, 1.137951, 5.785981)
(5.232885, 1.153733, 5.769058)
(5.219286, 1.192947, 5.734921)
(5.218249, 1.209686, 5.718471)
(5.229363, 1.196644, 5.729947)
(5.23429, 1.176199, 5.749329)
(5.232956, 1.153833, 5.771089)
(5.220438, 1.140324, 5.786263)
(5.217091, 1.147374, 5.78087)
(5.224072, 1.16556, 5.763637)
(5.2315, 1.170852, 5.757877)
(5.234233, 1.177246, 5.752028)
(5.228536, 1.175013, 5.755095)
(5.220059, 1.163199, 5.767599)
(5.219261, 1.146108, 5.784799)
(5.223786, 1.141912, 5.788112)
(5.224751, 1.155599, 5.774551)
(5.22613, 1.172012, 5.759023)
(5.230053, 1.186478, 5.745042)
(5.230989, 1.194362, 5.737782)
(5.230732, 1.178931, 5.752143)
(5.228992, 1.166238, 5.763838)
(5.224507, 1.156897, 5.771851)
(5.224187, 1.174865, 5.754391)
(5.225754, 1.181673, 5.746716)
(5.231795, 1.202445, 5.727363)
(5.236198, 1.200433, 5.729591)
(5.235509, 1.193633, 5.73531)
(5.229824, 1.18609, 5.743638)
(5.227771, 1.176794, 5.752497)
(5.227894, 1.174132, 5.75618)
(5.231317, 1.172526, 5.757257)
(5.238744, 1.1799, 5.749104)
(5.240977, 1.189584, 5.739567)
(5.243129, 1.2062, 5.723739)
(5.244462, 1.21211, 5.718129)
(5.242653, 1.200758, 5.730068)
(5.239891, 1.188945, 5.740536)
(5.229784, 1.174842, 5.754819)
(5.225897, 1.175663, 5.753949)
(5.227095, 1.17929, 5.750355)
(5.233591, 1.18773, 5.74025)
(5.237504, 1.19895, 5.729148)
(5.237345, 1.215349, 5.713823)
(5.238259, 1.206749, 5.721614)
(5.235508, 1.197682, 5.729153)
(5.229891, 1.191882, 5.733922)
(5.22698, 1.205856, 5.72129)
(5.227301, 1.206049, 5.721869)
(5.234328, 1.198278, 5.728379)
(5.234331, 1.197653, 5.728869)
(5.23177, 1.204736, 5.722074)
(5.230697, 1.210063, 5.718023)
(5.232137, 1.2027, 5.725188)
(5.234604, 1.196793, 5.731053)
(5.233828, 1.196141, 5.731712)
(5.231213, 1.196498, 5.731619)
(5.231708, 1.195787, 5.731703)
(5.231587, 1.204183, 5.723896)
(5.230676, 1.203288, 5.724488)
(5.230698, 1.200184, 5.727593)
(5.229108, 1.18953, 5.7371)
(5.226822, 1.187341, 5.738955)
(5.227885, 1.198324, 5.728523)
(5.231144, 1.205103, 5.722495)
(5.234067, 1.20493, 5.723185)
(5.234529, 1.194395, 5.732672)
(5.231186, 1.189407, 5.737668)
(5.229913, 1.193027, 5.734917)
(5.235828, 1.205665, 5.723287)
(5.239059, 1.189856, 5.739008)
(5.246939, 1.17127, 5.753518)
(5.218293, 1.165685, 5.75664)
(5.206139, 1.223927, 5.709804)
(5.235638, 1.204008, 5.728623)
(5.254323, 1.190631, 5.738917)
(5.265034, 1.172041, 5.757475)
(5.240213, 1.155914, 5.773001)
(5.222917, 1.146963, 5.783817)
(5.218982, 1.151894, 5.778374)
(5.233279, 1.157124, 5.770845)
(5.249391, 1.180214, 5.74788)
(5.249312, 1.18857, 5.738901)
(5.24262, 1.185171, 5.741526)
(5.238473, 1.178133, 5.7482)
(5.236344, 1.171328, 5.755069)
(5.241639, 1.172215, 5.755666)
(5.245554, 1.170645, 5.758069)
(5.246072, 1.169879, 5.759477)
(5.242533, 1.169431, 5.760696)
(5.238185, 1.166942, 5.764276)
(5.239684, 1.16046, 5.770925)
(5.241578, 1.154529, 5.776258)
(5.241917, 1.155796, 5.775532)
