(-0.22186767033484178, 1.3821795648868784, 0.2561755381719458)
(-0.22186767033484178, 1.3819176462572726, 0.25616850592520096)
(-0.22186767033484178, 1.3816627002336326, 0.2561769532393574)
(-0.22186767033484178, 1.3814147268159578, 0.2562008801144151)
(-0.22186767033484178, 1.3811737260042485, 0.2562402865503741)
(-0.22186767033484178, 1.3809396977985047, 0.2562951725472344)
(-0.22186767033484178, 1.3807126421987264, 0.25636553810499596)
(-0.22186767033484178, 1.3804925592049133, 0.25645138322365885)
(-0.22186767033484178, 1.380279448817066, 0.25655270790322293)
(-0.22186767033484178, 1.380073311035184, 0.2566695121436884)
(-0.22186767033484178, 1.3798741458592674, 0.2568017959450551)
(-0.22186767033484178, 1.3796819532893163, 0.25694955930732305)
(-0.22186767033484178, 1.3794967333253307, 0.2571128022304923)
(-0.22186767033484178, 1.3793184859673107, 0.2572915247145629)
(-0.22186767033484178, 1.379147211215256, 0.25748572675953474)
(-0.22186767033484178, 1.3789829090691668, 0.25769540836540783)
(-0.22186767033484178, 1.3788255795290432, 0.25792056953218223)
(-0.22186767033484178, 1.3786752225948848, 0.25816121025985794)
(-0.22186767033484178, 1.378531838266692, 0.2584173305484349)
(-0.22186767033484178, 1.3783954265444647, 0.25868893039791313)
(-0.22186767033484178, 1.3782659874282026, 0.25897600980829266)
(-0.22186767033484178, 1.3781435209179063, 0.2592785687795735)
(-0.22186767033484178, 1.3780280270135754, 0.2595966073117556)
(-0.22186767033484178, 1.3779195057152098, 0.259930125404839)
(-0.22186767033484178, 1.3778179570228097, 0.26027912305882367)
(-0.22186767033484178, 1.377623656490305, 0.2607932406346003)
(-0.22186767033484178, 1.3774878890383822, 0.26114092891825424)
(-0.22186767033484178, 1.3773624212979976, 0.26149725156729264)
(-0.22186767033484178, 1.3772505762018432, 0.2618640114182542)
(-0.22186767033484178, 1.3771613774999203, 0.2622458727740233)
(-0.22186767033484178, 1.3770978461056895, 0.26263655312017714)
(-0.22186767033484178, 1.3770515315383818, 0.2630373405528694)
(-0.22186767033484178, 1.3770266449518431, 0.2634579918942156)
(-0.22186767033484178, 1.3770116736537668, 0.2639011182980618)
(-0.22186767033484178, 1.3770149144710744, 0.264374710870177)
(-0.22186767033484178, 1.377032938509536, 0.2648838118701769)
(-0.22186767033484178, 1.3770656763941513, 0.265428388745177)
(-0.22186767033484178, 1.3771137806249207, 0.2660146104134461)
(-0.22186767033484178, 1.3771721216826125, 0.2666450453413308)
(-0.22186767033484178, 1.3772409208172283, 0.26730834789421537)
(-0.22186767033484178, 1.377317243653767, 0.26801306198556146)
(-0.22186767033484178, 1.3774015433653048, 0.2687589603413306)
(-0.22186767033484178, 1.3775009299037666, 0.2695459281826766)
(-0.22186767033484178, 1.3776145357210745, 0.2703820791490227)
(-0.22186767033484178, 1.377746568797998, 0.27127131718267666)
(-0.22186767033484178, 1.3778855425479977, 0.27220708799036897)
(-0.22186767033484178, 1.3780236296633817, 0.27320211209133033)
(-0.22186767033484178, 1.37814690423069, 0.27425585848556117)
(-0.22186767033484178, 1.378254238269151, 0.2753529073749841)
(-0.22186767033484178, 1.378351591490305, 0.2765095335624841)
(-0.22186767033484178, 1.3784418025960743, 0.2777170354086379)
(-0.22186767033484178, 1.3785401055768436, 0.27898766437017614)
(-0.22186767033484178, 1.378640869567228, 0.28032546237979145)
(-0.22186767033484178, 1.3787381190864592, 0.28173397456729143)
(-0.22186767033484178, 1.378819413365305, 0.2832137635865221)
(-0.22186767033484178, 1.378861935192228, 0.28475843448556043)
(-0.22186767033484178, 1.3788667535576125, 0.28636272972113724)
(-0.22186767033484178, 1.3788363081249204, 0.2880251990384448)
(-0.22186767033484178, 1.3787702787018434, 0.2897362694422909)
(-0.22186767033484178, 1.3786863139903047, 0.2914927036057524)
(-0.22186767033484178, 1.3785938539903047, 0.2933049163076754)
(-0.22186767033484178, 1.3784853491826128, 0.2951696621394061)
(-0.22186767033484178, 1.3783499970191515, 0.2970967161105598)
(-0.22186767033484178, 1.3781901199518438, 0.29908307688940583)
(-0.22186767033484178, 1.3779987232691517, 0.3011129370720981)
(-0.22186767033484178, 1.3777734816826133, 0.30319843362498256)
(-0.22186767033484178, 1.3775199153845357, 0.30533635694709765)
(-0.22186767033484178, 1.3772458605768445, 0.30752017587978986)
(-0.22186767033484178, 1.3769555826441515, 0.3097705723076744)
(-0.22186767033484178, 1.3766551959133821, 0.31208155185575126)
(-0.22186767033484178, 1.376340694663382, 0.31444556713459726)
(-0.22186767033484178, 1.3760120893268435, 0.31686974106248156)
(-0.22186767033484178, 1.3756618176441513, 0.31935590528844304)
(-0.22186767033484178, 1.3752856476922282, 0.3218876632788276)
(-0.22186767033484178, 1.374896226249921, 0.32448144044709654)
(-0.22186767033484178, 1.3745028837979982, 0.3271441297211349)
(-0.22186767033484178, 1.374110164759536, 0.32987500089901944)
(-0.22186767033484178, 1.3737138148556902, 0.3326849735336346)
(-0.22186767033484178, 1.373304349951844, 0.3355875048557497)
(-0.22186767033484178, 1.3728656243749207, 0.3385720919086344)
(-0.22186767033484178, 1.3723944475479977, 0.3416493994951726)
(-0.22186767033484178, 1.371904487451844, 0.34483168731248026)
(-0.22186767033484178, 1.3714017825479976, 0.3481222616297876)
(-0.22186767033484178, 1.3708770372595362, 0.35152645204324884)
(-0.22186767033484178, 1.370314152547998, 0.35505574692305636)
(-0.22186767033484178, 1.36971849110569, 0.3587013188461332)
(-0.22186767033484178, 1.3690516664903059, 0.3624880003942098)
(-0.22186767033484178, 1.36829810923069, 0.3664017879519018)
(-0.22186767033484178, 1.367453558221075, 0.3704532626249786)
(-0.22186767033484178, 1.3665161795672292, 0.3746603010720937)
(-0.22186767033484178, 1.365552552547998, 0.3789986844470935)
(-0.22186767033484178, 1.3645530301922288, 0.3835095800095934)
(-0.22186767033484178, 1.3635449162979985, 0.38818329270670837)
(-0.22186767033484178, 1.3625805045191517, 0.3930026482836311)
(-0.22186767033484178, 1.361668299519152, 0.39795862892786166)
(-0.22186767033484178, 1.36084946158646, 0.40306763156247666)
(-0.22186767033484178, 1.360157654230691, 0.40832868100959174)
(-0.22186767033484178, 1.3596227370191523, 0.41375526286055286)
(-0.22186767033484178, 1.359272196346075, 0.4193297976249758)
(-0.22186767033484178, 1.3591151046153065, 0.4250814572163217)
(-0.22186767033484178, 1.3591988964422286, 0.4309859196345905)
(-0.22186767033484178, 1.3595362373076143, 0.43702761701439785)
(-0.22186767033484178, 1.3601317603845373, 0.4432059824038204)
(-0.22186767033484178, 1.3609849392787672, 0.44946295825478166)
(-0.22186767033484178, 1.362134333653768, 0.4558150661057429)
(-0.22186767033484178, 1.3635887535576134, 0.46223004362978093)
(-0.22186767033484178, 1.365364960384537, 0.4686753380720883)
(-0.22186767033484178, 1.3674769674999212, 0.47513044622112643)
(-0.22186767033484178, 1.3699275292306907, 0.4815744367451646)
(-0.22186767033484178, 1.3727259023076126, 0.48798661823074113)
(-0.22186767033484178, 1.3758676325479975, 0.4943483061153562)
(-0.22186767033484178, 1.3793498910576127, 0.5006409483172788)
(-0.22186767033484178, 1.3831754631249202, 0.5068387431970859)
(-0.22186767033484178, 1.3873329883172283, 0.5129216428990089)
(-0.22186767033484178, 1.391824553605689, 0.5188762861634316)
(-0.22186767033484178, 1.3966464055287655, 0.5246726086682387)
(-0.22186767033484178, 1.401794192355688, 0.5302997893365079)
(-0.22186767033484178, 1.4072416980768416, 0.5357613085191999)
(-0.22186767033484178, 1.4129830317306875, 0.5410277923797765)
(-0.22186767033484178, 1.4189940798076106, 0.5460914498893916)
(-0.22186767033484178, 1.425249925576841, 0.5509442688845835)
(-0.22186767033484178, 1.4317299527403016, 0.5555738080384295)
(-0.22186767033484178, 1.4384013679326093, 0.5599729368365062)
(-0.22186767033484178, 1.445240251057609, 0.564163030725929)
(-0.22186767033484178, 1.4522173547114545, 0.5681270452643901)
(-0.22186767033484178, 1.4592980626922234, 0.5718858214663133)
(-0.22186767033484178, 1.466429127499915, 0.5754320920816977)
(-0.22186767033484178, 1.4735905823556834, 0.5787632585528515)
(-0.22186767033484178, 1.4807532856249144, 0.5818836308845817)
(-0.22186767033484178, 1.4878818269229914, 0.5848179193220818)
(-0.22186767033484178, 1.494930253557606, 0.587580491019197)
(-0.22186767033484178, 1.5018611018749128, 0.5901750430384273)
(-0.22186767033484178, 1.5086262668268366, 0.5926226700288121)
(-0.22186767033484178, 1.515201827259528, 0.5949374205720811)
(-0.22186767033484178, 1.5215593867306816, 0.59712839349035)
(-0.22186767033484178, 1.5276515639902961, 0.5992310844182347)
(-0.22186767033484178, 1.5335041677402954, 0.6012408096393884)
(-0.22186767033484178, 1.539117721394142, 0.603184606894196)
(-0.22186767033484178, 1.544502832884526, 0.605071194499965)
(-0.22186767033484178, 1.5496921055287567, 0.6069118538124648)
(-0.22186767033484178, 1.5546369718749102, 0.6087496795191957)
(-0.22186767033484178, 1.559365581394141, 0.6105734177740031)
(-0.22186767033484178, 1.563878681346064, 0.61241129944708)
(-0.22186767033484178, 1.5681407709133712, 0.6142902617595797)
(-0.22186767033484178, 1.5721626694229862, 0.6162330044855414)
(-0.22186767033484178, 1.5759278771633707, 0.6182342937259259)
(-0.22186767033484178, 1.5794351812018323, 0.6203019933990026)
(-0.22186767033484178, 1.582686402980678, 0.6224252554999639)
(-0.22186767033484178, 1.5856773574037544, 0.6246363484470793)
(-0.22186767033484178, 1.5884252707210624, 0.6268865260865023)
(-0.22186767033484178, 1.5909146568749082, 0.6291791592307329)
(-0.22186767033484178, 1.5931359193749086, 0.6315344911634252)
(-0.22186767033484178, 1.595098440047985, 0.6339350764470787)
(-0.22186767033484178, 1.596814683846062, 0.6364018228365018)
(-0.22186767033484178, 1.5982631082691383, 0.6389078932499634)
(-0.22186767033484178, 1.5994765937979845, 0.6414686968605398)
(-0.22186767033484178, 1.6004605920672152, 0.6440868353172706)
(-0.22186767033484178, 1.6012063813941382, 0.6467734615047704)
(-0.22186767033484178, 1.6017205972595225, 0.649540180427847)
(-0.22186767033484178, 1.6019995204806767, 0.6523717697788084)
(-0.22186767033484178, 1.6020534150479844, 0.6552750042595774)
(-0.22186767033484178, 1.6019327307691382, 0.6582466332355389)
(-0.22186767033484178, 1.601636148461446, 0.6612728726634233)
(-0.22186767033484178, 1.601228271490292, 0.6643710033557308)
(-0.22186767033484178, 1.6007180328845232, 0.6675433057884232)
(-0.22186767033484178, 1.6001512561056768, 0.6707927461393844)
(-0.22186767033484178, 1.5995499537499076, 0.6741152679278457)
(-0.22186767033484178, 1.5989420318749075, 0.6775002392355377)
(-0.22186767033484178, 1.5983533761056774, 0.6809488102980376)
(-0.22186767033484178, 1.5978438298556767, 0.6844735178893835)
(-0.22186767033484178, 1.5974605582691384, 0.6880816371441912)
(-0.22186767033484178, 1.5972501376441381, 0.6917845475095754)
(-0.22186767033484178, 1.597253925480677, 0.6955781770576522)
(-0.22186767033484178, 1.5975069219710618, 0.6994632847788057)
(-0.22186767033484178, 1.5980146087499076, 0.7034415330384206)
(-0.22186767033484178, 1.598820892355677, 0.7075026951057283)
(-0.22186767033484178, 1.5999483985095229, 0.7116361671201511)
(-0.22186767033484178, 1.6013781078845233, 0.7158551565576509)
(-0.22186767033484178, 1.6031647660095227, 0.7201690459951507)
(-0.22186767033484178, 1.605311869422984, 0.7245665997355353)
(-0.22186767033484178, 1.6078020247114457, 0.729042213312458)
(-0.22186767033484178, 1.6106463645191378, 0.7335894535047649)
(-0.22186767033484178, 1.6138431459614453, 0.7381855372066882)
(-0.22186767033484178, 1.6173865649999066, 0.7428332536826496)
(-0.22186767033484178, 1.6212741380287532, 0.7475117376586106)
(-0.22186767033484178, 1.6255097314902907, 0.7522085029711105)
(-0.22186767033484178, 1.6300635977402906, 0.7569105612499563)
(-0.22186767033484178, 1.6349410826441364, 0.7616090134230329)
(-0.22186767033484178, 1.6401241865383662, 0.7662856669759173)
(-0.22186767033484178, 1.6455969212979822, 0.7709450071778401)
(-0.22186767033484178, 1.6513267764902892, 0.7755632513364937)
(-0.22186767033484178, 1.6573057179806738, 0.7801330021153396)
(-0.22186767033484178, 1.6635029569229811, 0.7846309987547623)
(-0.22186767033484178, 1.6698968651441353, 0.7890587964999543)
(-0.22186767033484178, 1.6764578873556724, 0.7933910865624543)
(-0.22186767033484178, 1.683168194663364, 0.7976255510143774)
(-0.22186767033484178, 1.689985517115287, 0.8017551753941843)
(-0.22186767033484178, 1.6968808896633634, 0.8057649377547612)
(-0.22186767033484178, 1.703833132307594, 0.8096529276489917)
(-0.22186767033484178, 1.7108099481249013, 0.8134249892307222)
(-0.22186767033484178, 1.7177799078364389, 0.8170789571970682)
(-0.22186767033484178, 1.724711794134516, 0.8205955061778373)
(-0.22186767033484178, 1.7315781498075928, 0.8239685592884142)
(-0.22186767033484178, 1.7383481668268226, 0.8272120433605293)
(-0.22186767033484178, 1.7450044503845143, 0.8303148848749524)
(-0.22186767033484178, 1.7515077236537449, 0.8332725517259133)
(-0.22186767033484178, 1.757836245672976, 0.8360824634903362)
(-0.22186767033484178, 1.763992033797975, 0.8387453620576437)
(-0.22186767033484178, 1.7699690841345128, 0.8412729401970668)
(-0.22186767033484178, 1.7757851845672048, 0.8436726374470666)
(-0.22186767033484178, 1.781423965288359, 0.8459329866826434)
(-0.22186767033484178, 1.7868617979325891, 0.848064792576874)
(-0.22186767033484178, 1.7921194379325884, 0.8500897759230279)
(-0.22186767033484178, 1.7971672450479732, 0.8520193395143738)
(-0.22186767033484178, 1.8020220520672043, 0.8538371588220659)
(-0.22186767033484178, 1.8066662733172034, 0.8555501556634123)
(-0.22186767033484178, 1.8111144567787418, 0.8571845964134122)
(-0.22186767033484178, 1.8153849214422026, 0.8587492283653353)
(-0.22186767033484178, 1.8194799361056642, 0.8602488899999502)
(-0.22186767033484178, 1.8233987490864325, 0.861696529173027)
(-0.22186767033484178, 1.8271294649998946, 0.8630949889134117)
(-0.22186767033484178, 1.830663070817202, 0.8644447963989882)
(-0.22186767033484178, 1.834015145336433, 0.8657680045095654)
(-0.22186767033484178, 1.837167877596048, 0.8670565786586039)
(-0.22186767033484178, 1.8401342512018166, 0.8683174752980267)
(-0.22186767033484178, 1.8428957560095092, 0.8695641521537959)
(-0.22186767033484178, 1.8454538917787393, 0.8708080782018727)
(-0.22186767033484178, 1.8478344866825855, 0.872044688423027)
(-0.22186767033484178, 1.850012618461432, 0.873260811211488)
(-0.22186767033484178, 1.8519967402402777, 0.8744542602403343)
(-0.22186767033484178, 1.853829959182585, 0.8756191477307189)
(-0.22186767033484178, 1.8555162954806625, 0.8767718113412954)
(-0.22186767033484178, 1.857052501730662, 0.8779067655095646)
(-0.22186767033484178, 1.8584442115864317, 0.8790141674999494)
(-0.22186767033484178, 1.8596810352883537, 0.8801152860336029)
(-0.22186767033484178, 1.8607687207691233, 0.8811964389903334)
(-0.22186767033484178, 1.8617440908171998, 0.8822578095720647)
(-0.22186767033484178, 1.8626162725479696, 0.8833094115336028)
(-0.22186767033484178, 1.8633990299518153, 0.8843662696105256)
(-0.22186767033484178, 1.8640816252402774, 0.8854013634086028)
(-0.22186767033484178, 1.8646756008172003, 0.8864383153316794)
(-0.22186767033484178, 1.8651751333172004, 0.8874544197114873)
(-0.22186767033484178, 1.8655875370191228, 0.8884550934230255)
(-0.22186767033484178, 1.8659450778364304, 0.8894251312211026)
(-0.22186767033484178, 1.8662740384133536, 0.8903867467691793)
(-0.22186767033484178, 1.8665801108172007, 0.8913243096682177)
(-0.22186767033484178, 1.8668877561537383, 0.8922370940095639)
(-0.22186767033484178, 1.8672114056729698, 0.8931428038893716)
(-0.22186767033484178, 1.8675447619229693, 0.8940261601057177)
(-0.22186767033484178, 1.8679046808652773, 0.8948823826586023)
(-0.22186767033484178, 1.868285498221046, 0.8957294756201406)
(-0.22186767033484178, 1.8687051099037386, 0.896558445148987)
(-0.22186767033484178, 1.8691569410095075, 0.8973757124134097)
(-0.22186767033484178, 1.8696391111056616, 0.8981857813557176)
(-0.22186767033484178, 1.8701574743268154, 0.8989838773124481)
(-0.22186767033484178, 1.8707161928364302, 0.8997720743989867)
(-0.22186767033484178, 1.8713044753845078, 0.9005695176153325)
(-0.22186767033484178, 1.8719132252883537, 0.9013567543412944)
(-0.22186767033484178, 1.8725423870191225, 0.902125764173025)
(-0.22186767033484178, 1.8731649000960462, 0.9028908080143709)
(-0.22186767033484178, 1.8737943368268153, 0.90365003443264)
(-0.22186767033484178, 1.8744257166345069, 0.9044146466922555)
(-0.22186767033484178, 1.8750421560575845, 0.9051746508797553)
(-0.22186767033484178, 1.8756396216345068, 0.905909685471102)
(-0.22186767033484178, 1.8762215092787382, 0.9066428005143707)
(-0.22186767033484178, 1.876781508894122, 0.9073738478797555)
(-0.22186767033484178, 1.8773106584133532, 0.9080844047499478)
(-0.22186767033484178, 1.8778218946152765, 0.9087977054711018)
(-0.22186767033484178, 1.878324225384507, 0.9095178677162936)
(-0.22186767033484178, 1.8788014158652768, 0.9102254300912938)
(-0.22186767033484178, 1.8792619220671996, 0.9109429524614857)
(-0.22186767033484178, 1.8796995101441225, 0.9116646920239858)
(-0.22186767033484178, 1.880093495624892, 0.9123745068124473)
(-0.22186767033484178, 1.8804586650479687, 0.9130981177836008)
(-0.22186767033484178, 1.8807926374037371, 0.9138208170816781)
(-0.22186767033484178, 1.8810912894710454, 0.9145268222787936)
(-0.22186767033484178, 1.8813693657691222, 0.9152391222403318)
(-0.22186767033484178, 1.8816267809133527, 0.9159384685672547)
(-0.22186767033484178, 1.8818586494710452, 0.916630387812447)
(-0.22186767033484178, 1.8820556607210452, 0.9173109697787931)
(-0.22186767033484178, 1.882209125384507, 0.9179816481153317)
(-0.22186767033484178, 1.8823050426921986, 0.9186336744759086)
(-0.22186767033484178, 1.8823615267787375, 0.9192983777980239)
(-0.22186767033484178, 1.882373218413353, 0.9199505413797547)
(-0.22186767033484178, 1.882370433413352, 0.9205917243845624)
(-0.22186767033484178, 1.8823651018967593, 0.9209019548139258)
(-0.22186767033484178, 1.8823313958855856, 0.9215159188870627)
(-0.22186767033484178, 1.8822669659040545, 0.9221212205795551)
(-0.22186767033484178, 1.8821718119521662, 0.922717859891403)
(-0.22186767033484178, 1.8820459340299205, 0.9233058368226063)
(-0.22186767033484178, 1.8818893321373171, 0.923885151373165)
(-0.22186767033484178, 1.8817020062743566, 0.924455803543079)
(-0.22186767033484178, 1.8814839564410388, 0.9250177933323486)
(-0.22186767033484178, 1.8812351826373634, 0.9255711207409736)
(-0.22186767033484178, 1.8809556848633309, 0.926115785768954)
(-0.22186767033484178, 1.8806454631189409, 0.9266517884162899)
(-0.22186767033484178, 1.8803045174041935, 0.9271791286829812)
(-0.22186767033484178, 1.8799328477190886, 0.927697806569028)
(-0.22186767033484178, 1.8795304540636266, 0.9282078220744301)
(-0.22186767033484178, 1.8790973364378072, 0.9287091751991877)
(-0.22186767033484178, 1.8786334948416301, 0.9292018659433008)
(-0.22186767033484178, 1.878138929275096, 0.9296858943067693)
(-0.22186767033484178, 1.8776136397382044, 0.9301612602895932)
(-0.22186767033484178, 1.8770576262309553, 0.9306279638917726)
(-0.22186767033484178, 1.876470888753349, 0.9310860051133074)
(-0.22186767033484178, 1.8758534273053853, 0.9315353839541975)
(-0.22186767033484178, 1.8752052418870642, 0.9319761004144432)
(-0.22186767033484178, 1.8745263324983858, 0.9324081544940444)
(-0.22186767033484178, 1.87381669913935, 0.9328315461930009)
(-0.22186767033484178, 1.8730763418099567, 0.9332462755113129)
