(-4787.662, 131.9545, 1252.202)
(0, 0, 0)
(67.57911, 42.23542, 6.018419)
(102.5534, 54.24694, -11.72699)
(118.6143, 34.16026, -0.9060717)
(150.4205, 17.02317, -0.5543753)
(128.4225, 22.03969, 6.692437)
(119.943, 5.212014, -2.669969)
(121.2077, 11.81788, 0.198885)
(212.7658, 18.68841, 2.364238)
(0, 0, 0)
(237.9579, 29.56794, 4.125854)
(125.4568, 15.65138, 8.013105)
(251.0214, 11.17821, 4.703047)
(172.3714, 5.758854, 8.869085)
(127.4213, 8.930558, 13.53249)
(105.5126, 5.665996, 5.106791)
(240.6408, 4.130713, 25.48565)
(122.8713, 2.630545, 17.77184)
(183.8057, -6.120386, 15.73624)
(126.1605, -25.03866, 20.96572)
(119.0449, -20.53154, 21.63174)
(92.44196, -25.69114, 14.59556)
(143.4832, -43.26509, 25.33821)
(0, 0, 0)
(97.87213, -56.86322, 24.04924)
(117.0692, -84.88615, 28.02142)
(150.324, -47.41048, -0.8770349)
