(0.2368944, -0.1647694, 0.2558281)
(0.2369351, -0.1647732, 0.255847)
(0.2369313, -0.164768, 0.2558237)
(0.2369916, -0.1647542, 0.2558258)
(0.2371788, -0.1647172, 0.256024)
(0.2372775, -0.1648488, 0.2559013)
(0.2371714, -0.1649082, 0.25582)
(0.2371678, -0.1649494, 0.2556995)
(0.2369776, -0.164983, 0.2555125)
(0.2369533, -0.1650088, 0.255456)
(0.2369282, -0.1650057, 0.255438)
(0.2368073, -0.1647952, 0.2556289)
(0.2367609, -0.1648114, 0.255574)
(0.2368653, -0.1648097, 0.2556672)
(0.2368703, -0.1648264, 0.2556038)
(0.2369926, -0.164845, 0.2556789)
(0.2369976, -0.1648612, 0.2556243)
(0.2369063, -0.1647258, 0.2556752)
(0.2370458, -0.1647401, 0.2557373)
(0.237062, -0.1647401, 0.2556726)
(0.237031, -0.1647005, 0.2556775)
(0.2370744, -0.1647739, 0.2557679)
(0.2371016, -0.1647537, 0.255784)
(0.2370338, -0.1646612, 0.2558405)
(0.2369149, -0.164701, 0.2557738)
(0.2368882, -0.1647203, 0.2556974)
(0.2368941, -0.1647689, 0.2556086)
(0.2371018, -0.1646817, 0.2555792)
(0.237139, -0.1646886, 0.2555275)
(0.2371762, -0.1646872, 0.255476)
(0.2371056, -0.1648464, 0.2555392)
(0.2371697, -0.1648543, 0.2555814)
(0.2371316, -0.1648266, 0.2555788)
(0.2372725, -0.1649284, 0.2557383)
(0.2373579, -0.1649625, 0.255778)
(0.2372808, -0.1648209, 0.2559094)
(0.237143, -0.1649046, 0.255898)
(0.2371097, -0.1649373, 0.2558373)
(0.237052, -0.1648993, 0.2558758)
(0.2370589, -0.1649137, 0.2558683)
(0.2370741, -0.1649163, 0.255863)
(0.237123, -0.1649954, 0.2558374)
(0.2372983, -0.1650293, 0.255944)
(0.2373457, -0.1650636, 0.2559987)
(0.2374136, -0.1651042, 0.2560635)
(0.2375169, -0.1650586, 0.2560177)
(0.2376013, -0.1650684, 0.256138)
(0.2376151, -0.1650579, 0.2562559)
(0.2377353, -0.1650152, 0.2563229)
(0.2377923, -0.165041, 0.2564414)
(0.2378473, -0.164952, 0.256655)
(0.2379811, -0.1651068, 0.2570591)
(0.2381306, -0.1651886, 0.2572451)
(0.2381876, -0.165098, 0.2575812)
(0.2383313, -0.1649518, 0.2578702)
(0.2382023, -0.1647496, 0.2582541)
(0.2379994, -0.164185, 0.2589583)
(0.2377536, -0.1631315, 0.2603343)
(0.2374647, -0.1617255, 0.2619083)
(0.2369821, -0.1588454, 0.2641017)
(0.2358394, -0.1552434, 0.2673264)
(0.2358367, -0.1510456, 0.2709892)
(0.2375731, -0.1434546, 0.2736671)
(0.2393808, -0.132488, 0.2778196)
(0.2412512, -0.1181142, 0.2826183)
(0.2434223, -0.1071908, 0.2878335)
(0.2437057, -0.09806681, 0.2931271)
(0.2442596, -0.08831096, 0.2970731)
(0.2458017, -0.0772264, 0.3022425)
(0.2474539, -0.06567216, 0.3086765)
(0.2488649, -0.05606961, 0.3169839)
(0.2482402, -0.04621816, 0.3261445)
(0.2489047, -0.03575969, 0.3336384)
(0.2489116, -0.02690887, 0.3431818)
(0.2481041, -0.01812577, 0.3537498)
(0.2491238, -0.01029253, 0.3631749)
(0.2498291, -0.003627539, 0.3734076)
(0.2498994, 0.002814054, 0.385561)
(0.2509584, 0.009744883, 0.3973854)
(0.2515323, 0.01480031, 0.4097798)
(0.251713, 0.02027988, 0.4224429)
(0.2527118, 0.02442288, 0.4347596)
(0.253783, 0.02705765, 0.4479897)
(0.2546425, 0.02995062, 0.4610543)
(0.2553453, 0.03028631, 0.4748151)
(0.2566028, 0.03161955, 0.4882419)
(0.2576556, 0.0317626, 0.5016205)
(0.2587676, 0.03297305, 0.5159955)
(0.2591825, 0.03033328, 0.5293381)
(0.2600968, 0.02898145, 0.5431211)
(0.2606854, 0.02655387, 0.5559936)
(0.2610204, 0.02451324, 0.5684779)
(0.2606354, 0.02097893, 0.5807889)
(0.2607272, 0.01724362, 0.5921209)
(0.2611082, 0.01227355, 0.6021097)
(0.2610652, 0.007576704, 0.6114223)
(0.2600355, 0.001850128, 0.6211178)
(0.2596884, -0.003364801, 0.6284876)
(0.2593021, -0.009486437, 0.63393)
(0.2583632, -0.01558661, 0.6410105)
(0.2573304, -0.02040815, 0.6448991)
(0.2557454, -0.0252161, 0.6477084)
(0.2537417, -0.03090668, 0.6517739)
(0.2517145, -0.0340724, 0.6534481)
(0.2516778, -0.03709865, 0.653882)
(0.2505264, -0.04271865, 0.6559989)
(0.2473452, -0.04704857, 0.6565573)
(0.2481956, -0.04346108, 0.6566536)
(0.2538054, -0.03863978, 0.6533167)
(0.2545733, -0.04276609, 0.6531241)
(0.2568049, -0.0454011, 0.652473)
(0.2585001, -0.04888391, 0.6506667)
(0.2542338, -0.04800797, 0.6515114)
(0.253686, -0.04523063, 0.6521497)
(0.2509322, -0.04424405, 0.6537402)
(0.2504911, -0.04296017, 0.6552684)
(0.250587, -0.0449636, 0.6553631)
(0.251179, -0.04532099, 0.6548526)
(0.2522013, -0.04523396, 0.6539447)
(0.2524614, -0.0455184, 0.6532459)
(0.2524691, -0.04651594, 0.6521235)
(0.2529571, -0.04632139, 0.6508169)
(0.2521372, -0.04571724, 0.6521704)
(0.2519197, -0.04478049, 0.6530731)
(0.2520354, -0.04508114, 0.6538246)
(0.2523336, -0.04553175, 0.6535072)
(0.2527821, -0.04530048, 0.6528029)
(0.2529662, -0.0454793, 0.6519756)
(0.2535675, -0.04559469, 0.6515152)
(0.2534311, -0.04590034, 0.6514885)
(0.2535558, -0.04572773, 0.6517687)
(0.2531643, -0.04557753, 0.6520236)
(0.2528775, -0.04568982, 0.6519046)
(0.2528865, -0.04573536, 0.6517034)
(0.2531331, -0.04587698, 0.6515803)
(0.2534845, -0.04589748, 0.6517034)
(0.2534184, -0.04620099, 0.651871)
(0.2534223, -0.04631305, 0.6519365)
(0.2535818, -0.04631257, 0.6518581)
(0.2537191, -0.04646897, 0.6517863)
(0.2539997, -0.04650187, 0.6517353)
(0.2542872, -0.04662228, 0.651479)
(0.2545142, -0.04663992, 0.6513972)
(0.2546375, -0.04656959, 0.6513231)
(0.2546201, -0.04649806, 0.6513271)
(0.2546597, -0.04646659, 0.6513317)
(0.2546856, -0.04649353, 0.6511452)
(0.2548659, -0.04647517, 0.6509354)
(0.2550411, -0.04652691, 0.6509356)
(0.2552555, -0.04663324, 0.6510124)
(0.2554238, -0.04682565, 0.6512997)
(0.2555978, -0.04695964, 0.6512694)
(0.2557142, -0.04697704, 0.6512191)
(0.2556393, -0.04704785, 0.6510091)
(0.2558615, -0.04713321, 0.6509769)
(0.2561524, -0.04715466, 0.6510005)
(0.2561712, -0.04714894, 0.6509302)
(0.2562497, -0.04719687, 0.6508982)
(0.2561831, -0.04715633, 0.6509156)
(0.2560444, -0.04722762, 0.6510031)
(0.256072, -0.04730606, 0.6510632)
(0.2561541, -0.04730797, 0.6511166)
(0.2561078, -0.04740262, 0.6511614)
(0.2561309, -0.04743576, 0.6511075)
(0.2561228, -0.04745293, 0.6510832)
(0.2560732, -0.04756141, 0.6511025)
(0.2561371, -0.04762101, 0.6511965)
(0.2562532, -0.04764462, 0.6512539)
(0.2564259, -0.04767418, 0.6512666)
(0.2565253, -0.04771996, 0.6512585)
(0.2565422, -0.04775858, 0.6512747)
(0.2566767, -0.04774475, 0.6512318)
(0.2567999, -0.04783249, 0.6512492)
(0.2570109, -0.04799914, 0.6511598)
(0.2570224, -0.04817677, 0.6512041)
(0.2571797, -0.0482769, 0.6511586)
(0.2572658, -0.04837346, 0.6509912)
(0.2572854, -0.04855132, 0.6510136)
(0.257489, -0.04859352, 0.6510715)
(0.2573965, -0.04851866, 0.6511967)
(0.257519, -0.04857755, 0.6512516)
(0.257812, -0.04871511, 0.6512492)
(0.2580202, -0.04895973, 0.6511626)
(0.2582431, -0.0490706, 0.6511483)
(0.2584302, -0.04916406, 0.6512184)
(0.2584906, -0.04917145, 0.6513093)
(0.2585588, -0.04924536, 0.6513934)
(0.2583802, -0.04933715, 0.6513071)
(0.2585042, -0.04961467, 0.6512494)
(0.2588701, -0.04942989, 0.6510131)
(0.2589507, -0.04956508, 0.6509559)
(0.2591364, -0.04962277, 0.6509838)
(0.2593229, -0.04953551, 0.6508315)
(0.2594063, -0.04958844, 0.6508615)
(0.2594056, -0.04958463, 0.6508298)
(0.2593977, -0.04953766, 0.6508176)
(0.2593586, -0.04954672, 0.6507916)
(0.2592726, -0.04945517, 0.6509197)
(0.2592309, -0.0494597, 0.6510043)
(0.2592268, -0.04939747, 0.6512942)
(0.2591078, -0.04925299, 0.6515253)
(0.2591317, -0.04925108, 0.6516192)
(0.2590861, -0.04925895, 0.6515906)
(0.2592092, -0.04927897, 0.6516557)
(0.2591534, -0.04935265, 0.6518166)
(0.2592113, -0.04934263, 0.6519923)
(0.2591805, -0.04927039, 0.6522751)
(0.2592092, -0.04945803, 0.6526413)
(0.2594843, -0.04947829, 0.6529186)
(0.259764, -0.04954648, 0.6531944)
(0.259995, -0.04958367, 0.6535292)
(0.2602186, -0.04954791, 0.6537712)
(0.2604845, -0.04962206, 0.6540651)
(0.260674, -0.04932666, 0.6545937)
(0.2605801, -0.0489862, 0.6552665)
(0.260792, -0.04867387, 0.6560678)
(0.2608993, -0.04797935, 0.6568599)
(0.2608101, -0.04713368, 0.6581671)
(0.2607193, -0.04622507, 0.6596608)
(0.2607777, -0.04519367, 0.661531)
(0.2607746, -0.04429626, 0.6631804)
(0.2610807, -0.04349542, 0.6652923)
(0.2617056, -0.0426271, 0.6674838)
(0.2622812, -0.04145336, 0.6698678)
(0.2626057, -0.03941584, 0.6732805)
(0.2630033, -0.03730488, 0.6765244)
(0.2641931, -0.03373551, 0.6803865)
(0.2655437, -0.02892113, 0.6840343)
(0.2668641, -0.02185392, 0.6867373)
(0.2675996, -0.01351881, 0.6897149)
(0.2682736, -0.006033182, 0.6930566)
(0.2681839, 0.003045559, 0.6974678)
(0.2697694, 0.01278925, 0.7009115)
(0.2702813, 0.02161837, 0.7026134)
(0.2701962, 0.03049064, 0.7044754)
(0.2710416, 0.03894138, 0.7071059)
(0.2709656, 0.04707694, 0.7096722)
(0.2710536, 0.05512238, 0.7123368)
(0.2718394, 0.06416059, 0.7154255)
(0.2713475, 0.07458782, 0.7186563)
(0.2717624, 0.08604503, 0.7217922)
(0.2725005, 0.09713769, 0.7248306)
(0.2735403, 0.1086736, 0.7287054)
(0.2740383, 0.118525, 0.7333109)
(0.2757142, 0.1291423, 0.7374542)
(0.2768466, 0.1395586, 0.7418118)
(0.2789614, 0.1495745, 0.746274)
(0.2802756, 0.1589236, 0.7509379)
(0.2819972, 0.1674966, 0.7568488)
(0.2843626, 0.176777, 0.7628078)
(0.2856343, 0.1835655, 0.7698145)
(0.2859726, 0.1897788, 0.777966)
(0.2871482, 0.19559, 0.7844124)
(0.2872822, 0.1968441, 0.7929733)
(0.2875388, 0.1997175, 0.8012795)
(0.2892547, 0.2009594, 0.8085659)
(0.2901287, 0.2013068, 0.8168406)
(0.2909179, 0.2000418, 0.8261981)
(0.2924809, 0.1978701, 0.8351178)
(0.2935524, 0.1938814, 0.8441877)
(0.2947392, 0.1891937, 0.8536596)
(0.2959888, 0.1848989, 0.8627965)
(0.2972071, 0.1789875, 0.8726535)
(0.2982726, 0.1723826, 0.8826909)
(0.2988381, 0.164768, 0.8928962)
(0.2997539, 0.157828, 0.9023559)
(0.3009975, 0.1496315, 0.9108095)
(0.3010321, 0.1411905, 0.9200654)
(0.3014216, 0.1341279, 0.9274406)
(0.3020744, 0.1268387, 0.9336843)
(0.3014021, 0.1196439, 0.9411371)
(0.300324, 0.1139779, 0.9467187)
(0.2994637, 0.108218, 0.9509521)
(0.2971351, 0.1029563, 0.9564025)
(0.2956378, 0.09809995, 0.9604421)
(0.2949491, 0.09156013, 0.961473)
(0.2928319, 0.0842514, 0.963763)
(0.2920637, 0.07861423, 0.9636872)
(0.2922196, 0.07225943, 0.9615469)
(0.2935967, 0.06838107, 0.9588223)
(0.2985172, 0.08029795, 0.9561756)
(0.2987602, 0.08166432, 0.9508381)
(0.2984982, 0.07813311, 0.9498932)
(0.2961195, 0.0757637, 0.9492033)
(0.2948592, 0.07271934, 0.9498441)
(0.2969942, 0.075001, 0.9520638)
(0.2981339, 0.0764339, 0.9544911)
(0.2970421, 0.07352781, 0.9535379)
(0.2956564, 0.07531214, 0.9520712)
(0.2951717, 0.07528257, 0.9504757)
(0.2962685, 0.07512212, 0.9489019)
(0.2974439, 0.07512903, 0.9476597)
(0.2982306, 0.07482576, 0.9477839)
(0.299041, 0.07483053, 0.9484534)
(0.2987585, 0.07533121, 0.9480529)
(0.2982147, 0.07536173, 0.9478254)
(0.2981331, 0.07530355, 0.9474583)
(0.2980537, 0.0754199, 0.9472015)
(0.2985003, 0.07531571, 0.9471362)
(0.2987883, 0.07515073, 0.9469862)
(0.2987418, 0.07507133, 0.946842)
(0.2987261, 0.07508469, 0.9467137)
(0.2984324, 0.07530737, 0.9466338)
(0.2986658, 0.07535958, 0.9465942)
(0.298908, 0.07531691, 0.9465697)
(0.2988434, 0.07536983, 0.9465394)
(0.2987673, 0.07528448, 0.9465504)
(0.2987165, 0.07530475, 0.9465487)
(0.2985816, 0.07538795, 0.9466882)
(0.2985656, 0.07536721, 0.9468503)
(0.2985582, 0.07535243, 0.946929)
(0.2985606, 0.07533145, 0.9470367)
(0.2984817, 0.07532334, 0.9471257)
(0.2986391, 0.07534218, 0.9473469)
(0.2986217, 0.07532549, 0.9474964)
(0.2984393, 0.07530832, 0.9474356)
(0.2983794, 0.07529306, 0.9474456)
(0.2984734, 0.07513785, 0.9473155)
(0.2984502, 0.07507968, 0.9473569)
(0.2985113, 0.07505393, 0.947386)
(0.2985239, 0.07498884, 0.9473231)
(0.2985291, 0.07496119, 0.9473104)
(0.2985649, 0.07500362, 0.9473219)
(0.2985816, 0.07493401, 0.9472809)
(0.2986581, 0.07496238, 0.9473221)
(0.2986429, 0.07494044, 0.9472909)
(0.2985086, 0.07510281, 0.9474256)
(0.2983027, 0.07501745, 0.9473672)
(0.2983367, 0.07498956, 0.9474025)
(0.2983165, 0.07498288, 0.9474015)
(0.2984693, 0.07502079, 0.9474621)
(0.2984293, 0.07499027, 0.9474292)
(0.2984047, 0.07498121, 0.947463)
(0.2984846, 0.07505774, 0.9474134)
(0.2984035, 0.07502842, 0.9473908)
(0.2983081, 0.07502484, 0.9473886)
(0.2983263, 0.07509089, 0.9473078)
(0.2983401, 0.07509828, 0.9473534)
(0.2982302, 0.07520652, 0.9474387)
(0.2981131, 0.07509446, 0.9475656)
(0.2980754, 0.07509041, 0.9475472)
(0.2981246, 0.07500648, 0.9474807)
(0.2982516, 0.0751276, 0.947448)
(0.2982824, 0.07512283, 0.947473)
(0.2982767, 0.07512593, 0.9474468)
(0.2982795, 0.07514119, 0.9474115)
(0.2982504, 0.07517457, 0.9473846)
(0.2982342, 0.07511973, 0.9473226)
(0.2980242, 0.07497025, 0.9473553)
(0.2981646, 0.07496333, 0.9474797)
(0.2981298, 0.0749948, 0.9475181)
(0.2981298, 0.0749948, 0.9475181)
(0.2982161, 0.07506847, 0.9474592)
(0.2981279, 0.07522964, 0.9475896)
(0.2981629, 0.07527637, 0.9475408)
(0.2981813, 0.07528257, 0.9475455)
(0.2982235, 0.07521582, 0.9475167)
(0.2982442, 0.07524872, 0.94748)
(0.2982969, 0.07526064, 0.9475114)
(0.2983329, 0.07522202, 0.9474952)
(0.2982268, 0.07517385, 0.9475148)
(0.298172, 0.07514596, 0.9474843)
(0.2982051, 0.07506871, 0.9474437)
(0.2982445, 0.07507777, 0.9474196)
(0.2983675, 0.0750277, 0.9474852)
(0.29848, 0.07490802, 0.9474313)
(0.2985091, 0.07485509, 0.9474084)
(0.2985458, 0.07480431, 0.9473686)
(0.2984974, 0.07493162, 0.9474783)
(0.298573, 0.07497215, 0.947335)
(0.2987545, 0.07493758, 0.9473701)
