(-92.00268, 2.116299, 72.04414)
(-91.58327, 2.50659, 72.94534)
(-91.21013, 3.033304, 73.75891)
(-90.85248, 3.576136, 74.52047)
(-90.48339, 4.297042, 75.40667)
(-90.11199, 5.135322, 76.51024)
(-89.77673, 5.922389, 77.62322)
(-89.32559, 7.093716, 78.87769)
(-88.95571, 8.223581, 79.97909)
(-88.71417, 9.277844, 80.9881)
(-88.24376, 10.49504, 82.02409)
(-87.44102, 11.45945, 83.25424)
(-86.97894, 12.33954, 84.29327)
(-86.49316, 13.20488, 85.49786)
(-86.24916, 13.93642, 86.72862)
(-85.96543, 14.54465, 87.9651)
(-85.5728, 15.14373, 89.29962)
(-85.30202, 15.56814, 90.47878)
(-84.97957, 15.96684, 91.64213)
(-84.54561, 16.29708, 92.91862)
(-84.22861, 16.36448, 93.85562)
(-83.87292, 16.5209, 94.86165)
(-83.42965, 16.60295, 95.87045)
(-83.14919, 16.65423, 96.8164)
(-82.82243, 16.45293, 97.68872)
(-82.42603, 16.24448, 98.58279)
(-82.13785, 15.90047, 99.42451)
(-81.79304, 15.59303, 100.2387)
(-81.36263, 15.07192, 101.0372)
(-81.0132, 14.57012, 101.8151)
(-80.65501, 14.1171, 102.5444)
(-80.34659, 13.54196, 103.218)
(-80.06316, 12.87789, 103.9239)
(-79.7786, 12.24875, 104.5839)
(-79.58958, 11.4156, 105.1351)
(-79.34577, 10.53739, 105.7122)
(-79.09933, 9.741569, 106.2533)
(-78.90837, 8.764243, 106.7306)
(-78.68669, 7.948899, 107.1433)
(-78.41065, 7.127643, 107.6401)
(-78.27839, 6.361747, 107.92)
(-78.03362, 5.639386, 108.3236)
(-77.83327, 5.048966, 108.5698)
(-77.74404, 4.384017, 108.6718)
(-77.55542, 3.683496, 108.8316)
(-77.33824, 2.954316, 108.9806)
(-77.07636, 1.997614, 109.0888)
(-76.85547, 1.240444, 109.2988)
