(299.5158, 326.7189, 51.01278)
(301.9749, 326.953, 49.26233)
(303.4545, 328.3606, 47.6811)
(304.9374, 332.8737, 43.99639)
(304.9748, 334.2652, 42.41671)
(304.0588, 333.1965, 43.1975)
(303.4122, 332.5879, 43.49476)
(301.8202, 331.4215, 44.87952)
(301.7881, 331.0363, 45.4115)
(302.337, 330.6581, 45.82803)
(303.7173, 330.503, 46.06222)
(304.4124, 331.6643, 44.72894)
(304.2805, 332.2538, 44.12632)
(303.5899, 332.5133, 43.53413)
(302.6714, 332.236, 43.62059)
(302.3286, 332.0963, 43.77634)
(302.5362, 331.7008, 44.33855)
(303.2851, 331.4476, 44.64469)
(303.7752, 331.2764, 44.81133)
(304.3205, 331.6161, 44.30481)
(304.2929, 331.7517, 44.04385)
(303.9971, 331.3816, 44.16455)
(303.3518, 330.9376, 44.26035)
(303.1744, 330.8595, 44.30857)
(303.2948, 330.7703, 44.44068)
(303.7633, 330.4608, 44.72513)
(304.0611, 330.3503, 44.75333)
(304.1251, 330.2048, 44.8579)
(303.8947, 329.7321, 44.96147)
(303.9301, 329.4128, 44.95788)
(303.9073, 329.4964, 44.65333)
(304.0968, 329.8381, 44.38725)
(304.3482, 329.5774, 44.46778)
(304.5702, 328.8576, 45.03847)
(304.4587, 329.1364, 44.66304)
(304.015, 329.5989, 44.29688)
(303.812, 329.9632, 43.97158)
(303.7444, 329.3231, 44.52963)
(303.8716, 329.2359, 44.71107)
(303.9198, 329.4773, 44.61098)
(304.2686, 329.6384, 44.43822)
(304.1327, 329.7257, 44.36548)
(304.1346, 329.5578, 44.46632)
(303.9748, 329.1223, 44.71707)
(303.7021, 329.4617, 44.3646)
(303.4555, 329.661, 44.23523)
(303.3065, 329.6388, 44.25708)
(303.3188, 329.4532, 44.49358)
