(-0.2254692, 0.8108103, 0.0447067)
(-0.2260548, 0.8107931, 0.04477382)
(-0.2266268, 0.8107634, 0.04491901)
(-0.227073, 0.8106833, 0.04515004)
(-0.2275983, 0.810685, 0.04543519)
(-0.2281098, 0.8105751, 0.04560637)
(-0.2286729, 0.810439, 0.04579556)
(-0.2291788, 0.8103638, 0.04596114)
(-0.2296455, 0.8102098, 0.04608083)
(-0.2301704, 0.8101002, 0.04627395)
(-0.2307184, 0.8100407, 0.04651594)
(-0.2312298, 0.8099917, 0.0466845)
(-0.2315849, 0.8099439, 0.04706752)
(-0.2321315, 0.8098565, 0.04727423)
(-0.2326658, 0.809798, 0.04750419)
(-0.2330563, 0.8098083, 0.04767203)
(-0.2335277, 0.8097674, 0.04794943)
(-0.2341657, 0.8098217, 0.04829633)
(-0.2348247, 0.8096417, 0.04853785)
(-0.2353828, 0.8094932, 0.04886222)
(-0.2358452, 0.8093842, 0.0490433)
(-0.2363709, 0.8092928, 0.04921901)
(-0.2368228, 0.809333, 0.04940283)
(-0.2374096, 0.8093299, 0.0496726)
(-0.2377874, 0.8093423, 0.04992926)
(-0.2382773, 0.8093326, 0.05015409)
(-0.2387769, 0.80918, 0.05028915)
(-0.2392485, 0.8090533, 0.05055034)
(-0.2397846, 0.8089582, 0.05081236)
(-0.240382, 0.8090047, 0.05102217)
(-0.2409244, 0.8089228, 0.0511961)
(-0.2414891, 0.808838, 0.05133152)
(-0.2420075, 0.8088076, 0.05144)
(-0.2425061, 0.8087698, 0.05155027)
(-0.2430414, 0.8086805, 0.05162847)
(-0.2435385, 0.8085555, 0.05169678)
(-0.244099, 0.8084363, 0.05183339)
(-0.2446619, 0.8083446, 0.05199981)
(-0.245137, 0.8082777, 0.05204785)
(-0.2456743, 0.8082097, 0.05212235)
(-0.2461396, 0.8082243, 0.05229056)
(-0.2466735, 0.8081688, 0.05237818)
(-0.2471902, 0.8081583, 0.05244482)
(-0.2476047, 0.8082799, 0.05261648)
(-0.2479436, 0.808301, 0.05288076)
(-0.2484752, 0.8083069, 0.0531466)
(-0.2489079, 0.8083939, 0.05340111)
(-0.2494848, 0.8085529, 0.05364394)
(-0.2498329, 0.8085459, 0.05385554)
(-0.2502759, 0.8085096, 0.05419624)
(-0.2506063, 0.8084651, 0.05437994)
(-0.2509898, 0.8084531, 0.05463707)
(-0.2513744, 0.8083636, 0.05490708)
(-0.2518336, 0.80838, 0.05514598)
(-0.2521341, 0.8084653, 0.05527043)
(-0.2524676, 0.8085056, 0.05551791)
(-0.2526911, 0.8085777, 0.05547512)
(-0.252967, 0.8085845, 0.05573809)
(-0.2532194, 0.808561, 0.05598235)
(-0.2534767, 0.8085451, 0.05610943)
(-0.2535833, 0.8083917, 0.0561862)
(-0.2537488, 0.8083884, 0.05644846)
(-0.2539206, 0.8084894, 0.05660141)
(-0.254197, 0.8084679, 0.05667412)
(-0.2544911, 0.8084251, 0.05691004)
(-0.2547292, 0.8084227, 0.05710661)
(-0.2549922, 0.8084192, 0.05727339)
(-0.2552137, 0.8084072, 0.05746388)
(-0.2556011, 0.8083248, 0.05802834)
(-0.2557263, 0.8083041, 0.05842519)
(-0.2559253, 0.8082838, 0.05882919)
(-0.2557158, 0.8084655, 0.05915809)
(-0.2559586, 0.808526, 0.05970979)
(-0.2560648, 0.8088155, 0.06007886)
(-0.2564111, 0.8087112, 0.06047857)
(-0.2567042, 0.8086241, 0.06102443)
(-0.2574054, 0.8086642, 0.06127429)
(-0.2578411, 0.8086054, 0.06192124)
(-0.2584469, 0.8084419, 0.06266248)
(-0.2592478, 0.808129, 0.06326401)
(-0.2601759, 0.8080529, 0.06394827)
(-0.2610757, 0.8080003, 0.06415939)
(-0.2621655, 0.8079194, 0.06441832)
(-0.2631487, 0.8078789, 0.06473792)
(-0.2639625, 0.8079287, 0.06500888)
(-0.2650548, 0.80783, 0.0654552)
(-0.2661076, 0.8075489, 0.06595075)
(-0.2673039, 0.807339, 0.06660855)
(-0.2686899, 0.807044, 0.06729829)
(-0.2701152, 0.806944, 0.0677712)
(-0.2717257, 0.8069198, 0.06804645)
(-0.2732267, 0.8069972, 0.06853783)
(-0.2744608, 0.8071418, 0.06874144)
(-0.2754678, 0.8074858, 0.06939483)
(-0.2764874, 0.807871, 0.07021201)
(-0.2773549, 0.808028, 0.07094002)
(-0.2782484, 0.808036, 0.07179499)
(-0.2794068, 0.8078036, 0.07254231)
(-0.2803172, 0.8074769, 0.07321322)
(-0.2812595, 0.807207, 0.07365441)
(-0.2820755, 0.8068529, 0.07436585)
(-0.2827084, 0.8067136, 0.07501221)
(-0.283109, 0.8068343, 0.0753094)
(-0.2834483, 0.8068656, 0.07575333)
(-0.2840015, 0.807016, 0.07632697)
(-0.284389, 0.8070978, 0.07687914)
(-0.2849121, 0.807054, 0.07777774)
(-0.2852209, 0.8070503, 0.07852876)
(-0.2856497, 0.807121, 0.0794338)
(-0.2859107, 0.8072631, 0.08028972)
(-0.2862151, 0.8074293, 0.08162737)
(-0.2866237, 0.8074694, 0.08277249)
(-0.2868417, 0.807554, 0.08401573)
(-0.2870734, 0.807531, 0.08525038)
(-0.2870672, 0.8074511, 0.08700752)
(-0.2870215, 0.8071154, 0.08854389)
(-0.2870448, 0.8069226, 0.0899806)
(-0.2870625, 0.8068113, 0.09172201)
(-0.2870436, 0.8066661, 0.09355724)
(-0.2869247, 0.8064889, 0.09578001)
(-0.2866499, 0.8062778, 0.09788609)
(-0.2864507, 0.8060497, 0.0999648)
(-0.2862124, 0.8058007, 0.1020144)
(-0.2860516, 0.8055611, 0.1040151)
(-0.2856696, 0.8052554, 0.1061302)
(-0.2853321, 0.8048918, 0.108391)
(-0.2848768, 0.8044155, 0.1108108)
(-0.2844728, 0.8040004, 0.113196)
(-0.2837315, 0.8034541, 0.1157811)
(-0.2831234, 0.8029972, 0.118483)
(-0.2824379, 0.8026205, 0.1210961)
(-0.2814646, 0.8021576, 0.1237949)
(-0.2805108, 0.8018383, 0.1266463)
(-0.2794798, 0.8018188, 0.1297713)
(-0.2786028, 0.8017234, 0.1327837)
(-0.2774429, 0.8019804, 0.1359757)
(-0.2764583, 0.8023219, 0.139266)
(-0.2750863, 0.8029504, 0.1432894)
(-0.2741392, 0.8035567, 0.1470655)
(-0.2727582, 0.8044302, 0.1505997)
(-0.2710874, 0.8056162, 0.1541783)
(-0.2696065, 0.8071436, 0.1577848)
(-0.2681965, 0.8091782, 0.1616662)
(-0.266502, 0.8112339, 0.1653293)
(-0.2650688, 0.8138787, 0.1696817)
(-0.2640106, 0.8165571, 0.1741308)
(-0.2625632, 0.8196809, 0.1785479)
(-0.2618498, 0.8235424, 0.1831934)
(-0.2608135, 0.8271753, 0.1876872)
(-0.2597004, 0.8311594, 0.192051)
(-0.2586204, 0.8357131, 0.1969232)
(-0.2576897, 0.8403629, 0.2020052)
(-0.2565966, 0.8449869, 0.2068669)
(-0.2555935, 0.8499119, 0.2122583)
(-0.2545999, 0.8545136, 0.218165)
(-0.2535009, 0.859076, 0.2237844)
(-0.2524014, 0.86428, 0.2297125)
(-0.2512878, 0.8689889, 0.2357426)
(-0.2504178, 0.8740292, 0.2417594)
(-0.2494631, 0.879016, 0.2472993)
(-0.2481366, 0.8843554, 0.252604)
(-0.2466179, 0.8899143, 0.2577932)
(-0.2453871, 0.8956472, 0.2624782)
(-0.2437105, 0.9024898, 0.2666508)
(-0.242173, 0.9099072, 0.2707341)
(-0.2403737, 0.9185896, 0.2752144)
(-0.2386696, 0.9269864, 0.2793798)
(-0.236769, 0.9359546, 0.2836445)
(-0.235085, 0.9449575, 0.2886345)
(-0.2340929, 0.9536221, 0.2943684)
(-0.2330388, 0.9618436, 0.2995368)
(-0.2320991, 0.9700575, 0.3053808)
(-0.2310497, 0.9779816, 0.3113222)
(-0.2300081, 0.9855306, 0.3173591)
(-0.2290736, 0.9936048, 0.324012)
(-0.2278384, 1.001428, 0.3299036)
(-0.2271951, 1.008377, 0.3366895)
(-0.2267658, 1.014475, 0.3435145)
(-0.2260635, 1.020319, 0.3504384)
(-0.2261423, 1.025494, 0.3576295)
(-0.2260618, 1.028948, 0.3649615)
(-0.226101, 1.032574, 0.3723893)
(-0.2269055, 1.035382, 0.3806813)
(-0.2271501, 1.037972, 0.3893278)
(-0.2277645, 1.040044, 0.3975993)
(-0.2288975, 1.041237, 0.4062358)
(-0.2300515, 1.041574, 0.4149044)
(-0.2309502, 1.041835, 0.4237337)
(-0.2321311, 1.041792, 0.4326595)
(-0.2333117, 1.040861, 0.4420888)
(-0.2347097, 1.03943, 0.4517914)
(-0.2362912, 1.037809, 0.4615517)
(-0.2381128, 1.03598, 0.4721859)
(-0.2396097, 1.034362, 0.4818758)
(-0.2410376, 1.031829, 0.4917606)
(-0.2426023, 1.029347, 0.5018614)
(-0.2445848, 1.026343, 0.5123674)
(-0.2461392, 1.023515, 0.5224428)
(-0.2483845, 1.020443, 0.5326105)
(-0.2502037, 1.017767, 0.542401)
(-0.2520676, 1.015233, 0.5519407)
(-0.2542034, 1.013069, 0.5616444)
(-0.2567725, 1.010255, 0.5716999)
(-0.258376, 1.008429, 0.5790603)
(-0.2598998, 1.006476, 0.5862316)
(-0.2618896, 1.00393, 0.5935261)
(-0.2630822, 1.001822, 0.598838)
(-0.2643993, 0.9996978, 0.6044689)
(-0.2658919, 0.9968391, 0.6090749)
(-0.2669581, 0.9943165, 0.6130174)
(-0.267819, 0.9915928, 0.6170484)
(-0.2678777, 0.9881638, 0.6214091)
(-0.2672996, 0.9868442, 0.6230009)
(-0.2677178, 0.9913041, 0.6223043)
(-0.270248, 0.9971392, 0.6245929)
(-0.27057, 1.000525, 0.6293244)
(-0.2757949, 0.9979582, 0.6362903)
(-0.277008, 0.9959355, 0.6407245)
(-0.2795703, 0.9961, 0.6448318)
(-0.2797729, 0.9973984, 0.6465584)
(-0.2809494, 1.0002, 0.6476232)
(-0.2827082, 1.000993, 0.6498867)
(-0.2850684, 1.002624, 0.6522254)
(-0.2874917, 1.004726, 0.6551307)
(-0.2889949, 1.006736, 0.6579501)
(-0.290579, 1.008768, 0.6595765)
(-0.2916962, 1.010718, 0.6613191)
(-0.2937455, 1.012708, 0.6631837)
(-0.2957427, 1.014762, 0.665067)
(-0.2977279, 1.017282, 0.6668279)
(-0.2998022, 1.019499, 0.6687147)
(-0.3014649, 1.021561, 0.6704995)
(-0.3029761, 1.02383, 0.6720983)
(-0.3046476, 1.025877, 0.6739111)
(-0.306015, 1.027726, 0.6753477)
(-0.3072962, 1.029842, 0.6766547)
(-0.3082361, 1.031371, 0.6777438)
(-0.3091838, 1.032949, 0.6787547)
(-0.3103263, 1.035045, 0.6799825)
(-0.3110749, 1.036614, 0.6807945)
(-0.3119054, 1.038076, 0.6813879)
(-0.3129528, 1.039923, 0.6823454)
(-0.3138452, 1.04146, 0.6829966)
(-0.3148499, 1.043, 0.6834815)
(-0.3156257, 1.044625, 0.6839451)
(-0.3155096, 1.045023, 0.6836532)
(-0.3161061, 1.046279, 0.6841747)
(-0.3167901, 1.047578, 0.6847103)
(-0.3173531, 1.048527, 0.6850271)
(-0.317917, 1.049404, 0.6855208)
(-0.318441, 1.050283, 0.6858358)
(-0.3188868, 1.051097, 0.686233)
(-0.3191979, 1.051863, 0.6866488)
(-0.3194742, 1.052702, 0.687072)
(-0.319876, 1.053586, 0.6876352)
(-0.3201715, 1.054036, 0.6880714)
(-0.3203666, 1.054462, 0.6885087)
(-0.3207592, 1.055111, 0.6892112)
(-0.3208374, 1.055579, 0.6896303)
(-0.3207407, 1.056039, 0.690047)
(-0.3209121, 1.056544, 0.6905801)
(-0.3209586, 1.056889, 0.691084)
(-0.3207976, 1.057106, 0.6915947)
(-0.3208798, 1.057373, 0.6923341)
(-0.3211337, 1.057695, 0.6929486)
(-0.3210847, 1.05786, 0.693628)
(-0.3208808, 1.058187, 0.6942722)
(-0.3205663, 1.058405, 0.6947777)
(-0.3203167, 1.058596, 0.6953081)
(-0.3200904, 1.058804, 0.6959198)
(-0.3197783, 1.058752, 0.6964669)
(-0.3194504, 1.058802, 0.6969973)
(-0.3189756, 1.058774, 0.6974345)
(-0.3185937, 1.05876, 0.6979182)
(-0.3180918, 1.058629, 0.6982845)
(-0.3174918, 1.058368, 0.6986731)
(-0.3169423, 1.058114, 0.6990104)
(-0.3161081, 1.057739, 0.6993402)
(-0.3154946, 1.057588, 0.6998464)
(-0.3145027, 1.057702, 0.6997997)
(-0.3137527, 1.057876, 0.7003185)
(-0.3126426, 1.058785, 0.7007584)
(-0.3119951, 1.059365, 0.7014125)
(-0.3108132, 1.059666, 0.7019644)
(-0.3097252, 1.060119, 0.7026792)
(-0.3090106, 1.060528, 0.7032)
(-0.3082885, 1.060739, 0.7037435)
(-0.3075504, 1.061159, 0.704293)
(-0.3070649, 1.061666, 0.7051872)
(-0.3063096, 1.061975, 0.7058591)
(-0.3057249, 1.06225, 0.7065364)
(-0.3051787, 1.062491, 0.7072083)
(-0.3044428, 1.062538, 0.707678)
(-0.30384, 1.062645, 0.7081873)
(-0.3032076, 1.062746, 0.7088689)
(-0.3022878, 1.062867, 0.7091441)
(-0.3015602, 1.063053, 0.7095494)
(-0.3005961, 1.063295, 0.709905)
(-0.2994756, 1.06351, 0.7100192)
(-0.2986295, 1.063618, 0.710367)
(-0.2980537, 1.063761, 0.7106438)
(-0.2973424, 1.063736, 0.7110025)
(-0.2967101, 1.063774, 0.711262)
(-0.2964339, 1.063777, 0.7118127)
(-0.2958189, 1.063725, 0.7122525)
(-0.295293, 1.063803, 0.7126344)
