(334.899, 65.77478, 9.247524)
(341.0415, 65.43071, 13.32684)
(345.7509, 65.82541, 16.5941)
(348.1937, 67.0351, 18.56314)
(350.2267, 65.88144, 19.77505)
(349.0755, 61.5511, 22.26097)
(354.6837, 53.80327, 27.96787)
(357.0244, 44.80487, 31.00148)
(351.7212, 42.19833, 32.33659)
(347.6289, 43.59681, 32.49608)
(342.428, 50.61131, 28.34622)
(339.7417, 54.34244, 25.73794)
(339.0154, 57.8671, 22.94686)
(338.7844, 59.34859, 22.64602)
(338.7097, 57.61768, 24.34057)
(338.631, 54.74728, 25.78493)
(338.1117, 53.81116, 25.78963)
(337.1383, 53.19291, 25.03079)
(335.8777, 52.79422, 24.32602)
(334.2885, 52.81076, 23.01696)
(332.7007, 52.89618, 21.95277)
(331.2917, 53.22383, 21.14738)
(329.8623, 53.60412, 20.53286)
(328.1263, 54.38803, 20.19372)
(326.7701, 55.43588, 19.79235)
(325.3962, 56.72061, 18.95606)
(323.6023, 58.68644, 17.49776)
(321.7285, 60.09356, 16.2393)
(319.8001, 60.90702, 15.19859)
(318.4102, 61.3745, 14.31397)
(317.3618, 61.67682, 13.55966)
(316.1216, 62.04714, 12.75045)
(314.7655, 62.75223, 11.41807)
(313.291, 63.76582, 9.567628)
(311.7986, 65.62514, 5.885216)
(311.0134, 66.8274, 2.979197)
(310.3803, 67.53884, 0.7489451)
(310.0228, 67.58655, 359.0372)
(309.3785, 67.71914, 357.6641)
(308.2916, 68.71516, 356.1213)
(307.4036, 70.10894, 354.0005)
(305.8953, 71.9138, 351.3124)
(303.5573, 74.81764, 347.9564)
(302.0253, 80.3375, 342.1958)
(301.5888, 85.42088, 336.9425)
(301.5835, 89.23305, 332.8184)
(302.2873, 91.60435, 329.8343)
(302.6295, 92.53677, 328.2043)
(302.195, 92.89902, 327.021)
(301.9289, 94.69338, 324.593)
(301.5085, 95.08163, 323.0208)
(301.0413, 96.64554, 320.5638)
(301.1428, 99.93288, 316.9462)
(300.8515, 102.239, 313.9398)
(305.9168, 98.72933, 318.2626)
(303.4436, 91.11769, 327.9709)
(303.4079, 82.48032, 336.7511)
