(-4030.131, 1123.92, 225.7296)
(1.816584, 164.1565, 48.65459)
(0, 0, 0)
(-8.30969, 105.2497, 16.37479)
(-31.43734, 79.61868, -3.45952)
(0, 0, 0)
(-132.4789, 136.3384, -14.64288)
(0, 0, 0)
(-181.051, 109.1895, -4.339376)
(0, 0, 0)
(-161.7177, 66.15574, -2.86255)
(-60.41375, 23.3463, -3.757493)
(-129.5458, 38.34082, -12.98996)
(-91.78671, 27.32116, -8.751787)
(-166.4771, 28.00829, -19.93353)
(0, 0, 0)
(-91.81709, 22.89864, 26.44121)
(-86.24972, -14.05376, 2.610379)
(0, 0, 0)
(-136.7905, -21.7342, -7.223639)
(-41.74344, -10.65952, -1.166434)
(-103.9064, -41.94394, -14.94539)
(-60.22073, -40.45203, -11.41598)
(-102.8573, -62.32351, -21.6048)
(0, 0, 0)
(-45.66843, -33.27968, -9.369367)
(-44.64663, -35.37574, -6.229418)
(-57.86119, -48.04788, -11.46207)
(-35.94365, -34.45877, -3.801712)
(-19.12391, -17.45277, -4.718066)
(-44.69646, -42.65962, -7.497388)
(-34.84099, -33.41973, -5.993517)
