(5.319381, 1.050903, 5.641461)
(5.319316, 1.050533, 5.641416)
(5.319023, 1.049994, 5.641702)
(5.319281, 1.049202, 5.64187)
(5.31959, 1.049165, 5.641335)
(5.319602, 1.049785, 5.640593)
(5.319699, 1.049998, 5.640163)
(5.320163, 1.047659, 5.641764)
(5.320023, 1.047086, 5.641705)
(5.320263, 1.047947, 5.640583)
(5.320827, 1.04817, 5.639799)
(5.322037, 1.048153, 5.639561)
(5.322794, 1.047381, 5.639922)
(5.322558, 1.047511, 5.639452)
(5.322293, 1.047963, 5.639113)
(5.322025, 1.048649, 5.638756)
(5.322214, 1.048411, 5.639003)
(5.322743, 1.048428, 5.639864)
(5.321815, 1.048092, 5.640711)
(5.320911, 1.048447, 5.640716)
(5.320284, 1.048788, 5.640938)
(5.320271, 1.047989, 5.641635)
(5.321109, 1.048365, 5.640614)
(5.321261, 1.049144, 5.639904)
(5.321356, 1.049249, 5.639668)
(5.321558, 1.048519, 5.640194)
(5.321343, 1.048128, 5.640851)
(5.321222, 1.048174, 5.640896)
(5.321189, 1.048291, 5.640547)
(5.321646, 1.049633, 5.639568)
(5.321569, 1.048893, 5.640303)
(5.320898, 1.047727, 5.641012)
(5.320679, 1.047942, 5.641008)
(5.321328, 1.049257, 5.639552)
(5.321397, 1.048412, 5.640071)
(5.321698, 1.048051, 5.640656)
(5.32239, 1.048562, 5.640332)
(5.322444, 1.048228, 5.640476)
(5.32285, 1.049775, 5.639565)
(5.323177, 1.049082, 5.640313)
(5.323099, 1.049358, 5.640404)
(5.323298, 1.049949, 5.640373)
(5.323454, 1.051327, 5.639844)
(5.323404, 1.05243, 5.639491)
(5.323922, 1.052536, 5.640468)
(5.324009, 1.052573, 5.641485)
(5.324756, 1.053411, 5.641045)
(5.325593, 1.055461, 5.639833)
(5.32701, 1.058418, 5.637793)
(5.328323, 1.059426, 5.637251)
(5.329413, 1.060636, 5.636938)
(5.330259, 1.062724, 5.635915)
(5.332371, 1.066446, 5.633362)
(5.334225, 1.072035, 5.630736)
(5.33482, 1.076238, 5.629496)
(5.336514, 1.076266, 5.630617)
(5.336357, 1.074491, 5.63589)
(5.336614, 1.074118, 5.63958)
(5.344966, 1.07058, 5.646147)
(5.352094, 1.060837, 5.656574)
(5.351677, 1.037154, 5.681956)
(5.353476, 1.034256, 5.685952)
(5.354509, 1.019733, 5.706439)
(5.34114, 0.9785345, 5.774766)
(5.34024, 0.9264634, 5.850137)
(5.365151, 0.8413087, 5.959755)
(5.370563, 0.7573983, 6.054814)
(5.309815, 0.7474179, 6.070165)
(5.305477, 0.7880538, 6.030669)
(5.333881, 0.7627571, 6.062215)
(5.359696, 0.74971, 6.07714)
(5.388936, 0.7422845, 6.083836)
(5.400909, 0.7079839, 6.119237)
(5.411447, 0.6736255, 6.159887)
(5.412737, 0.6635001, 6.178896)
(5.404429, 0.6793683, 6.174367)
(5.392378, 0.6805067, 6.186572)
(5.388556, 0.6659272, 6.213702)
(5.389848, 0.6527918, 6.236825)
(5.401303, 0.6410316, 6.250041)
(5.413504, 0.6335682, 6.251524)
(5.411872, 0.6358092, 6.236452)
(5.40513, 0.6333382, 6.23029)
(5.393236, 0.6321334, 6.220951)
(5.385558, 0.642239, 6.206236)
(5.382607, 0.6695806, 6.17599)
(5.377646, 0.689988, 6.152099)
(5.363411, 0.718375, 6.118025)
(5.353083, 0.7373169, 6.092962)
(5.33219, 0.7716662, 6.039755)
(5.318828, 0.800728, 5.997095)
(5.305448, 0.8342838, 5.948672)
(5.294568, 0.8709922, 5.898051)
(5.284092, 0.9083073, 5.848547)
(5.273993, 0.9488018, 5.797296)
(5.265526, 0.9853516, 5.748771)
(5.259572, 1.024749, 5.695933)
(5.255659, 1.062529, 5.642809)
(5.250128, 1.095279, 5.598725)
(5.246017, 1.1308, 5.552612)
(5.229829, 1.143266, 5.53736)
(5.215456, 1.161112, 5.507777)
(5.208157, 1.176938, 5.480047)
(5.214796, 1.175236, 5.464488)
(5.232924, 1.166853, 5.450001)
(5.232816, 1.160375, 5.443908)
(5.224247, 1.161904, 5.439615)
(5.214138, 1.181794, 5.42085)
(5.190451, 1.211296, 5.399287)
(5.17125, 1.224937, 5.393723)
(5.160642, 1.240394, 5.37693)
(5.150134, 1.256642, 5.359346)
(5.139744, 1.273721, 5.340935)
(5.188676, 1.171348, 5.485351)
(5.210218, 1.114031, 5.549473)
(5.273746, 0.9583784, 5.697773)
(5.330741, 0.9575962, 5.679033)
(5.338258, 1.043122, 5.569914)
(5.329219, 1.088278, 5.503564)
(5.287797, 1.043662, 5.548039)
(5.260867, 0.9793491, 5.623838)
(5.233062, 0.9378394, 5.666301)
(5.237685, 0.9428635, 5.678215)
(5.341369, 1.028554, 5.610263)
(5.42282, 1.068706, 5.562729)
(5.323792, 1.150602, 5.479438)
(5.243604, 1.033078, 5.575953)
(5.326623, 1.100711, 5.536915)
(5.275023, 1.042936, 5.579556)
(5.267453, 1.012913, 5.60683)
(5.276998, 0.9678064, 5.658088)
(5.297313, 0.965896, 5.647274)
(5.329447, 0.9595672, 5.650087)
(5.33874, 0.9530411, 5.653371)
(5.341708, 0.9333221, 5.673985)
(5.340405, 0.9277281, 5.678305)
(5.325308, 0.9341931, 5.670917)
(5.292896, 0.9527531, 5.65499)
(5.277388, 0.9580926, 5.64782)
(5.262599, 0.9626969, 5.635745)
(5.26036, 0.9623534, 5.640152)
(5.292262, 0.9497351, 5.65842)
(5.327004, 0.9141151, 5.68374)
(5.31404, 0.9155574, 5.685468)
(5.313192, 0.9105834, 5.69171)
(5.304455, 0.9153433, 5.682967)
(5.29076, 0.9386019, 5.661639)
(5.287875, 0.9377814, 5.660944)
(5.29706, 0.9482216, 5.651279)
(5.30056, 0.9420446, 5.659126)
(5.302504, 0.924541, 5.674242)
(5.299646, 0.9189035, 5.678997)
(5.294058, 0.9204042, 5.676601)
(5.299774, 0.9376549, 5.660278)
(5.303026, 0.9407713, 5.656816)
(5.304882, 0.9372623, 5.659646)
(5.307653, 0.9333923, 5.663263)
(5.30725, 0.9304166, 5.665856)
(5.304747, 0.930577, 5.66566)
(5.302451, 0.9319311, 5.663926)
(5.305115, 0.9322004, 5.663669)
(5.309981, 0.9324273, 5.662688)
(5.314413, 0.9332525, 5.661588)
(5.317192, 0.9359012, 5.658859)
(5.321664, 0.9392716, 5.655649)
(5.324538, 0.9385342, 5.655557)
(5.326879, 0.9391553, 5.65478)
(5.331521, 0.94291, 5.650991)
(5.33634, 0.9459412, 5.646951)
(5.340165, 0.9465656, 5.645646)
(5.341733, 0.9479735, 5.644136)
(5.336998, 0.9467505, 5.645868)
(5.336191, 0.9474466, 5.645405)
(5.334974, 0.9461503, 5.647254)
(5.335929, 0.9446668, 5.648621)
(5.337605, 0.9442973, 5.648954)
(5.338628, 0.9450288, 5.648735)
(5.342574, 0.9490895, 5.644571)
(5.345312, 0.9514448, 5.642528)
(5.345175, 0.9521395, 5.642675)
(5.345025, 0.9522001, 5.643286)
(5.344635, 0.9514664, 5.645335)
(5.34733, 0.9510931, 5.645967)
(5.349144, 0.9512882, 5.646101)
(5.350601, 0.954073, 5.643838)
(5.350474, 0.9547566, 5.643991)
(5.350769, 0.9543902, 5.644465)
(5.350776, 0.9568062, 5.644057)
(5.350481, 0.9595845, 5.644197)
(5.350011, 0.9632617, 5.644314)
(5.348221, 0.9636443, 5.647651)
(5.344058, 0.9595656, 5.654705)
(5.342265, 0.9583454, 5.657544)
(5.339702, 0.9594682, 5.657205)
(5.338686, 0.961755, 5.657258)
(5.342782, 0.9628974, 5.65499)
(5.345021, 0.9595727, 5.656842)
(5.347958, 0.9570742, 5.655163)
(5.348367, 0.959487, 5.649243)
(5.3483, 0.9660187, 5.641706)
(5.34725, 0.9703102, 5.639081)
(5.349092, 0.9673696, 5.642984)
(5.348275, 0.9620762, 5.651179)
(5.348819, 0.9584482, 5.656247)
(5.347904, 0.9551792, 5.66115)
(5.346216, 0.9555555, 5.66103)
(5.347653, 0.9599462, 5.657806)
(5.352164, 0.9601706, 5.656068)
(5.357066, 0.9603831, 5.654651)
(5.36051, 0.9624447, 5.652378)
(5.365517, 0.9677144, 5.648748)
(5.370494, 0.970338, 5.64907)
(5.371117, 0.9730724, 5.649864)
(5.368479, 0.9699264, 5.657657)
(5.36833, 0.9637038, 5.668487)
(5.370311, 0.9619396, 5.675281)
(5.374441, 0.9585271, 5.683148)
(5.380427, 0.9605013, 5.685536)
(5.395888, 0.95289, 5.692999)
(5.405668, 0.9484333, 5.698505)
(5.415009, 0.9495189, 5.699563)
(5.425511, 0.947944, 5.703237)
(5.434338, 0.9416279, 5.711892)
(5.440748, 0.9287503, 5.728715)
(5.449329, 0.9092045, 5.75363)
(5.460953, 0.8702168, 5.797445)
(5.478438, 0.837742, 5.834078)
(5.496644, 0.8101978, 5.864336)
(5.515519, 0.7852222, 5.892664)
(5.541694, 0.7609375, 5.919072)
(5.564622, 0.7425217, 5.943243)
(5.585155, 0.725531, 5.963432)
(5.613029, 0.7068057, 5.985473)
(5.639549, 0.7016199, 5.996485)
(5.667095, 0.6884016, 6.016632)
(5.690251, 0.6747316, 6.038934)
(5.723998, 0.6778323, 6.05164)
(5.740053, 0.6728705, 6.068917)
(5.762353, 0.6718077, 6.080547)
(5.793252, 0.6885955, 6.079926)
(5.811309, 0.7106208, 6.075465)
(5.819952, 0.7136396, 6.078246)
(5.831556, 0.6744836, 6.124036)
(5.851418, 0.6598337, 6.147494)
(5.931584, 0.6560573, 6.109595)
(5.950081, 0.6603678, 6.075458)
(5.959664, 0.6572655, 6.062539)
(5.974361, 0.6497974, 6.046269)
(6.016268, 0.6366324, 6.031836)
(6.064446, 0.6243361, 6.018602)
(6.131894, 0.6126709, 6.002115)
(6.137044, 0.6032941, 6.004114)
(6.087892, 0.6041328, 6.006011)
(6.048666, 0.6176061, 6.004966)
(5.993276, 0.6189496, 6.02557)
(5.948292, 0.6124433, 6.059024)
(5.912716, 0.628489, 6.079177)
(5.889281, 0.6534672, 6.080925)
(5.85523, 0.6775903, 6.08717)
(5.806797, 0.6790735, 6.107925)
(5.750405, 0.6799435, 6.126496)
(5.6924, 0.696044, 6.12709)
(5.636856, 0.7124147, 6.125934)
(5.579903, 0.7318855, 6.123903)
(5.531862, 0.7549482, 6.115145)
(5.478995, 0.7625403, 6.118302)
(5.434026, 0.7774386, 6.10919)
(5.409794, 0.8153461, 6.062771)
(5.387592, 0.8648975, 6.000108)
(5.37196, 0.9309438, 5.896276)
(5.339653, 0.9775103, 5.821157)
(5.311103, 1.022371, 5.755873)
(5.297396, 1.069838, 5.683034)
(5.274423, 1.117592, 5.618974)
(5.237607, 1.16313, 5.571586)
(5.2084, 1.199529, 5.541852)
(5.188827, 1.250844, 5.493938)
(5.173485, 1.317987, 5.433362)
(5.178868, 1.479125, 5.275217)
(5.215506, 1.32681, 5.413371)
(5.231331, 1.291521, 5.475122)
(5.212154, 1.266771, 5.495787)
(5.259518, 1.183193, 5.599777)
(5.347752, 1.069216, 5.689044)
(5.415688, 0.9396126, 5.784403)
(5.561185, 0.7849876, 5.921568)
(5.6188, 0.8019646, 5.89777)
(5.369993, 0.7803099, 5.870481)
(5.20076, 1.035837, 5.689454)
(5.16681, 1.343069, 5.47418)
(5.234571, 1.540695, 5.331093)
(5.332767, 1.470824, 5.348729)
(5.313623, 1.200471, 5.528396)
(5.304317, 1.127739, 5.612564)
(5.392054, 1.042874, 5.732436)
(5.445958, 0.9595039, 5.786975)
(5.445997, 0.909982, 5.805245)
(5.390266, 0.9921396, 5.747269)
(5.340314, 1.074776, 5.685849)
(5.309412, 1.124342, 5.63685)
(5.303865, 1.148631, 5.615688)
(5.317973, 1.139326, 5.623336)
(5.326486, 1.123998, 5.634041)
(5.352146, 1.088432, 5.666205)
(5.372735, 1.066907, 5.685552)
(5.377699, 1.058551, 5.691775)
(5.361939, 1.076406, 5.677542)
(5.347864, 1.087591, 5.669423)
(5.332607, 1.095967, 5.663291)
(5.332835, 1.089932, 5.669564)
(5.34123, 1.080153, 5.677673)
(5.349666, 1.076424, 5.681104)
(5.353444, 1.077018, 5.679864)
(5.352355, 1.086055, 5.670672)
(5.347626, 1.093806, 5.664604)
(5.345939, 1.095108, 5.664012)
(5.345034, 1.080947, 5.677245)
(5.346479, 1.07647, 5.681683)
(5.349022, 1.081149, 5.676785)
(5.348448, 1.08641, 5.671961)
(5.346823, 1.087203, 5.670892)
(5.346006, 1.084701, 5.673553)
(5.345682, 1.08326, 5.674957)
(5.347112, 1.081834, 5.676506)
(5.348604, 1.085421, 5.673401)
(5.349613, 1.085772, 5.673167)
(5.348156, 1.084533, 5.67456)
(5.346881, 1.083717, 5.675758)
(5.346572, 1.082966, 5.676249)
(5.347316, 1.084158, 5.675248)
(5.34808, 1.084701, 5.674626)
(5.347962, 1.084873, 5.674552)
(5.346489, 1.084652, 5.675451)
(5.345277, 1.083309, 5.677063)
(5.345016, 1.082178, 5.678459)
(5.345506, 1.083109, 5.677643)
