(0.9235843, 6.235486, 6.007468)
(0.9135348, 6.238261, 6.011271)
(0.9034621, 6.240944, 6.014988)
(0.8877438, 6.248879, 6.028357)
(0.8767384, 6.251441, 6.033222)
(0.866771, 6.253005, 6.038247)
(0.8581334, 6.254616, 6.042392)
(0.8476865, 6.252707, 6.044089)
(0.8356388, 6.251646, 6.043948)
(0.8294579, 6.248778, 6.045038)
(0.8221561, 6.247046, 6.046921)
(0.8169488, 6.245209, 6.050101)
(0.8133776, 6.242422, 6.052896)
(0.810581, 6.24195, 6.055547)
(0.8032013, 6.240102, 6.056394)
(0.7986347, 6.234625, 6.056634)
(0.7970366, 6.229647, 6.059061)
(0.7981581, 6.223372, 6.065273)
(0.7949467, 6.222143, 6.065329)
(0.7900458, 6.220206, 6.064247)
(0.787015, 6.216393, 6.064673)
(0.7847551, 6.214394, 6.066162)
(0.7815512, 6.213404, 6.068842)
(0.7792889, 6.211074, 6.071568)
(0.7778577, 6.208484, 6.073414)
(0.7762348, 6.206326, 6.07521)
(0.776042, 6.201742, 6.075621)
(0.7752197, 6.197674, 6.076188)
(0.7750143, 6.193089, 6.076892)
(0.7749804, 6.187515, 6.077366)
(0.7757135, 6.182966, 6.078112)
(0.7744821, 6.178097, 6.078743)
(0.7719731, 6.17224, 6.078064)
(0.7701206, 6.163115, 6.074208)
(0.7681078, 6.153525, 6.068451)
(0.7661927, 6.142006, 6.061574)
(0.7640815, 6.133463, 6.057485)
(0.7608387, 6.124982, 6.053571)
(0.7586461, 6.11827, 6.052018)
(0.7592447, 6.110154, 6.048333)
(0.7593725, 6.100097, 6.041985)
(0.7599304, 6.088042, 6.032444)
(0.7606063, 6.077377, 6.024507)
(0.7613617, 6.069139, 6.019433)
(0.7619931, 6.062963, 6.017381)
(0.7629405, 6.058971, 6.018034)
(0.7628813, 6.05495, 6.018778)
(0.7625148, 6.049711, 6.018549)
(0.762473, 6.045557, 6.019592)
(0.7633623, 6.041394, 6.019289)
(0.7645212, 6.038231, 6.019102)
(0.7652611, 6.034097, 6.017879)
(0.7660021, 6.030283, 6.017138)
(0.7676677, 6.025347, 6.015404)
(0.769148, 6.02027, 6.013176)
(0.7711665, 6.016047, 6.011074)
(0.7709557, 6.011688, 6.009925)
(0.774431, 6.005848, 6.007041)
(0.7802979, 6.001406, 6.003765)
(0.7848892, 5.9971, 5.999989)
(0.7858776, 5.993252, 5.99694)
(0.7886217, 5.989001, 5.993901)
(0.7925157, 5.983772, 5.990409)
(0.7958543, 5.978854, 5.986806)
(0.799168, 5.975902, 5.984554)
(0.8009077, 5.973301, 5.983174)
(0.8013884, 5.971479, 5.982378)
(0.8030027, 5.967892, 5.980385)
(0.8053697, 5.963024, 5.976648)
(0.8079529, 5.95844, 5.97274)
(0.811148, 5.95462, 5.969691)
(0.8137767, 5.95154, 5.968311)
(0.8143968, 5.949071, 5.967763)
(0.8164164, 5.945047, 5.965336)
(0.8189657, 5.939266, 5.961966)
(0.823168, 5.93386, 5.958938)
(0.827388, 5.929555, 5.956841)
(0.831428, 5.926101, 5.956281)
(0.8353636, 5.922195, 5.955689)
(0.8394144, 5.919569, 5.956096)
(0.8440815, 5.916369, 5.956706)
(0.8486391, 5.913229, 5.956973)
(0.8543729, 5.911174, 5.957856)
(0.8613553, 5.906391, 5.95523)
(0.8677977, 5.901599, 5.952761)
(0.8734046, 5.898877, 5.952636)
(0.8725679, 5.905705, 5.962132)
(0.8711596, 5.914506, 5.973216)
(0.872824, 5.918571, 5.975071)
(0.8851857, 5.916413, 5.972331)
(0.900093, 5.915313, 5.975128)
(0.912965, 5.917861, 5.984568)
(0.9173667, 5.927392, 5.99983)
(0.9183953, 5.94012, 6.016467)
(0.9212983, 5.947957, 6.027556)
(0.9213983, 5.95977, 6.042623)
(0.9233482, 5.969965, 6.057709)
(0.9284215, 5.978149, 6.07034)
(0.9411688, 5.98041, 6.075449)
(0.9556661, 5.980844, 6.07834)
(0.9658216, 5.985127, 6.085828)
(0.9743801, 5.990877, 6.094809)
(0.9829232, 5.997159, 6.104181)
(0.9711065, 6.019988, 6.136322)
(0.9728591, 6.023277, 6.144906)
(0.9777489, 6.023865, 6.15159)
(0.9836818, 6.027682, 6.16009)
(0.9990504, 6.033598, 6.168019)
(1.013905, 6.041014, 6.178681)
(1.033317, 6.047181, 6.188262)
(1.047331, 6.053853, 6.198516)
(1.052029, 6.06425, 6.208497)
(1.056623, 6.073284, 6.21926)
(1.053323, 6.085933, 6.231296)
(1.051732, 6.104369, 6.248643)
(1.050184, 6.122756, 6.2633)
(1.045537, 6.14336, 6.277859)
(1.041224, 6.160316, 0.005871467)
(1.037644, 6.172739, 0.01265735)
(1.041078, 6.180577, 0.01226831)
(1.05497, 6.187097, 0.007820537)
(1.068542, 6.192776, 0.001853552)
(1.08699, 6.204374, 6.281913)
(1.09585, 6.220066, 0.0005632897)
(1.100521, 6.233053, 0.002970484)
(1.101636, 6.25679, 0.01678308)
(1.101729, 6.275675, 0.02711765)
(1.103612, 0.00750747, 0.03389268)
(1.109114, 0.02021107, 0.03575589)
(1.117778, 0.03130652, 0.03518823)
(1.123436, 0.04234233, 0.03596779)
(1.12705, 0.05135157, 0.03399387)
(1.130524, 0.06301594, 0.03477759)
(1.1348, 0.07398072, 0.03529004)
(1.140241, 0.07811645, 0.02992972)
(1.145977, 0.08467121, 0.02768153)
(1.149294, 0.08966696, 0.02478247)
(1.149059, 0.09418958, 0.02155214)
(1.147061, 0.09922446, 0.01785052)
(1.148613, 0.1044088, 0.01424721)
(1.152981, 0.110427, 0.009819877)
(1.155111, 0.1152484, 0.004834982)
(1.156402, 0.1198985, 0.0005213183)
(1.157706, 0.1274426, 6.280763)
(1.159587, 0.1357232, 6.281842)
(1.162804, 0.1474791, 0.00423574)
(1.165131, 0.1614394, 0.01116467)
(1.165883, 0.1725748, 0.01469713)
(1.167504, 0.1829566, 0.01782331)
(1.170896, 0.1928033, 0.02011396)
(1.176053, 0.2021825, 0.02240224)
(1.184232, 0.2071042, 0.02085252)
(1.190717, 0.2097409, 0.01755643)
(1.195224, 0.2167933, 0.01819562)
(1.20031, 0.2181066, 0.01730008)
(1.204322, 0.22064, 0.01589536)
(1.208494, 0.2221987, 0.01391548)
(1.212906, 0.2136971, 0.004516553)
(1.215739, 0.2083815, 6.28097)
(1.218305, 0.2025806, 6.273769)
(1.221483, 0.1948932, 6.264767)
(1.225584, 0.188486, 6.25702)
(1.229957, 0.1845951, 6.253247)
(1.233833, 0.1777468, 6.247227)
(1.238112, 0.1693759, 6.239318)
(1.243359, 0.1617037, 6.232014)
(1.248529, 0.1528085, 6.223684)
(1.252367, 0.1434265, 6.215865)
(1.252609, 0.1363345, 6.211385)
(1.246693, 0.1294524, 6.210497)
(1.239957, 0.1202537, 6.210001)
(1.243624, 0.09635919, 6.186767)
(1.247867, 0.07305769, 6.16215)
(1.252758, 0.05037419, 6.134162)
(1.254662, 0.03966607, 6.117596)
(1.252495, 0.04118894, 6.113427)
(1.249279, 0.04613267, 6.11448)
(1.247133, 0.05372531, 6.120859)
(1.246002, 0.06518265, 6.132557)
(1.243651, 0.06361933, 6.135841)
(1.241674, 0.06059887, 6.13284)
(1.244857, 0.05749991, 6.12649)
(1.249403, 0.05497824, 6.116339)
(1.249096, 0.05164502, 6.107847)
(1.24571, 0.03865636, 6.091424)
(1.236294, 0.02465257, 6.075732)
(1.224977, 0.02773797, 6.078817)
(1.21254, 0.03380141, 6.08473)
(1.202745, 0.03575955, 6.08361)
(1.195922, 0.02709672, 6.071401)
(1.188754, 0.01785568, 6.058004)
(1.185891, 0.008700075, 6.041788)
(1.19023, 6.28199, 6.025773)
(1.191746, 6.269609, 6.008625)
(1.192914, 6.244323, 5.977748)
(1.190178, 6.21472, 5.942277)
(1.180016, 6.177492, 5.902503)
(1.175526, 6.163394, 5.891032)
(1.174333, 6.147519, 5.874723)
(1.178699, 6.120994, 5.85593)
(1.175705, 6.087204, 5.827478)
(1.17082, 6.055137, 5.803658)
(1.164762, 6.028768, 5.784726)
(1.155547, 6.011484, 5.779443)
(1.148739, 5.997266, 5.775397)
(1.140559, 5.988017, 5.775282)
(1.136171, 5.966068, 5.755083)
(1.136273, 5.932073, 5.721211)
(1.13978, 5.893136, 5.683506)
(1.139237, 5.882871, 5.679576)
(1.13089, 5.895061, 5.700174)
(1.122124, 5.903736, 5.715769)
(1.110498, 5.912983, 5.730564)
(1.103582, 5.904392, 5.726623)
(1.097189, 5.895882, 5.722511)
(1.087701, 5.890442, 5.723047)
(1.076946, 5.890091, 5.729311)
(1.066812, 5.889446, 5.734674)
(1.05703, 5.89079, 5.741124)
(1.04782, 5.89254, 5.747368)
(1.039786, 5.891351, 5.750696)
(1.032936, 5.892925, 5.755042)
(1.024408, 5.896885, 5.763485)
(1.013164, 5.896406, 5.766778)
(1.000474, 5.893201, 5.768651)
(0.9895831, 5.888409, 5.766854)
(0.9776546, 5.883186, 5.76532)
(0.9665358, 5.880396, 5.766258)
(0.9564832, 5.880395, 5.769533)
(0.9449908, 5.877599, 5.769981)
(0.9329385, 5.873137, 5.768923)
(0.9217872, 5.871277, 5.771269)
(0.910607, 5.869586, 5.773521)
(0.8988131, 5.867453, 5.77471)
(0.8880868, 5.866214, 5.77609)
(0.8780058, 5.86479, 5.776696)
(0.868092, 5.86361, 5.777516)
(0.8580245, 5.865756, 5.781286)
(0.8472964, 5.865202, 5.782985)
(0.8364281, 5.864327, 5.783193)
(0.8271489, 5.864883, 5.785604)
(0.8172301, 5.86451, 5.787389)
(0.8064034, 5.864076, 5.789323)
(0.7964908, 5.863657, 5.791081)
(0.7865597, 5.863217, 5.792831)
(0.7766496, 5.862759, 5.794566)
(0.7755529, 5.862706, 5.794758)
(0.7753824, 5.910075, 5.824208)
(0.7670376, 5.913633, 5.827933)
(0.7686224, 5.922595, 5.836476)
(0.7633308, 5.926388, 5.839883)
(0.7609751, 5.930181, 5.842301)
(0.755675, 5.93413, 5.845908)
(0.7503538, 5.93804, 5.849474)
(0.7450221, 5.941905, 5.852996)
(0.7457526, 5.954221, 5.860376)
(0.7414727, 5.959195, 5.864325)
(0.7371648, 5.964142, 5.868242)
(0.7328438, 5.969045, 5.872113)
(0.7376102, 5.983542, 5.879197)
(0.7236503, 5.981189, 5.86722)
(0.7150919, 5.996062, 5.871843)
(0.7115071, 6.010313, 5.87149)
(0.7075303, 6.018913, 5.868295)
(0.7146173, 6.023381, 5.843585)
(0.7391081, 6.033063, 5.857419)
(0.7493235, 6.055976, 5.893376)
(0.7364811, 6.107098, 5.956946)
(0.7196458, 6.144061, 5.991498)
(0.7096599, 6.148622, 5.990425)
(0.7109658, 6.13797, 5.976181)
(0.7139229, 6.139289, 5.975077)
(0.7090685, 6.144935, 5.980284)
(0.6991194, 6.163441, 5.994919)
(0.698354, 6.172954, 6.004113)
(0.7009354, 6.171843, 6.00553)
(0.7013174, 6.172189, 6.007512)
(0.7024075, 6.172819, 6.008418)
(0.7041548, 6.173192, 6.00882)
(0.7041355, 6.177, 6.009418)
(0.7048514, 6.185644, 6.014591)
(0.7075242, 6.200882, 6.026613)
(0.7079732, 6.213965, 6.034626)
(0.7047754, 6.222668, 6.038444)
(0.7031824, 6.227586, 6.039597)
(0.7019547, 6.238382, 6.048454)
(0.7028895, 6.252793, 6.062632)
(0.703467, 6.262272, 6.073683)
(0.7030879, 6.270834, 6.084381)
(0.7015567, 6.280437, 6.095443)
(0.7000081, 0.005069541, 6.105391)
(0.6973858, 0.01123509, 6.114041)
(0.6947911, 0.01759193, 6.121755)
(0.6926714, 0.02008048, 6.126853)
(0.6910105, 0.02498636, 6.133354)
(0.6896346, 0.0288042, 6.139121)
(0.6880508, 0.03178946, 6.14448)
(0.6872149, 0.03496146, 6.149335)
(0.6866974, 0.03766918, 6.153846)
(0.6857057, 0.03911399, 6.157869)
(0.6847398, 0.04159667, 6.162028)
(0.6851804, 0.04598166, 6.167531)
(0.6865358, 0.05063419, 6.173161)
(0.6870124, 0.05543006, 6.178382)
(0.6867241, 0.06067515, 6.183753)
(0.6843915, 0.06706792, 6.190614)
(0.6811042, 0.07251413, 6.1978)
(0.6792139, 0.07663987, 6.204826)
(0.6808567, 0.07834264, 6.20884)
