(0.793755, 0.7421553, 0.02122856)
(0.7938247, 0.7424981, 0.02159948)
(0.7950799, 0.7434326, 0.02209399)
(0.796434, 0.7450621, 0.02337762)
(0.79704, 0.7461966, 0.02452055)
(0.7975304, 0.7471331, 0.02616735)
(0.7976768, 0.7479477, 0.02753418)
(0.7975822, 0.7480407, 0.02822142)
(0.7980565, 0.7487551, 0.02943397)
(0.7985541, 0.7492892, 0.03043422)
(0.7982236, 0.7486329, 0.03100206)
(0.7978617, 0.7484908, 0.03152635)
(0.798977, 0.7488967, 0.03252972)
(0.7998263, 0.7478952, 0.0323593)
(0.8005333, 0.7479362, 0.032062)
(0.8017418, 0.7498972, 0.03470802)
(0.8029301, 0.7510531, 0.03621995)
(0.804404, 0.7513715, 0.03683054)
(0.8050455, 0.7515191, 0.03741121)
(0.8047664, 0.7512531, 0.03831001)
(0.8043969, 0.7511952, 0.03950721)
(0.8049061, 0.7521251, 0.04127622)
(0.8057364, 0.7533387, 0.04326313)
(0.8060691, 0.7544183, 0.04493677)
(0.8066329, 0.7547981, 0.04567235)
(0.8080739, 0.755749, 0.04635504)
(0.8103669, 0.7581279, 0.04807227)
(0.8119638, 0.7598879, 0.04989029)
(0.8131745, 0.7614872, 0.05158506)
(0.8135163, 0.762951, 0.05327647)
(0.8142125, 0.7638497, 0.05464164)
(0.8145805, 0.7653757, 0.0562182)
(0.8158539, 0.7661821, 0.05705954)
(0.8168936, 0.767043, 0.05814166)
(0.8175362, 0.7685382, 0.05964871)
(0.818553, 0.7706214, 0.06165699)
(0.8201248, 0.7736809, 0.06370398)
(0.8232546, 0.7775754, 0.06708961)
(0.8256184, 0.7799683, 0.06846695)
(0.8275992, 0.7823476, 0.07015703)
(0.8290023, 0.7848008, 0.07224296)
(0.8291134, 0.7863655, 0.07392266)
(0.829152, 0.7900912, 0.07851823)
(0.8293231, 0.7933238, 0.08299804)
(0.8298113, 0.7951772, 0.08589554)
(0.8313704, 0.7969466, 0.08753558)
(0.8334965, 0.8010392, 0.09123507)
(0.8348819, 0.8064864, 0.09609418)
(0.8365161, 0.8108006, 0.1003255)
(0.8378405, 0.8170172, 0.1052656)
(0.840652, 0.8220671, 0.1101044)
(0.8444071, 0.8262747, 0.1140211)
(0.8481898, 0.8311638, 0.1181194)
(0.8503116, 0.8373231, 0.1233799)
(0.8510751, 0.8429544, 0.1285534)
(0.8525149, 0.8484787, 0.1337371)
(0.8565285, 0.8554436, 0.1399502)
(0.8616131, 0.8627837, 0.1461854)
(0.8688533, 0.8710436, 0.1523307)
(0.8770972, 0.8800775, 0.1581419)
(0.8813876, 0.8881132, 0.1632658)
(0.8817642, 0.8936037, 0.1663118)
(0.8773542, 0.8976893, 0.169888)
(0.87407, 0.9005094, 0.1730768)
(0.8761539, 0.9038149, 0.1753038)
(0.8853709, 0.9127403, 0.18024)
(0.8934271, 0.9229061, 0.1859104)
(0.8983048, 0.931269, 0.1907666)
(0.8974617, 0.934832, 0.192774)
(0.8950056, 0.9351797, 0.1919184)
(0.8930722, 0.9350113, 0.190975)
(0.8918788, 0.9358085, 0.1908713)
(0.8945858, 0.9401652, 0.1927867)
(0.9005855, 0.9459655, 0.1951637)
(0.9068277, 0.9545985, 0.2003067)
(0.911219, 0.9614802, 0.204441)
(0.9143833, 0.9658371, 0.2063288)
(0.9133734, 0.9654313, 0.2047406)
(0.9099318, 0.9629027, 0.2023986)
(0.9086059, 0.9637013, 0.2027623)
(0.9096732, 0.9660398, 0.2042589)
(0.9141588, 0.9681599, 0.2045415)
(0.9203178, 0.9736981, 0.2084929)
(0.9259971, 0.9812033, 0.2151835)
(0.9294596, 0.9842092, 0.2179421)
(0.9293761, 0.9816269, 0.2161675)
(0.9267581, 0.9772612, 0.2137301)
(0.9230369, 0.9730819, 0.2115928)
(0.921762, 0.9693528, 0.2103364)
(0.9228237, 0.9676837, 0.2097657)
(0.927973, 0.9706619, 0.212016)
(0.933733, 0.975635, 0.2176183)
(0.9384325, 0.9771512, 0.2207835)
(0.9399443, 0.973058, 0.2178136)
(0.9393006, 0.9681737, 0.2143287)
(0.933694, 0.9598275, 0.20814)
(0.9282584, 0.9528853, 0.2046806)
(0.9268456, 0.9485404, 0.2027769)
(0.9293116, 0.9457014, 0.2014629)
(0.9319774, 0.942522, 0.1991126)
(0.9394073, 0.9424593, 0.1996246)
(0.9430376, 0.9442196, 0.201969)
(0.9435765, 0.9411158, 0.1996104)
(0.9385145, 0.9294385, 0.1904392)
(0.9302562, 0.9130566, 0.1785986)
(0.9253164, 0.9018607, 0.1713546)
(0.9256466, 0.8967497, 0.1687626)
(0.9268323, 0.8911963, 0.1656563)
(0.9298666, 0.8847404, 0.1612613)
(0.9371345, 0.877455, 0.1535318)
(0.940225, 0.8668243, 0.1435553)
(0.9418018, 0.8551719, 0.132847)
(0.9420198, 0.8472252, 0.1261051)
(0.9442257, 0.8401581, 0.1204089)
(0.9491674, 0.8359238, 0.1159916)
(0.953632, 0.8298868, 0.1100684)
(0.9630407, 0.8203566, 0.1003816)
(0.9719416, 0.8142321, 0.09404153)
(0.981306, 0.8121285, 0.09032281)
(0.9833926, 0.8071858, 0.08529477)
(0.9786762, 0.7922826, 0.0729659)
(0.9710917, 0.7749116, 0.05802949)
(0.9579619, 0.7576112, 0.04530936)
(0.9490891, 0.7474137, 0.03891878)
(0.9443152, 0.7374386, 0.03165549)
(0.9446784, 0.7243374, 0.02175006)
(0.9463748, 0.7111982, 0.01150668)
(0.9544396, 0.7033499, 0.006694494)
(0.9649578, 0.7043213, 0.01202758)
(0.9711564, 0.7058749, 0.01844791)
(0.9757202, 0.7109745, 0.03104843)
(0.9802518, 0.7089474, 0.03705228)
(0.9881666, 0.7066038, 0.04055327)
(0.9944468, 0.7067659, 0.04459137)
(0.9945341, 0.7091542, 0.04911202)
(0.9936166, 0.7094373, 0.05432908)
(0.9895598, 0.7070768, 0.05803993)
(0.9859757, 0.6989591, 0.05555925)
(0.9861653, 0.6915992, 0.05456417)
(0.9873748, 0.6878867, 0.05683053)
(0.9898769, 0.6889254, 0.0630695)
(0.9915447, 0.6903662, 0.0701499)
(0.9943514, 0.6893046, 0.07421319)
(0.999845, 0.6923527, 0.07921088)
(1.000703, 0.6948279, 0.0846215)
(0.9998559, 0.6942798, 0.08875203)
(0.9991914, 0.6942563, 0.0934063)
(0.9992062, 0.6964146, 0.09899183)
(1.000306, 0.6981186, 0.1037464)
(1.00167, 0.7034211, 0.1103656)
(1.004104, 0.7127256, 0.1208995)
(1.007942, 0.7195387, 0.12912)
(1.009414, 0.7219623, 0.1334724)
(1.009942, 0.7225365, 0.1363377)
(1.009119, 0.7218025, 0.1380382)
(1.00722, 0.7232844, 0.1408278)
(1.004684, 0.7240331, 0.1431468)
(1.003253, 0.7262084, 0.1449969)
(1.00447, 0.7303599, 0.1470467)
(1.004512, 0.7338256, 0.1478496)
(1.002342, 0.7374876, 0.1510514)
(0.9991764, 0.7403761, 0.1533871)
(0.9964367, 0.7422854, 0.1545635)
(0.9930195, 0.7432567, 0.1543302)
(0.9903117, 0.7484031, 0.1577335)
(0.9875569, 0.756653, 0.1633939)
(0.9841537, 0.7613849, 0.165672)
(0.9804677, 0.7607116, 0.1632223)
(0.9783193, 0.7622405, 0.1625298)
(0.9757888, 0.7673629, 0.1646781)
(0.9710096, 0.7762929, 0.1696985)
(0.9662855, 0.7796086, 0.1707764)
(0.9649938, 0.783086, 0.1719478)
(0.9654562, 0.7910635, 0.176738)
(0.9659733, 0.8025797, 0.1839768)
(0.9647512, 0.8090762, 0.1879628)
(0.9631608, 0.8106877, 0.189545)
(0.9613315, 0.8128111, 0.1914107)
(0.9555539, 0.8127559, 0.1909155)
(0.9464192, 0.811045, 0.1880757)
(0.9374129, 0.810177, 0.1862443)
(0.9263335, 0.8084277, 0.1833813)
(0.9157656, 0.8083478, 0.1812013)
(0.9065866, 0.8088725, 0.1783807)
(0.8975599, 0.8084519, 0.1747997)
(0.8881533, 0.8044857, 0.1674607)
(0.881394, 0.8030076, 0.1617473)
(0.8776993, 0.80481, 0.1593821)
(0.8837272, 0.8132085, 0.1627363)
(0.8844643, 0.8205575, 0.1653614)
(0.8869868, 0.8296643, 0.1711602)
(0.8929551, 0.834681, 0.1761692)
(0.9006551, 0.8413309, 0.1819568)
(0.9057466, 0.8495926, 0.187882)
(0.9096767, 0.8582496, 0.1924887)
(0.9102851, 0.861977, 0.1918894)
(0.9065903, 0.8575652, 0.1851591)
(0.8984905, 0.8510458, 0.1776464)
(0.8922377, 0.8490506, 0.1740219)
(0.8852639, 0.8459474, 0.1696689)
(0.8829125, 0.8466865, 0.1686736)
(0.8842675, 0.8508501, 0.1699779)
(0.8862742, 0.8537285, 0.1701023)
(0.8899701, 0.8554671, 0.170283)
(0.890928, 0.85545, 0.1695379)
(0.8892626, 0.8569399, 0.1696634)
(0.8851535, 0.8545258, 0.1654996)
(0.8820829, 0.8529719, 0.1621874)
(0.8797072, 0.8525538, 0.1603553)
(0.8796374, 0.8526222, 0.158553)
(0.8813869, 0.853994, 0.1578468)
(0.8822758, 0.8548816, 0.1574239)
(0.8830673, 0.8550314, 0.1571297)
(0.8832258, 0.8538262, 0.1556427)
(0.8825373, 0.8526719, 0.153896)
(0.8804582, 0.8503476, 0.1516626)
(0.878666, 0.848945, 0.1499661)
(0.8772559, 0.848112, 0.1493954)
(0.8769624, 0.8474686, 0.14918)
(0.8760493, 0.8464063, 0.148498)
(0.8752518, 0.8445135, 0.1470623)
(0.8748671, 0.8423795, 0.1459558)
(0.8734236, 0.8395677, 0.1442836)
(0.8717639, 0.8365574, 0.1426005)
(0.870856, 0.833202, 0.1406308)
(0.8701617, 0.831121, 0.1392929)
(0.8701622, 0.8299959, 0.1393768)
(0.8701646, 0.8283499, 0.1386466)
(0.8678744, 0.8249567, 0.1357151)
(0.8662147, 0.819932, 0.1318365)
(0.8653737, 0.8136877, 0.1273765)
(0.8650274, 0.8121994, 0.1260464)
(0.8656195, 0.8128398, 0.1270901)
(0.8652053, 0.8088878, 0.124213)
(0.8635647, 0.8034002, 0.1195811)
(0.8596788, 0.7961254, 0.1126404)
(0.8558728, 0.7925587, 0.1088202)
(0.8495541, 0.7926989, 0.1083414)
(0.8440151, 0.7913535, 0.1071385)
(0.8396379, 0.7885346, 0.1034085)
(0.8364509, 0.7856297, 0.0990566)
(0.8351942, 0.7847859, 0.09625223)
(0.8353962, 0.7856706, 0.09547962)
(0.8349565, 0.7868129, 0.0952519)
(0.8367594, 0.7889695, 0.09657715)
(0.8377761, 0.7904548, 0.09753734)
(0.8376411, 0.7907834, 0.09761922)
(0.8370507, 0.7914687, 0.09808079)
(0.8344411, 0.7909676, 0.09780403)
(0.832644, 0.7904658, 0.09709122)
(0.8308539, 0.7894311, 0.09591541)
(0.8307378, 0.7894239, 0.09599543)
(0.8308315, 0.7908771, 0.09694339)
(0.8313322, 0.793187, 0.09881066)
(0.8328822, 0.7940847, 0.09986617)
(0.8341772, 0.7944704, 0.0997109)
(0.835831, 0.7962949, 0.1006247)
(0.8371813, 0.7993137, 0.1033819)
(0.8375189, 0.8002262, 0.1042485)
(0.8375246, 0.7983862, 0.1029216)
(0.8370556, 0.7971475, 0.1020322)
(0.8364741, 0.7978625, 0.1026016)
(0.8357065, 0.7994943, 0.1042007)
(0.8363427, 0.7999676, 0.104602)
(0.8377427, 0.7994103, 0.1038355)
(0.8390023, 0.7992471, 0.1035006)
(0.8409454, 0.8000514, 0.1036208)
(0.8417214, 0.801319, 0.1043409)
(0.8420646, 0.8014547, 0.1042697)
(0.8419511, 0.8009316, 0.1041777)
(0.8418208, 0.8008693, 0.104201)
(0.8412556, 0.7995756, 0.1033605)
(0.8419145, 0.7992758, 0.1029904)
(0.8429383, 0.7998866, 0.1030746)
(0.8440604, 0.8005703, 0.1033566)
(0.8453897, 0.8025315, 0.1043996)
(0.8455724, 0.8037445, 0.1055272)
(0.8454078, 0.8040389, 0.1059877)
(0.8454116, 0.8041279, 0.1060447)
(0.8452896, 0.8039654, 0.105922)
(0.8446742, 0.8038412, 0.106495)
(0.8444602, 0.8040435, 0.1068336)
(0.8461016, 0.8055264, 0.1076476)
(0.8470907, 0.8061733, 0.1079648)
