(303.4052, 100.3396, 352.2237)
(300.5069, 92.62266, 357.5136)
(298.9546, 87.98378, 0.8488697)
(302.92, 92.26923, 353.6225)
(294.0836, 124.8904, 324.2863)
(294.0836, 124.8904, 324.2863)
(295.5547, 135.4463, 314.8111)
(295.2326, 137.2198, 313.7528)
(294.3927, 133.8094, 318.3409)
(294.4323, 127.2766, 325.4736)
(294.8866, 123.1494, 329.3002)
(295.3473, 119.0948, 331.6735)
(295.0253, 114.9209, 331.9344)
(295.0253, 114.9209, 331.9344)
(294.2432, 110.9606, 332.7951)
(294.0667, 111.4739, 331.1187)
(294.4369, 113.6745, 328.1352)
(295.1829, 116.4719, 325.493)
(296.1096, 118.5792, 323.9158)
(297.842, 121.9746, 321.5456)
(299.113, 122.9926, 320.9232)
(300.1948, 122.7683, 321.2998)
(300.5717, 119.252, 325.0255)
(299.61, 118.3569, 326.137)
(299.0562, 118.6949, 325.4472)
(299.071, 119.1183, 324.8197)
(299.9329, 117.6888, 326.3624)
(300.5308, 115.9104, 328.3706)
(301.5461, 113.1137, 331.8533)
(304.9338, 111.1197, 334.414)
(304.9338, 111.1197, 334.414)
(308.2332, 111.5237, 333.7762)
(308.8843, 112.541, 332.6592)
(309.346, 113.1906, 332.0633)
(309.3593, 113.8149, 331.6277)
(309.1613, 113.7781, 331.9665)
(308.9445, 113.6079, 332.499)
(308.174, 112.9554, 333.7001)
(307.6969, 112.0237, 335.2266)
(307.4645, 111.0901, 336.7419)
(307.4205, 110.472, 337.9434)
(307.3266, 110.6936, 338.3066)
(307.0974, 111.229, 338.1732)
(306.6897, 112.2411, 337.4764)
(306.079, 112.9456, 337.1171)
(304.2171, 113.1723, 337.6979)
(300.2219, 113.7942, 337.9841)
(298.862, 114.9618, 337.2118)
(298.2205, 117.2532, 335.1368)
(298.0208, 118.5821, 333.8227)
(297.4404, 119.2828, 333.0257)
(296.586, 119.5285, 332.2204)
(295.6278, 119.6575, 331.5874)
