(0.04962325, -0.7877924, 0.6139386)
(0.04913531, -0.789579, 0.6116786)
(0.04946814, -0.790383, 0.6106126)
(0.04881783, -0.7919343, 0.6086517)
(0.04866435, -0.793318, 0.6068593)
(0.04926273, -0.7937596, 0.6062334)
(0.04819623, -0.7962834, 0.6030007)
(0.04755491, -0.7974221, 0.6015452)
(0.04706885, -0.8003297, 0.5977097)
(0.04516718, -0.8024454, 0.5950138)
(0.04472788, -0.8040384, 0.5928927)
(0.04558918, -0.8053688, 0.5910184)
(0.04557073, -0.8062336, 0.5898395)
(0.04846361, -0.807131, 0.5883799)
(0.05091186, -0.8081774, 0.5867345)
(0.05383557, -0.8096516, 0.5844365)
(0.05553345, -0.80955, 0.5844183)
(0.05643262, -0.8101711, 0.5834709)
(0.05681174, -0.8107125, 0.5826815)
(0.05781275, -0.8114387, 0.5815711)
(0.06034121, -0.8124494, 0.5799009)
(0.06324503, -0.8129533, 0.5788842)
(0.06677139, -0.8131501, 0.5782114)
(0.06927609, -0.8135808, 0.5773103)
(0.07228473, -0.813796, 0.5766377)
(0.07546403, -0.8132531, 0.5769961)
(0.08029552, -0.8122512, 0.5777549)
(0.08489053, -0.8116168, 0.5779894)
(0.08911556, -0.8119299, 0.5769127)
(0.0926705, -0.8142192, 0.5731137)
(0.09657444, -0.8168895, 0.5686519)
(0.1028907, -0.8221419, 0.5599073)
(0.1084375, -0.8248995, 0.5547813)
(0.114426, -0.8265572, 0.5510988)
(0.1183665, -0.8256868, 0.5515712)
(0.1198813, -0.8246888, 0.5527358)
(0.1205334, -0.8256227, 0.5511978)
(0.1196449, -0.8279237, 0.5479302)
(0.1192543, -0.8305883, 0.5439683)
(0.1204026, -0.833191, 0.5397186)
(0.1217002, -0.8366758, 0.5340061)
(0.1221567, -0.8394732, 0.5294926)
(0.1197553, -0.8412858, 0.5271593)
(0.1156105, -0.8426057, 0.5259752)
(0.1130535, -0.8438845, 0.5244787)
(0.1116994, -0.8454412, 0.5222571)
(0.1108, -0.8474068, 0.5192543)
(0.1096392, -0.8489264, 0.5170136)
(0.1075367, -0.8505723, 0.5147452)
(0.1059003, -0.8524917, 0.5119014)
(0.1057752, -0.8539882, 0.5094268)
(0.1060522, -0.8553514, 0.5070769)
(0.1077146, -0.8570878, 0.5037838)
(0.1094775, -0.8584355, 0.5011021)
(0.1110279, -0.8594477, 0.4990216)
(0.1119459, -0.8601457, 0.4976119)
(0.1122978, -0.86068, 0.4966078)
(0.1134497, -0.8615329, 0.494864)
(0.1134229, -0.8619068, 0.4942185)
(0.1127668, -0.8626344, 0.4930978)
(0.113896, -0.8627635, 0.4926124)
(0.1149234, -0.863232, 0.4915517)
(0.115576, -0.8631709, 0.491506)
(0.1155024, -0.8630815, 0.4916804)
(0.1140535, -0.8639739, 0.4904498)
(0.1128472, -0.8648118, 0.4892505)
(0.1119433, -0.8641815, 0.49057)
(0.1105447, -0.8641277, 0.4909819)
(0.110656, -0.8634957, 0.4920675)
(0.1108581, -0.8629036, 0.4930597)
(0.1106258, -0.8619112, 0.4948445)
(0.1102571, -0.8610666, 0.4963946)
(0.108997, -0.8602814, 0.4980317)
(0.1077469, -0.8596939, 0.4993165)
(0.1066872, -0.8590551, 0.5006418)
(0.1057593, -0.8583785, 0.5019975)
(0.1051829, -0.8570076, 0.5044549)
(0.1044658, -0.855737, 0.5067555)
(0.1032057, -0.8551626, 0.5079818)
(0.1011908, -0.8553832, 0.5080159)
(0.09936807, -0.8556162, 0.5079831)
(0.09742893, -0.8564985, 0.5068706)
(0.09575896, -0.8565911, 0.5070325)
(0.095467, -0.8563578, 0.5074815)
(0.09413829, -0.8562965, 0.5078331)
(0.08914869, -0.8553195, 0.5103735)
(0.08707349, -0.8537599, 0.5133343)
(0.08527759, -0.853089, 0.5147494)
(0.0834205, -0.8531207, 0.5150009)
(0.08199315, -0.8539664, 0.5138274)
(0.08172069, -0.8550299, 0.5120993)
(0.08212174, -0.8565417, 0.5095021)
(0.07785073, -0.857215, 0.5090399)
(0.07559311, -0.8572198, 0.5093721)
(0.07301943, -0.8559498, 0.5118771)
(0.07302575, -0.8544111, 0.5144404)
(0.07302918, -0.8538333, 0.5153983)
(0.07295662, -0.8544697, 0.514353)
(0.07325961, -0.854687, 0.5139487)
(0.07303482, -0.8550236, 0.5134205)
(0.07236916, -0.8561262, 0.5116745)
(0.07034181, -0.8579897, 0.5088278)
(0.06897521, -0.8593858, 0.5066543)
(0.06714302, -0.8598524, 0.5061084)
(0.06560962, -0.8595334, 0.5068508)
(0.06505254, -0.8587217, 0.5082964)
(0.06556031, -0.8582154, 0.5090857)
(0.06481613, -0.8585255, 0.5086581)
(0.0619498, -0.8586828, 0.5087494)
(0.0580859, -0.8589123, 0.5088179)
(0.05350029, -0.8594487, 0.5084147)
(0.04865432, -0.8600959, 0.507807)
(0.04552166, -0.8594568, 0.5091776)
(0.04192652, -0.8587725, 0.5106389)
(0.03861085, -0.858163, 0.5119234)
(0.03710644, -0.8575116, 0.5131246)
(0.03437375, -0.8555039, 0.5166542)
(0.03362857, -0.8532357, 0.5204403)
(0.03163579, -0.8507534, 0.5246121)
(0.02870968, -0.8493418, 0.5270621)
(0.02452676, -0.8494818, 0.5270475)
(0.02110702, -0.8492668, 0.5275419)
(0.01933299, -0.849571, 0.5271199)
(0.0183543, -0.8488553, 0.5283066)
(0.01765774, -0.8470104, 0.5312829)
(0.01550259, -0.845753, 0.5333495)
(0.01252002, -0.8448231, 0.5348992)
(0.00834313, -0.8437998, 0.5365933)
(0.004413366, -0.8435481, 0.5370355)
(0.0006569624, -0.8429707, 0.5379591)
(-0.002748057, -0.8416984, 0.539941)
(-0.005505055, -0.8409301, 0.5411158)
(-0.005797029, -0.8402372, 0.542188)
(-0.009565875, -0.8385528, 0.5447364)
(-0.01711874, -0.8365211, 0.5476673)
(-0.0204767, -0.836316, 0.5478653)
(-0.01947911, -0.8349248, 0.5500191)
(-0.02009703, -0.832873, 0.5530992)
(-0.02152459, -0.8301045, 0.5571921)
(-0.02357391, -0.8286982, 0.5591991)
(-0.02430046, -0.8290377, 0.5586644)
(-0.02658312, -0.8288304, 0.5588682)
(-0.02902181, -0.8280285, 0.5599343)
(-0.03131966, -0.8274342, 0.5606886)
(-0.033574, -0.8259252, 0.562779)
(-0.03445834, -0.8243843, 0.5649807)
(-0.03394605, -0.8249769, 0.5641461)
(-0.03257462, -0.8263732, 0.5621799)
(-0.03240293, -0.8275976, 0.5603859)
(-0.03259622, -0.8295008, 0.5575536)
(-0.03427508, -0.8303099, 0.556247)
(-0.03574917, -0.8301285, 0.556425)
(-0.03632484, -0.8301604, 0.55634)
(-0.03562891, -0.8295251, 0.5573318)
(-0.03376649, -0.8288524, 0.5584474)
(-0.03229427, -0.8293019, 0.5578668)
(-0.03247108, -0.8308406, 0.5555623)
(-0.03256938, -0.830857, 0.555532)
(-0.03361627, -0.8306742, 0.555743)
(-0.03363563, -0.8288835, 0.5584091)
(-0.03284109, -0.827261, 0.5608571)
(-0.03091039, -0.8253502, 0.5637744)
(-0.0306465, -0.8243715, 0.565219)
(-0.03118753, -0.8235416, 0.5663979)
(-0.02962512, -0.8235268, 0.5665033)
(-0.0275571, -0.8244703, 0.5652338)
(-0.02630784, -0.8247256, 0.564921)
(-0.0253038, -0.824613, 0.5651311)
(-0.02419935, -0.8241271, 0.5658877)
(-0.0206981, -0.8235538, 0.5668605)
(-0.01602836, -0.8233181, 0.5673538)
(-0.01311514, -0.8235797, 0.5670489)
(-0.01072113, -0.8250991, 0.5648863)
(-0.009130225, -0.8271225, 0.5619476)
(-0.008211568, -0.8282113, 0.5603558)
(-0.007486105, -0.8290145, 0.559177)
(-0.006086528, -0.8283101, 0.5602368)
(-0.004368544, -0.8271368, 0.5619836)
(-0.001406252, -0.8267581, 0.5625559)
(0.0001938343, -0.8277043, 0.5611646)
(-9.223819E-05, -0.8307549, 0.5566384)
(-0.001820773, -0.8341543, 0.5515281)
(-0.002836123, -0.8367466, 0.547583)
(-0.003892094, -0.8392897, 0.5436707)
(-0.004622191, -0.8412509, 0.5406252)
(-0.002760276, -0.8400413, 0.5425154)
(-0.001811087, -0.8399946, 0.5425918)
(-0.001209095, -0.8390438, 0.5440626)
(-0.001031101, -0.8405294, 0.541765)
(0.0004818738, -0.8425351, 0.5386412)
(0.004449174, -0.8461204, 0.5329734)
(0.007621214, -0.8478364, 0.5302032)
(0.009190395, -0.850764, 0.5254676)
(0.01070899, -0.8528278, 0.5220824)
(0.01288198, -0.8546994, 0.5189635)
(0.01639597, -0.8548692, 0.5185845)
(0.01816687, -0.8545213, 0.5190986)
(0.01872355, -0.8561653, 0.5163627)
(0.02067114, -0.8568592, 0.5151359)
(0.02257892, -0.8599454, 0.5098864)
(0.02500442, -0.8615017, 0.5071387)
(0.02846591, -0.8632097, 0.5040424)
(0.0296928, -0.8631573, 0.5040614)
(0.03078273, -0.8650585, 0.5007257)
(0.03287131, -0.8658167, 0.4992805)
(0.03542081, -0.8657471, 0.4992268)
(0.03610891, -0.8670356, 0.4969361)
(0.03725813, -0.8683028, 0.4946333)
(0.03839567, -0.8690252, 0.4932758)
(0.03998315, -0.8690587, 0.4930907)
(0.04133792, -0.8689571, 0.4931579)
(0.04261416, -0.8688095, 0.4933094)
(0.04460405, -0.8682553, 0.4941086)
(0.04752348, -0.8677009, 0.4948098)
(0.05228283, -0.8675632, 0.494571)
(0.05653517, -0.8672428, 0.4946653)
(0.05970348, -0.8668032, 0.4950634)
(0.06219867, -0.8667611, 0.4948296)
(0.06489959, -0.8665913, 0.4947802)
(0.06706482, -0.8665506, 0.4945628)
(0.06942332, -0.8665959, 0.4941579)
(0.07186522, -0.8658957, 0.4950355)
(0.07296622, -0.8660924, 0.4945299)
(0.07395111, -0.8668464, 0.4930605)
(0.07564087, -0.8674523, 0.4917367)
(0.07741483, -0.8681198, 0.4902807)
(0.07915524, -0.8684692, 0.4893829)
(0.08053833, -0.8686429, 0.4888488)
(0.08154136, -0.8688221, 0.4883638)
(0.08313209, -0.8692243, 0.487379)
(0.08483182, -0.8690708, 0.4873598)
(0.08643159, -0.8693492, 0.4865815)
(0.08996253, -0.8700356, 0.4847109)
(0.09222619, -0.869949, 0.4844411)
(0.09369287, -0.8698307, 0.484372)
(0.09539843, -0.8696386, 0.484384)
(0.09745897, -0.8693222, 0.4845418)
(0.0995978, -0.8689214, 0.4848256)
(0.1014311, -0.8686424, 0.4849456)
(0.1033687, -0.8682995, 0.4851503)
(0.1049625, -0.8677256, 0.4858344)
(0.1067089, -0.8671012, 0.4865684)
(0.1079672, -0.866883, 0.4866796)
(0.1090726, -0.8661872, 0.4876711)
(0.1100765, -0.8654796, 0.4887007)
(0.1110995, -0.8646713, 0.4898984)
(0.1119183, -0.8636683, 0.4914789)
(0.1124136, -0.8617196, 0.4947753)
(0.1121056, -0.8606523, 0.496699)
(0.1125079, -0.8596911, 0.4982703)
(0.113109, -0.8583748, 0.5003989)
(0.1131002, -0.857312, 0.5022197)
(0.1120505, -0.8561399, 0.5044495)
(0.1103466, -0.8549129, 0.5069)
(0.1087318, -0.8537283, 0.5092401)
(0.105463, -0.8525614, 0.5118757)
(0.1037022, -0.8514195, 0.5141311)
(0.1016693, -0.8502475, 0.5164713)
(0.09971744, -0.8490004, 0.5188977)
(0.09723446, -0.8473081, 0.5221249)
(0.09539476, -0.8453859, 0.5255688)
(0.09420058, -0.8433049, 0.5291156)
(0.09254508, -0.8417709, 0.5318431)
(0.09032778, -0.8398665, 0.5352246)
(0.08695272, -0.8372076, 0.5399284)
(0.08445723, -0.8344393, 0.5445898)
(0.08279969, -0.83193, 0.5486681)
(0.0811891, -0.8300233, 0.5517876)
(0.07907519, -0.8281747, 0.5548637)
(0.07669237, -0.8264852, 0.5577102)
(0.07407537, -0.8236506, 0.5622389)
(0.07225379, -0.8203696, 0.5672505)
(0.07159187, -0.8168923, 0.5723301)
(0.07239671, -0.8131872, 0.5774819)
(0.07286097, -0.8105715, 0.5810897)
(0.07220626, -0.8089975, 0.5833604)
(0.0712111, -0.8070678, 0.586149)
(0.07056318, -0.8034812, 0.5911335)
(0.07065409, -0.7998617, 0.5960111)
(0.07084472, -0.7963907, 0.6006188)
(0.0731007, -0.7930821, 0.6047125)
(0.07508753, -0.7902786, 0.6081297)
(0.07853884, -0.7865229, 0.6125466)
(0.08060448, -0.7831738, 0.6165564)
(0.08148871, -0.7800516, 0.6203862)
(0.08118637, -0.7786954, 0.6221273)
(0.08008142, -0.7758612, 0.6258006)
(0.07967094, -0.7730227, 0.6293556)
(0.07977794, -0.7703515, 0.6326089)
(0.08045954, -0.7662688, 0.6374624)
(0.08062685, -0.7635559, 0.6406884)
(0.08100004, -0.7594039, 0.6455578)
(0.08103441, -0.7557852, 0.6497862)
(0.08190762, -0.7520862, 0.6539554)
(0.08315003, -0.7488899, 0.6574573)
(0.08469255, -0.7459987, 0.66054)
(0.08504094, -0.7426271, 0.6642839)
(0.08498521, -0.7392282, 0.6680712)
(0.08472699, -0.7364092, 0.6712101)
(0.08475155, -0.7333096, 0.6745919)
(0.08390729, -0.7315974, 0.6765536)
(0.08339684, -0.7292003, 0.6791995)
(0.08328116, -0.7261407, 0.6824836)
(0.08296141, -0.7231695, 0.68567)
(0.08281954, -0.7193343, 0.6897094)
(0.08369152, -0.7155453, 0.6935349)
(0.08498067, -0.712307, 0.6967044)
(0.08624113, -0.709121, 0.6997927)
(0.08728369, -0.7061532, 0.7026587)
(0.0877265, -0.7038442, 0.7049166)
(0.08797342, -0.7017787, 0.7069423)
(0.08823986, -0.6988096, 0.7098443)
(0.08810118, -0.6961501, 0.7124698)
(0.08798447, -0.6936167, 0.7149508)
(0.08831911, -0.6910678, 0.7173737)
(0.08835064, -0.6884048, 0.7199258)
(0.08765815, -0.6861872, 0.7221241)
(0.08766221, -0.6838949, 0.724295)
(0.08823839, -0.6813733, 0.7265978)
(0.08949049, -0.678735, 0.7289103)
(0.09058823, -0.6761512, 0.7311726)
(0.09103644, -0.6737421, 0.7333376)
(0.09106033, -0.6711887, 0.7356724)
(0.08981597, -0.66802, 0.7387033)
(0.08928217, -0.6655933, 0.740955)
(0.08859065, -0.6636984, 0.7427356)
(0.08863543, -0.6613532, 0.7448192)
(0.08915909, -0.6590415, 0.7468031)
(0.08942242, -0.6572686, 0.7483326)
(0.08953738, -0.6550688, 0.7502452)
(0.08918527, -0.6530459, 0.7520486)
(0.08868876, -0.6507445, 0.7540994)
(0.08886723, -0.6492071, 0.7554023)
(0.08890909, -0.6480655, 0.7563771)
(0.08920342, -0.6467762, 0.7574453)
(0.08955535, -0.6456892, 0.7583306)
(0.09037283, -0.6445133, 0.7592334)
(0.09153236, -0.6433559, 0.7600756)
(0.09252846, -0.6428705, 0.7603657)
(0.09272735, -0.6425694, 0.760596)
(0.09254929, -0.6419662, 0.7611269)
(0.0925341, -0.6410926, 0.7618647)
(0.09270227, -0.6403587, 0.7624611)
(0.09293702, -0.6397981, 0.7629031)
(0.0936031, -0.6394868, 0.7630826)
(0.09411542, -0.6393716, 0.7631161)
(0.09422776, -0.6390591, 0.7633641)
(0.0937497, -0.6383063, 0.7640524)
(0.09336263, -0.6379449, 0.7644016)
(0.09235883, -0.6381751, 0.7643313)
(0.09173416, -0.6380476, 0.764513)
(0.09082197, -0.6381726, 0.7645175)
(0.0902448, -0.6384331, 0.7643684)
(0.0901337, -0.6385894, 0.7642509)
(0.08982424, -0.6392369, 0.763746)
(0.08903094, -0.6395721, 0.7635581)
(0.08806443, -0.6401489, 0.7631868)
(0.08721147, -0.640781, 0.7627541)
(0.08625813, -0.6420816, 0.7617682)
(0.08568446, -0.642971, 0.7610824)
(0.08449006, -0.6436008, 0.7606835)
(0.08403239, -0.6437238, 0.7606301)
(0.08376473, -0.6438625, 0.7605422)
(0.08364151, -0.6441385, 0.7603222)
(0.08295488, -0.6448469, 0.7597966)
(0.08189635, -0.6458024, 0.7590996)
(0.08087173, -0.6467993, 0.7583603)
