(0.1091132, 1.013379, 0.3750529)
(0.108258, 1.013114, 0.3756087)
(0.1076338, 1.012857, 0.3762994)
(0.1070278, 1.012578, 0.3771412)
(0.1064765, 1.012167, 0.3779347)
(0.1059253, 1.011925, 0.378804)
(0.1049614, 1.011519, 0.379817)
(0.10375, 1.011191, 0.3809693)
(0.1022956, 1.010385, 0.382252)
(0.1009421, 1.009779, 0.3834147)
(0.0995245, 1.00941, 0.3847778)
(0.09811687, 1.008805, 0.385972)
(0.09685254, 1.008374, 0.3871031)
(0.09507442, 1.008029, 0.3885999)
(0.09345484, 1.007429, 0.3898892)
(0.09170771, 1.006857, 0.3916302)
(0.09009361, 1.006009, 0.3927178)
(0.08771276, 1.0053, 0.3939495)
(0.08565307, 1.004513, 0.3955333)
(0.08390021, 1.003434, 0.3968234)
(0.08188725, 1.002584, 0.3984277)
(0.07990408, 1.001646, 0.400264)
(0.07816124, 1.000733, 0.4020901)
(0.07648039, 0.9998925, 0.4040625)
(0.0748744, 0.9988782, 0.4063895)
(0.07380748, 0.9977757, 0.4088032)
(0.07278204, 0.996367, 0.4108515)
(0.07216525, 0.99507, 0.4127455)
(0.07129717, 0.9939973, 0.4143696)
(0.07118416, 0.9935534, 0.4161494)
(0.07090116, 0.9932071, 0.4179583)
(0.07106519, 0.9934632, 0.4200189)
(0.07082272, 0.9938141, 0.4226594)
(0.07077599, 0.9947637, 0.4247909)
(0.07056379, 0.995685, 0.426765)
(0.07025003, 0.9966687, 0.4287565)
(0.07016587, 0.9979227, 0.4304492)
(0.07015371, 0.9990513, 0.4322391)
(0.07014513, 1.000452, 0.4343626)
(0.07025909, 1.002128, 0.4365556)
(0.07027531, 1.00399, 0.4389172)
(0.07071662, 1.005749, 0.4411016)
(0.07112646, 1.007384, 0.4434857)
(0.07156754, 1.008725, 0.4457994)
(0.07223177, 1.00984, 0.448184)
(0.07281971, 1.010639, 0.4503736)
(0.07331514, 1.011614, 0.4529757)
(0.07429361, 1.012325, 0.4550242)
(0.07488132, 1.012834, 0.4573133)
(0.07540584, 1.013241, 0.4600582)
(0.07644343, 1.013785, 0.4625201)
(0.07714033, 1.014055, 0.4650197)
(0.07786322, 1.014171, 0.4676056)
(0.07893634, 1.0144, 0.4699478)
(0.07986236, 1.014345, 0.4724681)
(0.08093739, 1.014318, 0.4750764)
(0.08203268, 1.014282, 0.4778647)
(0.08304524, 1.014203, 0.4805632)
(0.08417749, 1.013918, 0.483531)
(0.08543491, 1.013439, 0.4869332)
(0.08678317, 1.012997, 0.4900298)
(0.08813524, 1.012555, 0.4931364)
(0.08986902, 1.012035, 0.496274)
(0.09158778, 1.01137, 0.4995923)
(0.09343386, 1.010698, 0.5029356)
(0.09546542, 1.00983, 0.5069759)
(0.09745789, 1.009168, 0.5107307)
(0.09962893, 1.008519, 0.5148864)
(0.1021841, 1.007872, 0.5191195)
(0.104722, 1.007161, 0.5234149)
(0.1075695, 1.006433, 0.5278032)
(0.1101806, 1.005838, 0.532315)
(0.1132109, 1.005619, 0.537225)
(0.1161203, 1.005496, 0.5420163)
(0.1193957, 1.005886, 0.5473008)
(0.1226103, 1.006313, 0.5521555)
(0.1264048, 1.007371, 0.556957)
(0.130151, 1.009027, 0.5622218)
(0.1345177, 1.011241, 0.567888)
(0.1391518, 1.014742, 0.5731244)
(0.1432798, 1.018844, 0.5787561)
(0.1474302, 1.023778, 0.583818)
(0.1518202, 1.028217, 0.5883253)
(0.1554718, 1.03341, 0.5930037)
(0.159287, 1.039285, 0.5971601)
(0.1631949, 1.045125, 0.6009045)
(0.1669614, 1.051934, 0.6058788)
(0.1702759, 1.058202, 0.6103399)
(0.1730967, 1.064388, 0.6139646)
(0.1762197, 1.070293, 0.618042)
(0.1787376, 1.075567, 0.6217303)
(0.1814413, 1.08089, 0.6258736)
(0.1837633, 1.085777, 0.6286273)
(0.1854906, 1.090025, 0.6315298)
(0.1866126, 1.094379, 0.634649)
(0.1889005, 1.099267, 0.6373167)
(0.1903844, 1.103276, 0.6401219)
(0.1912856, 1.107298, 0.6432505)
(0.1931605, 1.111288, 0.6456764)
(0.1945498, 1.114646, 0.6483889)
(0.1956115, 1.118095, 0.6510782)
(0.1964397, 1.12068, 0.6537249)
(0.197372, 1.123549, 0.6563654)
(0.1981649, 1.126003, 0.6590891)
(0.1988831, 1.128526, 0.6618693)
(0.199712, 1.130579, 0.664747)
(0.2004158, 1.13275, 0.6677189)
(0.2010219, 1.13449, 0.6702135)
(0.2019739, 1.135812, 0.67329)
(0.2027512, 1.136947, 0.6757197)
(0.2034593, 1.137534, 0.6787868)
(0.204325, 1.138515, 0.6819537)
(0.2051125, 1.139094, 0.6850836)
(0.2055228, 1.139799, 0.6883287)
(0.2060623, 1.140208, 0.6916783)
(0.2066424, 1.140329, 0.6948607)
(0.2070966, 1.140371, 0.6983123)
(0.2076116, 1.140188, 0.7017627)
(0.2080526, 1.139887, 0.7051525)
(0.2084217, 1.139717, 0.7086)
(0.2086496, 1.139379, 0.7121806)
(0.2086473, 1.139137, 0.7160289)
(0.2085514, 1.13862, 0.7202289)
(0.2086518, 1.138196, 0.7240713)
(0.2081971, 1.137436, 0.7278185)
(0.2080398, 1.136544, 0.7317162)
(0.2079139, 1.135472, 0.7356296)
(0.2076976, 1.134276, 0.7396257)
(0.2076082, 1.132924, 0.7441082)
(0.207418, 1.131759, 0.7483716)
(0.2068701, 1.1306, 0.7530763)
(0.2063813, 1.128844, 0.7582235)
(0.206017, 1.127304, 0.7627344)
(0.2054677, 1.125768, 0.7673388)
(0.205116, 1.124261, 0.7718279)
(0.2046096, 1.123016, 0.7764666)
(0.2040563, 1.122303, 0.7812366)
(0.2033236, 1.122405, 0.786236)
(0.2026095, 1.122621, 0.7915561)
(0.2018743, 1.123655, 0.7972081)
(0.2005486, 1.124801, 0.8036673)
(0.1993492, 1.126322, 0.8093843)
(0.198467, 1.127495, 0.8144429)
(0.196902, 1.128606, 0.8201194)
(0.1953199, 1.130856, 0.8254378)
(0.1938174, 1.133852, 0.8308983)
(0.1922507, 1.137722, 0.8365533)
(0.1906686, 1.141484, 0.8424747)
(0.1891072, 1.146737, 0.8481843)
(0.1871979, 1.152674, 0.8542144)
(0.1852806, 1.157873, 0.8597033)
(0.1832366, 1.164714, 0.8645172)
(0.181241, 1.170198, 0.8698595)
(0.1793492, 1.176774, 0.8746891)
(0.1775587, 1.183255, 0.8794003)
(0.1760197, 1.189636, 0.8841717)
(0.1746242, 1.195762, 0.8886487)
(0.1736319, 1.201297, 0.8928683)
(0.1724584, 1.207883, 0.897433)
(0.1716504, 1.213101, 0.9013155)
(0.1706278, 1.218246, 0.9052601)
(0.1707392, 1.22329, 0.9077475)
(0.1704195, 1.227613, 0.9105282)
(0.1698427, 1.231951, 0.9136629)
(0.1699128, 1.236568, 0.9161537)
(0.1693749, 1.240836, 0.9191637)
(0.1685863, 1.244997, 0.9225175)
(0.1683276, 1.249391, 0.9255035)
(0.1677818, 1.252585, 0.9282463)
(0.1672623, 1.255362, 0.9309587)
(0.1670959, 1.258201, 0.9334538)
(0.1667552, 1.260001, 0.9356687)
(0.1664128, 1.261689, 0.9380994)
(0.1667449, 1.263331, 0.9400866)
(0.1666996, 1.264859, 0.9422283)
(0.1667268, 1.266298, 0.9445677)
(0.1669512, 1.267842, 0.9468729)
(0.1670189, 1.269198, 0.9490533)
(0.1671693, 1.270365, 0.9512551)
(0.1671033, 1.271324, 0.9535832)
(0.1670933, 1.272123, 0.955549)
(0.1673596, 1.272786, 0.9574585)
(0.167702, 1.273128, 0.9595509)
(0.1679606, 1.273676, 0.9613194)
(0.1681309, 1.274312, 0.9632707)
(0.168328, 1.274643, 0.9653409)
(0.1686423, 1.27509, 0.9669774)
(0.1692538, 1.275329, 0.968467)
(0.1696007, 1.275492, 0.970068)
(0.1701319, 1.275539, 0.9712849)
(0.1706104, 1.275515, 0.9724984)
(0.171061, 1.274951, 0.973737)
(0.1715868, 1.27452, 0.9745545)
(0.1723561, 1.273566, 0.9750531)
(0.173372, 1.272302, 0.9758217)
(0.1742167, 1.270848, 0.9761221)
(0.1751757, 1.269395, 0.9768584)
(0.1762671, 1.267869, 0.9774146)
(0.1775701, 1.265849, 0.9780524)
(0.1788006, 1.263728, 0.9788129)
(0.1802125, 1.261533, 0.979233)
(0.1816463, 1.259452, 0.9796193)
(0.1829963, 1.257819, 0.9800951)
(0.1847901, 1.256508, 0.9800541)
(0.1863089, 1.255638, 0.9801824)
(0.1875432, 1.256206, 0.9803867)
(0.1883767, 1.256157, 0.9811411)
(0.1888449, 1.257107, 0.981791)
(0.1898317, 1.257702, 0.9819696)
(0.1899593, 1.258109, 0.9832516)
(0.1906438, 1.258685, 0.9838762)
(0.1918449, 1.258952, 0.9841099)
(0.1926465, 1.259449, 0.9850545)
(0.1934445, 1.260136, 0.9856036)
(0.1943839, 1.260744, 0.9861264)
(0.1952446, 1.26153, 0.9866004)
(0.1958938, 1.262112, 0.9871666)
(0.1963761, 1.262769, 0.9876823)
(0.1973014, 1.263333, 0.9878299)
(0.1980786, 1.263659, 0.9880803)
(0.1987591, 1.263828, 0.9882095)
(0.199645, 1.264075, 0.9882298)
(0.2000837, 1.264084, 0.9881585)
(0.2005479, 1.264266, 0.9886742)
(0.2011266, 1.26459, 0.9886773)
(0.2012177, 1.264766, 0.9888475)
(0.2012441, 1.265065, 0.9890931)
