(-0.06327675443800906, 0.05749004575853479, 0.044262193627262754)
(-0.06327675443800906, 0.07938937390045953, 0.04636472623582709)
(-0.06327675443800906, 0.10076096153154826, 0.04872065835377508)
(-0.06327675443800906, 0.12160480865180096, 0.05132998998110672)
(-0.06327675443800906, 0.14192091526121764, 0.054192721117822015)
(-0.06327675443800906, 0.16170928135979828, 0.05730885176392097)
(-0.06327675443800906, 0.18096990694754295, 0.06067838191940357)
(-0.06327675443800906, 0.19970279202445157, 0.06430131158426983)
(-0.06327675443800906, 0.21790793659052415, 0.06817764075851974)
(-0.06327675443800906, 0.2355853406457607, 0.07230736944215331)
(-0.06327675443800906, 0.2527350041901613, 0.07669049763517052)
(-0.06327675443800906, 0.26935692722372584, 0.0813270253375714)
(-0.06327675443800906, 0.2854511097464543, 0.08621695254935594)
(-0.06327675443800906, 0.3010175517583468, 0.0913602792705241)
(-0.06327675443800906, 0.3160562532594033, 0.09675700550107594)
(-0.06327675443800906, 0.33056721424962376, 0.10240713124101142)
(-0.06327675443800906, 0.34455043472900815, 0.10831065649033056)
(-0.06327675443800906, 0.3580059146975565, 0.11446758124903336)
(-0.06327675443800906, 0.3709336541552689, 0.1208779055171198)
(-0.06327675443800906, 0.38333365310214534, 0.1275416292945899)
(-0.06327675443800906, 0.39520591153818563, 0.13445875258144366)
(-0.06327675443800906, 0.40655042946338993, 0.14162927537768108)
(-0.06327675443800906, 0.41736720687775825, 0.14905319768330214)
(-0.06327675443800906, 0.4276562437812905, 0.15673051949830685)
(-0.06327675443800906, 0.43741754017398676, 0.16466124082269523)
(-0.06327675443800906, 0.4522386022421636, 0.17809310570140807)
(-0.06327675443800906, 0.46176985196868603, 0.18777254485880035)
(-0.06327675443800906, 0.470664704635333, 0.19773855798073434)
(-0.06327675443800906, 0.47889389045047887, 0.20796661926163773)
(-0.06327675443800906, 0.48643491993269905, 0.2184305210606212)
(-0.06327675443800906, 0.4932696461518509, 0.2291002190401986)
(-0.06327675443800906, 0.4992400947918268, 0.2400544222339829)
(-0.06327675443800906, 0.5043712983521708, 0.2512224829331009)
(-0.06327675443800906, 0.5086898570975075, 0.26253620115456805)
(-0.06327675443800906, 0.5122238399361625, 0.2739298961603929)
(-0.06327675443800906, 0.5150026852987818, 0.2853404779766798)
(-0.06327675443800906, 0.5170571020169548, 0.29670751891273084)
(-0.06327675443800906, 0.518418970201832, 0.3079733250801517)
(-0.06327675443800906, 0.5191212421227467, 0.31908300791195215)
(-0.06327675443800906, 0.5191978430858358, 0.3299845556816506)
(-0.06327675443800906, 0.5186835723126598, 0.3406289050223768)
(-0.06327675443800906, 0.5176140038188237, 0.35097001244597553)
(-0.06327675443800906, 0.5160253872925964, 0.3609649258621088)
(-0.06327675443800906, 0.5139545489735321, 0.3705738560973603)
(-0.06327675443800906, 0.5114387925310918, 0.37976024841433714)
(-0.06327675443800906, 0.5085157999432608, 0.3884908540307744)
(-0.06327675443800906, 0.5052235323751723, 0.3967358016386371)
(-0.06327675443800906, 0.5016001310577258, 0.4044686689232242)
(-0.06327675443800906, 0.4976838181662085, 0.4116665540822713)
(-0.06327675443800906, 0.4935127976989158, 0.41831014734505406)
(-0.06327675443800906, 0.489424199081598, 0.4245442483553917)
(-0.06327675443800906, 0.4853471706932781, 0.4302587522692652)
(-0.06327675443800906, 0.4813352363910964, 0.4354557201612515)
(-0.06327675443800906, 0.47743783756665964, 0.4401415418102585)
(-0.06327675443800906, 0.4736993044033104, 0.44432547930178573)
(-0.06327675443800906, 0.47015770697683934, 0.44802094153621463)
(-0.06327675443800906, 0.4668455079747382, 0.4512435200073814)
(-0.06327675443800906, 0.4637898548475684, 0.45401405651866655)
(-0.06327675443800906, 0.46101311987166244, 0.45635642515480623)
(-0.06327675443800906, 0.45852957316238824, 0.4582961473856904)
(-0.06327675443800906, 0.4563508690157051, 0.4598640737830277)
(-0.06327675443800906, 0.4544831619475131, 0.461092747062143)
(-0.06327675443800906, 0.4529292884395022, 0.4620125079454171)
(-0.06327675443800906, 0.4516880820160639, 0.46265179224586617)
(-0.06327675443800906, 0.4507446072045207, 0.46304552596170373)
(-0.06327675443800906, 0.4500663724563611, 0.46322834661034873)
(-0.06327675443800906, 0.4496164226004759, 0.4632199144061462)
(-0.06327675443800906, 0.44936566073021245, 0.4630439881392703)
(-0.06327675443800906, 0.44929810406704723, 0.46273000522121255)
(-0.06327675443800906, 0.4493943601467151, 0.46231272264130135)
(-0.06327675443800906, 0.4496306558680762, 0.46182142288026434)
(-0.06327675443800906, 0.44997572663698404, 0.46128534653015646)
(-0.06327675443800906, 0.45039986907682267, 0.4607286224860085)
(-0.06327675443800906, 0.45087162588003826, 0.4601748764251764)
(-0.06327675443800906, 0.45136106479005805, 0.4596466441507906)
(-0.06327675443800906, 0.45183837709191754, 0.4591647536584897)
(-0.06327675443800906, 0.45227348789146327, 0.4587483099981234)
(-0.06327675443800906, 0.45263809364385116, 0.458414377857387)
(-0.06327675443800906, 0.4529079200428517, 0.45817876034984173)
(-0.06327675443800906, 0.4530563608557168, 0.4580545551489856)
(-0.06327675443800906, 0.4530563608557168, 0.4580545551489856)
(-0.06327675443800906, 0.4530563608557168, 0.4580545551489856)
(-0.06327675443800906, 0.4530563608557168, 0.4580545551489856)
(-0.06327675443800906, 0.4530563608557168, 0.4580545551489856)
(-0.06327675443800906, 0.4530563608557168, 0.4580545551489856)
(-0.06327675443800906, 0.4530563608557168, 0.4580545551489856)
(-0.06327675443800906, 0.4530563608557168, 0.4580545551489856)
(-0.06327675443800906, 0.4530563608557168, 0.4580545551489856)
(-0.06327675443800906, 0.4530563608557168, 0.4580545551489856)
(-0.06327675443800906, 0.4530563608557168, 0.4580545551489856)
(-0.06327675443800906, 0.4530563608557168, 0.4580545551489856)
(-0.06327675443800906, 0.4530563608557168, 0.4580545551489856)
(-0.06327675443800906, 0.4530563608557168, 0.4580545551489856)
(-0.06327675443800906, 0.4530563608557168, 0.4580545551489856)
(-0.06327675443800906, 0.4530563608557168, 0.4580545551489856)
(-0.06327675443800906, 0.4530563608557168, 0.4580545551489856)
(-0.06327675443800906, 0.4530563608557168, 0.4580545551489856)
(-0.06327675443800906, 0.4530563608557168, 0.4580545551489856)
(-0.06327675443800906, 0.4530563608557168, 0.4580545551489856)
(-0.06327675443800906, 0.4530563608557168, 0.4580545551489856)
(-0.06327675443800906, 0.4530563608557168, 0.4580545551489856)
(-0.06327675443800906, 0.4530563608557168, 0.4580545551489856)
(-0.06327675443800906, 0.4530563608557168, 0.4580545551489856)
(-0.06327675443800906, 0.4530563608557168, 0.4580545551489856)
(-0.06327675443800906, 0.4530563608557168, 0.4580545551489856)
(-0.06327675443800906, 0.4530563608557168, 0.4580545551489856)
(-0.06327675443800906, 0.4530563608557168, 0.4580545551489856)
(-0.06327675443800906, 0.4503571403943063, 0.4565583843088674)
(-0.06327675443800906, 0.4478379223206389, 0.4552643277375279)
(-0.06327675443800906, 0.44555051176735, 0.4541764829088233)
(-0.06327675443800906, 0.4435495535111911, 0.4532979521677406)
(-0.06327675443800906, 0.44189068634721895, 0.4526330102185998)
(-0.06327675443800906, 0.4406285041101427, 0.4521852836777178)
(-0.06327675443800906, 0.43981862715642017, 0.45195969878963727)
(-0.06327675443800906, 0.43951572132140565, 0.4519587927895173)
(-0.06327675443800906, 0.4397683123652005, 0.45218917993535834)
(-0.06327675443800906, 0.440622876558978, 0.4526584295727353)
(-0.06327675443800906, 0.4421235337879826, 0.4533731398321313)
(-0.06327675443800906, 0.4443078944867265, 0.4543409300904191)
(-0.06327675443800906, 0.4472111699872277, 0.4555687650442866)
(-0.06327675443800906, 0.45086737885232125, 0.45705798917299667)
(-0.06327675443800906, 0.4552996655584767, 0.4588147421425679)
(-0.06327675443800906, 0.4605183030852053, 0.4608567691339139)
(-0.06327675443800906, 0.46651937022854917, 0.4632037842805417)
(-0.06327675443800906, 0.4732940607013694, 0.46587135137389013)
(-0.06327675443800906, 0.48082227163466373, 0.4688732188620165)
(-0.06327675443800906, 0.48908428008663035, 0.4722207350748902)
(-0.06327675443800906, 0.49805491038990685, 0.4759242314430069)
(-0.06327675443800906, 0.5077034559870532, 0.47998691755443196)
(-0.06327675443800906, 0.5179941753233275, 0.48441157256956224)
(-0.06327675443800906, 0.5288801033620564, 0.4892043152611348)
(-0.06327675443800906, 0.5403042015306108, 0.4943718303833751)
(-0.06327675443800906, 0.5522049194672454, 0.49992166447441005)
(-0.06327675443800906, 0.5645111386716791, 0.5058593810959743)
(-0.06327675443800906, 0.5771474852882847, 0.5121897185391138)
(-0.06327675443800906, 0.5900313721699644, 0.518910824521996)
(-0.06327675443800906, 0.6030767371424146, 0.526018183628699)
(-0.06327675443800906, 0.6161938412584492, 0.5335026037116511)
(-0.06327675443800906, 0.6292869287451788, 0.5413492906119048)
(-0.06327675443800906, 0.6422590234832991, 0.5495410917423671)
(-0.06327675443800906, 0.655009545278419, 0.5580564350240088)
(-0.06327675443800906, 0.6674339587491652, 0.5668689727298932)
(-0.06327675443800906, 0.6794291636149498, 0.5759490247670636)
(-0.06327675443800906, 0.6908925446004252, 0.5852615540446418)
(-0.06327675443800906, 0.7017228149056334, 0.5947666199751073)
(-0.06327675443800906, 0.7118202210081209, 0.6044186942215081)
(-0.06327675443800906, 0.7210875676802919, 0.6141684238947713)
(-0.06327675443800906, 0.7294325380269898, 0.6239617006365561)
(-0.06327675443800906, 0.7367658708080912, 0.6337397547336058)
(-0.06327675443800906, 0.743003646891572, 0.6434406032074288)
(-0.06327675443800906, 0.7480648786426691, 0.652997595190555)
(-0.06327675443800906, 0.7518696607203879, 0.6623410986176965)
(-0.06327675443800906, 0.7543472638061903, 0.6713974069382121)
(-0.06327675443800906, 0.7554269463188512, 0.6800899807877763)
(-0.06327675443800906, 0.7550400612741083, 0.6883400759578037)
(-0.06327675443800906, 0.7531194704083384, 0.6960296276891748)
(-0.06327675443800906, 0.7496135436734154, 0.7030793400038962)
(-0.06327675443800906, 0.7477681029678651, 0.7112376859112807)
(-0.06327675443800906, 0.7453379160281614, 0.7190844404398271)
(-0.06327675443800906, 0.742396134301801, 0.7265893586648962)
(-0.06327675443800906, 0.7390156669257161, 0.7337267955329104)
(-0.06327675443800906, 0.7352691638327264, 0.7404737948848885)
(-0.06327675443800906, 0.7312296338536844, 0.7468121121204642)
(-0.06327675443800906, 0.726966636326632, 0.7527264492854285)
(-0.06327675443800906, 0.7225461417138088, 0.7582087152263668)
(-0.06327675443800906, 0.7180347553972954, 0.7632515994732265)
(-0.06327675443800906, 0.713494743662093, 0.7678509587147354)
(-0.06327675443800906, 0.708982479419517, 0.7720079269426838)
(-0.06327675443800906, 0.7045513832071183, 0.7757270947397046)
(-0.06327675443800906, 0.7002464254929113, 0.7790182851689517)
(-0.06327675443800906, 0.6961001433530822, 0.7819030728016846)
(-0.06327675443800906, 0.6921409284529673, 0.7844050038893748)
(-0.06327675443800906, 0.6883960438367489, 0.7865396847256158)
(-0.06327675443800906, 0.6848950518709366, 0.7883212234370194)
(-0.06327675443800906, 0.6816614124040673, 0.7897679342613813)
(-0.06327675443800906, 0.6787194578113808, 0.7909003337755622)
(-0.06327675443800906, 0.6760823304523605, 0.791741738971842)
(-0.06327675443800906, 0.6737561443862572, 0.7923167197801935)
(-0.06327675443800906, 0.6717394429364778, 0.792658047736102)
(-0.06327675443800906, 0.6700219682208858, 0.792800895733605)
(-0.06327675443800906, 0.6685913365716963, 0.7927778206060536)
(-0.06327675443800906, 0.6674337184867908, 0.7926197856697441)
(-0.06327675443800906, 0.6665291269440119, 0.7923542840121749)
(-0.06327675443800906, 0.6658574947860295, 0.792006840017289)
(-0.06327675443800906, 0.6653946379665284, 0.7915986196584821)
(-0.06327675443800906, 0.6651163246380687, 0.791151757891358)
(-0.06327675443800906, 0.6649957857317811, 0.7906853534157885)
(-0.06327675443800906, 0.6650047118269907, 0.7902170135911679)
(-0.06327675443800906, 0.6651171741452354, 0.7897639131876171)
(-0.06327675443800906, 0.6648275090294541, 0.7898382127928645)
(-0.06327675443800906, 0.6643106233995145, 0.789964298663753)
(-0.06327675443800906, 0.6638769972385082, 0.7900603667486213)
(-0.06327675443800906, 0.6635266305464351, 0.7901264170474696)
(-0.06327675443800906, 0.6632595233232952, 0.7901624495602977)
(-0.06327675443800906, 0.6630756755690885, 0.7901684642871057)
(-0.06327675443800906, 0.6629750872838149, 0.7901444612278937)
(-0.06327675443800906, 0.6629577584674746, 0.7900904403826615)
(-0.06327675443800906, 0.6630236891200675, 0.7900064017514093)
(-0.06327675443800906, 0.6631728792415934, 0.789892345334137)
(-0.06327675443800906, 0.6634053288320526, 0.7897482711308446)
(-0.06327675443800906, 0.6637210378914451, 0.789574179141532)
(-0.06327675443800906, 0.6641200064197706, 0.7893700693661994)
(-0.06327675443800906, 0.6646022344170294, 0.7891359418048467)
(-0.06327675443800906, 0.6651677218832214, 0.7888717964574739)
(-0.06327675443800906, 0.6658164688183464, 0.7885776333240809)
(-0.06327675443800906, 0.6665484752224048, 0.7882534524046679)
(-0.06327675443800906, 0.6673637410953963, 0.7878992536992347)
(-0.06327675443800906, 0.668262266437321, 0.7875150372077816)
(-0.06327675443800906, 0.6692440512481789, 0.7871008029303083)
(-0.06327675443800906, 0.67030909552797, 0.7866565508668149)
(-0.06327675443800906, 0.6714573992766942, 0.7861822810173014)
(-0.06327675443800906, 0.6726889624943517, 0.7856779933817678)
(-0.06327675443800906, 0.6740037851809423, 0.785143687960214)
(-0.06327675443800906, 0.6754018673364661, 0.7845793647526402)
