0.0110297
0.011023
0.0137585
0.0164358
0.0130748
0.008149
0.0143136
0.0025791
0.0099318
0.0107768
0.013882
0.0083291
0.0108371
0.0119376
0.0139049
0.0082761
0.0108749
0.01101
0.0137851
0.0083003
0.0109392
0.0108849
0.014028
0.0090148
0.0109493
0.0110286
0.013852
0.0080603
0.0111516
0.0109899
0.0139248
0.0090472
0.0110152
0.0110075
0.0109297
0.0140304
0.0079245
0.0110543
0.0110858
0.014051
0.0089293
0.0109642
0.0109484
0.0139347
0.0080769
0.0110199
0.011033
0.0137359
0.0082179
0.0120838
0.0108642
0.0139518
0.008054
0.0111233
0.0109248
0.0139457
0.0081558
0.010967
0.0121311
0.0139114
0.0078053
0.01122
0.0109124
0.0136208
0.0083677
0.0111311
0.0107572
0.0140219
0.009092
0.0112161
0.0107222
