(312.5971, 223.6544, 341.4245)
(311.425, 223.9549, 341.5549)
(308.2134, 217.0762, 342.781)
(307.2319, 212.8232, 343.2274)
(307.3012, 211.7229, 341.4802)
(308.0829, 212.6694, 337.7829)
(310.4817, 215.1737, 331.9099)
(312.5632, 217.151, 327.4327)
(313.486, 220.055, 321.0972)
(314.0986, 221.2722, 318.2575)
(315.0789, 223.0529, 315.4856)
(315.619, 226.6129, 312.9415)
(315.5762, 229.3775, 310.7853)
(315.4133, 231.8334, 310.7343)
(315.6722, 233.0733, 310.162)
(315.735, 233.6761, 309.9456)
(316.0555, 233.6389, 309.6382)
(316.8218, 232.8428, 309.5103)
(317.7902, 231.276, 309.984)
(318.6945, 230.144, 310.5762)
(320.3154, 228.0481, 312.1011)
(323.8224, 227.3591, 311.0204)
(322.9435, 224.9583, 312.8398)
(318.6017, 217.6198, 321.5459)
(307.6391, 211.3878, 331.0133)
(304.6544, 207.9976, 336.3372)
(303.9634, 203.4274, 340.1538)
(312.7357, 212.6717, 329.6132)
