(348.6799, 334.4594, 11.23637)
(353.7771, 334.2872, 8.186908)
(357.523, 327.6985, 7.606238)
(4.993961, 319.7901, 9.863424)
(4.993961, 319.7901, 9.863424)
(1.504776, 315.3574, 18.90368)
(1.504776, 315.3574, 18.90368)
(348.0782, 314.9888, 22.22517)
(334.0646, 319.7774, 20.25622)
(325.7238, 325.7198, 17.89676)
(322.2485, 332.5208, 13.2738)
(321.1049, 338.1411, 8.940395)
(323.4463, 342.2485, 5.224332)
(326.1852, 344.0864, 4.107036)
(329.276, 346.3729, 3.977287)
(330.621, 348.3718, 4.16635)
(330.4048, 349.1601, 4.274656)
(328.1552, 347.0325, 5.42478)
(323.5986, 343.2011, 8.682561)
(318.8184, 337.0623, 14.94221)
(316.1614, 332.095, 19.7302)
(314.0341, 326.3612, 24.55952)
(311.8296, 322.1312, 28.57759)
(310.4578, 319.6746, 31.81626)
(309.0559, 318.1651, 34.32199)
(307.5984, 316.3073, 37.22052)
(306.224, 315.5414, 39.24325)
(305.0081, 314.2417, 41.83139)
(304.5047, 312.7737, 45.01392)
(304.0695, 311.184, 48.11065)
(303.8284, 309.7638, 51.05802)
(303.2471, 307.3625, 54.52848)
(303.3998, 305.3368, 57.75303)
(303.72, 304.393, 60.15248)
(303.1413, 303.4921, 62.10466)
(302.1377, 302.6064, 63.71535)
(301.3565, 300.4296, 66.10149)
(300.4589, 298.579, 67.47755)
(300.3389, 298.2023, 68.38554)
(301.1956, 297.6518, 70.17876)
(301.0966, 295.3649, 73.30537)
(299.9398, 293.1501, 76.27875)
(298.6357, 290.7618, 79.19483)
(296.5377, 289.2589, 80.72968)
(293.7034, 282.8816, 87.70195)
(292.5408, 287.2713, 81.57097)
(295.3513, 303.849, 63.05338)
(295.1056, 312.2505, 54.26424)
(299.2423, 320.4124, 51.60024)
(308.2919, 324.6277, 53.05403)
