(0.03919768, 1.190925, 0.4193673)
(0.03702021, 1.190208, 0.4208372)
(0.03512502, 1.18933, 0.4221079)
(0.03302574, 1.188222, 0.4233665)
(0.03075433, 1.187073, 0.4247808)
(0.02862549, 1.185797, 0.4260716)
(0.02639556, 1.184407, 0.4272819)
(0.02419281, 1.183221, 0.4286289)
(0.02202344, 1.181791, 0.4300628)
(0.02012277, 1.1806, 0.4311523)
(0.01824474, 1.179556, 0.4324605)
(0.01649022, 1.178557, 0.4337256)
(0.01504922, 1.177899, 0.4348068)
(0.01394749, 1.177151, 0.4357448)
(0.01248503, 1.176236, 0.4371066)
(0.01147342, 1.175705, 0.4381263)
(0.01052809, 1.175325, 0.4392943)
(0.009553671, 1.174993, 0.4403715)
(0.008912563, 1.174943, 0.441582)
(0.008178711, 1.175087, 0.4427383)
(0.007456303, 1.175064, 0.4438925)
(0.006949425, 1.175561, 0.4446709)
(0.006556273, 1.176314, 0.445641)
(0.005841732, 1.177064, 0.4469049)
(0.005268812, 1.17783, 0.4481082)
(0.004955053, 1.1784, 0.449228)
(0.00462079, 1.178967, 0.4507735)
(0.004204273, 1.17966, 0.4522219)
(0.003896713, 1.180573, 0.4543016)
(0.003964186, 1.181373, 0.4556978)
(0.003840685, 1.181704, 0.457356)
(0.003654242, 1.181947, 0.4590774)
(0.003906012, 1.182195, 0.4606555)
(0.0038414, 1.182403, 0.4622464)
(0.003622532, 1.182883, 0.4643171)
(0.003923178, 1.183079, 0.4660249)
(0.004075289, 1.183186, 0.4678578)
(0.004223347, 1.183212, 0.4698112)
(0.004325628, 1.183273, 0.4714334)
(0.004488945, 1.183163, 0.473254)
(0.004643917, 1.183126, 0.475152)
(0.004870176, 1.183109, 0.4769189)
(0.005156994, 1.183089, 0.4787638)
(0.00571084, 1.182906, 0.4805181)
(0.006116629, 1.182706, 0.4824429)
(0.006525278, 1.182468, 0.4844091)
(0.007183552, 1.182008, 0.48663)
(0.007934332, 1.181676, 0.4887176)
(0.008670092, 1.18124, 0.4911723)
(0.009355783, 1.180893, 0.4934666)
(0.0103476, 1.180499, 0.4959564)
(0.01111317, 1.180034, 0.4983387)
(0.0118885, 1.179606, 0.5008011)
(0.01262307, 1.17921, 0.5031629)
(0.01348853, 1.178688, 0.5056875)
(0.01554132, 1.17774, 0.5100558)
(0.01696277, 1.177311, 0.5132999)
(0.01800823, 1.177142, 0.5163665)
(0.01945925, 1.176883, 0.5196388)
(0.02136993, 1.176356, 0.5237684)
(0.02336287, 1.175477, 0.5271277)
(0.02485108, 1.174706, 0.5309823)
(0.02644539, 1.173738, 0.5354028)
(0.02861834, 1.173115, 0.5398757)
(0.03154469, 1.17261, 0.5448229)
(0.03400826, 1.172001, 0.5493603)
(0.03626585, 1.171434, 0.5539963)
(0.03890681, 1.170825, 0.5588732)
(0.0417614, 1.169916, 0.5637815)
(0.0442903, 1.169155, 0.5689349)
(0.04730344, 1.168771, 0.5743811)
(0.05034304, 1.168617, 0.5799925)
(0.05374861, 1.168871, 0.5857527)
(0.05754614, 1.169262, 0.5919888)
(0.06101561, 1.16968, 0.5979316)
(0.06475139, 1.170547, 0.6040838)
(0.06883574, 1.171579, 0.6102815)
(0.07304955, 1.173105, 0.616688)
(0.07728338, 1.174601, 0.6231117)
(0.0818522, 1.176745, 0.6295137)
(0.0865016, 1.179403, 0.6359019)
(0.09119225, 1.182428, 0.6426525)
(0.09658647, 1.186164, 0.649354)
(0.1012905, 1.18966, 0.6557093)
(0.1061339, 1.193968, 0.6619289)
(0.1106534, 1.198294, 0.6676514)
(0.1145637, 1.202934, 0.6736052)
(0.1186662, 1.20806, 0.6794827)
(0.1229124, 1.21295, 0.6851759)
(0.1265242, 1.218266, 0.6906762)
(0.1303301, 1.223326, 0.6962624)
(0.1344001, 1.228089, 0.701798)
(0.1379218, 1.23276, 0.7066839)
(0.1408923, 1.236556, 0.7117)
(0.1431816, 1.24033, 0.716666)
(0.1458921, 1.244264, 0.7204914)
(0.1483283, 1.247975, 0.7247803)
(0.150336, 1.251824, 0.7287581)
(0.1529665, 1.255991, 0.732152)
(0.1553261, 1.260123, 0.7355075)
(0.1577618, 1.264755, 0.7392099)
(0.1601832, 1.268942, 0.7425077)
(0.1623945, 1.272848, 0.745779)
(0.1644456, 1.276381, 0.7489884)
(0.1664097, 1.279464, 0.7522187)
(0.1682658, 1.282474, 0.755266)
(0.1702111, 1.285529, 0.758359)
(0.17187, 1.288241, 0.7611811)
(0.1735876, 1.290995, 0.7638721)
(0.1751306, 1.293819, 0.7670395)
(0.1768076, 1.29638, 0.7697875)
(0.1781561, 1.298616, 0.7726057)
(0.1794231, 1.300801, 0.7756824)
(0.1804242, 1.302035, 0.7785261)
(0.1815505, 1.303572, 0.7812467)
(0.1824999, 1.304736, 0.7842278)
(0.183459, 1.305655, 0.7871335)
(0.1844242, 1.306663, 0.7897916)
(0.1853695, 1.307534, 0.7930415)
(0.1862478, 1.30829, 0.7960517)
(0.1870041, 1.308929, 0.7990887)
(0.1878285, 1.30954, 0.8020566)
(0.1884065, 1.309925, 0.8049829)
(0.1889234, 1.310283, 0.8080168)
(0.1893964, 1.310595, 0.8112428)
(0.1897442, 1.310494, 0.8145506)
(0.190094, 1.310527, 0.8177907)
(0.1906266, 1.310672, 0.8213875)
(0.1908727, 1.310652, 0.8246145)
(0.1911831, 1.310564, 0.8280244)
(0.1915503, 1.310386, 0.8313565)
(0.1915727, 1.31, 0.8349073)
(0.1916356, 1.309595, 0.838531)
(0.1916761, 1.30906, 0.8421164)
(0.1915646, 1.308448, 0.8458626)
(0.191328, 1.307762, 0.8495891)
(0.1909511, 1.306923, 0.8535414)
(0.1908767, 1.306433, 0.8570435)
(0.1903849, 1.305708, 0.860888)
(0.190197, 1.305038, 0.8648307)
(0.1896605, 1.304676, 0.8689187)
(0.1891263, 1.304328, 0.873117)
(0.1886518, 1.303946, 0.8773525)
(0.1877117, 1.303662, 0.8820367)
(0.1865752, 1.303441, 0.8868566)
(0.185221, 1.303281, 0.8923628)
(0.184041, 1.302998, 0.8974385)
(0.1824317, 1.303076, 0.9027812)
(0.1811547, 1.3031, 0.9078238)
(0.179621, 1.303576, 0.9132075)
(0.1779845, 1.304263, 0.91868)
(0.176301, 1.305157, 0.9240677)
(0.174541, 1.306152, 0.92957)
(0.1723945, 1.307501, 0.9353714)
(0.1701384, 1.309358, 0.9415796)
(0.1675653, 1.31121, 0.9473336)
(0.1654549, 1.313397, 0.9531097)
(0.1631479, 1.316285, 0.9588146)
(0.160732, 1.319493, 0.9644074)
(0.157959, 1.322359, 0.970372)
(0.1556323, 1.326291, 0.9758284)
(0.1533813, 1.330695, 0.9815023)
(0.1511896, 1.335417, 0.98685)
(0.1490459, 1.340722, 0.9925284)
(0.1471009, 1.345651, 0.9977522)
(0.1452327, 1.350592, 1.002672)
(0.1435184, 1.355258, 1.00769)
(0.1420529, 1.359693, 1.012378)
(0.1405714, 1.364045, 1.017002)
(0.1392674, 1.368094, 1.021333)
(0.1383593, 1.372277, 1.025355)
(0.13743, 1.376006, 1.02902)
(0.1362398, 1.380326, 1.033268)
(0.1356478, 1.384343, 1.036465)
(0.1349397, 1.387824, 1.039419)
(0.1336279, 1.391821, 1.043214)
(0.133105, 1.394571, 1.045476)
(0.1322203, 1.397524, 1.048212)
(0.1308756, 1.4004, 1.050943)
(0.1299977, 1.402922, 1.053313)
(0.1292737, 1.405498, 1.055287)
(0.1280775, 1.408349, 1.05778)
(0.1273127, 1.410877, 1.059889)
(0.1264949, 1.413249, 1.061914)
(0.1257379, 1.415272, 1.063788)
(0.1249516, 1.41725, 1.065578)
(0.1240108, 1.419137, 1.067636)
(0.1236548, 1.420609, 1.069342)
(0.1230416, 1.422357, 1.071012)
(0.122365, 1.423876, 1.072801)
(0.122174, 1.425296, 1.074642)
(0.1219893, 1.426582, 1.076196)
(0.1215804, 1.427673, 1.077802)
(0.121547, 1.428648, 1.079348)
(0.1215403, 1.429604, 1.080986)
(0.1214075, 1.430739, 1.082446)
(0.1217566, 1.431437, 1.083762)
(0.1218743, 1.43242, 1.085266)
(0.1215975, 1.43333, 1.086675)
(0.1219041, 1.433991, 1.088091)
(0.1223013, 1.434558, 1.089704)
(0.1225386, 1.435096, 1.091193)
(0.1228771, 1.435479, 1.092419)
(0.1234775, 1.435853, 1.093866)
(0.1238511, 1.436306, 1.095109)
(0.1244442, 1.436604, 1.096323)
(0.1252079, 1.436957, 1.0976)
(0.1258574, 1.437288, 1.09881)
(0.1267571, 1.437545, 1.099906)
(0.1276555, 1.437913, 1.100951)
(0.1282907, 1.438147, 1.101845)
(0.1295407, 1.438065, 1.102478)
(0.1307299, 1.438079, 1.103403)
(0.1315241, 1.438042, 1.104198)
(0.1330206, 1.437666, 1.104471)
(0.1343813, 1.437445, 1.104984)
(0.1356401, 1.437309, 1.105269)
(0.1372209, 1.437151, 1.105632)
(0.1389375, 1.437095, 1.105858)
(0.1403518, 1.437358, 1.106047)
(0.1420243, 1.437876, 1.106363)
(0.1436751, 1.438897, 1.10693)
(0.1450229, 1.440346, 1.107447)
(0.1466758, 1.441739, 1.107969)
(0.1479442, 1.442694, 1.108894)
(0.1490674, 1.443401, 1.109802)
(0.1509078, 1.443492, 1.110747)
(0.1523068, 1.443711, 1.11163)
(0.1537716, 1.443504, 1.112481)
(0.1552389, 1.443609, 1.113282)
(0.156868, 1.44384, 1.113528)
(0.1582253, 1.444019, 1.113982)
(0.1595159, 1.444274, 1.114542)
(0.1608028, 1.444448, 1.114988)
(0.1620193, 1.444593, 1.115284)
(0.1633823, 1.444665, 1.115547)
(0.1645303, 1.444667, 1.115996)
(0.1654625, 1.444757, 1.116287)
(0.1665282, 1.444796, 1.116569)
(0.1676064, 1.4449, 1.116903)
(0.1685166, 1.444916, 1.117262)
(0.1693881, 1.444922, 1.117667)
(0.1704237, 1.44511, 1.117998)
(0.1711397, 1.445169, 1.118381)
(0.1719966, 1.445278, 1.118767)
(0.1728086, 1.445345, 1.119064)
(0.1733499, 1.445209, 1.119605)
(0.1741648, 1.44522, 1.119796)
(0.1751258, 1.445398, 1.119907)
(0.175863, 1.445414, 1.120111)
(0.1767898, 1.445319, 1.12019)
(0.1777112, 1.445453, 1.12023)
(0.1784356, 1.445464, 1.120387)
(0.1792507, 1.445465, 1.120509)
(0.1798205, 1.445518, 1.12042)
(0.1803081, 1.445561, 1.120534)
(0.1809614, 1.445566, 1.120589)
