(347.9302, 307.4897, 345.7469)
(347.9302, 307.4897, 345.7469)
(353.8123, 311.114, 353.4917)
(355.6292, 309.274, 0.3260835)
(358.3237, 304.6829, 6.409993)
(345.4938, 305.6298, 8.16091)
(351.6993, 306.4156, 8.572237)
(352.7024, 307.9461, 9.921415)
(351.9798, 305.391, 11.50972)
(350.9807, 300.1776, 14.78537)
(348.9367, 298.1649, 15.71097)
(348.9367, 298.1649, 15.71097)
(345.8108, 297.4962, 15.401)
(343.7433, 297.8255, 14.17669)
(339.4559, 296.7087, 12.15783)
(337.3505, 295.9295, 10.81422)
(330.3076, 296.2929, 5.507277)
(324.0773, 297.3669, 2.620001)
(320.057, 297.7826, 1.463597)
(316.4818, 300.6646, 357.8206)
(315.2229, 302.6851, 355.3752)
(315.2229, 302.6851, 355.3752)
(309.9875, 307.8586, 348.8246)
(307.9558, 311.0609, 343.78)
(307.9558, 311.0609, 343.78)
(306.5688, 311.319, 341.746)
(304.4217, 311.3828, 336.7691)
(303.3506, 309.96, 332.7653)
(304.0145, 310.1137, 329.6464)
(307.4162, 312.8771, 326.7095)
(307.4162, 312.8771, 326.7095)
