(-136.2993, 2.289534, 44.60504)
(-135.6552, 3.510594, 45.62907)
(-135.1945, 6.244898, 47.51085)
(-135.3462, 9.306836, 49.38545)
(-134.0928, 14.14165, 52.37579)
(-132.5426, 17.64182, 53.77448)
(-131.1618, 21.37735, 55.60851)
(-130.6528, 23.16721, 56.56465)
(-130.6528, 23.16721, 56.56465)
(-129.7189, 26.88552, 58.42612)
(-129.7189, 26.88552, 58.42612)
(-128.2954, 32.26205, 61.22538)
(-127.9388, 33.8503, 62.04908)
(-127.5613, 35.20226, 62.93394)
(-127.0518, 36.62884, 63.88287)
(-126.7622, 37.71403, 64.67192)
(-126.3722, 38.91656, 65.51102)
(-126.0316, 39.52198, 66.28509)
(-125.5369, 39.83631, 67.05618)
(-125.2894, 40.20174, 67.71492)
(-124.8587, 40.37889, 68.44981)
(-124.6958, 40.35935, 69.05204)
(-124.5025, 40.0082, 69.65993)
(-124.2151, 39.55545, 70.32124)
(-124.0168, 38.1087, 71.35525)
(-123.8471, 35.67474, 72.16163)
(-123.8471, 35.67474, 72.16163)
(-123.8228, 34.20881, 72.48776)
(-123.7566, 32.88554, 72.8707)
(-123.8339, 31.28442, 73.22581)
(-124.0201, 29.86032, 73.67052)
(-124.2884, 28.53447, 74.18419)
(-124.5377, 26.9078, 74.64324)
(-124.8723, 25.16433, 75.01023)
(-125.2065, 23.35131, 75.26794)
(-125.1849, 21.38807, 75.69046)
(-125.2976, 19.54699, 76.00113)
(-125.4366, 16.26351, 76.69998)
(-125.8338, 14.60011, 76.92297)
(-126.1571, 13.18328, 77.24493)
(-126.2622, 11.71455, 77.44047)
(-126.2814, 10.41443, 77.50578)
(-126.3408, 9.033227, 77.45161)
(-126.1123, 7.720995, 77.46389)
(-126.0106, 6.48756, 77.4743)
(-126.0253, 5.272365, 77.33756)
(-125.9649, 4.293585, 77.22181)
(-126.12, 3.469992, 77.07062)
(-126.396, 3.045344, 76.91676)
(-126.5632, 2.371073, 76.81416)
(-127.0061, 1.549721, 76.31118)
(-126.983, 1.11208, 76.0496)
