(-3122.701, 727.9203, 1010.487)
(4.973463, 68.46552, 13.70849)
(0, 0, 0)
(-0.2758369, 153.6505, 42.15133)
(-2.493136, 67.97779, 10.50129)
(0, 0, 0)
(11.25038, 103.1689, 6.27383)
(-5.387908, 70.59924, 8.2988)
(0, 0, 0)
(-23.9783, 171.5653, 26.84478)
(-32.42869, 93.07109, 11.17439)
(-36.58106, 68.01485, 4.001759)
(0, 0, 0)
(-98.77021, 139.1229, -1.155862)
(-94.05114, 90.31796, 3.382012)
(-98.42457, 82.12051, 2.538592)
(0, 0, 0)
(-214.8107, 141.625, 17.45667)
(-82.56386, 40.27048, 0.6681837)
(-156.1331, 61.70684, -1.754564)
(-218.3292, 89.04138, -16.58904)
(-159.5464, 68.23008, -13.01855)
(0, 0, 0)
(-353.888, 150.3797, -25.82085)
(-216.0518, 80.13596, -2.285052)
(-180.3862, 55.69256, 6.122809)
(0, 0, 0)
(-363.9493, 98.26021, 21.35843)
(-106.1374, 39.36022, 3.587456)
(-341.1176, 105.7839, 10.80565)
(-101.6019, 31.49051, 0.9595504)
(-167.0054, 41.86231, -1.823351)
(-208.3115, 52.85596, 5.604116)
(-141.8557, 21.99551, 4.688114)
(0, 0, 0)
(-287.6136, 28.62135, 17.8515)
(-155.4688, 10.68834, 6.396546)
(-105.0713, 21.5536, 3.447403)
(0, 0, 0)
(-233.1581, 23.93493, 3.980443)
(-110.0775, -1.209861, 0.7586451)
(-94.62392, -7.978594, -2.311117)
(0, 0, 0)
(-182.5064, -27.3056, 0.6239555)
(-78.29215, -17.98356, -10.06944)
(-56.74898, -13.33363, -10.39873)
(0, 0, 0)
(-121.4455, -34.27516, -17.6814)
(-54.85154, -18.11339, -11.13754)
(-45.76884, -18.56392, -5.776717)
(0, 0, 0)
(-79.97667, -60.74124, -22.86991)
(0, 0, 0)
(-55.26281, -44.78502, -20.47227)
(-22.35656, -26.04752, -11.34734)
(0, 0, 0)
(-9.484067, -16.8837, -7.001656)
(-28.7216, -85.82869, -24.81971)
(-11.85755, -18.96078, -16.81937)
(-21.03557, -37.08387, -1.783401)
(-11.28598, -27.54492, 1.049247)
