0.0102944
0.0110368
0.015842
0.0061185
0.0112335
0.0108148
0.015528
0.0074144
0.0112517
0.0114024
0.0157721
0.006059
0.010605
0.0109609
0.0156758
0.0072419
0.0110189
0.0110777
0.016172
0.0062381
0.0105679
0.0110492
0.0158468
0.0110683
0.0069607
0.0110422
0.0155981
0.0064159
0.011011
0.0109938
0.0156134
0.0064845
0.0119428
0.0109327
0.0157698
0.0087409
0.0085736
0.0111236
0.0163713
0.0064879
0.0099122
0.0120698
0.015465
0.0064409
0.0110803
0.0110384
0.0154851
0.0064095
0.011117
0.0109436
0.0163106
0.011129
0.0065259
0.0110425
0.0153352
