(1.445578, 1.738115, 0.9493411)
(1.44681, 1.737831, 0.949801)
(1.448269, 1.737431, 0.9500573)
(1.449807, 1.737061, 0.950398)
(1.451121, 1.736804, 0.9507506)
(1.452642, 1.736498, 0.9510756)
(1.454306, 1.736095, 0.9517107)
(1.455772, 1.735715, 0.9524083)
(1.457413, 1.735233, 0.9528737)
(1.459301, 1.73477, 0.9536006)
(1.461058, 1.734269, 0.9541783)
(1.462861, 1.733814, 0.9544382)
(1.464956, 1.733328, 0.9549906)
(1.46683, 1.732965, 0.9555473)
(1.468801, 1.732544, 0.9557214)
(1.471277, 1.732068, 0.9562075)
(1.473128, 1.731752, 0.9565091)
(1.475151, 1.731224, 0.9570332)
(1.477662, 1.730655, 0.9574919)
(1.479803, 1.730039, 0.9575629)
(1.48204, 1.729518, 0.957984)
(1.484479, 1.729031, 0.9584174)
(1.486594, 1.728598, 0.9589915)
(1.488772, 1.727937, 0.9595809)
(1.491044, 1.727258, 0.9601226)
(1.49347, 1.726328, 0.9604993)
(1.496034, 1.72548, 0.9609556)
(1.498545, 1.724594, 0.961539)
(1.500644, 1.723999, 0.962343)
(1.502883, 1.723018, 0.9630189)
(1.505458, 1.722012, 0.9636955)
(1.507464, 1.721149, 0.9644361)
(1.509411, 1.72007, 0.9648943)
(1.511231, 1.719062, 0.9654748)
(1.513125, 1.71808, 0.9660542)
(1.514947, 1.717044, 0.9666703)
(1.516664, 1.716204, 0.9673018)
(1.518331, 1.715301, 0.967793)
(1.519873, 1.714678, 0.9681425)
(1.521491, 1.713951, 0.968586)
(1.522761, 1.713284, 0.9688611)
(1.523871, 1.712471, 0.9694104)
(1.524782, 1.712158, 0.9695282)
(1.52606, 1.711561, 0.9694979)
(1.527078, 1.711417, 0.9696474)
(1.527881, 1.711447, 0.9698606)
(1.528887, 1.711465, 0.9702222)
(1.529425, 1.711635, 0.9708161)
(1.530025, 1.71203, 0.9713721)
(1.530497, 1.712415, 0.97174)
(1.530985, 1.712916, 0.9724212)
(1.531567, 1.713326, 0.9731069)
(1.532115, 1.7137, 0.9739156)
(1.532439, 1.71419, 0.97474)
(1.532633, 1.714674, 0.9756958)
(1.532809, 1.715145, 0.9766386)
(1.532956, 1.715737, 0.9775574)
(1.533047, 1.716161, 0.9785404)
(1.532961, 1.716607, 0.979665)
(1.533022, 1.717096, 0.9805634)
(1.53294, 1.717383, 0.9816985)
(1.532811, 1.71774, 0.9827704)
(1.532795, 1.718214, 0.983892)
(1.532541, 1.718541, 0.9851701)
(1.532283, 1.718848, 0.9863217)
(1.53198, 1.719174, 0.9877312)
(1.531791, 1.719528, 0.9891009)
(1.531564, 1.719782, 0.9907057)
(1.531224, 1.720008, 0.9922366)
(1.530795, 1.72021, 0.9940426)
(1.530373, 1.720345, 0.9959178)
(1.529769, 1.72044, 0.9977884)
(1.529389, 1.720522, 0.9996877)
(1.528901, 1.720512, 1.001705)
(1.528431, 1.720588, 1.003833)
(1.527991, 1.720622, 1.00598)
(1.527334, 1.720651, 1.008339)
(1.526654, 1.720535, 1.010827)
(1.526035, 1.720394, 1.013374)
(1.525195, 1.72036, 1.015945)
(1.524344, 1.720114, 1.01895)
(1.523724, 1.719821, 1.021895)
(1.522752, 1.719652, 1.024823)
(1.521777, 1.719244, 1.028202)
(1.521202, 1.718938, 1.031391)
(1.520077, 1.718724, 1.034927)
(1.518836, 1.718313, 1.038245)
(1.518336, 1.717943, 1.041682)
(1.516759, 1.717783, 1.045318)
(1.515274, 1.717237, 1.049606)
(1.514667, 1.716807, 1.053634)
(1.513138, 1.716382, 1.057134)
(1.511508, 1.716071, 1.061624)
(1.510768, 1.715749, 1.065734)
(1.509077, 1.715414, 1.070357)
(1.507049, 1.714753, 1.074521)
(1.50588, 1.713706, 1.079109)
(1.50383, 1.712777, 1.083293)
(1.501463, 1.712028, 1.088592)
(1.499352, 1.711358, 1.093523)
(1.495862, 1.711481, 1.099152)
(1.493145, 1.711238, 1.104438)
(1.490544, 1.71108, 1.10956)
(1.487507, 1.71146, 1.115233)
(1.484989, 1.711499, 1.1206)
(1.482345, 1.711709, 1.126132)
(1.479582, 1.711998, 1.131867)
(1.476686, 1.712301, 1.137667)
(1.47338, 1.712452, 1.144555)
(1.470195, 1.712858, 1.150876)
(1.4666, 1.713244, 1.157516)
(1.463556, 1.713768, 1.163809)
(1.459928, 1.714684, 1.170479)
(1.456152, 1.71583, 1.177155)
(1.453009, 1.717109, 1.183676)
(1.44904, 1.719091, 1.190543)
(1.444426, 1.721411, 1.197778)
(1.440478, 1.72408, 1.204554)
(1.436266, 1.728591, 1.211431)
(1.4319, 1.732642, 1.217963)
(1.427364, 1.738139, 1.225032)
(1.422756, 1.744667, 1.231978)
(1.418092, 1.751755, 1.239251)
(1.413153, 1.75804, 1.246584)
(1.408044, 1.76642, 1.253801)
(1.402757, 1.774091, 1.261949)
(1.397985, 1.782114, 1.268939)
(1.393436, 1.789531, 1.275518)
(1.389182, 1.796483, 1.281755)
(1.385086, 1.80323, 1.287457)
(1.381246, 1.809769, 1.292474)
(1.377882, 1.81632, 1.29742)
(1.374445, 1.82343, 1.301871)
(1.371097, 1.829688, 1.305829)
(1.367544, 1.836346, 1.309856)
(1.364157, 1.842766, 1.312858)
(1.360675, 1.848758, 1.316096)
(1.35762, 1.854434, 1.318854)
(1.354754, 1.860152, 1.320711)
(1.351879, 1.865903, 1.323076)
(1.349779, 1.871513, 1.325086)
(1.347635, 1.877296, 1.326745)
(1.345453, 1.882896, 1.328546)
(1.343935, 1.888715, 1.330088)
(1.342064, 1.894145, 1.331525)
(1.340377, 1.89948, 1.332819)
(1.338584, 1.904814, 1.333661)
(1.337058, 1.909946, 1.334855)
(1.336057, 1.915265, 1.335563)
(1.334544, 1.920565, 1.336255)
(1.333554, 1.926061, 1.336928)
(1.33287, 1.9312, 1.337463)
(1.33249, 1.936178, 1.337572)
(1.331995, 1.940939, 1.338081)
(1.331311, 1.9458, 1.338673)
(1.330767, 1.949929, 1.33902)
(1.330929, 1.954248, 1.338967)
(1.330729, 1.958493, 1.339196)
(1.329908, 1.962752, 1.339753)
(1.330361, 1.966344, 1.339599)
(1.330202, 1.970055, 1.339899)
(1.329706, 1.974256, 1.34051)
(1.329807, 1.977275, 1.340859)
(1.329903, 1.980281, 1.341209)
(1.329332, 1.982927, 1.342042)
(1.329792, 1.98578, 1.342096)
(1.330052, 1.988011, 1.342551)
(1.329373, 1.990324, 1.34355)
(1.329559, 1.992538, 1.344057)
(1.329805, 1.994238, 1.344726)
(1.329196, 1.996294, 1.34596)
(1.329406, 1.99804, 1.346704)
(1.326681, 2.000674, 1.349514)
(1.326882, 2.00149, 1.350526)
(1.32445, 2.003315, 1.353075)
(1.325332, 2.003589, 1.353428)
(1.325446, 2.004639, 1.354465)
(1.324761, 2.005546, 1.35601)
(1.325466, 2.005804, 1.357106)
(1.325692, 2.006508, 1.358533)
(1.325301, 2.007106, 1.360245)
(1.326022, 2.00713, 1.361587)
(1.326527, 2.007078, 1.362942)
(1.326322, 2.007396, 1.364681)
(1.327266, 2.00705, 1.365888)
(1.328188, 2.00701, 1.367495)
(1.328175, 2.007118, 1.369404)
(1.329274, 2.00675, 1.370898)
(1.330238, 2.00656, 1.373011)
(1.330643, 2.006437, 1.374882)
(1.331896, 2.006023, 1.376688)
(1.333135, 2.005687, 1.378742)
(1.334291, 2.005386, 1.381026)
(1.335293, 2.005204, 1.383851)
(1.336635, 2.004941, 1.38657)
(1.337902, 2.00455, 1.389546)
(1.339619, 2.004153, 1.39252)
(1.341686, 2.003762, 1.396188)
(1.343474, 2.003427, 1.399568)
(1.345562, 2.00313, 1.40327)
(1.348005, 2.00257, 1.407006)
(1.350083, 2.001847, 1.410935)
(1.35268, 2.000686, 1.415008)
(1.355415, 1.999221, 1.419195)
(1.357626, 1.998102, 1.423175)
(1.360224, 1.996971, 1.427056)
(1.362902, 1.996007, 1.431335)
(1.365842, 1.995043, 1.435275)
(1.368365, 1.994054, 1.439067)
(1.371068, 1.992993, 1.443217)
(1.373429, 1.991024, 1.447492)
(1.375752, 1.989949, 1.451615)
(1.378412, 1.988406, 1.455976)
(1.381891, 1.98695, 1.459742)
(1.384156, 1.986232, 1.464389)
(1.387555, 1.984784, 1.468937)
(1.390454, 1.983227, 1.47327)
(1.393755, 1.98186, 1.477415)
(1.397228, 1.98055, 1.48155)
(1.400617, 1.979296, 1.48561)
(1.404251, 1.978303, 1.489555)
(1.408045, 1.977588, 1.493536)
(1.411756, 1.977024, 1.497381)
(1.415493, 1.976737, 1.501144)
(1.420106, 1.977332, 1.505319)
(1.424114, 1.977437, 1.509103)
(1.428476, 1.978506, 1.512742)
(1.433035, 1.98003, 1.516574)
(1.437489, 1.981088, 1.520547)
(1.442473, 1.984067, 1.524468)
(1.447485, 1.986809, 1.528615)
(1.452727, 1.990212, 1.532937)
(1.457829, 1.993414, 1.537007)
(1.464555, 1.999608, 1.542133)
(1.470464, 2.005495, 1.546467)
(1.47651, 2.011634, 1.550873)
(1.482645, 2.018224, 1.555775)
(1.48908, 2.023319, 1.559786)
(1.494812, 2.029678, 1.563999)
(1.500385, 2.035866, 1.568757)
(1.50577, 2.040947, 1.572292)
(1.510573, 2.046069, 1.575769)
(1.51538, 2.051961, 1.580552)
(1.519165, 2.056573, 1.583842)
(1.523335, 2.061368, 1.586764)
(1.526622, 2.066568, 1.591055)
(1.53048, 2.07194, 1.593973)
(1.533566, 2.0759, 1.595689)
(1.535909, 2.080581, 1.599332)
(1.5387, 2.085453, 1.601327)
(1.541224, 2.089564, 1.602801)
(1.54412, 2.094144, 1.60448)
(1.545561, 2.098728, 1.606811)
(1.547725, 2.103535, 1.607482)
(1.549682, 2.107628, 1.608249)
(1.550495, 2.112373, 1.609859)
(1.552091, 2.116618, 1.610361)
(1.553874, 2.120944, 1.611078)
(1.554892, 2.125605, 1.612114)
(1.556473, 2.130094, 1.612622)
(1.554274, 2.136103, 1.614589)
(1.554263, 2.140678, 1.615857)
(1.555623, 2.145207, 1.616242)
(1.556833, 2.149807, 1.616495)
(1.554743, 2.155139, 1.61818)
(1.555569, 2.159677, 1.618169)
(1.556491, 2.164222, 1.618234)
(1.555262, 2.169429, 1.618949)
(1.555912, 2.17403, 1.61873)
(1.554579, 2.179645, 1.619411)
(1.555036, 2.184175, 1.619116)
(1.555516, 2.188563, 1.618864)
(1.555873, 2.19275, 1.618527)
(1.554092, 2.197519, 1.619529)
(1.554152, 2.20132, 1.619057)
(1.551859, 2.205894, 1.619762)
(1.551341, 2.209765, 1.619489)
(1.551197, 2.213273, 1.618984)
(1.551077, 2.217081, 1.618466)
(1.546546, 2.221661, 1.620266)
(1.546138, 2.224579, 1.619789)
(1.545641, 2.227305, 1.619313)
(1.545925, 2.23023, 1.618279)
(1.54547, 2.233073, 1.617809)
(1.544587, 2.235045, 1.617407)
(1.543648, 2.236944, 1.617006)
(1.543961, 2.239058, 1.615629)
(1.542844, 2.241039, 1.615037)
(1.542836, 2.242878, 1.613612)
(1.541837, 2.244655, 1.613022)
(1.540649, 2.245952, 1.612383)
(1.540245, 2.24719, 1.610868)
(1.538961, 2.248443, 1.610204)
(1.537312, 2.249328, 1.609269)
(1.536555, 2.250261, 1.607294)
(1.534989, 2.251326, 1.606113)
(1.533225, 2.252341, 1.60469)
(1.533156, 2.25271, 1.602694)
(1.531485, 2.253724, 1.601497)
(1.529674, 2.254714, 1.600351)
(1.528714, 2.255478, 1.598606)
(1.527215, 2.256245, 1.597222)
(1.525141, 2.2572, 1.59617)
(1.52394, 2.257541, 1.594338)
(1.521898, 2.258244, 1.593231)
(1.519644, 2.258893, 1.591965)
(1.518898, 2.259772, 1.589918)
(1.516925, 2.261852, 1.588826)
(1.51493, 2.263885, 1.587943)
(1.513533, 2.265043, 1.586365)
(1.511525, 2.267034, 1.585853)
(1.509512, 2.268729, 1.585338)
(1.508151, 2.269342, 1.584085)
(1.506048, 2.270615, 1.583481)
(1.503884, 2.272133, 1.582655)
(1.502644, 2.273126, 1.580895)
(1.500762, 2.274499, 1.580106)
(1.499328, 2.275609, 1.578749)
(1.497821, 2.276833, 1.577773)
(1.495962, 2.277877, 1.577326)
(1.494717, 2.278593, 1.57646)
(1.493002, 2.279181, 1.576069)
(1.491106, 2.279915, 1.575735)
(1.489798, 2.280191, 1.574954)
(1.488516, 2.281083, 1.574134)
(1.486846, 2.281529, 1.573716)
(1.48624, 2.281649, 1.572396)
(1.485135, 2.282222, 1.571574)
(1.483675, 2.282626, 1.571102)
(1.482864, 2.282941, 1.570301)
(1.482209, 2.283287, 1.569589)
(1.480912, 2.283646, 1.569206)
(1.480283, 2.283719, 1.568268)
(1.479344, 2.28394, 1.567768)
(1.478238, 2.284256, 1.567388)
(1.477714, 2.284559, 1.566598)
(1.477059, 2.284917, 1.565957)
(1.476014, 2.285302, 1.565597)
(1.474933, 2.28569, 1.565256)
(1.473921, 2.286113, 1.565101)
(1.473471, 2.286188, 1.564418)
(1.472531, 2.286543, 1.564243)
(1.471758, 2.286818, 1.564094)
(1.471091, 2.287016, 1.563998)
(1.471082, 2.286649, 1.563116)
