(-50.61463, 1.553702, 37.31655)
(-51.71757, 2.062941, 37.45744)
(-53.00381, 2.552629, 37.55305)
(-56.14755, 3.675342, 37.56342)
(-64.73491, 4.904079, 38.02986)
(-68.88087, 4.594779, 38.58511)
(-70.90232, 4.566979, 38.94999)
(-73.07122, 4.491901, 39.22897)
(-77.28717, 4.100823, 39.82845)
(-79.46174, 3.808379, 40.23669)
(-81.52373, 3.574848, 40.65693)
(-83.58426, 3.357053, 41.12838)
(-85.60619, 3.294611, 41.54527)
(-87.54437, 3.157306, 41.84327)
(-89.35742, 3.078794, 42.11152)
(-94.13857, 2.78945, 42.40146)
(-95.4109, 2.697515, 42.408)
(-97.73252, 2.404356, 42.54171)
(-98.62425, 2.333617, 42.70778)
(-99.47202, 2.219868, 42.83286)
(-100.2648, 2.216172, 42.97404)
(-101.2543, 2.109337, 43.27438)
(-101.8684, 1.821208, 43.35369)
(-101.8684, 1.821208, 43.35369)
(-102.2278, 1.540637, 43.42017)
(-102.761, 1.122665, 43.41679)
