(0.700985762298643, 1.1113151842533942, 0.654109349484163)
(0.700985762298643, 1.1105932692067602, 0.6541780571343615)
(0.700985762298643, 1.1098940369009147, 0.6542831814199834)
(0.700985762298643, 1.1092174873358578, 0.6544247223410288)
(0.700985762298643, 1.1085636205115896, 0.6546026798974975)
(0.700985762298643, 1.10793243642811, 0.6548170540893897)
(0.700985762298643, 1.1073239350854192, 0.6550678449167052)
(0.700985762298643, 1.1067381164835168, 0.6553550523794441)
(0.700985762298643, 1.106174980622403, 0.6556786764776065)
(0.700985762298643, 1.105634527502078, 0.6560387172111922)
(0.700985762298643, 1.1051167571225415, 0.6564351745802014)
(0.700985762298643, 1.1046216694837938, 0.656868048584634)
(0.700985762298643, 1.1041492645858346, 0.6573373392244899)
(0.700985762298643, 1.103699542428664, 0.6578430464997692)
(0.700985762298643, 1.103272503012282, 0.658385170410472)
(0.700985762298643, 1.1028681463366887, 0.6589637109565981)
(0.700985762298643, 1.1024864724018841, 0.6595786681381477)
(0.700985762298643, 1.1021274812078679, 0.6602300419551206)
(0.700985762298643, 1.1017911727546406, 0.660917832407517)
(0.700985762298643, 1.1014775470422016, 0.6616420394953367)
(0.700985762298643, 1.1011866040705514, 0.6624026632185799)
(0.700985762298643, 1.10091834383969, 0.6631997035772464)
(0.700985762298643, 1.100672766349617, 0.6640331605713363)
(0.700985762298643, 1.1004498716003326, 0.6649030342008497)
(0.700985762298643, 1.100249659591837, 0.6658093244657864)
(0.700985762298643, 1.0998324289422439, 0.6671157466201539)
(0.700985762298643, 1.0995577274999362, 0.6679934187451535)
(0.700985762298643, 1.0993164098557058, 0.6689065140288074)
(0.700985762298643, 1.0991106893749365, 0.6698521312643846)
(0.700985762298643, 1.098944014567244, 0.670833153221115)
(0.700985762298643, 1.0988193501441677, 0.6718620982932305)
(0.700985762298643, 1.0987389037018598, 0.6729313402066918)
(0.700985762298643, 1.0987071877883985, 0.6740548348509227)
(0.700985762298643, 1.0987278701922438, 0.6752334317932301)
(0.700985762298643, 1.0988000897114751, 0.6764673418316918)
(0.700985762298643, 1.0989226922114748, 0.6777688821057303)
(0.700985762298643, 1.0990941046633975, 0.679150695403807)
(0.700985762298643, 1.0993110916345523, 0.6806051122018839)
(0.700985762298643, 1.0995649477403209, 0.682127937211499)
(0.700985762298643, 1.0998620300480133, 0.6837325290624602)
(0.700985762298643, 1.100184549182629, 0.6854193207355375)
(0.700985762298643, 1.1005276484133977, 0.6871790253557296)
(0.700985762298643, 1.100892902836475, 0.6890044343749602)
(0.700985762298643, 1.1012718407210906, 0.690910303173037)
(0.700985762298643, 1.1016592447114748, 0.6928991799134214)
(0.700985762298643, 1.102042586490321, 0.694977085447075)
(0.700985762298643, 1.102420901057629, 0.6971446656922671)
(0.700985762298643, 1.1027849251922441, 0.6994076118316903)
(0.700985762298643, 1.1031226811057053, 0.7017565382980365)
(0.700985762298643, 1.103427625144167, 0.7041825348028441)
(0.700985762298643, 1.1036884840383978, 0.7066867662884204)
(0.700985762298643, 1.1038868365864747, 0.70925000920669)
(0.700985762298643, 1.104001921490321, 0.7118987677691895)
(0.700985762298643, 1.10403598759609, 0.7146492433701512)
(0.700985762298643, 1.103964340528783, 0.7174935166826509)
(0.700985762298643, 1.1037784619230138, 0.7204505218653432)
(0.700985762298643, 1.103459072355705, 0.7235364276201506)
(0.700985762298643, 1.102998482836475, 0.7267322168316888)
(0.700985762298643, 1.1024116257210907, 0.730059776221112)
(0.700985762298643, 1.1016669349037824, 0.733531209259573)
(0.700985762298643, 1.1007729220191669, 0.7371182006682264)
(0.700985762298643, 1.0997424468749368, 0.7408782768268801)
(0.700985762298643, 1.0985861929807057, 0.7448038713557261)
(0.700985762298643, 1.0973848049999364, 0.7488674702163028)
(0.700985762298643, 1.0961444206730138, 0.7531134447932257)
(0.700985762298643, 1.0949047463460906, 0.7575379827114946)
(0.700985762298643, 1.0937278689903214, 0.7621227881105329)
(0.700985762298643, 1.0926514575960904, 0.7668816787066864)
(0.700985762298643, 1.0917051501441677, 0.7718142039374555)
(0.700985762298643, 1.0909130012018604, 0.7769302655432245)
(0.700985762298643, 1.0903482105287836, 0.7822401157643778)
(0.700985762298643, 1.0900594788460913, 0.7877203016201471)
(0.700985762298643, 1.090054621442245, 0.7933830899999538)
(0.700985762298643, 1.090372406971091, 0.7992125346826459)
(0.700985762298643, 1.0910349154326293, 0.8051910070191843)
(0.700985762298643, 1.092043271057629, 0.8113251800047611)
(0.700985762298643, 1.0934211155287827, 0.8175669300624531)
(0.700985762298643, 1.0952061749037827, 0.8239014155287984)
(0.700985762298643, 1.0973761044230137, 0.8303207116682212)
(0.700985762298643, 1.099977904519167, 0.8367976896441824)
(0.700985762298643, 1.1030211927403213, 0.8433090531105281)
(0.700985762298643, 1.1065049435576284, 0.849848945716297)
(0.700985762298643, 1.1104428480768587, 0.8563819034518738)
(0.700985762298643, 1.1148325346153198, 0.8628910246730273)
(0.700985762298643, 1.1196581312499354, 0.8693652889855268)
(0.700985762298643, 1.124912411201858, 0.8757672981201419)
(0.700985762298643, 1.130598361394166, 0.8820805120095646)
(0.700985762298643, 1.1366790912018567, 0.8882728981778333)
(0.700985762298643, 1.1431650681249341, 0.8943454578076406)
(0.700985762298643, 1.1500141922114722, 0.9002822529134095)
(0.700985762298643, 1.1572132116345486, 0.9060583507787934)
(0.700985762298643, 1.1647376693749327, 0.9116693326586011)
(0.700985762298643, 1.1725462543268554, 0.9171158550768701)
(0.700985762298643, 1.18060316283647, 0.9223750803653312)
(0.700985762298643, 1.1888591870191618, 0.9274316658364848)
(0.700985762298643, 1.1972980974518541, 0.9322767306009074)
(0.700985762298643, 1.205858599615315, 0.9369056077114843)
(0.700985762298643, 1.214508849615314, 0.9413249664470609)
(0.700985762298643, 1.2232003986537752, 0.9455398801441762)
(0.700985762298643, 1.2318757557691598, 0.9495561096441759)
(0.700985762298643, 1.2404702548556976, 0.9533829421585988)
(0.700985762298643, 1.2489346577403126, 0.9570522104759066)
(0.700985762298643, 1.257219438798005, 0.9605683011778291)
(0.700985762298643, 1.265256576298004, 0.9639218681778285)
(0.700985762298643, 1.273021422980696, 0.9671455376778288)
(0.700985762298643, 1.2804766291345415, 0.9702370357835979)
(0.700985762298643, 1.2875897637499258, 0.9732089472595592)
(0.700985762298643, 1.294343756346079, 0.9761091901153283)
(0.700985762298643, 1.300711506538386, 0.9789258954903277)
(0.700985762298643, 1.306700615961463, 0.9816798356009048)
(0.700985762298643, 1.3123208744230008, 0.9844211219759049)
(0.700985762298643, 1.3175950868749242, 0.9871101064326354)
(0.700985762298643, 1.3225379431730009, 0.9897782852595581)
(0.700985762298643, 1.3271161452403084, 0.9924640900624426)
(0.700985762298643, 1.3313879801441542, 0.9951382561826349)
(0.700985762298643, 1.335359244134538, 0.997844964644173)
(0.700985762298643, 1.3390085379326144, 1.0006161901201347)
(0.700985762298643, 1.3423274721153071, 1.0034465719182117)
(0.700985762298643, 1.345319312884537, 1.0063540499422496)
(0.700985762298643, 1.3480006298556917, 1.0093462200768653)
(0.700985762298643, 1.3503385568268451, 1.0124122354278264)
(0.700985762298643, 1.3523283960095374, 1.015573555956672)
(0.700985762298643, 1.353980829999922, 1.0188242170335953)
(0.700985762298643, 1.355292370432614, 1.0221541952066713)
(0.700985762298643, 1.3562483240383831, 1.0255967058605175)
(0.700985762298643, 1.3568793633172294, 1.029124929148979)
(0.700985762298643, 1.3571479331729988, 1.0327325259951328)
(0.700985762298643, 1.3570971204326139, 1.0364479097259014)
(0.700985762298643, 1.356756046682614, 1.0402663411826323)
(0.700985762298643, 1.3561470113460758, 1.0441894972499401)
(0.700985762298643, 1.355305725384537, 1.0482474738460932)
(0.700985762298643, 1.354240956297999, 1.052427059798016)
(0.700985762298643, 1.3529801803364603, 1.0567156175287855)
(0.700985762298643, 1.3515569067787676, 1.0611558001585926)
(0.700985762298643, 1.3500342706249226, 1.065752640211477)
(0.700985762298643, 1.348486072980692, 1.0705077815720534)
(0.700985762298643, 1.3469594369229994, 1.0754311035912842)
(0.700985762298643, 1.345516310769153, 1.0805459729470528)
(0.700985762298643, 1.3441968720191528, 1.0858436428508986)
(0.700985762298643, 1.3430523804326149, 1.0912975584422442)
(0.700985762298643, 1.3421306706249228, 1.0969316127307056)
(0.700985762298643, 1.3414359505768454, 1.1027421707691671)
(0.700985762298643, 1.3410201333172298, 1.1086942917307057)
(0.700985762298643, 1.3409305837018453, 1.1147791004326284)
(0.700985762298643, 1.3411843529326146, 1.1210045900480121)
(0.700985762298643, 1.3418013114903073, 1.127322519999935)
(0.700985762298643, 1.3427971135576142, 1.1337032521633958)
(0.700985762298643, 1.3441760417787683, 1.140151620096088)
(0.700985762298643, 1.3459554739903068, 1.1466265562499338)
(0.700985762298643, 1.3481528538460756, 1.1531175909614724)
(0.700985762298643, 1.3507628695672296, 1.1596047875960867)
(0.700985762298643, 1.3538091538460753, 1.166061488701856)
(0.700985762298643, 1.3572994971633832, 1.1724588191345473)
(0.700985762298643, 1.3612389122595372, 1.178777968076855)
(0.700985762298643, 1.3656080549037675, 1.1849803785576243)
(0.700985762298643, 1.3704189146153054, 1.191070932115316)
(0.700985762298643, 1.3756679557691514, 1.1970251691345466)
(0.700985762298643, 1.381349804567228, 1.2028016399999306)
(0.700985762298643, 1.3874292954806893, 1.2083982318749305)
(0.700985762298643, 1.393881074422996, 1.2137734862018532)
(0.700985762298643, 1.4007091051441498, 1.2189192830287763)
(0.700985762298643, 1.4078738752883806, 1.2238359513941603)
(0.700985762298643, 1.4153491600479948, 1.2285081125480057)
(0.700985762298643, 1.4230933872595333, 1.2329277390864668)
(0.700985762298643, 1.4310820895191483, 1.2371155818749282)
(0.700985762298643, 1.4392400289903013, 1.24104978278839)
(0.700985762298643, 1.4475420998076085, 1.2447220648556978)
(0.700985762298643, 1.4559282189903007, 1.248137853221082)
(0.700985762298643, 1.4643413714903002, 1.2512926301922354)
(0.700985762298643, 1.4727449296152997, 1.2541820371153123)
(0.700985762298643, 1.481087837067222, 1.2568185995672356)
(0.700985762298643, 1.4893137315864522, 1.2592036757691583)
(0.700985762298643, 1.4973852261537597, 1.2613378886537727)
(0.700985762298643, 1.5052515491345277, 1.26325524682685)
(0.700985762298643, 1.512893824086451, 1.2649417126441578)
(0.700985762298643, 1.520271218846066, 1.2664159479806962)
(0.700985762298643, 1.5274019384133735, 1.2677328144230033)
(0.700985762298643, 1.5342306345191419, 1.2688758001441574)
(0.700985762298643, 1.5407862992787575, 1.2698794890864658)
(0.700985762298643, 1.5470328794710648, 1.270776072115311)
(0.700985762298643, 1.5529605568749103, 1.271572491394157)
(0.700985762298643, 1.5586036455768333, 1.2722950403364648)
(0.700985762298643, 1.5639666130287557, 1.2729967231249262)
(0.700985762298643, 1.569065376634525, 1.273671089759542)
(0.700985762298643, 1.5739073109133703, 1.2743288927403111)
(0.700985762298643, 1.5784833135576017, 1.2749954802403107)
(0.700985762298643, 1.5827814832210623, 1.2756742111537727)
(0.700985762298643, 1.586816246874908, 1.2763657523556957)
(0.700985762298643, 1.5905666209614466, 1.2770647924037724)
(0.700985762298643, 1.5940478187499083, 1.2778101380768496)
(0.700985762298643, 1.5972431570191383, 1.2785708929326185)
(0.700985762298643, 1.6001818289902925, 1.2793321202403107)
(0.700985762298643, 1.6028465680287538, 1.280111792644157)
(0.700985762298643, 1.6052297545191383, 1.2809021187980032)
(0.700985762298643, 1.607354415240292, 1.2816675935095414)
(0.700985762298643, 1.6092214629325994, 1.2824289227883867)
(0.700985762298643, 1.610863590144138, 1.2832194059133875)
(0.700985762298643, 1.612280350961446, 1.2840039818749256)
(0.700985762298643, 1.6134616687979837, 1.284790997499926)
(0.700985762298643, 1.6144265640383684, 1.2855756035576185)
(0.700985762298643, 1.6152017327402912, 1.2863488154326184)
(0.700985762298643, 1.6157753351922146, 1.2871111577883874)
(0.700985762298643, 1.6161553864422142, 1.2878690179806949)
(0.700985762298643, 1.616363447644138, 1.288611831249926)
(0.700985762298643, 1.6164266997595222, 1.2893489740864643)
(0.700985762298643, 1.6163623051441378, 1.290071082980695)
(0.700985762298643, 1.6161896244229834, 1.2907508568749255)
(0.700985762298643, 1.6159280986537532, 1.2914090305768486)
(0.700985762298643, 1.6156114060575988, 1.292035668413387)
(0.700985762298643, 1.61528042682683, 1.2926350342306945)
(0.700985762298643, 1.6149119560095222, 1.2932232943749251)
(0.700985762298643, 1.6145304473075994, 1.2937845448556946)
(0.700985762298643, 1.6141483512979835, 1.2943159623076173)
(0.700985762298643, 1.6137627117306763, 1.294831009951848)
(0.700985762298643, 1.6133557111537529, 1.2953190127403091)
(0.700985762298643, 1.6129641400479846, 1.295782745096079)
(0.700985762298643, 1.6125656021152914, 1.296229597355694)
(0.700985762298643, 1.6121716680287532, 1.2966468559614637)
(0.700985762298643, 1.6117912980768294, 1.2970451036056947)
(0.700985762298643, 1.6114074737979842, 1.2974314973076175)
(0.700985762298643, 1.6110275941345222, 1.2978070687499255)
(0.700985762298643, 1.6106552232691382, 1.298171500432618)
(0.700985762298643, 1.6102970528364455, 1.2985295297114638)
(0.700985762298643, 1.6099561335575998, 1.2988809417306941)
(0.700985762298643, 1.6096327112499076, 1.2992179849999246)
(0.700985762298643, 1.6093409965383687, 1.2995431357691558)
(0.700985762298643, 1.6090902277402912, 1.2998607690383863)
(0.700985762298643, 1.6088884995191375, 1.3001782814903087)
(0.700985762298643, 1.608726755432599, 1.3004867411537708)
(0.700985762298643, 1.6086150775960606, 1.3007965071153098)
(0.700985762298643, 1.60854455182683, 1.3011032373076168)
(0.700985762298643, 1.6085110765864452, 1.301410007403771)
(0.700985762298643, 1.6085165587018297, 1.3017179453845398)
(0.700985762298643, 1.60856283745183, 1.3020192567787714)
(0.700985762298643, 1.6086463757691383, 1.3023188975480016)
(0.700985762298643, 1.608755970528753, 1.302610999374925)
(0.700985762298643, 1.6088949691825998, 1.3028949878364637)
(0.700985762298643, 1.6090538424037533, 1.3031636986056936)
(0.700985762298643, 1.6092307555287535, 1.3034207785095409)
(0.700985762298643, 1.6092352483073236, 1.3035017190876355)
(0.700985762298643, 1.6092471319036852, 1.3036503417670149)
(0.700985762298643, 1.609262879552591, 1.3037812864775145)
(0.700985762298643, 1.6092824912540407, 1.3038945532191342)
(0.700985762298643, 1.6093059670080345, 1.303990141991874)
(0.700985762298643, 1.6093333068145725, 1.304068052795734)
(0.700985762298643, 1.6093645106736545, 1.3041282856307141)
(0.700985762298643, 1.6093995785852808, 1.3041708404968144)
(0.700985762298643, 1.609438510549451, 1.3041957173940348)
(0.700985762298643, 1.6094813065661653, 1.3042029163223754)
(0.700985762298643, 1.6095279666354239, 1.304192437281836)
(0.700985762298643, 1.6095784907572264, 1.3041642802724172)
(0.700985762298643, 1.609632878931573, 1.3041184452941181)
(0.700985762298643, 1.6096911311584636, 1.3040549323469393)
(0.700985762298643, 1.6097532474378986, 1.3039737414308805)
(0.700985762298643, 1.6098192277698775, 1.303874872545942)
(0.700985762298643, 1.6098890721544006, 1.3037583256921235)
(0.700985762298643, 1.6099627805914676, 1.3036241008694252)
(0.700985762298643, 1.6100403530810787, 1.303472198077847)
(0.700985762298643, 1.610121789623234, 1.303302617317389)
(0.700985762298643, 1.6102070902179335, 1.303115358588051)
(0.700985762298643, 1.610296254865177, 1.3029104218898333)
(0.700985762298643, 1.6103892835649645, 1.3026878072227357)
(0.700985762298643, 1.6104861763172962, 1.3024475145867582)
(0.700985762298643, 1.610586933122172, 1.302189543981901)
