0.2025013
0.1704438
0.1555621
0.1376513
0.1352637
0.1285391
0.1467453
0.11621
0.08535327
0.07080764
0.07671978
0.1060685
0.0693789
0.05912282
0.05192536
0.05143692
0.04243409
0.04503406
0.06524041
0.08601531
0.09185325
0.08634314
0.08417586
0.07979307
0.07661887
0.07238766
0.06567583
0.06355573
0.06920247
0.06099034
0.06024167
0.05924205
0.05668088
0.05487967
0.05690707
0.05681046
0.05089159
0.05679403
0.05433878
0.05175317
0.04814898
0.04356934
0.04536928
0.0512481
0.05217982
0.05291228
0.05788051
0.05519988
0.06258299
0.05970689
0.05698817
MSE 0.07641911
total_moving_Distance 0.4456384