(0, 0, 0)
(-0.001496300000000006, -0.00020599999999992846, 0.000612000000000279)
(-0.0026032, -0.00029799999999990945, 0.0013100000000001444)
(-0.004454299999999994, 0.0012889999999998736, 0.002355000000000107)
(-0.005981399999999998, 0.0021969999999997825, 0.0030689999999999884)
(-0.005981399999999998, 0.0021969999999997825, 0.0030689999999999884)
(-0.008894099999999988, 0.001831000000000138, 0.0047280000000000655)
(-0.01072419999999999, 0.0013009999999997746, 0.005425000000000235)
(-0.012212799999999996, 0.0014940000000001064, 0.006304000000000087)
(-0.013878599999999991, 0.00208800000000009, 0.006855999999999973)
(-0.015856499999999996, 0.0022679999999999367, 0.007672000000000345)
(-0.017542399999999986, 0.0024319999999997677, 0.008611000000000146)
(-0.0198411, 0.0023699999999999832, 0.009411000000000058)
(-0.022290199999999982, 0.0023610000000000575, 0.010380000000000056)
(-0.024943500000000007, 0.00277499999999975, 0.012040000000000273)
(-0.028211399999999998, 0.0033729999999998483, 0.014094000000000051)
(-0.03211639999999999, 0.003858000000000139, 0.01678700000000033)
(-0.0360366, 0.00439899999999982, 0.020213000000000036)
(-0.040165199999999984, 0.00478999999999985, 0.023961000000000343)
(-0.04539499999999999, 0.005097000000000129, 0.029736000000000207)
(-0.05056089999999999, 0.004814000000000096, 0.036290000000000155)
(-0.056319199999999986, 0.004763999999999768, 0.04386200000000029)
(-0.06225449999999999, 0.004814000000000096, 0.051431000000000004)
(-0.068704, 0.005008999999999819, 0.060947000000000084)
(-0.0759518, 0.006476000000000148, 0.07221000000000011)
(-0.08303289999999999, 0.009878999999999749, 0.0839850000000002)
(-0.0896761, 0.012128000000000139, 0.09552300000000002)
(-0.09616643999999999, 0.01413999999999982, 0.10678200000000038)
(-0.10344589, 0.016506999999999827, 0.11857400000000018)
(-0.11058158, 0.017066999999999943, 0.1291610000000003)
(-0.11536392, 0.010251999999999928, 0.14038600000000034)
(-0.11856301, 0.0005560000000000009, 0.14979600000000026)
(-0.11818783999999999, -0.01145800000000019, 0.15884500000000035)
(-0.11778949, -0.022766000000000064, 0.1705110000000003)
(-0.11799757999999999, -0.03357699999999997, 0.18023600000000028)
(-0.12031312999999999, -0.036548000000000025, 0.19088100000000008)
(-0.12189375999999999, -0.04029400000000005, 0.2007340000000002)
(-0.12629768, -0.040391999999999983, 0.21103400000000017)
(-0.13220567, -0.03902099999999997, 0.2210890000000001)
(-0.13980288, -0.036766000000000076, 0.23003799999999996)
(-0.14743464, -0.03330600000000006, 0.23932200000000003)
(-0.14550235, -0.040934999999999944, 0.25638000000000005)
(-0.14648804999999998, -0.046659000000000006, 0.26568900000000006)
(-0.15639561, -0.04304700000000006, 0.2774730000000001)
(-0.16418067, -0.038354, 0.29303500000000016)
(-0.16965851999999998, -0.036105000000000054, 0.30708800000000025)
(-0.17720536, -0.03276800000000013, 0.3235140000000003)
(-0.185182983, -0.030788999999999955, 0.33948)
(6.0889289, -0.02886600000000006, 0.3567170000000002)
(6.0806489, -0.027861000000000136, 0.37330200000000024)
(6.075141899999999, -0.03011699999999995, 0.3899370000000002)
(6.0685689, -0.03156300000000001, 0.4073920000000002)
(6.062948899999999, -0.03177500000000011, 0.4237730000000002)
(6.058150899999999, -0.03101799999999999, 0.4389190000000003)
(6.0527709, -0.03161000000000014, 0.45376400000000006)
(6.0462149, -0.02941600000000011, 0.46780299999999997)
(6.0408409, -0.027179000000000064, 0.48056500000000035)
(6.0361289, -0.02723399999999998, 0.4922590000000002)
(6.0324019, -0.02770600000000001, 0.5041030000000002)
(6.0309569, -0.027967999999999993, 0.5142990000000003)
(6.0308459, -0.029970000000000052, 0.5236880000000004)
(6.0304109, -0.03135100000000013, 0.5302280000000001)
(6.0279799, -0.02909700000000015, 0.534821)
(6.0262959, -0.025992000000000015, 0.5400470000000004)
(6.0257969, -0.02393500000000004, 0.5415420000000002)
(6.026462899999999, -0.024463000000000124, 0.542211)
(6.0300199, -0.0261340000000001, 0.54074)
(6.0328969, -0.026540000000000008, 0.53918)
(6.0387208999999995, -0.02569100000000013, 0.53287)
(6.0413749, -0.024445999999999968, 0.5275970000000001)
(6.0440539, -0.02276199999999995, 0.5195910000000001)
(6.0488399, -0.021228999999999942, 0.5109730000000003)
(6.0540278999999995, -0.021123000000000003, 0.5023940000000002)
(6.0606319, -0.020418999999999965, 0.4907460000000001)
(6.067453899999999, -0.01850200000000002, 0.4778640000000003)
(6.0739249, -0.015454000000000079, 0.46414)
(6.0794739, -0.011808999999999958, 0.45062700000000033)
(6.0851389, -0.007986999999999966, 0.43498300000000034)
(-0.189812442, -0.006655999999999995, 0.41744400000000015)
(-0.18084707, -0.007000000000000117, 0.3999410000000001)
(-0.17255168999999998, -0.0064910000000000245, 0.3820170000000003)
(-0.16515488, -0.005457999999999963, 0.36505100000000024)
(-0.15750377, -0.004923000000000233, 0.34744300000000017)
(-0.14956247, -0.004853999999999914, 0.3296520000000003)
(-0.14096144, -0.005203999999999986, 0.3119940000000003)
(-0.13315806, -0.005415999999999865, 0.29506699999999997)
(-0.1260037, -0.004607000000000028, 0.27800800000000025)
(-0.11832327, -0.0021130000000000315, 0.2594210000000001)
(-0.11075254, 0.0031249999999998224, 0.24274700000000005)
(-0.10227206, 0.006451999999999902, 0.22726500000000005)
(-0.09497501, 0.00749399999999989, 0.211322)
(-0.0880845, 0.009370999999999796, 0.19445400000000035)
(-0.0798139, 0.00990499999999983, 0.1793300000000002)
(-0.07173009999999999, 0.01076800000000011, 0.16534100000000018)
(-0.0644922, 0.010072000000000081, 0.1507310000000004)
(-0.05494289999999999, 0.007651000000000074, 0.13667600000000002)
(-0.045804999999999985, 0.004642000000000035, 0.12202100000000016)
(-0.03754579999999999, -1.100000000020529e-05, 0.10726900000000006)
(-0.0313957, -0.003747000000000167, 0.09337799999999996)
(-0.02595220000000001, -0.005456000000000127, 0.08022799999999997)
(-0.022913099999999992, -0.005392000000000063, 0.06704100000000013)
(-0.0203633, -0.0033050000000001134, 0.054077000000000375)
(-0.016378299999999985, -0.0016940000000000843, 0.04194600000000026)
(-0.010645500000000002, -0.003626999999999825, 0.028172000000000086)
(-0.006082799999999999, -0.010889999999999844, 0.016073000000000004)
(-0.0032737999999999934, -0.02090600000000009, 0.003446999999999978)
(-0.0005547999999999942, -0.030667, -0.007829999999999782)
(0.00038650000000001183, -0.04346300000000003, -0.014642999999999962)
(0.001795800000000014, -0.052742999999999984, -0.023308999999999802)
(0.0023768000000000122, -0.059150000000000036, -0.02884500000000001)
(0.0034722000000000086, -0.06268000000000007, -0.03526399999999974)
(0.005010700000000007, -0.06535599999999997, -0.04014699999999971)
(0.004536000000000012, -0.06905099999999997, -0.04515199999999986)
(0.0010176000000000074, -0.07721, -0.04952199999999962)
(-0.00517129999999999, -0.08381700000000003, -0.05163099999999998)
(-0.013121599999999983, -0.08718099999999995, -0.0503849999999999)
(-0.016864600000000007, -0.08515099999999998, -0.04892299999999983)
(-0.0185844, -0.07565599999999995, -0.04465199999999969)
(-0.019536899999999996, -0.0744530000000001, -0.04000199999999987)
(-0.020685399999999993, -0.08172099999999993, -0.03391199999999994)
(-0.023447400000000007, -0.08546399999999998, -0.028565999999999647)
(-0.020726699999999987, -0.09236400000000011, -0.020740999999999676)
(-0.025461299999999992, -0.09246599999999994, -0.027076999999999796)
(-0.04164689999999999, -0.08234399999999997, -0.02411899999999978)
(-0.031096299999999993, -0.11726400000000003, -0.017725999999999686)
(-0.0205495, -0.11051900000000003, -0.031411999999999995)
(-0.018854700000000002, -0.10965500000000006, -0.02543699999999971)
(-0.011582499999999996, -0.13049100000000013, -0.025977999999999835)
(-0.009654200000000002, -0.11847699999999994, -0.02125699999999986)
(-0.015427999999999997, -0.09489900000000007, -0.013353999999999644)
(-0.0194965, -0.0651520000000001, -0.009358999999999895)
(-0.031043299999999996, -0.042652000000000134, 0.006769000000000247)
(-0.026917400000000008, -0.07101899999999994, 0.015296000000000198)
(-0.016478699999999985, -0.10737400000000008, 0.021457999999999977)
(-0.01368359999999999, -0.12783900000000004, 0.026305000000000245)
(-0.011966299999999985, -0.14239200000000007, 0.03246500000000019)
(-0.007370999999999989, -0.16108600000000006, 0.037352000000000274)
(-0.005393099999999984, -0.1703110000000001, 0.0404340000000003)
(-0.004690499999999986, -0.16928300000000007, 0.040672000000000263)
(-0.0044359999999999955, -0.16419099999999998, 0.04288000000000025)
(-0.008558099999999985, -0.14663500000000007, 0.04534600000000033)
(-0.0088385, -0.14201900000000012, 0.04867100000000013)
(-0.007142900000000008, -0.15082400000000007, 0.049286000000000385)
(-0.002646399999999993, -0.16614700000000004, 0.05025100000000027)
(0.001933199999999996, -0.1764000000000001, 0.05011600000000005)
(0.005462700000000015, -0.1810830000000001, 0.04930600000000007)
(0.010836700000000005, -0.17594299999999996, 0.04855900000000002)
(0.008928999999999992, -0.17869099999999993, 0.04822199999999999)
(0.007364399999999993, -0.17631600000000014, 0.048410000000000064)
(0.007806300000000016, -0.170744, 0.04703500000000016)
(0.010870400000000002, -0.1670370000000001, 0.047052000000000316)
(0.013776900000000009, -0.16570700000000005, 0.04583200000000032)
(0.017159200000000013, -0.16572600000000004, 0.04501600000000039)
(0.019301600000000002, -0.16658400000000007, 0.04428500000000035)
(0.02139830000000001, -0.16360700000000006, 0.044805000000000206)
(0.022355000000000014, -0.1592420000000001, 0.04576000000000002)
(0.023088200000000003, -0.15437000000000012, 0.04658400000000018)
(0.024000500000000008, -0.14952199999999993, 0.04742100000000038)
(0.025649300000000014, -0.14813300000000007, 0.0473410000000003)
(0.029009800000000002, -0.1486780000000001, 0.04524700000000026)
(0.031093300000000018, -0.15679200000000004, 0.039537000000000155)
(0.03421550000000001, -0.16070600000000002, 0.03616400000000031)
(0.03531000000000001, -0.15958899999999998, 0.03633400000000009)
(0.038795899999999994, -0.1588560000000001, 0.03390899999999997)
(0.0402024, -0.15804299999999993, 0.03424700000000014)
(0.041090299999999996, -0.15512000000000015, 0.033978000000000286)
(0.0413278, -0.1511690000000001, 0.0338510000000003)
(0.04126289999999999, -0.1437330000000001, 0.03478700000000012)
(0.041248300000000016, -0.13519900000000007, 0.03532000000000002)
(0.041671700000000006, -0.13079799999999997, 0.03695100000000018)
(0.043549599999999994, -0.1295980000000001, 0.03752100000000036)
(0.04509640000000001, -0.13026000000000004, 0.038212000000000135)
(0.045844899999999994, -0.13031700000000002, 0.03832300000000011)
(0.04517180000000001, -0.1251930000000001, 0.04120800000000013)
(0.044532900000000014, -0.1230500000000001, 0.04175200000000023)
(0.04438249999999999, -0.12054100000000001, 0.042354)
(0.04376089999999999, -0.117151, 0.04425300000000032)
(0.0438354, -0.11584700000000003, 0.04537199999999997)
(0.04443659999999999, -0.11474200000000012, 0.04653600000000013)
(0.043670000000000014, -0.11125000000000007, 0.048116999999999965)
(0.04328470000000001, -0.10868999999999995, 0.04876800000000037)
(0.04197000000000001, -0.10425200000000001, 0.050133000000000205)
(0.041276499999999994, -0.10024600000000006, 0.050535)
(0.04073490000000002, -0.09641800000000011, 0.052006)
(0.040002499999999996, -0.09523900000000007, 0.05261300000000002)
(0.039747400000000016, -0.09529199999999993, 0.05341600000000035)
(0.038988700000000015, -0.09438900000000006, 0.0542180000000001)
(0.0376995, -0.09099999999999997, 0.05574700000000021)
(0.037088499999999996, -0.08990999999999993, 0.05637800000000004)
(0.0358319, -0.08911000000000002, 0.057226)
(0.034249, -0.08930900000000008, 0.05852900000000005)
(0.032495899999999994, -0.08792500000000003, 0.059800000000000075)
(0.031270099999999995, -0.0869930000000001, 0.06126900000000024)
(0.029912099999999997, -0.08509199999999995, 0.06301800000000002)
(0.029076600000000008, -0.08261000000000007, 0.06539200000000012)
(0.028176400000000018, -0.080017, 0.06808199999999998)
(0.027710600000000002, -0.07774199999999998, 0.06956200000000035)
(0.02650530000000001, -0.07580200000000015, 0.07181000000000015)
(0.025935399999999997, -0.07406599999999997, 0.07399100000000036)
(0.025378299999999993, -0.07120700000000002, 0.07695300000000005)
(0.024564500000000017, -0.07097700000000007, 0.07940000000000014)
(0.023528400000000005, -0.0723370000000001, 0.078824)
(0.021783700000000017, -0.069488, 0.08096499999999995)
(0.019423400000000007, -0.06335099999999994, 0.08482700000000021)
(0.018712900000000005, -0.061555999999999944, 0.08730300000000035)
(0.017951099999999998, -0.05931799999999998, 0.09117900000000034)
(0.017924899999999994, -0.06228699999999998, 0.09429600000000038)
(0.016874899999999998, -0.06362299999999999, 0.09713700000000003)
(0.015571200000000007, -0.06481899999999996, 0.10026100000000016)
(0.013468300000000016, -0.06351700000000005, 0.10363200000000017)
(0.011503199999999991, -0.06140199999999996, 0.10707000000000022)
(0.0105904, -0.05964199999999997, 0.11012000000000022)
(0.008819500000000008, -0.05741200000000002, 0.11341200000000029)
(0.0061471000000000164, -0.05570900000000001, 0.11671900000000024)
(0.0033585000000000143, -0.05332400000000015, 0.12023500000000009)
(0.0016474999999999962, -0.052690000000000126, 0.1241620000000001)
(-0.00019549999999998735, -0.05207099999999998, 0.1275940000000002)
(-0.0008651000000000075, -0.05391800000000013, 0.1314860000000002)
(-0.0025724000000000025, -0.05454599999999998, 0.13535600000000025)
(-0.005048999999999998, -0.052397999999999945, 0.13899700000000026)
(-0.005874500000000005, -0.05234800000000006, 0.14312900000000006)
(-0.008711499999999983, -0.051946999999999965, 0.14648200000000022)
(-0.012500299999999992, -0.05011699999999997, 0.14952900000000025)
(-0.013631199999999982, -0.051729000000000136, 0.15378300000000023)
(-0.017259400000000008, -0.05054500000000006, 0.15696100000000035)
(-0.017624699999999993, -0.053471999999999964, 0.16100800000000026)
(-0.022015800000000002, -0.053849000000000036, 0.1646320000000001)
(-0.022644300000000006, -0.055557999999999996, 0.1683300000000001)
(-0.024605899999999986, -0.055460000000000065, 0.17330200000000007)
(-0.027806300000000006, -0.05519099999999999, 0.1764610000000002)
(-0.031238600000000005, -0.05436900000000011, 0.18140200000000029)
(-0.034198599999999996, -0.05430800000000002, 0.18572600000000028)
(-0.03866359999999999, -0.053598000000000035, 0.18998300000000024)
(-0.0422747, -0.054035000000000055, 0.19420500000000018)
(-0.0458741, -0.05299600000000004, 0.19875500000000024)
(-0.051053600000000005, -0.05101200000000006, 0.20464100000000007)
(-0.055850099999999986, -0.049330000000000096, 0.20978600000000025)
(-0.05933669999999999, -0.04952000000000001, 0.21532100000000032)
(-0.06255089999999999, -0.05100900000000008, 0.220348)
(-0.0664434, -0.05396000000000001, 0.22649700000000017)
(-0.07095069999999999, -0.054327000000000014, 0.2323360000000001)
(-0.07610549999999999, -0.05430500000000005, 0.2389300000000003)
(-0.0814263, -0.05368499999999998, 0.24547300000000005)
(-0.08650569999999999, -0.05336500000000011, 0.251455)
(-0.0908985, -0.05565600000000015, 0.2580870000000002)
(-0.09584716, -0.057303000000000104, 0.2651460000000001)
(-0.10106907, -0.05888899999999997, 0.27246400000000026)
(-0.10634684, -0.06063200000000002, 0.2799800000000001)
(-0.11120271, -0.06261099999999997, 0.28850700000000007)
(-0.11599538, -0.06493199999999999, 0.29664599999999997)
(-0.12023397999999999, -0.06796899999999995, 0.30652999999999997)
(-0.12761649, -0.069666, 0.317418)
(-0.13612084, -0.06898399999999993, 0.33075100000000024)
(-0.1455936, -0.06592799999999999, 0.346336)
(-0.15458315, -0.05770200000000014, 0.365491)
(-0.16453813, -0.04830500000000004, 0.38466200000000006)
(-0.17483493, -0.041981000000000046, 0.40389500000000034)
(-0.183398501, -0.04100199999999998, 0.4264800000000002)
(-0.187288464, -0.04149599999999998, 0.44516900000000037)
(-0.18954823199999998, -0.04124400000000006, 0.46671900000000033)
(6.0907369, -0.04014899999999999, 0.48773)
(6.0866839, -0.04354999999999998, 0.5103790000000004)
(6.0891939, -0.05135899999999993, 0.5323920000000002)
(6.0911079, -0.05533199999999994, 0.550443)
(6.0883689, -0.05530199999999996, 0.5657900000000002)
(6.0807109, -0.054480000000000084, 0.5847320000000003)
(6.0688539, -0.049938999999999956, 0.6028600000000002)
(6.0594629, -0.04599200000000003, 0.6190710000000004)
(6.0532658999999995, -0.04030700000000009, 0.6365380000000003)
(6.0321058999999995, -0.032610999999999946, 0.654725)
(6.0115509, -0.02696300000000007, 0.669378)
(5.9962499, -0.017098999999999975, 0.6752550000000004)
(5.9862499, -0.018191999999999986, 0.6916900000000004)
(5.9972959, -0.035441999999999974, 0.7114160000000003)
(6.0067379, -0.04876400000000003, 0.7274760000000002)
(6.0161109, -0.06529000000000007, 0.742658)
(6.015691899999999, -0.069523, 0.7566470000000001)
(6.0122219, -0.07339800000000007, 0.769965)
(6.0064139, -0.0756650000000001, 0.7795620000000003)
(6.0012659, -0.07734400000000008, 0.7903290000000003)
(5.9927769, -0.07655699999999999, 0.7981630000000002)
(5.983399899999999, -0.07487299999999997, 0.8046730000000002)
(5.9746219, -0.07289900000000005, 0.8093810000000001)
(5.9668519, -0.07168799999999997, 0.8140680000000002)
(5.963987899999999, -0.07060299999999997, 0.814937)
(5.9634849, -0.07153500000000013, 0.8167900000000001)
(5.9636279, -0.07036600000000015, 0.8156400000000001)
(5.9645899, -0.06972500000000004, 0.8118880000000002)
(5.9647529, -0.06715500000000008, 0.8075480000000002)
(5.9646688999999995, -0.06451099999999999, 0.802645)
(5.9686669, -0.06356600000000001, 0.7962220000000002)
(5.9744069, -0.06498700000000013, 0.787833)
(5.9794548999999995, -0.06552000000000002, 0.7801780000000003)
(5.986291899999999, -0.06489500000000015, 0.7697570000000002)
(5.9919598999999995, -0.06341600000000014, 0.7575130000000003)
(5.9963209, -0.06108899999999995, 0.7433420000000002)
(6.0010359, -0.058057000000000025, 0.728494)
(6.004991899999999, -0.054373000000000005, 0.7132970000000003)
(6.0093669, -0.05120800000000014, 0.6984950000000003)
(6.0132289, -0.04831099999999999, 0.6815710000000004)
(6.0161729, -0.04552899999999993, 0.664844)
(6.0200049, -0.04289900000000002, 0.6487430000000001)
(6.022656899999999, -0.041018, 0.6317300000000001)
(6.026875899999999, -0.040157, 0.6156440000000001)
(6.0321188999999995, -0.03979700000000008, 0.5967880000000001)
(6.0372379, -0.0396780000000001, 0.5796860000000001)
(6.0419179, -0.039888000000000146, 0.5629330000000001)
(6.0470199, -0.04100400000000004, 0.5452030000000003)
(6.0554839, -0.04641600000000001, 0.528689)
(6.0653589, -0.05445600000000006, 0.5115960000000004)
(6.0742749, -0.06170600000000004, 0.4946430000000004)
(6.0813079, -0.06875900000000001, 0.47681600000000035)
(6.0855869, -0.07182700000000009, 0.45934600000000003)
(6.0877029, -0.07117200000000001, 0.44014)
(6.0855258999999995, -0.06550999999999996, 0.42201400000000033)
(6.0831069, -0.059771999999999936, 0.4056770000000003)
(6.0830459, -0.0557700000000001, 0.3882780000000001)
(6.0834668999999995, -0.05408400000000002, 0.372077)
(6.0829919, -0.05399700000000007, 0.357615)
(6.0840629, -0.053582999999999936, 0.3423950000000002)
(6.0863499, -0.05462699999999998, 0.3289550000000001)
(6.088847899999999, -0.05454700000000012, 0.3133330000000001)
(6.0912359, -0.05596800000000002, 0.30125)
(-0.185271312, -0.06466799999999995, 0.2925180000000003)
(-0.17598558, -0.07966600000000001, 0.2842960000000003)
(-0.16776504, -0.0946260000000001, 0.27635200000000015)
(-0.16006269, -0.10735700000000015, 0.26888000000000023)
(-0.15358673, -0.11783699999999997, 0.261771)
(-0.14737589, -0.12595299999999998, 0.2542180000000003)
(-0.14337519999999998, -0.12901399999999996, 0.24819000000000013)
(-0.13948478, -0.13373199999999996, 0.2445350000000004)
(-0.13569878999999999, -0.14350299999999994, 0.2524230000000003)
(-0.1450092, -0.11587400000000003, 0.236653)
(-0.15884365, -0.08416200000000007, 0.23629500000000014)
(-0.16560344999999999, -0.06629600000000013, 0.22735400000000006)
(-0.16339103, -0.04571800000000015, 0.21848400000000012)
(-0.15426498, -0.046561000000000075, 0.21673600000000004)
(-0.13717813, -0.07152700000000012, 0.21079300000000023)
(-0.11582711999999999, -0.11055000000000015, 0.20011100000000015)
(-0.11557854, -0.11989899999999998, 0.193635)
(-0.11652702999999999, -0.10426899999999995, 0.18718199999999996)
(-0.11480415, -0.08683700000000005, 0.1795460000000002)
(-0.10630856, -0.08705399999999996, 0.16903700000000033)
(-0.10014877, -0.09020899999999998, 0.16112700000000002)
(-0.09487656, -0.08734100000000011, 0.15000300000000033)
(-0.0885021, -0.08204000000000011, 0.14270700000000014)
(-0.0820308, -0.07936500000000013, 0.133699)
(-0.07525019999999999, -0.0782560000000001, 0.124193)
(-0.07003509999999999, -0.07925300000000002, 0.11492800000000036)
(-0.06773309999999999, -0.07766399999999996, 0.10649900000000034)
(-0.06532169999999998, -0.07639200000000002, 0.09823000000000004)
(-0.062122999999999984, -0.07667599999999997, 0.08965000000000023)
(-0.05957699999999999, -0.07527799999999996, 0.08102900000000002)
(-0.058555599999999985, -0.07024000000000008, 0.07488500000000009)
(-0.05621219999999999, -0.06780699999999995, 0.06891100000000039)
(-0.052424799999999994, -0.06564000000000014, 0.0633910000000002)
(-0.0452071, -0.06682600000000005, 0.058384000000000214)
(-0.03969329999999999, -0.06945099999999993, 0.05395700000000003)
(-0.036498, -0.07231699999999996, 0.04961700000000002)
(-0.033724699999999996, -0.07281899999999997, 0.045090000000000074)
(-0.030827599999999983, -0.07004699999999997, 0.040359000000000034)
(-0.028206499999999995, -0.06539300000000003, 0.03575000000000017)
(-0.026004300000000008, -0.06084800000000001, 0.031400000000000095)
(-0.024065599999999993, -0.05520600000000009, 0.027667000000000108)
(-0.022182599999999997, -0.050105000000000066, 0.024117000000000388)
(-0.01963319999999999, -0.04478800000000005, 0.02153700000000036)
(-0.01825879999999999, -0.042334000000000094, 0.019836000000000187)
(-0.016838099999999995, -0.04262800000000011, 0.018710000000000004)
(-0.015083899999999983, -0.04405900000000007, 0.017957)
(-0.013928899999999994, -0.04608699999999999, 0.017735000000000056)
(-0.013094899999999993, -0.04673499999999997, 0.018069000000000113)
(-0.012224299999999994, -0.046804999999999986, 0.018146000000000218)
(-0.012018699999999993, -0.04742899999999994, 0.01957600000000026)
(-0.01157459999999999, -0.04829400000000006, 0.02051700000000034)
(-0.011470599999999997, -0.04976599999999998, 0.02253800000000039)
(-0.011711399999999983, -0.051557000000000075, 0.024097000000000257)
(-0.011640099999999987, -0.05284299999999997, 0.025761000000000145)
(-0.011602100000000004, -0.05342899999999995, 0.026949000000000112)
(-0.0113047, -0.05282699999999996, 0.02831000000000028)
(-0.011070599999999986, -0.053007000000000026, 0.029120000000000257)
(-0.010475299999999993, -0.05250200000000005, 0.029228000000000254)
(-0.010110299999999989, -0.05112099999999997, 0.029344000000000037)
(-0.010020499999999988, -0.04991000000000012, 0.029326000000000185)
(-0.009251399999999993, -0.04852999999999996, 0.029454000000000313)
(-0.009015099999999998, -0.04706199999999994, 0.02918200000000004)
(-0.00828799999999999, -0.04662900000000003, 0.028823000000000043)
(-0.0073326999999999976, -0.04649199999999998, 0.028503000000000167)
