(0.7614315, -0.06984615, 0.2429863)
(0.7614551, -0.06998467, 0.2428064)
(0.761403, -0.0700016, 0.2427306)
(0.761318, -0.0701077, 0.2427533)
(0.7612594, -0.06994796, 0.2430158)
(0.7612066, -0.06997681, 0.2429706)
(0.7612677, -0.06975079, 0.2426511)
(0.7611433, -0.06962132, 0.2426953)
(0.7612036, -0.06960678, 0.2427239)
(0.7611557, -0.06959629, 0.2426912)
(0.7612824, -0.06966019, 0.2427086)
(0.7610652, -0.06967568, 0.2425783)
(0.7610641, -0.06965303, 0.2425908)
(0.7610626, -0.06960988, 0.2425214)
(0.7610637, -0.06959009, 0.2424427)
(0.7607701, -0.06970119, 0.2421451)
(0.7609534, -0.06998777, 0.241797)
(0.7610872, -0.07006884, 0.2417108)
(0.761071, -0.07022095, 0.2416594)
(0.7610556, -0.0702939, 0.2417241)
(0.7610495, -0.07041526, 0.2416391)
(0.7611156, -0.07031226, 0.2415257)
(0.761211, -0.07033753, 0.2414342)
(0.7610745, -0.07036781, 0.2412233)
(0.7610005, -0.07063103, 0.2410305)
(0.7610387, -0.07078838, 0.2407227)
(0.7612649, -0.07090354, 0.2406478)
(0.7612014, -0.07112098, 0.2406006)
(0.7610503, -0.07100844, 0.2406938)
(0.7609204, -0.07097721, 0.2406923)
(0.7608567, -0.07091713, 0.2405688)
(0.760839, -0.07077527, 0.2405365)
(0.7608538, -0.07069397, 0.2403624)
(0.76074, -0.07075548, 0.240239)
(0.7605345, -0.07079768, 0.239836)
(0.7604904, -0.07076359, 0.2397554)
(0.7603559, -0.07076716, 0.239658)
(0.7601143, -0.07079244, 0.2394902)
(0.7599772, -0.07079911, 0.2394152)
(0.7597703, -0.07089186, 0.2393728)
(0.7595861, -0.07065153, 0.2390988)
(0.7595495, -0.07048655, 0.2387894)
(0.7594554, -0.07035804, 0.2385397)
(0.7592584, -0.06999302, 0.2381219)
(0.7591028, -0.06974339, 0.2379086)
(0.7586757, -0.06937408, 0.2379881)
(0.7585074, -0.06888151, 0.2384348)
(0.7583323, -0.06823182, 0.2386744)
(0.7582809, -0.06737709, 0.238676)
(0.7584472, -0.06667709, 0.2388821)
(0.7581801, -0.06568456, 0.2391806)
(0.7580501, -0.06437802, 0.2395399)
(0.7579976, -0.06269598, 0.2395928)
(0.75764, -0.06087494, 0.2395179)
(0.7570835, -0.0584805, 0.2397934)
(0.7555414, -0.05557394, 0.2400242)
(0.7534273, -0.05220842, 0.2400751)
(0.7514176, -0.04659939, 0.2392427)
(0.7502607, -0.04176736, 0.2379427)
(0.7485539, -0.03560472, 0.2369869)
(0.746298, -0.02982044, 0.2372869)
(0.7446136, -0.02365255, 0.2377633)
(0.7427374, -0.01738381, 0.2385414)
(0.7406168, -0.01094198, 0.2405757)
(0.7389332, -0.003970623, 0.2430937)
(0.7373338, 0.003394127, 0.2457844)
(0.7358766, 0.01029587, 0.2485716)
(0.7344978, 0.01690674, 0.251744)
(0.7334248, 0.0234201, 0.2557526)
(0.732495, 0.02952814, 0.2604139)
(0.7312716, 0.03587937, 0.2655938)
(0.7304846, 0.04183865, 0.2705829)
(0.7303191, 0.04756212, 0.2764037)
(0.7293745, 0.05320573, 0.2831843)
(0.7292639, 0.05826998, 0.2905128)
(0.7296215, 0.06319165, 0.2970757)
(0.7297443, 0.06726456, 0.3052068)
(0.7304132, 0.07048464, 0.3133938)
(0.7317209, 0.0738728, 0.321589)
(0.7329082, 0.0766592, 0.3307607)
(0.7340128, 0.07934523, 0.3396361)
(0.735989, 0.08187842, 0.3487296)
(0.7377244, 0.08362865, 0.3584445)
(0.7394907, 0.08554912, 0.3688052)
(0.741642, 0.08677006, 0.3786197)
(0.7438571, 0.08767176, 0.3891129)
(0.7459213, 0.08818913, 0.3992832)
(0.7482195, 0.08881164, 0.4089823)
(0.7506055, 0.08884382, 0.4192193)
(0.7529243, 0.0886445, 0.4293036)
(0.7547299, 0.08810282, 0.4392486)
(0.7572985, 0.08718371, 0.4486175)
(0.7597222, 0.08625698, 0.4588354)
(0.7622628, 0.08518219, 0.4680917)
(0.7644445, 0.0840435, 0.4770916)
(0.7667267, 0.08265209, 0.485815)
(0.7687707, 0.08124352, 0.4939098)
(0.77107, 0.07962728, 0.5012259)
(0.7730016, 0.07832956, 0.5086446)
(0.7745817, 0.07674551, 0.5150869)
(0.7766569, 0.074826, 0.520745)
(0.7783904, 0.07317662, 0.5266497)
(0.7794945, 0.07125807, 0.532234)
(0.7807212, 0.06957603, 0.5363026)
(0.7819494, 0.06808114, 0.5402899)
(0.7828193, 0.06625462, 0.5444746)
(0.7834325, 0.06431818, 0.5468767)
(0.7843243, 0.06242943, 0.5499523)
(0.7846009, 0.05988932, 0.5522857)
(0.7850028, 0.05782247, 0.5528929)
(0.7824646, 0.05748343, 0.5522213)
(0.7805777, 0.05868554, 0.5516975)
(0.7806486, 0.06241822, 0.5487442)
(0.782076, 0.06468272, 0.5479913)
(0.7829539, 0.06418395, 0.5489078)
(0.7839837, 0.06181359, 0.5506434)
(0.7840757, 0.06073999, 0.5523169)
(0.7832192, 0.05926991, 0.5543659)
(0.7814502, 0.05880237, 0.5555444)
(0.7802653, 0.05839491, 0.5557938)
(0.7799652, 0.05849457, 0.5557051)
(0.7800391, 0.05811119, 0.5556641)
(0.7801983, 0.05761838, 0.5557339)
(0.7807469, 0.05742168, 0.5560277)
(0.7808528, 0.05696344, 0.5565572)
(0.7803763, 0.05685425, 0.557183)
(0.7803068, 0.05648851, 0.5577381)
(0.7802371, 0.05612111, 0.5582964)
(0.7801622, 0.05572391, 0.5589018)
(0.7817545, 0.05778408, 0.555511)
(0.7835089, 0.05828357, 0.5544186)
(0.784678, 0.05803967, 0.5533237)
(0.785035, 0.05799699, 0.5530574)
(0.785573, 0.05800056, 0.5526843)
(0.785033, 0.05721211, 0.5556717)
(0.7839227, 0.05604696, 0.557467)
(0.7835028, 0.05619597, 0.5590477)
(0.7852365, 0.05718112, 0.5560894)
(0.7857409, 0.05712962, 0.5560699)
(0.7862394, 0.05709195, 0.5559964)
(0.7867385, 0.05705404, 0.5559242)
(0.7840357, 0.05389857, 0.5591087)
(0.7842358, 0.05376554, 0.5592644)
(0.7844365, 0.05363226, 0.5594211)
(0.784638, 0.05349874, 0.5595789)
(0.7848402, 0.05336475, 0.5597382)
(0.7846329, 0.05407262, 0.5576901)
(0.7793572, 0.05645919, 0.560189)
(0.7812936, 0.05508661, 0.55972)
(0.7808533, 0.05307293, 0.5611422)
(0.7817807, 0.05171037, 0.5622435)
(0.7831846, 0.05155158, 0.5646269)
(0.7838521, 0.04922295, 0.5653641)
(0.7835679, 0.04859757, 0.5655503)
(0.7844676, 0.0482254, 0.5656004)
(0.7850658, 0.04764414, 0.5648425)
(0.7853258, 0.04730964, 0.5647802)
(0.7854493, 0.04729438, 0.5648766)
(0.7859401, 0.04721045, 0.5643988)
(0.7863562, 0.04683495, 0.5640159)
(0.7868438, 0.0466311, 0.5635433)
(0.7874479, 0.0465796, 0.5632885)
(0.7879434, 0.0465827, 0.5633156)
(0.7890393, 0.0465765, 0.5629089)
(0.7899423, 0.04673624, 0.562639)
(0.7904973, 0.04719639, 0.5621872)
(0.7910073, 0.04753995, 0.5619555)
(0.791564, 0.0477128, 0.561033)
(0.7921774, 0.0477891, 0.5598793)
(0.7925155, 0.04779315, 0.5588956)
(0.7931165, 0.04796219, 0.5585103)
(0.7934505, 0.04807711, 0.5580981)
(0.7939065, 0.04807305, 0.5574758)
(0.7944316, 0.04800773, 0.5567088)
(0.7947917, 0.04786539, 0.5563579)
(0.7949636, 0.04803658, 0.5560901)
(0.7952324, 0.04820108, 0.555645)
(0.7954957, 0.04824519, 0.5552025)
(0.7955503, 0.04816198, 0.5545497)
(0.7960701, 0.04807138, 0.5538747)
(0.7970676, 0.04831004, 0.5531378)
(0.7974442, 0.04852939, 0.5526681)
(0.7978469, 0.04876757, 0.5524616)
(0.7979798, 0.04902411, 0.5524909)
(0.7984191, 0.04874349, 0.5521324)
(0.7986983, 0.04864526, 0.551919)
(0.7987778, 0.04868436, 0.5519264)
(0.7987766, 0.04861474, 0.5516081)
(0.7990413, 0.04860759, 0.5513945)
(0.7993224, 0.04878259, 0.5509584)
(0.7994729, 0.04893589, 0.5508482)
(0.7997851, 0.04895568, 0.5506117)
(0.7999105, 0.04906297, 0.5506382)
(0.7998996, 0.04920006, 0.550885)
(0.7997789, 0.04921007, 0.5509906)
(0.7993568, 0.04891753, 0.5511856)
(0.7990494, 0.0487597, 0.5512466)
(0.7989924, 0.04862046, 0.5510769)
(0.7992718, 0.04879212, 0.5508411)
(0.7996054, 0.04881477, 0.55074)
(0.8000159, 0.04894996, 0.5504794)
(0.8001034, 0.04903007, 0.5504627)
(0.8002591, 0.04943085, 0.5505137)
(0.800199, 0.04961133, 0.5505815)
(0.7998909, 0.04975104, 0.5506587)
(0.7998323, 0.04981041, 0.5505323)
(0.7997273, 0.05004239, 0.5504496)
(0.7997087, 0.05008841, 0.5502512)
(0.7996413, 0.05007458, 0.5501277)
(0.7997226, 0.04998875, 0.550029)
(0.7998357, 0.04998446, 0.5499218)
(0.8003027, 0.05002689, 0.5499153)
(0.8004735, 0.05015564, 0.549614)
(0.8005629, 0.05020857, 0.5492771)
(0.8005462, 0.05032325, 0.5491164)
(0.8005614, 0.05013895, 0.5490479)
(0.8000283, 0.04940104, 0.5500135)
(0.7995462, 0.04946136, 0.5506082)
(0.7994862, 0.04919815, 0.5502005)
(0.7994735, 0.04924941, 0.5496774)
(0.7996293, 0.04922438, 0.5493417)
(0.7997986, 0.04932237, 0.5492842)
(0.799686, 0.04900146, 0.5493991)
(0.79984, 0.04905558, 0.5492024)
(0.7999517, 0.04898763, 0.5490682)
(0.7999922, 0.04886341, 0.5489562)
(0.799964, 0.04893017, 0.549216)
(0.799607, 0.04882956, 0.5491948)
(0.7992952, 0.04863238, 0.5494645)
(0.7992976, 0.04832745, 0.5495009)
(0.7992057, 0.04839039, 0.5495894)
(0.799422, 0.04864621, 0.5494511)
(0.7997228, 0.04886055, 0.5494189)
(0.7999959, 0.04907036, 0.5496271)
(0.8001196, 0.04939127, 0.5500183)
(0.8000424, 0.04959631, 0.5502477)
(0.7999041, 0.04974055, 0.5505672)
(0.7996449, 0.04968452, 0.5508957)
(0.7994312, 0.04963613, 0.5511074)
(0.7992817, 0.04968715, 0.5514426)
(0.7991259, 0.04983592, 0.5517945)
(0.7990863, 0.05007935, 0.5522652)
(0.7991964, 0.05021977, 0.5528085)
(0.7992162, 0.05033207, 0.5532987)
(0.7994344, 0.05054522, 0.5536561)
(0.7992231, 0.05172133, 0.5551074)
(0.7988589, 0.05228162, 0.5558076)
(0.7986031, 0.05275702, 0.5566459)
(0.7986183, 0.05294132, 0.5575275)
(0.7978088, 0.05356407, 0.558862)
(0.7973862, 0.05441046, 0.5602858)
(0.7972112, 0.05542731, 0.5611894)
(0.7972546, 0.05597878, 0.5617347)
(0.7971567, 0.05681205, 0.5625687)
(0.7976437, 0.05849624, 0.5630739)
(0.7980983, 0.06005955, 0.5638535)
(0.7985011, 0.06162858, 0.5648413)
(0.7987356, 0.06364107, 0.5661759)
(0.7987121, 0.06564069, 0.5677218)
(0.7979203, 0.06720257, 0.5695577)
(0.7977755, 0.06922865, 0.5712521)
(0.7982655, 0.07165051, 0.5734701)
(0.798579, 0.07412171, 0.5752504)
(0.7988434, 0.07733297, 0.577569)
(0.7991847, 0.08062768, 0.5797527)
(0.7997055, 0.08402133, 0.58254)
(0.8000335, 0.08750653, 0.5854037)
(0.8005161, 0.09075952, 0.5882764)
(0.8008753, 0.09413862, 0.5915487)
(0.8010352, 0.09734583, 0.5946422)
(0.8007514, 0.1009238, 0.5982108)
(0.8000739, 0.1043625, 0.6018486)
(0.7993431, 0.1081264, 0.6056151)
(0.7981452, 0.1123698, 0.6087549)
(0.7969186, 0.1164176, 0.6117706)
(0.7953883, 0.1205571, 0.6141589)
(0.7938095, 0.1248877, 0.6156797)
(0.7912334, 0.1300695, 0.6156766)
(0.789081, 0.1351523, 0.6160738)
(0.7866749, 0.1404207, 0.6170228)
(0.7851962, 0.1458972, 0.6184981)
(0.7833632, 0.151406, 0.6199958)
(0.781126, 0.1565323, 0.6213045)
(0.7788254, 0.162091, 0.6224599)
(0.7765181, 0.1678417, 0.6232333)
(0.7742245, 0.1736319, 0.6240916)
(0.771948, 0.1799523, 0.6247663)
(0.7697046, 0.1861818, 0.6253471)
(0.7674756, 0.1920409, 0.6262982)
(0.7652323, 0.1980808, 0.6273191)
(0.7630513, 0.204335, 0.6285439)
(0.7610568, 0.2098852, 0.6299121)
(0.75912, 0.2151736, 0.6316242)
(0.7575548, 0.2202032, 0.6337698)
(0.7558949, 0.2248533, 0.6362317)
(0.7545071, 0.2292289, 0.6389675)
(0.7535477, 0.233248, 0.6420145)
(0.7528938, 0.2370844, 0.6451604)
(0.7521428, 0.2402059, 0.6486146)
(0.7516716, 0.2433519, 0.6529696)
(0.7520007, 0.246001, 0.6572104)
(0.7521853, 0.2480911, 0.6616366)
(0.7527928, 0.2493445, 0.6667442)
(0.7539496, 0.2503965, 0.6718976)
(0.7545774, 0.251268, 0.6770105)
(0.7558115, 0.2514757, 0.6830428)
(0.7574282, 0.2510014, 0.6891494)
(0.7592659, 0.2501135, 0.695405)
(0.7612501, 0.2489963, 0.7024274)
(0.763338, 0.2475511, 0.7090313)
(0.7653868, 0.2462499, 0.7156847)
(0.7679329, 0.2443111, 0.7226691)
(0.7706919, 0.2422144, 0.7297826)
(0.7737221, 0.2400904, 0.7370884)
(0.7768967, 0.2377778, 0.7445178)
(0.7800066, 0.2355199, 0.7519181)
(0.7835813, 0.2330087, 0.7596669)
(0.7874945, 0.2299445, 0.7676985)
(0.7914568, 0.2272304, 0.7757666)
(0.7953548, 0.2241393, 0.7834733)
(0.7990094, 0.2213356, 0.791471)
(0.8037409, 0.2195255, 0.7986233)
(0.8079134, 0.2164857, 0.8060524)
(0.8116143, 0.2140414, 0.8137741)
(0.815135, 0.211621, 0.8213456)
(0.8195838, 0.20882, 0.8286545)
(0.8233951, 0.2064164, 0.8366621)
(0.826643, 0.2043633, 0.8438988)
(0.830035, 0.2022485, 0.8509331)
(0.8329889, 0.2006719, 0.8575377)
(0.8360527, 0.1991394, 0.8641098)
(0.8385987, 0.1979294, 0.8694761)
(0.8408208, 0.1970091, 0.8746166)
(0.8425462, 0.1956058, 0.8795028)
(0.8445069, 0.1942881, 0.8831584)
(0.8466527, 0.1929702, 0.8869305)
(0.8484008, 0.1914873, 0.889792)
(0.8501792, 0.1903423, 0.8926406)
(0.8518643, 0.1890093, 0.8945808)
(0.8527195, 0.187451, 0.8954306)
(0.8536732, 0.1861786, 0.8966448)
(0.8544164, 0.1857691, 0.8937814)
(0.8540151, 0.1858416, 0.8897138)
(0.8537165, 0.1851499, 0.8892813)
(0.8510311, 0.1833656, 0.8905122)
(0.8483696, 0.1814282, 0.8925536)
(0.8478032, 0.1801211, 0.8930099)
(0.8478763, 0.18037, 0.8929439)
(0.8486831, 0.1813347, 0.8928204)
(0.8489778, 0.1812384, 0.8926363)
(0.8497519, 0.1815606, 0.8923283)
(0.8509846, 0.1816292, 0.892698)
(0.85148, 0.1818662, 0.8923879)
(0.852131, 0.1819302, 0.8919077)
(0.8524034, 0.1818293, 0.8918071)
(0.8516502, 0.1817871, 0.8916123)
(0.8510704, 0.181618, 0.8914356)
(0.850657, 0.1814303, 0.8914523)
(0.8509068, 0.1810727, 0.8912878)
(0.8506355, 0.1808337, 0.8911374)
(0.850522, 0.1807061, 0.8911548)
(0.8506396, 0.1806792, 0.8915384)
(0.8506655, 0.1804891, 0.8919795)
(0.8507495, 0.1805556, 0.8922517)
(0.8505799, 0.1805338, 0.8927803)
(0.8504136, 0.180511, 0.8928423)
(0.8504136, 0.1805456, 0.8926754)
(0.8506334, 0.18054, 0.89258)
(0.8507862, 0.1805768, 0.8924818)
(0.8508517, 0.1806275, 0.8923466)
(0.8508521, 0.180729, 0.8923454)
(0.8509665, 0.1807622, 0.8924284)
(0.8509649, 0.1807405, 0.892451)
(0.85102, 0.1807824, 0.8925109)
(0.8509285, 0.1807454, 0.8925261)
(0.8508506, 0.180727, 0.8926229)
(0.8510261, 0.1806171, 0.8927641)
(0.8510126, 0.1806302, 0.8928306)
(0.8511091, 0.1807296, 0.8926482)
(0.851141, 0.1805301, 0.8923223)
(0.851236, 0.1804503, 0.8920968)
(0.8512609, 0.1803473, 0.8920493)
(0.851383, 0.1804308, 0.8922453)
(0.8513892, 0.180428, 0.8923776)
(0.8512888, 0.1804458, 0.8924646)
(0.8511018, 0.1804628, 0.8923075)
(0.8509102, 0.1806636, 0.8924124)
(0.8508161, 0.1806383, 0.8924301)
(0.850809, 0.1806383, 0.892395)
(0.850762, 0.1806787, 0.8924341)
(0.8506021, 0.1806316, 0.8925052)
(0.8506026, 0.1805596, 0.8924286)
(0.8504579, 0.1805866, 0.8924224)
(0.8504721, 0.1808234, 0.8922272)
(0.8505944, 0.1805934, 0.8919628)
(0.8507223, 0.1806455, 0.8920574)
(0.8507165, 0.1806824, 0.8919294)
