(291.6431, 176.179, 277.7279)
(291.673, 177.0476, 273.571)
(291.673, 177.0476, 273.571)
(289.4536, 160.4282, 282.045)
(290.6712, 149.8893, 288.7009)
(293.168, 143.2118, 294.7003)
(293.5907, 142.9998, 296.5182)
(294.0467, 143.7581, 298.2467)
(296.0658, 139.0004, 306.6876)
(296.1408, 137.6091, 310.8119)
(295.1562, 137.8633, 311.7474)
(295.2276, 135.366, 314.8564)
(296.6592, 130.0357, 320.3464)
(297.2023, 128.0244, 322.3513)
(297.2023, 128.0244, 322.3513)
(297.669, 126.6034, 323.8776)
(298.5856, 124.2981, 326.4252)
(299.1794, 122.8827, 328.0921)
(299.1794, 122.8827, 328.0921)
(299.8678, 121.5953, 329.7548)
(301.3309, 119.815, 332.9313)
(302.3354, 117.9475, 336.8488)
(302.1199, 116.9191, 338.5844)
(301.8292, 116.6494, 339.6212)
(300.9512, 119.0603, 338.6824)
(300.9202, 120.5351, 337.7452)
(300.9202, 120.5351, 337.7452)
