(1.012587, 0.1483626, 0.1119442)
(1.01301, 0.1495842, 0.1127584)
(1.013699, 0.1507059, 0.1137581)
(1.014964, 0.152296, 0.1157759)
(1.0159, 0.1541719, 0.1174916)
(1.016285, 0.1555304, 0.1188441)
(1.016369, 0.1571788, 0.1202739)
(1.016669, 0.1584119, 0.1212563)
(1.016764, 0.1592077, 0.1221612)
(1.016764, 0.1592077, 0.1221612)
(1.017107, 0.1630395, 0.1253656)
(1.01697, 0.1646295, 0.126576)
(1.016821, 0.165189, 0.127035)
(1.017353, 0.1653958, 0.1268433)
(1.017907, 0.1655178, 0.1269327)
(1.018536, 0.1661042, 0.1273354)
(1.01907, 0.1678264, 0.1285187)
(1.019577, 0.1696527, 0.1305556)
(1.020285, 0.1704199, 0.1312438)
(1.021368, 0.1717097, 0.132278)
(1.022263, 0.173678, 0.1339518)
(1.022412, 0.1759403, 0.1357228)
(1.022154, 0.1791987, 0.1375761)
(1.0226, 0.1808578, 0.1380993)
(1.023491, 0.1820304, 0.137795)
(1.024325, 0.1839692, 0.1377374)
(1.025358, 0.1878002, 0.1395009)
(1.025754, 0.1906279, 0.1406754)
(1.02644, 0.1931121, 0.1402059)
(1.027375, 0.1951377, 0.1387341)
(1.027873, 0.1990563, 0.1388493)
(1.029249, 0.2043182, 0.1387444)
(1.029296, 0.2085511, 0.139136)
(1.028664, 0.2130202, 0.1397124)
(1.028776, 0.2161234, 0.139262)
(1.029538, 0.2180756, 0.1388197)
(1.030172, 0.2199536, 0.1374866)
(1.02927, 0.2182902, 0.133134)
(1.026842, 0.213953, 0.1270149)
(1.025061, 0.2101633, 0.1220773)
(1.023824, 0.20702, 0.1197835)
(1.021714, 0.206338, 0.1206484)
(1.020486, 0.1995751, 0.1158327)
(1.018966, 0.1848694, 0.1038822)
(1.015156, 0.1719682, 0.09321152)
(1.007306, 0.1565306, 0.08167212)
(1.003598, 0.138279, 0.06666523)
(1.004278, 0.1184037, 0.04896457)
(1.011618, 0.09680243, 0.02895544)
(1.021782, 0.08642022, 0.01808881)
(1.02682, 0.08664223, 0.02455901)
(1.026953, 0.08693781, 0.033579)
(1.028555, 0.0836196, 0.04024272)
(1.034367, 0.07113462, 0.03579823)
(1.037436, 0.05887743, 0.03020798)
(1.041561, 0.04658505, 0.02300042)
(1.050075, 0.03949438, 0.02062245)
(1.055114, 0.03894802, 0.02512553)
(1.055025, 0.03962714, 0.03132918)
(1.055688, 0.03753733, 0.03552992)
(1.057934, 0.03296838, 0.03748823)
(1.060778, 0.02791187, 0.03913502)
(1.064272, 0.0214582, 0.04012189)
(1.068955, 0.01348297, 0.03890518)
(1.075493, 0.004529796, 0.03565196)
(1.080422, 6.282174, 0.0363883)
(1.083425, 6.277208, 0.0371834)
(1.084052, 6.274346, 0.03787177)
(1.086595, 6.268212, 0.03664061)
(1.089482, 6.260508, 0.03279988)
(1.092922, 6.254827, 0.02963272)
(1.096368, 6.251672, 0.02774317)
(1.097488, 6.246774, 0.02577389)
(1.097789, 6.243429, 0.02425944)
(1.097948, 6.241154, 0.02391315)
(1.099064, 6.238476, 0.02280977)
(1.100994, 6.236856, 0.02228596)
(1.102789, 6.233957, 0.02091437)
(1.104194, 6.228905, 0.01651952)
(1.106513, 6.223516, 0.01057272)
(1.108182, 6.218399, 0.005127714)
(1.109645, 6.213038, 6.281916)
(1.111401, 6.210426, 6.278601)
(1.112397, 6.208212, 6.276011)
(1.112528, 6.201841, 6.269205)
(1.113662, 6.193831, 6.260168)
(1.114443, 6.187908, 6.252414)
(1.113364, 6.181455, 6.242203)
(1.113082, 6.175957, 6.233129)
(1.113041, 6.173395, 6.225947)
(1.115036, 6.173416, 6.222386)
(1.118546, 6.176124, 6.223255)
(1.120412, 6.178534, 6.224269)
(1.118608, 6.178666, 6.223218)
(1.117777, 6.177108, 6.220429)
(1.125731, 6.165471, 6.205852)
(1.136769, 6.155549, 6.191588)
(1.140254, 6.164969, 6.197921)
(1.131873, 6.189488, 6.222235)
(1.126533, 6.203928, 6.235586)
(1.125681, 6.209502, 6.238817)
(1.131489, 6.205669, 6.231477)
(1.139434, 6.200313, 6.224725)
(1.144947, 6.20405, 6.228133)
(1.148378, 6.210924, 6.234659)
(1.152321, 6.218654, 6.243705)
(1.155377, 6.224668, 6.250487)
(1.15681, 6.231901, 6.257887)
(1.15869, 6.23843, 6.264603)
(1.161717, 6.244007, 6.270481)
(1.166155, 6.24935, 6.276335)
(1.17116, 6.250205, 6.278089)
(1.176087, 6.247837, 6.278217)
(1.181937, 6.245816, 6.278708)
(1.188481, 6.244244, 6.280517)
(1.191371, 6.248466, 0.005484505)
(1.190825, 6.256362, 0.01770141)
(1.189467, 6.263739, 0.03002425)
(1.188142, 6.264051, 0.03662557)
(1.189706, 6.25014, 0.02907382)
(1.192959, 6.232665, 0.01678412)
(1.199374, 6.223544, 0.01287939)
(1.20477, 6.224164, 0.01909984)
(1.206912, 6.24281, 0.04565473)
(1.208526, 6.260882, 0.07139624)
(1.212758, 6.273957, 0.09110309)
(1.216623, 0.004322213, 0.1106966)
(1.218984, 0.03112232, 0.1418738)
(1.220405, 0.05888573, 0.1739045)
(1.220334, 0.08465566, 0.2031527)
(1.21665, 0.116559, 0.237174)
(1.211883, 0.1477408, 0.2709085)
(1.20476, 0.1784606, 0.303335)
(1.199565, 0.2053113, 0.3308828)
(1.197959, 0.2278096, 0.3526452)
(1.197991, 0.246581, 0.3704207)
(1.208952, 0.2523797, 0.3705066)
(1.217973, 0.2600019, 0.369954)
(1.221112, 0.2686756, 0.3707703)
(1.221237, 0.2793254, 0.3707976)
(1.217311, 0.3020858, 0.3860401)
(1.2131, 0.328989, 0.4073454)
(1.208968, 0.3609052, 0.4344596)
(1.208984, 0.3910736, 0.4582112)
(1.209822, 0.4141878, 0.4738663)
(1.210491, 0.4326119, 0.4827102)
(1.207568, 0.4463853, 0.4868706)
(1.202893, 0.4579699, 0.4900989)
(1.195512, 0.4683207, 0.4910746)
(1.188751, 0.4791009, 0.4930584)
(1.181787, 0.4877414, 0.4930462)
(1.17777, 0.4991058, 0.4948664)
(1.176074, 0.509454, 0.4954207)
(1.174146, 0.5208579, 0.4968615)
(1.171631, 0.5329295, 0.4981184)
(1.166903, 0.5417619, 0.4958966)
(1.163289, 0.5488132, 0.4929381)
(1.161071, 0.5486042, 0.4820189)
(1.159775, 0.5575832, 0.4805321)
(1.15783, 0.5618351, 0.4732278)
(1.152703, 0.5626191, 0.4638889)
(1.145521, 0.5596312, 0.4530409)
(1.140654, 0.5595952, 0.4441731)
(1.13743, 0.558746, 0.4355523)
(1.134467, 0.5606733, 0.4291232)
(1.130662, 0.5611285, 0.4229791)
(1.12654, 0.5572404, 0.414777)
(1.122487, 0.5533121, 0.4058287)
(1.118259, 0.548672, 0.396666)
(1.115111, 0.5473231, 0.3911726)
(1.112854, 0.5502289, 0.3901384)
(1.110874, 0.5532444, 0.3888957)
(1.109015, 0.5549488, 0.3871236)
(1.105588, 0.5536965, 0.3849844)
(1.102223, 0.553486, 0.38251)
(1.098099, 0.5529686, 0.384597)
(1.096229, 0.5540906, 0.3864323)
(1.096549, 0.5574588, 0.3920744)
(1.097156, 0.5578057, 0.3955465)
(1.096145, 0.5535471, 0.3959345)
(1.094374, 0.5511569, 0.3976268)
(1.093923, 0.5472777, 0.3985353)
(1.095567, 0.5426175, 0.4001995)
(1.097602, 0.5388466, 0.4033208)
(1.100142, 0.5342265, 0.4062572)
(1.102066, 0.5273762, 0.4083059)
(1.101953, 0.5219479, 0.4115868)
(1.097167, 0.5114773, 0.4122144)
(1.096407, 0.4991188, 0.4088691)
(1.101239, 0.4874691, 0.4038795)
(1.113053, 0.4797543, 0.3975352)
(1.111728, 0.4734415, 0.395893)
(1.108885, 0.4674679, 0.3954601)
(1.110474, 0.4644637, 0.3966651)
(1.115713, 0.4627059, 0.3981614)
(1.125525, 0.4615389, 0.3977941)
(1.134269, 0.4597242, 0.3962642)
(1.136537, 0.4602124, 0.3975013)
(1.134209, 0.4610044, 0.3991969)
(1.132718, 0.4566158, 0.3953377)
(1.134588, 0.4522955, 0.3912977)
(1.137504, 0.4503296, 0.3886491)
(1.146884, 0.4531225, 0.3895646)
(1.153017, 0.4545795, 0.3897224)
(1.158825, 0.4534621, 0.3858645)
(1.159571, 0.4468599, 0.3768812)
(1.159539, 0.4411377, 0.367915)
(1.162417, 0.4385228, 0.3615016)
(1.167893, 0.4353574, 0.3532476)
(1.174719, 0.4223713, 0.333752)
(1.177034, 0.407952, 0.3111943)
(1.177265, 0.3928579, 0.2874402)
(1.176159, 0.3773223, 0.2648985)
(1.171466, 0.3612036, 0.2438977)
(1.169297, 0.3444402, 0.2237698)
(1.172508, 0.3280469, 0.2045)
(1.176646, 0.3099374, 0.1851911)
(1.189784, 0.2841807, 0.1591897)
(1.196485, 0.2529375, 0.1259598)
(1.200455, 0.2088805, 0.0815672)
(1.202469, 0.1691994, 0.04214454)
(1.203883, 0.1379149, 0.01162444)
(1.200001, 0.1187219, 6.27905)
(1.194311, 0.1044286, 6.270105)
(1.187449, 0.08727789, 6.260399)
(1.178781, 0.06537279, 6.244378)
(1.171692, 0.03818202, 6.226855)
(1.17045, 6.281443, 6.195692)
(1.172927, 6.256511, 6.169199)
(1.181574, 6.258419, 6.168685)
(1.199054, 6.260247, 6.178643)
(1.210557, 6.245531, 6.176536)
(1.215034, 6.22235, 6.168839)
(1.213906, 6.197026, 6.151194)
(1.206624, 6.17658, 6.134268)
(1.19622, 6.171843, 6.135146)
(1.189098, 6.16793, 6.138721)
(1.187923, 6.159036, 6.137137)
(1.190522, 6.149409, 6.133922)
(1.191961, 6.139431, 6.130054)
(1.189659, 6.129046, 6.1263)
(1.181735, 6.114081, 6.119914)
(1.175121, 6.086289, 6.101437)
(1.171351, 6.052435, 6.076007)
(1.168935, 6.025168, 6.056463)
(1.163775, 5.994455, 6.032793)
(1.157393, 5.972908, 6.01785)
(1.149989, 5.954393, 6.006548)
(1.144793, 5.944418, 6.004262)
(1.142505, 5.94014, 6.00667)
(1.140342, 5.935569, 6.009282)
(1.138364, 5.92993, 6.012082)
(1.13563, 5.923093, 6.014022)
(1.133231, 5.92144, 6.019366)
(1.135486, 5.931647, 6.034894)
(1.137961, 5.935962, 6.043563)
(1.141804, 5.945065, 6.053973)
(1.143409, 5.954024, 6.061564)
(1.14331, 5.961447, 6.068374)
(1.144264, 5.969965, 6.073949)
(1.146668, 5.981651, 6.080763)
(1.148488, 6.002826, 6.096046)
(1.151207, 6.031052, 6.119431)
(1.155635, 6.063862, 6.14558)
(1.159286, 6.093039, 6.169096)
(1.165037, 6.128707, 6.197357)
(1.169434, 6.170717, 6.232414)
(1.171203, 6.214807, 6.270319)
(1.168917, 6.262053, 0.02446419)
(1.165114, 0.0008275008, 0.03381582)
(1.166957, 0.0206749, 0.04155187)
(1.173289, 0.05059364, 0.06101089)
(1.178818, 0.09201278, 0.09209171)
(1.181048, 0.1371784, 0.1290817)
(1.179581, 0.1879152, 0.1751242)
(1.176498, 0.2228395, 0.2095967)
(1.173002, 0.2419586, 0.2281451)
(1.168495, 0.2344266, 0.2216592)
(1.169047, 0.2167879, 0.202088)
(1.173785, 0.2181021, 0.2006467)
(1.173399, 0.2317925, 0.2119273)
(1.163993, 0.257323, 0.236024)
(1.154081, 0.2757515, 0.2540485)
(1.142804, 0.2826061, 0.2636184)
(1.135802, 0.2789688, 0.2630793)
(1.135802, 0.2789688, 0.2630793)
(1.132511, 0.2594993, 0.2460099)
(1.131338, 0.2448871, 0.2319248)
(1.127037, 0.23571, 0.2231723)
(1.122394, 0.2283924, 0.2163532)
(1.118025, 0.2228893, 0.2114065)
(1.113804, 0.2180239, 0.207076)
(1.109579, 0.2126979, 0.2021676)
(1.10685, 0.2032429, 0.1930016)
(1.103798, 0.1938562, 0.1842819)
(1.101351, 0.1844714, 0.1752821)
(1.099486, 0.1747702, 0.166351)
(1.099009, 0.1651305, 0.1570821)
(1.098918, 0.1558151, 0.1472345)
(1.099723, 0.1484794, 0.1383569)
(1.100638, 0.14555, 0.1336562)
(1.100864, 0.1453664, 0.131822)
(1.09956, 0.1420738, 0.1273342)
(1.097669, 0.1369621, 0.1205789)
(1.094122, 0.1333804, 0.1150478)
(1.091099, 0.1331772, 0.1131004)
(1.089174, 0.1344178, 0.1129987)
(1.086741, 0.1337812, 0.1109498)
(1.083884, 0.1317667, 0.1072648)
(1.080677, 0.1297828, 0.1036343)
(1.076239, 0.1278421, 0.1003506)
(1.072105, 0.1256609, 0.0967022)
(1.067127, 0.1228925, 0.0921186)
(1.063407, 0.1212355, 0.08891471)
(1.059075, 0.1191232, 0.08506902)
(1.055915, 0.1181643, 0.08237766)
(1.052566, 0.1171963, 0.07952113)
(1.050263, 0.1152457, 0.07586995)
(1.04764, 0.1137597, 0.07288644)
(1.045347, 0.1115488, 0.06908797)
(1.042738, 0.1089729, 0.06454492)
(1.040322, 0.1082609, 0.06130483)
(1.037926, 0.1075483, 0.05859989)
(1.036427, 0.1060476, 0.05513879)
(1.035123, 0.1057204, 0.0533052)
(1.033799, 0.1048408, 0.05060396)
(1.032831, 0.1031068, 0.04756368)
(1.031609, 0.1021257, 0.04534607)
(1.03111, 0.1010541, 0.04347564)
(1.030388, 0.09963773, 0.04143231)
(1.029123, 0.09913136, 0.04004728)
(1.027956, 0.09808376, 0.03816744)
(1.027638, 0.0966595, 0.0360986)
(1.02757, 0.09472249, 0.03384604)
(1.027389, 0.09065048, 0.02929888)
(1.028032, 0.08726236, 0.02595128)
(1.028094, 0.08556807, 0.02404849)
(1.027593, 0.08541877, 0.02370396)
(1.026211, 0.08471951, 0.02263311)
(1.02446, 0.08370429, 0.0218611)
(1.023035, 0.08272301, 0.0208646)
(1.022531, 0.08083079, 0.01896666)
(1.022929, 0.07864448, 0.01685557)
(1.024377, 0.07579912, 0.01326149)
(1.025167, 0.07411252, 0.01174399)
(1.024534, 0.07245173, 0.01060925)
(1.023883, 0.07037938, 0.008786175)
