(1142.277, 213.0697, 12868.87)
(-70.23848, 50.79642, 52.00812)
(-73.18635, 52.62872, 58.67179)
(-84.06847, 54.08166, 54.82073)
(-121.5254, 59.69274, 51.12232)
(-135.9872, 54.97351, 56.67188)
(-118.566, 72.88647, 46.1443)
(-69.70261, 96.84332, 17.70453)
(-96.58617, 74.29507, 36.88667)
(-122.8737, 96.41995, 31.80471)
(-118.3472, 119.3697, 52.46605)
(-141.1515, 106.1556, 68.14217)
(-144.2923, 96.68471, 59.34624)
(-137.4191, 78.3596, 53.46647)
(-152.72, 71.9211, 69.22091)
(-141.4445, 70.9994, 60.80037)
(-135.8254, 42.59991, 66.94226)
(-136.1773, 53.57876, 65.56705)
(-141.1086, 43.28994, 66.31747)
(-131.5066, 37.56812, 75.35812)
(-134.7148, 11.35136, 93.29384)
(-142.7443, 25.77309, 76.42316)
(-132.4767, -2.116658, 94.5937)
(-132.896, -9.480575, 102.2586)
(-133.9736, -1.154803, 91.31837)
(-111.7641, -32.27481, 108.7543)
(-119.4984, -16.34676, 100.7176)
(-103.7201, -36.59011, 113.5053)
(-86.61942, -21.4157, 129.4585)
(-103.5614, -42.18064, 122.1231)
(-99.34898, -43.41111, 122.6477)
(-93.46812, -48.00412, 132.7724)
(-98.73669, -53.51337, 137.6146)
(-90.3312, -54.6675, 134.313)
(-86.87211, -59.64474, 134.53)
(-85.08256, -60.43966, 131.1507)
(-74.34108, -73.08044, 140.298)
(-80.63078, -68.21125, 134.8919)
(-68.96294, -83.48742, 144.1946)
(-75.39366, -74.90137, 136.1537)
(-64.57598, -68.56344, 136.205)
(-66.45394, -74.93887, 133.3791)
(-63.54908, -74.57543, 142.7174)
(-61.74117, -57.17979, 124.6964)
(-50.3618, -59.75926, 128.2566)
(-48.40276, -48.67485, 118.8189)
(-43.11397, -58.54159, 117.9914)
(-25.84578, -60.97073, 116.0535)
(-35.28065, -48.317, 106.6396)
(-37.20811, -50.41282, 96.93436)
(-25.36237, -31.11365, 79.01831)
(-28.57354, -33.21187, 82.69859)
