(-6893.615, 223.1402, 4357.813)
(5.66028, 47.44804, -39.62086)
(19.51363, 73.02697, -33.34311)
(15.62503, 74.25124, -38.83066)
(1.927789, 80.53728, -26.21705)
(5.586304, 93.53425, -0.6459399)
(-0.9922515, 106.2981, -18.43653)
(-9.010339, 103.1805, -10.8788)
(-3.82804, 102.3369, -9.42372)
(-3.019894, 102.6152, -39.71784)
(4.290373, 104.1697, -31.03503)
(12.96172, 115.014, -40.48597)
(14.48178, 117.8691, -41.46471)
(8.175564, 113.4446, -41.80233)
(3.673709, 115.1392, -50.36554)
(2.542826, 115.2384, -43.4737)
(-0.156371, 102.7357, -53.86658)
(-3.39503, 108.1191, -60.17734)
(-5.198697, 95.08276, -63.88839)
(6.136678, 95.52689, -63.28773)
(-5.876165, 83.79256, -79.3714)
(1.311275, 80.68633, -66.68543)
(-0.790877, 67.27106, -77.81321)
(-11.23377, 53.55219, -86.77608)
(-1.045743, 53.7368, -76.94401)
(-9.298602, 22.65722, -86.52336)
(-18.09349, 18.74198, -93.1497)
(-18.00951, 0.9626126, -85.52759)
(-11.36172, -4.961146, -85.54947)
(-22.03245, -11.68971, -95.96512)
(-18.15487, -26.44889, -92.17867)
(-15.86655, -26.81595, -90.46014)
(-23.6865, -44.84812, -93.17065)
(-25.39149, -60.81659, -92.55296)
(-21.49145, -55.08243, -87.29749)
(-25.23465, -73.62055, -87.43261)
(-22.76587, -82.41158, -85.21732)
(-25.07107, -83.32393, -89.31135)
(-23.26793, -93.21572, -81.85314)
(-24.59262, -102.5218, -85.92067)
(-18.59458, -91.18786, -82.42874)
(-14.926, -94.39027, -76.21995)
(-20.86149, -107.0117, -86.35701)
(-17.59904, -99.35508, -76.29301)
(-18.19377, -118.611, -65.8818)
(-23.57328, -115.5048, -65.56441)
(-32.72886, -117.9052, -72.20659)
(-27.44366, -108.5598, -50.34561)
(-30.0093, -93.22746, -59.03751)
(-25.68196, -85.30461, -55.69408)
(-14.77003, -75.93852, -40.31828)
(-26.51265, -58.65498, -42.36036)
(-36.63963, -71.34705, -45.83416)
(-42.63695, -62.36658, -32.52333)
(-41.09374, -64.46967, -26.9446)
(-45.28867, -63.08598, -28.19693)
(-32.2952, -52.8173, -17.86943)
(-22.79543, -54.93536, -16.94231)
(-23.07001, -58.10208, -12.3193)
(-11.24616, -58.76527, -0.287414)
(-5.475617, -46.10391, 8.833471)
