(-0.1400076, 1.834, 0.1744375)
(-0.1406347, 1.833484, 0.1741052)
(-0.1411715, 1.833086, 0.1737716)
(-0.1417533, 1.832694, 0.1731839)
(-0.1425748, 1.832236, 0.1726537)
(-0.1431435, 1.83182, 0.1722569)
(-0.1437762, 1.831317, 0.171783)
(-0.144227, 1.830634, 0.1713004)
(-0.1449537, 1.829976, 0.1706047)
(-0.145611, 1.829405, 0.169852)
(-0.1464516, 1.828779, 0.1691566)
(-0.1469368, 1.828442, 0.1686931)
(-0.1476715, 1.827798, 0.1679554)
(-0.1484492, 1.827082, 0.1670573)
(-0.1492245, 1.826374, 0.1661952)
(-0.150015, 1.825653, 0.1651824)
(-0.1507875, 1.82498, 0.1641607)
(-0.1516324, 1.824279, 0.1632116)
(-0.1524057, 1.82357, 0.1621411)
(-0.1529403, 1.822629, 0.1613362)
(-0.1535817, 1.821963, 0.1602452)
(-0.1542252, 1.821373, 0.1590309)
(-0.1551324, 1.820943, 0.1574972)
(-0.1556221, 1.820556, 0.1563573)
(-0.1561494, 1.820112, 0.1551247)
(-0.1567304, 1.819699, 0.1536112)
(-0.157379, 1.819134, 0.1519766)
(-0.1579685, 1.818651, 0.1504331)
(-0.1586168, 1.818065, 0.1489537)
(-0.159436, 1.817253, 0.1470962)
(-0.1601549, 1.816632, 0.1452723)
(-0.1610715, 1.815902, 0.1435254)
(-0.1616856, 1.815198, 0.1419768)
(-0.1624155, 1.814441, 0.1402199)
(-0.1632544, 1.813592, 0.1383607)
(-0.1639358, 1.812592, 0.1365056)
(-0.1646584, 1.81141, 0.1347566)
(-0.1653281, 1.81023, 0.1329856)
(-0.1657714, 1.808989, 0.1315954)
(-0.1663915, 1.807701, 0.1298366)
(-0.1669651, 1.806404, 0.1283247)
(-0.1676422, 1.805206, 0.1270092)
(-0.1684061, 1.804217, 0.1255968)
(-0.1692985, 1.803267, 0.1241465)
(-0.1702803, 1.802268, 0.1226075)
(-0.1712574, 1.801458, 0.1213343)
(-0.1721524, 1.800666, 0.1201456)
(-0.1732866, 1.799793, 0.1189137)
(-0.1741878, 1.798918, 0.1180415)
(-0.1750857, 1.798298, 0.1171315)
(-0.1761373, 1.7979, 0.1164)
(-0.1772527, 1.797385, 0.1155288)
(-0.1786238, 1.797045, 0.1146901)
(-0.1800865, 1.796577, 0.1138523)
(-0.1813987, 1.796331, 0.1130316)
(-0.1825551, 1.796129, 0.1123297)
(-0.1837476, 1.796083, 0.1117818)
(-0.1850187, 1.795926, 0.1114283)
(-0.1861798, 1.79598, 0.1109002)
(-0.1875037, 1.795933, 0.1103315)
(-0.1886529, 1.795915, 0.1103396)
(-0.1897937, 1.795962, 0.1099181)
(-0.191079, 1.796037, 0.1094882)
(-0.1923064, 1.795958, 0.1093125)
(-0.1936868, 1.795893, 0.1089878)
(-0.1949309, 1.795985, 0.1091359)
(-0.1963071, 1.795797, 0.1089513)
(-0.1981145, 1.795427, 0.1086719)
(-0.1996092, 1.794997, 0.1086209)
(-0.2012118, 1.794472, 0.1082754)
(-0.202849, 1.793557, 0.1079683)
(-0.2044166, 1.792575, 0.1078775)
(-0.2061247, 1.791167, 0.1075757)
(-0.2080542, 1.789855, 0.107116)
(-0.209787, 1.787791, 0.1068585)
(-0.2121109, 1.786378, 0.1056588)
(-0.2140795, 1.784316, 0.1052744)
(-0.2156538, 1.782285, 0.1051655)
(-0.2170628, 1.779522, 0.1054139)
(-0.2189802, 1.776917, 0.1050889)
(-0.2207373, 1.773617, 0.1049461)
(-0.2226771, 1.770146, 0.1045823)
(-0.2248865, 1.766684, 0.1042643)
(-0.22677, 1.763522, 0.1042438)
(-0.2290601, 1.759988, 0.1038437)
(-0.2316011, 1.756382, 0.1036739)
(-0.2341205, 1.752561, 0.1035743)
(-0.2364212, 1.748478, 0.1035397)
(-0.2387785, 1.744632, 0.1034546)
(-0.2413963, 1.740579, 0.1035323)
(-0.2440654, 1.736729, 0.1035583)
(-0.2469343, 1.732899, 0.1039238)
(-0.2497829, 1.729593, 0.1041696)
(-0.2523032, 1.726021, 0.1047163)
(-0.2553548, 1.722848, 0.1051035)
(-0.2584263, 1.719784, 0.1056178)
(-0.2610849, 1.71652, 0.1062205)
(-0.2644814, 1.713892, 0.1067774)
(-0.2680975, 1.710996, 0.1071339)
(-0.2709531, 1.708549, 0.1084037)
(-0.2743255, 1.70654, 0.1092784)
(-0.2777914, 1.704622, 0.110126)
(-0.2809931, 1.702792, 0.1109567)
(-0.2846667, 1.701666, 0.1119764)
(-0.2882444, 1.700673, 0.112999)
(-0.2915477, 1.699773, 0.1140001)
(-0.2954906, 1.698951, 0.1150761)
(-0.2995356, 1.698316, 0.1160114)
(-0.3030654, 1.697919, 0.1174455)
(-0.3070194, 1.697526, 0.1187611)
(-0.3106719, 1.697392, 0.1203902)
(-0.3143934, 1.697111, 0.1214197)
(-0.3185831, 1.697433, 0.1228201)
(-0.3225521, 1.698249, 0.1244447)
(-0.32626, 1.698566, 0.1259685)
(-0.3304015, 1.69882, 0.1274881)
(-0.3344828, 1.699061, 0.1290858)
(-0.338446, 1.698929, 0.1307495)
(-0.3426541, 1.698765, 0.1323533)
(-0.346187, 1.69894, 0.1344352)
(-0.3499118, 1.698894, 0.1360879)
(-0.3537024, 1.698664, 0.1377378)
(-0.3569957, 1.69874, 0.1395867)
(-0.3602191, 1.698501, 0.141171)
(-0.3638424, 1.698318, 0.1426232)
(-0.3673052, 1.69812, 0.1441112)
(-0.3705059, 1.697852, 0.1454599)
(-0.3740083, 1.697571, 0.1466815)
(-0.3770937, 1.697404, 0.148067)
(-0.3800379, 1.697018, 0.1497686)
(-0.3831156, 1.696761, 0.1511042)
(-0.3862053, 1.696226, 0.1520941)
(-0.3891093, 1.69592, 0.1530168)
(-0.3922821, 1.695664, 0.1540129)
(-0.3953947, 1.695515, 0.1551757)
(-0.3981527, 1.69529, 0.1561675)
(-0.4011196, 1.69521, 0.1569891)
(-0.4038597, 1.695378, 0.1578526)
(-0.4065999, 1.695449, 0.1584914)
(-0.4096195, 1.695529, 0.1591933)
(-0.4125973, 1.695835, 0.1600602)
(-0.415291, 1.695926, 0.1608028)
(-0.4177982, 1.695787, 0.1615424)
(-0.4204968, 1.695757, 0.1619892)
(-0.4232339, 1.695666, 0.161824)
(-0.4259313, 1.695359, 0.1622367)
(-0.4286431, 1.695117, 0.1626279)
(-0.4313594, 1.694639, 0.1626475)
(-0.4343718, 1.694032, 0.1629353)
(-0.4372815, 1.693458, 0.1632376)
(-0.4398314, 1.692744, 0.1632943)
(-0.4426757, 1.692127, 0.1634603)
(-0.4451557, 1.691529, 0.1636798)
(-0.4476386, 1.690547, 0.163933)
(-0.4501425, 1.689492, 0.1640971)
(-0.4525937, 1.6883, 0.1643827)
(-0.4551026, 1.686946, 0.1644065)
(-0.4579498, 1.684965, 0.1645911)
(-0.4603125, 1.68296, 0.1648748)
(-0.462747, 1.680637, 0.1649299)
(-0.4651171, 1.678375, 0.1650174)
(-0.467183, 1.675946, 0.1652946)
(-0.4692959, 1.673022, 0.165288)
(-0.4712209, 1.66984, 0.1652582)
(-0.473049, 1.666682, 0.1652417)
(-0.4752198, 1.663178, 0.1650524)
(-0.4771479, 1.659647, 0.1647537)
(-0.4788281, 1.656145, 0.1644924)
(-0.4804631, 1.652512, 0.16435)
(-0.4822797, 1.648986, 0.1640184)
(-0.4840111, 1.645432, 0.163691)
(-0.4857887, 1.641713, 0.1633575)
(-0.4878446, 1.638101, 0.162864)
(-0.49005, 1.63432, 0.162231)
(-0.4923745, 1.630253, 0.1615229)
(-0.4945897, 1.62648, 0.1607912)
(-0.4971968, 1.622435, 0.1598778)
(-0.4997867, 1.618519, 0.159467)
(-0.5020384, 1.614797, 0.1586421)
(-0.5052134, 1.611261, 0.1574302)
(-0.5080076, 1.607823, 0.1565821)
(-0.5111245, 1.604764, 0.1554275)
(-0.5145179, 1.601582, 0.1539285)
(-0.5179623, 1.598437, 0.152554)
(-0.5211951, 1.595744, 0.1511457)
(-0.5247184, 1.593412, 0.1496327)
(-0.5282811, 1.591718, 0.1476912)
(-0.5314487, 1.589944, 0.1459506)
(-0.5352887, 1.588692, 0.1434708)
(-0.5386719, 1.587346, 0.1416981)
(-0.5422274, 1.586617, 0.1395864)
(-0.5459834, 1.585932, 0.1371937)
(-0.5497833, 1.585229, 0.1352389)
(-0.5537974, 1.585402, 0.1330631)
(-0.5577718, 1.585549, 0.1307347)
(-0.561658, 1.585993, 0.1282842)
(-0.5657119, 1.58651, 0.1259463)
(-0.5694996, 1.587013, 0.1239016)
(-0.573377, 1.587301, 0.1214263)
(-0.5772461, 1.587542, 0.119185)
(-0.581133, 1.587776, 0.1169474)
(-0.5854789, 1.588143, 0.1142015)
(-0.5898386, 1.588732, 0.1118882)
(-0.5938338, 1.589356, 0.1097682)
(-0.5981699, 1.590055, 0.1072721)
(-0.6023642, 1.590356, 0.105052)
(-0.6065458, 1.59038, 0.1028128)
(-0.610746, 1.590476, 0.1005695)
(-0.6148514, 1.590412, 0.09841633)
(-0.6188289, 1.590723, 0.0964911)
(-0.6234256, 1.590917, 0.09406757)
(-0.6274644, 1.591021, 0.09198737)
(-0.6315221, 1.591152, 0.08997774)
(-0.6354223, 1.591018, 0.08817053)
(-0.6393489, 1.591142, 0.08638716)
(-0.6431838, 1.591427, 0.0848217)
(-0.6470922, 1.591665, 0.08319497)
(-0.650993, 1.591858, 0.08181357)
(-0.6552113, 1.591859, 0.0803802)
(-0.6589807, 1.591802, 0.0792954)
(-0.6629616, 1.591609, 0.07844472)
(-0.6668087, 1.591589, 0.07746649)
(-0.6706122, 1.591619, 0.07649803)
(-0.6741391, 1.591513, 0.07587171)
(-0.6778129, 1.591458, 0.07533717)
(-0.681497, 1.591327, 0.07457805)
(-0.6850919, 1.591122, 0.07410598)
(-0.6886533, 1.590884, 0.07370019)
(-0.6924781, 1.590522, 0.07304502)
(-0.6958765, 1.590267, 0.07275009)
(-0.6994711, 1.58985, 0.07233119)
(-0.7028841, 1.589706, 0.07240033)
(-0.7066098, 1.58954, 0.07227993)
(-0.7100145, 1.589351, 0.07218957)
(-0.7133766, 1.589212, 0.07210255)
(-0.7166826, 1.58907, 0.07209754)
(-0.7198333, 1.589042, 0.07218742)
(-0.7233664, 1.58893, 0.0721395)
(-0.7265617, 1.588794, 0.0722115)
(-0.7296637, 1.588653, 0.07228231)
(-0.7326971, 1.588375, 0.07257605)
(-0.7358156, 1.588021, 0.07265377)
(-0.7387415, 1.587702, 0.07286811)
(-0.7416042, 1.587029, 0.07311559)
(-0.7446822, 1.586339, 0.07322431)
(-0.7477025, 1.585621, 0.07332397)
(-0.7509419, 1.584619, 0.0731523)
(-0.7537009, 1.583447, 0.07323456)
(-0.7564839, 1.582272, 0.07346487)
(-0.7592777, 1.580602, 0.07353926)
(-0.7619835, 1.578531, 0.07367826)
(-0.7646185, 1.576173, 0.07375908)
(-0.7672998, 1.573781, 0.0739522)
(-0.770027, 1.570451, 0.07396626)
(-0.7726408, 1.5671, 0.07415748)
(-0.7755274, 1.563075, 0.07428479)
(-0.7781593, 1.559363, 0.07437634)
(-0.7807153, 1.556241, 0.07483363)
(-0.7835468, 1.552411, 0.07531762)
(-0.7865289, 1.548489, 0.07567692)
(-0.7897185, 1.544504, 0.07606769)
(-0.7927977, 1.540558, 0.07643104)
(-0.7959241, 1.536592, 0.07697964)
(-0.7995154, 1.532187, 0.07730937)
(-0.8027314, 1.528105, 0.07803249)
(-0.8061484, 1.524335, 0.07871628)
(-0.8097037, 1.520342, 0.07914758)
(-0.8133088, 1.516886, 0.08002257)
(-0.816173, 1.513609, 0.08098626)
(-0.8199338, 1.510492, 0.08160663)
(-0.8234938, 1.507556, 0.08272314)
(-0.8272189, 1.505244, 0.08371067)
(-0.8310829, 1.502697, 0.08458257)
(-0.8352224, 1.499991, 0.08584929)
(-0.8391703, 1.497763, 0.08714819)
(-0.8434638, 1.495723, 0.0884316)
(-0.8478469, 1.494381, 0.09015894)
(-0.8518418, 1.493625, 0.09180403)
(-0.8562139, 1.49245, 0.09341216)
(-0.8607394, 1.491596, 0.09529972)
(-0.8657256, 1.490594, 0.09723735)
(-0.8711952, 1.489731, 0.09919977)
(-0.8760549, 1.489193, 0.1011508)
(-0.8805531, 1.48849, 0.1031039)
(-0.8853384, 1.487561, 0.1049242)
(-0.8902804, 1.486865, 0.1069148)
(-0.8953987, 1.486877, 0.1087663)
(-0.9000813, 1.487703, 0.1108048)
(-0.9048082, 1.488679, 0.1121991)
(-0.9089423, 1.490005, 0.1141257)
(-0.9136468, 1.491188, 0.1161094)
(-0.9181126, 1.491471, 0.1179168)
(-0.9230331, 1.491696, 0.1194935)
(-0.9276291, 1.492037, 0.1211731)
(-0.9321545, 1.492267, 0.1228211)
(-0.9365634, 1.492667, 0.1243923)
(-0.9405268, 1.493183, 0.1260445)
(-0.9447929, 1.493603, 0.1273036)
(-0.9490932, 1.493741, 0.1286225)
(-0.9534286, 1.493976, 0.1300006)
(-0.9575194, 1.494051, 0.1312058)
(-0.9615451, 1.493863, 0.1322267)
(-0.9653581, 1.493964, 0.1334839)
(-0.9690968, 1.493854, 0.1342828)
(-0.9727434, 1.493785, 0.13539)
(-0.9762665, 1.493551, 0.1362803)
(-0.9799472, 1.493376, 0.1370559)
(-0.9836799, 1.493068, 0.1377192)
(-0.9874502, 1.492805, 0.1383424)
(-0.9908241, 1.492629, 0.1388125)
(-0.9938031, 1.492506, 0.139246)
(-0.9970306, 1.492383, 0.1396155)
(-0.9999987, 1.492363, 0.1397917)
(-1.002993, 1.492281, 0.1400664)
(-1.005878, 1.492278, 0.1402805)
(-1.008697, 1.492109, 0.1403916)
(-1.01148, 1.492089, 0.1405005)
(-1.014403, 1.491971, 0.1405287)
(-1.017021, 1.491954, 0.1403415)
(-1.019521, 1.49189, 0.140317)
(-1.022064, 1.491807, 0.1402857)
(-1.024443, 1.491697, 0.1400945)
(-1.026986, 1.491686, 0.139914)
(-1.02915, 1.491474, 0.1396277)
(-1.031422, 1.491426, 0.1389513)
(-1.033534, 1.491312, 0.138552)
(-1.035728, 1.49114, 0.1380541)
(-1.037635, 1.49101, 0.1376162)
(-1.039392, 1.49087, 0.137136)
(-1.041229, 1.490801, 0.136693)
(-1.042935, 1.490669, 0.1359913)
(-1.044582, 1.490509, 0.1353042)
(-1.046181, 1.490336, 0.1345553)
(-1.047706, 1.489995, 0.1338065)
(-1.049, 1.489735, 0.132971)
(-1.050571, 1.48939, 0.1319015)
(-1.051938, 1.489349, 0.1304862)
(-1.053397, 1.489161, 0.1294453)
(-1.05453, 1.488928, 0.1282556)
(-1.055622, 1.488711, 0.1270154)
(-1.056407, 1.488441, 0.1257625)
(-1.057222, 1.488167, 0.1244977)
(-1.05809, 1.487991, 0.1229675)
(-1.058854, 1.487748, 0.1216288)
(-1.059555, 1.48751, 0.1201406)
(-1.060143, 1.487363, 0.1187999)
(-1.060562, 1.487225, 0.1174197)
(-1.061107, 1.48694, 0.1159167)
(-1.061471, 1.48675, 0.1141942)
(-1.061682, 1.486481, 0.1126738)
(-1.061975, 1.486204, 0.1110857)
(-1.062364, 1.485978, 0.1096542)
(-1.062433, 1.485651, 0.1081388)
(-1.062787, 1.48511, 0.1063399)
(-1.063002, 1.484832, 0.1043487)
(-1.06305, 1.484562, 0.1027291)
(-1.063283, 1.484068, 0.1009302)
(-1.063493, 1.483867, 0.09873295)
(-1.063635, 1.483359, 0.09697556)
(-1.063808, 1.482681, 0.09517169)
(-1.063984, 1.482013, 0.09324765)
(-1.063969, 1.481204, 0.09148908)
(-1.064203, 1.480566, 0.08956027)
(-1.064483, 1.480465, 0.08780599)
(-1.064446, 1.480711, 0.0862186)
(-1.064522, 1.481121, 0.08462691)
(-1.064542, 1.481426, 0.08319879)
(-1.064482, 1.48191, 0.08175683)
(-1.064693, 1.482021, 0.08005333)
(-1.06481, 1.48199, 0.0786798)
(-1.064791, 1.482012, 0.07726502)
(-1.064983, 1.48189, 0.07565475)
(-1.065226, 1.48203, 0.0741694)
(-1.065265, 1.482016, 0.07284498)
(-1.065287, 1.482073, 0.0716095)
(-1.065425, 1.482004, 0.07025433)
(-1.065564, 1.481742, 0.06899524)
(-1.065715, 1.481504, 0.06770563)
(-1.065864, 1.481279, 0.06630063)
(-1.065839, 1.481049, 0.06512737)
(-1.065951, 1.480831, 0.06397438)
(-1.066099, 1.480653, 0.06290078)
(-1.066169, 1.48054, 0.06190658)
(-1.066165, 1.48043, 0.06087613)
(-1.066211, 1.480481, 0.05952907)
(-1.065984, 1.480486, 0.05861998)
