(5.362177, 1.02144, 5.627502)
(5.36183, 1.022154, 5.626578)
(5.362147, 1.021827, 5.626822)
(5.361115, 1.020101, 5.628834)
(5.360949, 1.02083, 5.628197)
(5.361001, 1.021444, 5.627851)
(5.361211, 1.021747, 5.62789)
(5.361022, 1.021473, 5.628452)
(5.360274, 1.020659, 5.62973)
(5.360335, 1.020247, 5.63105)
(5.361357, 1.020108, 5.631243)
(5.36184, 1.017287, 5.634366)
(5.36149, 1.017094, 5.635355)
(5.365438, 1.018162, 5.63334)
(5.364944, 1.014234, 5.636755)
(5.364813, 1.013757, 5.637213)
(5.369227, 1.020149, 5.633271)
(5.377735, 1.026683, 5.632697)
(5.422631, 1.021414, 5.656105)
(5.449112, 0.9632304, 5.718781)
(5.484259, 0.8929368, 5.805967)
(5.476431, 0.8628163, 5.861236)
(5.407899, 0.9068982, 5.79894)
(5.346664, 0.8678901, 5.840151)
(5.347621, 0.7938622, 5.943337)
(5.41819, 0.7635673, 5.976799)
(5.452744, 0.7774163, 5.983349)
(5.429779, 0.8612409, 5.927889)
(5.421491, 0.8868685, 5.920479)
(5.409844, 0.87284, 5.944304)
(5.40027, 0.8358493, 5.993157)
(5.396327, 0.8327253, 6.008174)
(5.393618, 0.8497089, 5.997488)
(5.3903, 0.8639098, 5.990127)
(5.387386, 0.8777115, 5.978099)
(5.381313, 0.8861044, 5.97074)
(5.368831, 0.901838, 5.947733)
(5.354998, 0.9257739, 5.912417)
(5.347181, 0.9542022, 5.866132)
(5.334387, 0.9856413, 5.817077)
(5.322556, 1.005738, 5.779341)
(5.315203, 1.023463, 5.746448)
(5.311973, 1.033246, 5.72138)
(5.309345, 1.046839, 5.694267)
(5.312613, 1.056097, 5.673696)
(5.32255, 1.065009, 5.654845)
(5.330076, 1.075477, 5.634757)
(5.326232, 1.09042, 5.611471)
(5.304011, 1.121051, 5.5768)
(5.293259, 1.139213, 5.552815)
(5.286203, 1.147989, 5.540369)
(5.286911, 1.15264, 5.532588)
(5.297476, 1.144779, 5.535322)
(5.310215, 1.134182, 5.539507)
(5.324382, 1.107902, 5.565474)
(5.351962, 1.038306, 5.627614)
(5.386555, 0.9654147, 5.685506)
(5.383282, 0.9440511, 5.686085)
(5.364704, 0.9797174, 5.620991)
(5.370447, 0.9872153, 5.611126)
(5.377001, 0.9311243, 5.691178)
(5.423241, 0.8617775, 5.757615)
(5.479838, 0.8180494, 5.833615)
(5.468848, 0.7690065, 5.875926)
(5.458686, 0.6637236, 5.876438)
(5.42591, 0.9304317, 5.597174)
(5.418571, 1.278767, 5.398883)
(5.30733, 1.302462, 5.400976)
(5.25993, 1.219777, 5.45855)
(5.284734, 1.128355, 5.541542)
(5.363186, 0.9211435, 5.711091)
(5.359748, 0.8821836, 5.745655)
(5.376877, 0.9240683, 5.705653)
(5.391953, 0.960694, 5.678829)
(5.378143, 1.006439, 5.625397)
(5.340347, 1.03437, 5.605215)
(5.340418, 1.071727, 5.571073)
(5.342699, 1.064225, 5.57923)
(5.346548, 1.054417, 5.584754)
(5.356537, 1.021362, 5.615626)
(5.364487, 1.004722, 5.628274)
(5.369797, 0.9966335, 5.636253)
(5.36343, 0.9987944, 5.63383)
(5.359247, 1.012492, 5.621355)
(5.359851, 1.03039, 5.604858)
(5.35967, 1.029991, 5.604508)
(5.360046, 1.02287, 5.611413)
(5.363704, 1.016826, 5.617079)
(5.363662, 1.006823, 5.626139)
(5.366071, 1.007234, 5.624394)
(5.369493, 1.014709, 5.617675)
(5.368935, 1.014431, 5.617377)
(5.368668, 1.017438, 5.613532)
(5.368845, 1.01635, 5.615298)
(5.362071, 1.010979, 5.621927)
(5.36395, 1.010415, 5.622674)
(5.368561, 1.007241, 5.624228)
(5.371157, 1.008335, 5.622722)
(5.374682, 1.009684, 5.620718)
(5.371269, 1.008173, 5.622597)
(5.371919, 1.008911, 5.622303)
(5.369402, 1.006338, 5.625461)
(5.36717, 1.004306, 5.628031)
(5.369469, 1.00704, 5.625171)
(5.371943, 1.008646, 5.623852)
(5.371605, 1.005205, 5.626579)
(5.369639, 1.002807, 5.6288)
(5.368146, 1.00462, 5.627971)
(5.368847, 1.00455, 5.628362)
(5.375008, 1.00256, 5.629743)
(5.378027, 1.002262, 5.629429)
(5.372985, 0.9987033, 5.634131)
(5.368731, 1.001268, 5.633258)
(5.367867, 1.001954, 5.634161)
(5.365533, 0.9990131, 5.637538)
(5.370176, 1.002448, 5.63356)
(5.372636, 1.004739, 5.632214)
(5.367967, 1.002435, 5.637949)
(5.366896, 1.000425, 5.641137)
(5.366806, 1.000918, 5.640145)
(5.371156, 1.005691, 5.637546)
(5.370681, 1.011579, 5.633519)
(5.368361, 1.013046, 5.635329)
(5.364286, 1.012001, 5.63884)
(5.363215, 1.011372, 5.641874)
(5.370241, 1.018158, 5.638688)
(5.395217, 1.043603, 5.629595)
(5.411935, 1.042682, 5.63687)
(5.449581, 0.9941009, 5.692997)
(5.48554, 0.9002832, 5.787039)
(5.493872, 0.8188527, 5.882858)
(5.514095, 0.7545574, 5.962063)
(5.554813, 0.6942294, 6.025059)
(5.605934, 0.678372, 6.044184)
(5.662886, 0.6656205, 6.052943)
(5.721305, 0.6381885, 6.083848)
(5.729942, 0.5952881, 6.113234)
(5.732821, 0.5636238, 6.123441)
(5.709743, 0.5219496, 6.17003)
(5.742865, 0.4527954, 6.226944)
(5.740513, 0.4239248, 6.24092)
(5.719608, 0.3942359, 6.241539)
(5.723932, 0.3876977, 6.224962)
(5.737978, 0.4613102, 6.177416)
(5.729164, 0.539957, 6.128039)
(5.726518, 0.6433285, 6.060804)
(5.76506, 0.6427698, 6.072057)
(5.788182, 0.6336632, 6.106605)
(5.780928, 0.6391236, 6.135935)
(5.768593, 0.6568778, 6.158469)
(5.761171, 0.6732026, 6.174077)
(5.7435, 0.6878571, 6.190115)
(5.725666, 0.7060071, 6.201818)
(5.708748, 0.7219414, 6.210679)
(5.682881, 0.7341424, 6.220574)
(5.663756, 0.7427733, 6.232228)
(5.644418, 0.7452849, 6.240263)
(5.630759, 0.75141, 6.239707)
(5.61982, 0.7711666, 6.220353)
(5.608703, 0.7955166, 6.195133)
(5.602053, 0.8273886, 6.149914)
(5.593481, 0.8528199, 6.114217)
(5.585905, 0.874286, 6.070818)
(5.577381, 0.8899144, 6.029713)
(5.573233, 0.898453, 5.995706)
(5.576546, 0.9152433, 5.960667)
(5.586624, 0.9283171, 5.930573)
(5.605496, 0.9394199, 5.898944)
(5.616202, 0.9620531, 5.854928)
(5.59281, 1.004662, 5.78534)
(5.56088, 1.042219, 5.72261)
(5.50629, 1.050488, 5.708935)
(5.480848, 1.048187, 5.702863)
(5.456155, 1.026424, 5.731275)
(5.461275, 1.011269, 5.757673)
(5.478184, 1.015291, 5.755796)
(5.496245, 1.013171, 5.743936)
(5.518137, 0.9959572, 5.728737)
(5.453678, 0.8153549, 5.92588)
(5.473154, 0.7733408, 5.968919)
(5.429471, 0.8471944, 5.880797)
(5.434124, 0.9911332, 5.775687)
(5.439462, 1.111922, 5.6343)
(5.400604, 1.18109, 5.543633)
(5.400992, 1.159988, 5.588284)
(5.388693, 1.110437, 5.636799)
(5.35647, 1.10818, 5.633746)
(5.351573, 1.083928, 5.687862)
(5.35289, 1.028915, 5.737804)
(5.347497, 0.9966321, 5.747027)
(5.364188, 1.038586, 5.711174)
(5.382422, 1.072827, 5.681681)
(5.395452, 1.099931, 5.650597)
(5.395679, 1.088753, 5.655812)
(5.389413, 1.069937, 5.671777)
(5.388079, 1.059608, 5.683205)
(5.38416, 1.050913, 5.692602)
(5.382649, 1.054233, 5.689998)
(5.380675, 1.066859, 5.679803)
(5.380707, 1.070794, 5.676086)
(5.379763, 1.069335, 5.67744)
(5.378666, 1.064443, 5.681843)
(5.379667, 1.062212, 5.683779)
(5.382813, 1.063816, 5.680991)
(5.384847, 1.068229, 5.677402)
(5.385469, 1.066476, 5.678651)
(5.384002, 1.064694, 5.680584)
(5.38373, 1.064189, 5.681811)
(5.383298, 1.062534, 5.683603)
(5.383603, 1.063696, 5.682745)
(5.384738, 1.062296, 5.684329)
(5.383885, 1.063457, 5.683129)
(5.384832, 1.062928, 5.683325)
(5.385374, 1.063696, 5.682535)
(5.386724, 1.0638, 5.682189)
(5.386669, 1.062377, 5.683117)
(5.385761, 1.06226, 5.683585)
(5.385249, 1.061346, 5.684446)
(5.384274, 1.06188, 5.68382)
(5.3855, 1.063619, 5.681954)
(5.385911, 1.063796, 5.681131)
(5.385972, 1.064613, 5.680183)
(5.385402, 1.064249, 5.680985)
(5.384387, 1.062295, 5.683022)
