0.1690771
0.1413551
0.1047076
0.07476509
0.06639932
0.05741443
0.03628555
0.01875618
0.009238058
0.007990318
0.02102014
0.02907135
0.03531076
0.05471328
0.05606538
0.05211519
0.04670703
0.04162725
0.04026116
0.05424877
0.05535659
0.05181721
0.05033619
0.04402604
0.04676223
0.0404334
0.03219249
0.03295712
0.03201535
0.034729
0.03728703
0.03709252
0.03367655
0.03583285
0.03043093
0.02170858
0.01995632
0.0168343
0.01583972
0.02040078
0.0184515
0.0152481
0.01954194
0.00945361
0.004339429
MSE 0.04164108
total_moving_Distance 0.3459954