(0.04073462, 4.178225, 5.163931)
(0.03843637, 4.178927, 5.165098)
(0.03652255, 4.179213, 5.165948)
(0.03453801, 4.17788, 5.166656)
(0.03302334, 4.175646, 5.166822)
(0.03141369, 4.173788, 5.167314)
(0.02869961, 4.170657, 5.166924)
(0.02661841, 4.16807, 5.166002)
(0.02242929, 4.166084, 5.162666)
(0.01568143, 4.163559, 5.157413)
(0.006691387, 4.160289, 5.148891)
(6.281518, 4.165236, 5.138657)
(6.271664, 4.165431, 5.124404)
(6.259575, 4.154156, 5.114835)
(6.244776, 4.150709, 5.100562)
(6.237934, 4.134456, 5.081917)
(6.232123, 4.113616, 5.064992)
(6.221279, 4.070939, 5.047095)
(6.209808, 4.049321, 5.015216)
(6.192863, 4.024295, 4.992289)
(6.160423, 4.028086, 4.978484)
(6.116426, 4.057039, 4.936006)
(6.09617, 4.133452, 4.870886)
(6.110398, 4.157629, 4.836493)
(6.094147, 4.110487, 4.826757)
(6.041428, 4.049695, 4.822634)
(6.003852, 3.975295, 4.830288)
(5.987595, 3.989383, 4.811254)
(5.963969, 4.016563, 4.763589)
(5.942904, 4.045443, 4.72715)
(5.921029, 4.049574, 4.711406)
(5.899999, 4.02916, 4.706637)
(5.890815, 4.009141, 4.701554)
(5.886173, 4.007378, 4.703294)
(5.879948, 4.0256, 4.689185)
(5.883206, 4.047112, 4.676582)
(5.892312, 4.056284, 4.674956)
(5.900856, 4.058022, 4.682486)
(5.909791, 4.059323, 4.689822)
(5.925689, 4.054745, 4.706768)
(5.942848, 4.046298, 4.729573)
(5.964581, 4.037257, 4.754219)
(5.992279, 4.037836, 4.777821)
(6.018339, 4.040361, 4.799308)
(6.052687, 4.042746, 4.823987)
(6.088785, 4.046238, 4.84852)
(6.1292, 4.058324, 4.870925)
(6.16817, 4.080403, 4.888502)
(6.2027, 4.089646, 4.906308)
(6.23317, 4.089294, 4.92402)
(6.252416, 4.0914, 4.941596)
(6.26643, 4.096849, 4.955833)
(6.280246, 4.098065, 4.9691)
(0.002286228, 4.092512, 4.97845)
(6.273431, 4.079114, 4.987158)
(6.25957, 4.045403, 4.997773)
(6.258344, 4.00581, 5.005632)
(6.256461, 3.998065, 5.010363)
(6.250981, 4.002446, 5.012129)
(0.07594475, 4.191846, 4.986185)
(0.137155, 4.050171, 4.913317)
(0.1149367, 3.888728, 4.885684)
(6.132922, 3.929071, 5.017819)
(6.025477, 3.982062, 4.973764)
(6.198855, 4.063928, 4.912172)
(0.07803242, 4.142773, 4.932551)
(0.02899427, 4.027668, 4.936196)
(6.219891, 3.987493, 4.922056)
(6.134687, 4.003383, 4.967632)
(6.220649, 4.007935, 4.951477)
(0.01238417, 4.042913, 4.940653)
(6.268889, 4.010727, 4.95784)
(6.24111, 4.032654, 4.951197)
(6.217629, 4.028544, 4.964309)
(6.242621, 4.024863, 4.963647)
(6.254614, 4.019201, 4.968458)
(6.25508, 4.014568, 4.968812)
(6.254484, 4.009392, 4.976832)
(6.255219, 4.005271, 4.98216)
(6.259481, 4.007876, 4.986177)
(6.269055, 4.015811, 4.987385)
(6.272576, 4.017299, 4.990606)
(6.273254, 4.013753, 4.996827)
(-6.303191E-05, 4.005537, 5.003649)
(0.008623022, 4.003621, 5.007964)
(0.0162127, 4.007116, 5.013313)
(0.02171011, 4.011629, 5.018897)
(0.02326859, 4.01436, 5.024423)
(0.02538545, 4.011996, 5.030006)
(0.02890805, 4.00572, 5.038678)
(0.03538316, 4.00043, 5.045586)
(0.04242996, 4.000968, 5.051958)
(0.05142279, 4.011595, 5.06162)
(0.05930141, 4.017001, 5.069951)
(0.06592984, 4.021088, 5.078407)
(0.06980233, 4.021718, 5.086181)
(0.07159366, 4.013042, 5.092064)
(0.07629929, 4.008515, 5.097186)
(0.07923222, 4.004601, 5.100322)
(0.07719558, 4.005096, 5.101237)
(0.0781443, 4.007957, 5.10091)
(0.07854836, 4.009499, 5.100585)
(0.07627756, 4.009917, 5.099185)
(0.07121729, 4.009076, 5.095258)
(0.06537689, 4.013881, 5.092443)
(0.05464412, 4.010999, 5.086058)
(0.04859754, 4.01284, 5.082903)
(0.03889904, 4.014973, 5.074174)
(0.02938822, 4.022795, 5.067363)
(0.02425995, 4.030325, 5.057525)
(0.01710209, 4.030033, 5.051843)
(0.006606865, 4.029457, 5.044852)
(6.277303, 4.017353, 5.032042)
(6.266175, 4.013661, 5.022772)
(6.256464, 4.015583, 5.009758)
(6.253566, 4.031715, 4.999092)
(6.250586, 4.031335, 4.991482)
(6.248769, 4.044605, 4.990657)
(6.253563, 4.044763, 4.988513)
(6.248027, 4.034416, 4.985402)
(6.254869, 4.038176, 4.983307)
(6.259524, 4.042502, 4.985774)
(6.252985, 4.047402, 4.986792)
(6.248539, 4.050957, 4.987408)
(6.245175, 4.044769, 4.988255)
(6.247303, 4.025415, 4.990445)
(6.258605, 4.002822, 5.003752)
(6.262671, 3.982796, 5.008807)
(6.23488, 3.977609, 5.008179)
(6.218578, 3.967559, 5.01382)
(6.218941, 3.957745, 5.011221)
(6.232073, 3.983291, 4.985653)
(6.243523, 4.015415, 4.975668)
(6.24681, 4.060249, 4.952524)
(6.212049, 4.01235, 4.972114)
(6.182145, 3.913045, 4.950191)
(6.177554, 3.903667, 4.940666)
(6.16816, 3.874679, 4.925037)
(6.143228, 3.850422, 4.904092)
(6.090118, 3.814551, 4.896177)
(6.036833, 3.768182, 4.892271)
(5.996912, 3.74607, 4.879611)
(5.966569, 3.735886, 4.867017)
(5.948062, 3.759324, 4.841825)
(5.934953, 3.798273, 4.817519)
(5.924977, 3.835118, 4.79762)
(5.919306, 3.856532, 4.778724)
(5.911759, 3.865591, 4.766999)
(5.90876, 3.876402, 4.760098)
(5.905603, 3.899348, 4.749225)
(5.913713, 3.898899, 4.76398)
(5.920084, 3.907583, 4.766749)
(5.931636, 3.93465, 4.762494)
(5.944787, 3.960502, 4.768845)
(5.964648, 3.964245, 4.79199)
(5.981091, 3.957556, 4.823812)
(5.996559, 3.96413, 4.850256)
(6.017706, 3.971282, 4.885456)
(6.046379, 3.977295, 4.922026)
(6.075885, 3.991895, 4.958817)
(6.105499, 4.010749, 4.992412)
(6.142232, 4.042542, 5.022945)
(6.18089, 4.081865, 5.052154)
(6.219153, 4.120818, 5.083864)
(6.249626, 4.15996, 5.10849)
(6.274342, 4.197332, 5.133682)
(0.01139984, 4.227912, 5.151087)
(0.02398721, 4.240586, 5.163088)
(0.03515902, 4.250277, 5.166366)
(0.06404763, 4.275534, 5.16839)
(0.08484092, 4.36133, 5.141151)
(0.06352351, 4.526062, 5.023571)
(0.1232001, 3.986799, 5.17567)
(0.06984691, 3.921166, 5.258532)
(6.128196, 3.942185, 5.210049)
(6.217128, 4.075003, 5.081868)
(0.07371759, 4.206582, 5.1253)
(0.04082141, 4.28995, 5.12228)
(0.02746814, 4.248941, 5.118273)
(0.01564206, 4.204092, 5.144727)
(0.05599298, 4.136416, 5.138302)
(0.08469834, 4.131932, 5.144479)
(0.06415177, 4.182317, 5.147893)
(0.0606386, 4.191186, 5.153619)
(0.07013855, 4.1777, 5.164041)
(0.07778952, 4.154008, 5.162185)
(0.07999563, 4.163951, 5.167095)
(0.08100685, 4.174413, 5.169032)
(0.0853013, 4.175531, 5.169992)
(0.08933851, 4.173922, 5.168528)
(0.09236433, 4.177611, 5.165497)
(0.09220571, 4.181108, 5.163979)
(0.09450232, 4.182869, 5.164721)
(0.09917238, 4.180027, 5.165351)
(0.1011675, 4.177147, 5.164896)
(0.1012457, 4.176158, 5.165527)
(0.104493, 4.174734, 5.164307)
(0.1061301, 4.17517, 5.164582)
(0.1078569, 4.17577, 5.164474)
(0.1096994, 4.176126, 5.164965)
(0.1109371, 4.178396, 5.165714)
(0.1120441, 4.180696, 5.165918)
(0.1129461, 4.181333, 5.166115)
(0.1130664, 4.17971, 5.166313)
(0.1157719, 4.180517, 5.170047)
(0.1164533, 4.178389, 5.168219)
(0.1179914, 4.177466, 5.168475)
(0.1199975, 4.17525, 5.167281)
(0.1215221, 4.174602, 5.163222)
(0.1196911, 4.176776, 5.160286)
(0.116983, 4.176477, 5.156638)
(0.1185008, 4.175985, 5.155192)
(0.1171632, 4.176141, 5.152457)
(0.1155332, 4.175098, 5.151044)
(0.1145677, 4.173176, 5.148912)
(0.1135087, 4.176712, 5.150829)
(0.1108395, 4.176032, 5.148548)
(0.1136433, 4.175948, 5.149385)
