(1.734626, 2.95825, 144.4636)
(1.752746, 2.97544, 144.4812)
(1.819539, 2.946162, 144.5377)
(2.811766, 2.104783, 145.5029)
(2.777696, 2.08075, 145.467)
(2.772236, 2.075028, 145.4446)
(2.772236, 2.075028, 145.4446)
(2.755094, 2.098083, 145.4115)
(2.753401, 2.093387, 145.4101)
(2.808595, 2.10011, 145.3876)
(2.799082, 2.109861, 145.382)
(2.803648, 2.094626, 145.3609)
(2.80081, 2.096963, 145.3492)
(2.777886, 2.113199, 145.3201)
(2.768171, 2.139044, 145.3501)
(2.759385, 2.136207, 145.3618)
(2.765584, 2.145982, 145.3617)
(2.785063, 2.144599, 145.351)
(2.792931, 2.12605, 145.3471)
(2.800751, 2.132297, 145.3413)
(2.811098, 2.134395, 145.336)
(2.822876, 2.148008, 145.3456)
(2.830696, 2.147698, 145.3515)
(2.80894, 2.139115, 145.3729)
(2.813315, 2.141786, 145.3719)
(2.813745, 2.143502, 145.3725)
(2.79845, 2.13027, 145.3889)
(2.783203, 2.118802, 145.3975)
(2.776182, 2.12307, 145.4163)
(2.78517, 2.102661, 145.4252)
(2.763975, 2.13325, 145.3857)
(2.777374, 2.135277, 145.38)
(2.773774, 2.13089, 145.3816)
(2.752686, 2.11246, 145.4032)
(2.690494, 2.081776, 145.4883)
(2.660418, 2.067566, 145.5322)
(2.667391, 2.061462, 145.5697)
(2.667773, 2.055168, 145.5745)
(2.687335, 2.038074, 145.5452)
(2.698183, 2.047443, 145.4883)
(2.687657, 2.040458, 145.4524)
(2.655506, 2.025604, 145.4375)
(2.610826, 2.014375, 145.4752)
(2.580595, 2.014136, 145.5122)
(2.587533, 2.011514, 145.5458)
(2.612495, 2.002025, 145.5635)
(2.646899, 1.991582, 145.548)
(2.652168, 1.987243, 145.5265)
(2.631092, 1.987958, 145.5016)
(2.617073, 1.994967, 145.4663)
(2.59763, 1.996946, 145.4664)
(2.595115, 2.001333, 145.4948)
(2.604568, 1.997495, 145.5092)
(2.619207, 1.998878, 145.5381)
(2.593803, 1.992917, 145.5682)
(2.605188, 1.982999, 145.5797)
(2.592146, 1.990008, 145.5706)
(2.58311, 1.98946, 145.5573)
(2.590179, 1.993084, 145.5562)
(2.58435, 1.995182, 145.575)
(2.603185, 1.993608, 145.5911)
(2.585959, 2.000141, 145.6064)
(2.556777, 1.993728, 145.6079)
(2.531672, 2.00038, 145.5973)
