(0.04893517, -0.06553042, 0.5028002)
(0.04882014, -0.0656693, 0.5031807)
(0.04873812, -0.06562126, 0.503594)
(0.04823649, -0.06569874, 0.504247)
(0.04806316, -0.06549978, 0.5047599)
(0.04785442, -0.06505907, 0.5055803)
(0.0478605, -0.06464148, 0.5063685)
(0.04776216, -0.0635078, 0.5074644)
(0.04799044, -0.06146193, 0.5083405)
(0.04799032, -0.05943692, 0.510078)
(0.04870617, -0.05526757, 0.5128108)
(0.05028486, -0.04921865, 0.516376)
(0.05275929, -0.04153442, 0.5206201)
(0.05363798, -0.03296781, 0.5249449)
(0.05400395, -0.02394581, 0.5275041)
(0.05245161, -0.01380527, 0.530557)
(0.05133116, -0.0003892183, 0.5316877)
(0.04763615, 0.009426951, 0.536895)
(0.04647028, 0.02354562, 0.5405557)
(0.04515421, 0.03662932, 0.5442941)
(0.04644775, 0.05239576, 0.5467175)
(0.04167461, 0.06249487, 0.5546937)
(0.04028678, 0.0738017, 0.5595767)
(0.04366887, 0.08798742, 0.561362)
(0.04307914, 0.09755528, 0.5660664)
(0.04305637, 0.104677, 0.5708369)
(0.05177379, 0.1203199, 0.5672982)
(0.05277288, 0.1216838, 0.5729221)
(0.05342519, 0.1244846, 0.5785135)
(0.05434501, 0.1236835, 0.5850098)
(0.06525779, 0.1324241, 0.5830435)
(0.06717694, 0.1294079, 0.5902295)
(0.06864369, 0.128351, 0.5979151)
(0.07043374, 0.125133, 0.6055353)
(0.07233787, 0.1203277, 0.6138223)
(0.06791449, 0.113344, 0.6279391)
(0.06986618, 0.1080552, 0.6363169)
(0.07164383, 0.1039226, 0.6441761)
(0.07086289, 0.09803605, 0.6547248)
(0.07296932, 0.09399849, 0.662573)
(0.07508481, 0.09065509, 0.6683112)
(0.07925761, 0.08880955, 0.6717808)
(0.08167195, 0.08608788, 0.676401)
(0.08376443, 0.08417022, 0.6791929)
(0.0896194, 0.08434314, 0.678952)
(0.09067428, 0.08304369, 0.6804948)
(0.09135866, 0.08193886, 0.6816145)
(0.09271657, 0.08111137, 0.6826057)
(0.09645832, 0.08140028, 0.6799384)
(0.09675503, 0.08046478, 0.6802542)
(0.09651875, 0.07909685, 0.6822573)
(0.09731495, 0.08025914, 0.678807)
(0.09594381, 0.08429432, 0.6762239)
(0.09635067, 0.08538198, 0.6762991)
(0.0983907, 0.08644068, 0.6766014)
(0.09988213, 0.08708727, 0.6772053)
(0.1007252, 0.08718371, 0.6789675)
(0.1024213, 0.08858138, 0.6798496)
(0.1034741, 0.08941042, 0.6807779)
(0.1038462, 0.09031832, 0.6810184)
(0.1044345, 0.09081441, 0.6822834)
(0.1043533, 0.09129298, 0.6835862)
(0.102391, 0.09118825, 0.6854409)
(0.1014842, 0.09234858, 0.6851672)
(0.1011739, 0.09348094, 0.6850716)
(0.1001011, 0.09336263, 0.6856458)
(0.09995329, 0.09389299, 0.6874548)
(0.1002622, 0.09508145, 0.6882087)
(0.09938467, 0.09576517, 0.6907893)
(0.1005729, 0.09803921, 0.6914623)
(0.1011332, 0.1003941, 0.6930213)
(0.09950817, 0.1015007, 0.6967142)
(0.09905076, 0.1039135, 0.6989281)
(0.09859622, 0.1064941, 0.7005999)
(0.09737408, 0.1086706, 0.7033514)
(0.09632266, 0.1120018, 0.7067705)
(0.09615064, 0.1159264, 0.7094076)
(0.0941149, 0.1186432, 0.7149831)
(0.09367311, 0.122779, 0.7183948)
(0.09305334, 0.1265533, 0.7218539)
(0.0914551, 0.1285298, 0.7274356)
(0.09174895, 0.132398, 0.7315056)
(0.09200203, 0.1363376, 0.7353556)
(0.09180152, 0.1407904, 0.740832)
(0.09223974, 0.1466548, 0.7445836)
(0.09319437, 0.152606, 0.7470894)
(0.09292042, 0.1587322, 0.7512505)
(0.09412253, 0.1655465, 0.7535553)
(0.09560025, 0.1760566, 0.7548192)
(0.0957942, 0.1842206, 0.7590948)
(0.09831417, 0.195953, 0.7623526)
(0.09988177, 0.2065695, 0.766765)
(0.1009781, 0.2175516, 0.7725244)
(0.1023339, 0.2308458, 0.7790771)
(0.1041552, 0.2429861, 0.7839121)
(0.1046046, 0.2542549, 0.7913398)
(0.1069359, 0.2669626, 0.7975372)
(0.1092823, 0.2794543, 0.8032514)
(0.1097739, 0.2890016, 0.811922)
(0.1119449, 0.2995197, 0.8191547)
(0.1145396, 0.309827, 0.8256631)
(0.1152195, 0.3183661, 0.8341175)
(0.1168385, 0.3257639, 0.8437355)
(0.1195586, 0.3342271, 0.8505679)
(0.1198884, 0.3387732, 0.860603)
(0.1212739, 0.3442054, 0.869655)
(0.1237978, 0.3499881, 0.8774778)
(0.1234484, 0.3524266, 0.8890191)
(0.1253121, 0.3550242, 0.8981569)
(0.1278296, 0.3584706, 0.9063898)
(0.1277305, 0.3580526, 0.9181365)
(0.1303147, 0.3592282, 0.9284976)
(0.1328645, 0.3605078, 0.9376757)
(0.1333638, 0.3595651, 0.949126)
(0.1356152, 0.3592455, 0.9584078)
(0.137678, 0.3584447, 0.9678603)
(0.1385844, 0.3569985, 0.9785091)
(0.1402876, 0.3556412, 0.9878672)
(0.141678, 0.3540089, 0.9968144)
(0.1423216, 0.3514962, 1.006091)
(0.1438924, 0.3498443, 1.014496)
(0.1446791, 0.3479523, 1.021853)
(0.1444919, 0.3454822, 1.030092)
(0.1451169, 0.3438862, 1.035929)
(0.1456534, 0.3419787, 1.041818)
(0.1452557, 0.3394505, 1.046952)
(0.1462543, 0.3380697, 1.050454)
(0.1465203, 0.3360769, 1.053949)
(0.1460787, 0.3338353, 1.057487)
(0.146341, 0.3318769, 1.060144)
(0.1461414, 0.3297355, 1.062677)
(0.1448964, 0.3269055, 1.065464)
(0.1454318, 0.3253446, 1.065694)
(0.1471615, 0.3242869, 1.064479)
(0.1463549, 0.3232539, 1.064555)
(0.1464884, 0.3241084, 1.061934)
(0.1460166, 0.3238534, 1.06204)
(0.1454337, 0.3232872, 1.063377)
(0.145588, 0.3229207, 1.064977)
(0.1463313, 0.3232424, 1.065784)
(0.1455388, 0.322969, 1.06769)
(0.1448705, 0.323435, 1.06873)
(0.1450013, 0.3241194, 1.070866)
(0.1441551, 0.3233957, 1.073986)
(0.1431113, 0.3250229, 1.075375)
(0.1428429, 0.3276406, 1.075483)
(0.1427882, 0.3297041, 1.076572)
(0.1419113, 0.3321336, 1.077096)
(0.1420144, 0.3342519, 1.07823)
(0.1429255, 0.3355965, 1.080117)
(0.1435444, 0.338166, 1.081969)
(0.1448348, 0.3415537, 1.083364)
(0.1445198, 0.343926, 1.08604)
(0.1451389, 0.346981, 1.087629)
(0.1474711, 0.3505473, 1.089198)
(0.1474653, 0.3527716, 1.092282)
(0.1495334, 0.3561981, 1.095071)
(0.1514287, 0.3598908, 1.097247)
(0.1514374, 0.3629962, 1.100345)
(0.1521814, 0.3668784, 1.102212)
(0.1522549, 0.3715183, 1.103556)
(0.1511368, 0.3750359, 1.106416)
(0.1502477, 0.3803011, 1.107183)
(0.1494777, 0.385747, 1.107431)
(0.1484586, 0.3924007, 1.107813)
(0.146293, 0.3990172, 1.109541)
(0.1450075, 0.4062986, 1.110548)
(0.143909, 0.4124985, 1.112984)
(0.1428829, 0.4200506, 1.114453)
(0.1419559, 0.4279876, 1.115925)
(0.1388371, 0.4334079, 1.120902)
(0.137557, 0.4420802, 1.12302)
(0.1365573, 0.4502133, 1.124606)
(0.1340096, 0.4574412, 1.128352)
(0.1322864, 0.4656456, 1.131213)
(0.1247447, 0.4669537, 1.142554)
(0.1238786, 0.4741151, 1.145347)
(0.1233944, 0.4802531, 1.148341)
(0.1243712, 0.4863386, 1.150028)
(0.1234701, 0.492139, 1.152965)
(0.1232586, 0.4963567, 1.155633)
(0.1249497, 0.5009386, 1.156601)
(0.1250931, 0.5045564, 1.159623)
(0.1257598, 0.5079952, 1.162477)
(0.1300807, 0.5074456, 1.162179)
(0.1359898, 0.5025743, 1.160784)
(0.1368716, 0.5034301, 1.163319)
(0.1380002, 0.5032232, 1.165466)
(0.13831, 0.5033746, 1.168369)
(0.1392467, 0.5013841, 1.171408)
(0.1402563, 0.5001873, 1.174206)
(0.1412486, 0.4974752, 1.177383)
(0.1426976, 0.4950571, 1.18099)
(0.1442962, 0.4917961, 1.184202)
(0.1459619, 0.488216, 1.187517)
(0.1473253, 0.4847825, 1.191108)
(0.1491662, 0.4809061, 1.194598)
(0.1510834, 0.4767817, 1.197817)
(0.1530428, 0.4726312, 1.201476)
(0.1546011, 0.4687943, 1.205267)
(0.1556661, 0.465755, 1.209215)
(0.1577878, 0.4614456, 1.21239)
(0.1595583, 0.4583282, 1.215209)
(0.1612332, 0.4547985, 1.217457)
(0.1627764, 0.4518698, 1.220064)
(0.1642025, 0.4493065, 1.222454)
(0.1662792, 0.4460223, 1.224771)
(0.1675998, 0.443989, 1.227218)
(0.1689613, 0.4417399, 1.229764)
(0.1699419, 0.4400084, 1.23203)
(0.171212, 0.4374237, 1.233952)
(0.1721197, 0.4359634, 1.235403)
(0.1731451, 0.4345187, 1.236381)
(0.1741123, 0.4331142, 1.237711)
(0.1748991, 0.4321998, 1.238405)
(0.175594, 0.4314185, 1.238865)
(0.1764208, 0.4304542, 1.239038)
(0.1770296, 0.4297353, 1.239506)
(0.177663, 0.4292744, 1.238975)
(0.1777451, 0.4292722, 1.238136)
(0.1770935, 0.4291419, 1.237379)
(0.1769937, 0.4290001, 1.236988)
(0.1771649, 0.4289784, 1.23714)
(0.1776116, 0.4289711, 1.237757)
(0.1779805, 0.4290005, 1.238243)
(0.1787745, 0.4286769, 1.238408)
(0.1793885, 0.4283924, 1.238743)
(0.1798669, 0.4281226, 1.238777)
(0.180335, 0.4281607, 1.239204)
(0.1808337, 0.4279061, 1.239213)
(0.1808329, 0.42791, 1.238794)
(0.1810004, 0.4277658, 1.238483)
(0.1810664, 0.4276139, 1.238267)
(0.1810882, 0.4277133, 1.238342)
(0.1810794, 0.4277267, 1.238611)
(0.1814266, 0.4277536, 1.238357)
(0.1816055, 0.4279354, 1.238072)
(0.1819211, 0.4280927, 1.237807)
(0.1823237, 0.4280599, 1.237661)
(0.1828068, 0.4281009, 1.237521)
(0.1831729, 0.4281255, 1.237336)
(0.18341, 0.4281898, 1.237045)
(0.1835197, 0.4282504, 1.236654)
(0.1836748, 0.4283147, 1.236475)
(0.1838335, 0.4283608, 1.236267)
(0.1839434, 0.4283769, 1.236012)
(0.1842333, 0.4283389, 1.235778)
(0.1845137, 0.42839, 1.235468)
(0.1849515, 0.4284687, 1.23525)
(0.1851537, 0.4285293, 1.234852)
(0.1854321, 0.4285222, 1.234585)
(0.1856964, 0.4286177, 1.234408)
(0.1860435, 0.4287388, 1.234246)
