(307.4832, 193.0795, 333.3772)
(306.8116, 193.978, 332.5428)
(306.7874, 194.2324, 332.4339)
(306.7123, 193.943, 332.789)
(306.7115, 192.9016, 333.615)
(307.2169, 192.5193, 333.948)
(307.5667, 192.8657, 333.6644)
(307.6538, 193.392, 333.1615)
(307.4046, 194.0969, 332.5543)
(307.2809, 194.1935, 332.4477)
(307.3309, 194.1075, 332.5428)
(307.4674, 193.424, 332.9911)
(307.541, 193.1441, 333.1323)
(307.833, 193.2965, 332.9617)
(307.8705, 192.9742, 332.9875)
(307.8727, 192.7756, 332.9961)
(308.026, 192.598, 333.0269)
(308.3195, 192.3793, 332.9394)
(308.6198, 191.8585, 333.2874)
(308.6501, 191.5268, 333.3308)
(308.6269, 191.0009, 333.6765)
(308.578, 190.3142, 334.0731)
(308.7061, 189.8155, 334.2676)
(308.5932, 190.4683, 333.7477)
(307.9433, 190.7792, 333.7041)
(307.4638, 190.8713, 333.5123)
(307.3261, 190.7592, 333.0169)
(307.3207, 190.6638, 332.8141)
(307.3511, 190.4178, 332.5276)
(307.7514, 191.0133, 331.282)
(307.7545, 191.7657, 330.2716)
(307.4317, 193.0093, 328.6631)
(306.8131, 195.557, 326.3991)
(307.0699, 197.3537, 324.9348)
(307.1739, 197.8115, 324.6277)
(307.6652, 197.5969, 324.8159)
(307.8283, 198.4179, 324.2681)
(308.1157, 198.0325, 324.5596)
(308.0663, 195.5895, 326.6366)
(307.7163, 194.1063, 328.2042)
(307.3199, 192.352, 330.0208)
(307.1667, 192.0945, 330.2535)
(307.2579, 192.602, 329.9329)
(307.2701, 192.8732, 329.75)
(307.5681, 194.1806, 329.0683)
(307.9, 194.205, 329.1367)
(307.7505, 194.7912, 329.151)
(308.168, 191.8506, 332.0614)
