(5.377886, 1.052233, 5.658123)
(5.377946, 1.055474, 5.655026)
(5.377354, 1.055244, 5.65584)
(5.378402, 1.051839, 5.659313)
(5.377801, 1.052999, 5.6581)
(5.378112, 1.054994, 5.656322)
(5.378199, 1.053218, 5.65752)
(5.378069, 1.053458, 5.656862)
(5.377896, 1.054933, 5.655467)
(5.377912, 1.053707, 5.656742)
(5.377971, 1.052938, 5.658101)
(5.377923, 1.053155, 5.65828)
(5.377235, 1.052973, 5.658844)
(5.378422, 1.053366, 5.657911)
(5.378097, 1.053384, 5.657717)
(5.378128, 1.053446, 5.657106)
(5.378381, 1.053801, 5.656226)
(5.378005, 1.054797, 5.655316)
(5.377974, 1.054173, 5.656333)
(5.378411, 1.053629, 5.65739)
(5.379133, 1.052659, 5.658666)
(5.379849, 1.052388, 5.658561)
(5.38057, 1.0538, 5.657049)
(5.380586, 1.053117, 5.657492)
(5.380034, 1.052537, 5.658052)
(5.379934, 1.0531, 5.65738)
(5.3798, 1.053431, 5.6568)
(5.379691, 1.053341, 5.656819)
(5.379453, 1.053382, 5.656812)
(5.37967, 1.05292, 5.657425)
(5.379763, 1.053339, 5.657556)
(5.379648, 1.051801, 5.65879)
(5.379652, 1.052552, 5.657895)
(5.379972, 1.053651, 5.656773)
(5.379428, 1.052247, 5.657728)
(5.379542, 1.053259, 5.656527)
(5.379246, 1.053727, 5.656159)
(5.378914, 1.053049, 5.656951)
(5.379471, 1.053503, 5.656824)
(5.379297, 1.052247, 5.658065)
(5.379313, 1.053493, 5.656988)
(5.379539, 1.053001, 5.657287)
(5.378966, 1.052433, 5.657566)
(5.378582, 1.053517, 5.656375)
(5.378811, 1.054307, 5.655694)
(5.379752, 1.052637, 5.657218)
(5.378962, 1.05268, 5.657271)
(5.37919, 1.054313, 5.655858)
(5.379087, 1.05265, 5.657342)
(5.378811, 1.053676, 5.656718)
(5.3795, 1.055749, 5.654626)
(5.378949, 1.053387, 5.656968)
(5.378693, 1.053411, 5.657027)
(5.378771, 1.055331, 5.65543)
(5.378454, 1.053338, 5.657514)
(5.379475, 1.054515, 5.656807)
(5.379521, 1.052981, 5.658275)
(5.379463, 1.053521, 5.657821)
(5.379871, 1.053904, 5.657414)
(5.379538, 1.05312, 5.658438)
(5.378947, 1.053854, 5.658555)
(5.379008, 1.052982, 5.659394)
(5.378846, 1.052599, 5.659675)
(5.378826, 1.054261, 5.658309)
(5.378617, 1.052759, 5.660103)
(5.378386, 1.052781, 5.660542)
(5.377939, 1.051981, 5.661636)
(5.378156, 1.052362, 5.660805)
(5.378245, 1.053295, 5.65998)
(5.377778, 1.05207, 5.661472)
(5.376478, 1.051629, 5.663089)
(5.375543, 1.0501, 5.664773)
(5.375922, 1.051653, 5.663159)
(5.375593, 1.051365, 5.663309)
(5.375157, 1.051169, 5.663723)
(5.375492, 1.049626, 5.665578)
(5.375069, 1.048622, 5.66613)
(5.37477, 1.049886, 5.664472)
(5.374498, 1.04994, 5.663567)
(5.373797, 1.048909, 5.663755)
(5.374122, 1.0504, 5.661308)
(5.374169, 1.051009, 5.660316)
(5.373104, 1.050071, 5.661661)
(5.372511, 1.048377, 5.663389)
(5.371417, 1.053104, 5.661397)
(5.3734, 1.044393, 5.668737)
(5.371961, 1.048613, 5.664636)
(5.373001, 1.05047, 5.661837)
(5.373257, 1.047729, 5.663881)
(5.372207, 1.050227, 5.661652)
(5.371235, 1.050544, 5.661171)
(5.370627, 1.051771, 5.661712)
(5.369781, 1.048552, 5.665662)
(5.368628, 1.047154, 5.667292)
(5.368567, 1.050641, 5.662947)
(5.367726, 1.051617, 5.660465)
(5.36942, 1.053631, 5.656779)
(5.368232, 1.052396, 5.656623)
(5.367887, 1.052991, 5.653881)
(5.369958, 1.057125, 5.648176)
(5.370928, 1.059248, 5.643338)
(5.371339, 1.057807, 5.642291)
(5.369567, 1.058355, 5.640674)
(5.372395, 1.058174, 5.637697)
(5.375147, 1.05914, 5.632986)
(5.379871, 1.061993, 5.627328)
(5.382353, 1.063425, 5.623962)
(5.383407, 1.061765, 5.625388)
(5.384518, 1.058654, 5.626899)
(5.385158, 1.057813, 5.626485)
(5.387477, 1.061722, 5.621676)
(5.386173, 1.063428, 5.620294)
(5.387022, 1.061595, 5.620882)
(5.388532, 1.058622, 5.623043)
(5.389894, 1.060832, 5.620931)
(5.390281, 1.06078, 5.620941)
(5.390464, 1.062932, 5.62152)
(5.391163, 1.056865, 5.62746)
(5.391651, 1.057607, 5.626867)
(5.390639, 1.059939, 5.625309)
(5.390268, 1.05921, 5.625876)
(5.392253, 1.061472, 5.624144)
(5.392519, 1.057694, 5.628058)
(5.391579, 1.060096, 5.629301)
(5.391433, 1.05742, 5.633169)
(5.390195, 1.058563, 5.63472)
(5.391929, 1.058544, 5.636344)
(5.391211, 1.059323, 5.637228)
(5.39117, 1.058764, 5.638198)
(5.391317, 1.057713, 5.639899)
(5.39171, 1.062258, 5.639734)
(5.393673, 1.05798, 5.645699)
(5.392083, 1.053922, 5.653432)
(5.391284, 1.057913, 5.654643)
(5.391803, 1.051967, 5.662594)
(5.391851, 1.053544, 5.659664)
(5.395599, 1.058045, 5.656011)
(5.395565, 1.058175, 5.658051)
(5.392704, 1.052252, 5.666245)
(5.393414, 1.054785, 5.66772)
(5.396366, 1.057596, 5.668714)
(5.399346, 1.04474, 5.681608)
(5.399184, 1.041917, 5.686538)
(5.402736, 1.044278, 5.684842)
(5.40406, 1.045393, 5.684103)
(5.407324, 1.04361, 5.682834)
(5.416662, 1.044694, 5.67884)
(5.420593, 1.043176, 5.680227)
(5.421688, 1.036397, 5.687371)
(5.423183, 1.036042, 5.695261)
(5.42694, 1.018767, 5.719641)
(5.429711, 1.012877, 5.728497)
(5.435281, 1.018829, 5.72557)
(5.443314, 1.006355, 5.741008)
(5.450578, 0.9832116, 5.764796)
(5.463204, 0.9711362, 5.77691)
(5.479718, 0.9736881, 5.779568)
(5.49802, 0.9557464, 5.80752)
(5.5162, 0.9324068, 5.842287)
(5.551117, 0.9023221, 5.881926)
(5.584568, 0.8793505, 5.917357)
(5.6208, 0.8647608, 5.940989)
(5.655255, 0.83824, 5.981696)
(5.698971, 0.8120619, 6.013997)
(5.764263, 0.7957185, 6.03624)
(5.827129, 0.7900259, 6.052523)
(5.911216, 0.7746214, 6.087187)
(5.990572, 0.7616636, 6.112242)
(6.088724, 0.7562695, 6.141514)
(6.183272, 0.7632875, 6.171321)
(6.256925, 0.7687494, 6.203887)
(0.005531662, 0.8020384, 6.225101)
(0.04419916, 0.8380612, 6.267807)
(0.03774535, 0.8605365, 0.04563608)
(6.265821, 0.8505692, 0.02659179)
(6.185212, 0.7854842, 0.0255231)
(6.160537, 0.7391955, 0.05314299)
(6.093055, 0.786848, 0.02743371)
(6.072007, 0.8076599, 0.03407708)
(6.04875, 0.8113983, 0.07958091)
(6.050099, 0.7558396, 0.1955366)
(6.053867, 0.7314718, 0.244084)
(6.06082, 0.733602, 0.2603034)
(6.03724, 0.7312682, 0.2610753)
(6.033831, 0.7094265, 0.2739645)
(6.046749, 0.6886622, 0.2941101)
(6.073524, 0.6740406, 0.2926042)
(6.074997, 0.646954, 0.2925889)
(6.064842, 0.6078597, 0.2866378)
(6.047609, 0.568689, 0.2776432)
(6.038421, 0.5402471, 0.2674207)
(6.032551, 0.5380461, 0.2323461)
(6.034402, 0.5496637, 0.1925379)
(6.02351, 0.5552756, 0.163606)
(5.992732, 0.545217, 0.1436264)
(5.955826, 0.5323091, 0.140893)
(5.930651, 0.5253802, 0.1414294)
(5.909986, 0.533401, 0.1260944)
(5.891997, 0.5531395, 0.09679042)
(5.863933, 0.5655954, 0.06777292)
(5.821833, 0.5684475, 0.04287672)
(5.789533, 0.5806075, 0.01444822)
(5.76705, 0.6076653, 6.243876)
(5.734468, 0.6269205, 6.201673)
(5.698945, 0.6457908, 6.162144)
(5.646799, 0.6588305, 6.132424)
(5.605096, 0.6833981, 6.098404)
(5.581069, 0.7170735, 6.051272)
(5.559778, 0.7553524, 5.996618)
(5.54375, 0.7982167, 5.928638)
(5.524023, 0.8349604, 5.857129)
(5.508548, 0.8572461, 5.801604)
(5.484534, 0.8732767, 5.75902)
(5.457518, 0.907616, 5.704969)
(5.431372, 0.9401727, 5.662604)
(5.424806, 0.9607352, 5.643649)
(5.411744, 0.9689163, 5.647072)
(5.384419, 0.9767439, 5.658379)
(5.348877, 0.9510996, 5.712987)
(5.3376, 0.90176, 5.781743)
(5.355246, 0.8479423, 5.841809)
(5.372332, 0.8072278, 5.884761)
(5.399004, 0.7794907, 5.904566)
(5.412683, 0.7712939, 5.909194)
(5.41744, 0.7819532, 5.898515)
(5.436508, 0.7971714, 5.883154)
(5.496238, 0.9660373, 5.736185)
(5.462809, 0.991382, 5.613237)
(5.373256, 1.001599, 5.667213)
(5.320601, 1.045597, 5.635284)
(5.341114, 0.9789163, 5.687606)
(5.347721, 0.9557747, 5.722313)
(5.378214, 1.08476, 5.594345)
(5.412097, 1.164769, 5.494445)
(5.37712, 1.082994, 5.596978)
(5.359979, 1.00079, 5.680502)
(5.38908, 0.8964804, 5.786252)
(5.380304, 0.9209436, 5.754886)
(5.343318, 0.9550208, 5.7318)
(5.387975, 1.033563, 5.644887)
(5.375216, 1.022131, 5.650882)
(5.357442, 1.002202, 5.68232)
(5.342231, 1.001673, 5.684147)
(5.353461, 1.021814, 5.663653)
(5.360701, 1.00477, 5.682922)
(5.351602, 0.97952, 5.715224)
(5.356275, 0.9814077, 5.712222)
(5.354021, 0.9951264, 5.699366)
(5.352606, 0.9895539, 5.704282)
(5.352962, 0.9819505, 5.708257)
(5.353162, 0.9834843, 5.707357)
(5.35472, 0.9825624, 5.707791)
(5.348649, 0.978958, 5.714858)
(5.347097, 0.9794669, 5.712167)
(5.35115, 0.9820752, 5.707446)
(5.349786, 0.9828803, 5.704937)
(5.348269, 0.9853338, 5.701775)
(5.346208, 0.9869705, 5.700551)
(5.348726, 0.9857709, 5.699516)
(5.347805, 0.9839872, 5.701197)
(5.346269, 0.9856615, 5.697507)
(5.345127, 0.9936814, 5.687712)
(5.347658, 0.9917967, 5.68826)
(5.346688, 0.9946634, 5.683275)
(5.346895, 1.002343, 5.676394)
(5.349881, 0.997137, 5.67903)
(5.355104, 0.9917054, 5.685086)
(5.358001, 0.9880047, 5.686235)
(5.35713, 0.9965701, 5.677837)
(5.355312, 1.000282, 5.674541)
(5.354076, 0.9956507, 5.679825)
(5.355782, 0.9946565, 5.680983)
(5.35681, 0.9955859, 5.679412)
(5.35607, 0.9933626, 5.681876)
(5.354815, 0.996666, 5.67883)
(5.357462, 0.9944757, 5.680427)
(5.355814, 0.9985266, 5.677348)
(5.358511, 0.9968384, 5.678496)
(5.359492, 0.992018, 5.684146)
(5.356111, 0.9922782, 5.684581)
(5.357731, 0.9920128, 5.684367)
(5.357686, 0.9957926, 5.679796)
(5.357124, 0.9955447, 5.679557)
(5.357672, 0.9974326, 5.678006)
(5.3564, 0.9972322, 5.679133)
(5.357639, 0.9901713, 5.685705)
(5.356196, 0.9937392, 5.68288)
(5.354682, 0.9952361, 5.681406)
(5.355533, 0.9983078, 5.677819)
(5.355653, 1.000441, 5.676585)
(5.357563, 0.9917811, 5.685227)
(5.356742, 0.991784, 5.685629)
(5.357307, 0.9915359, 5.684947)
(5.345529, 0.9988083, 5.682002)
(5.36237, 1.018739, 5.659054)
(5.372736, 0.9789242, 5.700612)
(5.35376, 0.9732257, 5.700295)
(5.345025, 1.031757, 5.65378)
(5.352282, 1.003757, 5.678884)
(5.371049, 0.9619061, 5.715359)
(5.359113, 0.975514, 5.706335)
(5.3558, 0.9758606, 5.70927)
(5.351017, 1.007005, 5.676783)
(5.357604, 0.9974889, 5.690289)
(5.375338, 0.9624452, 5.716631)
(5.37039, 0.9628427, 5.720684)
(5.356385, 0.988076, 5.69962)
(5.356831, 0.9882692, 5.701337)
(5.363024, 0.9725016, 5.714338)
(5.365918, 0.9734432, 5.711208)
(5.359123, 0.9883515, 5.696083)
(5.357823, 0.9927454, 5.689551)
(5.361612, 0.9891396, 5.690173)
(5.36356, 0.9848371, 5.692176)
(5.362037, 0.9877225, 5.688034)
(5.360547, 0.9920835, 5.683888)
(5.361651, 0.9906299, 5.684781)
(5.362596, 0.9876235, 5.687945)
(5.36165, 0.9883324, 5.687351)
(5.360579, 0.9903171, 5.686275)
(5.358823, 0.9904795, 5.686529)
(5.358526, 0.9937479, 5.684315)
(5.360657, 0.9930268, 5.684805)
(5.360579, 0.9899167, 5.688669)
(5.362524, 0.98756, 5.691375)
(5.363367, 0.9828873, 5.695825)
(5.367027, 0.9872162, 5.692281)
(5.366817, 0.9840585, 5.695966)
(5.368972, 0.9795308, 5.700155)
(5.369963, 0.9783627, 5.70262)
(5.367202, 0.9800234, 5.702355)
(5.366599, 0.9799864, 5.703524)
(5.36933, 0.9771954, 5.70604)
(5.369248, 0.9757891, 5.707054)
(5.368142, 0.9793625, 5.703583)
(5.367461, 0.9816278, 5.70155)
(5.368678, 0.9793076, 5.704425)
(5.373465, 0.9775641, 5.706792)
(5.374583, 0.9715905, 5.712887)
(5.375123, 0.9718612, 5.712343)
(5.374731, 0.9753515, 5.709563)
(5.376234, 0.9736186, 5.711208)
(5.375788, 0.970724, 5.714626)
(5.377317, 0.9700137, 5.714354)
(5.378983, 0.970502, 5.713191)
(5.376099, 0.9716869, 5.712455)
(5.375947, 0.9727737, 5.712311)
(5.377038, 0.972181, 5.713606)
(5.37756, 0.9694362, 5.716736)
(5.377969, 0.9689548, 5.717237)
(5.377981, 0.9703606, 5.715705)
(5.378076, 0.9710073, 5.713938)
(5.378493, 0.9711484, 5.713065)
(5.377519, 0.9725739, 5.710083)
(5.376813, 0.976355, 5.705935)
(5.376376, 0.9745053, 5.70774)
(5.37612, 0.9738597, 5.708007)
