(-8815.175, -164.2628, 12255.26)
(1.073877, 1.366392, 2.839875)
(0.04002235, 0.4153671, -0.6944419)
(-0.4367957, -0.1912885, 0.9850749)
(0.8236265, -1.085413, -0.1504619)
(0, 0, 0)
(-7.378301, 0.222884, 6.783243)
(0.6591418, -0.2458535, 0.1091505)
(0.4409209, -0.5339796, 1.151047)
(-1.128548, -0.6173418, 1.212288)
(-0.5474014, -0.3583391, -1.882929)
(-2.285303, -0.4830372, 0.1148555)
(-0.4861455, 0.3627042, 0.9890547)
(-1.976289, 0.5974827, 2.250135)
(-1.37916, 1.256096, 1.006787)
(-0.9812403, -0.8671426, -0.6856729)
(-0.3105009, 0.03949834, -0.9819727)
(-0.5858352, -0.2007331, 0.06545645)
(-0.730832, -0.9622404, 0.3464588)
(-0.06429955, -0.116154, -0.1835648)
(-0.6807229, -0.8072085, 1.570722)
(0.4479876, 1.779212, 0.9331306)
(0.1170451, 0.172255, -0.004416795)
(0.4948006, -0.3054856, -1.288633)
(0.3955689, 0.3121201, -0.5082789)
(0.6569484, 0.2635603, -1.137214)
(-0.6554776, 0.2636893, -0.04120145)
(-4.166743, -2.187592, 2.666385)
(-1.946686, -1.283482, -2.206387)
(-0.1444377, -0.8272344, 0.4453497)
(1.394373, -2.31753, -2.04658)
(2.672051, 0.6726536, -2.804179)
(2.033128, -0.3731691, -1.066963)
(1.922078, 2.763944, 0.8134392)
(-0.1421282, 0.35287, 0.4802953)
(-0.2346747, 1.04785, -1.112249)
(1.786542, 1.905791, -1.203427)
(2.584822, 2.095044, -3.22887)
(2.867032, 2.4121, -4.599397)
(2.155012, -0.7205076, -4.493407)
(1.508663, 0.5775294, -2.107304)
(3.392795, 1.04332, -0.8266301)
(2.032372, -2.322711, -0.9706532)
(1.10403, 0.3829697, -0.7180682)
(-1.354071, 1.904604, 0.1433339)
(2.112523, 2.424207, 3.22939)
(-0.1687429, -0.5365159, 0.4326741)
(-1.443204, 0.7161926, 0.4338267)
(0.6487462, -0.5137722, 0.9165173)
(0.7106141, -0.2375913, -0.1436348)
(0.02187808, 1.599288, -0.6552485)
(3.773461, 0.6435193, -1.924144)
(1.566895, 0.2003703, -1.380551)
(0.3317344, 0.3146126, -2.02144)
(-0.5615891, -0.3230852, 0.2750796)
(-1.634646, -0.6165604, 1.221703)
(-0.5843487, -0.8759809, 1.642464)
(1.613875, -1.464179, -1.136378)
(0.10206, 0.03222947, 0.9894448)
(1.468792, 0.1287473, -0.3840962)
(-0.15893, -0.5154486, -0.4853807)
(0.2165391, -1.436942, -1.695392)
(-2.344583, -0.3936477, -0.6834762)
