(-115.9412, 2.110934, 19.59615)
(-116.4838, 2.518034, 19.42279)
(-117.0034, 2.907825, 19.20044)
(-117.9359, 3.521824, 18.82681)
(-119.3126, 4.071927, 18.51468)
(-122.491, 4.823112, 17.56039)
(-122.491, 4.823112, 17.56039)
(-124.0785, 5.051184, 17.04637)
(-125.7725, 5.16789, 16.39902)
(-127.2775, 5.208039, 15.86363)
(-128.8542, 5.071616, 15.34557)
(-130.565, 4.98302, 14.79393)
(-132.2633, 4.845953, 14.25538)
(-134.0759, 4.57859, 13.65566)
(-135.757, 4.504466, 13.1074)
(-137.3611, 4.424882, 12.57663)
(-139.1421, 4.168844, 11.9827)
(-140.7732, 4.023719, 11.48367)
(-142.3768, 3.800178, 11.01236)
(-145.7447, 3.18234, 10.0168)
(-147.3576, 2.945709, 9.570694)
(-147.3576, 2.945709, 9.570694)
(-149.0441, 2.633929, 9.065413)
(-150.5279, 2.411795, 8.673727)
(-151.8871, 2.265453, 8.296776)
(-153.2767, 2.046871, 7.876873)
(-154.2986, 1.872849, 7.609153)
