0.01746173
0.01627213
0.01426671
0.01259654
0.01307509
0.01467347
0.01564897
0.01551139
0.0129234
0.01478837
0.01434727
0.01409093
0.01358448
0.01380826
0.01505267
0.01376313
0.0145518
0.01096131
0.01073129
0.01088041
0.01184762
0.01481244
0.01519021
0.01486036
0.01329255
0.01368099
0.01432052
0.0131162
0.0132349
0.01322575
0.01348042
0.01304992
0.01330328
0.0134606
0.01341193
0.01337291
0.01313731
0.01352243
0.01352795
0.01456581
0.01404601
0.01320858
0.01118106
0.01242827
0.01409714
0.01480287
0.01221342
0.01097726
0.01152273
0.01477293
0.01799189
0.02069941
0.01933898
0.01729413
0.01358232
0.01339688
0.01753462
0.01712898
MSE 0.01409691
total_moving_Distance 0.001080517
height_from_ground 0.09655505
height_from_ground_error 0.01474505
height_from_ground_error2 0.01474506