(-105.0445, 1.562858, 7.729125)
(-106.2339, 1.790285, 7.801676)
(-107.7265, 2.349758, 7.808352)
(-110.532, 3.514695, 7.955134)
(-113.8395, 4.30162, 8.814979)
(-117.4591, 4.621458, 9.876764)
(-119.3204, 4.526305, 10.50172)
(-121.2153, 4.531074, 11.16636)
(-123.0325, 4.543352, 11.75083)
(-124.8584, 4.536963, 12.36035)
(-128.5661, 4.348946, 13.63401)
(-128.5661, 4.348946, 13.63401)
(-130.3604, 4.149961, 14.20903)
(-132.1889, 4.026413, 14.78124)
(-133.936, 3.675842, 15.34747)
(-135.6577, 3.287077, 15.79418)
(-137.3678, 3.018522, 16.29713)
(-138.9572, 2.729416, 16.75928)
(-140.4077, 2.433753, 17.18075)
(-141.8005, 2.136827, 17.63513)
(-142.8453, 1.913619, 18.06553)
(-143.8888, 1.652288, 18.43731)
(-144.8622, 1.405144, 18.86599)
(-146.1995, 0.6714582, 19.63046)
(-146.8915, 0.1699209, 19.88039)
