(292.2971, 153.4503, 295.0957)
(295.8277, 148.1649, 301.2346)
(296.2573, 136.8921, 311.7329)
(295.8034, 137.8705, 311.1838)
(297.2536, 143.3999, 308.1866)
(299.2628, 133.9466, 316.8214)
(300.898, 127.2039, 321.6646)
(302.911, 122.522, 322.5417)
(303.0475, 122.2166, 322.1145)
(302.9862, 121.7247, 322.8282)
(304.5848, 121.3097, 325.4222)
(308.489, 122.4031, 327.9356)
(308.1136, 121.6178, 330.3232)
(308.2877, 119.5831, 332.0547)
(308.2877, 119.5831, 332.0547)
(309.3357, 116.5382, 335.4564)
(309.5792, 116.0616, 336.4513)
(309.7227, 115.9521, 337.4188)
(309.7541, 115.5881, 338.4386)
(308.3104, 115.3339, 339.5304)
(308.0467, 115.073, 340.2219)
(308.4413, 114.0603, 341.7116)
(309.8603, 111.7766, 344.9772)
(310.5572, 111.4585, 346.6184)
(309.9949, 110.6778, 347.0645)
(310.2502, 109.4154, 347.8437)
(311.886, 108.2045, 348.2322)
(314.2052, 107.7965, 348.3134)
(314.7823, 108.6278, 347.4633)
(315.378, 108.5931, 347.4239)
(315.9652, 108.4785, 347.3583)
(316.241, 108.384, 347.3852)
(316.0923, 108.4791, 347.1037)
(316.1791, 109.3757, 344.579)
(316.6727, 109.5991, 343.4152)
(316.4775, 110.8098, 340.0595)
(315.9976, 111.6343, 338.5479)
(314.6448, 112.8714, 336.8167)
(313.168, 113.6119, 335.6293)
(312.3348, 113.9327, 334.8302)
(310.373, 114.4337, 334.275)
(308.6199, 115.9628, 332.6288)
(306.9498, 118.0851, 330.6659)
(305.4854, 121.4669, 327.8747)
(301.9404, 126.2991, 325.039)
(298.4031, 131.5272, 319.6654)
(298.2368, 134.6836, 314.4404)
(298.1281, 137.1457, 309.4629)
(296.6903, 140.8392, 301.1698)
(294.6668, 144.9718, 295.397)
(292.6423, 149.8561, 289.5717)
(290.5927, 153.9922, 285.6949)
(282.1772, 174.0973, 272.4254)
(282.964, 156.0302, 289.8725)
(285.2214, 156.0093, 290.949)
