(0.6993176424162896, 1.107389456651584, 0.6610220015294117)
(0.6993176424162896, 1.1068575918034909, 0.6608494397623049)
(0.6993176424162896, 1.1063419497414353, 0.6607095370558222)
(0.6993176424162896, 1.1058425304654171, 0.6606022934099639)
(0.6993176424162896, 1.1053593339754366, 0.6605277088247299)
(0.6993176424162896, 1.1048923602714935, 0.66048578330012)
(0.6993176424162896, 1.1044416093535878, 0.6604765168361344)
(0.6993176424162896, 1.1040070812217198, 0.6604999094327731)
(0.6993176424162896, 1.103588775875889, 0.660555961090036)
(0.6993176424162896, 1.1031866933160959, 0.6606446718079232)
(0.6993176424162896, 1.1028008335423403, 0.6607660415864346)
(0.6993176424162896, 1.102431196554622, 0.6609200704255702)
(0.6993176424162896, 1.1020777823529415, 0.6611067583253302)
(0.6993176424162896, 1.1017405909372981, 0.6613261052857143)
(0.6993176424162896, 1.1014196223076926, 0.6615781113067227)
(0.6993176424162896, 1.1011148764641243, 0.6618627763883553)
(0.6993176424162896, 1.1008263534065936, 0.6621801005306123)
(0.6993176424162896, 1.1005540531351004, 0.6625300837334934)
(0.6993176424162896, 1.1002979756496447, 0.6629127259969989)
(0.6993176424162896, 1.1000581209502265, 0.6633280273211285)
(0.6993176424162896, 1.0998344890368457, 0.6637759877058824)
(0.6993176424162896, 1.0996270799095025, 0.6642566071512606)
(0.6993176424162896, 1.0994358935681967, 0.664769885657263)
(0.6993176424162896, 1.0992609300129286, 0.6653158232238896)
(0.6993176424162896, 1.0991021892436978, 0.6658944198511405)
(0.6993176424162896, 1.0987650087499368, 0.6666955246249615)
(0.6993176424162896, 1.0985233424999363, 0.6672258439326537)
(0.6993176424162896, 1.098300612692244, 0.6677931067211151)
(0.6993176424162896, 1.0981078402883981, 0.6684056858028459)
(0.6993176424162896, 1.0979498108172445, 0.6690574635432305)
(0.6993176424162896, 1.0978250227403212, 0.6697506375095765)
(0.6993176424162896, 1.0977286951441678, 0.6704919749326538)
(0.6993176424162896, 1.0976649462499366, 0.6712805678076537)
(0.6993176424162896, 1.0976370634133983, 0.6721257531489996)
(0.6993176424162896, 1.0976492305768593, 0.6730293228220766)
(0.6993176424162896, 1.0976986937018598, 0.6739884007451534)
(0.6993176424162896, 1.0977923328364754, 0.6750049671634227)
(0.6993176424162896, 1.097928030288398, 0.676081286769192)
(0.6993176424162896, 1.0981024948076294, 0.6772039525288069)
(0.6993176424162896, 1.0983189477883977, 0.6783908760095761)
(0.6993176424162896, 1.0985756124037822, 0.6796376841489993)
(0.6993176424162896, 1.0988653743749366, 0.6809579182643837)
(0.6993176424162896, 1.0991868563460911, 0.6823442699038066)
(0.6993176424162896, 1.099540279759552, 0.6837998238893838)
(0.6993176424162896, 1.099923516057629, 0.6853250057499604)
(0.6993176424162896, 1.1003311255768597, 0.6869289727980372)
(0.6993176424162896, 1.1007608395672444, 0.6886096033749602)
(0.6993176424162896, 1.101205404663398, 0.690363649019191)
(0.6993176424162896, 1.101641760865321, 0.6922108597595754)
(0.6993176424162896, 1.1020698719230135, 0.6941395509374598)
(0.6993176424162896, 1.1024692185576286, 0.6961637330191905)
(0.6993176424162896, 1.1028280743268595, 0.6982669437114982)
(0.6993176424162896, 1.1031262806249367, 0.700461513586498)
(0.6993176424162896, 1.1033516810095514, 0.7027627275624595)
(0.6993176424162896, 1.1034970338941674, 0.7051744683701515)
(0.6993176424162896, 1.1035247059614743, 0.7076826925480362)
(0.6993176424162896, 1.1034229869230128, 0.7102838510288054)
(0.6993176424162896, 1.1031733779807056, 0.7129911141922666)
(0.6993176424162896, 1.102792223942244, 0.7158130851489972)
(0.6993176424162896, 1.1022441212018594, 0.7187676916009201)
(0.6993176424162896, 1.1015430104807056, 0.7218401046826506)
(0.6993176424162896, 1.100662309519168, 0.7250427557307273)
(0.6993176424162896, 1.099613771442244, 0.7284014625720733)
(0.6993176424162896, 1.0984685851922447, 0.7318634346009191)
(0.6993176424162896, 1.0972023099037829, 0.7354604135095728)
(0.6993176424162896, 1.0958603187499363, 0.7392109075336111)
(0.6993176424162896, 1.0945289517307062, 0.7430895888509187)
(0.6993176424162896, 1.09323011995186, 0.7471320970864951)
(0.6993176424162896, 1.09200721057686, 0.751347311461495)
(0.6993176424162896, 1.0908879535576286, 0.755754389932649)
(0.6993176424162896, 1.0899329572595524, 0.7603543531970712)
(0.6993176424162896, 1.0891813082210913, 0.7651091179086098)
(0.6993176424162896, 1.0886471736537833, 0.7700324315672631)
(0.6993176424162896, 1.088401933173014, 0.7751188476682246)
(0.6993176424162896, 1.0884493849037835, 0.7803129918509164)
(0.6993176424162896, 1.088821811538399, 0.7856493748268778)
(0.6993176424162896, 1.0895871361057063, 0.7911057258172621)
(0.6993176424162896, 1.0907672402403217, 0.7966383078653385)
(0.6993176424162896, 1.0923697401441677, 0.8022518988509151)
(0.6993176424162896, 1.0944319582210909, 0.8079108312932224)
(0.6993176424162896, 1.0969579147114747, 0.8135841790528378)
(0.6993176424162896, 1.099949493365321, 0.8192609543941836)
(0.6993176424162896, 1.1034355502403208, 0.8249161754518753)
(0.6993176424162896, 1.107393970192244, 0.8305211529614906)
(0.6993176424162896, 1.1118436466345503, 0.8360661501057212)
(0.6993176424162896, 1.1167808295191666, 0.8415285159518744)
(0.6993176424162896, 1.122199976346089, 0.8468888451393742)
(0.6993176424162896, 1.1280915114422423, 0.8521249822739891)
(0.6993176424162896, 1.134434854567242, 0.8572340419326424)
(0.6993176424162896, 1.141223251971088, 0.862198567826873)
(0.6993176424162896, 1.148423630961472, 0.8670012938557196)
(0.6993176424162896, 1.1560218751441638, 0.871628106240334)
(0.6993176424162896, 1.1639810476922403, 0.8760910740095645)
(0.6993176424162896, 1.1722669587499324, 0.8803737362980263)
(0.6993176424162896, 1.1808277360576247, 0.8844682948653337)
(0.6993176424162896, 1.1896338143749312, 0.8883678967355259)
(0.6993176424162896, 1.198637448028777, 0.8920749844326407)
(0.6993176424162896, 1.2077631944230074, 0.8955957603701407)
(0.6993176424162896, 1.216977583990314, 0.8989161082739865)
(0.6993176424162896, 1.2262136966826218, 0.902053450360525)
(0.6993176424162896, 1.2354004843268516, 0.9050073498605248)
(0.6993176424162896, 1.2444780247595433, 0.9077964587980244)
(0.6993176424162896, 1.2533899871633893, 0.9104291602595627)
(0.6993176424162896, 1.262068542740312, 0.9129179220624474)
(0.6993176424162896, 1.2704435323076193, 0.9152751139855242)
(0.6993176424162896, 1.278490057644157, 0.9175130063076392)
(0.6993176424162896, 1.2861519222595408, 0.919662019778793)
(0.6993176424162896, 1.2933997098556949, 0.9217278307403314)
(0.6993176424162896, 1.300199831105694, 0.9237182400624468)
(0.6993176424162896, 1.3065552658653088, 0.9256401768845618)
(0.6993176424162896, 1.3124642301922316, 0.927525467663408)
(0.6993176424162896, 1.3179763963941549, 0.9293770172018694)
(0.6993176424162896, 1.3230940315864625, 0.9312016666249461)
(0.6993176424162896, 1.3277785947114613, 0.9330619389711)
(0.6993176424162896, 1.332114803413385, 0.9349391480191768)
(0.6993176424162896, 1.336103596057615, 0.9368577568220614)
(0.6993176424162896, 1.3397174597595378, 0.9388510898701382)
(0.6993176424162896, 1.342978252884538, 0.9409157052835997)
(0.6993176424162896, 1.3459091382210766, 0.9430409589999456)
(0.6993176424162896, 1.3485405373076147, 0.9452186613653301)
(0.6993176424162896, 1.350844987547999, 0.9474686656441762)
(0.6993176424162896, 1.352859654951845, 0.9498000703509069)
(0.6993176424162896, 1.3545839960095372, 0.9521978834422526)
(0.6993176424162896, 1.355994309422999, 0.9546615420239832)
(0.6993176424162896, 1.3571288221153062, 0.9572226800720598)
(0.6993176424162896, 1.357990031297998, 0.9598347819326367)
(0.6993176424162896, 1.358550635432614, 0.9624954166874441)
(0.6993176424162896, 1.358828984326845, 0.965228552644175)
(0.6993176424162896, 1.3588427099999214, 0.967995301586483)
(0.6993176424162896, 1.3585754883653065, 0.9708286735720593)
(0.6993176424162896, 1.3580229080287674, 0.9737611732307129)
(0.6993176424162896, 1.3571893491345373, 0.9767882927355207)
(0.6993176424162896, 1.3560563048076144, 0.9798990186778278)
(0.6993176424162896, 1.3546707271153065, 0.9831088417547508)
(0.6993176424162896, 1.352998490144153, 0.9864096150191742)
(0.6993176424162896, 1.3511259799037678, 0.9898023450528272)
(0.6993176424162896, 1.3490248213941536, 0.9933100168316731)
(0.6993176424162896, 1.346729308221076, 0.9969448768268656)
(0.6993176424162896, 1.344341739086461, 1.000722582177827)
(0.6993176424162896, 1.3418517051441532, 1.0046639863701343)
(0.6993176424162896, 1.339302528894154, 1.0087749208509027)
(0.6993176424162896, 1.336737951586461, 1.0130556536537876)
(0.6993176424162896, 1.334228042548, 1.0174975636297487)
(0.6993176424162896, 1.331798765576846, 1.0221151596970566)
(0.6993176424162896, 1.329519669374923, 1.026920957812441)
(0.6993176424162896, 1.3274482991345384, 1.0319120250528249)
(0.6993176424162896, 1.3256032347595386, 1.0370872193605172)
(0.6993176424162896, 1.3240702093268466, 1.0424799146393626)
(0.6993176424162896, 1.3229054124037696, 1.0480823516153241)
(0.6993176424162896, 1.3221283763941545, 1.0538566996874392)
(0.6993176424162896, 1.3217678367787695, 1.0598160576393616)
(0.6993176424162896, 1.3218803887499226, 1.0659569002018618)
(0.6993176424162896, 1.3224521664903086, 1.0722151363797456)
(0.6993176424162896, 1.3235000159614623, 1.078579919052822)
(0.6993176424162896, 1.325065287644154, 1.0850148092883993)
(0.6993176424162896, 1.3271139201922308, 1.091474745971091)
(0.6993176424162896, 1.3296832732691535, 1.0979631850432061)
(0.6993176424162896, 1.3328045603845382, 1.104461565567244)
(0.6993176424162896, 1.3364691673556923, 1.1109536750047437)
(0.6993176424162896, 1.3406893488460767, 1.1173996927018581)
(0.6993176424162896, 1.3454505090383835, 1.1237801519133965)
(0.6993176424162896, 1.3507391827403068, 1.1300808371826268)
(0.6993176424162896, 1.3565383568749223, 1.136262814317242)
(0.6993176424162896, 1.3628424310576137, 1.1422862177883957)
(0.6993176424162896, 1.369611849711459, 1.1481629809614728)
(0.6993176424162896, 1.3768449015383823, 1.1538674370672413)
(0.6993176424162896, 1.3845163408653043, 1.1593904101441639)
(0.6993176424162896, 1.3926037416345345, 1.1647338832210863)
(0.6993176424162896, 1.4010408487499189, 1.169875940144163)
(0.6993176424162896, 1.4097686604806876, 1.1748056478845474)
(0.6993176424162896, 1.4187705336537642, 1.1794981129326245)
(0.6993176424162896, 1.4279437281729945, 1.1839619049999317)
(0.6993176424162896, 1.4372719895672248, 1.1881798150480085)
(0.6993176424162896, 1.4466880144229934, 1.1921471121153155)
(0.6993176424162896, 1.456148326297993, 1.1958702428364694)
(0.6993176424162896, 1.465607600576839, 1.1993564203364695)
(0.6993176424162896, 1.474991881201838, 1.202613747884546)
(0.6993176424162896, 1.484252604278761, 1.205643460769161)
(0.6993176424162896, 1.4933144862979908, 1.2084720461537766)
(0.6993176424162896, 1.5021253764902975, 1.2110975285095453)
(0.6993176424162896, 1.510644851153759, 1.213509351971084)
(0.6993176424162896, 1.518856868221066, 1.2157124766826224)
(0.6993176424162896, 1.5267419138460656, 1.2177401933172374)
(0.6993176424162896, 1.534258889134527, 1.2196034155287754)
(0.6993176424162896, 1.5414283257210641, 1.2213252081730064)
(0.6993176424162896, 1.5481760512018337, 1.222941030048006)
(0.6993176424162896, 1.5545499868749104, 1.2244547775960832)
(0.6993176424162896, 1.560560569278756, 1.2258902378845449)
(0.6993176424162896, 1.5661618484133712, 1.227270248990314)
(0.6993176424162896, 1.5714014218268322, 1.2285904321153138)
(0.6993176424162896, 1.5763029262499089, 1.2298770894710829)
(0.6993176424162896, 1.5808825388941394, 1.2311521010095443)
(0.6993176424162896, 1.585139469567216, 1.2324282456730056)
(0.6993176424162896, 1.589104740672985, 1.2337194043268518)
(0.6993176424162896, 1.592790181586447, 1.2350311871153137)
(0.6993176424162896, 1.5961974266826002, 1.2363760516345441)
(0.6993176424162896, 1.5993608067306768, 1.2377648976441598)
(0.6993176424162896, 1.6022736652402922, 1.239157550336467)
(0.6993176424162896, 1.6049163010095229, 1.2405471206249281)
(0.6993176424162896, 1.6073049656729839, 1.2419520535095434)
(0.6993176424162896, 1.60945981995183, 1.243322030096082)
(0.6993176424162896, 1.6113517854325994, 1.244655122980698)
(0.6993176424162896, 1.613012779182599, 1.2459686814422357)
(0.6993176424162896, 1.6144644909133683, 1.2472495899037748)
(0.6993176424162896, 1.615689198653753, 1.248504032355697)
(0.6993176424162896, 1.6167314781729838, 1.2497609664903124)
(0.6993176424162896, 1.6175889252883682, 1.250984457355697)
(0.6993176424162896, 1.6182512657210602, 1.2521798480287736)
(0.6993176424162896, 1.6187279470191376, 1.2533444039422355)
(0.6993176424162896, 1.6190257373556753, 1.2544778063460813)
(0.6993176424162896, 1.6191516788460607, 1.2555785106249275)
(0.6993176424162896, 1.6191098998075981, 1.256637933942235)
(0.6993176424162896, 1.618947964230676, 1.2576702365383894)
(0.6993176424162896, 1.6186781933172143, 1.2586896844710813)
(0.6993176424162896, 1.6183356684133674, 1.2596952083653117)
(0.6993176424162896, 1.6179245740864452, 1.2606778781730041)
(0.6993176424162896, 1.6174615443268294, 1.261639479759543)
(0.6993176424162896, 1.6169456990864453, 1.2625658699999274)
(0.6993176424162896, 1.6164067241345221, 1.2634644493749272)
(0.6993176424162896, 1.6158593073556762, 1.2643407715864656)
(0.6993176424162896, 1.6153020756729841, 1.2651928045191578)
(0.6993176424162896, 1.6147653168268299, 1.2660091763460806)
(0.6993176424162896, 1.6142304603364452, 1.2667990239903115)
(0.6993176424162896, 1.6137193330768296, 1.26756297057685)
(0.6993176424162896, 1.61322842182683, 1.2682947475480038)
(0.6993176424162896, 1.6127474360095224, 1.268994099663388)
(0.6993176424162896, 1.6122985827883687, 1.2696626571633887)
(0.6993176424162896, 1.6118578763460605, 1.2702947823556958)
(0.6993176424162896, 1.6114372626441387, 1.270895187355696)
(0.6993176424162896, 1.611027832067215, 1.2714649791826191)
(0.6993176424162896, 1.6106355017306764, 1.2720079839903113)
(0.6993176424162896, 1.610242802307599, 1.2725301211537725)
(0.6993176424162896, 1.609852891442215, 1.2730236306249265)
(0.6993176424162896, 1.609478200096061, 1.2734932375960804)
(0.6993176424162896, 1.6091294818749071, 1.273939881490311)
(0.6993176424162896, 1.6088162741345229, 1.2743681962018494)
(0.6993176424162896, 1.6085415520191377, 1.274778444807619)
(0.6993176424162896, 1.6083080549037536, 1.2751717705287728)
(0.6993176424162896, 1.6081238035576, 1.2755472586537724)
(0.6993176424162896, 1.6079918262979844, 1.2759125488460805)
(0.6993176424162896, 1.607913454567215, 1.276262612403773)
(0.6993176424162896, 1.607883852692215, 1.276591107692234)
(0.6993176424162896, 1.6078950202402917, 1.2768955110095417)
(0.6993176424162896, 1.607950540961446, 1.277178385240311)
(0.6993176424162896, 1.6080512908172149, 1.2774430225960798)
(0.6993176424162896, 1.6081882686056763, 1.277674541586465)
(0.6993176424162896, 1.6083581284133686, 1.277876585288388)
(0.6993176424162896, 1.608552201394138, 1.2780493410095417)
(0.6993176424162896, 1.6087612815864454, 1.2781924979806951)
(0.6993176424162896, 1.6089839497114455, 1.2783032820672335)
(0.6993176424162896, 1.609003996686675, 1.2783547531332538)
(0.6993176424162896, 1.6090478716474286, 1.2784394824771452)
(0.6993176424162896, 1.6090967879554903, 1.2784999281037035)
(0.6993176424162896, 1.60915074561086, 1.2785360900129288)
(0.6993176424162896, 1.609209744613538, 1.2785479682048209)
(0.6993176424162896, 1.6092737849635241, 1.27853556267938)
(0.6993176424162896, 1.6093428666608185, 1.2784988734366058)
(0.6993176424162896, 1.609416989705421, 1.2784379004764987)
(0.6993176424162896, 1.6094961540973316, 1.2783526437990587)
(0.6993176424162896, 1.6095803598365503, 1.2782431034042854)
(0.6993176424162896, 1.6096696069230771, 1.2781092792921789)
(0.6993176424162896, 1.6097638953569122, 1.2779511714627394)
(0.6993176424162896, 1.6098632251380554, 1.277768779915967)
(0.6993176424162896, 1.6099675962665068, 1.2775621046518613)
(0.6993176424162896, 1.6100770087422664, 1.2773311456704226)
(0.6993176424162896, 1.610191462565334, 1.2770759029716507)
(0.6993176424162896, 1.6103109577357098, 1.276796376555546)
(0.6993176424162896, 1.6104354942533938, 1.2764925664221078)
(0.6993176424162896, 1.610565072118386, 1.2761644725713368)
(0.6993176424162896, 1.6106996913306864, 1.2758120950032328)
(0.6993176424162896, 1.6108393518902948, 1.2754354337177956)
(0.6993176424162896, 1.6109840537972113, 1.2750344887150251)
(0.6993176424162896, 1.6111337970514361, 1.2746092599949217)
(0.6993176424162896, 1.611288581652969, 1.2741597475574853)
(0.6993176424162896, 1.61144840760181, 1.2736859514027157)
