other
(0.1399016, 1.523753, -0.5182542)
(0.1401293, 1.523769, -0.518438)
(0.1402552, 1.52377, -0.5185798)
(0.1406391, 1.523905, -0.5187491)
(0.1407878, 1.523928, -0.518845)
(0.1409602, 1.523884, -0.5189604)
(0.1410301, 1.523856, -0.51906)
(0.1413198, 1.523914, -0.5192221)
(0.1414165, 1.523855, -0.5192293)
(0.1416128, 1.523819, -0.5192333)
(0.1417754, 1.523766, -0.5192772)
(0.1418824, 1.523672, -0.5192991)
(0.1420329, 1.523547, -0.5192755)
(0.1421402, 1.523401, -0.5191635)
(0.1422267, 1.523258, -0.5191385)
(0.1423476, 1.523138, -0.5190781)
(0.142421, 1.522975, -0.5189396)
(0.1424441, 1.522839, -0.5187889)
(0.1425524, 1.522712, -0.518648)
(0.1427045, 1.522618, -0.5185016)
(0.1427155, 1.522506, -0.5182799)
(0.1426902, 1.522242, -0.5181032)
(0.1427505, 1.521986, -0.5178832)
(0.1428101, 1.521725, -0.5177149)
(0.1428463, 1.52147, -0.5176102)
(0.1428947, 1.521201, -0.5173718)
(0.1429069, 1.520913, -0.5171825)
(0.1430013, 1.520622, -0.5169712)
(0.1429713, 1.520256, -0.5166456)
(0.1429574, 1.519959, -0.5164148)
(0.1430156, 1.519623, -0.5161294)
(0.1430378, 1.519334, -0.5158378)
(0.1430659, 1.518979, -0.5155848)
(0.1431124, 1.518705, -0.5153564)
(0.1431196, 1.518367, -0.5150455)
(0.1430597, 1.518087, -0.5147661)
(0.1429038, 1.517653, -0.5144871)
(0.142884, 1.51733, -0.5143021)
(0.1428163, 1.517064, -0.5140344)
(0.142791, 1.51681, -0.5137464)
(0.1427639, 1.51656, -0.5132183)
(0.1426976, 1.516395, -0.5129195)
(0.1426153, 1.516202, -0.5126733)
(0.1425838, 1.516024, -0.5124856)
(0.1425357, 1.515783, -0.5123416)
(0.142556, 1.515671, -0.5121788)
(0.1426346, 1.515665, -0.5121027)
(0.1425867, 1.515584, -0.5117937)
(0.1424549, 1.515495, -0.5115258)
(0.1424673, 1.515429, -0.5112449)
(0.1423676, 1.515367, -0.5110682)
(0.1422737, 1.515197, -0.5109519)
(0.1422663, 1.515055, -0.5108901)
(0.142236, 1.514902, -0.5107092)
(0.1422229, 1.514789, -0.5106832)
(0.1422739, 1.514789, -0.5106574)
(0.1423175, 1.514783, -0.5104588)
(0.1422849, 1.51481, -0.5103093)
(0.1423383, 1.514845, -0.5101477)
(0.1422658, 1.51493, -0.5099679)
(0.1423993, 1.51496, -0.5098408)
(0.1424305, 1.514903, -0.509734)
(0.142349, 1.51493, -0.5095826)
(0.1423607, 1.514818, -0.5095543)
(0.142328, 1.514633, -0.5095187)
(0.1424022, 1.514577, -0.5094475)
(0.1422646, 1.514393, -0.5092903)
(0.1423652, 1.514349, -0.5090681)
(0.1424153, 1.51435, -0.5089766)
(0.1424789, 1.514259, -0.5089394)
(0.1425819, 1.514126, -0.5088755)
(0.1425972, 1.514077, -0.5088295)
(0.1426787, 1.514045, -0.5088364)
(0.1425955, 1.51382, -0.508654)
(0.1425862, 1.513913, -0.5085469)
(0.1427715, 1.513905, -0.5084375)
(0.1429107, 1.513901, -0.5083939)
(0.1429672, 1.513962, -0.5082983)
(0.1431398, 1.513973, -0.5083393)
(0.1433148, 1.513942, -0.5083147)
(0.1433833, 1.513976, -0.5083007)
(0.1434941, 1.513973, -0.5083343)
(0.1437485, 1.514074, -0.5083953)
(0.1438487, 1.514153, -0.5083514)
(0.1440566, 1.514194, -0.5083905)
(0.1442254, 1.514208, -0.5084027)
(0.1444759, 1.514132, -0.5085195)
(0.1446309, 1.514088, -0.5085799)
(0.1447959, 1.514073, -0.5086647)
(0.1449943, 1.514059, -0.5087565)
(0.145103, 1.514043, -0.5088438)
(0.145308, 1.514063, -0.5087906)
(0.1454098, 1.514159, -0.5088161)
(0.1456246, 1.514161, -0.5088226)
(0.1458111, 1.514196, -0.5088941)
(0.1459906, 1.514238, -0.5089189)
(0.1461337, 1.514179, -0.5089165)
(0.1462879, 1.514144, -0.5088969)
(0.1465371, 1.514023, -0.509005)
(0.1466265, 1.513958, -0.5090293)
(0.1467478, 1.51387, -0.5090212)
(0.1467876, 1.51386, -0.5088762)
(0.146951, 1.513805, -0.5088021)
(0.1470246, 1.51372, -0.5086478)
(0.1470399, 1.513717, -0.5085081)
(0.147012, 1.513607, -0.5083095)
(0.1470554, 1.513429, -0.5080365)
(0.1470745, 1.51319, -0.5078059)
(0.1469047, 1.512921, -0.5073217)
(0.1468289, 1.512478, -0.5068358)
(0.146698, 1.511934, -0.5061318)
(0.146698, 1.511934, -0.5061318)
(0.1460645, 1.510586, -0.504814)
(0.1457198, 1.509507, -0.5039612)
(0.1454666, 1.508385, -0.5030838)
(0.1450438, 1.506941, -0.5021244)
(0.1446126, 1.505474, -0.5011789)
(0.1440682, 1.50376, -0.5001613)
(0.1434579, 1.501982, -0.4991125)
(0.1428771, 1.50008, -0.4979912)
(0.1421573, 1.497854, -0.4968294)
(0.1415384, 1.495764, -0.4957212)
(0.1406989, 1.493448, -0.4943234)
(0.139945, 1.491299, -0.4929205)
(0.1390471, 1.489008, -0.4914123)
(0.1382444, 1.486618, -0.4898604)
(0.1374621, 1.484275, -0.4883775)
(0.136482, 1.48194, -0.4868926)
(0.1356702, 1.479744, -0.4852902)
(0.1348932, 1.477507, -0.4834105)
(0.133997, 1.475009, -0.481618)
(0.1331394, 1.472017, -0.4797753)
(0.1323245, 1.468191, -0.4781343)
(0.1316493, 1.464572, -0.4770402)
(0.1308451, 1.46139, -0.4762989)
(0.1301355, 1.459009, -0.4754325)
(0.1295509, 1.457304, -0.4742552)
(0.129014, 1.455548, -0.472546)
(0.1288342, 1.453771, -0.4706234)
(0.1285663, 1.451913, -0.4688078)
(0.1285226, 1.450279, -0.4671792)
(0.1284082, 1.448625, -0.4658078)
(0.1284513, 1.447365, -0.4648679)
(0.1283989, 1.446322, -0.4637116)
(0.1285722, 1.44542, -0.4623195)
(0.128741, 1.444616, -0.4607145)
(0.1290307, 1.443842, -0.4589864)
(0.1295846, 1.442921, -0.457286)
(0.1299253, 1.4418, -0.4555155)
(0.1304448, 1.441057, -0.4539739)
(0.1308744, 1.44027, -0.4522856)
(0.1313407, 1.439523, -0.4504341)
(0.1316864, 1.438677, -0.4483386)
(0.1321135, 1.437673, -0.4460183)
(0.1323738, 1.43635, -0.4433905)
(0.1326697, 1.435562, -0.4409968)
(0.1331398, 1.43502, -0.4383322)
(0.1334507, 1.434344, -0.4354757)
(0.133666, 1.434171, -0.4325482)
(0.134027, 1.433881, -0.4298013)
(0.1343083, 1.433554, -0.4268287)
(0.134542, 1.433407, -0.4240493)
(0.1347864, 1.433128, -0.4213735)
(0.1350815, 1.432817, -0.4183606)
(0.1351659, 1.432707, -0.4154536)
(0.135335, 1.432493, -0.4127458)
(0.1354284, 1.432128, -0.4098865)
(0.1357574, 1.431956, -0.4071504)
(0.135911, 1.431802, -0.4043332)
(0.1360931, 1.431144, -0.4014825)
(0.1363902, 1.430587, -0.3988818)
(0.136416, 1.429963, -0.396401)
(0.1366525, 1.42929, -0.39386)
(0.1366329, 1.428904, -0.3914198)
(0.1367333, 1.428389, -0.3893677)
(0.13691, 1.427865, -0.3872296)
(0.1371517, 1.427428, -0.3847822)
(0.1374862, 1.426864, -0.3821796)
(0.1380002, 1.42619, -0.3793377)
(0.1383843, 1.425606, -0.3763186)
(0.1388378, 1.424684, -0.3733889)
(0.1394694, 1.423476, -0.3701998)
(0.1399746, 1.422416, -0.3672522)
(0.1404972, 1.421091, -0.3643225)
(0.1413472, 1.419958, -0.3613821)
(0.1422272, 1.41905, -0.3581442)
(0.1431477, 1.417798, -0.3548878)
(0.1444738, 1.416574, -0.3513609)
(0.1456697, 1.415691, -0.3474749)
(0.1473083, 1.41488, -0.343264)
(0.1490507, 1.413814, -0.3384341)
(0.1508002, 1.413058, -0.3340811)
(0.1527109, 1.41224, -0.3293787)
(0.1547401, 1.411375, -0.3248278)
(0.1568823, 1.41058, -0.3199021)
(0.1590235, 1.409924, -0.3149885)
(0.1614788, 1.409688, -0.3098212)
(0.163851, 1.409621, -0.3044397)
(0.166297, 1.409872, -0.298484)
(0.1685257, 1.410066, -0.2924513)
(0.1710415, 1.410879, -0.2856015)
(0.1732521, 1.412121, -0.2796208)
(0.1755388, 1.413836, -0.2737349)
(0.1779222, 1.417064, -0.2671679)
(0.1801848, 1.419955, -0.2607857)
(0.1821723, 1.423135, -0.254675)
(0.1840885, 1.425774, -0.2483474)
(0.18543, 1.427256, -0.2418188)
(0.1867929, 1.428393, -0.2356593)
(0.1881626, 1.429384, -0.2295991)
(0.1890483, 1.42984, -0.2246407)
(0.1900246, 1.430345, -0.2198163)
(0.1906769, 1.430658, -0.2155262)
(0.1914506, 1.431308, -0.2113646)
(0.1917667, 1.431681, -0.2072467)
(0.1920581, 1.43214, -0.2027742)
(0.1921942, 1.432257, -0.1982578)
(0.1923175, 1.43208, -0.1937493)
(0.1918936, 1.431585, -0.1889063)
(0.19115, 1.43103, -0.1852273)
(0.1905346, 1.430752, -0.1818167)
(0.1894579, 1.430512, -0.1788622)
(0.1884537, 1.43039, -0.1758279)
(0.1874347, 1.430225, -0.1728076)
(0.1864295, 1.429883, -0.1696841)
(0.1854119, 1.429326, -0.1665675)
(0.184557, 1.428681, -0.1634375)
(0.183485, 1.428191, -0.1601237)
(0.1827188, 1.427867, -0.1574208)
(0.1817153, 1.427685, -0.1547021)
(0.1806412, 1.427989, -0.1520687)
(0.1796842, 1.428156, -0.1493234)
(0.1789632, 1.428595, -0.1464788)
(0.17802, 1.428891, -0.1433476)
(0.1771867, 1.42924, -0.1399981)
(0.1763401, 1.429445, -0.1360914)
(0.1755559, 1.429691, -0.1325334)
(0.175082, 1.429781, -0.128873)
(0.1745799, 1.429959, -0.1253876)
(0.1739233, 1.430148, -0.1214742)
(0.173475, 1.430096, -0.1177434)
(0.1731119, 1.429478, -0.114098)
(0.1726396, 1.428641, -0.1105327)
(0.1724117, 1.427419, -0.1075367)
(0.1722605, 1.426472, -0.104756)
(0.1722891, 1.426161, -0.1024372)
(0.1725636, 1.42636, -0.1004294)
(0.1727903, 1.426552, -0.09826435)
(0.1730735, 1.426817, -0.09583057)
(0.1733708, 1.42706, -0.09316792)
(0.1737564, 1.427525, -0.0902151)
(0.1739688, 1.427988, -0.08702292)
(0.174377, 1.428288, -0.08384694)
(0.1748185, 1.428513, -0.08051504)
(0.1752298, 1.42871, -0.07737745)
(0.1757326, 1.428603, -0.07422222)
(0.1762424, 1.428429, -0.07112946)
(0.1768022, 1.427979, -0.06788315)
(0.1771221, 1.42739, -0.06444563)
(0.1772103, 1.426541, -0.06102909)
(0.1770849, 1.425816, -0.05739416)
(0.1769133, 1.424879, -0.05363669)
(0.1765757, 1.423934, -0.04960169)
(0.17647, 1.423297, -0.04587997)
(0.1760526, 1.422647, -0.04168715)
(0.1755874, 1.42206, -0.03757443)
(0.1747465, 1.42133, -0.03296007)
(0.1737278, 1.42021, -0.02834238)
(0.1727345, 1.418659, -0.02371682)
(0.1717761, 1.416966, -0.01912679)
(0.1709085, 1.414937, -0.01460041)
(0.1698971, 1.412965, -0.009906187)
(0.1689763, 1.411427, -0.005602493)
(0.1678805, 1.410272, -0.001172199)
(0.1664958, 1.409174, 0.003406868)
(0.1649625, 1.408319, 0.008619414)
(0.1633673, 1.40762, 0.01430903)
(0.1618731, 1.407451, 0.02026568)
(0.1604834, 1.407308, 0.02619778)
(0.1593904, 1.407499, 0.03215943)
(0.1582143, 1.408103, 0.0376886)
(0.157001, 1.409639, 0.04325448)
(0.155935, 1.412049, 0.04763828)
(0.1546092, 1.414246, 0.05218373)
(0.1533957, 1.416269, 0.05727182)
(0.1521726, 1.417389, 0.0630971)
(0.1513143, 1.417855, 0.06900607)
(0.1503012, 1.417902, 0.07444249)
(0.1495373, 1.417826, 0.0791081)
(0.1488943, 1.418198, 0.08300196)
(0.1481075, 1.41898, 0.08633266)
(0.1472425, 1.420157, 0.08863555)
(0.1462526, 1.421165, 0.09110366)
(0.1453764, 1.42215, 0.09373127)
(0.1448236, 1.422858, 0.09696446)
(0.1447978, 1.423371, 0.1005522)
(0.1447968, 1.423748, 0.1043373)
(0.1451523, 1.423944, 0.1079873)
(0.1452188, 1.424255, 0.1112255)
(0.145335, 1.424635, 0.1143082)
(0.1452544, 1.425098, 0.1168014)
(0.145261, 1.425642, 0.1191853)
(0.1453688, 1.426005, 0.121553)
(0.1454759, 1.425976, 0.1240638)
(0.1456373, 1.425648, 0.1264225)
(0.1458197, 1.425311, 0.1287702)
(0.1457465, 1.425111, 0.1309653)
(0.1456957, 1.425101, 0.132928)
(0.1455216, 1.425159, 0.135003)
(0.1452267, 1.425161, 0.1369423)
(0.1450672, 1.425328, 0.1387874)
(0.1447668, 1.425558, 0.1406404)
(0.1445942, 1.425761, 0.1425229)
(0.1443837, 1.425778, 0.144318)
(0.1441109, 1.425794, 0.1462408)
(0.1437502, 1.425456, 0.1480583)
(0.143496, 1.425198, 0.1495281)
(0.1431527, 1.424839, 0.1508576)
(0.1425757, 1.424235, 0.1517316)
(0.1422634, 1.423812, 0.1523608)
(0.1419144, 1.423399, 0.152515)
(0.1416385, 1.423394, 0.1528073)
(0.1414118, 1.423575, 0.1532837)
(0.1412733, 1.423745, 0.1543144)
(0.1413331, 1.423841, 0.1555632)
(0.1413608, 1.42369, 0.1565913)
(0.1413977, 1.42329, 0.1577064)
(0.1413696, 1.422824, 0.1586066)
(0.1415067, 1.422831, 0.1590685)
(0.1418555, 1.423135, 0.1591982)
(0.1419873, 1.423512, 0.1595546)
(0.1424704, 1.424088, 0.1599156)
(0.1430161, 1.424379, 0.1605319)
(0.143647, 1.424451, 0.1613968)
(0.1443121, 1.424284, 0.1621159)
(0.144964, 1.423868, 0.1625784)
(0.1458488, 1.423856, 0.1629168)
(0.1466365, 1.424288, 0.1630157)
(0.1475403, 1.425055, 0.1631225)
(0.1484673, 1.42562, 0.1635059)
(0.1496146, 1.425955, 0.1641141)
(0.1506894, 1.425963, 0.1648697)
(0.1518786, 1.425531, 0.1655017)
(0.1530287, 1.425144, 0.1659247)
(0.1544969, 1.424834, 0.1656912)
(0.1555831, 1.425306, 0.1652001)
(0.1568325, 1.426488, 0.1645318)
(0.1580098, 1.428378, 0.1636592)
(0.1593497, 1.430105, 0.1630334)
(0.1606572, 1.432209, 0.1629675)
(0.1619329, 1.434337, 0.1632882)
(0.1630297, 1.436644, 0.1636168)
(0.1641159, 1.438794, 0.1639308)
(0.1650975, 1.440902, 0.1644055)
(0.1659892, 1.443015, 0.1649152)
(0.1667588, 1.445027, 0.1651867)
(0.167634, 1.446979, 0.1651014)
(0.1682565, 1.448681, 0.1651319)
(0.1690059, 1.450244, 0.164878)
(0.1698949, 1.45152, 0.1645802)
(0.1705191, 1.452517, 0.1644333)
(0.1711025, 1.453506, 0.1640977)
(0.1716983, 1.454436, 0.1636389)
(0.1723604, 1.455663, 0.1629137)
(0.1727812, 1.456892, 0.1620537)
(0.1729536, 1.458228, 0.1613391)
(0.1731353, 1.459548, 0.1607705)
(0.173234, 1.460956, 0.1602169)
(0.1733503, 1.462371, 0.1599351)
(0.1735814, 1.464104, 0.1596516)
(0.1737404, 1.465791, 0.1595889)
(0.1739111, 1.467503, 0.159628)
(0.1738353, 1.469189, 0.1597279)
(0.1738071, 1.470963, 0.1598869)
(0.1739085, 1.472331, 0.1600073)
(0.1738544, 1.473716, 0.160051)
(0.1738131, 1.474935, 0.1601256)
(0.1737649, 1.476062, 0.1598986)
(0.1736896, 1.477288, 0.159499)
(0.1735194, 1.478502, 0.159057)
(0.1733885, 1.479711, 0.1586722)
(0.1733398, 1.481017, 0.1583191)
(0.1731882, 1.482266, 0.1581408)
(0.1730096, 1.483431, 0.1579321)
(0.1728451, 1.484606, 0.1576465)
(0.1726284, 1.485776, 0.1573237)
(0.1725013, 1.486858, 0.1569596)
(0.1723304, 1.488081, 0.1565629)
(0.1720624, 1.489287, 0.1562353)
(0.171828, 1.490541, 0.1558841)
(0.171479, 1.491924, 0.1554993)
(0.1711335, 1.493389, 0.1552163)
(0.1708608, 1.494794, 0.1548763)
(0.1704438, 1.496391, 0.1543947)
(0.1700406, 1.49793, 0.1539873)
(0.1697578, 1.49949, 0.153396)
(0.1693959, 1.501144, 0.1527122)
(0.1688581, 1.502858, 0.1519633)
(0.1685805, 1.504605, 0.1510814)
(0.1681309, 1.506587, 0.1502858)
(0.1678572, 1.508752, 0.1493028)
(0.1675415, 1.510451, 0.1483475)
(0.1672912, 1.512106, 0.1471425)
(0.1669745, 1.513482, 0.1461545)
(0.1667888, 1.514542, 0.1447583)
(0.1666598, 1.515726, 0.143426)
(0.1664, 1.516574, 0.1421422)
(0.1662169, 1.517286, 0.1408766)
(0.1659026, 1.5178, 0.1396133)
(0.165767, 1.51829, 0.1384343)
(0.1656346, 1.518439, 0.1370874)
(0.1654916, 1.518476, 0.1359302)
(0.1654928, 1.518708, 0.1345941)
(0.1655512, 1.518589, 0.1334699)
(0.1655502, 1.518717, 0.1324192)
(0.1654813, 1.518771, 0.1315867)
(0.1655467, 1.518785, 0.1306468)
(0.1655033, 1.518946, 0.1296824)
(0.1654906, 1.518973, 0.1290239)
(0.1658106, 1.518743, 0.1280106)
(0.1658611, 1.518661, 0.1271962)
(0.1659861, 1.518708, 0.1262802)
(0.166223, 1.518595, 0.1253348)
(0.1663599, 1.518676, 0.1244892)
(0.1665189, 1.518754, 0.1237544)
(0.166754, 1.518711, 0.122892)
(0.1672633, 1.518926, 0.1217772)
(0.167434, 1.51889, 0.1208349)
(0.167762, 1.518756, 0.1198376)
(0.1681263, 1.518885, 0.1188031)
(0.1683095, 1.518946, 0.117901)
(0.1688232, 1.518829, 0.1168929)
(0.1691432, 1.518966, 0.1159736)
(0.1693857, 1.519017, 0.1152381)
(0.1697607, 1.518981, 0.1143082)
(0.1702096, 1.519127, 0.1132988)
(0.1704433, 1.519228, 0.1124037)
(0.1709146, 1.519209, 0.111442)
(0.1712105, 1.519331, 0.1106132)
(0.171663, 1.519506, 0.1097475)
(0.172106, 1.519476, 0.1088501)
####
(6.20562, 0.004494228, 0.04446254)
(6.205793, 0.004460479, 0.04393736)
(6.205757, 0.00443967, 0.0434815)
(6.205487, 0.004408382, 0.04313523)
(6.20549, 0.004319748, 0.04268041)
(6.205475, 0.004570363, 0.04234062)
(6.205504, 0.00484509, 0.04196841)
(6.205552, 0.004766805, 0.04173854)
(6.206433, 0.005148089, 0.04122071)
(6.20733, 0.00570411, 0.04131058)
(6.20798, 0.006057608, 0.04145824)
(6.208749, 0.006360027, 0.0416798)
(6.210255, 0.006456584, 0.04236589)
(6.211541, 0.00650792, 0.04283519)
(6.213237, 0.006586803, 0.04312856)
(6.214437, 0.006740776, 0.04350351)
(6.215672, 0.006365107, 0.04352254)
(6.21686, 0.006183838, 0.04374361)
(6.218608, 0.005932083, 0.04398263)
(6.220141, 0.005881625, 0.04369257)
(6.22224, 0.005880781, 0.04313383)
(6.224323, 0.006280653, 0.04206072)
(6.2267, 0.006346985, 0.04145482)
(6.229725, 0.006715019, 0.04099016)
(6.232547, 0.007184628, 0.04084521)
(6.235689, 0.007416359, 0.0402247)
(6.238319, 0.007778889, 0.03932849)
(6.241142, 0.008687522, 0.03870221)
(6.244371, 0.009200322, 0.03838791)
(6.247485, 0.009876724, 0.03829611)
(6.250738, 0.01068092, 0.03786883)
(6.253348, 0.01131273, 0.03768777)
(6.25563, 0.01197178, 0.0373756)
(6.258555, 0.0127049, 0.03740124)
(6.261456, 0.01322928, 0.0373328)
(6.26507, 0.01348911, 0.03728199)
(6.268615, 0.01424812, 0.03729215)
(6.272418, 0.0146208, 0.03732276)
(6.275611, 0.01493877, 0.03742621)
(6.278072, 0.0153437, 0.0380972)
(6.279563, 0.01530715, 0.03826766)
(6.28095, 0.01525871, 0.03837794)
(6.282666, 0.01519375, 0.03782021)
(0.001506819, 0.01500508, 0.03761493)
(0.003599983, 0.01504006, 0.03690626)
(0.006012471, 0.01492999, 0.03665875)
(0.00782056, 0.0146284, 0.0362763)
(0.008269704, 0.01431638, 0.03620375)
(0.007920812, 0.0137488, 0.03611649)
(0.00819693, 0.01359048, 0.0361314)
(0.009050753, 0.01354463, 0.0359869)
(0.01021926, 0.01328119, 0.03592202)
(0.01228197, 0.01296911, 0.03568548)
(0.01443306, 0.01266094, 0.03569382)
(0.01649127, 0.01257858, 0.03606201)
(0.01788704, 0.01244201, 0.03573528)
(0.01761232, 0.0122825, 0.0357958)
(0.01722861, 0.01221299, 0.03612442)
(0.0168716, 0.01188195, 0.03606384)
(0.01650927, 0.01172388, 0.03583575)
(0.01685289, 0.0111715, 0.03599119)
(0.01744322, 0.01081621, 0.0359869)
(0.01808259, 0.01082269, 0.03636297)
(0.01942384, 0.01039574, 0.03632434)
(0.02073058, 0.01015813, 0.03632012)
(0.02184447, 0.009840339, 0.03637014)
(0.02236878, 0.009526019, 0.0366228)
(0.02239398, 0.008870902, 0.0369086)
(0.02270969, 0.008361472, 0.03750961)
(0.02336623, 0.007822841, 0.03752561)
(0.02423722, 0.007255204, 0.03790757)
(0.02529185, 0.006668611, 0.03797727)
(0.02647317, 0.006073127, 0.03863234)
(0.02707897, 0.005216293, 0.03906807)
(0.02720106, 0.004650527, 0.03932019)
(0.02678932, 0.003965816, 0.03914729)
(0.02592558, 0.00362855, 0.03879131)
(0.02563959, 0.003345696, 0.03860179)
(0.02591897, 0.002987748, 0.03860766)
(0.02684055, 0.00251609, 0.03882749)
(0.02755805, 0.002047016, 0.03881454)
(0.0278353, 0.002039149, 0.03897909)
(0.02752465, 0.002111675, 0.03909037)
(0.02682022, 0.001807173, 0.03950243)
(0.0264605, 0.001645944, 0.03981203)
(0.02638865, 0.001468295, 0.04013123)
(0.02645198, 0.001543178, 0.0404846)
(0.02676289, 0.001334638, 0.04081704)
(0.02752347, 0.00137289, 0.04061538)
(0.02806444, 0.001341567, 0.04064481)
(0.02798028, 0.001261694, 0.04039353)
(0.02796732, 0.001353016, 0.04061648)
(0.02790061, 0.001489062, 0.04068616)
(0.02753838, 0.001516111, 0.04105453)
(0.02688637, 0.001387462, 0.04133927)
(0.02660723, 0.001546619, 0.04150561)
(0.02642545, 0.001657262, 0.04119581)
(0.02658259, 0.00203145, 0.0409664)
(0.02693893, 0.002501552, 0.04037162)
(0.02778086, 0.003022046, 0.04009471)
(0.02846692, 0.003372422, 0.03969496)
(0.02932275, 0.003950154, 0.03983688)
(0.03017192, 0.003987832, 0.03966208)
(0.03127707, 0.004558815, 0.03933314)
(0.03318484, 0.005402694, 0.03901196)
(0.03472235, 0.005793653, 0.0384829)
(0.03711314, 0.006216376, 0.03824148)
(0.03988269, 0.006616793, 0.03796586)
(0.04369054, 0.007419085, 0.03722571)
(0.0480776, 0.00796528, 0.03673534)
(0.05390076, 0.008883201, 0.03596691)
(0.05390076, 0.008883201, 0.03596691)
(0.0687668, 0.01029047, 0.03428203)
(0.07959173, 0.01052393, 0.03352441)
(0.09005167, 0.01114084, 0.03277637)
(0.1028682, 0.01157743, 0.03132536)
(0.1163625, 0.01239402, 0.0300919)
(0.1320399, 0.0131456, 0.02843861)
(0.1478475, 0.01472346, 0.02652366)
(0.1645038, 0.0164033, 0.0244987)
(0.184097, 0.01874323, 0.02235755)
(0.2029804, 0.02115348, 0.02008331)
(0.2240538, 0.02418073, 0.01769868)
(0.2417714, 0.02684562, 0.01512415)
(0.2576493, 0.02996828, 0.01260629)
(0.2747517, 0.03337619, 0.009254162)
(0.2934898, 0.03722791, 0.005522726)
(0.3139982, 0.0416629, 0.000474682)
(0.331732, 0.04540921, 6.278277)
(0.3464839, 0.04836982, 6.272592)
(0.3604138, 0.05136723, 6.267237)
(0.3740019, 0.05387931, 6.261511)
(0.3916736, 0.05585913, 6.255899)
(0.411153, 0.05734914, 6.251784)
(0.4361353, 0.05826104, 6.247586)
(0.460539, 0.05870203, 6.240973)
(0.4790522, 0.05799105, 6.232384)
(0.4897248, 0.05791667, 6.22457)
(0.4960306, 0.05752067, 6.21787)
(0.5064659, 0.05771802, 6.213927)
(0.5202656, 0.05935939, 6.212648)
(0.5377901, 0.06194734, 6.213574)
(0.5584155, 0.06498607, 6.216275)
(0.5775647, 0.06759165, 6.218857)
(0.5952961, 0.07073528, 6.221984)
(0.6072324, 0.07459615, 6.226609)
(0.6176583, 0.07899319, 6.23144)
(0.6268752, 0.08424212, 6.237413)
(0.6388496, 0.08984773, 6.24245)
(0.6527862, 0.09563316, 6.246469)
(0.6667709, 0.1012639, 6.249062)
(0.6769361, 0.1073275, 6.250216)
(0.6837739, 0.112739, 6.251006)
(0.6875281, 0.1174192, 6.252315)
(0.6921269, 0.1233505, 6.254729)
(0.697975, 0.1282699, 6.257205)
(0.7017477, 0.13277, 6.259983)
(0.7037864, 0.1368814, 6.263391)
(0.7050071, 0.1405784, 6.267543)
(0.7076805, 0.1436602, 6.271272)
(0.7102641, 0.1466323, 6.276208)
(0.7130126, 0.1496696, 6.280951)
(0.7145305, 0.1513319, 0.00162518)
(0.7154551, 0.1529392, 0.004564757)
(0.7157443, 0.1541474, 0.005733958)
(0.7159162, 0.1543202, 0.006432108)
(0.7167561, 0.1545891, 0.00819463)
(0.7166739, 0.1542728, 0.009475197)
(0.7160653, 0.1544244, 0.01127629)
(0.7128537, 0.1538128, 0.0122268)
(0.7104551, 0.1530076, 0.01311143)
(0.708756, 0.1520553, 0.01346354)
(0.7098467, 0.1507006, 0.01355149)
(0.7121739, 0.1500973, 0.01405756)
(0.7167137, 0.1481494, 0.01413711)
(0.7195842, 0.1463058, 0.01438424)
(0.7210441, 0.1440048, 0.0151245)
(0.7198122, 0.1411867, 0.01586654)
(0.71543, 0.1378959, 0.01679521)
(0.7111968, 0.1345814, 0.01825609)
(0.7056919, 0.1299728, 0.01861742)
(0.700711, 0.1252636, 0.01867962)
(0.6975271, 0.1202798, 0.01758816)
(0.6962231, 0.115412, 0.01633942)
(0.6955128, 0.1110167, 0.01500027)
(0.6958078, 0.1066242, 0.01430212)
(0.6943613, 0.1024345, 0.01372104)
(0.6916659, 0.09805058, 0.0126483)
(0.6890732, 0.09342461, 0.0126339)
(0.6859106, 0.08801915, 0.0134034)
(0.6808031, 0.08159258, 0.01317128)
(0.6754625, 0.07556532, 0.0129318)
(0.6676383, 0.0687862, 0.01132575)
(0.6594751, 0.0620072, 0.009750496)
(0.652023, 0.05377802, 0.008324722)
(0.6471257, 0.04555733, 0.008246846)
(0.6436883, 0.03618172, 0.008172027)
(0.63893, 0.02802743, 0.007474628)
(0.6299446, 0.02090937, 0.00687991)
(0.6183476, 0.01417455, 0.006327635)
(0.6074147, 0.006892083, 0.007118125)
(0.6032001, 6.282603, 0.008765412)
(0.6050564, 6.275067, 0.01050098)
(0.6158473, 6.266979, 0.01288092)
(0.6220699, 6.260829, 0.0131613)
(0.6312839, 6.257352, 0.01029086)
(0.6350956, 6.253292, 0.006182324)
(0.6244048, 6.24965, 0.00115667)
(0.6140791, 6.245534, 6.282203)
(0.6082785, 6.241108, 6.282582)
(0.6078428, 6.238012, 0.0009687887)
(0.6100549, 6.236338, 0.002075087)
(0.6161008, 6.235577, 0.002265253)
(0.6236116, 6.235525, 0.001964228)
(0.6314787, 6.23675, 0.003234266)
(0.6367537, 6.23712, 0.005818872)
(0.6381545, 6.236616, 0.0100707)
(0.634977, 6.235911, 0.0134235)
(0.6303563, 6.236125, 0.0150587)
(0.6308645, 6.237123, 0.01475077)
(0.6358427, 6.238863, 0.01416593)
(0.6462127, 6.241292, 0.01253407)
(0.6563873, 6.243659, 0.01243215)
(0.6652144, 6.245072, 0.0145893)
(0.669087, 6.246324, 0.01868596)
(0.6694468, 6.246403, 0.02435699)
(0.6688349, 6.24616, 0.02892143)
(0.6700951, 6.246204, 0.03363574)
(0.6745996, 6.246239, 0.03606158)
(0.6819755, 6.246988, 0.0370833)
(0.6911275, 6.247575, 0.03738566)
(0.6980591, 6.247804, 0.03777064)
(0.7029845, 6.247249, 0.03902951)
(0.7064415, 6.246179, 0.04024915)
(0.7078714, 6.2447, 0.04142819)
(0.7071269, 6.242481, 0.04137301)
(0.7048675, 6.239949, 0.04015297)
(0.7016114, 6.237175, 0.03787445)
(0.6998205, 6.235538, 0.03597056)
(0.6979878, 6.23389, 0.0337362)
(0.6962535, 6.232557, 0.03266575)
(0.691417, 6.230272, 0.03147756)
(0.6863866, 6.227529, 0.03098588)
(0.6836289, 6.224816, 0.03169017)
(0.6881706, 6.223452, 0.03400838)
(0.698402, 6.222764, 0.03673466)
(0.7140612, 6.222773, 0.04114872)
(0.7251667, 6.222151, 0.04454578)
(0.7311146, 6.22061, 0.04649112)
(0.7311726, 6.219163, 0.04665485)
(0.726557, 6.218824, 0.04462329)
(0.7209368, 6.219832, 0.04353172)
(0.7133887, 6.220854, 0.04297873)
(0.7083245, 6.221374, 0.04331108)
(0.7061119, 6.221765, 0.0443936)
(0.7050682, 6.221959, 0.04562805)
(0.7052465, 6.223329, 0.04648758)
(0.7058227, 6.226073, 0.0468251)
(0.7054957, 6.229644, 0.04670699)
(0.7043915, 6.234699, 0.04555462)
(0.7037749, 6.23885, 0.04525488)
(0.7043439, 6.242378, 0.04580767)
(0.7066904, 6.246831, 0.04868647)
(0.7106354, 6.251029, 0.05193763)
(0.714752, 6.2563, 0.05521068)
(0.7157997, 6.262102, 0.05628246)
(0.7134131, 6.268694, 0.05540176)
(0.7096127, 6.274837, 0.05436954)
(0.702509, 6.279861, 0.05312146)
(0.6959339, 0.001578921, 0.05382077)
(0.690388, 0.006838669, 0.05496151)
(0.689146, 0.01469317, 0.05684922)
(0.6916201, 0.02388411, 0.05809947)
(0.6980585, 0.03535764, 0.05816277)
(0.7035627, 0.04746657, 0.05747234)
(0.7085498, 0.05931698, 0.05559462)
(0.7114497, 0.0695612, 0.05385315)
(0.712149, 0.079422, 0.05333938)
(0.7111444, 0.08884665, 0.05497894)
(0.7118517, 0.09744197, 0.05978875)
(0.7169963, 0.1056987, 0.06513217)
(0.72965, 0.1156979, 0.06969)
(0.7503749, 0.1248986, 0.07221166)
(0.7666371, 0.1323961, 0.07300786)
(0.7710859, 0.1356409, 0.06943284)
(0.7648323, 0.1375946, 0.0646456)
(0.7452257, 0.1372062, 0.05651112)
(0.7273903, 0.1384299, 0.05067093)
(0.7154436, 0.1394746, 0.04885137)
(0.713793, 0.1403382, 0.05038517)
(0.7249009, 0.1402574, 0.05508531)
(0.7435188, 0.1391527, 0.05953407)
(0.7592222, 0.137133, 0.05966846)
(0.7706228, 0.1340552, 0.05984593)
(0.7739155, 0.131052, 0.06000079)
(0.7678832, 0.1271279, 0.06029324)
(0.7595357, 0.1252734, 0.06103735)
(0.7492788, 0.1237639, 0.06046678)
(0.7449201, 0.1229807, 0.05869937)
(0.7453737, 0.1219185, 0.05584914)
(0.7512604, 0.1212364, 0.05328999)
(0.7586792, 0.1207194, 0.05117689)
(0.7658686, 0.120723, 0.04917918)
(0.7687091, 0.1206136, 0.04730558)
(0.7691615, 0.1214368, 0.04631744)
(0.7698075, 0.122146, 0.04530326)
(0.7725986, 0.1231137, 0.04572277)
(0.7765931, 0.1232203, 0.04643748)
(0.781813, 0.1229727, 0.04776081)
(0.7863401, 0.1224538, 0.0495794)
(0.7902449, 0.1224055, 0.05027289)
(0.79353, 0.1229221, 0.05086447)
(0.7958285, 0.1232471, 0.05102169)
(0.7955661, 0.1236863, 0.05130856)
(0.7945004, 0.1233054, 0.05113586)
(0.7915403, 0.122553, 0.05051969)
(0.7895164, 0.1219128, 0.04943346)
(0.7885689, 0.1217825, 0.04859857)
(0.7894013, 0.122105, 0.04832133)
(0.7914876, 0.1231829, 0.04818956)
(0.7960836, 0.1236447, 0.04788348)
(0.8021203, 0.1238197, 0.04820386)
(0.8086458, 0.1238902, 0.04929274)
(0.8115524, 0.1235209, 0.05048214)
(0.8094692, 0.1225612, 0.05203529)
(0.8032792, 0.121278, 0.05251035)
(0.7939094, 0.1194298, 0.0514729)
(0.7880219, 0.116932, 0.05115421)
(0.7876077, 0.1148447, 0.05160109)
(0.7916611, 0.1117209, 0.05176366)
(0.7961813, 0.1090736, 0.05247266)
(0.7981461, 0.1053247, 0.05147886)
(0.7954509, 0.1025365, 0.04998309)
(0.7881363, 0.09876594, 0.04690232)
(0.7787374, 0.09670725, 0.04435798)
(0.7671635, 0.09435312, 0.04188401)
(0.7606596, 0.0917235, 0.04218804)
(0.7588763, 0.08931256, 0.04334684)
(0.7591625, 0.08710629, 0.04595952)
(0.7565171, 0.08427198, 0.04782693)
(0.7466871, 0.08167502, 0.04997491)
(0.7323985, 0.0787977, 0.05108413)
(0.7145979, 0.07693398, 0.0522374)
(0.7008154, 0.07518653, 0.05425467)
(0.6907008, 0.07316444, 0.05772212)
(0.6897482, 0.07082178, 0.06251357)
(0.6945348, 0.06870827, 0.06735848)
(0.7014406, 0.06633132, 0.07127664)
(0.7012331, 0.06405438, 0.07433677)
(0.6942171, 0.06192629, 0.07688642)
(0.6824474, 0.05951538, 0.07768825)
(0.666276, 0.05759252, 0.07667776)
(0.6493897, 0.05475583, 0.07491776)
(0.6269992, 0.05095348, 0.07078229)
(0.6047787, 0.04761854, 0.06702861)
(0.5884133, 0.04588484, 0.06354851)
(0.5770978, 0.04615884, 0.0603077)
(0.5682921, 0.04763433, 0.05856322)
(0.5609491, 0.05029739, 0.05714113)
(0.5525688, 0.05256661, 0.05701785)
(0.5430018, 0.05424388, 0.05770393)
(0.532598, 0.05564048, 0.05867601)
(0.5235977, 0.05702245, 0.06112916)
(0.515698, 0.05790415, 0.06288426)
(0.5093132, 0.0588072, 0.06512035)
(0.5043172, 0.0594338, 0.0661464)
(0.498093, 0.05934851, 0.06664971)
(0.4903145, 0.0589936, 0.06657712)
(0.4810326, 0.05824118, 0.06629274)
(0.4700952, 0.05781673, 0.06626644)
(0.4584543, 0.05741773, 0.06652709)
(0.4447896, 0.05641887, 0.0666542)
(0.4317828, 0.05564723, 0.06649386)
(0.416358, 0.05402344, 0.06586012)
(0.4014028, 0.05226263, 0.06467827)
(0.3877099, 0.05048074, 0.06377709)
(0.3758526, 0.04864303, 0.06270118)
(0.366227, 0.04703991, 0.06215549)
(0.3584633, 0.04599013, 0.06228826)
(0.3509577, 0.04429282, 0.0619408)
(0.3437469, 0.04289472, 0.06196012)
(0.3351394, 0.04131213, 0.06157907)
(0.325261, 0.03955198, 0.06102738)
(0.316665, 0.0379423, 0.06089647)
(0.3076283, 0.03663275, 0.06055127)
(0.2985461, 0.03557034, 0.06014138)
(0.2893205, 0.03422713, 0.059227)
(0.2800213, 0.03343204, 0.05841339)
(0.2714667, 0.03240121, 0.05782818)
(0.2621711, 0.03117481, 0.05722602)
(0.2523189, 0.03028807, 0.05662291)
(0.2400632, 0.0288112, 0.05673229)
(0.2289321, 0.02701024, 0.05666459)
(0.2167525, 0.02557861, 0.05720218)
(0.2036994, 0.02304659, 0.05754563)
(0.1905002, 0.02037252, 0.05811996)
(0.1775672, 0.01748393, 0.05743614)
(0.1641001, 0.01528392, 0.05590018)
(0.1503128, 0.01276395, 0.05508339)
(0.1343502, 0.009584663, 0.05574633)
(0.1160226, 0.006083267, 0.05682908)
(0.1007505, 0.002989814, 0.05722346)
(0.08754703, 0.0004187363, 0.05698464)
(0.07617183, 6.281527, 0.0562004)
(0.06759131, 6.280246, 0.05572246)
(0.05952027, 6.278918, 0.0554252)
(0.05300729, 6.277717, 0.05549096)
(0.0465361, 6.276237, 0.05547655)
(0.04250461, 6.274892, 0.05618651)
(0.03922365, 6.273005, 0.05666932)
(0.03784852, 6.271655, 0.05729425)
(0.03804625, 6.270465, 0.0580208)
(0.03797009, 6.26927, 0.05864967)
(0.03855593, 6.268212, 0.05915029)
(0.03804786, 6.267174, 0.05996394)
(0.03703108, 6.266428, 0.06024861)
(0.03545217, 6.266019, 0.0604491)
(0.03284621, 6.264969, 0.06070688)
(0.03077154, 6.264647, 0.06082338)
(0.02962736, 6.264497, 0.0608118)
(0.03011576, 6.264334, 0.06131554)
(0.03049441, 6.264606, 0.06183133)
(0.03011508, 6.265002, 0.06281296)
(0.02888917, 6.265295, 0.06365114)
(0.0274861, 6.265882, 0.06386641)
(0.02614315, 6.266613, 0.06420719)
(0.02560044, 6.267337, 0.06468448)
(0.02583187, 6.268197, 0.06550894)
(0.02587393, 6.268863, 0.06604982)
(0.02605565, 6.26926, 0.06683186)
(0.02544557, 6.269602, 0.06733797)
(0.02387735, 6.269872, 0.0675185)
(0.02256326, 6.270051, 0.06748313)
(0.02145269, 6.270744, 0.06743967)
(0.02092202, 6.271042, 0.06725071)
(0.0204164, 6.271456, 0.06711987)
(0.01988942, 6.271877, 0.06735878)
(0.01889001, 6.272021, 0.06763983)
(0.01792496, 6.272011, 0.06839266)
(0.01659915, 6.271718, 0.06878752)
(0.01545804, 6.271674, 0.06937747)
other
(0.1399016, 1.646946, -0.5182542)
(0.1401293, 1.646962, -0.518438)
(0.1402552, 1.646963, -0.5185798)
(0.1406391, 1.647098, -0.5187491)
(0.1407878, 1.647121, -0.518845)
(0.1409602, 1.647077, -0.5189604)
(0.1410301, 1.647049, -0.51906)
(0.1413198, 1.647107, -0.5192221)
(0.1414165, 1.647048, -0.5192293)
(0.1416128, 1.647012, -0.5192333)
(0.1417754, 1.646959, -0.5192772)
(0.1418824, 1.646865, -0.5192991)
(0.1420329, 1.646739, -0.5192755)
(0.1421402, 1.646594, -0.5191635)
(0.1422267, 1.646451, -0.5191385)
(0.1423476, 1.646331, -0.5190781)
(0.142421, 1.646168, -0.5189396)
(0.1424441, 1.646032, -0.5187889)
(0.1425524, 1.645905, -0.518648)
(0.1427045, 1.64581, -0.5185016)
(0.1427155, 1.645698, -0.5182799)
(0.1426902, 1.645435, -0.5181032)
(0.1427505, 1.645179, -0.5178832)
(0.1428101, 1.644918, -0.5177149)
(0.1428463, 1.644663, -0.5176102)
(0.1428947, 1.644394, -0.5173718)
(0.1429069, 1.644106, -0.5171825)
(0.1430013, 1.643814, -0.5169712)
(0.1429713, 1.643449, -0.5166456)
(0.1429574, 1.643152, -0.5164148)
(0.1430156, 1.642816, -0.5161294)
(0.1430378, 1.642527, -0.5158378)
(0.1430659, 1.642172, -0.5155848)
(0.1431124, 1.641898, -0.5153564)
(0.1431196, 1.64156, -0.5150455)
(0.1430597, 1.64128, -0.5147661)
(0.1429038, 1.640845, -0.5144871)
(0.142884, 1.640523, -0.5143021)
(0.1428163, 1.640257, -0.5140344)
(0.142791, 1.640003, -0.5137464)
(0.1427639, 1.639753, -0.5132183)
(0.1426976, 1.639588, -0.5129195)
(0.1426153, 1.639395, -0.5126733)
(0.1425838, 1.639217, -0.5124856)
(0.1425357, 1.638976, -0.5123416)
(0.142556, 1.638864, -0.5121788)
(0.1426346, 1.638858, -0.5121027)
(0.1425867, 1.638777, -0.5117937)
(0.1424549, 1.638688, -0.5115258)
(0.1424673, 1.638622, -0.5112449)
(0.1423676, 1.63856, -0.5110682)
(0.1422737, 1.63839, -0.5109519)
(0.1422663, 1.638248, -0.5108901)
(0.142236, 1.638095, -0.5107092)
(0.1422229, 1.637982, -0.5106832)
(0.1422739, 1.637982, -0.5106574)
(0.1423175, 1.637976, -0.5104588)
(0.1422849, 1.638003, -0.5103093)
(0.1423383, 1.638038, -0.5101477)
(0.1422658, 1.638123, -0.5099679)
(0.1423993, 1.638153, -0.5098408)
(0.1424305, 1.638096, -0.509734)
(0.142349, 1.638123, -0.5095826)
(0.1423607, 1.638011, -0.5095543)
(0.142328, 1.637826, -0.5095187)
(0.1424022, 1.63777, -0.5094475)
(0.1422646, 1.637586, -0.5092903)
(0.1423652, 1.637542, -0.5090681)
(0.1424153, 1.637543, -0.5089766)
(0.1424789, 1.637452, -0.5089394)
(0.1425819, 1.637319, -0.5088755)
(0.1425972, 1.63727, -0.5088295)
(0.1426787, 1.637237, -0.5088364)
(0.1425955, 1.637012, -0.508654)
(0.1425862, 1.637106, -0.5085469)
(0.1427715, 1.637097, -0.5084375)
(0.1429107, 1.637094, -0.5083939)
(0.1429672, 1.637154, -0.5082983)
(0.1431398, 1.637166, -0.5083393)
(0.1433148, 1.637135, -0.5083147)
(0.1433833, 1.637169, -0.5083007)
(0.1434941, 1.637165, -0.5083343)
(0.1437485, 1.637267, -0.5083953)
(0.1438487, 1.637346, -0.5083514)
(0.1440566, 1.637387, -0.5083905)
(0.1442254, 1.637401, -0.5084027)
(0.1444759, 1.637324, -0.5085195)
(0.1446309, 1.637281, -0.5085799)
(0.1447959, 1.637266, -0.5086647)
(0.1449943, 1.637252, -0.5087565)
(0.145103, 1.637236, -0.5088438)
(0.145308, 1.637256, -0.5087906)
(0.1454098, 1.637352, -0.5088161)
(0.1456246, 1.637354, -0.5088226)
(0.1458111, 1.637389, -0.5088941)
(0.1459906, 1.637431, -0.5089189)
(0.1461337, 1.637372, -0.5089165)
(0.1462879, 1.637336, -0.5088969)
(0.1465371, 1.637216, -0.509005)
(0.1466265, 1.637151, -0.5090293)
(0.1467478, 1.637063, -0.5090212)
(0.1467876, 1.637053, -0.5088762)
(0.146951, 1.636998, -0.5088021)
(0.1470246, 1.636913, -0.5086478)
(0.1470399, 1.63691, -0.5085081)
(0.147012, 1.6368, -0.5083095)
(0.1470554, 1.636622, -0.5080365)
(0.1470745, 1.636383, -0.5078059)
(0.1469047, 1.636114, -0.5073217)
(0.1468289, 1.635671, -0.5068358)
(0.146698, 1.635127, -0.5061318)
(0.146698, 1.635127, -0.5061318)
(0.1460645, 1.633779, -0.504814)
(0.1457198, 1.6327, -0.5039612)
(0.1454666, 1.631578, -0.5030838)
(0.1450438, 1.630134, -0.5021244)
(0.1446126, 1.628667, -0.5011789)
(0.1440682, 1.626953, -0.5001613)
(0.1434579, 1.625175, -0.4991125)
(0.1428771, 1.623273, -0.4979912)
(0.1421573, 1.621047, -0.4968294)
(0.1415384, 1.618957, -0.4957212)
(0.1406989, 1.616641, -0.4943234)
(0.139945, 1.614492, -0.4929205)
(0.1390471, 1.612201, -0.4914123)
(0.1382444, 1.609811, -0.4898604)
(0.1374621, 1.607468, -0.4883775)
(0.136482, 1.605132, -0.4868926)
(0.1356702, 1.602937, -0.4852902)
(0.1348932, 1.6007, -0.4834105)
(0.133997, 1.598202, -0.481618)
(0.1331394, 1.59521, -0.4797753)
(0.1323245, 1.591384, -0.4781343)
(0.1316493, 1.587765, -0.4770402)
(0.1308451, 1.584583, -0.4762989)
(0.1301355, 1.582202, -0.4754325)
(0.1295509, 1.578792, -0.4742552)
(0.129014, 1.57528, -0.472546)
(0.1288342, 1.571725, -0.4706234)
(0.1285663, 1.56801, -0.4688078)
(0.1285226, 1.564743, -0.4671792)
(0.1284082, 1.561433, -0.4658078)
(0.1284513, 1.558914, -0.4648679)
(0.1283989, 1.556828, -0.4637116)
(0.1285722, 1.555023, -0.4623195)
(0.128741, 1.553416, -0.4607145)
(0.1290307, 1.551868, -0.4589864)
(0.1295846, 1.550026, -0.457286)
(0.1299253, 1.547783, -0.4555155)
(0.1304448, 1.546298, -0.4539739)
(0.1308744, 1.544723, -0.4522856)
(0.1313407, 1.54323, -0.4504341)
(0.1316864, 1.541539, -0.4483386)
(0.1321135, 1.539531, -0.4460183)
(0.1323738, 1.536884, -0.4433905)
(0.1326697, 1.535309, -0.4409968)
(0.1331398, 1.534225, -0.4383322)
(0.1334507, 1.532873, -0.4354757)
(0.133666, 1.532528, -0.4325482)
(0.134027, 1.531948, -0.4298013)
(0.1343083, 1.531295, -0.4268287)
(0.134542, 1.531001, -0.4240493)
(0.1347864, 1.530444, -0.4213735)
(0.1350815, 1.529821, -0.4183606)
(0.1351659, 1.529603, -0.4154536)
(0.135335, 1.529175, -0.4127458)
(0.1354284, 1.528448, -0.4098865)
(0.1357574, 1.528103, -0.4071504)
(0.135911, 1.527797, -0.4043332)
(0.1360931, 1.526483, -0.4014825)
(0.1363902, 1.525371, -0.3988818)
(0.136416, 1.524126, -0.396401)
(0.1366525, 1.522783, -0.39386)
(0.1366329, 1.522015, -0.3914198)
(0.1367333, 1.520989, -0.3893677)
(0.13691, 1.519947, -0.3872296)
(0.1371517, 1.519079, -0.3847822)
(0.1374862, 1.517958, -0.3821796)
(0.1380002, 1.516618, -0.3793377)
(0.1383843, 1.515459, -0.3763186)
(0.1388378, 1.513626, -0.3733889)
(0.1394694, 1.511225, -0.3701998)
(0.1399746, 1.509121, -0.3672522)
(0.1404972, 1.50649, -0.3643225)
(0.1413472, 1.504247, -0.3613821)
(0.1422272, 1.502458, -0.3581442)
(0.1431477, 1.499986, -0.3548878)
(0.1444738, 1.497575, -0.3513609)
(0.1456697, 1.495854, -0.3474749)
(0.1473083, 1.494282, -0.343264)
(0.1490507, 1.492212, -0.3384341)
(0.1508002, 1.490774, -0.3340811)
(0.1527109, 1.489223, -0.3293787)
(0.1547401, 1.487594, -0.3248278)
(0.1568823, 1.486123, -0.3199021)
(0.1590235, 1.484952, -0.3149885)
(0.1614788, 1.484645, -0.3098212)
(0.163851, 1.484708, -0.3044397)
(0.166297, 1.484959, -0.298484)
(0.1685257, 1.485153, -0.2924513)
(0.1710415, 1.485966, -0.2856015)
(0.1732521, 1.487208, -0.2796208)
(0.1755388, 1.488923, -0.2737349)
(0.1779222, 1.492151, -0.2671679)
(0.1801848, 1.495042, -0.2607857)
(0.1821723, 1.498222, -0.254675)
(0.1840885, 1.500861, -0.2483474)
(0.18543, 1.502344, -0.2418188)
(0.1867929, 1.50348, -0.2356593)
(0.1881626, 1.51112, -0.2295991)
(0.1890483, 1.513201, -0.2246407)
(0.1900246, 1.515576, -0.2198163)
(0.1906769, 1.517795, -0.2155262)
(0.1914506, 1.520952, -0.2113646)
(0.1917667, 1.523853, -0.2072467)
(0.1920581, 1.527267, -0.2027742)
(0.1921942, 1.530382, -0.1982578)
(0.1923175, 1.533341, -0.1937493)
(0.1918936, 1.536145, -0.1889063)
(0.19115, 1.539356, -0.1852273)
(0.1905346, 1.543692, -0.1818167)
(0.1894579, 1.548718, -0.1788622)
(0.1884537, 1.554623, -0.1758279)
(0.1874347, 1.561103, -0.1728076)
(0.1864295, 1.567896, -0.1696841)
(0.1854119, 1.574908, -0.1665675)
(0.184557, 1.582355, -0.1634375)
(0.183485, 1.590659, -0.1601237)
(0.1827188, 1.599757, -0.1574208)
(0.1817153, 1.609491, -0.1547021)
(0.1806412, 1.620421, -0.1520687)
(0.1796842, 1.631164, -0.1493234)
(0.1789632, 1.642394, -0.1464788)
(0.17802, 1.653139, -0.1433476)
(0.1771867, 1.663664, -0.1399981)
(0.1763401, 1.673461, -0.1360914)
(0.1755559, 1.682806, -0.1325334)
(0.175082, 1.69124, -0.128873)
(0.1745799, 1.699207, -0.1253876)
(0.1739233, 1.706532, -0.1214742)
(0.173475, 1.712709, -0.1177434)
(0.1731119, 1.717106, -0.114098)
(0.1726396, 1.720446, -0.1105327)
(0.1724117, 1.722437, -0.1075367)
(0.1722605, 1.724439, -0.104756)
(0.1722891, 1.727225, -0.1024372)
(0.1725636, 1.730588, -0.1004294)
(0.1727903, 1.733542, -0.09826435)
(0.1730735, 1.736293, -0.09583057)
(0.1733708, 1.738693, -0.09316792)
(0.1737564, 1.741266, -0.0902151)
(0.1739688, 1.743601, -0.08702292)
(0.174377, 1.745408, -0.08384694)
(0.1748185, 1.746888, -0.08051504)
(0.1752298, 1.748161, -0.07737745)
(0.1757326, 1.748696, -0.07422222)
(0.1762424, 1.748985, -0.07112946)
(0.1768022, 1.748627, -0.06788315)
(0.1771221, 1.74791, -0.06444563)
(0.1772103, 1.746604, -0.06102909)
(0.1770849, 1.745487, -0.05739416)
(0.1769133, 1.743895, -0.05363669)
(0.1765757, 1.742243, -0.04960169)
(0.17647, 1.741172, -0.04587997)
(0.1760526, 1.740044, -0.04168715)
(0.1755874, 1.739016, -0.03757443)
(0.1747465, 1.737679, -0.03296007)
(0.1737278, 1.735544, -0.02834238)
(0.1727345, 1.732531, -0.02371682)
(0.1717761, 1.72922, -0.01912679)
(0.1709085, 1.725226, -0.01460041)
(0.1698971, 1.721337, -0.009906187)
(0.1689763, 1.718305, -0.005602493)
(0.1678805, 1.716034, -0.001172199)
(0.1664958, 1.71387, 0.003406868)
(0.1649625, 1.712189, 0.008619414)
(0.1633673, 1.71149, 0.01430903)
(0.1618731, 1.711321, 0.02026568)
(0.1604834, 1.711178, 0.02619778)
(0.1593904, 1.711369, 0.03215943)
(0.1582143, 1.711973, 0.0376886)
(0.157001, 1.720158, 0.04325448)
(0.155935, 1.726146, 0.04763828)
(0.1546092, 1.731906, 0.05218373)
(0.1533957, 1.737545, 0.05727182)
(0.1521726, 1.741641, 0.0630971)
(0.1513143, 1.744728, 0.06900607)
(0.1503012, 1.747319, 0.07444249)
(0.1495373, 1.750048, 0.0791081)
(0.1488943, 1.754104, 0.08300196)
(0.1481075, 1.759462, 0.08633266)
(0.1472425, 1.766137, 0.08863555)
(0.1462526, 1.773046, 0.09110366)
(0.1453764, 1.78052, 0.09373127)
(0.1448236, 1.788086, 0.09696446)
(0.1447978, 1.795922, 0.1005522)
(0.1447968, 1.804154, 0.1043373)
(0.1451523, 1.812671, 0.1079873)
(0.1452188, 1.822029, 0.1112255)
(0.145335, 1.832074, 0.1143082)
(0.1452544, 1.842746, 0.1168014)
(0.145261, 1.853931, 0.1191853)
(0.1453688, 1.864981, 0.121553)
(0.1454759, 1.875332, 0.1240638)
(0.1456373, 1.885028, 0.1264225)
(0.1458197, 1.894508, 0.1287702)
(0.1457465, 1.903934, 0.1309653)
(0.1456957, 1.913299, 0.132928)
(0.1455216, 1.922269, 0.135003)
(0.1452267, 1.930528, 0.1369423)
(0.1450672, 1.938473, 0.1387874)
(0.1447668, 1.945878, 0.1406404)
(0.1445942, 1.952566, 0.1425229)
(0.1443837, 1.958235, 0.144318)
(0.1441109, 1.963281, 0.1462408)
(0.1437502, 1.967037, 0.1480583)
(0.143496, 1.970419, 0.1495281)
(0.1431527, 1.973107, 0.1508576)
(0.1425757, 1.974864, 0.1517316)
(0.1422634, 1.97659, 0.1523608)
(0.1419144, 1.977984, 0.152515)
(0.1416385, 1.979888, 0.1528073)
(0.1414118, 1.981894, 0.1532837)
(0.1412733, 1.983643, 0.1543144)
(0.1413331, 1.98504, 0.1555632)
(0.1413608, 1.985769, 0.1565913)
(0.1413977, 1.985848, 0.1577064)
(0.1413696, 1.985666, 0.1586066)
(0.1415067, 1.986317, 0.1590685)
(0.1418555, 1.987468, 0.1591982)
(0.1419873, 1.988683, 0.1595546)
(0.1424704, 1.990227, 0.1599156)
(0.1430161, 1.991139, 0.1605319)
(0.143647, 1.991566, 0.1613968)
(0.1443121, 1.991471, 0.1621159)
(0.144964, 1.990842, 0.1625784)
(0.1458488, 1.99099, 0.1629168)
(0.1466365, 1.992, 0.1630157)
(0.1475403, 1.993658, 0.1631225)
(0.1484673, 1.994893, 0.1635059)
(0.1496146, 1.995651, 0.1641141)
(0.1506894, 1.995742, 0.1648697)
(0.1518786, 1.99531, 0.1655017)
(0.1530287, 1.994923, 0.1659247)
(0.1544969, 1.994613, 0.1656912)
(0.1555831, 1.995085, 0.1652001)
(0.1568325, 1.996267, 0.1645318)
(0.1580098, 1.998157, 0.1636592)
(0.1593497, 1.999884, 0.1630334)
(0.1606572, 2.001988, 0.1629675)
(0.1619329, 2.004116, 0.1632882)
(0.1630297, 2.006423, 0.1636168)
(0.1641159, 2.008573, 0.1639308)
(0.1650975, 2.010681, 0.1644055)
(0.1659892, 2.012794, 0.1649152)
(0.1667588, 2.014806, 0.1651867)
(0.167634, 2.016757, 0.1651014)
(0.1682565, 2.01846, 0.1651319)
(0.1690059, 2.020023, 0.164878)
(0.1698949, 2.021299, 0.1645802)
(0.1705191, 2.022296, 0.1644333)
(0.1711025, 2.023285, 0.1640977)
(0.1716983, 2.024215, 0.1636389)
(0.1723604, 2.025442, 0.1629137)
(0.1727812, 2.02667, 0.1620537)
(0.1729536, 2.028007, 0.1613391)
(0.1731353, 2.029327, 0.1607705)
(0.173234, 2.030735, 0.1602169)
(0.1733503, 2.03215, 0.1599351)
(0.1735814, 2.033884, 0.1596516)
(0.1737404, 2.03557, 0.1595889)
(0.1739111, 2.037282, 0.159628)
(0.1738353, 2.038968, 0.1597279)
(0.1738071, 2.040742, 0.1598869)
(0.1739085, 2.042109, 0.1600073)
(0.1738544, 2.043495, 0.160051)
(0.1738131, 2.044713, 0.1601256)
(0.1737649, 2.045841, 0.1598986)
(0.1736896, 2.047067, 0.159499)
(0.1735194, 2.048281, 0.159057)
(0.1733885, 2.04949, 0.1586722)
(0.1733398, 2.050797, 0.1583191)
(0.1731882, 2.052045, 0.1581408)
(0.1730096, 2.05321, 0.1579321)
(0.1728451, 2.054385, 0.1576465)
(0.1726284, 2.055555, 0.1573237)
(0.1725013, 2.056637, 0.1569596)
(0.1723304, 2.05786, 0.1565629)
(0.1720624, 2.059066, 0.1562353)
(0.171828, 2.06032, 0.1558841)
(0.171479, 2.061703, 0.1554993)
(0.1711335, 2.063168, 0.1552163)
(0.1708608, 2.064573, 0.1548763)
(0.1704438, 2.06617, 0.1543947)
(0.1700406, 2.067709, 0.1539873)
(0.1697578, 2.069269, 0.153396)
(0.1693959, 2.070923, 0.1527122)
(0.1688581, 2.072637, 0.1519633)
(0.1685805, 2.074384, 0.1510814)
(0.1681309, 2.076366, 0.1502858)
(0.1678572, 2.078531, 0.1493028)
(0.1675415, 2.08023, 0.1483475)
(0.1672912, 2.081885, 0.1471425)
(0.1669745, 2.083261, 0.1461545)
(0.1667888, 2.084321, 0.1447583)
(0.1666598, 2.085505, 0.143426)
(0.1664, 2.086353, 0.1421422)
(0.1662169, 2.087065, 0.1408766)
(0.1659026, 2.087579, 0.1396133)
(0.165767, 2.088068, 0.1384343)
(0.1656346, 2.088218, 0.1370874)
(0.1654916, 2.088254, 0.1359302)
(0.1654928, 2.088487, 0.1345941)
(0.1655512, 2.088368, 0.1334699)
(0.1655502, 2.088496, 0.1324192)
(0.1654813, 2.08855, 0.1315867)
(0.1655467, 2.088564, 0.1306468)
(0.1655033, 2.088725, 0.1296824)
(0.1654906, 2.088752, 0.1290239)
(0.1658106, 2.088522, 0.1280106)
(0.1658611, 2.08844, 0.1271962)
(0.1659861, 2.088487, 0.1262802)
(0.166223, 2.088374, 0.1253348)
(0.1663599, 2.088455, 0.1244892)
(0.1665189, 2.088533, 0.1237544)
(0.166754, 2.08849, 0.122892)
(0.1672633, 2.088705, 0.1217772)
(0.167434, 2.088669, 0.1208349)
(0.167762, 2.088535, 0.1198376)
(0.1681263, 2.088664, 0.1188031)
(0.1683095, 2.088725, 0.117901)
(0.1688232, 2.088608, 0.1168929)
(0.1691432, 2.088745, 0.1159736)
(0.1693857, 2.088796, 0.1152381)
(0.1697607, 2.08876, 0.1143082)
(0.1702096, 2.088906, 0.1132988)
(0.1704433, 2.089007, 0.1124037)
(0.1709146, 2.088988, 0.111442)
(0.1712105, 2.08911, 0.1106132)
(0.171663, 2.089285, 0.1097475)
(0.172106, 2.089255, 0.1088501)
####
(6.20562, 0.004494228, 0.04446254)
(6.205793, 0.004460479, 0.04393736)
(6.205757, 0.00443967, 0.0434815)
(6.205487, 0.004408382, 0.04313523)
(6.20549, 0.004319748, 0.04268041)
(6.205475, 0.004570363, 0.04234062)
(6.205504, 0.00484509, 0.04196841)
(6.205552, 0.004766805, 0.04173854)
(6.206433, 0.005148089, 0.04122071)
(6.20733, 0.00570411, 0.04131058)
(6.20798, 0.006057608, 0.04145824)
(6.208749, 0.006360027, 0.0416798)
(6.210255, 0.006456584, 0.04236589)
(6.211541, 0.00650792, 0.04283519)
(6.213237, 0.006586803, 0.04312856)
(6.214437, 0.006740776, 0.04350351)
(6.215672, 0.006365107, 0.04352254)
(6.21686, 0.006183838, 0.04374361)
(6.218608, 0.005932083, 0.04398263)
(6.220141, 0.005881625, 0.04369257)
(6.22224, 0.005880781, 0.04313383)
(6.224323, 0.006280653, 0.04206072)
(6.2267, 0.006346985, 0.04145482)
(6.229725, 0.006715019, 0.04099016)
(6.232547, 0.007184628, 0.04084521)
(6.235689, 0.007416359, 0.0402247)
(6.238319, 0.007778889, 0.03932849)
(6.241142, 0.008687522, 0.03870221)
(6.244371, 0.009200322, 0.03838791)
(6.247485, 0.009876724, 0.03829611)
(6.250738, 0.01068092, 0.03786883)
(6.253348, 0.01131273, 0.03768777)
(6.25563, 0.01197178, 0.0373756)
(6.258555, 0.0127049, 0.03740124)
(6.261456, 0.01322928, 0.0373328)
(6.26507, 0.01348911, 0.03728199)
(6.268615, 0.01424812, 0.03729215)
(6.272418, 0.0146208, 0.03732276)
(6.275611, 0.01493877, 0.03742621)
(6.278072, 0.0153437, 0.0380972)
(6.279563, 0.01530715, 0.03826766)
(6.28095, 0.01525871, 0.03837794)
(6.282666, 0.01519375, 0.03782021)
(0.001506819, 0.01500508, 0.03761493)
(0.003599983, 0.01504006, 0.03690626)
(0.006012471, 0.01492999, 0.03665875)
(0.00782056, 0.0146284, 0.0362763)
(0.008269704, 0.01431638, 0.03620375)
(0.007920812, 0.0137488, 0.03611649)
(0.00819693, 0.01359048, 0.0361314)
(0.009050753, 0.01354463, 0.0359869)
(0.01021926, 0.01328119, 0.03592202)
(0.01228197, 0.01296911, 0.03568548)
(0.01443306, 0.01266094, 0.03569382)
(0.01649127, 0.01257858, 0.03606201)
(0.01788704, 0.01244201, 0.03573528)
(0.01761232, 0.0122825, 0.0357958)
(0.01722861, 0.01221299, 0.03612442)
(0.0168716, 0.01188195, 0.03606384)
(0.01650927, 0.01172388, 0.03583575)
(0.01685289, 0.0111715, 0.03599119)
(0.01744322, 0.01081621, 0.0359869)
(0.01808259, 0.01082269, 0.03636297)
(0.01942384, 0.01039574, 0.03632434)
(0.02073058, 0.01015813, 0.03632012)
(0.02184447, 0.009840339, 0.03637014)
(0.02236878, 0.009526019, 0.0366228)
(0.02239398, 0.008870902, 0.0369086)
(0.02270969, 0.008361472, 0.03750961)
(0.02336623, 0.007822841, 0.03752561)
(0.02423722, 0.007255204, 0.03790757)
(0.02529185, 0.006668611, 0.03797727)
(0.02647317, 0.006073127, 0.03863234)
(0.02707897, 0.005216293, 0.03906807)
(0.02720106, 0.004650527, 0.03932019)
(0.02678932, 0.003965816, 0.03914729)
(0.02592558, 0.00362855, 0.03879131)
(0.02563959, 0.003345696, 0.03860179)
(0.02591897, 0.002987748, 0.03860766)
(0.02684055, 0.00251609, 0.03882749)
(0.02755805, 0.002047016, 0.03881454)
(0.0278353, 0.002039149, 0.03897909)
(0.02752465, 0.002111675, 0.03909037)
(0.02682022, 0.001807173, 0.03950243)
(0.0264605, 0.001645944, 0.03981203)
(0.02638865, 0.001468295, 0.04013123)
(0.02645198, 0.001543178, 0.0404846)
(0.02676289, 0.001334638, 0.04081704)
(0.02752347, 0.00137289, 0.04061538)
(0.02806444, 0.001341567, 0.04064481)
(0.02798028, 0.001261694, 0.04039353)
(0.02796732, 0.001353016, 0.04061648)
(0.02790061, 0.001489062, 0.04068616)
(0.02753838, 0.001516111, 0.04105453)
(0.02688637, 0.001387462, 0.04133927)
(0.02660723, 0.001546619, 0.04150561)
(0.02642545, 0.001657262, 0.04119581)
(0.02658259, 0.00203145, 0.0409664)
(0.02693893, 0.002501552, 0.04037162)
(0.02778086, 0.003022046, 0.04009471)
(0.02846692, 0.003372422, 0.03969496)
(0.02932275, 0.003950154, 0.03983688)
(0.03017192, 0.003987832, 0.03966208)
(0.03127707, 0.004558815, 0.03933314)
(0.03318484, 0.005402694, 0.03901196)
(0.03472235, 0.005793653, 0.0384829)
(0.03711314, 0.006216376, 0.03824148)
(0.03988269, 0.006616793, 0.03796586)
(0.04369054, 0.007419085, 0.03722571)
(0.0480776, 0.00796528, 0.03673534)
(0.05390076, 0.008883201, 0.03596691)
(0.05390076, 0.008883201, 0.03596691)
(0.0687668, 0.01029047, 0.03428203)
(0.07959173, 0.01052393, 0.03352441)
(0.09005167, 0.01114084, 0.03277637)
(0.1028682, 0.01157743, 0.03132536)
(0.1163625, 0.01239402, 0.0300919)
(0.1320399, 0.0131456, 0.02843861)
(0.1478475, 0.01472346, 0.02652366)
(0.1645038, 0.0164033, 0.0244987)
(0.184097, 0.01874323, 0.02235755)
(0.2029804, 0.02115348, 0.02008331)
(0.2240538, 0.02418073, 0.01769868)
(0.2417714, 0.02684562, 0.01512415)
(0.2576493, 0.02996828, 0.01260629)
(0.2747517, 0.03337619, 0.009254162)
(0.2934898, 0.03722791, 0.005522726)
(0.3139982, 0.0416629, 0.000474682)
(0.331732, 0.04540921, 6.278277)
(0.3464839, 0.04836982, 6.272592)
(0.3604138, 0.05136723, 6.267237)
(0.3740019, 0.05387931, 6.261511)
(0.3916736, 0.05585913, 6.255899)
(0.411153, 0.05734914, 6.251784)
(0.4361353, 0.05826104, 6.247586)
(0.460539, 0.05870203, 6.240973)
(0.4790522, 0.05799105, 6.232384)
(0.4897248, 0.05791667, 6.22457)
(0.4960306, 0.05752067, 6.21787)
(0.5064659, 0.05771802, 6.213927)
(0.5202656, 0.05935939, 6.212648)
(0.5377901, 0.06194734, 6.213574)
(0.5584155, 0.06498607, 6.216275)
(0.5775647, 0.06759165, 6.218857)
(0.5952961, 0.07073528, 6.221984)
(0.6072324, 0.07459615, 6.226609)
(0.6176583, 0.07899319, 6.23144)
(0.6268752, 0.08424212, 6.237413)
(0.6388496, 0.08984773, 6.24245)
(0.6527862, 0.09563316, 6.246469)
(0.6667709, 0.1012639, 6.249062)
(0.6769361, 0.1073275, 6.250216)
(0.6837739, 0.112739, 6.251006)
(0.6875281, 0.1174192, 6.252315)
(0.6921269, 0.1233505, 6.254729)
(0.697975, 0.1282699, 6.257205)
(0.7017477, 0.13277, 6.259983)
(0.7037864, 0.1368814, 6.263391)
(0.7050071, 0.1405784, 6.267543)
(0.7076805, 0.1436602, 6.271272)
(0.7102641, 0.1466323, 6.276208)
(0.7130126, 0.1496696, 6.280951)
(0.7145305, 0.1513319, 0.00162518)
(0.7154551, 0.1529392, 0.004564757)
(0.7157443, 0.1541474, 0.005733958)
(0.7159162, 0.1543202, 0.006432108)
(0.7167561, 0.1545891, 0.00819463)
(0.7166739, 0.1542728, 0.009475197)
(0.7160653, 0.1544244, 0.01127629)
(0.7128537, 0.1538128, 0.0122268)
(0.7104551, 0.1530076, 0.01311143)
(0.708756, 0.1520553, 0.01346354)
(0.7098467, 0.1507006, 0.01355149)
(0.7121739, 0.1500973, 0.01405756)
(0.7167137, 0.1481494, 0.01413711)
(0.7195842, 0.1463058, 0.01438424)
(0.7210441, 0.1440048, 0.0151245)
(0.7198122, 0.1411867, 0.01586654)
(0.71543, 0.1378959, 0.01679521)
(0.7111968, 0.1345814, 0.01825609)
(0.7056919, 0.1299728, 0.01861742)
(0.700711, 0.1252636, 0.01867962)
(0.6975271, 0.1202798, 0.01758816)
(0.6962231, 0.115412, 0.01633942)
(0.6955128, 0.1110167, 0.01500027)
(0.6958078, 0.1066242, 0.01430212)
(0.6943613, 0.1024345, 0.01372104)
(0.6916659, 0.09805058, 0.0126483)
(0.6890732, 0.09342461, 0.0126339)
(0.6859106, 0.08801915, 0.0134034)
(0.6808031, 0.08159258, 0.01317128)
(0.6754625, 0.07556532, 0.0129318)
(0.6676383, 0.0687862, 0.01132575)
(0.6594751, 0.0620072, 0.009750496)
(0.652023, 0.05377802, 0.008324722)
(0.6471257, 0.04555733, 0.008246846)
(0.6436883, 0.03618172, 0.008172027)
(0.63893, 0.02802743, 0.007474628)
(0.6299446, 0.02090937, 0.00687991)
(0.6183476, 0.01417455, 0.006327635)
(0.6074147, 0.006892083, 0.007118125)
(0.6032001, 6.282603, 0.008765412)
(0.6050564, 6.275067, 0.01050098)
(0.6158473, 6.266979, 0.01288092)
(0.6220699, 6.260829, 0.0131613)
(0.6312839, 6.257352, 0.01029086)
(0.6350956, 6.253292, 0.006182324)
(0.6244048, 6.24965, 0.00115667)
(0.6140791, 6.245534, 6.282203)
(0.6082785, 6.241108, 6.282582)
(0.6078428, 6.238012, 0.0009687887)
(0.6100549, 6.236338, 0.002075087)
(0.6161008, 6.235577, 0.002265253)
(0.6236116, 6.235525, 0.001964228)
(0.6314787, 6.23675, 0.003234266)
(0.6367537, 6.23712, 0.005818872)
(0.6381545, 6.236616, 0.0100707)
(0.634977, 6.235911, 0.0134235)
(0.6303563, 6.236125, 0.0150587)
(0.6308645, 6.237123, 0.01475077)
(0.6358427, 6.238863, 0.01416593)
(0.6462127, 6.241292, 0.01253407)
(0.6563873, 6.243659, 0.01243215)
(0.6652144, 6.245072, 0.0145893)
(0.669087, 6.246324, 0.01868596)
(0.6694468, 6.246403, 0.02435699)
(0.6688349, 6.24616, 0.02892143)
(0.6700951, 6.246204, 0.03363574)
(0.6745996, 6.246239, 0.03606158)
(0.6819755, 6.246988, 0.0370833)
(0.6911275, 6.247575, 0.03738566)
(0.6980591, 6.247804, 0.03777064)
(0.7029845, 6.247249, 0.03902951)
(0.7064415, 6.246179, 0.04024915)
(0.7078714, 6.2447, 0.04142819)
(0.7071269, 6.242481, 0.04137301)
(0.7048675, 6.239949, 0.04015297)
(0.7016114, 6.237175, 0.03787445)
(0.6998205, 6.235538, 0.03597056)
(0.6979878, 6.23389, 0.0337362)
(0.6962535, 6.232557, 0.03266575)
(0.691417, 6.230272, 0.03147756)
(0.6863866, 6.227529, 0.03098588)
(0.6836289, 6.224816, 0.03169017)
(0.6881706, 6.223452, 0.03400838)
(0.698402, 6.222764, 0.03673466)
(0.7140612, 6.222773, 0.04114872)
(0.7251667, 6.222151, 0.04454578)
(0.7311146, 6.22061, 0.04649112)
(0.7311726, 6.219163, 0.04665485)
(0.726557, 6.218824, 0.04462329)
(0.7209368, 6.219832, 0.04353172)
(0.7133887, 6.220854, 0.04297873)
(0.7083245, 6.221374, 0.04331108)
(0.7061119, 6.221765, 0.0443936)
(0.7050682, 6.221959, 0.04562805)
(0.7052465, 6.223329, 0.04648758)
(0.7058227, 6.226073, 0.0468251)
(0.7054957, 6.229644, 0.04670699)
(0.7043915, 6.234699, 0.04555462)
(0.7037749, 6.23885, 0.04525488)
(0.7043439, 6.242378, 0.04580767)
(0.7066904, 6.246831, 0.04868647)
(0.7106354, 6.251029, 0.05193763)
(0.714752, 6.2563, 0.05521068)
(0.7157997, 6.262102, 0.05628246)
(0.7134131, 6.268694, 0.05540176)
(0.7096127, 6.274837, 0.05436954)
(0.702509, 6.279861, 0.05312146)
(0.6959339, 0.001578921, 0.05382077)
(0.690388, 0.006838669, 0.05496151)
(0.689146, 0.01469317, 0.05684922)
(0.6916201, 0.02388411, 0.05809947)
(0.6980585, 0.03535764, 0.05816277)
(0.7035627, 0.04746657, 0.05747234)
(0.7085498, 0.05931698, 0.05559462)
(0.7114497, 0.0695612, 0.05385315)
(0.712149, 0.079422, 0.05333938)
(0.7111444, 0.08884665, 0.05497894)
(0.7118517, 0.09744197, 0.05978875)
(0.7169963, 0.1056987, 0.06513217)
(0.72965, 0.1156979, 0.06969)
(0.7503749, 0.1248986, 0.07221166)
(0.7666371, 0.1323961, 0.07300786)
(0.7710859, 0.1356409, 0.06943284)
(0.7648323, 0.1375946, 0.0646456)
(0.7452257, 0.1372062, 0.05651112)
(0.7273903, 0.1384299, 0.05067093)
(0.7154436, 0.1394746, 0.04885137)
(0.713793, 0.1403382, 0.05038517)
(0.7249009, 0.1402574, 0.05508531)
(0.7435188, 0.1391527, 0.05953407)
(0.7592222, 0.137133, 0.05966846)
(0.7706228, 0.1340552, 0.05984593)
(0.7739155, 0.131052, 0.06000079)
(0.7678832, 0.1271279, 0.06029324)
(0.7595357, 0.1252734, 0.06103735)
(0.7492788, 0.1237639, 0.06046678)
(0.7449201, 0.1229807, 0.05869937)
(0.7453737, 0.1219185, 0.05584914)
(0.7512604, 0.1212364, 0.05328999)
(0.7586792, 0.1207194, 0.05117689)
(0.7658686, 0.120723, 0.04917918)
(0.7687091, 0.1206136, 0.04730558)
(0.7691615, 0.1214368, 0.04631744)
(0.7698075, 0.122146, 0.04530326)
(0.7725986, 0.1231137, 0.04572277)
(0.7765931, 0.1232203, 0.04643748)
(0.781813, 0.1229727, 0.04776081)
(0.7863401, 0.1224538, 0.0495794)
(0.7902449, 0.1224055, 0.05027289)
(0.79353, 0.1229221, 0.05086447)
(0.7958285, 0.1232471, 0.05102169)
(0.7955661, 0.1236863, 0.05130856)
(0.7945004, 0.1233054, 0.05113586)
(0.7915403, 0.122553, 0.05051969)
(0.7895164, 0.1219128, 0.04943346)
(0.7885689, 0.1217825, 0.04859857)
(0.7894013, 0.122105, 0.04832133)
(0.7914876, 0.1231829, 0.04818956)
(0.7960836, 0.1236447, 0.04788348)
(0.8021203, 0.1238197, 0.04820386)
(0.8086458, 0.1238902, 0.04929274)
(0.8115524, 0.1235209, 0.05048214)
(0.8094692, 0.1225612, 0.05203529)
(0.8032792, 0.121278, 0.05251035)
(0.7939094, 0.1194298, 0.0514729)
(0.7880219, 0.116932, 0.05115421)
(0.7876077, 0.1148447, 0.05160109)
(0.7916611, 0.1117209, 0.05176366)
(0.7961813, 0.1090736, 0.05247266)
(0.7981461, 0.1053247, 0.05147886)
(0.7954509, 0.1025365, 0.04998309)
(0.7881363, 0.09876594, 0.04690232)
(0.7787374, 0.09670725, 0.04435798)
(0.7671635, 0.09435312, 0.04188401)
(0.7606596, 0.0917235, 0.04218804)
(0.7588763, 0.08931256, 0.04334684)
(0.7591625, 0.08710629, 0.04595952)
(0.7565171, 0.08427198, 0.04782693)
(0.7466871, 0.08167502, 0.04997491)
(0.7323985, 0.0787977, 0.05108413)
(0.7145979, 0.07693398, 0.0522374)
(0.7008154, 0.07518653, 0.05425467)
(0.6907008, 0.07316444, 0.05772212)
(0.6897482, 0.07082178, 0.06251357)
(0.6945348, 0.06870827, 0.06735848)
(0.7014406, 0.06633132, 0.07127664)
(0.7012331, 0.06405438, 0.07433677)
(0.6942171, 0.06192629, 0.07688642)
(0.6824474, 0.05951538, 0.07768825)
(0.666276, 0.05759252, 0.07667776)
(0.6493897, 0.05475583, 0.07491776)
(0.6269992, 0.05095348, 0.07078229)
(0.6047787, 0.04761854, 0.06702861)
(0.5884133, 0.04588484, 0.06354851)
(0.5770978, 0.04615884, 0.0603077)
(0.5682921, 0.04763433, 0.05856322)
(0.5609491, 0.05029739, 0.05714113)
(0.5525688, 0.05256661, 0.05701785)
(0.5430018, 0.05424388, 0.05770393)
(0.532598, 0.05564048, 0.05867601)
(0.5235977, 0.05702245, 0.06112916)
(0.515698, 0.05790415, 0.06288426)
(0.5093132, 0.0588072, 0.06512035)
(0.5043172, 0.0594338, 0.0661464)
(0.498093, 0.05934851, 0.06664971)
(0.4903145, 0.0589936, 0.06657712)
(0.4810326, 0.05824118, 0.06629274)
(0.4700952, 0.05781673, 0.06626644)
(0.4584543, 0.05741773, 0.06652709)
(0.4447896, 0.05641887, 0.0666542)
(0.4317828, 0.05564723, 0.06649386)
(0.416358, 0.05402344, 0.06586012)
(0.4014028, 0.05226263, 0.06467827)
(0.3877099, 0.05048074, 0.06377709)
(0.3758526, 0.04864303, 0.06270118)
(0.366227, 0.04703991, 0.06215549)
(0.3584633, 0.04599013, 0.06228826)
(0.3509577, 0.04429282, 0.0619408)
(0.3437469, 0.04289472, 0.06196012)
(0.3351394, 0.04131213, 0.06157907)
(0.325261, 0.03955198, 0.06102738)
(0.316665, 0.0379423, 0.06089647)
(0.3076283, 0.03663275, 0.06055127)
(0.2985461, 0.03557034, 0.06014138)
(0.2893205, 0.03422713, 0.059227)
(0.2800213, 0.03343204, 0.05841339)
(0.2714667, 0.03240121, 0.05782818)
(0.2621711, 0.03117481, 0.05722602)
(0.2523189, 0.03028807, 0.05662291)
(0.2400632, 0.0288112, 0.05673229)
(0.2289321, 0.02701024, 0.05666459)
(0.2167525, 0.02557861, 0.05720218)
(0.2036994, 0.02304659, 0.05754563)
(0.1905002, 0.02037252, 0.05811996)
(0.1775672, 0.01748393, 0.05743614)
(0.1641001, 0.01528392, 0.05590018)
(0.1503128, 0.01276395, 0.05508339)
(0.1343502, 0.009584663, 0.05574633)
(0.1160226, 0.006083267, 0.05682908)
(0.1007505, 0.002989814, 0.05722346)
(0.08754703, 0.0004187363, 0.05698464)
(0.07617183, 6.281527, 0.0562004)
(0.06759131, 6.280246, 0.05572246)
(0.05952027, 6.278918, 0.0554252)
(0.05300729, 6.277717, 0.05549096)
(0.0465361, 6.276237, 0.05547655)
(0.04250461, 6.274892, 0.05618651)
(0.03922365, 6.273005, 0.05666932)
(0.03784852, 6.271655, 0.05729425)
(0.03804625, 6.270465, 0.0580208)
(0.03797009, 6.26927, 0.05864967)
(0.03855593, 6.268212, 0.05915029)
(0.03804786, 6.267174, 0.05996394)
(0.03703108, 6.266428, 0.06024861)
(0.03545217, 6.266019, 0.0604491)
(0.03284621, 6.264969, 0.06070688)
(0.03077154, 6.264647, 0.06082338)
(0.02962736, 6.264497, 0.0608118)
(0.03011576, 6.264334, 0.06131554)
(0.03049441, 6.264606, 0.06183133)
(0.03011508, 6.265002, 0.06281296)
(0.02888917, 6.265295, 0.06365114)
(0.0274861, 6.265882, 0.06386641)
(0.02614315, 6.266613, 0.06420719)
(0.02560044, 6.267337, 0.06468448)
(0.02583187, 6.268197, 0.06550894)
(0.02587393, 6.268863, 0.06604982)
(0.02605565, 6.26926, 0.06683186)
(0.02544557, 6.269602, 0.06733797)
(0.02387735, 6.269872, 0.0675185)
(0.02256326, 6.270051, 0.06748313)
(0.02145269, 6.270744, 0.06743967)
(0.02092202, 6.271042, 0.06725071)
(0.0204164, 6.271456, 0.06711987)
(0.01988942, 6.271877, 0.06735878)
(0.01889001, 6.272021, 0.06763983)
(0.01792496, 6.272011, 0.06839266)
(0.01659915, 6.271718, 0.06878752)
(0.01545804, 6.271674, 0.06937747)
