(-30.4093, 3.580904, 22.98325)
(-30.4093, 3.580904, 22.98325)
(-30.14878, 5.927038, 23.88363)
(-29.86888, 7.912445, 24.8368)
(-29.11818, 11.6358, 24.98349)
(-28.41835, 15.37156, 24.96381)
(-27.98724, 17.10705, 25.07585)
(-27.40057, 18.97663, 25.34711)
(-25.63242, 25.04509, 25.98925)
(-25.02756, 27.01579, 26.15719)
(-24.47176, 28.93286, 26.27685)
(-24.47176, 28.93286, 26.27685)
(-23.80943, 30.70574, 26.45724)
(-23.18476, 32.27831, 26.62271)
(-22.59951, 33.79117, 26.76804)
(-21.9178, 35.34894, 26.97315)
(-21.34417, 36.6773, 27.06647)
(-20.72733, 37.76423, 27.20647)
(-19.98972, 38.72936, 27.39708)
(-19.33329, 39.30259, 27.51545)
(-18.70135, 39.91451, 27.61917)
(-17.14114, 40.12264, 27.82242)
(-17.14114, 40.12264, 27.82242)
(-15.65602, 39.81897, 27.9805)
(-14.93399, 39.22762, 27.97289)
(-14.18488, 38.40581, 28.00713)
(-13.4099, 37.42834, 28.03827)
(-12.65783, 36.26895, 28.0628)
(-11.92819, 35.20288, 28.10381)
(-11.2385, 33.62959, 28.13032)
(-10.54441, 32.29789, 28.142)
(-9.842169, 30.80808, 28.18977)
(-8.678007, 26.99136, 28.24066)
(-7.702267, 23.18346, 28.33202)
(-7.246423, 21.15694, 28.46742)
(-6.859815, 19.30839, 28.58735)
(-6.710136, 17.39588, 28.68159)
(-6.294465, 15.52966, 28.80814)
(-5.971491, 13.7161, 28.84676)
(-5.827463, 11.75544, 28.77386)
(-5.471897, 9.871221, 28.93133)
(-5.253267, 8.370805, 28.93163)
(-5.116248, 6.840277, 28.93343)
(-4.824877, 5.313969, 29.13461)
(-4.60819, 3.998876, 29.27152)
(-4.497409, 2.856874, 29.32773)
(-4.045272, 1.371574, 29.63211)
(-3.821599, 0.8067846, 29.80116)
