other
(0.2099085, 1.393339, -0.3795282)
(0.2091637, 1.393309, -0.3795742)
(0.2085564, 1.393218, -0.3795356)
(0.2077684, 1.393047, -0.3795825)
(0.2070158, 1.392949, -0.3796688)
(0.2063375, 1.392938, -0.3797377)
(0.2055788, 1.392876, -0.3797835)
(0.2048552, 1.392807, -0.3798856)
(0.2039282, 1.392814, -0.3799874)
(0.2029953, 1.392683, -0.3798989)
(0.2021928, 1.3927, -0.3798758)
(0.2012868, 1.392719, -0.379717)
(0.2003481, 1.392779, -0.3795882)
(0.1993065, 1.392868, -0.379434)
(0.198364, 1.392999, -0.3793374)
(0.1972687, 1.39305, -0.3791922)
(0.1960721, 1.393145, -0.3789696)
(0.1949515, 1.393165, -0.3787886)
(0.193697, 1.393099, -0.3786281)
(0.1924124, 1.393055, -0.3785678)
(0.1910026, 1.392873, -0.3784798)
(0.1895545, 1.392837, -0.3785323)
(0.1881588, 1.392851, -0.3786644)
(0.1868129, 1.392962, -0.3787454)
(0.1854358, 1.393091, -0.3787974)
(0.1840811, 1.393214, -0.3788127)
(0.182759, 1.393476, -0.3786658)
(0.1811817, 1.393728, -0.3785309)
(0.1798162, 1.394035, -0.3782793)
(0.1785934, 1.39437, -0.3779074)
(0.1771405, 1.394582, -0.377565)
(0.1755853, 1.394951, -0.3771871)
(0.1742823, 1.39522, -0.3768193)
(0.1710978, 1.395518, -0.3760282)
(0.1694903, 1.395599, -0.3757459)
(0.1678288, 1.395765, -0.3755966)
(0.1678288, 1.395765, -0.3755966)
(0.1661296, 1.395784, -0.3753427)
(0.1643991, 1.39573, -0.3751274)
(0.1625621, 1.395526, -0.3749012)
(0.1607003, 1.395459, -0.3747276)
(0.1587646, 1.395372, -0.3746327)
(0.1549163, 1.394914, -0.3741838)
(0.1530015, 1.394741, -0.3740827)
(0.1510134, 1.394749, -0.3741375)
(0.1510134, 1.394749, -0.3741375)
(0.1490328, 1.394679, -0.3740278)
(0.1469927, 1.394591, -0.3741099)
(0.1450303, 1.394536, -0.3739926)
(0.1430871, 1.394575, -0.3738884)
(0.1412351, 1.394553, -0.3737861)
(0.1395311, 1.394585, -0.3736695)
(0.1378152, 1.394529, -0.3734764)
(0.1343131, 1.394068, -0.373237)
(0.1343131, 1.394068, -0.373237)
(0.132715, 1.393887, -0.3732055)
(0.1313272, 1.393695, -0.3732997)
(0.1298637, 1.393501, -0.3735117)
(0.1285052, 1.393415, -0.3737305)
(0.1274915, 1.393358, -0.3737243)
(0.1251934, 1.393526, -0.3738354)
(0.1242933, 1.393558, -0.3736662)
(0.1233125, 1.393629, -0.3735582)
(0.1233125, 1.393629, -0.3735582)
(0.122406, 1.393741, -0.3734161)
(0.1217797, 1.393936, -0.3732616)
(0.1209381, 1.394134, -0.3731354)
(0.1202648, 1.394564, -0.3730639)
(0.1196992, 1.394952, -0.3729542)
(0.118722, 1.396054, -0.3724536)
(0.1183226, 1.396492, -0.3720392)
(0.1178539, 1.396815, -0.3713745)
(0.1178539, 1.396815, -0.3713745)
(0.1175499, 1.397343, -0.3707885)
(0.1173067, 1.397748, -0.3703107)
(0.1171465, 1.398163, -0.3699759)
(0.1168885, 1.398453, -0.3695902)
(0.1166892, 1.398788, -0.3691484)
(0.1163032, 1.398904, -0.3683914)
(0.116024, 1.399372, -0.3669404)
(0.1159241, 1.399569, -0.3661269)
(0.115833, 1.399626, -0.36527)
(0.115833, 1.399626, -0.36527)
(0.1158307, 1.399736, -0.3643569)
(0.1156456, 1.399696, -0.3632723)
(0.1154594, 1.399775, -0.3622693)
(0.1154747, 1.399766, -0.3611563)
(0.1154501, 1.399949, -0.3601328)
(0.1154153, 1.400023, -0.3589)
(0.1153572, 1.400147, -0.3576175)
(0.1153898, 1.400413, -0.3543266)
(0.1153898, 1.400413, -0.3543266)
(0.115406, 1.400546, -0.3526191)
(0.1154358, 1.400604, -0.3505577)
(0.1154988, 1.400683, -0.3485299)
(0.1157076, 1.400613, -0.3463596)
(0.116039, 1.400419, -0.34244)
(0.116039, 1.400419, -0.34244)
(0.1162913, 1.399744, -0.3387851)
(0.1165547, 1.399239, -0.3368586)
(0.1165547, 1.399239, -0.3368586)
(0.1167195, 1.398829, -0.3349975)
(0.1168363, 1.398187, -0.3327743)
(0.1171589, 1.397733, -0.3307117)
(0.1175399, 1.397263, -0.3285302)
(0.1180358, 1.39689, -0.3263422)
(0.1186447, 1.396447, -0.3240787)
(0.1192217, 1.396071, -0.3217517)
(0.1209257, 1.395532, -0.3165854)
(0.1209257, 1.395532, -0.3165854)
(0.1217854, 1.395401, -0.3138415)
(0.1225979, 1.395154, -0.3108574)
(0.1237278, 1.395077, -0.3077911)
(0.1249938, 1.395027, -0.3046743)
(0.1277947, 1.395132, -0.2984504)
(0.1292796, 1.395165, -0.2952918)
(0.1307254, 1.395153, -0.2919086)
(0.1324661, 1.395307, -0.2887627)
(0.1324661, 1.395307, -0.2887627)
(0.134372, 1.395594, -0.2849504)
(0.1362989, 1.396024, -0.2810072)
(0.1383729, 1.39644, -0.2771474)
(0.1405385, 1.397126, -0.2728046)
(0.1430106, 1.397857, -0.2678896)
(0.1453588, 1.39852, -0.2632939)
(0.147794, 1.399522, -0.2583989)
(0.1503317, 1.400858, -0.2536451)
(0.1531351, 1.401965, -0.2489478)
(0.1554825, 1.402783, -0.2442862)
(0.1582005, 1.403488, -0.2392479)
(0.1611464, 1.404036, -0.2340089)
(0.1641049, 1.404517, -0.2287191)
(0.1673911, 1.404875, -0.2229921)
(0.1705971, 1.404852, -0.218145)
(0.1736643, 1.404661, -0.2133821)
(0.1767607, 1.404541, -0.2087525)
(0.1801658, 1.403844, -0.2046219)
(0.1832776, 1.403359, -0.2006651)
(0.1865656, 1.402622, -0.1965271)
(0.189847, 1.401982, -0.1925262)
(0.1932282, 1.401336, -0.1884006)
(0.1969259, 1.400788, -0.1838585)
(0.2002733, 1.400246, -0.1797565)
(0.2035573, 1.399819, -0.1757172)
(0.2068632, 1.399369, -0.1714128)
(0.2101164, 1.39906, -0.1674336)
(0.2130499, 1.398612, -0.1635596)
(0.2162063, 1.398482, -0.1599218)
(0.2193556, 1.398361, -0.1564769)
(0.2222855, 1.398317, -0.1532966)
(0.2257371, 1.398504, -0.1497122)
(0.2287745, 1.398487, -0.1464402)
(0.2316847, 1.398618, -0.1431228)
(0.2345817, 1.398666, -0.1397859)
(0.2373161, 1.398673, -0.1367558)
(0.240027, 1.398631, -0.1339277)
(0.2425518, 1.398526, -0.1313116)
(0.2449098, 1.398395, -0.1287896)
(0.2471025, 1.39811, -0.1269037)
(0.2495613, 1.39782, -0.1248452)
(0.2516077, 1.397705, -0.1231123)
(0.2534473, 1.397636, -0.1219405)
(0.2553129, 1.397564, -0.1203123)
(0.2571404, 1.397764, -0.1190776)
(0.2589245, 1.397968, -0.1176683)
(0.2606664, 1.398388, -0.1162802)
(0.2623541, 1.398964, -0.1147505)
(0.2640791, 1.399703, -0.1130747)
(0.2659876, 1.400599, -0.1114043)
(0.267715, 1.401647, -0.109192)
(0.2692723, 1.402509, -0.1073045)
(0.2710757, 1.403358, -0.1053802)
(0.2727618, 1.404175, -0.1035794)
(0.274363, 1.404826, -0.1020466)
(0.2760489, 1.405404, -0.1005572)
(0.2777004, 1.405934, -0.09917082)
(0.279397, 1.406391, -0.09783329)
(0.2810657, 1.406806, -0.09637727)
(0.282759, 1.407187, -0.09482111)
(0.2842715, 1.407428, -0.09339155)
(0.2858565, 1.407694, -0.09190358)
(0.287159, 1.40792, -0.09026183)
(0.2885587, 1.407969, -0.08856286)
(0.2898872, 1.40803, -0.086836)
(0.2910309, 1.408123, -0.08503427)
(0.2921097, 1.407953, -0.08335365)
(0.2931945, 1.40771, -0.08159389)
(0.2941995, 1.407482, -0.07977523)
(0.2950459, 1.407116, -0.07826437)
(0.2957668, 1.406655, -0.07681097)
(0.2962711, 1.406224, -0.07547964)
(0.2968273, 1.405829, -0.07424726)
(0.2972312, 1.405474, -0.0729803)
(0.29759, 1.405218, -0.07163347)
(0.2977092, 1.404992, -0.07038392)
(0.2979472, 1.404925, -0.06900753)
(0.2980328, 1.405016, -0.06723274)
(0.2981339, 1.405221, -0.065385)
(0.2982404, 1.405417, -0.06351866)
(0.2982688, 1.405715, -0.06138362)
(0.2983646, 1.405924, -0.05927671)
(0.2983782, 1.406228, -0.05717458)
(0.2983556, 1.406562, -0.0551721)
(0.2981935, 1.406773, -0.0533544)
(0.2983177, 1.407102, -0.0515963)
(0.2982569, 1.407288, -0.04950489)
(0.2981031, 1.407384, -0.04751433)
(0.2980649, 1.40748, -0.04518498)
(0.2976763, 1.407236, -0.04151453)
(0.297461, 1.407076, -0.03915299)
(0.297461, 1.407076, -0.03915299)
(0.2971013, 1.406863, -0.03691114)
(0.2967024, 1.406625, -0.03465165)
(0.2962558, 1.406397, -0.03222741)
(0.2957816, 1.406158, -0.02971496)
(0.2951634, 1.405879, -0.02690233)
(0.2946448, 1.40563, -0.02414431)
(0.2930009, 1.404699, -0.01797165)
(0.2920506, 1.403965, -0.01483382)
(0.2908416, 1.403193, -0.01151432)
(0.2908416, 1.403193, -0.01151432)
(0.2896719, 1.402489, -0.008503809)
(0.2884467, 1.40186, -0.005668535)
(0.2871587, 1.401087, -0.002740039)
(0.2855546, 1.400396, 0.0004817108)
(0.2839656, 1.399686, 0.003840552)
(0.2823188, 1.398964, 0.007378922)
(0.2787316, 1.39765, 0.01474248)
(0.2767029, 1.397193, 0.01871835)
(0.2767029, 1.397193, 0.01871835)
(0.2746675, 1.396933, 0.02231108)
(0.2727101, 1.396883, 0.02593432)
(0.2705336, 1.396789, 0.02988563)
(0.2682891, 1.396735, 0.03406988)
(0.2660971, 1.39658, 0.03832303)
(0.2638037, 1.396391, 0.04276167)
(0.2589679, 1.3958, 0.05111323)
(0.2561255, 1.395467, 0.05569468)
(0.2561255, 1.395467, 0.05569468)
(0.2534518, 1.395325, 0.05982839)
(0.250793, 1.395399, 0.06381594)
(0.2482443, 1.395413, 0.06771551)
(0.2453756, 1.395488, 0.07176553)
(0.2399392, 1.395427, 0.08017956)
(0.2399392, 1.395427, 0.08017956)
(0.2345273, 1.395532, 0.088827)
(0.231405, 1.395741, 0.09335981)
(0.231405, 1.395741, 0.09335981)
(0.2285988, 1.395953, 0.09737168)
(0.2256396, 1.396102, 0.1014174)
(0.2228878, 1.396402, 0.1052931)
(0.2200975, 1.396777, 0.1091653)
(0.2150359, 1.397514, 0.1170341)
(0.2123775, 1.39768, 0.1208552)
(0.2100062, 1.397785, 0.1246022)
(0.2073069, 1.397707, 0.1284376)
(0.2073069, 1.397707, 0.1284376)
(0.2048187, 1.397583, 0.1318737)
(0.2024279, 1.397186, 0.1349698)
(0.2001588, 1.396766, 0.1378265)
(0.1979005, 1.396265, 0.1405052)
(0.1934111, 1.395302, 0.145116)
(0.1934111, 1.395302, 0.145116)
(0.1889789, 1.394636, 0.1489698)
(0.1868382, 1.394588, 0.1507751)
(0.1845937, 1.394828, 0.1525)
(0.1845937, 1.394828, 0.1525)
(0.1825414, 1.39517, 0.1539532)
(0.1805155, 1.39573, 0.1555656)
(0.1787035, 1.396537, 0.157153)
(0.1768365, 1.397245, 0.1591183)
(0.1736207, 1.399323, 0.1635192)
(0.1736207, 1.399323, 0.1635192)
(0.1707931, 1.401067, 0.1678856)
(0.1691608, 1.401929, 0.1700233)
(0.1691608, 1.401929, 0.1700233)
(0.1676841, 1.402492, 0.1718379)
(0.1661322, 1.402975, 0.1734754)
(0.1645989, 1.403182, 0.1749283)
(0.1629975, 1.403096, 0.1764747)
(0.1602097, 1.402702, 0.1791154)
(0.1588616, 1.402174, 0.1803647)
(0.1575069, 1.401835, 0.1815485)
(0.1563277, 1.401363, 0.1825985)
(0.1563277, 1.401363, 0.1825985)
(0.1551459, 1.400799, 0.1834825)
(0.1540601, 1.40024, 0.1843258)
(0.1529312, 1.399717, 0.1849969)
(0.1519766, 1.3993, 0.1857151)
(0.1503525, 1.398798, 0.1869234)
(0.1503525, 1.398798, 0.1869234)
(0.1489983, 1.399025, 0.1883207)
(0.1485288, 1.399474, 0.18933)
(0.1485288, 1.399474, 0.18933)
(0.14819, 1.400096, 0.190389)
(0.1478655, 1.400771, 0.1916998)
(0.1475775, 1.401553, 0.1931625)
(0.1473784, 1.402053, 0.1945994)
(0.1472087, 1.402847, 0.1963962)
(0.1468441, 1.403228, 0.1979683)
(0.1467097, 1.403647, 0.1993277)
(0.1466024, 1.403919, 0.200589)
(0.1465352, 1.404033, 0.2019433)
(0.14644, 1.404016, 0.2031449)
(0.1463828, 1.403783, 0.2043221)
(0.1463628, 1.403638, 0.2052603)
(0.1463773, 1.403136, 0.2063101)
(0.1464701, 1.40256, 0.2073727)
(0.146611, 1.402039, 0.2083536)
(0.1467474, 1.401335, 0.2092383)
(0.1469259, 1.400725, 0.210194)
(0.1470931, 1.400081, 0.2110954)
(0.1473489, 1.399444, 0.21199)
(0.1477723, 1.398813, 0.2128706)
(0.1481948, 1.398383, 0.2137179)
(0.1486759, 1.397961, 0.2147108)
(0.1492374, 1.397641, 0.2159027)
(0.1497459, 1.397408, 0.2170077)
(0.1504922, 1.397284, 0.2182872)
(0.1512003, 1.397168, 0.2195507)
(0.1520574, 1.397122, 0.2209048)
(0.1528637, 1.396983, 0.2221236)
(0.1538928, 1.396864, 0.2232009)
(0.1547623, 1.396847, 0.2241771)
(0.1557233, 1.396818, 0.2251009)
(0.1568837, 1.396744, 0.226039)
(0.1576929, 1.396677, 0.226994)
(0.1587727, 1.396831, 0.227842)
(0.1599717, 1.39686, 0.2286619)
(0.1611776, 1.397034, 0.2297629)
(0.1625471, 1.397259, 0.2306326)
(0.1639128, 1.397254, 0.2316829)
(0.1652579, 1.397442, 0.2327539)
(0.1665668, 1.397663, 0.2337811)
(0.1680045, 1.39786, 0.2347766)
(0.1692805, 1.398006, 0.2355686)
(0.1706207, 1.398046, 0.2362925)
(0.172071, 1.397879, 0.2369084)
(0.1734991, 1.397842, 0.2374495)
(0.1748581, 1.397625, 0.2379845)
(0.1763251, 1.397303, 0.238284)
(0.1775701, 1.397046, 0.2384351)
(0.1789985, 1.396883, 0.2383852)
(0.1804907, 1.396639, 0.2382557)
(0.1817436, 1.396469, 0.2379258)
(0.1830571, 1.396376, 0.2377856)
(0.1843417, 1.396397, 0.2376486)
(0.1856027, 1.396416, 0.2374517)
(0.1868887, 1.396507, 0.237305)
(0.1882963, 1.396603, 0.2371822)
(0.189455, 1.396916, 0.237054)
(0.1906147, 1.397168, 0.2370821)
(0.1918628, 1.397592, 0.2369397)
(0.1929736, 1.398072, 0.2367731)
(0.1940627, 1.39857, 0.2366809)
(0.1950574, 1.399196, 0.236546)
(0.1961763, 1.399836, 0.2364471)
(0.1971321, 1.400459, 0.2362407)
(0.1980278, 1.401139, 0.2361532)
(0.1988091, 1.401749, 0.2359333)
(0.1998136, 1.40239, 0.2357803)
(0.2005978, 1.403045, 0.2356981)
(0.2015388, 1.403716, 0.2353539)
(0.2023721, 1.40423, 0.2351742)
(0.2030783, 1.404783, 0.2350364)
(0.203882, 1.405221, 0.234889)
(0.2046323, 1.405566, 0.2345949)
(0.2054343, 1.405926, 0.234342)
(0.2061973, 1.406259, 0.2340854)
(0.2070577, 1.406691, 0.2336376)
(0.2079196, 1.406966, 0.2332448)
(0.2086709, 1.407297, 0.2329256)
(0.2093978, 1.407623, 0.2326722)
(0.2100735, 1.407983, 0.2324934)
(0.2107191, 1.408372, 0.2322062)
(0.2114058, 1.408689, 0.2320672)
(0.2121382, 1.408958, 0.2318977)
(0.2126687, 1.409308, 0.231779)
(0.2134404, 1.409784, 0.2314993)
(0.21402, 1.410058, 0.2313779)
(0.2145636, 1.410321, 0.2313388)
(0.2150578, 1.410563, 0.23122)
(0.2154317, 1.410768, 0.2311601)
(0.2156405, 1.410791, 0.2311256)
(0.2159925, 1.410881, 0.2309822)
(0.216347, 1.410925, 0.2308267)
(0.2165227, 1.410951, 0.2305965)
(0.2170022, 1.411092, 0.230294)
(0.2173452, 1.411042, 0.2300495)
(0.2175689, 1.411067, 0.2299323)
(0.217875, 1.41117, 0.2296764)
(0.2180738, 1.411196, 0.2295139)
(0.2183793, 1.411247, 0.2293054)
(0.2186241, 1.411287, 0.22921)
(0.2186863, 1.411321, 0.2291581)
(0.2188184, 1.411376, 0.2291846)
(0.2190557, 1.411457, 0.229148)
(0.2190557, 1.411457, 0.229148)
(0.2190218, 1.411537, 0.2290426)
(0.2192342, 1.411677, 0.2289623)
(0.2194066, 1.41172, 0.2288855)
(0.2194543, 1.411798, 0.2287721)
(0.2196214, 1.411803, 0.2286011)
(0.2195816, 1.411903, 0.22848)
(0.2196078, 1.41201, 0.2283397)
(0.2196774, 1.412091, 0.2281703)
(0.2196774, 1.412091, 0.2281703)
(0.2194896, 1.412226, 0.2280201)
(0.2194617, 1.412363, 0.2279481)
(0.2194266, 1.412412, 0.2278205)
(0.2192369, 1.41251, 0.2277213)
(0.2190211, 1.412807, 0.2272495)
(0.218715, 1.412892, 0.2270331)
(0.2185783, 1.413025, 0.226726)
(0.2183008, 1.413131, 0.2264403)
(0.2183008, 1.413131, 0.2264403)
(0.2181203, 1.413262, 0.2263158)
(0.2178087, 1.413293, 0.2260678)
(0.2176361, 1.41338, 0.2257626)
(0.2173445, 1.413498, 0.2254473)
(0.2168078, 1.41358, 0.2250041)
(0.216475, 1.413753, 0.2248067)
(0.2163098, 1.413971, 0.2245242)
(0.2160153, 1.414173, 0.2244005)
(0.2157493, 1.414408, 0.2243785)
(0.2157493, 1.414408, 0.2243785)
(0.215414, 1.414588, 0.2242153)
(0.2152419, 1.414687, 0.2239448)
(0.2148702, 1.414842, 0.2237228)
(0.2143962, 1.414945, 0.2235138)
(0.2139993, 1.415105, 0.2232863)
(0.2129519, 1.415418, 0.2228367)
(0.2126138, 1.415552, 0.222588)
(0.2121568, 1.415795, 0.2225076)
(0.2121568, 1.415795, 0.2225076)
(0.2117848, 1.416068, 0.2223023)
(0.2113049, 1.416338, 0.2222814)
(0.2103128, 1.416692, 0.2222571)
(0.2100229, 1.41673, 0.2221205)
(0.2095616, 1.416812, 0.2220645)
(0.209229, 1.417017, 0.2218817)
(0.2087877, 1.417074, 0.2217032)
(0.2082698, 1.417205, 0.221591)
(0.2082698, 1.417205, 0.221591)
(0.2078052, 1.41726, 0.2214424)
(0.2073612, 1.417322, 0.2213454)
(0.2068293, 1.417427, 0.2212775)
(0.2061181, 1.417579, 0.221191)
(0.2056217, 1.417644, 0.2212905)
(0.2050693, 1.417529, 0.2213915)
(0.2046356, 1.41759, 0.2215383)
(0.2040894, 1.417578, 0.2216765)
(0.2040894, 1.417578, 0.2216765)
(0.2037137, 1.417628, 0.2216797)
(0.2033389, 1.41756, 0.2217053)
(0.2028182, 1.417537, 0.2216607)
(0.2021894, 1.417341, 0.2214306)
(0.20172, 1.417246, 0.2213877)
(0.2013764, 1.417201, 0.2212977)
(0.2010741, 1.417059, 0.2212515)
(0.2006881, 1.417009, 0.2213727)
(0.2006881, 1.417009, 0.2213727)
(0.2002788, 1.416892, 0.2214644)
(0.1999464, 1.416839, 0.2215211)
(0.1995296, 1.416782, 0.2215102)
(0.1991529, 1.416691, 0.2216278)
(0.198529, 1.41656, 0.2218293)
(0.198262, 1.416482, 0.2218232)
(0.1979914, 1.416391, 0.2217852)
####
(0.8841327, 0.07660257, 6.264201)
(0.8848153, 0.07588515, 6.26348)
(0.8848894, 0.07497681, 6.262233)
(0.8849951, 0.07449191, 6.261485)
(0.885253, 0.07461262, 6.260578)
(0.8864241, 0.07471967, 6.259605)
(0.887046, 0.07524258, 6.259177)
(0.8876822, 0.07640899, 6.258771)
(0.887891, 0.07798641, 6.258872)
(0.8876971, 0.08034495, 6.260382)
(0.8869443, 0.08207146, 6.26132)
(0.8861219, 0.08464199, 6.263412)
(0.8854939, 0.08626992, 6.264987)
(0.8847808, 0.08804657, 6.266745)
(0.8842306, 0.08940478, 6.268065)
(0.8835552, 0.09051799, 6.269726)
(0.8832145, 0.0917232, 6.271148)
(0.883067, 0.09221198, 6.272048)
(0.8827178, 0.09290837, 6.272988)
(0.8827046, 0.09321244, 6.273647)
(0.8828489, 0.09411213, 6.274487)
(0.883962, 0.09413175, 6.274338)
(0.8853301, 0.09468522, 6.273869)
(0.8864861, 0.09605896, 6.274155)
(0.8868522, 0.0960858, 6.273379)
(0.8866524, 0.09720725, 6.273316)
(0.8858893, 0.09883835, 6.273399)
(0.8843859, 0.1001964, 6.273423)
(0.8822854, 0.1030184, 6.274719)
(0.8800144, 0.1058503, 6.275922)
(0.8779917, 0.1089217, 6.277812)
(0.8756516, 0.1130086, 6.280478)
(0.8738562, 0.1162821, -7.691734E-05)
(0.8706417, 0.1231294, 0.006175332)
(0.8693203, 0.1270918, 0.009921296)
(0.8683691, 0.1307439, 0.01367358)
(0.8683691, 0.1307439, 0.01367358)
(0.8674582, 0.1341691, 0.01696054)
(0.8674607, 0.1372914, 0.02018047)
(0.8674393, 0.1395765, 0.02244386)
(0.8682404, 0.14163, 0.02527574)
(0.8687326, 0.1433845, 0.02820719)
(0.8690101, 0.1453416, 0.03282685)
(0.8688217, 0.1461336, 0.03467244)
(0.8688028, 0.1471401, 0.03674776)
(0.8688028, 0.1471401, 0.03674776)
(0.8690597, 0.1480491, 0.03866709)
(0.869343, 0.1485238, 0.0402578)
(0.8693942, 0.1491143, 0.04134075)
(0.8687632, 0.1494522, 0.04197299)
(0.8669333, 0.1502669, 0.04290652)
(0.863317, 0.1503392, 0.04375912)
(0.8595139, 0.1504973, 0.04447096)
(0.8500018, 0.1513325, 0.04691493)
(0.8500018, 0.1513325, 0.04691493)
(0.8472183, 0.1514701, 0.04761045)
(0.846167, 0.1515974, 0.04872956)
(0.8462278, 0.1518321, 0.04986141)
(0.8477543, 0.1526169, 0.05141357)
(0.8485766, 0.1531837, 0.05252654)
(0.8468633, 0.1549722, 0.05478366)
(0.8450118, 0.1561034, 0.05642359)
(0.8426666, 0.1565501, 0.05842793)
(0.8426666, 0.1565501, 0.05842793)
(0.8411641, 0.1572103, 0.06005015)
(0.8405842, 0.1574635, 0.06170484)
(0.8409295, 0.1581043, 0.0633439)
(0.8424442, 0.1587144, 0.06493896)
(0.8426037, 0.159082, 0.06641554)
(0.8401457, 0.1588136, 0.06813479)
(0.8369908, 0.1589274, 0.06838496)
(0.8336109, 0.1595631, 0.06873205)
(0.8336109, 0.1595631, 0.06873205)
(0.8308429, 0.1602952, 0.0684382)
(0.8284575, 0.1614816, 0.06800686)
(0.8265202, 0.1617471, 0.06763259)
(0.8251216, 0.162805, 0.06724296)
(0.8245574, 0.16326, 0.06701308)
(0.8238705, 0.1638572, 0.06665555)
(0.8227948, 0.1653969, 0.06534095)
(0.822153, 0.1667411, 0.06460752)
(0.8221431, 0.1681602, 0.06328449)
(0.8221431, 0.1681602, 0.06328449)
(0.8227841, 0.1698269, 0.06236067)
(0.8242767, 0.171657, 0.06200508)
(0.8254324, 0.1736653, 0.06137896)
(0.8266932, 0.1756554, 0.06168759)
(0.8281639, 0.177401, 0.06250867)
(0.8299074, 0.1785115, 0.06347421)
(0.8312302, 0.1799555, 0.06492637)
(0.8328124, 0.1834714, 0.06879137)
(0.8328124, 0.1834714, 0.06879137)
(0.8329862, 0.1854483, 0.07061363)
(0.8326831, 0.1877368, 0.07326122)
(0.8315557, 0.189443, 0.07539788)
(0.8297364, 0.1909274, 0.07825731)
(0.8280659, 0.1924628, 0.08243666)
(0.8280659, 0.1924628, 0.08243666)
(0.8316565, 0.1926456, 0.08585598)
(0.8346148, 0.1919905, 0.0868167)
(0.8346148, 0.1919905, 0.0868167)
(0.8372493, 0.1918001, 0.08782107)
(0.8396149, 0.1905394, 0.08837732)
(0.8408832, 0.1890819, 0.08916154)
(0.8415512, 0.1869805, 0.08967388)
(0.8418499, 0.1843251, 0.09040722)
(0.8421379, 0.1811926, 0.08989741)
(0.8421658, 0.1783596, 0.08959492)
(0.8408645, 0.1722967, 0.08801214)
(0.8408645, 0.1722967, 0.08801214)
(0.839408, 0.1689181, 0.0872039)
(0.8372717, 0.1655352, 0.08692045)
(0.8339174, 0.1611609, 0.0866602)
(0.8306596, 0.1562563, 0.08579076)
(0.8243673, 0.1455997, 0.08342429)
(0.821851, 0.1395666, 0.08137514)
(0.8199989, 0.1340719, 0.07956821)
(0.8188414, 0.1280505, 0.07682815)
(0.8188414, 0.1280505, 0.07682815)
(0.8169922, 0.1211221, 0.07376768)
(0.8159567, 0.1139246, 0.07039435)
(0.8148751, 0.1071603, 0.06706801)
(0.8136764, 0.09991132, 0.06235199)
(0.8106834, 0.09261604, 0.05716163)
(0.8097315, 0.08580109, 0.05140945)
(0.8125616, 0.07950488, 0.04635928)
(0.8184518, 0.07405525, 0.04162463)
(0.8249852, 0.06867096, 0.03595751)
(0.8272497, 0.06367994, 0.03027583)
(0.8262244, 0.05912662, 0.02404797)
(0.8241357, 0.05378981, 0.0175981)
(0.8217273, 0.04954154, 0.01123399)
(0.819788, 0.04586577, 0.00619002)
(0.8180373, 0.04230144, 0.001103274)
(0.8174429, 0.03967497, 6.279237)
(0.8181986, 0.03716906, 6.274731)
(0.8207403, 0.03581668, 6.271484)
(0.8241627, 0.03387812, 6.268867)
(0.8292581, 0.03212508, 6.267274)
(0.8342149, 0.03044871, 6.266494)
(0.8393855, 0.02841834, 6.266143)
(0.8441665, 0.02647963, 6.265557)
(0.8476314, 0.02536592, 6.264488)
(0.8507479, 0.02441683, 6.26404)
(0.8533319, 0.02363192, 6.263637)
(0.8553101, 0.0236578, 6.263909)
(0.8576902, 0.02315392, 6.262923)
(0.8605263, 0.02274092, 6.26208)
(0.8631979, 0.02145853, 6.260733)
(0.8646213, 0.01975434, 6.259232)
(0.8648525, 0.01739607, 6.257211)
(0.8635497, 0.01506057, 6.255566)
(0.860937, 0.0124151, 6.254161)
(0.8577847, 0.009618321, 6.252569)
(0.8542991, 0.006718062, 6.250594)
(0.851576, 0.003502709, 6.248745)
(0.8499517, 0.0002310938, 6.246356)
(0.849264, 6.280143, 6.243467)
(0.8503352, 6.276815, 6.240097)
(0.8536339, 6.272814, 6.236619)
(0.8584087, 6.269324, 6.232688)
(0.8656865, 6.265415, 6.228663)
(0.8728626, 6.26158, 6.22412)
(0.8799626, 6.257117, 6.218796)
(0.885407, 6.253225, 6.214413)
(0.8892961, 6.248827, 6.209498)
(0.8923505, 6.244351, 6.20471)
(0.8929395, 6.240113, 6.200624)
(0.8918853, 6.235947, 6.196507)
(0.8883433, 6.232643, 6.19305)
(0.8833247, 6.230615, 6.189956)
(0.8794324, 6.228856, 6.187213)
(0.8763784, 6.227981, 6.185482)
(0.874476, 6.227538, 6.183976)
(0.873549, 6.22779, 6.18303)
(0.8735483, 6.228105, 6.181952)
(0.8745889, 6.229124, 6.181544)
(0.875031, 6.230055, 6.181068)
(0.8749601, 6.232028, 6.181331)
(0.8745388, 6.234383, 6.181597)
(0.8735696, 6.23662, 6.181718)
(0.8721825, 6.239424, 6.181625)
(0.871174, 6.241769, 6.181149)
(0.8703182, 6.244196, 6.180202)
(0.8690506, 6.247272, 6.17941)
(0.8673643, 6.25041, 6.178643)
(0.8662778, 6.253398, 6.17775)
(0.867435, 6.256058, 6.17646)
(0.8697306, 6.257665, 6.174528)
(0.8720866, 6.259159, 6.172956)
(0.8757364, 6.260353, 6.171914)
(0.8798335, 6.260963, 6.170523)
(0.8843241, 6.261104, 6.168298)
(0.8882918, 6.261469, 6.166795)
(0.8922664, 6.261589, 6.165741)
(0.8952845, 6.260915, 6.164265)
(0.8977932, 6.260904, 6.163252)
(0.8979647, 6.260178, 6.161866)
(0.8964354, 6.260509, 6.161142)
(0.8924828, 6.261245, 6.160839)
(0.8890352, 6.26282, 6.160662)
(0.8858676, 6.264879, 6.160439)
(0.8845738, 6.266104, 6.159402)
(0.8829238, 6.268722, 6.15944)
(0.8818376, 6.270837, 6.158705)
(0.8812197, 6.274212, 6.158929)
(0.8803982, 6.278817, 6.1599)
(0.8790758, 0.0005681235, 6.16113)
(0.8752877, 0.01135104, 6.165183)
(0.8736457, 0.01821328, 6.167902)
(0.8736457, 0.01821328, 6.167902)
(0.8730621, 0.02470821, 6.17068)
(0.8726317, 0.03121519, 6.173554)
(0.8726963, 0.03830774, 6.176253)
(0.872524, 0.04525485, 6.179315)
(0.8724115, 0.05264678, 6.182561)
(0.8713695, 0.05978479, 6.185713)
(0.8678976, 0.07470956, 6.192183)
(0.8663228, 0.08242815, 6.195528)
(0.8663096, 0.08945256, 6.198325)
(0.8663096, 0.08945256, 6.198325)
(0.8677838, 0.09516192, 6.200292)
(0.8712301, 0.1002928, 6.201756)
(0.8739177, 0.1052195, 6.202763)
(0.876079, 0.1097524, 6.203485)
(0.8765894, 0.1144722, 6.204891)
(0.8748819, 0.1192429, 6.206746)
(0.8709033, 0.1283383, 6.210216)
(0.8712299, 0.1329005, 6.21123)
(0.8712299, 0.1329005, 6.21123)
(0.8729296, 0.1374193, 6.212256)
(0.874626, 0.1418489, 6.213541)
(0.8736452, 0.1465215, 6.214973)
(0.8703225, 0.1503696, 6.21606)
(0.8656613, 0.1549329, 6.218119)
(0.8592919, 0.1596477, 6.220837)
(0.8490222, 0.1672411, 6.224868)
(0.8472191, 0.17118, 6.226327)
(0.8472191, 0.17118, 6.226327)
(0.8496722, 0.1750922, 6.227042)
(0.8558235, 0.1785182, 6.228027)
(0.8621422, 0.1822607, 6.230006)
(0.8669136, 0.1852702, 6.23254)
(0.8674701, 0.189232, 6.239186)
(0.8674701, 0.189232, 6.239186)
(0.8672832, 0.1925458, 6.246933)
(0.8690568, 0.1946207, 6.250791)
(0.8690568, 0.1946207, 6.250791)
(0.8708779, 0.1959768, 6.253231)
(0.8726233, 0.1975823, 6.255053)
(0.8733861, 0.1989447, 6.256269)
(0.8725195, 0.200526, 6.25769)
(0.8655953, 0.2032635, 6.259676)
(0.8605046, 0.2046281, 6.259725)
(0.8553551, 0.2062862, 6.25872)
(0.8505023, 0.2080547, 6.257251)
(0.8505023, 0.2080547, 6.257251)
(0.8480716, 0.2097334, 6.255835)
(0.8471906, 0.2116656, 6.254275)
(0.8479576, 0.2134463, 6.253341)
(0.85097, 0.2157746, 6.252471)
(0.8600762, 0.2222074, 6.254242)
(0.8600762, 0.2222074, 6.254242)
(0.8734893, 0.2302132, 6.26066)
(0.8812525, 0.2347929, 6.265322)
(0.8910848, 0.2391008, 6.271197)
(0.8910848, 0.2391008, 6.271197)
(0.8990865, 0.2439625, 6.278222)
(0.9054567, 0.248046, 0.001574151)
(0.9093108, 0.2516934, 0.009146954)
(0.9107166, 0.2556831, 0.01648626)
(0.9023268, 0.262355, 0.02946476)
(0.9023268, 0.262355, 0.02946476)
(0.8871629, 0.2667941, 0.03885679)
(0.8810602, 0.2672045, 0.042289)
(0.8810602, 0.2672045, 0.042289)
(0.8763777, 0.2658648, 0.04402375)
(0.8729835, 0.2640477, 0.04507959)
(0.8701801, 0.2605587, 0.04460409)
(0.8677952, 0.2575211, 0.04430952)
(0.864273, 0.2498803, 0.04222105)
(0.8639419, 0.2459102, 0.04052283)
(0.8650315, 0.2415149, 0.0391031)
(0.867517, 0.2365891, 0.03747405)
(0.867517, 0.2365891, 0.03747405)
(0.870275, 0.2330053, 0.03658158)
(0.8734053, 0.2288844, 0.03510839)
(0.8772917, 0.2253096, 0.03407466)
(0.8810132, 0.2219064, 0.03318383)
(0.8900557, 0.2163708, 0.03192335)
(0.8900557, 0.2163708, 0.03192335)
(0.8980419, 0.2120205, 0.03071722)
(0.9000624, 0.2103365, 0.0311702)
(0.9000624, 0.2103365, 0.0311702)
(0.8984997, 0.209494, 0.0317829)
(0.8956833, 0.2086183, 0.03233576)
(0.8899176, 0.2087071, 0.03358184)
(0.884397, 0.2085188, 0.03429371)
(0.8780771, 0.2082062, 0.0350727)
(0.8744711, 0.2075199, 0.03571412)
(0.8712302, 0.2067333, 0.03589581)
(0.8689293, 0.2054663, 0.03623049)
(0.8672513, 0.2045404, 0.03691454)
(0.8660392, 0.2028217, 0.03710511)
(0.8657451, 0.2004148, 0.0374833)
(0.8663827, 0.198349, 0.03791043)
(0.8679236, 0.1956419, 0.0379722)
(0.8701922, 0.1927824, 0.0378636)
(0.8730948, 0.189686, 0.03718442)
(0.8766811, 0.1871795, 0.03615764)
(0.8804851, 0.1847615, 0.03536027)
(0.8847182, 0.1826143, 0.03485751)
(0.8884761, 0.1801136, 0.03418312)
(0.8924657, 0.1772228, 0.03284488)
(0.8956469, 0.1744413, 0.03185287)
(0.8982749, 0.1718429, 0.03081499)
(0.9004277, 0.1689346, 0.02974525)
(0.9020659, 0.1665465, 0.02950569)
(0.902194, 0.163911, 0.02855928)
(0.901822, 0.16245, 0.02879319)
(0.9004098, 0.1601772, 0.02817951)
(0.8995291, 0.1584625, 0.02787427)
(0.8988937, 0.1570254, 0.02787705)
(0.8995469, 0.1549071, 0.02737152)
(0.9006107, 0.1533757, 0.02723843)
(0.9026808, 0.1508956, 0.02629723)
(0.9053229, 0.1489598, 0.02588568)
(0.9086941, 0.1468198, 0.02517429)
(0.9107946, 0.1444914, 0.02412216)
(0.9120365, 0.1425433, 0.02327701)
(0.9118434, 0.139993, 0.02199819)
(0.910965, 0.1384103, 0.02116169)
(0.9111571, 0.1357757, 0.01982996)
(0.9125706, 0.1337349, 0.01866185)
(0.9146885, 0.1316016, 0.01679523)
(0.9164086, 0.1300092, 0.01519089)
(0.9172074, 0.12805, 0.01205726)
(0.9170891, 0.1266531, 0.009585246)
(0.9161266, 0.1260408, 0.007908644)
(0.9148436, 0.1248217, 0.005964768)
(0.9141175, 0.1242914, 0.004534053)
(0.9142413, 0.1242809, 0.00304522)
(0.9152998, 0.1247931, 0.002188027)
(0.9180547, 0.1255477, 0.00145617)
(0.9210775, 0.12633, 0.001178601)
(0.9237652, 0.1272659, 0.001413177)
(0.9257118, 0.1285865, 0.002637841)
(0.9265026, 0.1294946, 0.003304479)
(0.925836, 0.1317868, 0.005579078)
(0.9254326, 0.1331418, 0.006268367)
(0.9241101, 0.1348751, 0.007672898)
(0.9226776, 0.1370101, 0.009691648)
(0.9205898, 0.1378402, 0.01079981)
(0.9179979, 0.1389719, 0.0121362)
(0.9154362, 0.1402028, 0.0135335)
(0.9122442, 0.1405694, 0.01436902)
(0.90982, 0.1408218, 0.01540511)
(0.9065734, 0.1405505, 0.01546934)
(0.90351, 0.1400588, 0.01499933)
(0.8995357, 0.139551, 0.01470282)
(0.8961272, 0.1383539, 0.01375389)
(0.8927549, 0.1372739, 0.01274498)
(0.8893905, 0.1359686, 0.01128665)
(0.8868898, 0.1345216, 0.009364607)
(0.8846317, 0.1331632, 0.007187527)
(0.8829052, 0.1316817, 0.005185932)
(0.8805696, 0.1302023, 0.002346481)
(0.8786101, 0.12915, 0.0001433913)
(0.8771498, 0.128052, 6.280819)
(0.8758329, 0.1277476, 6.279216)
(0.8750455, 0.1272748, 6.277191)
(0.8740863, 0.127108, 6.275453)
(0.8728068, 0.1272304, 6.274003)
(0.8709809, 0.1274369, 6.272835)
(0.8696263, 0.1278196, 6.272139)
(0.8679128, 0.128471, 6.271326)
(0.8660937, 0.1293764, 6.270746)
(0.8643985, 0.1299803, 6.270451)
(0.8624449, 0.1303031, 6.269842)
(0.8605691, 0.1312536, 6.270073)
(0.8590237, 0.1314494, 6.270042)
(0.8576138, 0.1317559, 6.270042)
(0.8565354, 0.1316527, 6.269829)
(0.8557732, 0.131764, 6.269888)
(0.8558864, 0.1315254, 6.269745)
(0.8554211, 0.1309365, 6.26924)
(0.8556464, 0.1309458, 6.269198)
(0.8557225, 0.13056, 6.268824)
(0.8560902, 0.1296184, 6.268195)
(0.856856, 0.1291257, 6.267595)
(0.8575948, 0.1285739, 6.267012)
(0.8583032, 0.1277748, 6.266323)
(0.8589287, 0.1268895, 6.264668)
(0.8587546, 0.1262562, 6.26415)
(0.8580156, 0.1257397, 6.26293)
(0.8575684, 0.1257637, 6.262586)
(0.8569756, 0.1257237, 6.261617)
(0.8569756, 0.1257237, 6.261617)
(0.8560297, 0.1257405, 6.26139)
(0.8552533, 0.1255158, 6.260696)
(0.8546813, 0.1258628, 6.260451)
(0.8538036, 0.126331, 6.260024)
(0.8536946, 0.1270458, 6.260452)
(0.8537319, 0.1275683, 6.260664)
(0.8538662, 0.1271771, 6.260447)
(0.8539268, 0.127228, 6.260519)
(0.8539268, 0.127228, 6.260519)
(0.8533708, 0.1268587, 6.260795)
(0.8523632, 0.1261154, 6.260404)
(0.8510352, 0.1254928, 6.2595)
(0.8499599, 0.1243155, 6.258276)
(0.849315, 0.1219104, 6.255874)
(0.8494039, 0.1205962, 6.254338)
(0.8495745, 0.1189689, 6.252925)
(0.8496792, 0.1179284, 6.251992)
(0.8496792, 0.1179284, 6.251992)
(0.8500493, 0.1167892, 6.250418)
(0.8500432, 0.1163629, 6.250026)
(0.850459, 0.1159025, 6.249292)
(0.8502849, 0.1150934, 6.248668)
(0.8495424, 0.1156495, 6.248302)
(0.8489556, 0.116295, 6.248341)
(0.847808, 0.1167277, 6.248264)
(0.8465351, 0.117143, 6.248484)
(0.8455239, 0.1170549, 6.248434)
(0.8455239, 0.1170549, 6.248434)
(0.8443207, 0.1174942, 6.249123)
(0.843996, 0.1169836, 6.249213)
(0.8433584, 0.1166152, 6.249319)
(0.8435414, 0.116738, 6.249871)
(0.8429942, 0.1163211, 6.249738)
(0.8420509, 0.1150048, 6.248579)
(0.8412303, 0.1139197, 6.247544)
(0.8402994, 0.1129726, 6.246505)
(0.8402994, 0.1129726, 6.246505)
(0.8393648, 0.1122298, 6.246048)
(0.8383635, 0.1113911, 6.245295)
(0.8365962, 0.1114075, 6.245286)
(0.8352875, 0.1110433, 6.245028)
(0.834275, 0.1108607, 6.245356)
(0.8341877, 0.1099807, 6.245169)
(0.8342919, 0.1104494, 6.246202)
(0.8350027, 0.1106802, 6.24672)
(0.8350027, 0.1106802, 6.24672)
(0.8352786, 0.1104199, 6.246926)
(0.8355999, 0.1106558, 6.247444)
(0.8358773, 0.1102067, 6.247487)
(0.8360873, 0.109255, 6.247291)
(0.8360729, 0.1094071, 6.247643)
(0.8353398, 0.1089704, 6.247588)
(0.8349411, 0.1082912, 6.247205)
(0.8334999, 0.1080389, 6.246981)
(0.8334999, 0.1080389, 6.246981)
(0.8327741, 0.1079779, 6.247028)
(0.8327879, 0.1077768, 6.247121)
(0.8333263, 0.1073654, 6.247233)
(0.8352208, 0.1071381, 6.247551)
(0.8361922, 0.1071926, 6.248061)
(0.8369337, 0.1074941, 6.248775)
(0.8370631, 0.1076156, 6.249396)
(0.8376976, 0.1077915, 6.249895)
(0.8376976, 0.1077915, 6.249895)
(0.8380507, 0.1082054, 6.250799)
(0.8381086, 0.1086193, 6.251391)
(0.8381978, 0.1084863, 6.251425)
(0.8382962, 0.1092055, 6.25197)
(0.8384967, 0.1093015, 6.251961)
(0.8386959, 0.1093657, 6.252593)
(0.839013, 0.109461, 6.252469)
other
(0.2099085, 1.513339, -0.3795282)
(0.2091637, 1.513309, -0.3795742)
(0.2085564, 1.513218, -0.3795356)
(0.2077684, 1.513047, -0.3795825)
(0.2070158, 1.512949, -0.3796688)
(0.2063375, 1.512938, -0.3797377)
(0.2055788, 1.512876, -0.3797835)
(0.2048552, 1.512807, -0.3798856)
(0.2039282, 1.512814, -0.3799874)
(0.2029953, 1.512683, -0.3798989)
(0.2021928, 1.5127, -0.3798758)
(0.2012868, 1.512719, -0.379717)
(0.2003481, 1.512779, -0.3795882)
(0.1993065, 1.512868, -0.379434)
(0.198364, 1.512999, -0.3793374)
(0.1972687, 1.51305, -0.3791922)
(0.1960721, 1.513145, -0.3789696)
(0.1949515, 1.513165, -0.3787886)
(0.193697, 1.513099, -0.3786281)
(0.1924124, 1.513055, -0.3785678)
(0.1910026, 1.512873, -0.3784798)
(0.1895545, 1.512837, -0.3785323)
(0.1881588, 1.512851, -0.3786644)
(0.1868129, 1.512962, -0.3787454)
(0.1854358, 1.513091, -0.3787974)
(0.1840811, 1.513214, -0.3788127)
(0.182759, 1.513476, -0.3786658)
(0.1811817, 1.513728, -0.3785309)
(0.1798162, 1.514035, -0.3782793)
(0.1785934, 1.51437, -0.3779074)
(0.1771405, 1.514582, -0.377565)
(0.1755853, 1.514951, -0.3771871)
(0.1742823, 1.51522, -0.3768193)
(0.1710978, 1.515518, -0.3760282)
(0.1694903, 1.515599, -0.3757459)
(0.1678288, 1.515765, -0.3755966)
(0.1678288, 1.515765, -0.3755966)
(0.1661296, 1.515784, -0.3753427)
(0.1643991, 1.51573, -0.3751274)
(0.1625621, 1.515526, -0.3749012)
(0.1607003, 1.515459, -0.3747276)
(0.1587646, 1.515372, -0.3746327)
(0.1549163, 1.514914, -0.3741838)
(0.1530015, 1.514741, -0.3740827)
(0.1510134, 1.514749, -0.3741375)
(0.1510134, 1.514749, -0.3741375)
(0.1490328, 1.514679, -0.3740278)
(0.1469927, 1.514591, -0.3741099)
(0.1450303, 1.514536, -0.3739926)
(0.1430871, 1.514575, -0.3738884)
(0.1412351, 1.514553, -0.3737861)
(0.1395311, 1.514585, -0.3736695)
(0.1378152, 1.514529, -0.3734764)
(0.1343131, 1.514068, -0.373237)
(0.1343131, 1.514068, -0.373237)
(0.132715, 1.513887, -0.3732055)
(0.1313272, 1.513695, -0.3732997)
(0.1298637, 1.513501, -0.3735117)
(0.1285052, 1.513415, -0.3737305)
(0.1274915, 1.513358, -0.3737243)
(0.1251934, 1.513526, -0.3738354)
(0.1242933, 1.513558, -0.3736662)
(0.1233125, 1.513629, -0.3735582)
(0.1233125, 1.513629, -0.3735582)
(0.122406, 1.513741, -0.3734161)
(0.1217797, 1.513936, -0.3732616)
(0.1209381, 1.514134, -0.3731354)
(0.1202648, 1.514564, -0.3730639)
(0.1196992, 1.514952, -0.3729542)
(0.118722, 1.516054, -0.3724536)
(0.1183226, 1.516492, -0.3720392)
(0.1178539, 1.516815, -0.3713745)
(0.1178539, 1.516815, -0.3713745)
(0.1175499, 1.517343, -0.3707885)
(0.1173067, 1.517748, -0.3703107)
(0.1171465, 1.518163, -0.3699759)
(0.1168885, 1.518453, -0.3695902)
(0.1166892, 1.518788, -0.3691484)
(0.1163032, 1.518904, -0.3683914)
(0.116024, 1.519372, -0.3669404)
(0.1159241, 1.519569, -0.3661269)
(0.115833, 1.519626, -0.36527)
(0.115833, 1.519626, -0.36527)
(0.1158307, 1.519736, -0.3643569)
(0.1156456, 1.519696, -0.3632723)
(0.1154594, 1.519775, -0.3622693)
(0.1154747, 1.519766, -0.3611563)
(0.1154501, 1.519949, -0.3601328)
(0.1154153, 1.520023, -0.3589)
(0.1153572, 1.520147, -0.3576175)
(0.1153898, 1.520413, -0.3543266)
(0.1153898, 1.520413, -0.3543266)
(0.115406, 1.520546, -0.3526191)
(0.1154358, 1.520604, -0.3505577)
(0.1154988, 1.520683, -0.3485299)
(0.1157076, 1.520613, -0.3463596)
(0.116039, 1.520419, -0.34244)
(0.116039, 1.520419, -0.34244)
(0.1162913, 1.519744, -0.3387851)
(0.1165547, 1.519239, -0.3368586)
(0.1165547, 1.519239, -0.3368586)
(0.1167195, 1.518829, -0.3349975)
(0.1168363, 1.518187, -0.3327743)
(0.1171589, 1.517733, -0.3307117)
(0.1175399, 1.517263, -0.3285302)
(0.1180358, 1.51689, -0.3263422)
(0.1186447, 1.516447, -0.3240787)
(0.1192217, 1.516071, -0.3217517)
(0.1209257, 1.515532, -0.3165854)
(0.1209257, 1.515532, -0.3165854)
(0.1217854, 1.515401, -0.3138415)
(0.1225979, 1.515154, -0.3108574)
(0.1237278, 1.515077, -0.3077911)
(0.1249938, 1.515027, -0.3046743)
(0.1277947, 1.515132, -0.2984504)
(0.1292796, 1.515165, -0.2952918)
(0.1307254, 1.515153, -0.2919086)
(0.1324661, 1.515307, -0.2887627)
(0.1324661, 1.515307, -0.2887627)
(0.134372, 1.515594, -0.2849504)
(0.1362989, 1.516024, -0.2810072)
(0.1383729, 1.51644, -0.2771474)
(0.1405385, 1.516865, -0.2728046)
(0.1430106, 1.516983, -0.2678896)
(0.1453588, 1.516882, -0.2632939)
(0.147794, 1.517151, -0.2583989)
(0.1503317, 1.517403, -0.2536451)
(0.1531351, 1.517258, -0.2489478)
(0.1554825, 1.516818, -0.2442862)
(0.1582005, 1.516076, -0.2392479)
(0.1611464, 1.51799, -0.2340089)
(0.1641049, 1.519883, -0.2287191)
(0.1673911, 1.521515, -0.2229921)
(0.1705971, 1.522774, -0.218145)
(0.1736643, 1.523772, -0.2133821)
(0.1767607, 1.524905, -0.2087525)
(0.1801658, 1.525453, -0.2046219)
(0.1832776, 1.526197, -0.2006651)
(0.1865656, 1.526696, -0.1965271)
(0.189847, 1.527294, -0.1925262)
(0.1932282, 1.527945, -0.1884006)
(0.1969259, 1.528646, -0.1838585)
(0.2002733, 1.529447, -0.1797565)
(0.2035573, 1.530395, -0.1757172)
(0.2068632, 1.531514, -0.1714128)
(0.2101164, 1.532823, -0.1674336)
(0.2130499, 1.53441, -0.1635596)
(0.2162063, 1.53648, -0.1599218)
(0.2193556, 1.538726, -0.1564769)
(0.2222855, 1.544473, -0.1532966)
(0.2257371, 1.547924, -0.1497122)
(0.2287745, 1.551368, -0.1464402)
(0.2316847, 1.555142, -0.1431228)
(0.2345817, 1.558999, -0.1397859)
(0.2373161, 1.562961, -0.1367558)
(0.240027, 1.566999, -0.1339277)
(0.2425518, 1.571072, -0.1313116)
(0.2449098, 1.57519, -0.1287896)
(0.2471025, 1.5792, -0.1269037)
(0.2495613, 1.583219, -0.1248452)
(0.2516077, 1.587398, -0.1231123)
(0.2534473, 1.591579, -0.1219405)
(0.2553129, 1.595685, -0.1203123)
(0.2571404, 1.599964, -0.1190776)
(0.2589245, 1.604123, -0.1176683)
(0.2606664, 1.608352, -0.1162802)
(0.2623541, 1.61257, -0.1147505)
(0.2640791, 1.61677, -0.1130747)
(0.2659876, 1.62093, -0.1114043)
(0.267715, 1.625037, -0.109192)
(0.2692723, 1.628745, -0.1073045)
(0.2710757, 1.632224, -0.1053802)
(0.2727618, 1.635457, -0.1035794)
(0.274363, 1.638309, -0.1020466)
(0.2760489, 1.64088, -0.1005572)
(0.2777004, 1.643201, -0.09917082)
(0.279397, 1.645259, -0.09783329)
(0.2810657, 1.647094, -0.09637727)
(0.282759, 1.648725, -0.09482111)
(0.2842715, 1.65006, -0.09339155)
(0.2858565, 1.651277, -0.09190358)
(0.287159, 1.652323, -0.09026183)
(0.2885587, 1.652969, -0.08856286)
(0.2898872, 1.65303, -0.086836)
(0.2910309, 1.653123, -0.08503427)
(0.2921097, 1.652953, -0.08335365)
(0.2931945, 1.65271, -0.08159389)
(0.2941995, 1.652482, -0.07977523)
(0.2950459, 1.652116, -0.07826437)
(0.2957668, 1.651655, -0.07681097)
(0.2962711, 1.651224, -0.07547964)
(0.2968273, 1.650829, -0.07424726)
(0.2972312, 1.650474, -0.0729803)
(0.29759, 1.650218, -0.07163347)
(0.2977092, 1.649992, -0.07038392)
(0.2979472, 1.649925, -0.06900753)
(0.2980328, 1.650016, -0.06723274)
(0.2981339, 1.650221, -0.065385)
(0.2982404, 1.650417, -0.06351866)
(0.2982688, 1.650715, -0.06138362)
(0.2983646, 1.650924, -0.05927671)
(0.2983782, 1.651228, -0.05717458)
(0.2983556, 1.651562, -0.0551721)
(0.2981935, 1.651773, -0.0533544)
(0.2983177, 1.652102, -0.0515963)
(0.2982569, 1.652288, -0.04950489)
(0.2981031, 1.652384, -0.04751433)
(0.2980649, 1.65248, -0.04518498)
(0.2976763, 1.652236, -0.04151453)
(0.297461, 1.652076, -0.03915299)
(0.297461, 1.652076, -0.03915299)
(0.2971013, 1.651863, -0.03691114)
(0.2967024, 1.651625, -0.03465165)
(0.2962558, 1.651397, -0.03222741)
(0.2957816, 1.651158, -0.02971496)
(0.2951634, 1.650879, -0.02690233)
(0.2946448, 1.65063, -0.02414431)
(0.2930009, 1.649699, -0.01797165)
(0.2920506, 1.648965, -0.01483382)
(0.2908416, 1.648193, -0.01151432)
(0.2908416, 1.648193, -0.01151432)
(0.2896719, 1.647489, -0.008503809)
(0.2884467, 1.64686, -0.005668535)
(0.2871587, 1.646087, -0.002740039)
(0.2855546, 1.645396, 0.0004817108)
(0.2839656, 1.644686, 0.003840552)
(0.2823188, 1.643964, 0.007378922)
(0.2787316, 1.64265, 0.01474248)
(0.2767029, 1.642193, 0.01871835)
(0.2767029, 1.641863, 0.01871835)
(0.2746675, 1.641604, 0.02231108)
(0.2727101, 1.641871, 0.02593432)
(0.2705336, 1.642097, 0.02988563)
(0.2682891, 1.642333, 0.03406988)
(0.2660971, 1.642385, 0.03832303)
(0.2638037, 1.642334, 0.04276167)
(0.2589679, 1.641904, 0.05111323)
(0.2561255, 1.641749, 0.05569468)
(0.2561255, 1.642097, 0.05569468)
(0.2534518, 1.642131, 0.05982839)
(0.250793, 1.642571, 0.06381594)
(0.2482443, 1.643157, 0.06771551)
(0.2453756, 1.64396, 0.07176553)
(0.2399392, 1.644965, 0.08017956)
(0.2399392, 1.646908, 0.08017956)
(0.2345273, 1.650285, 0.088827)
(0.231405, 1.653004, 0.09335981)
(0.231405, 1.655721, 0.09335981)
(0.2285988, 1.658858, 0.09737168)
(0.2256396, 1.662136, 0.1014174)
(0.2228878, 1.66576, 0.1052931)
(0.2200975, 1.669646, 0.1091653)
(0.2150359, 1.674067, 0.1170341)
(0.2123775, 1.678072, 0.1208552)
(0.2100062, 1.682155, 0.1246022)
(0.2073069, 1.686171, 0.1284376)
(0.2073069, 1.690358, 0.1284376)
(0.2048187, 1.694487, 0.1318737)
(0.2024279, 1.698385, 0.1349698)
(0.2001588, 1.702274, 0.1378265)
(0.1979005, 1.706069, 0.1405052)
(0.1934111, 1.70936, 0.145116)
(0.1934111, 1.713546, 0.145116)
(0.1889789, 1.716974, 0.1489698)
(0.1868382, 1.720903, 0.1507751)
(0.1845937, 1.724983, 0.1525)
(0.1845937, 1.728667, 0.1525)
(0.1825414, 1.732519, 0.1539532)
(0.1805155, 1.736403, 0.1555656)
(0.1787035, 1.74034, 0.157153)
(0.1768365, 1.743972, 0.1591183)
(0.1736207, 1.748768, 0.1635192)
(0.1736207, 1.751276, 0.1635192)
(0.1707931, 1.755321, 0.1678856)
(0.1691608, 1.75828, 0.1700233)
(0.1691608, 1.760179, 0.1700233)
(0.1676841, 1.76245, 0.1718379)
(0.1661322, 1.76446, 0.1734754)
(0.1645989, 1.766024, 0.1749283)
(0.1629975, 1.767135, 0.1764747)
(0.1602097, 1.767791, 0.1791154)
(0.1588616, 1.768178, 0.1803647)
(0.1575069, 1.768631, 0.1815485)
(0.1563277, 1.768842, 0.1825985)
(0.1563277, 1.769424, 0.1825985)
(0.1551459, 1.769355, 0.1834825)
(0.1540601, 1.769214, 0.1843258)
(0.1529312, 1.769041, 0.1849969)
(0.1519766, 1.768916, 0.1857151)
(0.1503525, 1.768655, 0.1869234)
(0.1503525, 1.768798, 0.1869234)
(0.1489983, 1.769025, 0.1883207)
(0.1485288, 1.769474, 0.18933)
(0.1485288, 1.769474, 0.18933)
(0.14819, 1.770096, 0.190389)
(0.1478655, 1.770771, 0.1916998)
(0.1475775, 1.771553, 0.1931625)
(0.1473784, 1.772053, 0.1945994)
(0.1472087, 1.772847, 0.1963962)
(0.1468441, 1.773228, 0.1979683)
(0.1467097, 1.773647, 0.1993277)
(0.1466024, 1.773919, 0.200589)
(0.1465352, 1.774033, 0.2019433)
(0.14644, 1.774016, 0.2031449)
(0.1463828, 1.773783, 0.2043221)
(0.1463628, 1.773638, 0.2052603)
(0.1463773, 1.773136, 0.2063101)
(0.1464701, 1.77256, 0.2073727)
(0.146611, 1.772039, 0.2083536)
(0.1467474, 1.771335, 0.2092383)
(0.1469259, 1.770725, 0.210194)
(0.1470931, 1.770081, 0.2110954)
(0.1473489, 1.769444, 0.21199)
(0.1477723, 1.768813, 0.2128706)
(0.1481948, 1.768383, 0.2137179)
(0.1486759, 1.767961, 0.2147108)
(0.1492374, 1.767641, 0.2159027)
(0.1497459, 1.767408, 0.2170077)
(0.1504922, 1.767284, 0.2182872)
(0.1512003, 1.767168, 0.2195507)
(0.1520574, 1.767122, 0.2209048)
(0.1528637, 1.766983, 0.2221236)
(0.1538928, 1.766864, 0.2232009)
(0.1547623, 1.766847, 0.2241771)
(0.1557233, 1.766818, 0.2251009)
(0.1568837, 1.766744, 0.226039)
(0.1576929, 1.766677, 0.226994)
(0.1587727, 1.766831, 0.227842)
(0.1599717, 1.76686, 0.2286619)
(0.1611776, 1.767034, 0.2297629)
(0.1625471, 1.767259, 0.2306326)
(0.1639128, 1.767254, 0.2316829)
(0.1652579, 1.767442, 0.2327539)
(0.1665668, 1.767663, 0.2337811)
(0.1680045, 1.76786, 0.2347766)
(0.1692805, 1.768006, 0.2355686)
(0.1706207, 1.768046, 0.2362925)
(0.172071, 1.767879, 0.2369084)
(0.1734991, 1.767842, 0.2374495)
(0.1748581, 1.767625, 0.2379845)
(0.1763251, 1.767303, 0.238284)
(0.1775701, 1.767046, 0.2384351)
(0.1789985, 1.766883, 0.2383852)
(0.1804907, 1.766639, 0.2382557)
(0.1817436, 1.766469, 0.2379258)
(0.1830571, 1.766376, 0.2377856)
(0.1843417, 1.766397, 0.2376486)
(0.1856027, 1.766416, 0.2374517)
(0.1868887, 1.766507, 0.237305)
(0.1882963, 1.766603, 0.2371822)
(0.189455, 1.766916, 0.237054)
(0.1906147, 1.767168, 0.2370821)
(0.1918628, 1.767592, 0.2369397)
(0.1929736, 1.768072, 0.2367731)
(0.1940627, 1.76857, 0.2366809)
(0.1950574, 1.769196, 0.236546)
(0.1961763, 1.769836, 0.2364471)
(0.1971321, 1.770459, 0.2362407)
(0.1980278, 1.77114, 0.2361532)
(0.1988091, 1.771749, 0.2359333)
(0.1998136, 1.77239, 0.2357803)
(0.2005978, 1.773045, 0.2356981)
(0.2015388, 1.773716, 0.2353539)
(0.2023721, 1.77423, 0.2351742)
(0.2030783, 1.774783, 0.2350364)
(0.203882, 1.775221, 0.234889)
(0.2046323, 1.775566, 0.2345949)
(0.2054343, 1.775926, 0.234342)
(0.2061973, 1.776259, 0.2340854)
(0.2070577, 1.776691, 0.2336376)
(0.2079196, 1.776966, 0.2332448)
(0.2086709, 1.777297, 0.2329256)
(0.2093978, 1.777623, 0.2326722)
(0.2100735, 1.777983, 0.2324934)
(0.2107191, 1.778372, 0.2322062)
(0.2114058, 1.778689, 0.2320672)
(0.2121382, 1.778958, 0.2318977)
(0.2126687, 1.779308, 0.231779)
(0.2134404, 1.779784, 0.2314993)
(0.21402, 1.780058, 0.2313779)
(0.2145636, 1.780321, 0.2313388)
(0.2150578, 1.780563, 0.23122)
(0.2154317, 1.780768, 0.2311601)
(0.2156405, 1.780791, 0.2311256)
(0.2159925, 1.780881, 0.2309822)
(0.216347, 1.780925, 0.2308267)
(0.2165227, 1.780951, 0.2305965)
(0.2170022, 1.781092, 0.230294)
(0.2173452, 1.781042, 0.2300495)
(0.2175689, 1.781067, 0.2299323)
(0.217875, 1.78117, 0.2296764)
(0.2180738, 1.781196, 0.2295139)
(0.2183793, 1.781247, 0.2293054)
(0.2186241, 1.781287, 0.22921)
(0.2186863, 1.781321, 0.2291581)
(0.2188184, 1.781376, 0.2291846)
(0.2190557, 1.781457, 0.229148)
(0.2190557, 1.781457, 0.229148)
(0.2190218, 1.781537, 0.2290426)
(0.2192342, 1.781677, 0.2289623)
(0.2194066, 1.78172, 0.2288855)
(0.2194543, 1.781798, 0.2287721)
(0.2196214, 1.781803, 0.2286011)
(0.2195816, 1.781903, 0.22848)
(0.2196078, 1.78201, 0.2283397)
(0.2196774, 1.782091, 0.2281703)
(0.2196774, 1.782091, 0.2281703)
(0.2194896, 1.782226, 0.2280201)
(0.2194617, 1.782363, 0.2279481)
(0.2194266, 1.782412, 0.2278205)
(0.2192369, 1.78251, 0.2277213)
(0.2190211, 1.782807, 0.2272495)
(0.218715, 1.782892, 0.2270331)
(0.2185783, 1.783025, 0.226726)
(0.2183008, 1.783131, 0.2264403)
(0.2183008, 1.783131, 0.2264403)
(0.2181203, 1.783262, 0.2263158)
(0.2178087, 1.783293, 0.2260678)
(0.2176361, 1.78338, 0.2257626)
(0.2173445, 1.783498, 0.2254473)
(0.2168078, 1.78358, 0.2250041)
(0.216475, 1.783753, 0.2248067)
(0.2163098, 1.783971, 0.2245242)
(0.2160153, 1.784173, 0.2244005)
(0.2157493, 1.784408, 0.2243785)
(0.2157493, 1.784408, 0.2243785)
(0.215414, 1.784588, 0.2242153)
(0.2152419, 1.784687, 0.2239448)
(0.2148702, 1.784842, 0.2237228)
(0.2143962, 1.784945, 0.2235138)
(0.2139993, 1.785105, 0.2232863)
(0.2129519, 1.785418, 0.2228367)
(0.2126138, 1.785552, 0.222588)
(0.2121568, 1.785795, 0.2225076)
(0.2121568, 1.785795, 0.2225076)
(0.2117848, 1.786068, 0.2223023)
(0.2113049, 1.786338, 0.2222814)
(0.2103128, 1.786693, 0.2222571)
(0.2100229, 1.78673, 0.2221205)
(0.2095616, 1.786812, 0.2220645)
(0.209229, 1.787017, 0.2218817)
(0.2087877, 1.787074, 0.2217032)
(0.2082698, 1.787205, 0.221591)
(0.2082698, 1.787205, 0.221591)
(0.2078052, 1.78726, 0.2214424)
(0.2073612, 1.787322, 0.2213454)
(0.2068293, 1.787427, 0.2212775)
(0.2061181, 1.787579, 0.221191)
(0.2056217, 1.787644, 0.2212905)
(0.2050693, 1.787529, 0.2213915)
(0.2046356, 1.78759, 0.2215383)
(0.2040894, 1.787578, 0.2216765)
(0.2040894, 1.787578, 0.2216765)
(0.2037137, 1.787628, 0.2216797)
(0.2033389, 1.78756, 0.2217053)
(0.2028182, 1.787537, 0.2216607)
(0.2021894, 1.787341, 0.2214306)
(0.20172, 1.787246, 0.2213877)
(0.2013764, 1.787201, 0.2212977)
(0.2010741, 1.787059, 0.2212515)
(0.2006881, 1.787009, 0.2213727)
(0.2006881, 1.787009, 0.2213727)
(0.2002788, 1.786892, 0.2214644)
(0.1999464, 1.786839, 0.2215211)
(0.1995296, 1.786782, 0.2215102)
(0.1991529, 1.786691, 0.2216278)
(0.198529, 1.78656, 0.2218293)
(0.198262, 1.786482, 0.2218232)
(0.1979914, 1.786391, 0.2217852)
####
(0.8841327, 0.07660257, 6.264201)
(0.8848153, 0.07588515, 6.26348)
(0.8848894, 0.07497681, 6.262233)
(0.8849951, 0.07449191, 6.261485)
(0.885253, 0.07461262, 6.260578)
(0.8864241, 0.07471967, 6.259605)
(0.887046, 0.07524258, 6.259177)
(0.8876822, 0.07640899, 6.258771)
(0.887891, 0.07798641, 6.258872)
(0.8876971, 0.08034495, 6.260382)
(0.8869443, 0.08207146, 6.26132)
(0.8861219, 0.08464199, 6.263412)
(0.8854939, 0.08626992, 6.264987)
(0.8847808, 0.08804657, 6.266745)
(0.8842306, 0.08940478, 6.268065)
(0.8835552, 0.09051799, 6.269726)
(0.8832145, 0.0917232, 6.271148)
(0.883067, 0.09221198, 6.272048)
(0.8827178, 0.09290837, 6.272988)
(0.8827046, 0.09321244, 6.273647)
(0.8828489, 0.09411213, 6.274487)
(0.883962, 0.09413175, 6.274338)
(0.8853301, 0.09468522, 6.273869)
(0.8864861, 0.09605896, 6.274155)
(0.8868522, 0.0960858, 6.273379)
(0.8866524, 0.09720725, 6.273316)
(0.8858893, 0.09883835, 6.273399)
(0.8843859, 0.1001964, 6.273423)
(0.8822854, 0.1030184, 6.274719)
(0.8800144, 0.1058503, 6.275922)
(0.8779917, 0.1089217, 6.277812)
(0.8756516, 0.1130086, 6.280478)
(0.8738562, 0.1162821, -7.691734E-05)
(0.8706417, 0.1231294, 0.006175332)
(0.8693203, 0.1270918, 0.009921296)
(0.8683691, 0.1307439, 0.01367358)
(0.8683691, 0.1307439, 0.01367358)
(0.8674582, 0.1341691, 0.01696054)
(0.8674607, 0.1372914, 0.02018047)
(0.8674393, 0.1395765, 0.02244386)
(0.8682404, 0.14163, 0.02527574)
(0.8687326, 0.1433845, 0.02820719)
(0.8690101, 0.1453416, 0.03282685)
(0.8688217, 0.1461336, 0.03467244)
(0.8688028, 0.1471401, 0.03674776)
(0.8688028, 0.1471401, 0.03674776)
(0.8690597, 0.1480491, 0.03866709)
(0.869343, 0.1485238, 0.0402578)
(0.8693942, 0.1491143, 0.04134075)
(0.8687632, 0.1494522, 0.04197299)
(0.8669333, 0.1502669, 0.04290652)
(0.863317, 0.1503392, 0.04375912)
(0.8595139, 0.1504973, 0.04447096)
(0.8500018, 0.1513325, 0.04691493)
(0.8500018, 0.1513325, 0.04691493)
(0.8472183, 0.1514701, 0.04761045)
(0.846167, 0.1515974, 0.04872956)
(0.8462278, 0.1518321, 0.04986141)
(0.8477543, 0.1526169, 0.05141357)
(0.8485766, 0.1531837, 0.05252654)
(0.8468633, 0.1549722, 0.05478366)
(0.8450118, 0.1561034, 0.05642359)
(0.8426666, 0.1565501, 0.05842793)
(0.8426666, 0.1565501, 0.05842793)
(0.8411641, 0.1572103, 0.06005015)
(0.8405842, 0.1574635, 0.06170484)
(0.8409295, 0.1581043, 0.0633439)
(0.8424442, 0.1587144, 0.06493896)
(0.8426037, 0.159082, 0.06641554)
(0.8401457, 0.1588136, 0.06813479)
(0.8369908, 0.1589274, 0.06838496)
(0.8336109, 0.1595631, 0.06873205)
(0.8336109, 0.1595631, 0.06873205)
(0.8308429, 0.1602952, 0.0684382)
(0.8284575, 0.1614816, 0.06800686)
(0.8265202, 0.1617471, 0.06763259)
(0.8251216, 0.162805, 0.06724296)
(0.8245574, 0.16326, 0.06701308)
(0.8238705, 0.1638572, 0.06665555)
(0.8227948, 0.1653969, 0.06534095)
(0.822153, 0.1667411, 0.06460752)
(0.8221431, 0.1681602, 0.06328449)
(0.8221431, 0.1681602, 0.06328449)
(0.8227841, 0.1698269, 0.06236067)
(0.8242767, 0.171657, 0.06200508)
(0.8254324, 0.1736653, 0.06137896)
(0.8266932, 0.1756554, 0.06168759)
(0.8281639, 0.177401, 0.06250867)
(0.8299074, 0.1785115, 0.06347421)
(0.8312302, 0.1799555, 0.06492637)
(0.8328124, 0.1834714, 0.06879137)
(0.8328124, 0.1834714, 0.06879137)
(0.8329862, 0.1854483, 0.07061363)
(0.8326831, 0.1877368, 0.07326122)
(0.8315557, 0.189443, 0.07539788)
(0.8297364, 0.1909274, 0.07825731)
(0.8280659, 0.1924628, 0.08243666)
(0.8280659, 0.1924628, 0.08243666)
(0.8316565, 0.1926456, 0.08585598)
(0.8346148, 0.1919905, 0.0868167)
(0.8346148, 0.1919905, 0.0868167)
(0.8372493, 0.1918001, 0.08782107)
(0.8396149, 0.1905394, 0.08837732)
(0.8408832, 0.1890819, 0.08916154)
(0.8415512, 0.1869805, 0.08967388)
(0.8418499, 0.1843251, 0.09040722)
(0.8421379, 0.1811926, 0.08989741)
(0.8421658, 0.1783596, 0.08959492)
(0.8408645, 0.1722967, 0.08801214)
(0.8408645, 0.1722967, 0.08801214)
(0.839408, 0.1689181, 0.0872039)
(0.8372717, 0.1655352, 0.08692045)
(0.8339174, 0.1611609, 0.0866602)
(0.8306596, 0.1562563, 0.08579076)
(0.8243673, 0.1455997, 0.08342429)
(0.821851, 0.1395666, 0.08137514)
(0.8199989, 0.1340719, 0.07956821)
(0.8188414, 0.1280505, 0.07682815)
(0.8188414, 0.1280505, 0.07682815)
(0.8169922, 0.1211221, 0.07376768)
(0.8159567, 0.1139246, 0.07039435)
(0.8148751, 0.1071603, 0.06706801)
(0.8136764, 0.09991132, 0.06235199)
(0.8106834, 0.09261604, 0.05716163)
(0.8097315, 0.08580109, 0.05140945)
(0.8125616, 0.07950488, 0.04635928)
(0.8184518, 0.07405525, 0.04162463)
(0.8249852, 0.06867096, 0.03595751)
(0.8272497, 0.06367994, 0.03027583)
(0.8262244, 0.05912662, 0.02404797)
(0.8241357, 0.05378981, 0.0175981)
(0.8217273, 0.04954154, 0.01123399)
(0.819788, 0.04586577, 0.00619002)
(0.8180373, 0.04230144, 0.001103274)
(0.8174429, 0.03967497, 6.279237)
(0.8181986, 0.03716906, 6.274731)
(0.8207403, 0.03581668, 6.271484)
(0.8241627, 0.03387812, 6.268867)
(0.8292581, 0.03212508, 6.267274)
(0.8342149, 0.03044871, 6.266494)
(0.8393855, 0.02841834, 6.266143)
(0.8441665, 0.02647963, 6.265557)
(0.8476314, 0.02536592, 6.264488)
(0.8507479, 0.02441683, 6.26404)
(0.8533319, 0.02363192, 6.263637)
(0.8553101, 0.0236578, 6.263909)
(0.8576902, 0.02315392, 6.262923)
(0.8605263, 0.02274092, 6.26208)
(0.8631979, 0.02145853, 6.260733)
(0.8646213, 0.01975434, 6.259232)
(0.8648525, 0.01739607, 6.257211)
(0.8635497, 0.01506057, 6.255566)
(0.860937, 0.0124151, 6.254161)
(0.8577847, 0.009618321, 6.252569)
(0.8542991, 0.006718062, 6.250594)
(0.851576, 0.003502709, 6.248745)
(0.8499517, 0.0002310938, 6.246356)
(0.849264, 6.280143, 6.243467)
(0.8503352, 6.276815, 6.240097)
(0.8536339, 6.272814, 6.236619)
(0.8584087, 6.269324, 6.232688)
(0.8656865, 6.265415, 6.228663)
(0.8728626, 6.26158, 6.22412)
(0.8799626, 6.257117, 6.218796)
(0.885407, 6.253225, 6.214413)
(0.8892961, 6.248827, 6.209498)
(0.8923505, 6.244351, 6.20471)
(0.8929395, 6.240113, 6.200624)
(0.8918853, 6.235947, 6.196507)
(0.8883433, 6.232643, 6.19305)
(0.8833247, 6.230615, 6.189956)
(0.8794324, 6.228856, 6.187213)
(0.8763784, 6.227981, 6.185482)
(0.874476, 6.227538, 6.183976)
(0.873549, 6.22779, 6.18303)
(0.8735483, 6.228105, 6.181952)
(0.8745889, 6.229124, 6.181544)
(0.875031, 6.230055, 6.181068)
(0.8749601, 6.232028, 6.181331)
(0.8745388, 6.234383, 6.181597)
(0.8735696, 6.23662, 6.181718)
(0.8721825, 6.239424, 6.181625)
(0.871174, 6.241769, 6.181149)
(0.8703182, 6.244196, 6.180202)
(0.8690506, 6.247272, 6.17941)
(0.8673643, 6.25041, 6.178643)
(0.8662778, 6.253398, 6.17775)
(0.867435, 6.256058, 6.17646)
(0.8697306, 6.257665, 6.174528)
(0.8720866, 6.259159, 6.172956)
(0.8757364, 6.260353, 6.171914)
(0.8798335, 6.260963, 6.170523)
(0.8843241, 6.261104, 6.168298)
(0.8882918, 6.261469, 6.166795)
(0.8922664, 6.261589, 6.165741)
(0.8952845, 6.260915, 6.164265)
(0.8977932, 6.260904, 6.163252)
(0.8979647, 6.260178, 6.161866)
(0.8964354, 6.260509, 6.161142)
(0.8924828, 6.261245, 6.160839)
(0.8890352, 6.26282, 6.160662)
(0.8858676, 6.264879, 6.160439)
(0.8845738, 6.266104, 6.159402)
(0.8829238, 6.268722, 6.15944)
(0.8818376, 6.270837, 6.158705)
(0.8812197, 6.274212, 6.158929)
(0.8803982, 6.278817, 6.1599)
(0.8790758, 0.0005681235, 6.16113)
(0.8752877, 0.01135104, 6.165183)
(0.8736457, 0.01821328, 6.167902)
(0.8736457, 0.01821328, 6.167902)
(0.8730621, 0.02470821, 6.17068)
(0.8726317, 0.03121519, 6.173554)
(0.8726963, 0.03830774, 6.176253)
(0.872524, 0.04525485, 6.179315)
(0.8724115, 0.05264678, 6.182561)
(0.8713695, 0.05978479, 6.185713)
(0.8678976, 0.07470956, 6.192183)
(0.8663228, 0.08242815, 6.195528)
(0.8663096, 0.08945256, 6.198325)
(0.8663096, 0.08945256, 6.198325)
(0.8677838, 0.09516192, 6.200292)
(0.8712301, 0.1002928, 6.201756)
(0.8739177, 0.1052195, 6.202763)
(0.876079, 0.1097524, 6.203485)
(0.8765894, 0.1144722, 6.204891)
(0.8748819, 0.1192429, 6.206746)
(0.8709033, 0.1283383, 6.210216)
(0.8712299, 0.1329005, 6.21123)
(0.8712299, 0.1329005, 6.21123)
(0.8729296, 0.1374193, 6.212256)
(0.874626, 0.1418489, 6.213541)
(0.8736452, 0.1465215, 6.214973)
(0.8703225, 0.1503696, 6.21606)
(0.8656613, 0.1549329, 6.218119)
(0.8592919, 0.1596477, 6.220837)
(0.8490222, 0.1672411, 6.224868)
(0.8472191, 0.17118, 6.226327)
(0.8472191, 0.17118, 6.226327)
(0.8496722, 0.1750922, 6.227042)
(0.8558235, 0.1785182, 6.228027)
(0.8621422, 0.1822607, 6.230006)
(0.8669136, 0.1852702, 6.23254)
(0.8674701, 0.189232, 6.239186)
(0.8674701, 0.189232, 6.239186)
(0.8672832, 0.1925458, 6.246933)
(0.8690568, 0.1946207, 6.250791)
(0.8690568, 0.1946207, 6.250791)
(0.8708779, 0.1959768, 6.253231)
(0.8726233, 0.1975823, 6.255053)
(0.8733861, 0.1989447, 6.256269)
(0.8725195, 0.200526, 6.25769)
(0.8655953, 0.2032635, 6.259676)
(0.8605046, 0.2046281, 6.259725)
(0.8553551, 0.2062862, 6.25872)
(0.8505023, 0.2080547, 6.257251)
(0.8505023, 0.2080547, 6.257251)
(0.8480716, 0.2097334, 6.255835)
(0.8471906, 0.2116656, 6.254275)
(0.8479576, 0.2134463, 6.253341)
(0.85097, 0.2157746, 6.252471)
(0.8600762, 0.2222074, 6.254242)
(0.8600762, 0.2222074, 6.254242)
(0.8734893, 0.2302132, 6.26066)
(0.8812525, 0.2347929, 6.265322)
(0.8910848, 0.2391008, 6.271197)
(0.8910848, 0.2391008, 6.271197)
(0.8990865, 0.2439625, 6.278222)
(0.9054567, 0.248046, 0.001574151)
(0.9093108, 0.2516934, 0.009146954)
(0.9107166, 0.2556831, 0.01648626)
(0.9023268, 0.262355, 0.02946476)
(0.9023268, 0.262355, 0.02946476)
(0.8871629, 0.2667941, 0.03885679)
(0.8810602, 0.2672045, 0.042289)
(0.8810602, 0.2672045, 0.042289)
(0.8763777, 0.2658648, 0.04402375)
(0.8729835, 0.2640477, 0.04507959)
(0.8701801, 0.2605587, 0.04460409)
(0.8677952, 0.2575211, 0.04430952)
(0.864273, 0.2498803, 0.04222105)
(0.8639419, 0.2459102, 0.04052283)
(0.8650315, 0.2415149, 0.0391031)
(0.867517, 0.2365891, 0.03747405)
(0.867517, 0.2365891, 0.03747405)
(0.870275, 0.2330053, 0.03658158)
(0.8734053, 0.2288844, 0.03510839)
(0.8772917, 0.2253096, 0.03407466)
(0.8810132, 0.2219064, 0.03318383)
(0.8900557, 0.2163708, 0.03192335)
(0.8900557, 0.2163708, 0.03192335)
(0.8980419, 0.2120205, 0.03071722)
(0.9000624, 0.2103365, 0.0311702)
(0.9000624, 0.2103365, 0.0311702)
(0.8984997, 0.209494, 0.0317829)
(0.8956833, 0.2086183, 0.03233576)
(0.8899176, 0.2087071, 0.03358184)
(0.884397, 0.2085188, 0.03429371)
(0.8780771, 0.2082062, 0.0350727)
(0.8744711, 0.2075199, 0.03571412)
(0.8712302, 0.2067333, 0.03589581)
(0.8689293, 0.2054663, 0.03623049)
(0.8672513, 0.2045404, 0.03691454)
(0.8660392, 0.2028217, 0.03710511)
(0.8657451, 0.2004148, 0.0374833)
(0.8663827, 0.198349, 0.03791043)
(0.8679236, 0.1956419, 0.0379722)
(0.8701922, 0.1927824, 0.0378636)
(0.8730948, 0.189686, 0.03718442)
(0.8766811, 0.1871795, 0.03615764)
(0.8804851, 0.1847615, 0.03536027)
(0.8847182, 0.1826143, 0.03485751)
(0.8884761, 0.1801136, 0.03418312)
(0.8924657, 0.1772228, 0.03284488)
(0.8956469, 0.1744413, 0.03185287)
(0.8982749, 0.1718429, 0.03081499)
(0.9004277, 0.1689346, 0.02974525)
(0.9020659, 0.1665465, 0.02950569)
(0.902194, 0.163911, 0.02855928)
(0.901822, 0.16245, 0.02879319)
(0.9004098, 0.1601772, 0.02817951)
(0.8995291, 0.1584625, 0.02787427)
(0.8988937, 0.1570254, 0.02787705)
(0.8995469, 0.1549071, 0.02737152)
(0.9006107, 0.1533757, 0.02723843)
(0.9026808, 0.1508956, 0.02629723)
(0.9053229, 0.1489598, 0.02588568)
(0.9086941, 0.1468198, 0.02517429)
(0.9107946, 0.1444914, 0.02412216)
(0.9120365, 0.1425433, 0.02327701)
(0.9118434, 0.139993, 0.02199819)
(0.910965, 0.1384103, 0.02116169)
(0.9111571, 0.1357757, 0.01982996)
(0.9125706, 0.1337349, 0.01866185)
(0.9146885, 0.1316016, 0.01679523)
(0.9164086, 0.1300092, 0.01519089)
(0.9172074, 0.12805, 0.01205726)
(0.9170891, 0.1266531, 0.009585246)
(0.9161266, 0.1260408, 0.007908644)
(0.9148436, 0.1248217, 0.005964768)
(0.9141175, 0.1242914, 0.004534053)
(0.9142413, 0.1242809, 0.00304522)
(0.9152998, 0.1247931, 0.002188027)
(0.9180547, 0.1255477, 0.00145617)
(0.9210775, 0.12633, 0.001178601)
(0.9237652, 0.1272659, 0.001413177)
(0.9257118, 0.1285865, 0.002637841)
(0.9265026, 0.1294946, 0.003304479)
(0.925836, 0.1317868, 0.005579078)
(0.9254326, 0.1331418, 0.006268367)
(0.9241101, 0.1348751, 0.007672898)
(0.9226776, 0.1370101, 0.009691648)
(0.9205898, 0.1378402, 0.01079981)
(0.9179979, 0.1389719, 0.0121362)
(0.9154362, 0.1402028, 0.0135335)
(0.9122442, 0.1405694, 0.01436902)
(0.90982, 0.1408218, 0.01540511)
(0.9065734, 0.1405505, 0.01546934)
(0.90351, 0.1400588, 0.01499933)
(0.8995357, 0.139551, 0.01470282)
(0.8961272, 0.1383539, 0.01375389)
(0.8927549, 0.1372739, 0.01274498)
(0.8893905, 0.1359686, 0.01128665)
(0.8868898, 0.1345216, 0.009364607)
(0.8846317, 0.1331632, 0.007187527)
(0.8829052, 0.1316817, 0.005185932)
(0.8805696, 0.1302023, 0.002346481)
(0.8786101, 0.12915, 0.0001433913)
(0.8771498, 0.128052, 6.280819)
(0.8758329, 0.1277476, 6.279216)
(0.8750455, 0.1272748, 6.277191)
(0.8740863, 0.127108, 6.275453)
(0.8728068, 0.1272304, 6.274003)
(0.8709809, 0.1274369, 6.272835)
(0.8696263, 0.1278196, 6.272139)
(0.8679128, 0.128471, 6.271326)
(0.8660937, 0.1293764, 6.270746)
(0.8643985, 0.1299803, 6.270451)
(0.8624449, 0.1303031, 6.269842)
(0.8605691, 0.1312536, 6.270073)
(0.8590237, 0.1314494, 6.270042)
(0.8576138, 0.1317559, 6.270042)
(0.8565354, 0.1316527, 6.269829)
(0.8557732, 0.131764, 6.269888)
(0.8558864, 0.1315254, 6.269745)
(0.8554211, 0.1309365, 6.26924)
(0.8556464, 0.1309458, 6.269198)
(0.8557225, 0.13056, 6.268824)
(0.8560902, 0.1296184, 6.268195)
(0.856856, 0.1291257, 6.267595)
(0.8575948, 0.1285739, 6.267012)
(0.8583032, 0.1277748, 6.266323)
(0.8589287, 0.1268895, 6.264668)
(0.8587546, 0.1262562, 6.26415)
(0.8580156, 0.1257397, 6.26293)
(0.8575684, 0.1257637, 6.262586)
(0.8569756, 0.1257237, 6.261617)
(0.8569756, 0.1257237, 6.261617)
(0.8560297, 0.1257405, 6.26139)
(0.8552533, 0.1255158, 6.260696)
(0.8546813, 0.1258628, 6.260451)
(0.8538036, 0.126331, 6.260024)
(0.8536946, 0.1270458, 6.260452)
(0.8537319, 0.1275683, 6.260664)
(0.8538662, 0.1271771, 6.260447)
(0.8539268, 0.127228, 6.260519)
(0.8539268, 0.127228, 6.260519)
(0.8533708, 0.1268587, 6.260795)
(0.8523632, 0.1261154, 6.260404)
(0.8510352, 0.1254928, 6.2595)
(0.8499599, 0.1243155, 6.258276)
(0.849315, 0.1219104, 6.255874)
(0.8494039, 0.1205962, 6.254338)
(0.8495745, 0.1189689, 6.252925)
(0.8496792, 0.1179284, 6.251992)
(0.8496792, 0.1179284, 6.251992)
(0.8500493, 0.1167892, 6.250418)
(0.8500432, 0.1163629, 6.250026)
(0.850459, 0.1159025, 6.249292)
(0.8502849, 0.1150934, 6.248668)
(0.8495424, 0.1156495, 6.248302)
(0.8489556, 0.116295, 6.248341)
(0.847808, 0.1167277, 6.248264)
(0.8465351, 0.117143, 6.248484)
(0.8455239, 0.1170549, 6.248434)
(0.8455239, 0.1170549, 6.248434)
(0.8443207, 0.1174942, 6.249123)
(0.843996, 0.1169836, 6.249213)
(0.8433584, 0.1166152, 6.249319)
(0.8435414, 0.116738, 6.249871)
(0.8429942, 0.1163211, 6.249738)
(0.8420509, 0.1150048, 6.248579)
(0.8412303, 0.1139197, 6.247544)
(0.8402994, 0.1129726, 6.246505)
(0.8402994, 0.1129726, 6.246505)
(0.8393648, 0.1122298, 6.246048)
(0.8383635, 0.1113911, 6.245295)
(0.8365962, 0.1114075, 6.245286)
(0.8352875, 0.1110433, 6.245028)
(0.834275, 0.1108607, 6.245356)
(0.8341877, 0.1099807, 6.245169)
(0.8342919, 0.1104494, 6.246202)
(0.8350027, 0.1106802, 6.24672)
(0.8350027, 0.1106802, 6.24672)
(0.8352786, 0.1104199, 6.246926)
(0.8355999, 0.1106558, 6.247444)
(0.8358773, 0.1102067, 6.247487)
(0.8360873, 0.109255, 6.247291)
(0.8360729, 0.1094071, 6.247643)
(0.8353398, 0.1089704, 6.247588)
(0.8349411, 0.1082912, 6.247205)
(0.8334999, 0.1080389, 6.246981)
(0.8334999, 0.1080389, 6.246981)
(0.8327741, 0.1079779, 6.247028)
(0.8327879, 0.1077768, 6.247121)
(0.8333263, 0.1073654, 6.247233)
(0.8352208, 0.1071381, 6.247551)
(0.8361922, 0.1071926, 6.248061)
(0.8369337, 0.1074941, 6.248775)
(0.8370631, 0.1076156, 6.249396)
(0.8376976, 0.1077915, 6.249895)
(0.8376976, 0.1077915, 6.249895)
(0.8380507, 0.1082054, 6.250799)
(0.8381086, 0.1086193, 6.251391)
(0.8381978, 0.1084863, 6.251425)
(0.8382962, 0.1092055, 6.25197)
(0.8384967, 0.1093015, 6.251961)
(0.8386959, 0.1093657, 6.252593)
(0.839013, 0.109461, 6.252469)
