(0.7113633, 0.1932426, 0.07725444)
(0.7116395, 0.1914297, 0.07629167)
(0.712205, 0.1908528, 0.07620594)
(0.7126696, 0.1905657, 0.07620326)
(0.7133256, 0.1899046, 0.0762827)
(0.7137197, 0.1893404, 0.0762465)
(0.7137617, 0.1882994, 0.07592187)
(0.7135236, 0.186873, 0.07571328)
(0.7135792, 0.186399, 0.07586884)
(0.7140199, 0.185729, 0.07610526)
(0.7153313, 0.1844927, 0.07651533)
(0.7150342, 0.1845878, 0.07842171)
(0.7144514, 0.182644, 0.07898247)
(0.7118778, 0.1806892, 0.07733455)
(0.7069494, 0.1803488, 0.07573853)
(0.7085481, 0.1850675, 0.08048886)
(0.7095979, 0.188528, 0.08472317)
(0.7103872, 0.1861299, 0.08575159)
(0.712099, 0.1800112, 0.08294606)
(0.7131108, 0.1771237, 0.08148645)
(0.7138237, 0.1782592, 0.08274934)
(0.7155882, 0.182269, 0.08679446)
(0.717759, 0.1844856, 0.09005774)
(0.7192684, 0.1857718, 0.09219173)
(0.7191835, 0.1860918, 0.09445055)
(0.7187287, 0.1859881, 0.09674388)
(0.7175701, 0.1853897, 0.09902224)
(0.7174627, 0.1848294, 0.100705)
(0.718204, 0.1843237, 0.1027438)
(0.7193332, 0.1830779, 0.1052441)
(0.7213522, 0.1815985, 0.1074653)
(0.7223282, 0.1809272, 0.1095292)
(0.7218686, 0.1807288, 0.1119588)
(0.7190997, 0.1819571, 0.1138103)
(0.7153495, 0.1829883, 0.1159778)
(0.7127531, 0.1840201, 0.119334)
(0.7107487, 0.1867531, 0.1247281)
(0.7099267, 0.1893942, 0.1297751)
(0.7093896, 0.1905958, 0.13347)
(0.7091485, 0.1908818, 0.1358805)
(0.7088194, 0.1919773, 0.1387868)
(0.7092701, 0.1955309, 0.1435626)
(0.7102058, 0.1998572, 0.1490003)
(0.7112687, 0.2035086, 0.1537333)
(0.7118234, 0.2076414, 0.1587343)
(0.7127518, 0.2124974, 0.1643258)
(0.7142566, 0.2177838, 0.1701553)
(0.7156671, 0.2259455, 0.1783475)
(0.7168065, 0.2330721, 0.1859943)
(0.717853, 0.2386509, 0.1928191)
(0.7173884, 0.243336, 0.198358)
(0.7156907, 0.2465613, 0.2022495)
(0.7146733, 0.2510491, 0.2069896)
(0.7144332, 0.2567697, 0.212797)
(0.7167252, 0.262417, 0.219243)
(0.7217882, 0.266852, 0.2255615)
(0.7292873, 0.2690184, 0.2308027)
(0.7331497, 0.2705049, 0.2325344)
(0.7338868, 0.2708225, 0.2311086)
(0.7331478, 0.2767074, 0.2353545)
(0.7295236, 0.2838734, 0.241631)
(0.7291818, 0.2850941, 0.2445654)
(0.7308304, 0.2860177, 0.2461267)
(0.7356632, 0.2869179, 0.245616)
(0.7426814, 0.289566, 0.2468508)
(0.7488468, 0.2942945, 0.2501092)
(0.7523205, 0.2994697, 0.2522228)
(0.7531061, 0.3030107, 0.253438)
(0.7529138, 0.306127, 0.2546072)
(0.7513757, 0.3078919, 0.2551673)
(0.752273, 0.3110389, 0.2560413)
(0.7547692, 0.3154085, 0.2570182)
(0.7599241, 0.3188678, 0.2573215)
(0.765986, 0.320715, 0.2574186)
(0.769283, 0.3234505, 0.2568754)
(0.7698328, 0.3253577, 0.2565435)
(0.7692754, 0.3283519, 0.2567273)
(0.7685413, 0.3332707, 0.2582066)
(0.7694267, 0.3370231, 0.2588215)
(0.7713496, 0.339088, 0.2579695)
(0.7737603, 0.3416751, 0.2569336)
(0.777756, 0.3451204, 0.2560664)
(0.782361, 0.3477372, 0.2558475)
(0.7855193, 0.3496458, 0.2547364)
(0.7870067, 0.3507955, 0.252928)
(0.7881655, 0.3498278, 0.2494201)
(0.7889024, 0.349749, 0.2460746)
(0.7881446, 0.3507826, 0.2430702)
(0.7869943, 0.3514063, 0.2395615)
(0.786419, 0.3520204, 0.2359652)
(0.7872233, 0.3507781, 0.2312929)
(0.7906322, 0.3480941, 0.2257598)
(0.7955148, 0.344171, 0.2186601)
(0.7992622, 0.3423862, 0.2135373)
(0.8006465, 0.3421935, 0.2097751)
(0.7987177, 0.3431945, 0.2059451)
(0.7978833, 0.3418764, 0.2007522)
(0.7988864, 0.3386469, 0.1946034)
(0.8008731, 0.3346835, 0.1886588)
(0.8033472, 0.3308393, 0.1841017)
(0.8044235, 0.3262335, 0.1782405)
(0.801401, 0.3222, 0.1698998)
(0.7988062, 0.3219243, 0.165742)
(0.796882, 0.3243016, 0.1639913)
(0.7981768, 0.3249159, 0.1626583)
(0.8012384, 0.3201441, 0.1575828)
(0.8052694, 0.3128325, 0.1497727)
(0.8067565, 0.3075604, 0.1416761)
(0.8061546, 0.3046443, 0.1344485)
(0.8059406, 0.305523, 0.1304225)
(0.8088772, 0.3067072, 0.1262963)
(0.8138632, 0.306731, 0.122572)
(0.8187746, 0.3041534, 0.1169041)
(0.8239737, 0.2978111, 0.1069995)
(0.826941, 0.2903599, 0.09569743)
(0.8299172, 0.2852485, 0.08786374)
(0.8341624, 0.2805637, 0.08135694)
(0.837794, 0.273614, 0.07323803)
(0.8399324, 0.2644852, 0.062186)
(0.8423133, 0.2552992, 0.05055607)
(0.8455061, 0.2469686, 0.03990769)
(0.8499108, 0.240087, 0.03186239)
(0.8559297, 0.2374651, 0.02722394)
(0.8593359, 0.2335292, 0.02113846)
(0.8591779, 0.2293998, 0.01597286)
(0.8563701, 0.2256762, 0.01052775)
(0.8472627, 0.2232427, 0.006094517)
(0.8370425, 0.2205713, 0.001947152)
(0.8252278, 0.2171514, 6.280789)
(0.8150912, 0.2166852, 6.279581)
(0.8080686, 0.2154156, 6.278038)
(0.8080304, 0.2144111, 6.278253)
(0.8178157, 0.2093164, 6.27712)
(0.8328232, 0.2002709, 6.273641)
(0.8435534, 0.1931771, 6.271259)
(0.8514439, 0.1893604, 6.271927)
(0.8510764, 0.1871759, 6.274185)
(0.8469414, 0.1814453, 6.273746)
(0.8408607, 0.1743033, 6.27107)
(0.8369285, 0.1679945, 6.269044)
(0.8356946, 0.1620442, 6.267634)
(0.8358349, 0.1550235, 6.266135)
(0.8369319, 0.1461655, 6.264397)
(0.8379472, 0.1359255, 6.26255)
(0.8366709, 0.1252262, 6.259767)
(0.8342502, 0.1162841, 6.256798)
(0.8320654, 0.1108922, 6.25778)
(0.8272908, 0.1100597, 6.263031)
(0.8215079, 0.1038757, 6.265237)
(0.8176658, 0.09298232, 6.263297)
(0.8158761, 0.08221287, 6.260594)
(0.8167143, 0.07189815, 6.257156)
(0.8169822, 0.06603763, 6.256609)
(0.8168256, 0.06689376, 6.26117)
(0.813572, 0.07075425, 6.267984)
(0.806678, 0.07107327, 6.273159)
(0.7999754, 0.06686421, 6.274666)
(0.7964265, 0.06203604, 6.27468)
(0.7972567, 0.05943886, 6.276233)
(0.7989703, 0.05735733, 6.278464)
(0.8025538, 0.05459142, 6.280157)
(0.8035324, 0.05283711, 6.282176)
(0.8012733, 0.052655, 0.001542703)
(0.79542, 0.05314017, 0.004661973)
(0.7888096, 0.05186754, 0.006560849)
(0.7845954, 0.04905859, 0.007629387)
(0.783046, 0.04558814, 0.008742466)
(0.7827519, 0.0419514, 0.009522344)
(0.7853666, 0.03597061, 0.00910988)
(0.7881616, 0.02937491, 0.007047527)
(0.7889478, 0.02470382, 0.005930808)
(0.7869108, 0.02182165, 0.005842483)
(0.784322, 0.01922623, 0.005773138)
(0.7804192, 0.01902649, 0.006263976)
(0.7750806, 0.01961122, 0.006855699)
(0.7693905, 0.02079748, 0.008047964)
(0.7647369, 0.02167718, 0.009090174)
(0.7620344, 0.02175704, 0.009411871)
(0.7627919, 0.02136303, 0.009093647)
(0.765554, 0.02152112, 0.008665465)
(0.7670259, 0.0221518, 0.008938375)
(0.768079, 0.02425226, 0.009800844)
(0.766526, 0.0258842, 0.01043703)
(0.7630135, 0.02631243, 0.009967783)
(0.7599068, 0.02587981, 0.009189822)
(0.7551202, 0.02724816, 0.00920911)
(0.7501234, 0.0277197, 0.009296224)
(0.7445583, 0.02891132, 0.008454945)
(0.7407844, 0.03290599, 0.007022304)
(0.7406313, 0.03678406, 0.008217752)
(0.7457156, 0.04479616, 0.01204334)
(0.749879, 0.0485838, 0.01412364)
(0.7512958, 0.046419, 0.01190619)
(0.7504267, 0.04585381, 0.009772008)
(0.7483755, 0.04908659, 0.009368292)
(0.7497866, 0.05442464, 0.01179932)
(0.7544199, 0.06085038, 0.01624602)
(0.7590309, 0.06488059, 0.01903825)
(0.7642288, 0.06538599, 0.02080672)
(0.7680885, 0.06373916, 0.02080144)
(0.7711524, 0.06325018, 0.0205959)
(0.774106, 0.06611794, 0.02290678)
(0.7762659, 0.07086948, 0.02702968)
(0.7779784, 0.07668449, 0.03302787)
(0.7790984, 0.0798446, 0.03628648)
(0.7779304, 0.08520801, 0.04080852)
(0.7767557, 0.09258444, 0.04665703)
(0.7727118, 0.1024217, 0.05601965)
(0.7695699, 0.1079152, 0.06306217)
(0.7687232, 0.1118367, 0.06812941)
(0.7711223, 0.1170689, 0.07395157)
(0.7737269, 0.1239944, 0.08127977)
(0.7727989, 0.133099, 0.08936019)
(0.7706202, 0.1413945, 0.09671985)
(0.7673985, 0.1490153, 0.1047098)
(0.76202, 0.1566249, 0.112365)
(0.7470806, 0.1618031, 0.1176735)
(0.7352334, 0.1662747, 0.122568)
(0.7193428, 0.1721476, 0.1274846)
(0.7062163, 0.1786414, 0.1327385)
(0.6993782, 0.1826294, 0.135627)
(0.6992935, 0.1834542, 0.1367326)
(0.7027057, 0.1849029, 0.1398663)
(0.7168995, 0.1881111, 0.1440934)
(0.7252843, 0.194911, 0.1494642)
(0.7306007, 0.2038999, 0.1550416)
(0.7254026, 0.2116985, 0.1583439)
(0.7143176, 0.216395, 0.1594328)
(0.7065943, 0.2161296, 0.1582116)
(0.7042677, 0.2162446, 0.1581739)
(0.7105868, 0.2163783, 0.1564238)
(0.7165236, 0.2192795, 0.1561855)
(0.7244419, 0.2252128, 0.1574959)
(0.7236508, 0.2319393, 0.1600425)
(0.7217057, 0.234092, 0.1599784)
(0.7165389, 0.2303866, 0.1556338)
(0.7095941, 0.228483, 0.1517082)
(0.706544, 0.2304811, 0.1502907)
(0.7080013, 0.2343669, 0.1503594)
(0.7117646, 0.2398949, 0.1510748)
(0.7144957, 0.2437999, 0.1512849)
(0.7167186, 0.2460328, 0.1512256)
(0.7159818, 0.2456274, 0.14906)
(0.7140297, 0.2461395, 0.146486)
(0.7101479, 0.2488312, 0.1444269)
(0.7051228, 0.2556058, 0.1459385)
(0.6998669, 0.2610129, 0.1480582)
(0.6983172, 0.2617803, 0.147829)
(0.6975693, 0.2622047, 0.1460936)
(0.6994103, 0.2619834, 0.1442583)
(0.7002091, 0.2653413, 0.1442869)
(0.6992691, 0.2707692, 0.1460751)
(0.6965311, 0.2739677, 0.1464884)
(0.6930987, 0.2766413, 0.1467564)
(0.6881827, 0.2786241, 0.1465929)
(0.6846933, 0.2800078, 0.1460734)
(0.6836392, 0.2811852, 0.1457543)
(0.6834663, 0.2826176, 0.1456885)
(0.6855182, 0.2832195, 0.1461976)
(0.687179, 0.2842487, 0.1469619)
(0.6866934, 0.2846563, 0.1472762)
(0.6847914, 0.2834787, 0.146377)
(0.6827484, 0.2829308, 0.1460435)
(0.6800806, 0.2822082, 0.1460466)
(0.678506, 0.2804265, 0.1453347)
(0.6771217, 0.2788056, 0.1444517)
(0.6748098, 0.2776364, 0.1439591)
(0.6733264, 0.2760255, 0.1436861)
(0.6738067, 0.2736867, 0.1435375)
(0.6760957, 0.270294, 0.1423855)
(0.6774157, 0.2670833, 0.1408428)
(0.6778604, 0.2657692, 0.1407063)
(0.6746431, 0.2639377, 0.1404498)
(0.6677346, 0.2621155, 0.136979)
(0.6638429, 0.2605913, 0.1361104)
(0.6616714, 0.2632262, 0.1403357)
(0.661203, 0.2631665, 0.1431631)
(0.6627542, 0.2570472, 0.1418042)
(0.6636412, 0.25009, 0.1384736)
(0.6636723, 0.2472248, 0.1378639)
(0.6639853, 0.2460676, 0.1385015)
(0.6638281, 0.247043, 0.1404357)
(0.6637843, 0.2468564, 0.141265)
(0.662199, 0.2453708, 0.1416677)
(0.657662, 0.2431234, 0.1416281)
(0.6538215, 0.2409187, 0.1413648)
(0.6539903, 0.2376453, 0.1403372)
(0.6575562, 0.2348964, 0.1392583)
(0.6603743, 0.2337077, 0.1393424)
(0.6630737, 0.2327612, 0.1404742)
(0.6647536, 0.2295322, 0.1390545)
(0.6626304, 0.2268052, 0.1367955)
(0.6549578, 0.2258161, 0.1350138)
(0.6493576, 0.2270488, 0.1351748)
(0.6481818, 0.2261583, 0.1346759)
(0.6510415, 0.2234135, 0.1332575)
(0.6540914, 0.2207207, 0.130116)
(0.6550039, 0.2195996, 0.1279526)
(0.6559488, 0.2191873, 0.125862)
(0.6579964, 0.217489, 0.1242797)
(0.6610025, 0.2149802, 0.1223302)
(0.6652718, 0.2122635, 0.1200626)
(0.6686577, 0.2097527, 0.117697)
(0.6705572, 0.2067296, 0.1157596)
(0.6695888, 0.204353, 0.1151245)
(0.6659005, 0.2016208, 0.1135645)
(0.660193, 0.1984101, 0.1114959)
(0.6571647, 0.194717, 0.1093718)
(0.6567472, 0.1910731, 0.1069482)
(0.6596972, 0.187913, 0.1048528)
(0.6633244, 0.1858746, 0.1034715)
(0.6651769, 0.1839521, 0.1018195)
(0.6662126, 0.180534, 0.09949306)
(0.6662959, 0.1757485, 0.09724503)
(0.6653028, 0.1697925, 0.09495949)
(0.6626973, 0.1631594, 0.09013278)
(0.6586584, 0.1597019, 0.08678179)
(0.6582842, 0.1586813, 0.0868194)
(0.6613586, 0.1578301, 0.0881891)
(0.661696, 0.1526432, 0.08663061)
(0.6609315, 0.1458954, 0.08352184)
(0.6588034, 0.1420722, 0.08156514)
(0.6564034, 0.1415468, 0.08202294)
(0.6560724, 0.1412294, 0.08237641)
(0.6564486, 0.1393859, 0.08234479)
(0.6591467, 0.1370474, 0.08208245)
(0.6603274, 0.1340961, 0.08127628)
(0.6614071, 0.1311034, 0.08104015)
(0.6620516, 0.1296625, 0.0812535)
(0.6626042, 0.1288913, 0.08131107)
(0.6631522, 0.1291967, 0.08208634)
