(-6620.838, 189.769, -1244.584)
(0, 0, 0)
(-192.6936, 79.56101, 52.58801)
(-102.8208, 16.95313, 23.85685)
(-120.2287, 14.84177, 25.34209)
(-274.063, 81.19894, 75.07976)
(-206.1135, 130.1018, 19.82992)
(-261.4164, 110.6366, -41.27428)
(-204.5266, 55.22772, 3.018426)
(-163.1411, 23.36311, 3.316648)
(-297.7949, -17.87097, 4.932091)
(-290.1807, 21.0595, -9.036635)
(-204.4943, 3.34574, -4.601546)
(-327.1422, -1.809923, 23.51751)
(-324.8175, -12.88731, 14.8982)
(-176.9272, -16.99343, 3.429409)
(-242.5968, -12.64818, 8.02077)
(-336.0768, -24.28024, 7.764605)
(-199.2856, -21.08702, 3.811241)
(-353.7751, -35.33503, 5.005655)
(-251.7248, -31.12803, -2.618162)
(-291.5901, -42.8372, -5.688434)
(-179.6793, -22.7944, -8.033486)
(-169.2577, -18.72693, -3.326212)
(-245.5552, -15.90547, -6.508066)
(-392.7028, 3.750849, -17.34139)
(-363.9453, 13.82109, -28.58984)
(-171.0879, 7.531647, -17.41536)
(-187.5332, 34.84402, -27.38981)
(-211.0595, 24.55498, -27.84931)
(-154.9163, 26.30205, -19.52606)
(-97.10921, 16.49539, -9.241018)
(-132.6676, 13.79971, 2.409374)
(-172.1576, 17.47176, -0.3038715)
(-163.4029, -4.279917, -10.67756)
(-27.58477, -13.13646, -9.632205)
(-58.60449, -20.54315, -14.88088)
(-24.70753, -48.54073, -28.91274)
(-19.97706, -39.2403, -26.49216)
(-6.651858, -37.31677, -19.10863)
(-26.46689, -70.99245, -49.31203)
(-19.84114, -103.0057, -134.2813)
(-17.31994, -52.14471, -23.38614)
(-24.61738, -41.0647, 21.76975)
(-89.5895, 1.295024, 46.47229)
