(-0.3961328, 0.8633108, -2.333242)
(-0.3961258, 0.8633004, -2.333215)
(-0.3960845, 0.8633549, -2.332919)
(-0.3958961, 0.8634026, -2.333308)
(-0.3959012, 0.8634162, -2.333306)
(-0.3959154, 0.8633722, -2.333414)
(-0.3958093, 0.8634076, -2.333699)
(-0.3958068, 0.8634098, -2.33367)
(-0.3959877, 0.8634667, -2.333584)
(-0.3958539, 0.8635128, -2.333826)
(-0.3958598, 0.8635341, -2.333828)
(-0.3958319, 0.8635676, -2.333686)
(-0.3957764, 0.8635472, -2.3338)
(-0.3957739, 0.8635492, -2.333788)
(-0.3956892, 0.8635955, -2.33359)
(-0.3957565, 0.863513, -2.333406)
(-0.3957499, 0.8635142, -2.333382)
(-0.3957896, 0.8635868, -2.333218)
(-0.3957379, 0.8635678, -2.333289)
(-0.3957177, 0.8635683, -2.333276)
(-0.3957788, 0.8634986, -2.333568)
(-0.3956985, 0.8635237, -2.33378)
(-0.3956813, 0.86353, -2.333796)
(-0.3956608, 0.8634988, -2.333909)
(-0.3957492, 0.863399, -2.333668)
(-0.3957506, 0.8633884, -2.33368)
(-0.3956106, 0.8633006, -2.333821)
(-0.3954562, 0.863346, -2.334116)
(-0.3954422, 0.8633575, -2.334106)
(-0.3954706, 0.8634948, -2.333723)
(-0.395427, 0.8634412, -2.333724)
(-0.3953967, 0.8634517, -2.333708)
(-0.3953677, 0.8634503, -2.333758)
(-0.3954017, 0.863416, -2.333608)
(-0.3953916, 0.863409, -2.33357)
(-0.3954986, 0.8633875, -2.333748)
(-0.3954577, 0.8634009, -2.333765)
(-0.3954377, 0.8634, -2.333766)
(-0.395552, 0.8634055, -2.333879)
(-0.3955896, 0.8633997, -2.333825)
(-0.3955795, 0.8633995, -2.333811)
(-0.3955339, 0.863432, -2.333697)
(-0.3954221, 0.8634747, -2.333911)
(-0.3954128, 0.863474, -2.333923)
(-0.3954073, 0.86353, -2.33369)
(-0.3955631, 0.8633895, -2.333299)
(-0.3955729, 0.8633583, -2.333269)
(-0.3958869, 0.8634464, -2.333106)
(-0.3958797, 0.8634039, -2.333091)
(-0.395878, 0.8634065, -2.333077)
(-0.3958435, 0.8633934, -2.333065)
(-0.3957374, 0.8634216, -2.333294)
(-0.3957577, 0.8634256, -2.333279)
(-0.3958184, 0.863441, -2.333179)
(-0.3958766, 0.8633897, -2.333094)
(-0.395897, 0.863364, -2.333069)
(-0.3959032, 0.8634276, -2.332821)
(-0.3958133, 0.8634403, -2.333004)
(-0.3958051, 0.8634216, -2.332972)
(-0.3958657, 0.8635045, -2.332686)
(-0.3959185, 0.8634807, -2.332682)
(-0.3959169, 0.8635072, -2.332705)
(-0.3961337, 0.8634574, -2.332869)
(-0.3959645, 0.8634632, -2.333155)
(-0.3960495, 0.8634895, -2.333188)
(-0.3959935, 0.863479, -2.33351)
(-0.3958524, 0.8635107, -2.333788)
(-0.3958617, 0.8635139, -2.333772)
(-0.3958621, 0.8636397, -2.333487)
(-0.3957604, 0.8636758, -2.333697)
(-0.3957933, 0.8636761, -2.333676)
(-0.3957188, 0.8636612, -2.333718)
(-0.3958361, 0.863588, -2.333506)
(-0.3958606, 0.8635844, -2.333491)
(-0.3959227, 0.863507, -2.333678)
(-0.3958271, 0.8635283, -2.333887)
(-0.3958575, 0.8635368, -2.333901)
(-0.3955151, 0.8633651, -2.334321)
(-0.3954914, 0.8633933, -2.334404)
(-0.3954867, 0.8633771, -2.334417)
(-0.3955039, 0.8633432, -2.334462)
(-0.3956221, 0.8632714, -2.334283)
(-0.3956373, 0.8633213, -2.334368)
(-0.3957105, 0.8634574, -2.334022)
(-0.3958725, 0.8633428, -2.333751)
(-0.3958868, 0.8633175, -2.333721)
(-0.3958715, 0.8633935, -2.333443)
(-0.3957179, 0.8634566, -2.333852)
(-0.3957145, 0.8634722, -2.333874)
(-0.3957881, 0.8634243, -2.334143)
(-0.3958993, 0.863346, -2.333943)
(-0.3959341, 0.8633353, -2.333919)
(-0.3957454, 0.863355, -2.333694)
(-0.3957096, 0.8633898, -2.333815)
(-0.3957115, 0.8634022, -2.33385)
(-0.3957661, 0.8633467, -2.334021)
(-0.39568, 0.863332, -2.334181)
(-0.3956864, 0.8633417, -2.33418)
(-0.3956771, 0.863414, -2.333961)
(-0.3957356, 0.8633584, -2.333838)
(-0.3957355, 0.8633553, -2.333826)
(-0.3957534, 0.8633519, -2.333893)
(-0.3956865, 0.8633624, -2.334058)
(-0.3956782, 0.8633671, -2.334069)
(-0.3955145, 0.8633696, -2.333982)
(-0.3954893, 0.8633522, -2.33408)
(-0.3955005, 0.8633527, -2.334071)
(-0.395472, 0.8633944, -2.333716)
(-0.3954042, 0.8633711, -2.333799)
(-0.3954148, 0.8633823, -2.333806)
(-0.3954252, 0.8633027, -2.334088)
(-0.3953338, 0.863325, -2.334254)
(-0.3953347, 0.8633242, -2.334233)
(-0.3953521, 0.8633145, -2.334234)
(-0.3952975, 0.863319, -2.334342)
(-0.3953052, 0.8633287, -2.33435)
(-0.3953687, 0.8633974, -2.334154)
(-0.395461, 0.8633106, -2.333927)
(-0.3954691, 0.8632891, -2.333917)
(-0.3954105, 0.8632853, -2.333865)
(-0.3955063, 0.8631893, -2.333644)
(-0.3955257, 0.8631769, -2.333624)
(-0.395551, 0.8632264, -2.333414)
(-0.3954964, 0.8632313, -2.333534)
(-0.3954706, 0.8632021, -2.333508)
(-0.3955196, 0.8630317, -2.334039)
(-0.3955159, 0.862995, -2.33407)
(-0.3955268, 0.8629845, -2.334052)
(-0.3955128, 0.8629441, -2.334112)
(-0.395458, 0.8628963, -2.334184)
(-0.3954682, 0.8628663, -2.334144)
(-0.3954775, 0.8628144, -2.334219)
(-0.3952801, 0.8628544, -2.334621)
(-0.3952841, 0.8628656, -2.334658)
(-0.3953817, 0.8630017, -2.334437)
(-0.3952525, 0.8629832, -2.334585)
(-0.3952528, 0.8628861, -2.334442)
(-0.3953686, 0.8628848, -2.334575)
(-0.395404, 0.8629465, -2.334737)
(-0.3953788, 0.862944, -2.334746)
(-0.3953624, 0.8628616, -2.334777)
(-0.3952216, 0.8629172, -2.335106)
(-0.3952323, 0.8629167, -2.335126)
(-0.3951554, 0.8628705, -2.335113)
(-0.3952007, 0.8628168, -2.335052)
(-0.3951824, 0.862837, -2.335114)
(-0.3952509, 0.8628114, -2.335321)
(-0.3952491, 0.8627902, -2.335328)
(-0.3952143, 0.8627599, -2.335297)
(-0.3951472, 0.8627903, -2.335116)
(-0.3950469, 0.8628613, -2.335419)
(-0.3950428, 0.8628844, -2.335469)
(-0.3951352, 0.8630375, -2.334948)
(-0.395195, 0.8629208, -2.334761)
(-0.395146, 0.8629147, -2.334775)
(-0.3951582, 0.8629724, -2.334799)
(-0.3952032, 0.8629124, -2.334725)
(-0.3951899, 0.8628832, -2.334711)
(-0.3952297, 0.8629881, -2.334235)
(-0.3950282, 0.8630832, -2.334636)
(-0.395018, 0.8631014, -2.334664)
(-0.3951514, 0.8631567, -2.334696)
(-0.3950583, 0.8631717, -2.334854)
(-0.3950509, 0.8631626, -2.334865)
(-0.3951473, 0.8632206, -2.334655)
(-0.3952441, 0.8631296, -2.334385)
(-0.3952587, 0.8631566, -2.334418)
(-0.3953772, 0.86335, -2.333974)
(-0.3953104, 0.8633559, -2.334076)
(-0.395301, 0.8633301, -2.334019)
(-0.3951063, 0.8630739, -2.334775)
(-0.3951014, 0.8630747, -2.334767)
(-0.3951159, 0.8630714, -2.3348)
(-0.3951768, 0.8630522, -2.334868)
(-0.3952966, 0.8629624, -2.334627)
(-0.395308, 0.8629497, -2.334592)
(-0.3953263, 0.8629744, -2.334455)
(-0.3953493, 0.86291, -2.334422)
(-0.3953573, 0.862921, -2.334454)
(-0.3953999, 0.8628598, -2.334626)
(-0.3953513, 0.8628283, -2.334703)
(-0.3953631, 0.8628063, -2.33467)
(-0.3954297, 0.8629403, -2.334245)
(-0.3954618, 0.8628757, -2.33418)
(-0.3954774, 0.8628522, -2.334167)
(-0.3955444, 0.8628855, -2.333946)
(-0.3953325, 0.8629575, -2.334412)
(-0.3953103, 0.8629731, -2.334433)
(-0.3953823, 0.8630329, -2.33427)
(-0.3952657, 0.8630724, -2.334527)
(-0.3952506, 0.8630879, -2.334537)
(-0.3954642, 0.8631619, -2.334412)
(-0.3953415, 0.863188, -2.33466)
(-0.3953296, 0.8632022, -2.334663)
(-0.3954586, 0.8632618, -2.334719)
(-0.39544, 0.8632597, -2.334758)
(-0.3954576, 0.8632743, -2.334782)
(-0.3953358, 0.8632158, -2.334875)
(-0.3952502, 0.8632326, -2.335072)
(-0.3952606, 0.8632498, -2.335088)
(-0.3951238, 0.8631549, -2.335436)
(-0.3952509, 0.8630592, -2.335177)
(-0.3952544, 0.8630461, -2.33516)
(-0.3952113, 0.8630043, -2.335393)
(-0.3953893, 0.8628932, -2.335093)
(-0.395391, 0.8628826, -2.335114)
(-0.395358, 0.86286, -2.335148)
(-0.3952084, 0.862873, -2.335466)
(-0.3952488, 0.8628777, -2.335483)
(-0.3950659, 0.8628544, -2.335614)
(-0.395052, 0.8628415, -2.335635)
(-0.3950305, 0.8627896, -2.335612)
(-0.395028, 0.86288, -2.335403)
(-0.3949813, 0.8629, -2.335564)
(-0.3949491, 0.8628798, -2.335538)
(-0.3949704, 0.862976, -2.335275)
(-0.3949167, 0.8629856, -2.335384)
(-0.394895, 0.862954, -2.335351)
(-0.3950039, 0.8631029, -2.334858)
(-0.3951389, 0.8629906, -2.334537)
(-0.3951399, 0.8629769, -2.33453)
(-0.3951554, 0.8630061, -2.33442)
(-0.3951395, 0.8629906, -2.334439)
(-0.3951361, 0.8629489, -2.334382)
(-0.3951627, 0.8627683, -2.334939)
(-0.39509, 0.8627931, -2.335127)
(-0.3951095, 0.8627675, -2.335148)
(-0.3951899, 0.862896, -2.334698)
(-0.3951483, 0.8628697, -2.334799)
(-0.3951391, 0.8628516, -2.334795)
(-0.3951482, 0.8628072, -2.335008)
(-0.395056, 0.862785, -2.335209)
(-0.3950664, 0.8627683, -2.335225)
(-0.3951495, 0.862855, -2.334904)
(-0.3951296, 0.8628092, -2.334955)
(-0.3951209, 0.8627831, -2.334949)
(-0.3951062, 0.8628172, -2.3348)
(-0.3950216, 0.8628252, -2.334996)
(-0.3950542, 0.8628342, -2.335031)
(-0.3950186, 0.8628556, -2.334903)
(-0.3950088, 0.8628246, -2.334953)
