(0.11787, -0.8420568, 0.5263526)
(0.1162178, -0.8413837, 0.5277944)
(0.1144787, -0.8409537, 0.5288587)
(0.1137224, -0.839973, 0.5305777)
(0.1130954, -0.8392306, 0.5318848)
(0.1134893, -0.8376275, 0.5343223)
(0.1137675, -0.838455, 0.5329636)
(0.1150203, -0.8379712, 0.5334554)
(0.1170919, -0.8372122, 0.5341958)
(0.1183164, -0.8364946, 0.5350496)
(0.1182667, -0.8359435, 0.5359212)
(0.1197388, -0.8352748, 0.5366365)
(0.1209846, -0.8348206, 0.5370635)
(0.1228568, -0.8342022, 0.5375993)
(0.1240722, -0.834163, 0.5373809)
(0.1246848, -0.8339603, 0.5375537)
(0.1250228, -0.8332765, 0.5385347)
(0.1264457, -0.8327772, 0.5389745)
(0.1275891, -0.8315484, 0.5405999)
(0.1287487, -0.830722, 0.5415946)
(0.1299189, -0.8315965, 0.5399708)
(0.1313931, -0.830864, 0.5407411)
(0.1315353, -0.8304719, 0.5413084)
(0.1306016, -0.8302452, 0.541882)
(0.1301963, -0.8301487, 0.5421274)
(0.128131, -0.8300577, 0.5427585)
(0.1266621, -0.829817, 0.5434709)
(0.124562, -0.828516, 0.5459355)
(0.1209073, -0.8295345, 0.5452099)
(0.1184933, -0.8307983, 0.5438139)
(0.1169556, -0.8311958, 0.5435394)
(0.1158823, -0.8319871, 0.5425576)
(0.1161655, -0.8320491, 0.5424019)
(0.1131395, -0.8318014, 0.5434206)
(0.109437, -0.8315563, 0.5445527)
(0.106565, -0.8315923, 0.5450671)
(0.1026244, -0.8319424, 0.545289)
(0.09852526, -0.8321453, 0.5457354)
(0.09593493, -0.8319954, 0.5464249)
(0.09328813, -0.8315191, 0.5476068)
(0.09042911, -0.8310513, 0.5487953)
(0.08855309, -0.8305557, 0.5498505)
(0.08704947, -0.8298424, 0.551166)
(0.086003, -0.8295872, 0.5517143)
(0.08416715, -0.8295307, 0.5520822)
(0.08076072, -0.8295009, 0.5526356)
(0.07637478, -0.8295103, 0.5532447)
(0.07390031, -0.8300074, 0.5528347)
(0.07288337, -0.8305727, 0.5521206)
(0.06994539, -0.8303801, 0.5527898)
(0.06660794, -0.8299865, 0.5537922)
(0.0656974, -0.8292751, 0.5549656)
(0.06454788, -0.8287064, 0.555949)
(0.06231146, -0.8286241, 0.5563267)
(0.05953689, -0.8287616, 0.5564258)
(0.05603734, -0.8286084, 0.557017)
(0.05385596, -0.8285835, 0.5572691)
(0.05084939, -0.8281263, 0.5582305)
(0.04859332, -0.827265, 0.5597064)
(0.04667142, -0.8265111, 0.5609823)
(0.04505687, -0.8262671, 0.5614735)
(0.04242954, -0.8262168, 0.5617522)
(0.03903785, -0.8263455, 0.5618088)
(0.03601655, -0.8266212, 0.5616051)
(0.03331039, -0.826655, 0.5617222)
(0.03422972, -0.825938, 0.5627209)
(0.03272555, -0.8246863, 0.5646428)
(0.03033783, -0.8232978, 0.5667983)
(0.03032589, -0.8228028, 0.5675172)
(0.02944864, -0.8238201, 0.566086)
(0.02707403, -0.8243454, 0.5654395)
(0.02488405, -0.8248495, 0.5648046)
(0.02189104, -0.8249993, 0.5647097)
(0.01836178, -0.8241268, 0.5661077)
(0.01685183, -0.8233399, 0.5672983)
(0.01583331, -0.8235911, 0.566963)
(0.01439408, -0.8244781, 0.5657107)
(0.01310267, -0.8250913, 0.5648475)
(0.01075292, -0.8256614, 0.5640634)
(0.008363112, -0.825703, 0.5640431)
(0.006579673, -0.8252106, 0.5647868)
(0.004594213, -0.8248291, 0.5653634)
(0.003088669, -0.8248532, 0.5653386)
(0.002138514, -0.8258529, 0.5638817)
(0.0002870299, -0.8275346, 0.5614147)
(-0.001637774, -0.8289768, 0.5592806)
(-0.003384449, -0.8298973, 0.557906)
(-0.005621817, -0.8302332, 0.5573879)
(-0.008111984, -0.8294826, 0.5584737)
(-0.01031064, -0.8295703, 0.5583071)
(-0.01163706, -0.8301775, 0.5573777)
(-0.01322224, -0.8310601, 0.5560255)
(-0.01545744, -0.8327787, 0.5533903)
(-0.01751786, -0.8344673, 0.5507789)
(-0.02009537, -0.8350391, 0.5498236)
(-0.02252821, -0.8357261, 0.5486843)
(-0.02602326, -0.8359481, 0.5481912)
(-0.02834205, -0.8365042, 0.5472271)
(-0.02934716, -0.8375363, 0.545593)
(-0.030482, -0.8381541, 0.5445812)
(-0.03146844, -0.8387809, 0.543559)
(-0.03243644, -0.8404854, 0.5408624)
(-0.03381967, -0.8420194, 0.538386)
(-0.03555998, -0.8428124, 0.5370315)
(-0.03679311, -0.8434436, 0.5359563)
(-0.03645109, -0.8440008, 0.5351019)
(-0.03636599, -0.8448281, 0.5338006)
(-0.0358312, -0.8454827, 0.5327993)
(-0.03516167, -0.8464103, 0.5313692)
(-0.03405477, -0.847407, 0.5298505)
(-0.03350936, -0.8478849, 0.5291204)
(-0.03375213, -0.8480589, 0.5288259)
(-0.03384865, -0.8481342, 0.528699)
(-0.03334168, -0.8489059, 0.5274915)
(-0.03072311, -0.8504377, 0.525178)
(-0.02884352, -0.8514861, 0.5235834)
(-0.02679028, -0.853069, 0.52111)
(-0.02457207, -0.8547825, 0.5184043)
(-0.02215669, -0.8566756, 0.5153794)
(-0.021124, -0.8584917, 0.5123922)
(-0.02004813, -0.8598341, 0.5101796)
(-0.01548483, -0.8596876, 0.5105855)
(-0.007566109, -0.860903, 0.5087129)
(-0.002836067, -0.8625044, 0.5060416)
(-0.0001355894, -0.8643711, 0.5028545)
(0.0001846403, -0.8669403, 0.498412)
(0.002608996, -0.8689809, 0.4948387)
(0.005961135, -0.8703701, 0.4923621)
(0.009417392, -0.8704215, 0.4922173)
(0.0170793, -0.8713037, 0.4904468)
(0.0252615, -0.8714238, 0.4898799)
(0.02813605, -0.8721588, 0.4884133)
(0.02934825, -0.8742774, 0.4845385)
(0.03277706, -0.8756911, 0.4817581)
(0.03764418, -0.8766546, 0.4796456)
(0.04163323, -0.8776204, 0.4775451)
(0.04449104, -0.8767923, 0.4788067)
(0.05038413, -0.8748819, 0.4817085)
(0.05949632, -0.8727694, 0.4844933)
(0.06657409, -0.8708804, 0.4869654)
(0.07103968, -0.8701175, 0.4876976)
(0.07229834, -0.8711617, 0.4856441)
(0.07459614, -0.8706126, 0.4862811)
(0.07460736, -0.8698211, 0.4876936)
(0.07461531, -0.8685668, 0.4899228)
(0.07672037, -0.8669877, 0.4923885)
(0.08172841, -0.8653575, 0.494446)
(0.08759549, -0.8655711, 0.4930658)
(0.09030584, -0.867508, 0.4891573)
(0.08948731, -0.869063, 0.4865404)
(0.08782724, -0.8708576, 0.4836253)
(0.08799069, -0.8727321, 0.4802045)
(0.09057572, -0.8744528, 0.4765799)
(0.09469188, -0.8755718, 0.4737167)
(0.1011519, -0.8765209, 0.4706159)
(0.1051601, -0.877636, 0.4676499)
(0.1095989, -0.8788264, 0.4643837)
(0.113586, -0.8796098, 0.4619359)
(0.1172217, -0.8801043, 0.4600821)
(0.1184654, -0.8790125, 0.4618473)
(0.1199085, -0.8790444, 0.4614141)
(0.1214084, -0.8790184, 0.4610713)
(0.1239928, -0.8788099, 0.4607807)
(0.1266421, -0.8794616, 0.4588127)
(0.1291955, -0.8807347, 0.4556477)
(0.1329163, -0.8814817, 0.4531262)
(0.13775, -0.8816049, 0.4514396)
(0.1422694, -0.8813556, 0.4505239)
(0.146576, -0.8810547, 0.4497313)
(0.1503205, -0.8811009, 0.4484026)
(0.154671, -0.8813378, 0.4464533)
(0.1589583, -0.8816308, 0.4443639)
(0.1632874, -0.8815933, 0.4428662)
(0.1680348, -0.8815388, 0.4411958)
(0.1724029, -0.8812267, 0.4401328)
(0.1760071, -0.8810099, 0.4391391)
(0.1792432, -0.880877, 0.4380955)
(0.1806503, -0.8803625, 0.4385516)
(0.1833875, -0.8799494, 0.4382443)
(0.1843905, -0.8803327, 0.4370522)
(0.1843632, -0.8810098, 0.435697)
(0.186246, -0.8806726, 0.4355781)
(0.1909374, -0.8799331, 0.4350409)
(0.1972355, -0.8789403, 0.4342374)
(0.2012253, -0.8784335, 0.4334317)
(0.2032318, -0.8780464, 0.4332799)
(0.2031097, -0.8782921, 0.432839)
(0.2052709, -0.878076, 0.4322574)
(0.2088678, -0.8775177, 0.4316677)
(0.2126523, -0.8773635, 0.4301308)
(0.2173501, -0.8764546, 0.429635)
(0.2207463, -0.8755827, 0.4296813)
(0.2232713, -0.875008, 0.4295474)
(0.225067, -0.8754049, 0.4277979)
(0.2271478, -0.8751604, 0.4271982)
(0.2296094, -0.8737913, 0.4286823)
(0.2338274, -0.871804, 0.4304445)
(0.2382738, -0.870721, 0.4301984)
(0.2421386, -0.8694593, 0.4305919)
(0.2444996, -0.868485, 0.4312234)
(0.2471095, -0.8673468, 0.432026)
(0.2494779, -0.8663632, 0.4326379)
(0.2526161, -0.8654029, 0.432739)
(0.2551612, -0.8643612, 0.4333274)
(0.2578987, -0.8631867, 0.4340474)
(0.2604208, -0.862464, 0.4339781)
(0.2630536, -0.8614334, 0.4344367)
(0.2648626, -0.860608, 0.4349732)
(0.2647352, -0.8603605, 0.4355401)
(0.2656619, -0.8595058, 0.4366619)
(0.2656853, -0.8587514, 0.4381296)
(0.266072, -0.8582962, 0.4387864)
(0.2660547, -0.8578404, 0.4396873)
(0.2675251, -0.8573727, 0.4397071)
(0.269001, -0.8567151, 0.4400884)
(0.2685949, -0.8562036, 0.4413301)
(0.2674223, -0.8563614, 0.4417357)
(0.2665419, -0.8558928, 0.4431739)
(0.2663188, -0.8552846, 0.4444804)
(0.2669882, -0.8544875, 0.44561)
(0.2666468, -0.8549462, 0.4449342)
(0.2661896, -0.8552592, 0.4446064)
(0.263256, -0.8569488, 0.4430973)
(0.2609524, -0.8580119, 0.442402)
(0.2611239, -0.8578508, 0.4426129)
(0.263408, -0.8565053, 0.4438636)
(0.2653687, -0.8533093, 0.4488237)
(0.2621814, -0.8527989, 0.451658)
(0.2569912, -0.8543448, 0.4517195)
(0.2537276, -0.8561475, 0.4501486)
(0.2511083, -0.8567035, 0.4505593)
(0.2497786, -0.8559221, 0.4527781)
(0.2491948, -0.855106, 0.4546381)
(0.2496269, -0.853862, 0.4567343)
(0.2481307, -0.8535265, 0.4581743)
(0.2446061, -0.8547748, 0.4577424)
(0.2405771, -0.8569074, 0.4558864)
(0.2378659, -0.8589125, 0.4535297)
(0.2363312, -0.8606379, 0.4510544)
(0.2353229, -0.8617206, 0.4495117)
(0.2367245, -0.8611466, 0.4498757)
(0.2363127, -0.8606202, 0.4510977)
(0.2349521, -0.8592639, 0.4543822)
(0.2302082, -0.8599343, 0.4555405)
(0.2275854, -0.8622889, 0.4523968)
(0.2274486, -0.8631837, 0.4507563)
(0.2263964, -0.8634823, 0.4507139)
(0.2258671, -0.8626158, 0.4526346)
(0.2243851, -0.8622177, 0.4541279)
(0.2214752, -0.8596522, 0.4603769)
(0.2196672, -0.8577017, 0.4648593)
(0.2178561, -0.8571789, 0.4666724)
(0.2147194, -0.8581632, 0.466317)
(0.2100576, -0.8591352, 0.4666504)
(0.2064753, -0.8586044, 0.4692191)
(0.2044106, -0.85818, 0.4708963)
(0.2031718, -0.85729, 0.4730486)
(0.2030033, -0.8551158, 0.4770397)
(0.2010283, -0.8535787, 0.4806153)
(0.1976324, -0.8534895, 0.4821797)
(0.1950296, -0.853597, 0.4830483)
(0.1901014, -0.8564565, 0.4799415)
(0.1851431, -0.8602529, 0.4750654)
(0.1810695, -0.8644279, 0.4690184)
(0.1763729, -0.8702382, 0.4599761)
(0.1719823, -0.8702622, 0.4615905)
(0.1695993, -0.870156, 0.4626712)
(0.1663683, -0.8683776, 0.4671639)
(0.1584031, -0.8711969, 0.4646767)
(0.1420449, -0.8771895, 0.4586521)
(0.128259, -0.8824825, 0.4525202)
(0.1233365, -0.8843805, 0.4501769)
(0.1178663, -0.8839707, 0.4524415)
(0.1096065, -0.8836568, 0.4551231)
(0.09908883, -0.883391, 0.4580411)
(0.09194081, -0.8842759, 0.4578243)
(0.09370229, -0.8861204, 0.4538838)
(0.09373778, -0.88719, 0.4517821)
(0.09126494, -0.888033, 0.4506308)
(0.08628912, -0.8891006, 0.4495047)
(0.07835945, -0.8906639, 0.4478589)
(0.06982117, -0.8929093, 0.44479)
(0.06279615, -0.8945122, 0.4426109)
(0.05850315, -0.8958633, 0.4404618)
(0.05629961, -0.8968539, 0.4387296)
(0.05163973, -0.8978969, 0.4371664)
(0.04489277, -0.8991843, 0.4352611)
(0.03907814, -0.8997255, 0.4347033)
(0.03521952, -0.8995226, 0.4354523)
(0.03446777, -0.8977845, 0.4390844)
(0.03111792, -0.8973007, 0.4403219)
(0.02948819, -0.8970604, 0.440923)
(0.02973097, -0.8972009, 0.4406208)
(0.03046819, -0.8969172, 0.4411476)
(0.03064354, -0.8959246, 0.4431479)
(0.02987218, -0.8947785, 0.4455099)
(0.02792812, -0.8936176, 0.4479593)
(0.02637369, -0.8922741, 0.450723)
(0.02574662, -0.8911997, 0.45288)
(0.02423662, -0.8902799, 0.4547683)
(0.02137391, -0.8901607, 0.4551452)
(0.01976772, -0.8901516, 0.4552355)
(0.01852706, -0.8897992, 0.455976)
(0.01818717, -0.8899055, 0.4557824)
(0.01685975, -0.8890801, 0.457441)
(0.0162542, -0.88828, 0.4590147)
(0.01687615, -0.8867862, 0.4618718)
(0.01708823, -0.8857789, 0.4637928)
(0.0169527, -0.8854721, 0.4643832)
(0.01691981, -0.8856716, 0.464004)
(0.01695344, -0.8855922, 0.4641541)
(0.01674922, -0.8848162, 0.4656391)
(0.01598507, -0.8834987, 0.4681607)
(0.01531526, -0.8818327, 0.4713137)
(0.01598385, -0.8797905, 0.4750928)
(0.01706889, -0.8783736, 0.4776699)
(0.01880474, -0.8771105, 0.4799204)
(0.01977871, -0.875945, 0.4820055)
(0.02095223, -0.8744719, 0.4846235)
(0.02283854, -0.8723863, 0.4882832)
(0.02481003, -0.8707818, 0.4910435)
(0.0270404, -0.8694792, 0.4932291)
(0.02895894, -0.8679685, 0.4957743)
(0.03007969, -0.8662086, 0.4987764)
(0.0304338, -0.8633539, 0.5036802)
(0.03131229, -0.8608723, 0.5078568)
(0.03365479, -0.8591444, 0.5106252)
(0.03565353, -0.8576163, 0.5130529)
(0.0370035, -0.8554639, 0.5165388)
(0.03917002, -0.8535825, 0.5194831)
(0.04073978, -0.851562, 0.5226686)
(0.04064663, -0.8497182, 0.5256681)
(0.04056842, -0.8478187, 0.5287322)
(0.04187834, -0.8451906, 0.5328217)
(0.04537367, -0.8420249, 0.537527)
(0.04945494, -0.8388745, 0.5420737)
(0.05245583, -0.8361541, 0.5459806)
(0.05616112, -0.8343396, 0.5483826)
(0.060265, -0.831717, 0.5519193)
(0.06468042, -0.8281778, 0.5567207)
(0.06785739, -0.8244051, 0.5619178)
(0.06915974, -0.8210186, 0.5666969)
(0.07211583, -0.8186437, 0.5697559)
(0.07425383, -0.8164974, 0.5725542)
(0.07953363, -0.8134292, 0.5762008)
(0.08391231, -0.810417, 0.5798129)
(0.08466867, -0.8088492, 0.5818886)
(0.0855281, -0.807299, 0.583912)
(0.08519713, -0.8055353, 0.586391)
(0.08533099, -0.8024613, 0.5905713)
(0.08497225, -0.7996436, 0.5944324)
(0.08191951, -0.7966082, 0.5989195)
(0.0786699, -0.7939525, 0.6028686)
(0.07529363, -0.7910624, 0.6070842)
(0.0729248, -0.7882575, 0.6110091)
(0.07066225, -0.7853162, 0.615049)
(0.06875604, -0.7824401, 0.6189185)
(0.06680912, -0.7797427, 0.6225254)
(0.06567627, -0.7764444, 0.6267541)
(0.06446217, -0.7733088, 0.6307442)
(0.06328011, -0.770727, 0.6340154)
(0.06167527, -0.7687053, 0.6366226)
(0.05965099, -0.7664008, 0.639587)
(0.05818368, -0.7643161, 0.6422114)
(0.05782038, -0.7621286, 0.6448386)
(0.0573727, -0.7603148, 0.6470161)
(0.05577078, -0.7591575, 0.6485134)
(0.05417018, -0.7584313, 0.6494979)
(0.05327615, -0.7568115, 0.6514584)
(0.05429232, -0.7550282, 0.6534407)
(0.05321579, -0.7534428, 0.6553565)
(0.05050651, -0.7523549, 0.656819)
(0.04864116, -0.7516305, 0.6577885)
(0.0475375, -0.7510749, 0.6585034)
(0.04744546, -0.7503365, 0.6593513)
(0.04860502, -0.7496091, 0.6600938)
(0.04866917, -0.7489, 0.6608934)
(0.04797303, -0.7484515, 0.6614521)
(0.04686798, -0.7484277, 0.6615582)
(0.04724152, -0.7484376, 0.6615206)
(0.04796214, -0.7484772, 0.6614239)
(0.04887068, -0.7478097, 0.662112)
(0.04907902, -0.748035, 0.6618421)
(0.04907911, -0.7479707, 0.6619148)
(0.04815393, -0.7486603, 0.6612027)
(0.04734661, -0.7490344, 0.6608372)
(0.04673947, -0.7493346, 0.6605401)
(0.0468077, -0.7495662, 0.6602723)
(0.04773703, -0.7496037, 0.6601632)
(0.0482393, -0.7502853, 0.6593519)
(0.04887357, -0.7506896, 0.6588448)
(0.04935319, -0.751203, 0.6582236)
(0.04937772, -0.7517246, 0.657626)
(0.0486057, -0.7529425, 0.6562889)
(0.04802951, -0.7539045, 0.6552261)
(0.04839421, -0.7544659, 0.6545528)
(0.04962086, -0.7552064, 0.6536062)
(0.05070307, -0.7556847, 0.6529701)
(0.05177808, -0.756618, 0.6518039)
(0.0526626, -0.7577512, 0.6504152)
(0.05449405, -0.7576261, 0.65041)
(0.05477878, -0.7591422, 0.6486157)
(0.05449972, -0.7605771, 0.6469561)
