0.017028
0.0072763
0.0167235
0.0070542
0.0210157
0.0077815
0.0161956
0.0069045
0.0160649
0.0068855
0.0158931
0.0067124
0.0158881
0.007207
0.0161424
0.0071335
0.0165773
0.0123586
0.0166156
0.0069683
0.0162337
0.0071149
0.0169217
0.0075398
0.0173181
0.0070314
0.0163733
0.0066731
0.015769
0.0065978
0.0205122
0.007293
0.0158644
0.0066312
0.015679
0.0065203
0.0157511
0.0068725
0.0158435
0.0066332
0.0158014
0.0067255
0.0159808
0.0117737
0.0166107
0.0084082
0.0158092
0.0066001
0.0161243
0.0077463
0.0160017
0.0071665
0.0162407
0.006739
0.0157787
0.0067905
