0.271514
0.129544
0.1426718
0.1132262
0.1048077
0.109799
0.1428993
0.1678451
0.1353531
0.1391171
0.1642646
0.1394528
0.1082896
0.1556523
0.1321639
0.1199338
0.1203158
0.1038343
0.06375077
0.08290751
0.0524377
0.0274722
0.05658519
0.02747223
0.01961565
0.01457361
0.01264533
0.01847279
0.04463887
0.009578221
0.03619196
0.01450792
0.01628271
0.03677725
0.04180617
0.04270786
0.03414939
0.03574473
0.03250975
0.04120226
0.05231598
0.0731269
0.08396129
0.05917802
0.06379463
0.05766547
0.05496382
0.04044214
0.03056058
0.03550548
0.04298519
0.04126073
0.03791205
MSE 0.07427147
total_moving_Distance 0.4354461