0.4658183
0.4192965
0.240111
0.5672261
0.2660778
0.2083438
0.1968389
0.1874637
0.1409834
0.1335505
0.2619174
0.05276198
0.01038439
0.09872017
0.07226734
0.3427851
0.05307008
0.02650667
0.04414463
0.04206331
0.04149016
0.04633202
0.04141129
0.05169713
0.04231987
0.04445446
0.07890026
0.1012333
0.09447432
0.04889727
0.06204847
0.05377713
0.06153248
0.05203184
0.05001749
0.05755072
0.04764424
0.04444
0.03530904
0.03426607
0.04263815
0.04948375
0.01673514
0.04715647
0.02607867
0.05729421
0.02174323
0.02334668
0.05469524
0.05258646
0.1117702
0.05126072
0.03113815
0.02415909
0.01590591
0.02755771
0.02735724
0.02697098
MSE 0.09703511
total_moving_Distance 0.6272752