(-226.598, 0.3486156, -35.01957)
(-225.2438, 1.063514, -35.3794)
(-223.7499, 1.752377, -35.85384)
(-221.3932, 3.487825, -36.47082)
(-218.5544, 5.190659, -36.40712)
(-215.1773, 6.702805, -36.3942)
(-213.4726, 7.404184, -36.2326)
(-213.4726, 7.404184, -36.2326)
(-211.6625, 8.132291, -36.07385)
(-209.7818, 8.965826, -36.10286)
(-205.8204, 10.31475, -36.13492)
(-205.8204, 10.31475, -36.13492)
(-201.7403, 11.26416, -36.34553)
(-201.7403, 11.26416, -36.34553)
(-199.6539, 11.47931, -36.46746)
(-197.5575, 11.64734, -36.64913)
(-195.4524, 11.79929, -36.72939)
(-193.294, 11.7696, -36.74499)
(-191.1694, 11.76488, -36.78471)
(-188.93, 11.59835, -36.72937)
(-186.6385, 11.36961, -36.63653)
(-184.3691, 11.12339, -36.5723)
(-182.0677, 10.88612, -36.50354)
(-179.6952, 10.53522, -36.41975)
(-174.8783, 10.0069, -36.22724)
(-174.8783, 10.0069, -36.22724)
(-172.4853, 9.706807, -36.0863)
(-169.8997, 9.337139, -35.81831)
(-165.0186, 8.424139, -35.33715)
(-165.0186, 8.424139, -35.33715)
(-162.1968, 8.194947, -34.76216)
(-159.033, 8.38654, -33.90111)
(-156.6443, 7.992792, -33.48584)
(-154.3304, 7.675076, -33.08941)
(-152.0759, 7.436395, -32.73966)
(-150.0138, 7.464671, -32.45575)
(-148.0474, 7.494688, -32.2023)
(-146.2196, 7.567883, -32.0428)
(-142.89, 7.678485, -31.92633)
(-142.89, 7.678485, -31.92633)
(-141.5012, 7.932067, -31.85706)
(-140.3386, 8.182073, -31.74983)
(-139.0554, 8.191967, -31.48929)
(-138.1335, 8.25727, -31.22078)
(-137.3701, 8.00004, -30.85802)
(-136.8362, 7.721663, -30.64808)
(-136.5474, 7.381105, -30.44299)
(-136.4454, 7.050419, -30.31989)
(-136.5206, 6.614947, -30.2869)
(-136.6576, 5.81193, -30.3619)
(-136.6552, 4.955554, -30.57722)
(-136.6784, 3.971004, -30.97473)
(-135.2715, 3.450084, -31.00189)
(-135.2715, 3.450084, -31.00189)
(-134.6054, 3.359747, -30.84723)
(-134.3148, 3.042817, -30.68739)
(-134.7286, 2.342796, -30.35508)
(-134.5559, 1.864147, -30.21931)
(-134.2271, 1.548529, -29.92569)
(-133.945, 1.318574, -29.73756)
(-133.8933, 1.006532, -29.67901)
(-133.8523, 0.677681, -29.7823)
(-133.7552, 0.4729271, -29.8395)
(-133.6379, 0.2793789, -29.88263)
(-133.5547, 0.1889467, -29.90715)
(-133.5269, 0.5403757, -29.9368)
(-133.7543, 0.4538059, -29.97352)
(-133.7541, 0.3514767, -29.87882)
(-133.7541, 0.3514767, -29.87882)
(-133.6798, 0.3540993, -29.81433)
(-133.666, 0.3915548, -29.66652)
(-133.6505, 0.3620148, -29.69436)
(-133.6806, 0.404191, -29.77115)
(-133.6727, 0.4066467, -29.77081)
(-133.6674, 0.4303217, -29.77728)
(-133.6573, 0.4017353, -29.73366)
(-133.6539, 0.4148245, -29.68836)
(-133.6676, 0.4357576, -29.71563)
(-133.6622, 0.4287243, -29.73492)
(-133.6408, 0.4080296, -29.73756)
(-133.5944, 0.3643751, -29.71603)
(-133.5944, 0.3643751, -29.71603)
(-133.5732, 0.2998352, -29.71079)
(-133.5916, 0.3026962, -29.71474)
(-133.5825, 0.2818108, -29.70248)
(-133.5904, 0.2542496, -29.71005)
(-133.6247, 0.2607584, -29.68348)
(-133.6233, 0.2487421, -29.66617)
(-133.6276, 0.2171278, -29.65773)
(-133.5961, 0.1932859, -29.66809)
(-133.5849, 0.1574516, -29.66259)
(-133.5544, 0.1393318, -29.66865)
(-133.5532, 0.1315355, -29.67026)
(-133.5484, 0.1159906, -29.66968)
(-133.5433, 0.1064301, -29.66459)
(-133.5433, 0.1064301, -29.66459)
(-133.5323, 0.1042366, -29.68132)
(-133.5269, 0.09806156, -29.68565)
(-133.4983, 0.08141994, -29.70408)
(-133.5112, 0.0841856, -29.69215)
(-133.5305, 0.08587837, -29.69865)
(-133.5242, 0.0847578, -29.72912)
(-133.5071, 0.08132458, -29.73285)
(-133.5261, 0.06358624, -29.69674)
(-133.5085, 0.05533695, -29.7155)
(-133.502, 0.05545616, -29.70253)
(-133.4953, 0.05116463, -29.7217)
(-133.4774, 0.03678799, -29.72047)
(-133.4717, 0.02183914, -29.7085)
(-133.4717, 0.02183914, -29.7085)
(-133.4599, 0.002264977, -29.71688)
(-133.465, -0.004649162, -29.68849)
(-133.4273, -0.0412941, -29.70805)
