(-11.31853, -1.06554, 97.44691)
(-11.38328, -1.091146, 97.38839)
(-11.38807, -1.04022, 97.41293)
(-11.43921, -1.022887, 97.40065)
(-11.45111, -1.069593, 97.33741)
(-11.39621, -1.062679, 97.38811)
(-11.42623, -1.092887, 97.33781)
(-11.45514, -1.045346, 97.33755)
(-11.50162, -1.049376, 97.3213)
(-11.5472, -1.10538, 97.24486)
(-11.51537, -1.058459, 97.24693)
(-11.52559, -1.091599, 97.20614)
(-11.56876, -1.13728, 97.1457)
(-11.56723, -1.106572, 97.14711)
(-11.58349, -1.119733, 97.14212)
(-11.60477, -1.157379, 97.117)
(-11.57222, -1.149893, 97.13662)
(-11.64301, -1.256371, 97.04861)
(-11.61986, -1.255178, 97.06319)
(-12.03739, -2.269721, 96.40545)
(-12.01117, -2.28622, 96.39666)
(-12.01361, -2.282667, 96.45761)
(-12.0027, -2.284813, 96.47752)
(-12.00177, -2.361155, 96.52357)
(-12.01478, -2.403092, 96.59464)
(-11.98252, -2.43094, 96.61751)
(-11.93192, -2.474642, 96.64128)
(-11.92563, -2.468538, 96.62948)
(-11.90274, -2.453136, 96.63207)
(-11.92614, -2.430701, 96.61333)
(-11.95143, -2.428651, 96.62113)
(-11.95967, -2.427411, 96.63567)
(-11.97112, -2.438068, 96.64597)
(-11.98006, -2.449059, 96.64877)
(-11.99496, -2.454805, 96.64748)
(-11.97765, -2.46768, 96.65782)
(-11.97219, -2.47407, 96.66513)
(-11.94019, -2.470446, 96.68047)
(-11.94822, -2.483535, 96.71444)
(-11.92904, -2.47817, 96.70792)
(-11.92774, -2.485132, 96.71044)
(-11.94493, -2.491188, 96.70968)
(-11.94844, -2.483249, 96.69736)
(-11.94896, -2.489305, 96.67635)
(-11.94051, -2.502131, 96.66419)
(-11.92817, -2.49958, 96.66066)
(-11.92789, -2.497816, 96.66528)
(-11.96737, -2.498364, 96.68761)
(-12.00029, -2.472544, 96.66917)
