0.0113508
0.0110249
0.0108201
0.0109278
0.0112161
0.0109513
0.0118298
0.0109574
0.0108734
0.0115331
0.0107456
0.0112885
0.0166936
0.0070016
0.0097286
0.0114334
0.0109835
0.0111115
0.011009
0.0109401
0.0108356
0.0108521
0.011012
0.011789
0.0118401
0.0109077
0.0170208
0.0074846
0.0079857
0.0111287
0.0110486
0.0109203
0.0120001
0.0107101
0.0114413
0.0107209
0.0109961
0.0110493
0.0108497
0.0114016
0.0231682
0.0106261
0.0106987
0.0111494
0.0110198
0.010928
0.0111476
0.0105869
0.0121677
0.0106866
0.0112786
0.0109808
0.0113418
0.0172929
0.0102137
0.0130766
0.0074257
0.0076241
0.0111537
0.010898
0.011051
0.0111374
0.0114635
0.0103729
0.0112456
0.0108238
