(0.04079509, -0.1203797, -0.6630188)
(0.04072523, -0.1203558, -0.6629466)
(0.040663, -0.1203468, -0.6628757)
(0.04067326, -0.1201546, -0.6629667)
(0.04061127, -0.1201551, -0.6628628)
(0.04066944, -0.1203165, -0.6629708)
(0.04055977, -0.1201873, -0.6629477)
(0.04030108, -0.1202312, -0.662945)
(0.04012632, -0.1204038, -0.6630329)
(0.03969526, -0.1202304, -0.6630611)
(0.03944016, -0.1203673, -0.6631467)
(0.03929257, -0.1204669, -0.6632439)
(0.03895497, -0.1204956, -0.6627342)
(0.03885651, -0.1206307, -0.6627181)
(0.03883886, -0.1212823, -0.6632066)
(0.03856134, -0.1216495, -0.6633935)
(0.03832459, -0.1218572, -0.6634238)
(0.03817368, -0.1218853, -0.6634421)
(0.03824759, -0.122287, -0.6641924)
(0.03812766, -0.1224279, -0.6642233)
(0.03787327, -0.1225278, -0.6642282)
(0.03734922, -0.1224909, -0.6638017)
(0.03717375, -0.1225257, -0.6637322)
(0.03710985, -0.1222868, -0.6632887)
(0.03741097, -0.1225009, -0.6637259)
(0.03740048, -0.1223786, -0.6636267)
(0.03762841, -0.1222413, -0.6634868)
(0.03797054, -0.1224968, -0.6637583)
(0.03801632, -0.1223757, -0.6636539)
(0.03807545, -0.1221807, -0.6635509)
(0.03870058, -0.1224318, -0.6644638)
(0.0387609, -0.1222708, -0.664319)
(0.03876352, -0.122144, -0.6642883)
(0.03918028, -0.1223056, -0.6648248)
(0.03928757, -0.1222248, -0.664753)
(0.03935218, -0.1221414, -0.6646295)
(0.03953385, -0.1221466, -0.6648459)
(0.03938437, -0.1220958, -0.6647475)
(0.03930163, -0.1220112, -0.6646706)
(0.03906298, -0.1217804, -0.6642851)
(0.03913665, -0.1216774, -0.6641521)
(0.03919029, -0.1215625, -0.6640003)
(0.03926229, -0.1214919, -0.6638958)
(0.03929043, -0.1214418, -0.6637766)
(0.03919053, -0.1213255, -0.6635867)
(0.03982472, -0.1215725, -0.664058)
(0.0398798, -0.1214368, -0.6638787)
(0.04011655, -0.121608, -0.664205)
(0.04061437, -0.1217282, -0.6646583)
(0.04066467, -0.1215277, -0.6643898)
(0.0408051, -0.1216354, -0.6646303)
(0.04091215, -0.1216316, -0.6646166)
(0.04084253, -0.121491, -0.6644268)
(0.04082227, -0.1214693, -0.6642733)
(0.04134274, -0.1217129, -0.6644871)
(0.04144573, -0.1215236, -0.6642184)
(0.04151082, -0.1213384, -0.6639756)
(0.04180336, -0.1213224, -0.6639311)
(0.04188585, -0.1211963, -0.6637734)
(0.04198956, -0.1215281, -0.6642311)
(0.04204607, -0.1212559, -0.6639099)
(0.04208899, -0.1211588, -0.6636344)
(0.04195261, -0.1210558, -0.6633596)
(0.0423255, -0.1211765, -0.6633784)
(0.04221869, -0.1211348, -0.6631911)
(0.04220867, -0.1210675, -0.6630056)
(0.04224539, -0.1212225, -0.6631787)
(0.04225516, -0.1212182, -0.6630536)
(0.04229116, -0.1214435, -0.6631746)
(0.04186821, -0.121382, -0.6624478)
(0.04183817, -0.1213479, -0.6623249)
(0.04180145, -0.1212175, -0.6622418)
(0.04232407, -0.1215377, -0.6627984)
(0.04227948, -0.1214867, -0.6627039)
(0.04218793, -0.1214299, -0.6626087)
(0.0421257, -0.1214349, -0.6626403)
(0.04205894, -0.1214521, -0.6625302)
(0.04198313, -0.1215796, -0.6626816)
(0.04201698, -0.121556, -0.6624978)
(0.04197741, -0.1215546, -0.6623459)
(0.04186869, -0.1215141, -0.6621274)
(0.04219675, -0.1217852, -0.6625084)
(0.04199362, -0.1216345, -0.6622722)
(0.04202342, -0.121454, -0.6620135)
(0.04239368, -0.1218069, -0.6624099)
(0.04257536, -0.1217391, -0.6621498)
(0.04271007, -0.1217408, -0.6620638)
(0.04260206, -0.1216664, -0.6616251)
(0.04241705, -0.1215384, -0.661339)
(0.04207778, -0.1214097, -0.6610935)
(0.04218602, -0.1211021, -0.6605612)
(0.04234266, -0.1209571, -0.6602783)
(0.04268026, -0.1208391, -0.6600118)
(0.04312277, -0.1207132, -0.6598223)
(0.04336309, -0.1206281, -0.6595939)
(0.04324055, -0.1206024, -0.6595485)
(0.04304314, -0.1206467, -0.6600478)
(0.04286361, -0.1206229, -0.6599588)
(0.04277849, -0.1204882, -0.6596096)
(0.04277301, -0.120301, -0.6587431)
(0.04289293, -0.1200972, -0.6583352)
(0.04309368, -0.1199608, -0.6580939)
(0.04341817, -0.1200397, -0.6581211)
(0.0434618, -0.1200304, -0.6580303)
(0.04324317, -0.1199849, -0.6579914)
(0.04372334, -0.1200883, -0.6585472)
(0.04368329, -0.1199644, -0.658381)
(0.043679, -0.1198685, -0.6583438)
(0.04401588, -0.1199408, -0.6580368)
(0.044312, -0.1198876, -0.6579454)
(0.04462528, -0.1197979, -0.6577671)
(0.04474854, -0.119698, -0.6574699)
(0.04507208, -0.1195185, -0.6570668)
(0.04514408, -0.1191628, -0.6564679)
(0.04577994, -0.1195374, -0.6569204)
(0.04584932, -0.1191788, -0.6564907)
(0.04625392, -0.1185696, -0.6558938)
(0.0461638, -0.1175761, -0.6543534)
(0.0464642, -0.1166835, -0.6535577)
(0.04649258, -0.1156871, -0.6526917)
(0.04660368, -0.1148176, -0.6522751)
(0.0464747, -0.1136889, -0.6513345)
(0.04649925, -0.1120684, -0.6498909)
(0.04695559, -0.1102109, -0.6473982)
(0.04735518, -0.1077795, -0.6450024)
(0.04794359, -0.1048901, -0.6419683)
(0.0482626, -0.1026952, -0.6394646)
(0.04524374, -0.09454513, -0.6284872)
(0.04593039, -0.09122658, -0.6249454)
(0.04706454, -0.0872221, -0.6212006)
(0.04806781, -0.08334208, -0.6167803)
(0.04933643, -0.07899094, -0.612263)
(0.05087423, -0.07334471, -0.6067877)
(0.05271292, -0.06836629, -0.6020882)
(0.05478668, -0.06096077, -0.5956721)
(0.05656528, -0.05436325, -0.5893323)
(0.05846715, -0.046875, -0.5823539)
(0.06117773, -0.03983045, -0.5761909)
(0.0621233, -0.03036213, -0.5698081)
(0.06351495, -0.02062535, -0.5635142)
(0.06692553, -0.01123738, -0.5576562)
(0.06830978, -0.001496077, -0.5487192)
(0.07025194, 0.007977962, -0.5401704)
(0.07148361, 0.01884556, -0.5310326)
(0.07269263, 0.02896976, -0.5227633)
(0.07300854, 0.03925776, -0.5145688)
(0.07323956, 0.05003262, -0.5055234)
(0.07328987, 0.06048107, -0.4965763)
(0.07343102, 0.07080698, -0.4876497)
(0.07360244, 0.08174109, -0.4782354)
(0.0735364, 0.09342575, -0.4678191)
(0.07345057, 0.104641, -0.4579458)
(0.07367349, 0.1160369, -0.4483695)
(0.07394457, 0.1276495, -0.4392092)
(0.07415748, 0.1390817, -0.429304)
(0.07416582, 0.150821, -0.4192412)
(0.07368898, 0.1616477, -0.4090329)
(0.07305074, 0.1725667, -0.3988287)
(0.07273126, 0.1829931, -0.3885388)
(0.07238817, 0.1944737, -0.3776655)
(0.07203221, 0.2044315, -0.3674357)
(0.07127786, 0.2138808, -0.3573354)
(0.07088542, 0.223316, -0.3474039)
(0.07077456, 0.2322202, -0.3374426)
(0.07041121, 0.2412834, -0.3272644)
(0.07038403, 0.2498667, -0.3177037)
(0.07011175, 0.2581661, -0.3081357)
(0.06984806, 0.2657945, -0.2983906)
(0.06978607, 0.2734691, -0.2880883)
(0.06916571, 0.2806023, -0.2781969)
(0.06904817, 0.2856416, -0.2690477)
(0.06908011, 0.2916423, -0.2600718)
(0.06895494, 0.296391, -0.2513512)
(0.06894493, 0.3007256, -0.2424318)
(0.069067, 0.3042865, -0.2337415)
(0.06936812, 0.3078026, -0.2247646)
(0.06972694, 0.3101618, -0.2162102)
(0.0699296, 0.3123991, -0.2070584)
(0.0698967, 0.3146321, -0.1984895)
(0.07030416, 0.3150975, -0.1902058)
(0.07068539, 0.3163857, -0.1820581)
(0.07090855, 0.3163042, -0.1739961)
(0.07126212, 0.3161725, -0.1657939)
(0.071841, 0.313689, -0.15768)
(0.07213831, 0.3116223, -0.1499739)
(0.07221961, 0.3078382, -0.1407993)
(0.07220268, 0.3034949, -0.1326072)
(0.07175803, 0.2990224, -0.124351)
(0.07133508, 0.2918301, -0.1156127)
(0.07101274, 0.2856653, -0.1069863)
(0.070822, 0.277262, -0.09767675)
(0.07025242, 0.2685007, -0.08916426)
(0.06994677, 0.2602848, -0.08101201)
(0.06960988, 0.2502646, -0.07309377)
(0.06947279, 0.2397408, -0.06577134)
(0.06966066, 0.2289367, -0.05916822)
(0.06971836, 0.2179849, -0.05239725)
(0.07012796, 0.2047746, -0.04651487)
(0.07053256, 0.1922261, -0.03993094)
(0.07053995, 0.1778466, -0.03331137)
(0.06943274, 0.1649108, -0.02726018)
(0.06816912, 0.1517947, -0.02109814)
(0.06753945, 0.1393664, -0.01530266)
(0.06724119, 0.127017, -0.009573102)
(0.06587195, 0.1142697, -0.004387975)
(0.0647831, 0.1016881, 0.0004293919)
(0.06373835, 0.08921027, 0.003551841)
(0.06223106, 0.07637167, 0.007935047)
(0.06096005, 0.06341314, 0.01057136)
(0.0599823, 0.05219102, 0.01234436)
(0.05803633, 0.04105592, 0.01517117)
(0.05689573, 0.03072858, 0.01698625)
(0.05555511, 0.02133584, 0.01780009)
(0.05345964, 0.01161814, 0.02004158)
(0.05232811, 0.002450705, 0.02121234)
(0.05167508, -0.005625725, 0.0214889)
(0.05066013, -0.0147903, 0.02320576)
(0.05006194, -0.02359533, 0.02359235)
(0.04945946, -0.03118443, 0.02381206)
(0.04825783, -0.03838015, 0.02405524)
(0.04741955, -0.04541636, 0.02428293)
(0.04672813, -0.0516057, 0.02422619)
(0.04603863, -0.05759954, 0.02387691)
(0.04538655, -0.06375003, 0.0238297)
(0.04476953, -0.06900191, 0.02331209)
(0.04470491, -0.07468414, 0.0219686)
(0.04443145, -0.0797224, 0.0204823)
(0.04458523, -0.0850389, 0.01827669)
(0.04803896, -0.0897243, 0.01290917)
(0.04982018, -0.09210157, 0.00780046)
(0.04878068, -0.09503388, 0.004908919)
(0.04968214, -0.09586024, 0.003474474)
(0.05024552, -0.09747887, 0.002954245)
(0.05088449, -0.09728312, 0.005949736)
(0.05048585, -0.09691644, 0.006547451)
(0.04713416, -0.09390736, 0.009011984)
(0.04512429, -0.09300542, 0.01051986)
(0.04433751, -0.09334826, 0.009609342)
(0.04414201, -0.0942452, 0.009286046)
(0.04410124, -0.09504056, 0.008852005)
(0.04552555, -0.09647489, 0.005854249)
(0.04585958, -0.09677768, 0.005002856)
(0.04671931, -0.09686995, 0.004439116)
(0.04763675, -0.09771705, 0.0026052)
(0.04719234, -0.09808183, 0.002886176)
(0.04650354, -0.09847188, 0.0034374)
(0.04634285, -0.09942532, 0.002109289)
(0.0456183, -0.09962678, 0.001860023)
(0.04550767, -0.09981537, 0.001094341)
(0.04600048, -0.1005516, -0.001425266)
(0.04593515, -0.1005144, -0.002241254)
(0.04628539, -0.1007063, -0.00327003)
(0.04653215, -0.1018181, -0.004332185)
(0.04638147, -0.1024091, -0.004122734)
(0.04635143, -0.1028011, -0.002999783)
(0.04728746, -0.1035883, -0.002978325)
(0.04749465, -0.1032486, -0.001830339)
(0.04780293, -0.1026876, -0.001134396)
(0.0484395, -0.1035867, -0.002349377)
(0.04830551, -0.1035478, -0.002414823)
(0.04821658, -0.1036906, -0.002743959)
(0.04891968, -0.1045802, -0.003593802)
(0.04909229, -0.1045666, -0.003356934)
(0.04923463, -0.1044297, -0.003026128)
(0.05005455, -0.1054435, -0.003631115)
(0.05018377, -0.1053922, -0.003489256)
(0.05028534, -0.105449, -0.0035429)
(0.05111241, -0.1067526, -0.00439465)
(0.0512116, -0.1068447, -0.004440904)
(0.0513041, -0.1068904, -0.004641652)
(0.05199218, -0.1078732, -0.005612135)
(0.05206752, -0.107945, -0.005866289)
(0.0520308, -0.1080458, -0.006050467)
(0.05297947, -0.109508, -0.007582307)
(0.05300617, -0.1096704, -0.007648349)
(0.05358958, -0.1104834, -0.008397341)
(0.05379462, -0.1108036, -0.00869)
(0.05389333, -0.1108449, -0.008831024)
(0.05408072, -0.110883, -0.008996606)
(0.05510283, -0.1121793, -0.01056111)
(0.05531526, -0.112314, -0.01069415)
(0.05542183, -0.1124439, -0.01075196)
(0.05613732, -0.1133995, -0.01190042)
(0.05619407, -0.1135564, -0.01201975)
(0.05622554, -0.1136863, -0.01217949)
(0.05647039, -0.114326, -0.01286364)
(0.0566113, -0.1144946, -0.01314235)
(0.05679655, -0.1146541, -0.01349998)
(0.05722213, -0.1153846, -0.01455462)
(0.0573132, -0.1156178, -0.01480103)
(0.05745173, -0.1158226, -0.01498592)
(0.0582242, -0.1164126, -0.01547956)
(0.05827594, -0.1165824, -0.01540732)
(0.05868793, -0.1172087, -0.01615691)
(0.05872536, -0.1174746, -0.01640415)
(0.05882621, -0.1176896, -0.01666045)
(0.05909061, -0.117846, -0.01691377)
(0.05906153, -0.1181693, -0.01706266)
(0.05931568, -0.1183789, -0.01713836)
(0.05938125, -0.118644, -0.01723969)
(0.05938315, -0.1189375, -0.01753819)
(0.05920172, -0.1191127, -0.01747644)
(0.05933809, -0.1192827, -0.01772153)
(0.05943966, -0.119312, -0.01756597)
(0.05970049, -0.119509, -0.01769829)
(0.05998158, -0.119715, -0.01780796)
(0.05975032, -0.1196573, -0.01758921)
(0.05992794, -0.1198916, -0.01776588)
(0.06012321, -0.1200826, -0.01790285)
(0.060215, -0.1202469, -0.01810408)
(0.06013632, -0.1202517, -0.01768863)
(0.06026602, -0.1205289, -0.01779127)
(0.06010914, -0.1207223, -0.01756799)
(0.06011796, -0.1210194, -0.01778519)
(0.06013608, -0.1212752, -0.01805556)
(0.06034017, -0.1213901, -0.01856542)
(0.06070375, -0.1214821, -0.01868188)
(0.06101704, -0.121649, -0.01875019)
(0.06158042, -0.1220453, -0.01900101)
(0.06121254, -0.1220229, -0.0185132)
(0.0613358, -0.1222954, -0.01870656)
(0.06151485, -0.122613, -0.0190804)
(0.06166792, -0.1228554, -0.0192132)
(0.06184101, -0.1229894, -0.01942956)
(0.06202817, -0.1232431, -0.01992869)
(0.06213951, -0.1233897, -0.02019608)
(0.06234717, -0.1235976, -0.02044415)
(0.06254268, -0.123847, -0.02079105)
(0.06243348, -0.1237681, -0.02040112)
(0.06260157, -0.1240025, -0.02054858)
(0.06218743, -0.1238806, -0.0201447)
(0.06227541, -0.1241317, -0.02030444)
(0.06233096, -0.1243169, -0.0205456)
(0.06227255, -0.1241622, -0.02025652)
(0.06247544, -0.1243043, -0.02053666)
(0.06272888, -0.1244566, -0.02074063)
(0.06313801, -0.1248519, -0.02125728)
(0.06335545, -0.1247337, -0.02144909)
(0.06357884, -0.1248724, -0.02161121)
(0.06352305, -0.1246269, -0.02110088)
(0.06371236, -0.1247189, -0.02125132)
(0.0641067, -0.1247029, -0.02137256)
(0.06428313, -0.1244817, -0.02104819)
(0.06467748, -0.1244211, -0.02111459)
(0.06502295, -0.1243553, -0.02119887)
(0.06564832, -0.1246603, -0.02206206)
(0.06588578, -0.1245584, -0.02219498)
(0.06615281, -0.1246619, -0.02260935)
(0.06608295, -0.124284, -0.0222888)
(0.0663445, -0.1242657, -0.02237809)
(0.06667948, -0.1243227, -0.02250338)
(0.06687427, -0.1240628, -0.022223)
(0.06679678, -0.1236432, -0.02176273)
(0.06713033, -0.1237807, -0.0221076)
(0.06690049, -0.1233644, -0.02180982)
(0.06723189, -0.1235974, -0.02224028)
(0.06755733, -0.1238582, -0.02263069)
(0.06789827, -0.123884, -0.02285707)
(0.06819963, -0.1240366, -0.02318001)
(0.06839895, -0.1242228, -0.0235486)
(0.06838894, -0.1240993, -0.02325952)
(0.06853962, -0.1243799, -0.02360344)
(0.0687139, -0.1246274, -0.02392316)
(0.06874728, -0.1245556, -0.02376866)
(0.0685215, -0.1242301, -0.02329731)
(0.06876159, -0.1243763, -0.02354252)
(0.06854534, -0.1240573, -0.0234189)
(0.06877899, -0.1242237, -0.02369547)
(0.06907177, -0.1244061, -0.02396917)
(0.0686233, -0.1238892, -0.02347291)
(0.06890583, -0.1240306, -0.02375305)
(0.06915808, -0.1241822, -0.02399945)
(0.06862593, -0.1234975, -0.02317035)
(0.06881356, -0.1236794, -0.02343392)
(0.06897926, -0.1239123, -0.02373815)
(0.06861353, -0.1235788, -0.02363253)
(0.06874681, -0.1238024, -0.02395606)
(0.06889296, -0.124048, -0.0243119)
(0.06945634, -0.1243994, -0.02468467)
(0.06885004, -0.1241233, -0.02378488)
(0.06901932, -0.1243773, -0.02413118)
(0.06856036, -0.1237621, -0.02356744)
(0.06875658, -0.1239705, -0.02385283)
(0.06870937, -0.1237733, -0.02365994)
(0.06850219, -0.123394, -0.02332795)
(0.06866789, -0.1235764, -0.0236057)
(0.06884909, -0.1237726, -0.02387583)
(0.06851745, -0.1233449, -0.02317786)
####
(0.2806343, 5.013436, 5.616575)
(0.2807314, 5.014127, 5.617219)
(0.281048, 5.014259, 5.618248)
(0.2810407, 5.014296, 5.61867)
(0.2817383, 5.015977, 5.619751)
(0.282888, 5.016817, 5.620285)
(0.2822497, 5.018019, 5.620281)
(0.2826982, 5.020279, 5.621964)
(0.2849637, 5.017386, 5.623768)
(0.285621, 5.016641, 5.624518)
(0.288015, 5.015675, 5.626758)
(0.2887997, 5.014118, 5.627499)
(0.2894412, 5.015256, 5.628908)
(0.2899184, 5.016221, 5.630469)
(0.2888364, 5.019595, 5.633794)
(0.2920908, 5.020267, 5.636058)
(0.29533, 5.020372, 5.637084)
(0.295994, 5.021502, 5.639309)
(0.2956926, 5.022664, 5.642066)
(0.294783, 5.022531, 5.644313)
(0.2958674, 5.022818, 5.645221)
(0.2985628, 5.023724, 5.646477)
(0.299506, 5.02509, 5.647836)
(0.2995824, 5.026714, 5.648065)
(0.2993197, 5.027159, 5.647175)
(0.2981875, 5.028198, 5.646983)
(0.2962045, 5.02676, 5.645982)
(0.2945728, 5.025905, 5.645304)
(0.2924103, 5.023848, 5.644552)
(0.2914653, 5.021235, 5.644276)
(0.2912251, 5.021402, 5.644448)
(0.2890863, 5.018822, 5.643045)
(0.2893857, 5.016722, 5.641175)
(0.2881939, 5.01564, 5.640603)
(0.2871162, 5.014309, 5.640248)
(0.2853191, 5.013578, 5.638945)
(0.2843054, 5.013989, 5.63839)
(0.2854041, 5.014552, 5.638338)
(0.2859914, 5.013986, 5.638176)
(0.2857906, 5.013836, 5.638187)
(0.2853284, 5.0132, 5.637474)
(0.2829448, 5.01209, 5.635672)
(0.2823353, 5.012784, 5.634788)
(0.2823819, 5.013408, 5.634954)
(0.2820693, 5.014132, 5.63411)
(0.2815222, 5.013959, 5.633487)
(0.2791346, 5.01438, 5.632734)
(0.2774829, 5.013427, 5.631002)
(0.2765658, 5.013121, 5.629911)
(0.2763201, 5.013555, 5.626903)
(0.2764159, 5.014304, 5.625029)
(0.2754732, 5.015266, 5.623459)
(0.2754209, 5.015956, 5.622547)
(0.2760646, 5.017731, 5.62269)
(0.2757289, 5.017568, 5.620032)
(0.2750313, 5.018165, 5.617577)
(0.2742535, 5.020219, 5.616941)
(0.2715935, 5.020525, 5.612471)
(0.2727635, 5.018904, 5.611859)
(0.2716621, 5.021529, 5.611302)
(0.2724155, 5.021178, 5.608926)
(0.2724147, 5.021405, 5.605459)
(0.2717514, 5.022936, 5.601919)
(0.2719004, 5.024071, 5.600437)
(0.2732135, 5.023993, 5.598961)
(0.2740362, 5.024738, 5.59706)
(0.2728247, 5.024353, 5.595217)
(0.2736239, 5.023625, 5.592341)
(0.2744933, 5.022571, 5.590691)
(0.2763971, 5.022787, 5.590089)
(0.2773751, 5.022774, 5.588804)
(0.2760293, 5.023041, 5.587574)
(0.2757609, 5.023103, 5.586622)
(0.275524, 5.023064, 5.585952)
(0.2765083, 5.022923, 5.585201)
(0.2770346, 5.022065, 5.584482)
(0.27768, 5.021687, 5.584121)
(0.2783986, 5.021642, 5.58288)
(0.2779239, 5.020866, 5.580635)
(0.2783315, 5.020447, 5.579333)
(0.2792374, 5.021137, 5.576558)
(0.279588, 5.021678, 5.574738)
(0.2816279, 5.023722, 5.571181)
(0.281942, 5.021708, 5.566782)
(0.280753, 5.020641, 5.561847)
(0.2803831, 5.019845, 5.557233)
(0.2798191, 5.019006, 5.552588)
(0.2788802, 5.020337, 5.548326)
(0.2798286, 5.021108, 5.544725)
(0.2811064, 5.021503, 5.543303)
(0.2818382, 5.021963, 5.540611)
(0.2816082, 5.01995, 5.536717)
(0.2793996, 5.018867, 5.531171)
(0.2774207, 5.017549, 5.52705)
(0.2757193, 5.016869, 5.52232)
(0.2747177, 5.015579, 5.517972)
(0.2767558, 5.013828, 5.51514)
(0.2790472, 5.013967, 5.512813)
(0.2807146, 5.015318, 5.509602)
(0.2798543, 5.016062, 5.504754)
(0.2787097, 5.016726, 5.498337)
(0.2773124, 5.016812, 5.492692)
(0.275587, 5.015188, 5.486772)
(0.2752472, 5.012178, 5.481487)
(0.2766466, 5.011217, 5.47878)
(0.2779053, 5.013045, 5.476685)
(0.2778846, 5.013858, 5.471913)
(0.2766409, 5.013555, 5.466608)
(0.2757156, 5.011222, 5.462152)
(0.2727438, 5.006468, 5.45688)
(0.2684328, 4.999838, 5.448455)
(0.2660725, 4.993671, 5.43967)
(0.2652639, 4.990435, 5.429651)
(0.262986, 4.991254, 5.417338)
(0.2621722, 4.992596, 5.404907)
(0.261284, 4.994099, 5.395307)
(0.2611405, 4.993337, 5.39025)
(0.2587872, 4.987141, 5.38174)
(0.2533799, 4.980492, 5.370131)
(0.2522832, 4.9728, 5.358984)
(0.2549568, 4.963726, 5.350456)
(0.2553638, 4.954886, 5.34193)
(0.2550364, 4.947653, 5.333775)
(0.2563357, 4.94225, 5.32157)
(0.2541208, 4.938897, 5.305247)
(0.2532136, 4.937888, 5.284599)
(0.2569063, 4.935898, 5.267935)
(0.2644111, 4.930557, 5.249701)
(0.2737541, 4.923883, 5.22811)
(0.2846577, 4.917701, 5.206249)
(0.2949958, 4.910928, 5.185907)
(0.3069121, 4.898651, 5.160621)
(0.3219881, 4.875286, 5.128531)
(0.3313518, 4.852094, 5.102685)
(0.3314322, 4.820323, 5.077766)
(0.3328096, 4.800923, 5.050863)
(0.3336733, 4.782094, 5.015589)
(0.3410087, 4.758306, 4.981758)
(0.3438156, 4.73114, 4.939704)
(0.3259075, 4.690978, 4.912859)
(0.304008, 4.651956, 4.915061)
(0.2993468, 4.632825, 4.894486)
(0.2969308, 4.610176, 4.858962)
(0.3090398, 4.60098, 4.818889)
(0.309714, 4.591247, 4.797563)
(0.3173458, 4.586495, 4.777332)
(0.3283936, 4.575614, 4.747425)
(0.3425186, 4.567523, 4.718821)
(0.3568719, 4.559448, 4.692822)
(0.3740389, 4.551943, 4.666547)
(0.3871391, 4.543915, 4.637068)
(0.3954936, 4.536585, 4.610991)
(0.4035748, 4.530819, 4.591133)
(0.4124273, 4.524302, 4.573409)
(0.4216167, 4.516011, 4.559772)
(0.4290761, 4.506124, 4.543093)
(0.4311498, 4.501772, 4.530574)
(0.4393437, 4.496629, 4.515111)
(0.4531582, 4.493321, 4.501254)
(0.4688257, 4.494189, 4.490506)
(0.4806182, 4.495292, 4.480625)
(0.4934115, 4.498404, 4.475083)
(0.5023991, 4.49602, 4.469027)
(0.5116239, 4.495746, 4.465413)
(0.5247636, 4.496425, 4.464583)
(0.5319323, 4.50116, 4.47015)
(0.5380174, 4.505148, 4.473897)
(0.5442561, 4.506949, 4.47572)
(0.5494043, 4.508869, 4.477176)
(0.5574909, 4.512787, 4.479144)
(0.5680528, 4.52597, 4.491051)
(0.5780336, 4.537186, 4.503935)
(0.5875095, 4.54952, 4.521201)
(0.5950406, 4.560276, 4.536829)
(0.5970905, 4.569631, 4.551763)
(0.6004759, 4.57982, 4.567079)
(0.6070732, 4.594406, 4.589486)
(0.6140862, 4.612569, 4.61674)
(0.6178244, 4.627138, 4.63867)
(0.6112168, 4.63822, 4.65945)
(0.6043326, 4.649694, 4.680093)
(0.5913239, 4.657361, 4.703341)
(0.5807182, 4.663629, 4.727015)
(0.5682025, 4.661953, 4.749994)
(0.5623422, 4.666673, 4.773004)
(0.5568246, 4.674623, 4.805283)
(0.5499765, 4.688028, 4.841184)
(0.5422608, 4.699862, 4.872128)
(0.5295675, 4.714092, 4.903576)
(0.5181824, 4.726016, 4.93307)
(0.5083429, 4.740939, 4.964833)
(0.5011222, 4.759963, 4.99649)
(0.4901388, 4.774961, 5.025494)
(0.4765788, 4.782413, 5.049222)
(0.4613547, 4.782995, 5.07214)
(0.4463693, 4.778296, 5.095745)
(0.431448, 4.772226, 5.119852)
(0.4177909, 4.751743, 5.141435)
(0.4101324, 4.740008, 5.164324)
(0.4108426, 4.724081, 5.186021)
(0.4203669, 4.73082, 5.201706)
(0.4137225, 4.74703, 5.218726)
(0.4024818, 4.759204, 5.230742)
(0.3934721, 4.771992, 5.241847)
(0.379634, 4.793582, 5.252194)
(0.3685723, 4.810036, 5.26532)
(0.369716, 4.831803, 5.283301)
(0.3728345, 4.852172, 5.307949)
(0.3697888, 4.879028, 5.344748)
(0.3612589, 4.889984, 5.369471)
(0.3501149, 4.89192, 5.384013)
(0.3391266, 4.894602, 5.395981)
(0.3278278, 4.896585, 5.404052)
(0.3161345, 4.89964, 5.412514)
(0.3061587, 4.903586, 5.419002)
(0.2948058, 4.916339, 5.424762)
(0.2858385, 4.932428, 5.436108)
(0.2767594, 4.957675, 5.456525)
(0.2684789, 4.978744, 5.479618)
(0.2590467, 4.994243, 5.49858)
(0.2485652, 5.007589, 5.514876)
(0.239205, 5.021029, 5.527169)
(0.2348969, 5.04205, 5.536496)
(0.232259, 5.065401, 5.545697)
(0.2315618, 5.095949, 5.54928)
(0.2265987, 5.116416, 5.556126)
(0.2230032, 5.134068, 5.564368)
(0.2189452, 5.145548, 5.576828)
(0.2392586, 5.150877, 5.586312)
(0.2492796, 5.174135, 5.593419)
(0.1872844, 5.17621, 5.636546)
(0.2106694, 5.111461, 5.679052)
(0.2073632, 5.08259, 5.699673)
(0.2109585, 5.051987, 5.687065)
(0.2101991, 5.067871, 5.664041)
(0.2265622, 5.111824, 5.643497)
(0.2322428, 5.134655, 5.654455)
(0.2386836, 5.146717, 5.656713)
(0.2409679, 5.15176, 5.656281)
(0.2440691, 5.147278, 5.661561)
(0.2478601, 5.128808, 5.683894)
(0.2445341, 5.127295, 5.69449)
(0.2235688, 5.110648, 5.700462)
(0.2146225, 5.105451, 5.701594)
(0.2145634, 5.109354, 5.706605)
(0.2288167, 5.118461, 5.711822)
(0.2393137, 5.125573, 5.715508)
(0.2461707, 5.130577, 5.720983)
(0.2491932, 5.124114, 5.730692)
(0.240816, 5.120612, 5.738813)
(0.2390312, 5.117362, 5.748919)
(0.2347369, 5.111528, 5.75462)
(0.2333747, 5.106379, 5.758668)
(0.235788, 5.10057, 5.759178)
(0.2460674, 5.101512, 5.753314)
(0.2578315, 5.110108, 5.739781)
(0.2645339, 5.120503, 5.728167)
(0.261064, 5.136796, 5.722518)
(0.2519585, 5.145238, 5.727621)
(0.248888, 5.148365, 5.72911)
(0.2534729, 5.13821, 5.725254)
(0.2564135, 5.137379, 5.722455)
(0.2580989, 5.141884, 5.7226)
(0.2569728, 5.149554, 5.721396)
(0.2560269, 5.153782, 5.717957)
(0.2571092, 5.156315, 5.714749)
(0.2578095, 5.157739, 5.714108)
(0.2581701, 5.158895, 5.71545)
(0.2591517, 5.160267, 5.715029)
(0.2594944, 5.158722, 5.714415)
(0.2595931, 5.158731, 5.714506)
(0.2603045, 5.157251, 5.715131)
(0.2597867, 5.155998, 5.715713)
(0.2610973, 5.155812, 5.715441)
(0.2627379, 5.156242, 5.715139)
(0.2639725, 5.157119, 5.714897)
(0.2656665, 5.159151, 5.713652)
(0.2662073, 5.159747, 5.713568)
(0.263587, 5.15743, 5.712981)
(0.2638743, 5.155451, 5.711882)
(0.2647754, 5.152785, 5.709824)
(0.2659924, 5.151971, 5.708403)
(0.2673343, 5.151833, 5.70682)
(0.2680877, 5.151715, 5.706027)
(0.2697276, 5.152655, 5.705422)
(0.2710157, 5.15107, 5.70454)
(0.2707824, 5.150914, 5.705058)
(0.270718, 5.148328, 5.705266)
(0.2700819, 5.146756, 5.705029)
(0.2716932, 5.14399, 5.70468)
(0.2735514, 5.143614, 5.703631)
(0.2743, 5.144464, 5.703092)
(0.2745064, 5.146401, 5.702743)
(0.2752733, 5.146926, 5.702138)
(0.2760695, 5.146776, 5.702641)
(0.2771604, 5.145321, 5.702144)
(0.277918, 5.144322, 5.7014)
(0.2782553, 5.145088, 5.700901)
(0.277286, 5.146353, 5.699318)
(0.2776458, 5.147941, 5.697732)
(0.2793692, 5.14888, 5.69716)
(0.2819883, 5.148425, 5.696423)
(0.2830086, 5.146148, 5.694479)
(0.2820146, 5.1462, 5.693395)
(0.2812558, 5.146915, 5.69258)
(0.2805938, 5.148443, 5.690899)
(0.2810675, 5.149789, 5.689829)
(0.2813947, 5.149677, 5.688419)
(0.2816527, 5.14893, 5.686495)
(0.2820465, 5.149097, 5.684754)
(0.2817208, 5.149348, 5.682725)
(0.2811945, 5.149829, 5.681284)
(0.282454, 5.150065, 5.680543)
(0.2836144, 5.149688, 5.67976)
(0.2853607, 5.148211, 5.679535)
(0.2855604, 5.146718, 5.677921)
(0.2831176, 5.147086, 5.675858)
(0.2816317, 5.148661, 5.674366)
(0.2815948, 5.148948, 5.672359)
(0.2830549, 5.147447, 5.670102)
(0.2847765, 5.146695, 5.66838)
(0.2854991, 5.146188, 5.667556)
(0.2856146, 5.146708, 5.666127)
(0.2860568, 5.148325, 5.666533)
(0.284701, 5.147817, 5.665318)
(0.2843789, 5.145735, 5.663396)
(0.2858554, 5.143142, 5.661638)
(0.2859592, 5.141451, 5.659372)
(0.2858444, 5.138783, 5.657201)
(0.2859859, 5.138393, 5.654558)
(0.2872975, 5.139069, 5.654018)
(0.2877355, 5.139713, 5.652883)
(0.288245, 5.138855, 5.651355)
(0.288461, 5.136588, 5.650286)
(0.2874545, 5.133102, 5.647097)
(0.2878545, 5.129397, 5.645096)
(0.2868042, 5.126779, 5.641862)
(0.2867064, 5.125069, 5.639878)
(0.2865377, 5.123642, 5.637665)
(0.2860824, 5.121623, 5.634117)
(0.2855462, 5.120129, 5.631473)
(0.2851551, 5.117539, 5.628228)
(0.2836969, 5.11555, 5.624488)
(0.2818929, 5.113936, 5.621023)
(0.2803074, 5.112483, 5.618369)
(0.2789171, 5.110534, 5.61562)
(0.2778136, 5.108839, 5.611817)
(0.2773221, 5.107302, 5.609571)
(0.2760526, 5.107084, 5.607089)
(0.2757279, 5.107306, 5.605022)
(0.2745606, 5.108508, 5.60316)
(0.2737706, 5.108605, 5.601243)
(0.2730201, 5.10745, 5.599778)
(0.272255, 5.105357, 5.598739)
(0.2712831, 5.1034, 5.597647)
(0.2701304, 5.100917, 5.596893)
(0.2697983, 5.098917, 5.597091)
(0.2694328, 5.097502, 5.596846)
(0.2685806, 5.096176, 5.596341)
(0.267426, 5.096286, 5.59687)
(0.2666093, 5.095174, 5.597002)
(0.2667312, 5.094361, 5.596942)
(0.2668683, 5.093592, 5.596874)
(0.2672437, 5.094603, 5.597161)
(0.2671473, 5.095422, 5.597439)
(0.2667609, 5.095742, 5.597143)
(0.2657503, 5.09581, 5.597168)
(0.2653135, 5.095883, 5.596957)
(0.2649336, 5.095468, 5.59666)
(0.2645958, 5.095239, 5.596429)
(0.2641461, 5.094974, 5.596062)
(0.263723, 5.094884, 5.595677)
(0.2635661, 5.095404, 5.595495)
(0.2635017, 5.095495, 5.595532)
(0.2633465, 5.094919, 5.5955)
(0.2632469, 5.094283, 5.595628)
(0.2632305, 5.093915, 5.595919)
(0.2632319, 5.093348, 5.596607)
(0.2627977, 5.092981, 5.59682)
(0.2626424, 5.092188, 5.597352)
(0.2622966, 5.091467, 5.597908)
(0.2620878, 5.091064, 5.598474)
(0.2618694, 5.090583, 5.598905)
(0.2615972, 5.090951, 5.59966)
(0.2610523, 5.090964, 5.600238)
(0.2606614, 5.090895, 5.600729)
(0.2605866, 5.091008, 5.601387)
(0.26049, 5.091504, 5.601861)
####
(0.04079509, 0.07710965, -0.6630188)
(0.04072523, 0.07713349, -0.6629466)
(0.040663, 0.07714255, -0.6628757)
(0.04067326, 0.07733472, -0.6629667)
(0.04061127, 0.07733424, -0.6628628)
(0.04066944, 0.07717283, -0.6629708)
(0.04055977, 0.07730205, -0.6629477)
(0.04030108, 0.07725818, -0.662945)
(0.04012632, 0.07708557, -0.6630329)
(0.03969526, 0.0772589, -0.6630611)
(0.03944016, 0.07712205, -0.6631467)
(0.03929257, 0.07702239, -0.6632439)
(0.03895497, 0.07699378, -0.6627342)
(0.03885651, 0.0768586, -0.6627181)
(0.03883886, 0.076207, -0.6632066)
(0.03856134, 0.07583983, -0.6633935)
(0.03832459, 0.07563217, -0.6634238)
(0.03817368, 0.07560404, -0.6634421)
(0.03824759, 0.0752023, -0.6641924)
(0.03812766, 0.0750614, -0.6642233)
(0.03787327, 0.0749615, -0.6642282)
(0.03734922, 0.07499845, -0.6638017)
(0.03717375, 0.07496364, -0.6637322)
(0.03710985, 0.07520254, -0.6632887)
(0.03741097, 0.07498844, -0.6637259)
(0.03740048, 0.07511075, -0.6636267)
(0.03762841, 0.07524808, -0.6634868)
(0.03797054, 0.07499249, -0.6637583)
(0.03801632, 0.07511361, -0.6636539)
(0.03807545, 0.07530864, -0.6635509)
(0.03870058, 0.07505758, -0.6644638)
(0.0387609, 0.07521851, -0.664319)
(0.03876352, 0.07534535, -0.6642883)
(0.03918028, 0.0751837, -0.6648248)
(0.03928757, 0.07526453, -0.664753)
(0.03935218, 0.07534797, -0.6646295)
(0.03953385, 0.07534273, -0.6648459)
(0.03938437, 0.07539351, -0.6647475)
(0.03930163, 0.07547815, -0.6646706)
(0.03906298, 0.07570894, -0.6642851)
(0.03913665, 0.07581194, -0.6641521)
(0.03919029, 0.07592686, -0.6640003)
(0.03926229, 0.07599743, -0.6638958)
(0.03929043, 0.0760475, -0.6637766)
(0.03919053, 0.07616384, -0.6635867)
(0.03982472, 0.07591684, -0.664058)
(0.0398798, 0.0760525, -0.6638787)
(0.04011655, 0.07588132, -0.664205)
(0.04061437, 0.07576115, -0.6646583)
(0.04066467, 0.07596166, -0.6643898)
(0.0408051, 0.0758539, -0.6646303)
(0.04091215, 0.07585771, -0.6646166)
(0.04084253, 0.07599838, -0.6644268)
(0.04082227, 0.07602008, -0.6642733)
(0.04134274, 0.07577641, -0.6644871)
(0.04144573, 0.07596572, -0.6642184)
(0.04151082, 0.07615097, -0.6639756)
(0.04180336, 0.07616694, -0.6639311)
(0.04188585, 0.07629307, -0.6637734)
(0.04198956, 0.07596119, -0.6642311)
(0.04204607, 0.07623346, -0.6639099)
(0.04208899, 0.0763305, -0.6636344)
(0.04195261, 0.07643349, -0.6633596)
(0.0423255, 0.07631285, -0.6633784)
(0.04221869, 0.07635458, -0.6631911)
(0.04220867, 0.07642181, -0.6630056)
(0.04224539, 0.07626684, -0.6631787)
(0.04225516, 0.07627113, -0.6630536)
(0.04229116, 0.07604583, -0.6631746)
(0.04186821, 0.07610734, -0.6624478)
(0.04183817, 0.07614143, -0.6623249)
(0.04180145, 0.07627185, -0.6622418)
(0.04232407, 0.07595165, -0.6627984)
(0.04227948, 0.07600267, -0.6627039)
(0.04218793, 0.07605942, -0.6626087)
(0.0421257, 0.07605441, -0.6626403)
(0.04205894, 0.07603724, -0.6625302)
(0.04198313, 0.07590969, -0.6626816)
(0.04201698, 0.07593329, -0.6624978)
(0.04197741, 0.07593472, -0.6623459)
(0.04186869, 0.07597525, -0.6621274)
(0.04219675, 0.07570417, -0.6625084)
(0.04199362, 0.07585485, -0.6622722)
(0.04202342, 0.07603534, -0.6620135)
(0.04239368, 0.07568248, -0.6624099)
(0.04257536, 0.07575019, -0.6621498)
(0.04271007, 0.07574852, -0.6620638)
(0.04260206, 0.0758229, -0.6616251)
(0.04241705, 0.07595094, -0.661339)
(0.04207778, 0.07607968, -0.6610935)
(0.04218602, 0.07638724, -0.6605612)
(0.04234266, 0.0765322, -0.6602783)
(0.04268026, 0.07665022, -0.6600118)
(0.04312277, 0.0767761, -0.6598223)
(0.04336309, 0.07686122, -0.6595939)
(0.04324055, 0.07688697, -0.6595485)
(0.04304314, 0.07684262, -0.6600478)
(0.04286361, 0.07686646, -0.6599588)
(0.04277849, 0.07700117, -0.6596096)
(0.04277301, 0.07718833, -0.6587431)
(0.04289293, 0.07739218, -0.6583352)
(0.04309368, 0.07752855, -0.6580939)
(0.04341817, 0.07744963, -0.6581211)
(0.0434618, 0.07745893, -0.6580303)
(0.04324317, 0.07750447, -0.6579914)
(0.04372334, 0.077401, -0.6585472)
(0.04368329, 0.07752497, -0.658381)
(0.043679, 0.07762082, -0.6583438)
(0.04401588, 0.07754858, -0.6580368)
(0.044312, 0.07760175, -0.6579454)
(0.04462528, 0.07769139, -0.6577671)
(0.04474854, 0.07779129, -0.6574699)
(0.04507208, 0.07797082, -0.6570668)
(0.04514408, 0.07832654, -0.6564679)
(0.04577994, 0.07795198, -0.6569204)
(0.04584932, 0.07831056, -0.6564907)
(0.04625392, 0.07891972, -0.6558938)
(0.0461638, 0.07991321, -0.6543534)
(0.0464642, 0.08080585, -0.6535577)
(0.04649258, 0.0818022, -0.6526917)
(0.04660368, 0.08267172, -0.6522751)
(0.0464747, 0.08380039, -0.6513345)
(0.04649925, 0.08542092, -0.6498909)
(0.04695559, 0.08727844, -0.6473982)
(0.04735518, 0.08970983, -0.6450024)
(0.04794359, 0.09259923, -0.6419683)
(0.0482626, 0.09479411, -0.6394646)
(0.04524374, 0.1029442, -0.6284872)
(0.04593039, 0.1062628, -0.6249454)
(0.04706454, 0.1110681, -0.6212006)
(0.04806781, 0.1157242, -0.6167803)
(0.04933643, 0.1209455, -0.612263)
(0.05087423, 0.127721, -0.6067877)
(0.05271292, 0.1336951, -0.6020882)
(0.05478668, 0.1425817, -0.5956721)
(0.05656528, 0.1504987, -0.5893323)
(0.05846715, 0.1594846, -0.5823539)
(0.06117773, 0.1679381, -0.5761909)
(0.0621233, 0.1793001, -0.5698081)
(0.06351495, 0.1909842, -0.5635142)
(0.06692553, 0.2022498, -0.5576562)
(0.06830978, 0.2139394, -0.5487192)
(0.07025194, 0.2253082, -0.5401704)
(0.07148361, 0.2383493, -0.5310326)
(0.07269263, 0.2504984, -0.5227633)
(0.07300854, 0.262844, -0.5145688)
(0.07323956, 0.2757738, -0.5055234)
(0.07328987, 0.2883119, -0.4965763)
(0.07343102, 0.300703, -0.4876497)
(0.07360244, 0.3138239, -0.4782354)
(0.0735364, 0.3278455, -0.4678191)
(0.07345057, 0.3413038, -0.4579458)
(0.07367349, 0.3549789, -0.4483695)
(0.07394457, 0.3689141, -0.4392092)
(0.07415748, 0.3826327, -0.429304)
(0.07416582, 0.3967198, -0.4192412)
(0.07368898, 0.4097119, -0.4090329)
(0.07305074, 0.4228146, -0.3988287)
(0.07273126, 0.4353263, -0.3885388)
(0.07238817, 0.4491031, -0.3776655)
(0.07203221, 0.4610525, -0.3674357)
(0.07127786, 0.4723916, -0.3573354)
(0.07088542, 0.4837138, -0.3474039)
(0.07077456, 0.4943989, -0.3374426)
(0.07041121, 0.5052748, -0.3272644)
(0.07038403, 0.5155747, -0.3177037)
(0.07011175, 0.5255339, -0.3081357)
(0.06984806, 0.5346881, -0.2983906)
(0.06978607, 0.5438976, -0.2880883)
(0.06916571, 0.5524575, -0.2781969)
(0.06904817, 0.5585045, -0.2690477)
(0.06908011, 0.5657054, -0.2600718)
(0.06895494, 0.5714039, -0.2513512)
(0.06894493, 0.5766054, -0.2424318)
(0.069067, 0.5808785, -0.2337415)
(0.06936812, 0.5850978, -0.2247646)
(0.06972694, 0.5879289, -0.2162102)
(0.0699296, 0.5906137, -0.2070584)
(0.0698967, 0.5932932, -0.1984895)
(0.07030416, 0.5938516, -0.1902058)
(0.07068539, 0.5953976, -0.1820581)
(0.07090855, 0.5952997, -0.1739961)
(0.07126212, 0.5951416, -0.1657939)
(0.071841, 0.5936288, -0.15768)
(0.07213831, 0.5923691, -0.1499739)
(0.07221961, 0.5900685, -0.1407993)
(0.07220268, 0.5874301, -0.1326072)
(0.07175803, 0.5847139, -0.124351)
(0.07133508, 0.5847574, -0.1156127)
(0.07101274, 0.5847789, -0.1069863)
(0.070822, 0.5848561, -0.09767675)
(0.07025242, 0.5849447, -0.08916426)
(0.06994677, 0.5850159, -0.08101201)
(0.06960988, 0.5851521, -0.07309377)
(0.06947279, 0.5853105, -0.06577134)
(0.06966066, 0.5854818, -0.05916822)
(0.06971836, 0.5856603, -0.05239725)
(0.07012796, 0.5859699, -0.04651487)
(0.07053256, 0.5862364, -0.03993094)
(0.07053995, 0.586633, -0.03331137)
(0.06943274, 0.5869216, -0.02726018)
(0.06816912, 0.5872233, -0.02109814)
(0.06753945, 0.5874752, -0.01530266)
(0.06724119, 0.5877213, -0.009573102)
(0.06587195, 0.5879978, -0.004387975)
(0.0647831, 0.5882609, 0.0004293919)
(0.06373835, 0.5885155, 0.003551841)
(0.06223106, 0.5888017, 0.007935047)
(0.06096005, 0.5890995, 0.01057136)
(0.0599823, 0.5892399, 0.01234436)
(0.05803633, 0.589373, 0.01517117)
(0.05689573, 0.5894395, 0.01698625)
(0.05555511, 0.5894364, 0.01780009)
(0.05345964, 0.5894575, 0.02004158)
(0.05232811, 0.5894353, 0.02121234)
(0.05167508, 0.5893372, 0.0214889)
(0.05066013, 0.5893218, 0.02320576)
(0.05006194, 0.5892733, 0.02359235)
(0.04945946, 0.5891252, 0.02381206)
(0.04825783, 0.5889497, 0.02405524)
(0.04741955, 0.5887629, 0.02428293)
(0.04672813, 0.5885211, 0.02422619)
(0.04603863, 0.5882682, 0.02387691)
(0.04538655, 0.5880258, 0.0238297)
(0.04476953, 0.5877253, 0.02331209)
(0.04470491, 0.5874541, 0.0219686)
(0.04443145, 0.5871318, 0.0204823)
(0.04458523, 0.5868344, 0.01827669)
(0.04803896, 0.5864717, 0.01290917)
(0.04982018, 0.5860883, 0.00780046)
(0.04878068, 0.5856762, 0.004908919)
(0.04968214, 0.5846846, 0.003474474)
(0.05024552, 0.5844365, 0.002954245)
(0.05088449, 0.5846714, 0.005949736)
(0.05048585, 0.5851114, 0.006547451)
(0.04713416, 0.5887223, 0.009011984)
(0.04512429, 0.5898046, 0.01051986)
(0.04433751, 0.5893933, 0.009609342)
(0.04414201, 0.5883169, 0.009286046)
(0.04410124, 0.5873625, 0.008852005)
(0.04552555, 0.5869579, 0.005854249)
(0.04585958, 0.5865945, 0.005002856)
(0.04671931, 0.5864838, 0.004439116)
(0.04763675, 0.5856367, 0.0026052)
(0.04719234, 0.5852719, 0.002886176)
(0.04650354, 0.5848818, 0.0034374)
(0.04634285, 0.5839284, 0.002109289)
(0.0456183, 0.5837269, 0.001860023)
(0.04550767, 0.5835384, 0.001094341)
(0.04600048, 0.5828021, -0.001425266)
(0.04593515, 0.5828393, -0.002241254)
(0.04628539, 0.5826474, -0.00327003)
(0.04653215, 0.5815356, -0.004332185)
(0.04638147, 0.5809446, -0.004122734)
(0.04635143, 0.5805526, -0.002999783)
(0.04728746, 0.5797654, -0.002978325)
(0.04749465, 0.5801051, -0.001830339)
(0.04780293, 0.5806661, -0.001134396)
(0.0484395, 0.579767, -0.002349377)
(0.04830551, 0.5798059, -0.002414823)
(0.04821658, 0.5796631, -0.002743959)
(0.04891968, 0.5787736, -0.003593802)
(0.04909229, 0.5787871, -0.003356934)
(0.04923463, 0.578924, -0.003026128)
(0.05005455, 0.5779102, -0.003631115)
(0.05018377, 0.5779615, -0.003489256)
(0.05028534, 0.5779048, -0.0035429)
(0.05111241, 0.5766011, -0.00439465)
(0.0512116, 0.5765091, -0.004440904)
(0.0513041, 0.5764633, -0.004641652)
(0.05199218, 0.5754805, -0.005612135)
(0.05206752, 0.5754088, -0.005866289)
(0.0520308, 0.5753079, -0.006050467)
(0.05297947, 0.5738457, -0.007582307)
(0.05300617, 0.5736833, -0.007648349)
(0.05358958, 0.5728703, -0.008397341)
(0.05379462, 0.5725501, -0.00869)
(0.05389333, 0.5725089, -0.008831024)
(0.05408072, 0.5724707, -0.008996606)
(0.05510283, 0.5711744, -0.01056111)
(0.05531526, 0.5710397, -0.01069415)
(0.05542183, 0.5709098, -0.01075196)
(0.05613732, 0.5699542, -0.01190042)
(0.05619407, 0.5697973, -0.01201975)
(0.05622554, 0.5696674, -0.01217949)
(0.05647039, 0.5690277, -0.01286364)
(0.0566113, 0.5688592, -0.01314235)
(0.05679655, 0.5686997, -0.01349998)
(0.05722213, 0.5679691, -0.01455462)
(0.0573132, 0.567736, -0.01480103)
(0.05745173, 0.5675312, -0.01498592)
(0.0582242, 0.5669411, -0.01547956)
(0.05827594, 0.5667713, -0.01540732)
(0.05868793, 0.566145, -0.01615691)
(0.05872536, 0.5658792, -0.01640415)
(0.05882621, 0.5656641, -0.01666045)
(0.05909061, 0.5655077, -0.01691377)
(0.05906153, 0.5651844, -0.01706266)
(0.05931568, 0.5649748, -0.01713836)
(0.05938125, 0.5647097, -0.01723969)
(0.05938315, 0.5644162, -0.01753819)
(0.05920172, 0.564241, -0.01747644)
(0.05933809, 0.564071, -0.01772153)
(0.05943966, 0.5640417, -0.01756597)
(0.05970049, 0.5638447, -0.01769829)
(0.05998158, 0.5636387, -0.01780796)
(0.05975032, 0.5636964, -0.01758921)
(0.05992794, 0.5634621, -0.01776588)
(0.06012321, 0.5632711, -0.01790285)
(0.060215, 0.5631068, -0.01810408)
(0.06013632, 0.5631021, -0.01768863)
(0.06026602, 0.5628248, -0.01779127)
(0.06010914, 0.5626314, -0.01756799)
(0.06011796, 0.5623344, -0.01778519)
(0.06013608, 0.5620785, -0.01805556)
(0.06034017, 0.5619636, -0.01856542)
(0.06070375, 0.5618716, -0.01868188)
(0.06101704, 0.5617047, -0.01875019)
(0.06158042, 0.5613084, -0.01900101)
(0.06121254, 0.5613309, -0.0185132)
(0.0613358, 0.5610583, -0.01870656)
(0.06151485, 0.5607408, -0.0190804)
(0.06166792, 0.5604983, -0.0192132)
(0.06184101, 0.5603643, -0.01942956)
(0.06202817, 0.5601106, -0.01992869)
(0.06213951, 0.559964, -0.02019608)
(0.06234717, 0.5597561, -0.02044415)
(0.06254268, 0.5595067, -0.02079105)
(0.06243348, 0.5595856, -0.02040112)
(0.06260157, 0.5593513, -0.02054858)
(0.06218743, 0.5594731, -0.0201447)
(0.06227541, 0.559222, -0.02030444)
(0.06233096, 0.5590368, -0.0205456)
(0.06227255, 0.5591915, -0.02025652)
(0.06247544, 0.5590494, -0.02053666)
(0.06272888, 0.5588971, -0.02074063)
(0.06313801, 0.5585018, -0.02125728)
(0.06335545, 0.55862, -0.02144909)
(0.06357884, 0.5584813, -0.02161121)
(0.06352305, 0.5587268, -0.02110088)
(0.06371236, 0.5586348, -0.02125132)
(0.0641067, 0.5586508, -0.02137256)
(0.06428313, 0.558872, -0.02104819)
(0.06467748, 0.5589326, -0.02111459)
(0.06502295, 0.5589984, -0.02119887)
(0.06564832, 0.5586935, -0.02206206)
(0.06588578, 0.5587953, -0.02219498)
(0.06615281, 0.5586918, -0.02260935)
(0.06608295, 0.5590697, -0.0222888)
(0.0663445, 0.5590881, -0.02237809)
(0.06667948, 0.5590311, -0.02250338)
(0.06687427, 0.5592909, -0.022223)
(0.06679678, 0.5597106, -0.02176273)
(0.06713033, 0.559573, -0.0221076)
(0.06690049, 0.5599893, -0.02180982)
(0.06723189, 0.5597563, -0.02224028)
(0.06755733, 0.5594955, -0.02263069)
(0.06789827, 0.5594698, -0.02285707)
(0.06819963, 0.5593172, -0.02318001)
(0.06839895, 0.559131, -0.0235486)
(0.06838894, 0.5592545, -0.02325952)
(0.06853962, 0.5589738, -0.02360344)
(0.0687139, 0.5587264, -0.02392316)
(0.06874728, 0.5587981, -0.02376866)
(0.0685215, 0.5591236, -0.02329731)
(0.06876159, 0.5589774, -0.02354252)
(0.06854534, 0.5592964, -0.0234189)
(0.06877899, 0.55913, -0.02369547)
(0.06907177, 0.5589476, -0.02396917)
(0.0686233, 0.5594645, -0.02347291)
(0.06890583, 0.5593231, -0.02375305)
(0.06915808, 0.5591715, -0.02399945)
(0.06862593, 0.5598562, -0.02317035)
(0.06881356, 0.5596743, -0.02343392)
(0.06897926, 0.5594414, -0.02373815)
(0.06861353, 0.5597749, -0.02363253)
(0.06874681, 0.5595513, -0.02395606)
(0.06889296, 0.5593057, -0.0243119)
(0.06945634, 0.5589543, -0.02468467)
(0.06885004, 0.5592304, -0.02378488)
(0.06901932, 0.5589765, -0.02413118)
(0.06856036, 0.5595916, -0.02356744)
(0.06875658, 0.5593832, -0.02385283)
(0.06870937, 0.5595804, -0.02365994)
(0.06850219, 0.5599597, -0.02332795)
(0.06866789, 0.5597773, -0.0236057)
(0.06884909, 0.5595811, -0.02387583)
(0.06851745, 0.5600088, -0.02317786)
####
-0.1974893
-0.1974893
-0.1974893
-0.1974893
-0.1974893
-0.1974893
-0.1974893
-0.1974893
-0.1974893
-0.1974893
-0.1974893
-0.1974893
-0.1974893
-0.1974893
-0.1974893
-0.1974893
-0.1974893
-0.1974893
-0.1974893
-0.1974893
-0.1974893
-0.1974893
-0.1974893
-0.1974893
-0.1974893
-0.1974893
-0.1974893
-0.1974893
-0.1974893
-0.1974893
-0.1974893
-0.1974893
-0.1974893
-0.1974893
-0.1974893
-0.1974893
-0.1974893
-0.1974893
-0.1974893
-0.1974893
-0.1974893
-0.1974893
-0.1974893
-0.1974893
-0.1974893
-0.1974893
-0.1974893
-0.1974893
-0.1974893
-0.1974893
-0.1974893
-0.1974893
-0.1974893
-0.1974893
-0.1974893
-0.1974893
-0.1974893
-0.1974893
-0.1974893
-0.1974893
-0.1974893
-0.1974893
-0.1974893
-0.1974893
-0.1974893
-0.1974893
-0.1974893
-0.1974893
-0.1974893
-0.1974893
-0.1974893
-0.1974893
-0.1974893
-0.1974893
-0.1974893
-0.1974893
-0.1974893
-0.1974893
-0.1974893
-0.1974893
-0.1974893
-0.1974893
-0.1974893
-0.1974893
-0.1974893
-0.1974893
-0.1974893
-0.1974893
-0.1974893
-0.1974893
-0.1974893
-0.1974893
-0.1974893
-0.1974893
-0.1974893
-0.1974893
-0.1974893
-0.1974893
-0.1974893
-0.1974893
-0.1974893
-0.1974893
-0.1974893
-0.1974893
-0.1974893
-0.1974893
-0.1974893
-0.1974893
-0.1974893
-0.1974893
-0.1974893
-0.1974893
-0.1974893
-0.1974893
-0.1974893
-0.1974893
-0.1974893
-0.1974893
-0.1974893
-0.1974893
-0.1974893
-0.1974893
-0.1974893
-0.1974893
-0.1974893
-0.1974893
-0.1974893
-0.1974893
-0.1974893
-0.1974893
-0.1974893
-0.1974893
-0.1974893
-0.1974893
-0.1974893
-0.1974893
-0.1974893
-0.1974893
-0.1974893
-0.1974893
-0.1974893
-0.1974893
-0.1974893
-0.1974893
-0.1974893
-0.1974893
-0.1974893
-0.1974893
-0.1974893
-0.1974893
-0.1974893
-0.1974893
-0.1974893
-0.1974893
-0.1974893
-0.1974893
-0.1974893
-0.1974893
-0.1974893
-0.1974893
-0.1974893
-0.1974893
-0.1974893
-0.1974893
-0.1974893
-0.1974893
-0.1974893
-0.1974893
-0.1974893
-0.1974893
-0.1974893
-0.1974893
-0.1974893
-0.1974893
-0.1974893
-0.1974893
-0.1974893
-0.1974893
-0.1974893
-0.1974893
-0.1974893
-0.1974893
-0.1974893
-0.1974893
-0.1974893
-0.1974893
-0.1974893
-0.1974893
-0.1974893
-0.1974893
-0.1974893
-0.1974893
-0.1974893
-0.1974893
-0.1974893
-0.1974893
-0.1974893
-0.1974893
-0.1974893
-0.1974893
-0.1974893
-0.1974893
-0.1974893
-0.1974893
-0.1974893
-0.1974893
-0.1974893
-0.1974893
-0.1974893
-0.1974893
-0.1974893
-0.1974893
-0.1974893
-0.1974893
-0.1974893
-0.1974893
-0.1974893
-0.1974893
-0.1974893
-0.1974893
-0.1974893
-0.1974893
-0.1974893
-0.1974893
-0.1974893
-0.1974893
-0.1974893
-0.1974893
-0.1974893
-0.1974893
-0.1974893
-0.1974893
-0.1974893
-0.1974893
-0.1974893
-0.1974893
-0.1974893
-0.1974893
-0.1974893
-0.1974893
-0.1974893
-0.1974893
-0.1974893
-0.1974893
-0.1974893
-0.1974893
-0.1974893
-0.1974893
-0.1974893
-0.1974893
-0.1974893
-0.1974893
-0.1974893
-0.1974893
-0.1974893
-0.1974893
-0.1974893
-0.1974893
-0.1974893
-0.1974893
-0.1974893
-0.1974893
-0.1974893
-0.1974893
-0.1974893
-0.1974893
-0.1974893
-0.1974893
-0.1974893
-0.1974893
-0.1974893
-0.1974893
-0.1974893
-0.1974893
-0.1974893
-0.1974893
-0.1974893
-0.1974893
-0.1974893
-0.1974893
-0.1974893
-0.1974893
-0.1974893
-0.1974893
-0.1974893
-0.1974893
-0.1974893
-0.1974893
-0.1974893
-0.1974893
-0.1974893
-0.1974893
-0.1974893
-0.1974893
-0.1974893
-0.1974893
-0.1974893
-0.1974893
-0.1974893
-0.1974893
-0.1974893
-0.1974893
-0.1974893
-0.1974893
-0.1974893
-0.1974893
-0.1974893
-0.1974893
-0.1974893
-0.1974893
-0.1974893
-0.1974893
-0.1974893
-0.1974893
-0.1974893
-0.1974893
-0.1974893
-0.1974893
-0.1974893
-0.1974893
-0.1974893
-0.1974893
-0.1974893
-0.1974893
-0.1974893
-0.1974893
-0.1974893
-0.1974893
-0.1974893
-0.1974893
-0.1974893
-0.1974893
-0.1974893
-0.1974893
-0.1974893
-0.1974893
-0.1974893
-0.1974893
-0.1974893
-0.1974893
-0.1974893
-0.1974893
-0.1974893
-0.1974893
-0.1974893
-0.1974893
-0.1974893
-0.1974893
-0.1974893
-0.1974893
-0.1974893
-0.1974893
-0.1974893
-0.1974893
-0.1974893
-0.1974893
-0.1974893
-0.1974893
-0.1974893
-0.1974893
-0.1974893
-0.1974893
-0.1974893
-0.1974893
-0.1974893
-0.1974893
-0.1974893
-0.1974893
-0.1974893
-0.1974893
-0.1974893
-0.1974893
-0.1974893
-0.1974893
-0.1974893
-0.1974893
-0.1974893
-0.1974893
-0.1974893
-0.1974893
-0.1974893
-0.1974893
-0.1974893
-0.1974893
-0.1974893
-0.1974893
-0.1974893
-0.1974893
