0.0151671
0.0067997
0.0120532
0.011054
0.0151493
0.0070783
0.0107838
0.0108572
0.015772
0.0064483
0.0107895
0.0120731
0.0110202
0.011632
0.0102869
0.0110714
0.0110229
0.0158061
0.0061714
0.0109914
0.0121198
0.0196577
0.0030879
0.0101263
0.0110074
0.0151636
0.0067183
0.0111515
0.0109633
0.0156936
0.0073048
0.0110347
0.0109085
0.0154737
0.0066197
0.0108779
0.0111357
0.0156029
0.0074049
0.0110161
0.0110575
0.0111409
0.0127585
0.0097009
0.0102682
0.0110589
0.0154219
0.0074216
0.0111958
0.0110889
0.0154281
0.0063455
0.0111178
0.0109351
0.0109869
0.011838
0.011154
