(0.3834894, -0.1705408, 0.01042891)
(0.3835783, -0.1704895, 0.01038563)
(0.3835554, -0.170522, 0.0103364)
(0.3835626, -0.1705465, 0.01042891)
(0.3836122, -0.1704872, 0.01051855)
(0.383498, -0.1703844, 0.01057208)
(0.3835027, -0.1704261, 0.01065695)
(0.3834956, -0.1703982, 0.01065159)
(0.3833764, -0.1703033, 0.0106914)
(0.383193, -0.1703286, 0.01061702)
(0.3834028, -0.1700656, 0.01062596)
(0.3835189, -0.1702406, 0.01040077)
(0.3835943, -0.1701677, 0.01046085)
(0.3836257, -0.1700168, 0.01029778)
(0.3835189, -0.1698787, 0.01029265)
(0.3835902, -0.1697519, 0.01025248)
(0.3834493, -0.169734, 0.01017237)
(0.3835058, -0.1694553, 0.01004255)
(0.3833325, -0.1692622, 0.01002657)
(0.3831654, -0.1691639, 0.01009297)
(0.3831589, -0.1691117, 0.01019573)
(0.3829975, -0.1690426, 0.01007581)
(0.382971, -0.1688864, 0.01008725)
(0.3828464, -0.1687167, 0.009882927)
(0.3827012, -0.1683717, 0.009999871)
(0.3825481, -0.1685779, 0.01036143)
(0.382334, -0.168468, 0.01044953)
(0.382113, -0.1683741, 0.01050067)
(0.3818834, -0.1683869, 0.01044536)
(0.3818934, -0.1684043, 0.01039338)
(0.3820324, -0.1684427, 0.01042378)
(0.3821671, -0.1685455, 0.01034069)
(0.382545, -0.1687038, 0.01028025)
(0.3827839, -0.1687727, 0.01030016)
(0.3828721, -0.1688063, 0.01025665)
(0.3831568, -0.1688733, 0.01039791)
(0.3832424, -0.1689117, 0.01033902)
(0.3835156, -0.1689775, 0.01053369)
(0.3838124, -0.169276, 0.01039815)
(0.3839533, -0.1695631, 0.01032424)
(0.3842113, -0.1696439, 0.01013052)
(0.3844576, -0.1700051, 0.009712219)
(0.3844955, -0.1702659, 0.009384155)
(0.3850479, -0.1704385, 0.009643316)
(0.3850405, -0.1704895, 0.009971142)
(0.3847983, -0.1704161, 0.009835839)
(0.3846338, -0.1704807, 0.009598851)
(0.3849154, -0.1707196, 0.009202957)
(0.3851166, -0.1709123, 0.009028554)
(0.3855679, -0.1710558, 0.009015799)
(0.3856571, -0.1710825, 0.009050488)
(0.3856142, -0.1711185, 0.00899446)
(0.3855932, -0.1711338, 0.009234667)
(0.3854847, -0.1711042, 0.009320021)
(0.3854065, -0.1711869, 0.009323955)
(0.3852804, -0.1711853, 0.009307742)
(0.3852644, -0.1712551, 0.009211421)
(0.3852305, -0.1713169, 0.009327173)
(0.3853621, -0.1712959, 0.009493351)
(0.3852575, -0.1712561, 0.009508967)
(0.3853652, -0.1709838, 0.009447455)
(0.3853335, -0.1709275, 0.009541512)
(0.3851917, -0.1709354, 0.009501576)
(0.3851144, -0.171015, 0.009499192)
(0.3851869, -0.1710663, 0.009325862)
(0.3852646, -0.1711321, 0.009231567)
(0.3853588, -0.171082, 0.00918448)
(0.3854322, -0.1710691, 0.009307981)
(0.3853455, -0.1709993, 0.009359717)
(0.3853598, -0.1709867, 0.009276867)
(0.3854637, -0.1709843, 0.009297371)
(0.3854575, -0.1709437, 0.009209394)
(0.3853869, -0.1710966, 0.009293795)
(0.3853798, -0.1710827, 0.009284377)
(0.3853991, -0.1711712, 0.009220362)
(0.3854084, -0.1712127, 0.009240866)
(0.3854785, -0.1712637, 0.009296775)
(0.3855302, -0.1713121, 0.009278178)
(0.3856084, -0.1712875, 0.00927043)
(0.3856573, -0.1712918, 0.009337306)
(0.3857069, -0.1714637, 0.009215355)
(0.3857012, -0.1714301, 0.009181499)
(0.385592, -0.1714621, 0.009129763)
(0.3855586, -0.1714823, 0.009153605)
(0.3854768, -0.1715188, 0.00913763)
(0.3854785, -0.1715338, 0.009094715)
(0.3854015, -0.1714385, 0.009117007)
(0.3853912, -0.1715586, 0.00914681)
(0.3854263, -0.1716416, 0.009202003)
(0.3855631, -0.1716249, 0.009588003)
(0.3856175, -0.1716745, 0.009695411)
(0.3855672, -0.1716864, 0.009740829)
(0.3853304, -0.1716666, 0.009474874)
(0.3853681, -0.1717238, 0.009353161)
(0.3853951, -0.1717367, 0.009261131)
(0.3854678, -0.1716638, 0.009369731)
(0.3853853, -0.1716321, 0.009371758)
(0.385401, -0.1716106, 0.009397626)
(0.3853676, -0.1716964, 0.009323359)
(0.3853617, -0.1717138, 0.009251356)
(0.3854146, -0.1717336, 0.009213805)
(0.3854628, -0.1717193, 0.009210825)
(0.3854761, -0.1717174, 0.009204626)
(0.3854723, -0.1717613, 0.009242535)
(0.3856034, -0.1717877, 0.009355783)
(0.3856788, -0.1719272, 0.009528756)
(0.3857038, -0.1719666, 0.009662747)
(0.3855247, -0.1720111, 0.009710789)
(0.3855872, -0.1721177, 0.009849548)
(0.3857412, -0.1722434, 0.009998083)
(0.3856945, -0.1722493, 0.01010025)
(0.3856547, -0.1722863, 0.01022339)
(0.3855045, -0.1722043, 0.0106504)
(0.3855517, -0.1719794, 0.01092374)
(0.3855312, -0.1716511, 0.01151919)
(0.3857152, -0.171442, 0.01201129)
(0.3868229, -0.1709406, 0.012568)
(0.3875926, -0.1704268, 0.01404655)
(0.3872519, -0.1695781, 0.01570582)
(0.3883584, -0.1683476, 0.01779008)
(0.3892946, -0.1675634, 0.01977921)
(0.3905833, -0.1676135, 0.02273536)
(0.3918414, -0.1670012, 0.02485287)
(0.3926766, -0.1661901, 0.02809846)
(0.3935237, -0.1650844, 0.03184795)
(0.3941197, -0.1626947, 0.03750694)
(0.3943102, -0.1576204, 0.04300117)
(0.3949139, -0.1486497, 0.04815197)
(0.3966041, -0.1366858, 0.05189168)
(0.3984857, -0.1265409, 0.05488944)
(0.3998327, -0.1144462, 0.05921555)
(0.4010863, -0.1030684, 0.06257808)
(0.4045908, -0.08611512, 0.06480432)
(0.406903, -0.06986165, 0.06907785)
(0.4093463, -0.0501318, 0.07494318)
(0.4110165, -0.03235102, 0.0829196)
(0.4132662, -0.01506162, 0.09250379)
(0.4158216, 0.00206852, 0.1034869)
(0.4175255, 0.01897049, 0.1142734)
(0.418597, 0.03626037, 0.1301571)
(0.4200673, 0.05291796, 0.1441545)
(0.4187362, 0.0643816, 0.1630608)
(0.4203749, 0.07809162, 0.1781445)
(0.4220743, 0.09283066, 0.1955465)
(0.4246726, 0.1017923, 0.2129101)
(0.4269557, 0.111953, 0.2291832)
(0.4287395, 0.1209683, 0.2472771)
(0.4318042, 0.1265805, 0.2648945)
(0.4354382, 0.1295948, 0.2841685)
(0.4373534, 0.1368749, 0.3037336)
(0.4403327, 0.1395335, 0.3237054)
(0.4434545, 0.1427326, 0.3434)
(0.4463792, 0.1463521, 0.3661685)
(0.4494979, 0.1467707, 0.386728)
(0.4525926, 0.146374, 0.4073136)
(0.4555068, 0.1464536, 0.4280467)
(0.4585409, 0.1465654, 0.4483974)
(0.4618319, 0.1447723, 0.4684033)
(0.4652894, 0.1435182, 0.4875319)
(0.4683154, 0.141943, 0.5056756)
(0.4710457, 0.1407316, 0.5238101)
(0.4739366, 0.1380672, 0.5426493)
(0.4756345, 0.1367025, 0.5595553)
(0.4776442, 0.1362913, 0.5757847)
(0.4799726, 0.1342268, 0.5902822)
(0.4819392, 0.1329899, 0.6050379)
(0.4846559, 0.1307971, 0.6173537)
(0.4886746, 0.1259577, 0.6267133)
(0.4972692, 0.12833, 0.6300387)
(0.4997047, 0.1248498, 0.6376669)
(0.5019186, 0.1209717, 0.6446407)
(0.5028932, 0.1182754, 0.6504967)
(0.5030402, 0.1152813, 0.655998)
(0.5043321, 0.1119585, 0.6595988)
(0.5043839, 0.1082039, 0.6651502)
(0.5044125, 0.1042721, 0.6683192)
(0.5052598, 0.09868693, 0.6707304)
(0.5044119, 0.09308887, 0.6738214)
(0.5036416, 0.08855581, 0.6765966)
(0.5026325, 0.08349061, 0.6780703)
(0.501405, 0.07981277, 0.6809528)
(0.5009632, 0.07483959, 0.6816154)
(0.4987617, 0.07242084, 0.6827416)
(0.4960436, 0.07241297, 0.682832)
(0.495519, 0.07355881, 0.683861)
(0.501092, 0.07417989, 0.6809082)
(0.5028167, 0.07199693, 0.6796069)
(0.5048976, 0.06980944, 0.6767797)
(0.5040684, 0.06993008, 0.6762648)
(0.5025393, 0.06972599, 0.6769838)
(0.5007993, 0.07012033, 0.6794395)
(0.5005221, 0.07072139, 0.6839027)
(0.5000899, 0.07133222, 0.6861236)
(0.5001416, 0.06942201, 0.6862583)
(0.499831, 0.06996965, 0.6839149)
(0.5005927, 0.07001901, 0.679841)
(0.5024407, 0.06974816, 0.6782861)
(0.5040624, 0.06963348, 0.6776528)
(0.5042582, 0.06874537, 0.6778893)
(0.5036583, 0.06905746, 0.6793976)
(0.5029099, 0.07030916, 0.6812441)
(0.5023955, 0.07074618, 0.6814539)
(0.5022135, 0.07012653, 0.6816063)
(0.5030749, 0.06980228, 0.6803019)
(0.5036031, 0.06983042, 0.6793756)
(0.503701, 0.06975222, 0.6791208)
(0.5030982, 0.06991076, 0.6796474)
(0.5027082, 0.07011056, 0.679991)
(0.5028354, 0.06969833, 0.6802607)
(0.5035499, 0.06942558, 0.6797507)
(0.5040046, 0.06908226, 0.6795011)
(0.5045671, 0.06895614, 0.6796098)
(0.5045595, 0.06911111, 0.680115)
(0.5046202, 0.06883287, 0.6802237)
(0.5047331, 0.06868005, 0.6801395)
(0.5050999, 0.06845045, 0.6796744)
(0.5053885, 0.06845021, 0.6793432)
(0.5052445, 0.06832004, 0.6790109)
(0.5053967, 0.06811666, 0.6788995)
(0.5056336, 0.06805372, 0.6790335)
(0.5057602, 0.06801081, 0.6790709)
(0.5058607, 0.06792879, 0.6788967)
(0.5059557, 0.06792808, 0.6787033)
(0.5058916, 0.06785941, 0.6784573)
(0.5061278, 0.06795144, 0.6785607)
(0.5061208, 0.06786585, 0.6785331)
(0.5059816, 0.0678587, 0.6785278)
(0.5057507, 0.06794882, 0.6785736)
(0.5056499, 0.06803155, 0.6785777)
(0.5055845, 0.06800294, 0.6785457)
(0.505537, 0.0679996, 0.6785071)
(0.5055931, 0.06806064, 0.6787748)
(0.5054094, 0.06804872, 0.6787028)
(0.5052516, 0.06817055, 0.6787786)
(0.5054004, 0.06817698, 0.6787236)
(0.5055449, 0.06823993, 0.6786163)
(0.5055634, 0.06826735, 0.6787286)
(0.5056454, 0.06813025, 0.6789975)
(0.5056028, 0.06806588, 0.6788831)
(0.5056636, 0.06802082, 0.6787965)
(0.5054348, 0.06794953, 0.6788075)
(0.5051804, 0.06789446, 0.6786208)
(0.5050995, 0.06796145, 0.6788123)
(0.5053189, 0.06796384, 0.678941)
(0.505459, 0.06793499, 0.6788952)
(0.5055389, 0.06793356, 0.6786621)
(0.5056465, 0.06784463, 0.6787686)
(0.5055552, 0.06779408, 0.6786461)
(0.5055921, 0.06781411, 0.6786551)
(0.5056715, 0.06783843, 0.6786094)
(0.5057524, 0.06780195, 0.6786191)
(0.5056545, 0.06794262, 0.6785493)
(0.5056607, 0.06789136, 0.6784246)
(0.5056435, 0.06787133, 0.678297)
(0.5056489, 0.06771636, 0.6780903)
(0.505607, 0.06764078, 0.6781499)
(0.5058677, 0.06770039, 0.6783581)
(0.5056963, 0.06791472, 0.6786566)
(0.5053641, 0.06788945, 0.6786311)
(0.5050584, 0.06816888, 0.6787343)
(0.5050206, 0.06834984, 0.6789365)
(0.5050498, 0.06836271, 0.679044)
(0.5047469, 0.06846333, 0.6791372)
(0.5046198, 0.06864405, 0.6790543)
(0.504512, 0.06871891, 0.6791377)
(0.5043069, 0.06886864, 0.6791358)
(0.5040557, 0.06900597, 0.6791463)
(0.5038006, 0.06907535, 0.6790736)
(0.5036411, 0.06910992, 0.6789255)
(0.503351, 0.06938386, 0.6789961)
(0.5030278, 0.06929922, 0.6791015)
(0.5029529, 0.06936312, 0.6789916)
(0.5028439, 0.06958747, 0.6790423)
(0.5027558, 0.06952333, 0.6790595)
(0.5027517, 0.0695765, 0.6789389)
(0.5028601, 0.06956553, 0.6788073)
(0.5028446, 0.06955886, 0.6787822)
(0.5027361, 0.06957293, 0.6787562)
(0.5026227, 0.06969857, 0.6788116)
(0.5026459, 0.0698545, 0.6787107)
(0.502641, 0.06988645, 0.6788003)
(0.5026733, 0.06979418, 0.6787763)
(0.5025673, 0.06986761, 0.6787984)
(0.5025235, 0.06991887, 0.6788306)
(0.5024657, 0.07002783, 0.6788836)
(0.5024188, 0.06994033, 0.6789911)
(0.5024495, 0.0699625, 0.6790042)
(0.5024552, 0.06996298, 0.6790071)
(0.5024462, 0.06997108, 0.6790543)
(0.5023319, 0.06995416, 0.6789749)
(0.502303, 0.06992412, 0.6789262)
(0.5022253, 0.06989074, 0.6789665)
(0.5021609, 0.06990504, 0.6789877)
(0.5021536, 0.06992865, 0.6790113)
(0.5022876, 0.07000232, 0.6789761)
(0.502254, 0.07001472, 0.6788855)
(0.5022405, 0.07005501, 0.6788311)
(0.502177, 0.07005644, 0.6787641)
(0.5021819, 0.07010269, 0.6788449)
(0.5021503, 0.07019925, 0.6789355)
