(0.6436496, -0.07134902, 0.274994)
(0.6438037, -0.07156336, 0.2749187)
(0.644024, -0.07185006, 0.2750089)
(0.6442717, -0.07200003, 0.2750914)
(0.6444882, -0.07212961, 0.2752358)
(0.6446248, -0.07207334, 0.2751379)
(0.6446088, -0.07220697, 0.2750963)
(0.6445397, -0.07213604, 0.2751982)
(0.644523, -0.07225597, 0.2751081)
(0.6443192, -0.07228601, 0.2749174)
(0.6442073, -0.07223976, 0.2748437)
(0.6440048, -0.07212842, 0.2747837)
(0.6438258, -0.0720104, 0.2747598)
(0.6438543, -0.0721128, 0.2746357)
(0.6437182, -0.07213521, 0.2746193)
(0.6435526, -0.07213485, 0.2745298)
(0.6435325, -0.07213306, 0.2745011)
(0.6433623, -0.07219565, 0.2743908)
(0.6431493, -0.07230794, 0.2741345)
(0.6427509, -0.07226634, 0.2741646)
(0.642498, -0.07258785, 0.2742709)
(0.6424584, -0.07274878, 0.2743614)
(0.6424561, -0.07296681, 0.274465)
(0.642528, -0.07291675, 0.2745258)
(0.6425015, -0.07292199, 0.274766)
(0.6420195, -0.07283354, 0.2747899)
(0.6419451, -0.07243609, 0.2748995)
(0.6417454, -0.07202351, 0.2748899)
(0.6417649, -0.07134461, 0.2749178)
(0.6417816, -0.07034683, 0.2753311)
(0.6421211, -0.06927204, 0.2759993)
(0.6416409, -0.06734931, 0.2769265)
(0.6400303, -0.06463552, 0.278383)
(0.6390399, -0.06227219, 0.2791249)
(0.6379889, -0.05822682, 0.2794955)
(0.6371535, -0.05360293, 0.2795906)
(0.6364084, -0.0491246, 0.280136)
(0.6358053, -0.04459405, 0.2808414)
(0.6346135, -0.04025126, 0.2828306)
(0.6339154, -0.03581655, 0.2847059)
(0.6330066, -0.03059173, 0.2874954)
(0.6322389, -0.02603376, 0.2901285)
(0.6314289, -0.02144384, 0.2929511)
(0.6308746, -0.01735389, 0.2959512)
(0.6305073, -0.01328325, 0.2989862)
(0.6301917, -0.009651542, 0.3023735)
(0.6294798, -0.005920053, 0.3062596)
(0.6293586, -0.002759337, 0.3098022)
(0.6285484, 0.0006864071, 0.3137103)
(0.6285902, 0.003336072, 0.3182131)
(0.6289821, 0.005165935, 0.3226118)
(0.6291732, 0.007428765, 0.3273906)
(0.6294425, 0.008782506, 0.3320966)
(0.629966, 0.01048088, 0.3364172)
(0.6306621, 0.01127815, 0.3413047)
(0.6311581, 0.01190257, 0.3460441)
(0.6322137, 0.0125562, 0.350482)
(0.633159, 0.01286948, 0.3554108)
(0.6341329, 0.0128001, 0.3610308)
(0.6354392, 0.0123117, 0.3659562)
(0.636514, 0.01182628, 0.3707944)
(0.6377851, 0.011127, 0.3759975)
(0.6388407, 0.01046515, 0.3809984)
(0.6400794, 0.009589791, 0.3859406)
(0.6414494, 0.008244872, 0.3902608)
(0.6422757, 0.006892681, 0.3949651)
(0.6433728, 0.00577414, 0.3995817)
(0.6444409, 0.004479885, 0.4046011)
(0.6455416, 0.002994418, 0.4087266)
(0.6471676, 0.001494408, 0.4130899)
(0.6485147, 1.692772E-05, 0.4172071)
(0.6495759, -0.001542568, 0.4211754)
(0.6508432, -0.003198147, 0.4242783)
(0.65185, -0.004547, 0.4276941)
(0.6525308, -0.005894661, 0.4307052)
(0.6534196, -0.007232547, 0.4334127)
(0.6542183, -0.008442402, 0.4357935)
(0.6548615, -0.009599328, 0.4377552)
(0.6555373, -0.01054168, 0.4393164)
(0.6547034, -0.01018953, 0.4392122)
(0.6533799, -0.009302855, 0.4393309)
(0.6526092, -0.006433249, 0.438064)
(0.6532748, -0.00586319, 0.4378215)
(0.6533644, -0.006946921, 0.4392579)
(0.6538826, -0.007774472, 0.4405335)
(0.6537365, -0.008449912, 0.4432646)
(0.6533118, -0.008504629, 0.4450874)
(0.6525353, -0.008153439, 0.4468149)
(0.652177, -0.00743556, 0.447821)
(0.6525974, -0.005888939, 0.4487449)
(0.6533191, -0.003474116, 0.4497188)
(0.6538747, -0.001531482, 0.4511993)
(0.6534574, 0.0001497269, 0.4535283)
(0.6528149, 0.001844883, 0.4556605)
(0.6522515, 0.004225135, 0.458747)
(0.6524548, 0.007033944, 0.4613657)
(0.6527063, 0.009521604, 0.4639497)
(0.652934, 0.01306057, 0.4673122)
(0.6533782, 0.01660228, 0.4708173)
(0.6535819, 0.01980734, 0.4751284)
(0.6545608, 0.02305889, 0.4791405)
(0.6560429, 0.0275414, 0.4831953)
(0.6574182, 0.03215003, 0.4871349)
(0.6595307, 0.03850901, 0.4903393)
(0.6618203, 0.045802, 0.4921336)
(0.6637533, 0.0541805, 0.4945247)
(0.6663048, 0.06264496, 0.4979047)
(0.6680111, 0.06985068, 0.5018376)
(0.6703444, 0.07730031, 0.5061758)
(0.6728864, 0.08409965, 0.5104953)
(0.6752939, 0.09088457, 0.5160027)
(0.6777049, 0.09738147, 0.5212743)
(0.6802311, 0.103969, 0.5278931)
(0.6826453, 0.1098809, 0.5338103)
(0.6844813, 0.1148185, 0.5403342)
(0.6859732, 0.1194227, 0.5471677)
(0.6881952, 0.1245939, 0.5529996)
(0.6897869, 0.1279085, 0.5600992)
(0.6910557, 0.1314666, 0.5675207)
(0.6924807, 0.1335991, 0.5751646)
(0.6933933, 0.1358103, 0.5828025)
(0.6941373, 0.1374111, 0.5917851)
(0.6953781, 0.1387359, 0.5994523)
(0.6968359, 0.1394218, 0.6076351)
(0.6977778, 0.1400939, 0.6158704)
(0.6988912, 0.1407612, 0.6238604)
(0.699271, 0.1404902, 0.6320735)
(0.699918, 0.1400774, 0.6406697)
(0.7002581, 0.1389875, 0.6495641)
(0.7008656, 0.1384821, 0.6579959)
(0.7015023, 0.13765, 0.6669399)
(0.7019262, 0.1363071, 0.6751993)
(0.7024695, 0.135277, 0.6830635)
(0.7034574, 0.1342046, 0.690523)
(0.703824, 0.1328909, 0.6985954)
(0.704301, 0.1321658, 0.7059218)
(0.7048645, 0.1313563, 0.7127239)
(0.705332, 0.1304654, 0.7194158)
(0.7053947, 0.1289566, 0.7253903)
(0.7059104, 0.1280397, 0.7306126)
(0.70597, 0.1265065, 0.734627)
(0.7064512, 0.1256052, 0.738637)
(0.7070866, 0.1247348, 0.7416446)
(0.7075295, 0.1235569, 0.7450224)
(0.7079524, 0.1229047, 0.7471156)
(0.7081938, 0.1223772, 0.748899)
(0.7088473, 0.1215606, 0.7506006)
(0.7090047, 0.12029, 0.7525711)
(0.7098123, 0.1187347, 0.7540814)
(0.7107837, 0.1168817, 0.7554256)
(0.7117008, 0.1151795, 0.7570118)
(0.7119727, 0.1136901, 0.7577198)
(0.7125497, 0.1135458, 0.7570426)
(0.7116225, 0.1152127, 0.7559834)
(0.7113019, 0.1174548, 0.756991)
(0.7110026, 0.117875, 0.7581916)
(0.7111961, 0.1184978, 0.7599106)
(0.7116049, 0.1189663, 0.7622918)
(0.7113152, 0.1198145, 0.7641941)
(0.7122146, 0.1211593, 0.7647313)
(0.7132956, 0.1229197, 0.7650191)
(0.7137067, 0.1245719, 0.7655619)
(0.7142988, 0.1265225, 0.7670677)
(0.7147546, 0.129182, 0.7689118)
(0.7154444, 0.1317882, 0.7710998)
(0.7162339, 0.1340846, 0.7734785)
(0.7169889, 0.1366704, 0.7764398)
(0.7175148, 0.1392642, 0.7793894)
(0.7179004, 0.1417756, 0.7823831)
(0.7179965, 0.1441541, 0.7853676)
(0.718242, 0.1467305, 0.7878257)
(0.7178271, 0.1493338, 0.790434)
(0.7172659, 0.1522294, 0.7925595)
(0.7161419, 0.1557925, 0.7934613)
(0.7155197, 0.1592896, 0.7948365)
(0.7146921, 0.1633021, 0.7961202)
(0.7137645, 0.1672129, 0.7973467)
(0.7132656, 0.1709603, 0.798996)
(0.7123759, 0.1744685, 0.8005517)
(0.711384, 0.1779163, 0.8021984)
(0.7104223, 0.1816052, 0.804352)
(0.709497, 0.1850826, 0.8061919)
(0.7085197, 0.1885245, 0.8081222)
(0.7074931, 0.1919987, 0.8099562)
(0.7062305, 0.1957456, 0.8121532)
(0.705277, 0.1986337, 0.8143257)
(0.7042581, 0.2015606, 0.8165709)
(0.7036157, 0.2040321, 0.8191175)
(0.7030728, 0.2064497, 0.8217185)
(0.7028036, 0.2079522, 0.8246111)
(0.70227, 0.2098726, 0.8275156)
(0.7024305, 0.2111844, 0.8301234)
(0.7022375, 0.2123395, 0.8331754)
(0.7024801, 0.212576, 0.8371403)
(0.7026417, 0.2129309, 0.8405128)
(0.7030739, 0.2128909, 0.8444957)
(0.7055393, 0.2108123, 0.8470803)
(0.7061597, 0.2102411, 0.8510767)
(0.707156, 0.2088072, 0.8552555)
(0.7077122, 0.2080432, 0.8593053)
(0.7088703, 0.2067801, 0.8633745)
(0.7101302, 0.2053016, 0.8677118)
(0.7113113, 0.2040501, 0.8723744)
(0.7127416, 0.2019706, 0.8768381)
(0.7140728, 0.2002733, 0.8811579)
(0.7152728, 0.1985525, 0.8853923)
(0.7167815, 0.1971785, 0.8890676)
(0.7181464, 0.1953838, 0.8931608)
(0.7195536, 0.1933858, 0.896821)
(0.720597, 0.1915853, 0.9005859)
(0.7221161, 0.1897075, 0.9040318)
(0.7231923, 0.1880704, 0.9076282)
(0.7241133, 0.1865659, 0.9108315)
(0.7256895, 0.1851935, 0.9137605)
(0.7270103, 0.1841238, 0.9165534)
(0.7281851, 0.1829483, 0.919348)
(0.7294876, 0.1818873, 0.9218175)
(0.7305841, 0.1807464, 0.9239867)
(0.7314081, 0.1795407, 0.9260585)
(0.732215, 0.1783913, 0.9279051)
(0.7312112, 0.1777259, 0.9271365)
(0.731905, 0.1778941, 0.9259422)
(0.7328501, 0.1785012, 0.9218644)
(0.7338523, 0.1782268, 0.920627)
(0.7331909, 0.1771426, 0.92032)
(0.7316166, 0.1761202, 0.9208759)
(0.7299782, 0.1752138, 0.9220433)
(0.7302544, 0.1757572, 0.9226042)
(0.730603, 0.1757653, 0.9227824)
(0.7314817, 0.176196, 0.9224912)
(0.732607, 0.1762443, 0.9219813)
(0.7331921, 0.1758791, 0.9215114)
(0.7335647, 0.17581, 0.9208384)
(0.7340816, 0.1758956, 0.9202315)
(0.7341747, 0.1760016, 0.91945)
(0.7341422, 0.1760348, 0.9191029)
(0.7339033, 0.1760382, 0.9192238)
(0.7336545, 0.1760663, 0.9196391)
(0.7333722, 0.1758918, 0.9202447)
(0.7333732, 0.175911, 0.9204907)
(0.7335538, 0.1758002, 0.9207082)
(0.7336689, 0.175721, 0.9206315)
(0.7339635, 0.1759264, 0.9203994)
(0.7338676, 0.1758402, 0.9203861)
(0.733991, 0.1756926, 0.9204818)
(0.734001, 0.1756901, 0.9205269)
(0.7340752, 0.1757933, 0.9206066)
(0.7341354, 0.1759333, 0.9205329)
(0.7341725, 0.1759177, 0.9204899)
(0.7341942, 0.1759669, 0.9204221)
(0.7341702, 0.1759973, 0.9204119)
(0.7341403, 0.1759814, 0.9204422)
(0.7341225, 0.1759751, 0.920524)
(0.7342348, 0.175953, 0.9206382)
(0.7342171, 0.1758913, 0.9207895)
(0.7343411, 0.1758112, 0.9208163)
(0.7345492, 0.1757871, 0.9209095)
(0.7347768, 0.1758955, 0.9208324)
(0.734816, 0.175868, 0.9208485)
(0.7348663, 0.1757907, 0.9208391)
(0.7347529, 0.1756749, 0.9209)
(0.7345313, 0.1756908, 0.9208456)
(0.7343044, 0.1756913, 0.9206678)
(0.7343702, 0.1758192, 0.9204444)
(0.7344303, 0.175886, 0.9204538)
(0.734471, 0.1759323, 0.9204171)
(0.7345018, 0.1759273, 0.920435)
(0.7346833, 0.1759555, 0.9204917)
(0.7347407, 0.1759986, 0.9205619)
(0.7346048, 0.175803, 0.9208152)
(0.73461, 0.1757739, 0.9208379)
