0.016816
0.0070981
0.0159378
0.0069734
0.0163587
0.0070271
0.0203694
0.0078687
0.0161779
0.0067773
0.01617
0.0071144
0.0161506
0.0066883
0.0159154
0.0072099
0.0164429
0.0067641
0.016277
0.0119926
0.0169445
0.0069975
0.0162899
0.0067576
0.0178049
0.0071984
0.0165016
0.0067896
0.0167201
0.0078614
0.0166909
0.0088187
0.0207186
0.0083998
0.0165386
0.0072184
0.017307
0.0070428
0.0164941
0.0073182
0.0170426
0.0070402
0.0168255
0.0074045
0.0162836
0.0119892
0.01629
0.0068932
0.0165553
0.007241
0.0163958
0.0077228
0.0170359
0.0072974
0.0166392
0.0075791
0.0165619
0.0081568
0.0210034
0.0073577
0.0169956
0.0078976
0.0165115
