(-60.18204, 2.196598, 92.47956)
(-60.05774, 2.727556, 93.62268)
(-59.76872, 3.27034, 94.59457)
(-59.53333, 3.788018, 95.7478)
(-59.1284, 4.51355, 96.87133)
(-58.67426, 5.163145, 97.70338)
(-58.29749, 5.758667, 98.42048)
(-57.98557, 6.379938, 99.1311)
(-57.83672, 6.953621, 99.68255)
(-57.67818, 7.559609, 100.1973)
(-57.64341, 8.064985, 100.8166)
(-57.7714, 8.497977, 101.3569)
(-57.67059, 8.975935, 102.0372)
(-57.60932, 9.120059, 102.8472)
(-57.60801, 9.236717, 103.6211)
(-57.4966, 9.443021, 104.6227)
(-57.47762, 9.552646, 105.5425)
(-57.45864, 9.48658, 106.608)
(-57.41096, 9.373569, 107.7947)
(-57.38318, 9.148145, 108.957)
(-57.31609, 8.853269, 110.0701)
(-57.27415, 8.585286, 111.1536)
(-57.2386, 8.181715, 112.2656)
(-57.17432, 7.775807, 113.2063)
(-57.16116, 7.313681, 114.073)
(-57.1269, 6.897902, 114.939)
(-57.11396, 6.311703, 115.6574)
(-57.10888, 5.804253, 116.4093)
(-57.10118, 5.300593, 117.1177)
(-57.11064, 4.737568, 117.7817)
(-57.1011, 4.091334, 118.4788)
(-57.04506, 3.505063, 119.1193)
(-57.00274, 2.950048, 119.7333)
(-56.94299, 2.450323, 120.2294)
(-56.83832, 2.053475, 120.7322)
(-56.5989, 1.761436, 121.0703)
(-56.46839, 1.340556, 121.3867)
