(-0.3134131, 0.1921601, -0.02254272)
(-0.3133664, 0.192102, -0.02251101)
(-0.3133664, 0.192102, -0.02251101)
(-0.3134151, 0.1921637, -0.02222323)
(-0.3134544, 0.1920271, -0.0220902)
(-0.3134494, 0.1920028, -0.02212334)
(-0.3135998, 0.1921289, -0.0220542)
(-0.3136232, 0.1921463, -0.02214861)
(-0.313679, 0.1921346, -0.02216959)
(-0.3136642, 0.1920307, -0.0222137)
(-0.3137753, 0.1918874, -0.02216458)
(-0.3138473, 0.1918564, -0.02216864)
(-0.3136678, 0.1918304, -0.02210474)
(-0.3137825, 0.1916821, -0.02208304)
(-0.313777, 0.1916511, -0.02208424)
(-0.3137732, 0.1915317, -0.02218533)
(-0.3138969, 0.1914473, -0.02231145)
(-0.3139246, 0.1914129, -0.0223043)
(-0.3139267, 0.1913335, -0.02236199)
(-0.3140292, 0.1912208, -0.0224371)
(-0.3140686, 0.1911488, -0.02252626)
(-0.3142822, 0.1911218, -0.02262425)
(-0.3142908, 0.1911936, -0.02275896)
(-0.3143768, 0.1911976, -0.02278018)
(-0.3144982, 0.1911581, -0.02286363)
(-0.3148026, 0.1909599, -0.02297282)
(-0.3148892, 0.1909544, -0.02286243)
(-0.3149934, 0.1909037, -0.02291226)
(-0.3150918, 0.1907582, -0.02285957)
(-0.3151975, 0.1907263, -0.02277541)
(-0.3153512, 0.1907234, -0.02273226)
(-0.3153417, 0.1906619, -0.02263594)
(-0.315437, 0.1905773, -0.02268052)
(-0.3157576, 0.1907327, -0.02252078)
(-0.3159184, 0.1906736, -0.02253056)
(-0.3160549, 0.1906044, -0.02259016)
(-0.3163375, 0.1906943, -0.02249098)
(-0.3163974, 0.1906865, -0.02250314)
(-0.3165674, 0.1906307, -0.02253103)
(-0.3167247, 0.1905432, -0.02259445)
(-0.3165386, 0.1905739, -0.02243257)
(-0.3167301, 0.1904838, -0.02257061)
(-0.3168219, 0.1904271, -0.02265882)
(-0.3171837, 0.1902413, -0.02274323)
(-0.3173693, 0.1902184, -0.02273035)
(-0.3175051, 0.1900113, -0.02301121)
(-0.3175758, 0.1899655, -0.02309775)
(-0.3177693, 0.1899381, -0.02328014)
(-0.3178196, 0.1897049, -0.02354312)
(-0.3180236, 0.1894662, -0.0234735)
(-0.318285, 0.1893523, -0.02354574)
(-0.3185779, 0.1893759, -0.02376699)
(-0.3190355, 0.189369, -0.02421308)
(-0.3192909, 0.189301, -0.02439952)
(-0.3194485, 0.1892116, -0.02448487)
(-0.3197079, 0.1891098, -0.02465272)
(-0.3198485, 0.1890001, -0.02471256)
(-0.3199605, 0.1889315, -0.02479887)
(-0.3203039, 0.1888745, -0.02512169)
(-0.3203832, 0.1888573, -0.02526855)
(-0.3205321, 0.1887531, -0.02528048)
(-0.3206098, 0.1886656, -0.02515507)
(-0.3208359, 0.1885314, -0.02511334)
(-0.3210171, 0.1884649, -0.02504492)
(-0.3209757, 0.1883826, -0.02488399)
(-0.3209705, 0.1884761, -0.0250051)
(-0.3210818, 0.188431, -0.02501559)
(-0.3210807, 0.1883595, -0.02501726)
(-0.3211135, 0.1882958, -0.02502894)
(-0.3211386, 0.1882331, -0.02501607)
(-0.3211362, 0.1881454, -0.02497125)
(-0.3211352, 0.1881409, -0.02512693)
(-0.3212034, 0.1881042, -0.02515411)
(-0.3212742, 0.1880157, -0.02520609)
(-0.3213837, 0.1878974, -0.02518296)
(-0.3214368, 0.1878524, -0.02515554)
(-0.3215208, 0.1877553, -0.02530885)
(-0.3216755, 0.1876094, -0.02527857)
(-0.3217518, 0.1875682, -0.02531672)
(-0.321509, 0.1873717, -0.02534676)
(-0.3215288, 0.1872909, -0.02539587)
(-0.3215542, 0.1872032, -0.02539897)
(-0.3215523, 0.1870928, -0.02540684)
(-0.3216032, 0.1869409, -0.02540493)
(-0.32163, 0.186836, -0.02540612)
(-0.3216747, 0.1867294, -0.02546501)
(-0.3214235, 0.1866727, -0.02575517)
(-0.3214238, 0.1865826, -0.02579737)
(-0.3216069, 0.1864851, -0.02597046)
(-0.3215531, 0.1863968, -0.02620983)
(-0.3216077, 0.1863296, -0.02629781)
(-0.32105, 0.1861153, -0.02624702)
(-0.3211541, 0.1859593, -0.02606869)
(-0.3210874, 0.1858952, -0.02607584)
(-0.320817, 0.1856329, -0.02618933)
(-0.3207133, 0.1855268, -0.02628803)
(-0.3206502, 0.1854432, -0.02631068)
(-0.3205593, 0.1852114, -0.0265038)
(-0.3205563, 0.1850629, -0.02650619)
(-0.3205396, 0.1849468, -0.02650404)
(-0.3203063, 0.1846061, -0.02666926)
(-0.3202747, 0.1844549, -0.02673364)
(-0.3202744, 0.1843255, -0.02676177)
(-0.3204179, 0.1841452, -0.02701283)
(-0.3201309, 0.1839895, -0.02737617)
(-0.3200945, 0.1838949, -0.02745128)
(-0.3200549, 0.1837778, -0.02753472)
(-0.3201212, 0.1836197, -0.02753925)
(-0.3201425, 0.1834743, -0.02760482)
(-0.3203526, 0.1833732, -0.02776313)
(-0.320496, 0.1832132, -0.0277288)
(-0.3205649, 0.1830769, -0.02783442)
(-0.3203641, 0.1828318, -0.02787066)
(-0.3201814, 0.1826651, -0.02832699)
(-0.3202192, 0.1825492, -0.02844119)
(-0.319761, 0.1823242, -0.02843356)
(-0.3199278, 0.1821849, -0.02832007)
(-0.3198415, 0.1820371, -0.02835727)
(-0.3197386, 0.1817818, -0.02844954)
(-0.3197042, 0.1816807, -0.02855229)
(-0.3197361, 0.1815395, -0.02860975)
(-0.319746, 0.18134, -0.02869916)
(-0.3195269, 0.1811433, -0.02903271)
(-0.3195775, 0.1809964, -0.02908039)
(-0.3192933, 0.1805501, -0.02942729)
(-0.3195767, 0.1804407, -0.02919626)
(-0.319608, 0.1802769, -0.02929711)
(-0.319631, 0.180068, -0.02947617)
(-0.3196691, 0.179913, -0.029634)
(-0.3197621, 0.179759, -0.02975678)
(-0.3199677, 0.1794579, -0.0301075)
(-0.3198732, 0.179163, -0.03054094)
(-0.3199859, 0.1790338, -0.03077626)
(-0.3200945, 0.1788037, -0.03111458)
(-0.3201542, 0.1786125, -0.03136396)
(-0.3202457, 0.1784341, -0.03156757)
(-0.3201226, 0.1780558, -0.03193116)
(-0.3205941, 0.1778259, -0.0317266)
(-0.3207102, 0.1776636, -0.03184915)
(-0.3204726, 0.1771483, -0.03212762)
(-0.3201281, 0.1765695, -0.03281045)
(-0.3202375, 0.1763442, -0.03302264)
(-0.3200597, 0.1758983, -0.03340864)
(-0.3197079, 0.1755774, -0.03393602)
(-0.3196909, 0.1754382, -0.03401661)
(-0.319679, 0.1751275, -0.03432059)
(-0.3201171, 0.174998, -0.03383422)
(-0.3200773, 0.1747973, -0.03387308)
(-0.3199953, 0.1743207, -0.03426194)
(-0.3197103, 0.1740479, -0.03454447)
(-0.3197088, 0.1738336, -0.03462529)
(-0.3197383, 0.1735365, -0.03481364)
(-0.3199077, 0.1736839, -0.03473949)
(-0.3199731, 0.1735432, -0.03480673)
(-0.3204409, 0.1737695, -0.03464007)
(-0.3204168, 0.1736536, -0.034729)
(-0.3203712, 0.173491, -0.03483534)
(-0.3201257, 0.1731167, -0.03515053)
(-0.3205087, 0.1732683, -0.03489375)
(-0.3204104, 0.1730878, -0.03504944)
(-0.3202007, 0.1728425, -0.03526878)
(-0.3201414, 0.172668, -0.03539228)
(-0.3201122, 0.1725028, -0.03556418)
(-0.3194458, 0.1720092, -0.03636408)
(-0.3194367, 0.17186, -0.03659844)
(-0.3194033, 0.1717119, -0.03680634)
(-0.3189015, 0.171191, -0.03730226)
(-0.3188875, 0.1712656, -0.03743124)
(-0.3187387, 0.1710839, -0.03764343)
(-0.3181568, 0.1704373, -0.03830099)
(-0.3183566, 0.1706879, -0.03811884)
(-0.3181913, 0.1705365, -0.03831434)
(-0.3177931, 0.170095, -0.0387826)
(-0.3185111, 0.1705167, -0.03811955)
(-0.3184394, 0.1703229, -0.03831196)
(-0.3180984, 0.1699169, -0.03867698)
(-0.3182201, 0.1699636, -0.03855038)
(-0.318027, 0.1697803, -0.03872418)
(-0.3182225, 0.1698823, -0.03861976)
(-0.3180909, 0.1696954, -0.03884006)
(-0.3179857, 0.1695297, -0.03903198)
(-0.3175012, 0.1689961, -0.03951621)
(-0.3177423, 0.1691434, -0.03931975)
(-0.31765, 0.1689575, -0.03952241)
(-0.3174773, 0.1687489, -0.03973484)
(-0.316973, 0.1685011, -0.04032087)
(-0.3168287, 0.1682608, -0.04047871)
(-0.3167074, 0.1679733, -0.04087877)
(-0.3166533, 0.1677701, -0.04111385)
(-0.3165952, 0.1675863, -0.04133725)
(-0.3168317, 0.1677146, -0.04092455)
(-0.3166862, 0.1675081, -0.04102445)
(-0.3165426, 0.1672575, -0.04109526)
(-0.31637, 0.1668751, -0.04137635)
(-0.316588, 0.1671257, -0.0410881)
(-0.316527, 0.1669004, -0.04121256)
(-0.316367, 0.166496, -0.04157376)
(-0.3169365, 0.1669853, -0.0409658)
(-0.3168133, 0.1667681, -0.04104042)
(-0.3169241, 0.1667085, -0.04099035)
(-0.3168162, 0.1664348, -0.04112911)
(-0.316759, 0.1662216, -0.04129767)
(-0.3168529, 0.1661823, -0.04136133)
(-0.31654, 0.1660378, -0.04161334)
(-0.3162667, 0.1658525, -0.04169035)
(-0.3159264, 0.1655536, -0.04200077)
(-0.3159405, 0.1657982, -0.04189396)
(-0.3155671, 0.1656537, -0.04222012)
(-0.3153698, 0.1660705, -0.04199958)
(-0.3150151, 0.1659844, -0.04229617)
(-0.3147249, 0.1659062, -0.04247713)
(-0.3143189, 0.165607, -0.04278946)
(-0.3149142, 0.1664274, -0.04176974)
(-0.314472, 0.1661675, -0.04173827)
(-0.3140109, 0.1658945, -0.04194021)
(-0.314388, 0.1666939, -0.04114294)
(-0.3140986, 0.1665902, -0.04134893)
(-0.314435, 0.1672995, -0.04028964)
(-0.3141954, 0.167228, -0.04049015)
(-0.3140039, 0.1671307, -0.04071331)
(-0.3137593, 0.1669698, -0.04096746)
(-0.3137279, 0.1672308, -0.04109716)
(-0.3137026, 0.1671348, -0.0413723)
(-0.3134477, 0.1669483, -0.04162288)
(-0.3137422, 0.1674478, -0.04144764)
(-0.3134813, 0.1674254, -0.04159713)
(-0.3126419, 0.1669612, -0.04196787)
(-0.3128934, 0.1675601, -0.04156256)
(-0.3126483, 0.1675112, -0.04178667)
(-0.3124058, 0.16728, -0.0424521)
(-0.3133392, 0.1683266, -0.04135251)
(-0.3130629, 0.1682806, -0.04133916)
(-0.3126523, 0.1677418, -0.04166698)
(-0.3129604, 0.1683891, -0.04098821)
(-0.3127561, 0.1683664, -0.04099226)
(-0.3136704, 0.1691437, -0.04024553)
(-0.3134305, 0.1690831, -0.04025412)
(-0.3130553, 0.1690905, -0.04001665)
(-0.3125608, 0.1685605, -0.0402019)
(-0.3133161, 0.169431, -0.03914928)
(-0.3130898, 0.1694517, -0.03896403)
(-0.3124561, 0.1691639, -0.03878164)
(-0.3120639, 0.1694891, -0.03833532)
(-0.3116345, 0.1692543, -0.03809953)
(-0.3117912, 0.1697462, -0.03784704)
(-0.3116033, 0.1697326, -0.03784704)
(-0.311373, 0.1697073, -0.03768206)
(-0.3108988, 0.1696651, -0.03731203)
(-0.3114905, 0.170409, -0.03626156)
(-0.3112366, 0.1703722, -0.03623605)
(-0.3106742, 0.1701093, -0.03640437)
(-0.3115876, 0.1711373, -0.03490281)
(-0.3113918, 0.1710625, -0.03472424)
(-0.312062, 0.17207, -0.03343678)
(-0.3118529, 0.1719811, -0.03319812)
(-0.3116825, 0.1719127, -0.03307629)
(-0.3116915, 0.1718473, -0.03310442)
(-0.3121028, 0.1726665, -0.03249717)
(-0.3119411, 0.1725638, -0.03250194)
(-0.3114567, 0.1721354, -0.03279853)
(-0.3128769, 0.1734579, -0.03124976)
(-0.3128948, 0.173497, -0.0314002)
(-0.3125789, 0.1733849, -0.03139901)
(-0.3131082, 0.1741068, -0.03036094)
(-0.3127515, 0.1740537, -0.03005791)
(-0.3132894, 0.1746922, -0.02904725)
(-0.3228896, 0.1858397, -0.01774669)
(-0.3234413, 0.1867909, -0.01667333)
(-0.3231236, 0.1868954, -0.01636887)
(-0.3231195, 0.1869071, -0.01601696)
(-0.3230504, 0.1867609, -0.01586294)
(-0.3231438, 0.1870031, -0.01572251)
(-0.3231382, 0.1872382, -0.01537013)
(-0.3228505, 0.1872911, -0.01505136)
(-0.3226433, 0.1874089, -0.01435947)
(-0.3222604, 0.187593, -0.01385951)
(-0.3212173, 0.1871076, -0.01375866)
(-0.321071, 0.1873622, -0.01311326)
(-0.3208808, 0.1877141, -0.01258087)
(-0.3206683, 0.1880436, -0.01209331)
(-0.3201814, 0.1887598, -0.01189566)
(-0.3197911, 0.1893942, -0.01164293)
(-0.3190355, 0.1900213, -0.01122189)
(-0.3187085, 0.1908431, -0.0103755)
(-0.3184067, 0.191664, -0.009361029)
(-0.3179878, 0.1924422, -0.008382797)
(-0.3176174, 0.1933148, -0.007209778)
(-0.3172272, 0.1943376, -0.006530285)
(-0.316843, 0.1954854, -0.005541325)
(-0.3165927, 0.196723, -0.004221439)
(-0.3162612, 0.1983373, -0.002662897)
(-0.3159993, 0.2000933, -0.0009827614)
(-0.3159249, 0.2020457, 0.0008010864)
(-0.3159813, 0.204375, 0.002318859)
(-0.3157051, 0.2067227, 0.004134655)
(-0.315868, 0.2098653, 0.006100655)
(-0.3162211, 0.2133701, 0.008558512)
(-0.3163679, 0.2165241, 0.01101851)
(-0.3169601, 0.2200718, 0.01421714)
(-0.317361, 0.2239742, 0.0175395)
(-0.3179749, 0.2281899, 0.02114129)
(-0.3182234, 0.2323754, 0.0247345)
(-0.3188505, 0.2367561, 0.02872181)
(-0.3191519, 0.240773, 0.03300261)
(-0.3200278, 0.2448421, 0.0376904)
(-0.3208406, 0.2492454, 0.04292464)
(-0.3216993, 0.2531877, 0.04766464)
(-0.3222589, 0.2574215, 0.05268002)
(-0.3228723, 0.2614963, 0.05812335)
(-0.323674, 0.2658129, 0.0636766)
(-0.324036, 0.2703717, 0.06950665)
(-0.3245115, 0.2748609, 0.0755024)
(-0.3248396, 0.2798474, 0.08176374)
(-0.3248055, 0.285183, 0.08753538)
(-0.3241374, 0.2913032, 0.0934279)
(-0.3236402, 0.2974482, 0.09841013)
(-0.3226336, 0.3054545, 0.1027787)
(-0.3212608, 0.3143535, 0.1066899)
(-0.320009, 0.3247886, 0.1099007)
(-0.3190817, 0.3339951, 0.1141269)
(-0.3172696, 0.3453145, 0.1186361)
(-0.3154476, 0.3565245, 0.1236203)
(-0.3142157, 0.3677211, 0.1300697)
(-0.3126864, 0.3802543, 0.1377599)
(-0.3113954, 0.3915467, 0.1445987)
(-0.3098681, 0.403152, 0.1524713)
(-0.3084753, 0.4149611, 0.1602707)
(-0.3071206, 0.4267011, 0.1679852)
(-0.3059182, 0.4387223, 0.1753938)
(-0.3047216, 0.4505997, 0.1838181)
(-0.3035989, 0.4620866, 0.1928146)
(-0.3022156, 0.4736531, 0.2015579)
(-0.3013363, 0.4846426, 0.2127373)
(-0.3007834, 0.4948959, 0.2226789)
(-0.3001382, 0.5039562, 0.2324554)
(-0.3000283, 0.5118948, 0.2429205)
(-0.3004742, 0.5190462, 0.2536913)
(-0.3000643, 0.5263911, 0.2642913)
(-0.3008828, 0.5318125, 0.275413)
(-0.302278, 0.537131, 0.2867911)
(-0.3025744, 0.5417795, 0.2977562)
(-0.30339, 0.5459769, 0.3089732)
(-0.3045449, 0.5492002, 0.3218989)
(-0.3053184, 0.5512981, 0.3334141)
(-0.3063009, 0.5532218, 0.3453629)
(-0.3078859, 0.5529554, 0.3576766)
(-0.3092299, 0.5534194, 0.3697606)
(-0.3104827, 0.5523363, 0.3823858)
(-0.311831, 0.5508282, 0.3950905)
(-0.3131361, 0.5486351, 0.4078339)
(-0.3140469, 0.5467881, 0.4206233)
(-0.315125, 0.5435836, 0.4342955)
(-0.3162344, 0.5403467, 0.4470801)
(-0.317332, 0.5370042, 0.4598694)
(-0.3183023, 0.5330392, 0.4720943)
(-0.319715, 0.5293192, 0.484808)
(-0.3208719, 0.5252877, 0.4970727)
(-0.3218629, 0.5208871, 0.5089059)
(-0.3237348, 0.5162684, 0.5207586)
(-0.3249003, 0.5121722, 0.5325776)
(-0.326164, 0.5071886, 0.5443419)
(-0.3280237, 0.5025989, 0.5554011)
(-0.3291668, 0.4986964, 0.566041)
(-0.3299459, 0.4951282, 0.5744901)
(-0.3311918, 0.4917889, 0.5825384)
(-0.33255, 0.4879862, 0.5914243)
(-0.3332906, 0.4848348, 0.5986536)
(-0.3344767, 0.4811229, 0.6053879)
(-0.3352958, 0.4777119, 0.6122481)
(-0.3359336, 0.474107, 0.6179636)
(-0.3367878, 0.4703261, 0.6238638)
(-0.3371925, 0.4667834, 0.6285502)
(-0.3374147, 0.4632075, 0.632762)
(-0.3376707, 0.4595214, 0.6369827)
(-0.3374963, 0.4558827, 0.6401658)
(-0.3371563, 0.4519979, 0.6428275)
(-0.336746, 0.447806, 0.6448995)
(-0.336143, 0.4437041, 0.6471698)
(-0.3342054, 0.4388125, 0.6494387)
(-0.3327857, 0.4348458, 0.6494725)
(-0.3300303, 0.4353057, 0.6478443)
(-0.3320334, 0.4444684, 0.6450025)
(-0.3306215, 0.4511495, 0.6448818)
(-0.3315814, 0.4527123, 0.6474763)
(-0.3342446, 0.4479307, 0.6528196)
(-0.3349419, 0.4429839, 0.6568106)
(-0.3357773, 0.4420654, 0.6599426)
(-0.3335818, 0.4431564, 0.660893)
(-0.3328812, 0.4441978, 0.6598637)
(-0.3329039, 0.444352, 0.6587479)
(-0.3328218, 0.4432354, 0.6581038)
(-0.3334463, 0.442264, 0.6579926)
(-0.3335582, 0.4410869, 0.6575282)
(-0.3342199, 0.4407566, 0.6588901)
(-0.3343325, 0.4409823, 0.6611613)
(-0.3343267, 0.4411809, 0.6616807)
(-0.3343834, 0.4412426, 0.6623657)
(-0.3347622, 0.4409429, 0.66294)
(-0.3350945, 0.4404711, 0.6631401)
(-0.3358884, 0.4397813, 0.6628036)
(-0.3360983, 0.4395348, 0.6626754)
(-0.3364747, 0.4394813, 0.6627331)
(-0.3368318, 0.4393461, 0.6629082)
(-0.3371627, 0.4390788, 0.6630242)
(-0.3382251, 0.4389619, 0.6632693)
(-0.3388362, 0.4388551, 0.662865)
(-0.3391206, 0.4387692, 0.6627203)
(-0.3399885, 0.4388771, 0.6629909)
(-0.3403451, 0.4387183, 0.6628423)
(-0.3405428, 0.4385122, 0.6625488)
(-0.3412898, 0.4386184, 0.6624463)
(-0.3417354, 0.4385973, 0.6620641)
(-0.3422867, 0.4385409, 0.6615388)
(-0.343443, 0.4387753, 0.6618099)
(-0.343598, 0.4388344, 0.661366)
(-0.3436677, 0.4388338, 0.6608379)
(-0.3437957, 0.4388548, 0.6605861)
(-0.3438528, 0.4388832, 0.6605182)
(-0.3440124, 0.4388647, 0.6602259)
(-0.3441224, 0.4390659, 0.6602091)
(-0.3439517, 0.4391392, 0.6598034)
(-0.3438607, 0.43911, 0.6593022)
(-0.3438346, 0.4393276, 0.6587867)
(-0.344072, 0.4394628, 0.6583834)
(-0.3443155, 0.4395196, 0.6578472)
(-0.3443031, 0.4396319, 0.657249)
(-0.3443723, 0.4396274, 0.6569203)
(-0.3445773, 0.4397919, 0.6565123)
(-0.345186, 0.4402963, 0.6563811)
(-0.3394506, 0.434384, 0.651235)
(-0.3396432, 0.4343151, 0.6506327)
(-0.3398576, 0.4344068, 0.6500646)
(-0.34009, 0.434599, 0.6495397)
(-0.3402516, 0.4343771, 0.648978)
(-0.3403846, 0.4342878, 0.6484771)
(-0.3408787, 0.4344236, 0.6480564)
(-0.3411378, 0.434495, 0.6473784)
(-0.3414562, 0.4345573, 0.646533)
(-0.3419815, 0.4346637, 0.6458848)
(-0.3422228, 0.434674, 0.6452092)
(-0.3425136, 0.4346375, 0.6445446)
(-0.3428868, 0.4346995, 0.644025)
(-0.3430907, 0.4345802, 0.6436206)
(-0.3432531, 0.4346161, 0.6431546)
(-0.3435333, 0.4349051, 0.6428921)
(-0.3435504, 0.4349396, 0.6423291)
(-0.3435757, 0.4348818, 0.6417508)
(-0.3439552, 0.435066, 0.6413082)
(-0.3444197, 0.4350286, 0.6409315)
(-0.3446275, 0.435056, 0.6406012)
(-0.3449142, 0.4353343, 0.6405827)
(-0.3448627, 0.4353573, 0.6403954)
(-0.3448147, 0.4353592, 0.6400739)
(-0.3450682, 0.4354315, 0.6397612)
(-0.3452477, 0.4353933, 0.6395354)
(-0.3452477, 0.4353933, 0.6395354)
(-0.3453603, 0.4354411, 0.6394703)
(-0.3455265, 0.4355673, 0.6392823)
(-0.3455236, 0.435571, 0.6389263)
(-0.3453808, 0.435549, 0.638477)
(-0.3453339, 0.4355888, 0.637979)
(-0.3453482, 0.4356492, 0.6376021)
(-0.3453735, 0.4356403, 0.6371844)
(-0.3455203, 0.4356438, 0.6368673)
(-0.3455434, 0.4356831, 0.6367903)
(-0.345566, 0.4357159, 0.6366127)
(-0.3456491, 0.435703, 0.6364014)
(-0.3456709, 0.435702, 0.6361679)
(-0.3457029, 0.4357108, 0.63598)
(-0.345829, 0.4357095, 0.635811)
(-0.3459392, 0.435719, 0.6356694)
(-0.3460704, 0.4357415, 0.6355231)
(-0.3460265, 0.4357861, 0.6353893)
(-0.3460046, 0.4357877, 0.6353209)
(-0.3459196, 0.4357752, 0.6352782)
(-0.3458486, 0.4357843, 0.6354797)
(-0.3456442, 0.4358215, 0.6357671)
(-0.3455297, 0.4360181, 0.6362288)
(-0.345503, 0.4363685, 0.636517)
(-0.345203, 0.4366698, 0.6362045)
(-0.3448577, 0.437112, 0.6365027)
(-0.344856, 0.4373124, 0.6363673)
(-0.3445565, 0.4376595, 0.6365662)
(-0.3438089, 0.4376862, 0.6364789)
(-0.3431159, 0.437819, 0.6367838)
(-0.3429055, 0.4378175, 0.6371384)
(-0.3426948, 0.437915, 0.6374744)
(-0.3423328, 0.4380373, 0.6377163)
(-0.3421497, 0.4382776, 0.6377826)
(-0.3420261, 0.4385656, 0.6379527)
(-0.3419812, 0.4386895, 0.6379676)
(-0.3418412, 0.4388039, 0.6380206)
(-0.341803, 0.4390399, 0.6380444)
(-0.3415214, 0.4390264, 0.638365)
(-0.3413112, 0.4390898, 0.6384364)
(-0.3410335, 0.4391989, 0.6386945)
(-0.3406255, 0.4394668, 0.6386319)
(-0.340381, 0.4395926, 0.6387395)
(-0.3399723, 0.4395418, 0.63879)
(-0.3397088, 0.4396578, 0.6389047)
(-0.3395066, 0.439777, 0.6389714)
(-0.3393595, 0.4399202, 0.6390351)
(-0.339047, 0.4400961, 0.6391063)
(-0.3387985, 0.4402374, 0.6393279)
(-0.3387215, 0.4403498, 0.6393886)
(-0.3386885, 0.4403737, 0.63965)
(-0.3385849, 0.4404527, 0.6397992)
(-0.3384421, 0.440514, 0.6398771)
(-0.3383317, 0.4405075, 0.6400875)
(-0.3380716, 0.4405907, 0.6403337)
(-0.3377128, 0.4405341, 0.6403725)
(-0.3375577, 0.4406108, 0.6403553)
(-0.3372719, 0.4407004, 0.6404588)
(-0.3372481, 0.440984, 0.6405737)
(-0.3373961, 0.4407377, 0.6408061)
(-0.3373806, 0.4407769, 0.6407696)
(-0.3372884, 0.4408139, 0.6407522)
(-0.3372314, 0.4410551, 0.6405425)
(-0.3372689, 0.441156, 0.6404225)
(-0.3373675, 0.4413699, 0.6404699)
(-0.3370507, 0.4415004, 0.6405916)
(-0.3369859, 0.4415538, 0.6405743)
(-0.3366957, 0.4414934, 0.6405382)
(-0.3365532, 0.4414722, 0.6407192)
(-0.3363243, 0.4415368, 0.6408757)
(-0.3360791, 0.4414589, 0.6408553)
(-0.3359351, 0.4414922, 0.6407439)
(-0.3357817, 0.4414955, 0.6407124)
(-0.3356737, 0.4415711, 0.6407822)
(-0.3356824, 0.4414583, 0.6409609)
(-0.3355625, 0.4415116, 0.6409806)
(-0.3354652, 0.4415823, 0.641014)
(-0.3353529, 0.4415587, 0.6410481)
