(0.19597889926696843, -0.14992552660794203, 0.47454142239054314)
(0.19597889926696843, -0.13009593421548304, 0.47571088898001224)
(0.19597889926696843, -0.110668858023098, 0.47708265445491627)
(0.19597889926696843, -0.0916442980307869, 0.4786567188152553)
(0.19597889926696843, -0.07302225423854976, 0.4804330820610293)
(0.19597889926696843, -0.05480272664638655, 0.4824117441922383)
(0.19597889926696843, -0.036985715254297294, 0.48459270520888226)
(0.19597889926696843, -0.019571220062281958, 0.4869759651109612)
(0.19597889926696843, -0.002559241070340612, 0.48956152389847507)
(0.19597889926696843, 0.01405022172152684, 0.492349381571424)
(0.19597889926696843, 0.030257168313320287, 0.49533953812980785)
(0.19597889926696843, 0.04606159870503984, 0.4985319935736267)
(0.19597889926696843, 0.06146351289668542, 0.5019267479028805)
(0.19597889926696843, 0.07646291088825707, 0.5055238011175693)
(0.19597889926696843, 0.09105979267975475, 0.5093231532176931)
(0.19597889926696843, 0.10525415827117854, 0.5133248042032518)
(0.19597889926696843, 0.11904600766252829, 0.5175287540742456)
(0.19597889926696843, 0.13243534085380418, 0.5219350028306743)
(0.19597889926696843, 0.1454221578450061, 0.526543550472538)
(0.19597889926696843, 0.15800645863613408, 0.5313543969998366)
(0.19597889926696843, 0.17018824322718804, 0.5363675424125702)
(0.19597889926696843, 0.18196751161816818, 0.5415829867107388)
(0.19597889926696843, 0.19334426380907424, 0.5470007298943425)
(0.19597889926696843, 0.2043184997999065, 0.552620771963381)
(0.19597889926696843, 0.21489021959066465, 0.5584431129178545)
(0.19597889926696843, 0.23181459412383745, 0.5677907666469728)
(0.19597889926696843, 0.24315412131125735, 0.5744058830725952)
(0.19597889926696843, 0.25399693466081297, 0.5812740575908855)
(0.19597889926696843, 0.26429608385161396, 0.5883925347673931)
(0.19597889926696843, 0.27400741745416246, 0.595754866909651)
(0.19597889926696843, 0.2830843883792554, 0.6033539323836773)
(0.19597889926696843, 0.29148712893725426, 0.6111784970281551)
(0.19597889926696843, 0.2991797903974547, 0.6192138107265094)
(0.19597889926696843, 0.3061308406116149, 0.6274424290107181)
(0.19597889926696843, 0.3123079751828084, 0.6358485479141864)
(0.19597889926696843, 0.3176920337098068, 0.6444080274377401)
(0.19597889926696843, 0.32226471158479875, 0.6530970781447003)
(0.19597889926696843, 0.32601553413688517, 0.6618920070105434)
(0.19597889926696843, 0.32894010935541296, 0.6707660358131792)
(0.19597889926696843, 0.3310416236209813, 0.679684482016269)
(0.19597889926696843, 0.332326488740471, 0.6886167833331341)
(0.19597889926696843, 0.3328065520963383, 0.6975281426313078)
(0.19597889926696843, 0.3325019954192432, 0.70638177780203)
(0.19597889926696843, 0.33143515554904857, 0.7151398416474593)
(0.19597889926696843, 0.3296332948266404, 0.7237658562018251)
(0.19597889926696843, 0.3271285438255241, 0.7322193046666248)
(0.19597889926696843, 0.3239546768845165, 0.7404654550935773)
(0.19597889926696843, 0.32014948965421336, 0.7484697716775317)
(0.19597889926696843, 0.3157355827415623, 0.7561938331574626)
(0.19597889926696843, 0.3107620845352023, 0.7636091367095982)
(0.19597889926696843, 0.305624366153899, 0.7707672397732047)
(0.19597889926696843, 0.3002560319530747, 0.7775686524840049)
(0.19597889926696843, 0.29473052368336095, 0.7839951490626409)
(0.19597889926696843, 0.2891178012283913, 0.7900310704271368)
(0.19597889926696843, 0.28347953172814994, 0.7956688282815194)
(0.19597889926696843, 0.2778763285098561, 0.8008982560924982)
(0.19597889926696843, 0.2723643012701043, 0.8057124091845099)
(0.19597889926696843, 0.2669906591655974, 0.8101139026828279)
(0.19597889926696843, 0.2618006758900688, 0.814103153899623)
(0.19597889926696843, 0.25683233497524727, 0.8176841171812325)
(0.19597889926696843, 0.2521191254594039, 0.8208635051890625)
(0.19597889926696843, 0.24768650522011254, 0.8236586485999581)
(0.19597889926696843, 0.24355740378358984, 0.8260834719625287)
(0.19597889926696843, 0.23974802954859029, 0.8281567733390048)
(0.19597889926696843, 0.23627173336192608, 0.8299011977845541)
(0.19597889926696843, 0.23313374012966345, 0.8313397633053811)
(0.19597889926696843, 0.2303343231807171, 0.8324957767260924)
(0.19597889926696843, 0.2278689298534902, 0.8333973501821687)
(0.19597889926696843, 0.22572560500224276, 0.8340728764195651)
(0.19597889926696843, 0.22389403821048587, 0.834544479249764)
(0.19597889926696843, 0.2223588660655355, 0.8348357985125898)
(0.19597889926696843, 0.22110034337923481, 0.8349704672847341)
(0.19597889926696843, 0.2200954094718514, 0.8349711935173691)
(0.19597889926696843, 0.21931965350557955, 0.8348610987709318)
(0.19597889926696843, 0.2187478525079467, 0.8346637639003938)
(0.19597889926696843, 0.21835195404003532, 0.8344024401192845)
(0.19597889926696843, 0.21810446599595482, 0.834097622845668)
(0.19597889926696843, 0.21797969697646566, 0.8337672194724873)
(0.19597889926696843, 0.2179539713754854, 0.833426159055163)
(0.19597889926696843, 0.21800368545172244, 0.8330885793172019)
(0.19597889926696843, 0.21811222666485436, 0.8327645003694422)
(0.19597889926696843, 0.21826211167649381, 0.8324630466121955)
(0.19597889926696843, 0.21843766178710192, 0.8321922840446239)
(0.19597889926696843, 0.21862520140428732, 0.8319586796544739)
(0.19597889926696843, 0.21881976396337383, 0.8317620301742015)
(0.19597889926696843, 0.21901112903795614, 0.8316058594867156)
(0.19597889926696843, 0.21919562691310565, 0.8314895988361541)
(0.19597889926696843, 0.21936968932030887, 0.8314080904819102)
(0.19597889926696843, 0.21953101223270552, 0.8313546804819507)
(0.19597889926696843, 0.21967633925989577, 0.8313277702250453)
(0.19597889926696843, 0.2198055104767777, 0.8313193640463451)
(0.19597889926696843, 0.21991930106430818, 0.8313233581313337)
(0.19597889926696843, 0.22001539429582676, 0.8313346119638773)
(0.19597889926696843, 0.22009386345658696, 0.8313489778403547)
(0.19597889926696843, 0.22015426466194846, 0.8313613127073466)
(0.19597889926696843, 0.22019488595618386, 0.8313721165237039)
(0.19597889926696843, 0.22021567871151299, 0.8313782485816347)
(0.19597889926696843, 0.22021567871151299, 0.8313782485816347)
(0.19597889926696843, 0.22021567871151299, 0.8313782485816347)
(0.19597889926696843, 0.22021567871151299, 0.8313782485816347)
(0.19597889926696843, 0.22021567871151299, 0.8313782485816347)
(0.19597889926696843, 0.22021567871151299, 0.8313782485816347)
(0.19597889926696843, 0.22021567871151299, 0.8313782485816347)
(0.19597889926696843, 0.22021567871151299, 0.8313782485816347)
(0.19597889926696843, 0.22021567871151299, 0.8313782485816347)
(0.19597889926696843, 0.22021567871151299, 0.8313782485816347)
(0.19597889926696843, 0.22021567871151299, 0.8313782485816347)
(0.19597889926696843, 0.22021567871151299, 0.8313782485816347)
(0.19597889926696843, 0.22021567871151299, 0.8313782485816347)
(0.19597889926696843, 0.22021567871151299, 0.8313782485816347)
(0.19597889926696843, 0.22021567871151299, 0.8313782485816347)
(0.19597889926696843, 0.22021567871151299, 0.8313782485816347)
(0.19597889926696843, 0.22021567871151299, 0.8313782485816347)
(0.19597889926696843, 0.22021567871151299, 0.8313782485816347)
(0.19597889926696843, 0.22021567871151299, 0.8313782485816347)
(0.19597889926696843, 0.22021567871151299, 0.8313782485816347)
(0.19597889926696843, 0.22021567871151299, 0.8313782485816347)
(0.19597889926696843, 0.22021567871151299, 0.8313782485816347)
(0.19597889926696843, 0.22021567871151299, 0.8313782485816347)
(0.19597889926696843, 0.22021567871151299, 0.8313782485816347)
(0.19597889926696843, 0.22021567871151299, 0.8313782485816347)
(0.19597889926696843, 0.22021567871151299, 0.8313782485816347)
(0.19597889926696843, 0.22021567871151299, 0.8313782485816347)
(0.19597889926696843, 0.22021567871151299, 0.8313782485816347)
(0.19597889926696843, 0.22021567871151299, 0.8313782485816347)
(0.19597889926696843, 0.22021567871151299, 0.8313782485816347)
(0.19597889926696843, 0.22021567871151299, 0.8313782485816347)
(0.19597889926696843, 0.22021567871151299, 0.8313782485816347)
(0.19597889926696843, 0.22021567871151299, 0.8313782485816347)
(0.19597889926696843, 0.22021567871151299, 0.8313782485816347)
(0.19597889926696843, 0.22021567871151299, 0.8313782485816347)
(0.19597889926696843, 0.22021567871151299, 0.8313782485816347)
(0.19597889926696843, 0.22021567871151299, 0.8313782485816347)
(0.19597889926696843, 0.22021567871151299, 0.8313782485816347)
(0.19597889926696843, 0.22021567871151299, 0.8313782485816347)
(0.19597889926696843, 0.22021567871151299, 0.8313782485816347)
(0.19597889926696843, 0.22021567871151299, 0.8313782485816347)
(0.19597889926696843, 0.22021567871151299, 0.8313782485816347)
(0.19597889926696843, 0.22021567871151299, 0.8313782485816347)
(0.19597889926696843, 0.22021567871151299, 0.8313782485816347)
(0.19597889926696843, 0.22021567871151299, 0.8313782485816347)
(0.19597889926696843, 0.22021567871151299, 0.8313782485816347)
(0.19597889926696843, 0.22021567871151299, 0.8313782485816347)
(0.19597889926696843, 0.22049695731882898, 0.8308472874834081)
(0.19597889926696843, 0.22065952644404438, 0.8303677994165859)
(0.19597889926696843, 0.22071090016764205, 0.8299456226171246)
(0.19597889926696843, 0.22065590613664193, 0.8295896063159868)
(0.19597889926696843, 0.22050319910267657, 0.8293031335286755)
(0.19597889926696843, 0.22025743150827776, 0.8290978159601606)
(0.19597889926696843, 0.21992971795791444, 0.8289762114783589)
(0.19597889926696843, 0.21953137059357392, 0.8289409661941192)
(0.19597889926696843, 0.2190727749140654, 0.8289967952298467)
(0.19597889926696843, 0.21856570719241114, 0.8291475509069345)
(0.19597889926696843, 0.218018395061296, 0.8294060463293462)
(0.19597889926696843, 0.21744572118056008, 0.8297743185855233)
(0.19597889926696843, 0.2168632413655206, 0.8302542363162442)
(0.19597889926696843, 0.21628965935166714, 0.8308455636383981)
(0.19597889926696843, 0.21574583021855231, 0.8315510397336314)
(0.19597889926696843, 0.21525137635228764, 0.8323728041614534)
(0.19597889926696843, 0.2148297715980613, 0.8333103241143487)
(0.19597889926696843, 0.214507112001755, 0.8343667652584543)
(0.19597889926696843, 0.21430791407572272, 0.8355452104269719)
(0.19597889926696843, 0.21426082333706403, 0.8368469040067338)
(0.19597889926696843, 0.21439553921701796, 0.8382760342530505)
(0.19597889926696843, 0.2147426880930662, 0.8398357409323118)
(0.19597889926696843, 0.21533513288307884, 0.8415277924561335)
(0.19597889926696843, 0.2162084348294855, 0.8433548610398475)
(0.19597889926696843, 0.21739613801276095, 0.8453187767661252)
(0.19597889926696843, 0.21893279219713416, 0.8474207955618517)
(0.19597889926696843, 0.22085418312159846, 0.8496633017583004)
(0.19597889926696843, 0.22319374091835084, 0.852046653516923)
(0.19597889926696843, 0.22598520589439175, 0.8545717784607489)
(0.19597889926696843, 0.22925991751414485, 0.8572374051129904)
(0.19597889926696843, 0.2330472149328225, 0.8600410000142887)
(0.19597889926696843, 0.23737403901134543, 0.8629798068702057)
(0.19597889926696843, 0.24226199821055985, 0.8660495557555193)
(0.19597889926696843, 0.24772968529424172, 0.8692457931424096)
(0.19597889926696843, 0.2537911937597665, 0.8725631783334384)
(0.19597889926696843, 0.2604531085757201, 0.8759948038139115)
(0.19597889926696843, 0.26771754087198546, 0.8795349397536388)
(0.19597889926696843, 0.2755825960095962, 0.8831760449903309)
(0.19597889926696843, 0.2840385237197459, 0.8869101666475648)
(0.19597889926696843, 0.2930678870671742, 0.8907278000234904)
(0.19597889926696843, 0.30264902732623555, 0.8946186790367446)
(0.19597889926696843, 0.3127509502019677, 0.8985737499329941)
(0.19597889926696843, 0.3233369451436908, 0.902584102586308)
(0.19597889926696843, 0.3343645346846381, 0.9066388929620461)
(0.19597889926696843, 0.34578184676842805, 0.9107300869155287)
(0.19597889926696843, 0.3575308624926173, 0.9148518232701113)
(0.19597889926696843, 0.36954605695205195, 0.9190004674712784)
(0.19597889926696843, 0.3817554792617628, 0.923173041744369)
(0.19597889926696843, 0.39408003099037486, 0.9273664969861712)
(0.19597889926696843, 0.4064354260052857, 0.9315760834458785)
(0.19597889926696843, 0.41826335614123805, 0.9365699271971445)
(0.19597889926696843, 0.4298624147290251, 0.9417674365114496)
(0.19597889926696843, 0.44117789318726586, 0.9471652131790382)
(0.19597889926696843, 0.45215981159780894, 0.9527550280956542)
(0.19597889926696843, 0.46275689756318555, 0.9585327254480606)
(0.19597889926696843, 0.47292524494164057, 0.9644838783195286)
(0.19597889926696843, 0.4826182082360618, 0.9706010642602555)
(0.19597889926696843, 0.49179210230233317, 0.9768765105855698)
(0.19597889926696843, 0.5004082074570727, 0.9832998080929676)
(0.19597889926696843, 0.5084311903581947, 0.9898606595629182)
(0.19597889926696843, 0.5158354474487046, 0.9965372858481659)
(0.19597889926696843, 0.5225953592521523, 1.0033161940863915)
(0.19597889926696843, 0.5286908023859708, 1.010183628862507)
(0.19597889926696843, 0.5341047895562249, 1.01712808048599)
(0.19597889926696843, 0.5388241901078108, 1.0241351819986548)
(0.19597889926696843, 0.5428436625226644, 1.0311908965090213)
(0.19597889926696843, 0.5461607743468189, 1.038284346873128)
(0.19597889926696843, 0.5487765363878836, 1.0454013890241884)
(0.19597889926696843, 0.5506998761162165, 1.0525277240007966)
(0.19597889926696843, 0.5519418426796325, 1.0596510421686083)
(0.19597889926696843, 0.5525179100725525, 1.0667560207358175)
(0.19597889926696843, 0.552447795900779, 1.073827850208444)
(0.19597889926696843, 0.5517534419681006, 1.080852927042963)
(0.19597889926696843, 0.5504572287947357, 1.0878165771084363)
(0.19597889926696843, 0.5485859654963312, 1.0947046625100005)
(0.19597889926696843, 0.5478747987118264, 1.0977709982042891)
(0.19597889926696843, 0.5460696289566854, 1.103845039846086)
(0.19597889926696843, 0.5437540109534547, 1.1098409084923462)
(0.19597889926696843, 0.5409279447021339, 1.1157586041430703)
(0.19597889926696843, 0.5375914302027234, 1.1215981267982575)
(0.19597889926696843, 0.533744467455223, 1.1273594764579087)
(0.19597889926696843, 0.5293870564596328, 1.1330426531220232)
(0.19597889926696843, 0.5245191972159526, 1.1386476567906012)
(0.19597889926696843, 0.5191408897241827, 1.1441744874636428)
(0.19597889926696843, 0.5132521339843229, 1.149623145141148)
(0.19597889926696843, 0.5068529299963733, 1.154993629823117)
(0.19597889926696843, 0.49994327776033387, 1.160285941509549)
(0.19597889926696843, 0.49252317727620454, 1.165500080200445)
(0.19597889926696843, 0.4845926285439853, 1.1706360458958043)
(0.19597889926696843, 0.47615163156367624, 1.1756938385956273)
(0.19597889926696843, 0.46720018633527743, 1.1806734582999137)
(0.19597889926696843, 0.45773829285878864, 1.1855749050086637)
(0.19597889926696843, 0.4477659511342101, 1.1903981787218774)
(0.19597889926696843, 0.4372831611615416, 1.1951432794395545)
(0.19597889926696843, 0.42628992294078333, 1.1998102071616952)
(0.19597889926696843, 0.41478623647193513, 1.2043989618882993)
(0.19597889926696843, 0.4027721017549972, 1.208909543619367)
(0.19597889926696843, 0.3902475187899694, 1.2133419523548983)
(0.19597889926696843, 0.37721248757685166, 1.2176961880948933)
(0.19597889926696843, 0.3636670081156441, 1.2219722508393516)
