(1.2805520610859735, 1.6164740006334852, 0.5924413691312221)
(1.2805520610859735, 1.6164929708320261, 0.5924966965989477)
(1.2805520610859735, 1.6165125729425627, 0.5925485834541975)
(1.2805520610859735, 1.6165328069650948, 0.5925970296969715)
(1.2805520610859735, 1.6165536728996224, 0.5926420353272698)
(1.2805520610859735, 1.6165751707461455, 0.5926836003450923)
(1.2805520610859735, 1.6165973005046643, 0.592721724750439)
(1.2805520610859735, 1.6166200621751787, 0.59275640854331)
(1.2805520610859735, 1.6166434557576888, 0.5927876517237053)
(1.2805520610859735, 1.6166674812521942, 0.5928154542916247)
(1.2805520610859735, 1.6166921386586952, 0.5928398162470685)
(1.2805520610859735, 1.6167174279771919, 0.5928607375900364)
(1.2805520610859735, 1.616743349207684, 0.5928782183205287)
(1.2805520610859735, 1.6167699023501718, 0.5928922584385451)
(1.2805520610859735, 1.616797087404655, 0.5929028579440857)
(1.2805520610859735, 1.616824904371134, 0.5929100168371506)
(1.2805520610859735, 1.6168533532496083, 0.5929137351177398)
(1.2805520610859735, 1.6168824340400785, 0.5929140127858532)
(1.2805520610859735, 1.616912146742544, 0.5929108498414909)
(1.2805520610859735, 1.6169424913570052, 0.5929042462846528)
(1.2805520610859735, 1.616973467883462, 0.5928942021153388)
(1.2805520610859735, 1.6170050763219141, 0.5928807173335492)
(1.2805520610859735, 1.6170373166723622, 0.5928637919392838)
(1.2805520610859735, 1.6170701889348056, 0.5928434259325427)
(1.2805520610859735, 1.6171036931092446, 0.5928196193133257)
(1.2805520610859735, 1.6171705210575993, 0.5927989735816968)
(1.2805520610859735, 1.6172189391345224, 0.5927888094615043)
(1.2805520610859735, 1.617268707355676, 0.5927749856201582)
(1.2805520610859735, 1.6173201394710608, 0.5927527273653506)
(1.2805520610859735, 1.6173720354806753, 0.5927215771970812)
(1.2805520610859735, 1.617421006778753, 0.5926873329086194)
(1.2805520610859735, 1.6174685871152914, 0.5926443187788117)
(1.2805520610859735, 1.6175135070191375, 0.5925948387355429)
(1.2805520610859735, 1.6175602432210603, 0.5925385322547735)
(1.2805520610859735, 1.6176089486056757, 0.5924734414422738)
(1.2805520610859735, 1.6176553000960612, 0.5923980929999662)
(1.2805520610859735, 1.617697430047983, 0.592319555201889)
(1.2805520610859735, 1.617739116778753, 0.5922366640528504)
(1.2805520610859735, 1.6177789596152912, 0.5921427244422737)
(1.2805520610859735, 1.6178077670672142, 0.5920367612066963)
(1.2805520610859735, 1.6178341604325992, 0.5919233685047735)
(1.2805520610859735, 1.617855370913368, 0.5917984993316965)
(1.2805520610859735, 1.617877031490291, 0.5916644651201581)
(1.2805520610859735, 1.6178963155768291, 0.5915197652980427)
(1.2805520610859735, 1.617912256634522, 0.5913661646057352)
(1.2805520610859735, 1.6179207542787524, 0.5912148913316969)
(1.2805520610859735, 1.6179271399037525, 0.5910648069663123)
(1.2805520610859735, 1.617931526009521, 0.5909050373653506)
(1.2805520610859735, 1.617930989999907, 0.590736322307658)
(1.2805520610859735, 1.6179287867787528, 0.5905684999951583)
(1.2805520610859735, 1.6179226288941373, 0.5903959865624661)
(1.2805520610859735, 1.617913952163368, 0.5902168840384274)
(1.2805520610859735, 1.6179083754806758, 0.5900452025528506)
(1.2805520610859735, 1.6178971844229835, 0.5898696907788122)
(1.2805520610859735, 1.6178832920191377, 0.5896943062740044)
(1.2805520610859735, 1.6178675062499066, 0.5895210632884273)
(1.2805520610859735, 1.617847278894137, 0.5893491090288121)
(1.2805520610859735, 1.6178231391825986, 0.5891750748028505)
(1.2805520610859735, 1.6177896933652913, 0.5889965821249661)
(1.2805520610859735, 1.6177564868749068, 0.5888162753749658)
(1.2805520610859735, 1.6177186038941374, 0.5886382210528508)
(1.2805520610859735, 1.617683985240291, 0.5884677397115045)
(1.2805520610859735, 1.6176447326441374, 0.5883046041441969)
(1.2805520610859735, 1.6176015549037528, 0.5881410892355431)
(1.2805520610859735, 1.6175544775960604, 0.5879857629999661)
(1.2805520610859735, 1.6175033146633675, 0.5878416442355431)
(1.2805520610859735, 1.6174504773556755, 0.5876999832211197)
(1.2805520610859735, 1.617393928605676, 0.5875680085672738)
(1.2805520610859735, 1.6173319657691372, 0.5874488770336197)
(1.2805520610859735, 1.6172675332210604, 0.5873362338845812)
(1.2805520610859735, 1.6172002782691377, 0.587230705624966)
(1.2805520610859735, 1.6171361856729836, 0.5871233231490046)
(1.2805520610859735, 1.6170752062018297, 0.5870320561778508)
(1.2805520610859735, 1.6170114189902913, 0.5869495867788123)
(1.2805520610859735, 1.6169457709133679, 0.5868760861922738)
(1.2805520610859735, 1.6168712058652912, 0.5868052194134276)
(1.2805520610859735, 1.6167876610095224, 0.5867357140624659)
(1.2805520610859735, 1.6167011851922148, 0.5866705493076584)
(1.2805520610859735, 1.6166088838941373, 0.5866170017211199)
(1.2805520610859735, 1.6165178783652914, 0.5865836972980432)
(1.2805520610859735, 1.61641692057683, 0.5865636209903509)
(1.2805520610859735, 1.6163130380287527, 0.5865557119470816)
(1.2805520610859735, 1.616201076297984, 0.58656634759612)
(1.2805520610859735, 1.6160838691825983, 0.5865952450961199)
(1.2805520610859735, 1.6159523871633683, 0.5866381114759275)
(1.2805520610859735, 1.6158112211537532, 0.5866963004566966)
(1.2805520610859735, 1.6156640707691374, 0.5867572291634277)
(1.2805520610859735, 1.615507000480676, 0.5868255718124659)
(1.2805520610859735, 1.6153414934133683, 0.5868991437643892)
(1.2805520610859735, 1.6151733514422142, 0.586972054639389)
(1.2805520610859735, 1.615004909567214, 0.587046180312466)
(1.2805520610859735, 1.614822659903753, 0.5871249026730431)
(1.2805520610859735, 1.6146306413460605, 0.5872118767259278)
(1.2805520610859735, 1.6144223007691378, 0.5873144521105429)
(1.2805520610859735, 1.614205624182599, 0.5874213458316968)
(1.2805520610859735, 1.613987324663368, 0.587523650874966)
(1.2805520610859735, 1.6137637686056758, 0.5876250644807354)
(1.2805520610859735, 1.6135353114422142, 0.5877325549951584)
(1.2805520610859735, 1.613303493028753, 0.5878399268990047)
(1.2805520610859735, 1.6130674907691378, 0.5879523578076583)
(1.2805520610859735, 1.6128287339422147, 0.58807295065862)
(1.2805520610859735, 1.6125851227402919, 0.58820177559612)
(1.2805520610859735, 1.612331716778753, 0.5883238884422739)
(1.2805520610859735, 1.612074435336445, 0.5884542580528506)
(1.2805520610859735, 1.611815587932599, 0.5885884965576582)
(1.2805520610859735, 1.6115521469229839, 0.5887284422403507)
(1.2805520610859735, 1.611287463028753, 0.5888727717547737)
(1.2805520610859735, 1.6110232940864453, 0.5890215789038123)
(1.2805520610859735, 1.6107679401441377, 0.5891845186297736)
(1.2805520610859735, 1.6105135647595226, 0.589354568985543)
(1.2805520610859735, 1.6102662178364453, 0.589532779062466)
(1.2805520610859735, 1.6100232541825992, 0.5897134440095816)
(1.2805520610859735, 1.6097848013460612, 0.5899037693893889)
(1.2805520610859735, 1.6095532624999063, 0.5901092710336198)
(1.2805520610859735, 1.609329211297984, 0.5903268660336198)
(1.2805520610859735, 1.60910751932683, 0.5905504043316968)
(1.2805520610859735, 1.6088905852402915, 0.5907872380961199)
(1.2805520610859735, 1.6086806939902925, 0.5910397305047737)
(1.2805520610859735, 1.6084774989422141, 0.5912973168124658)
(1.2805520610859735, 1.6082820229326, 0.5915653753701581)
(1.2805520610859735, 1.6080939558652916, 0.5918443888749657)
(1.2805520610859735, 1.6079111162499073, 0.592135218730735)
(1.2805520610859735, 1.6077350320191381, 0.5924339275913117)
(1.2805520610859735, 1.6075639187018302, 0.5927487610528503)
(1.2805520610859735, 1.6073973802883683, 0.5930767861153503)
(1.2805520610859735, 1.6072389317306763, 0.593419925543235)
(1.2805520610859735, 1.6070933145672144, 0.5937853646153501)
(1.2805520610859735, 1.6069555560575992, 0.5941721228461198)
(1.2805520610859735, 1.606826636394138, 0.5945722315480426)
(1.2805520610859735, 1.6066996010575996, 0.5949729114374656)
(1.2805520610859735, 1.6065814676441383, 0.5953813472451579)
(1.2805520610859735, 1.6064682327402917, 0.5958021624615042)
(1.2805520610859735, 1.606363427403753, 0.596226605480735)
(1.2805520610859735, 1.6062621520191376, 0.5966541203893887)
(1.2805520610859735, 1.6061698121152916, 0.5970795259759271)
(1.2805520610859735, 1.606084242403754, 0.5975092048316962)
(1.2805520610859735, 1.6060067983172153, 0.59794528455285)
(1.2805520610859735, 1.6059356383652912, 0.5983855103172733)
(1.2805520610859735, 1.6058688307210611, 0.5988270515288115)
(1.2805520610859735, 1.6058036372114455, 0.5992750915913116)
(1.2805520610859735, 1.6057354026922146, 0.5997342549999654)
(1.2805520610859735, 1.6056753445672154, 0.6002024535480422)
(1.2805520610859735, 1.605621294615292, 0.6006831514663115)
(1.2805520610859735, 1.6055799957691386, 0.6011588046057342)
(1.2805520610859735, 1.6055485741825999, 0.6016427705961189)
(1.2805520610859735, 1.605525950047984, 0.602139174754773)
(1.2805520610859735, 1.6055104548556762, 0.6026503367018887)
(1.2805520610859735, 1.6055039048075996, 0.6031728390288111)
(1.2805520610859735, 1.6055018786056763, 0.6037172651153498)
(1.2805520610859735, 1.6055060905287535, 0.6042774098076577)
(1.2805520610859735, 1.6055106520191378, 0.6048574316297728)
(1.2805520610859735, 1.6055203904806765, 0.6054573393653495)
(1.2805520610859735, 1.6055340239902922, 0.606079278076888)
(1.2805520610859735, 1.6055531487499075, 0.6067206034759266)
(1.2805520610859735, 1.6055746960575998, 0.6073884144038109)
(1.2805520610859735, 1.6056014531249077, 0.608078446370157)
(1.2805520610859735, 1.605634557836446, 0.6087894093172727)
(1.2805520610859735, 1.6056776030287532, 0.6095324464759263)
(1.2805520610859735, 1.6057266264902923, 0.6103004099374649)
(1.2805520610859735, 1.6057884148556767, 0.6110951723461185)
(1.2805520610859735, 1.6058545740864458, 0.6119170760047727)
(1.2805520610859735, 1.6059258009614452, 0.6127692317932341)
(1.2805520610859735, 1.6059957516345227, 0.613651380120157)
(1.2805520610859735, 1.6060608971633692, 0.6145655955384262)
(1.2805520610859735, 1.6061135332210605, 0.6155035718605413)
(1.2805520610859735, 1.6061600278845225, 0.6164633132499645)
(1.2805520610859735, 1.606195315096061, 0.617452473788426)
(1.2805520610859735, 1.606223766105676, 0.6184679897740027)
(1.2805520610859735, 1.6062461429325998, 0.6195062929807335)
(1.2805520610859735, 1.6062573970191378, 0.620578909158618)
(1.2805520610859735, 1.6062532752883685, 0.6216824725384258)
(1.2805520610859735, 1.6062355008652915, 0.6228120913461179)
(1.2805520610859735, 1.606204998076831, 0.6239696039326564)
(1.2805520610859735, 1.6061674498556766, 0.6251458602788101)
(1.2805520610859735, 1.6061250413460615, 0.6263385019855408)
(1.2805520610859735, 1.6060779397114457, 0.6275576085432331)
(1.2805520610859735, 1.6060291497114458, 0.6287935487691945)
(1.2805520610859735, 1.6059793828845228, 0.6300467327691945)
(1.2805520610859735, 1.6059283037499075, 0.6313168520913097)
(1.2805520610859735, 1.6058825670672157, 0.6326040013749633)
(1.2805520610859735, 1.605844098749907, 0.6339114218124635)
(1.2805520610859735, 1.605809977980676, 0.6352453109615018)
(1.2805520610859735, 1.6057779406249073, 0.636598799629771)
(1.2805520610859735, 1.6057476662499073, 0.6379726752259247)
(1.2805520610859735, 1.6057228660095229, 0.6393765664230399)
(1.2805520610859735, 1.605704424374907, 0.6408109556490018)
(1.2805520610859735, 1.605690796297984, 0.6422776334566936)
(1.2805520610859735, 1.6056880283652917, 0.6437766707836168)
(1.2805520610859735, 1.6056962856729842, 0.6453086230816937)
(1.2805520610859735, 1.6057071617787535, 0.6468789436297703)
(1.2805520610859735, 1.6057241423075992, 0.6484882785143857)
(1.2805520610859735, 1.6057426368268306, 0.6501353173461164)
(1.2805520610859735, 1.605763954230676, 0.6518058822307313)
(1.2805520610859735, 1.6057883416345229, 0.6535244589230392)
(1.2805520610859735, 1.6058122087979845, 0.6552872548124623)
(1.2805520610859735, 1.6058357922595228, 0.6570947129518852)
(1.2805520610859735, 1.6058608623556765, 0.6589489065576544)
(1.2805520610859735, 1.6058848992787527, 0.6608576971009233)
(1.2805520610859735, 1.605912653413369, 0.6628123134470771)
(1.2805520610859735, 1.6059353830287537, 0.6648180698461158)
(1.2805520610859735, 1.6059594628364453, 0.6668709622355384)
(1.2805520610859735, 1.6059820918749068, 0.6689623054711153)
(1.2805520610859735, 1.6060051073556765, 0.6711031305288073)
(1.2805520610859735, 1.6060291911537536, 0.6732948667211147)
(1.2805520610859735, 1.6060569984614457, 0.675531882201884)
(1.2805520610859735, 1.6060907179325998, 0.6778157574086149)
(1.2805520610859735, 1.6061266378364454, 0.6801527566778451)
(1.2805520610859735, 1.6061547060575994, 0.6825342366153453)
(1.2805520610859735, 1.6061746279806761, 0.6849565804278449)
(1.2805520610859735, 1.6061711894710609, 0.6874190833653451)
(1.2805520610859735, 1.6061438480768302, 0.6899096914230369)
(1.2805520610859735, 1.606075529999907, 0.6924434568605371)
(1.2805520610859735, 1.6059761973075999, 0.6950275148557292)
(1.2805520610859735, 1.6058458879806772, 0.6976548864422674)
(1.2805520610859735, 1.6056960192306768, 0.7003388501201516)
(1.2805520610859735, 1.6055185374037537, 0.7030893288797672)
(1.2805520610859735, 1.6053066450960611, 0.705898664240344)
(1.2805520610859735, 1.6050568856729845, 0.7087641409470747)
(1.2805520610859735, 1.6047580580768308, 0.7116953749999588)
(1.2805520610859735, 1.6044134018749079, 0.714659260403805)
(1.2805520610859735, 1.6040356006249077, 0.7176800388605353)
(1.2805520610859735, 1.603637166442215, 0.720762657552843)
(1.2805520610859735, 1.6032263201441381, 0.723893634379766)
(1.2805520610859735, 1.6028002581249072, 0.7270890999663042)
(1.2805520610859735, 1.6023644152402927, 0.7303586624038044)
(1.2805520610859735, 1.6019231394229851, 0.7336828348797655)
(1.2805520610859735, 1.6014808071633693, 0.7370695036634192)
(1.2805520610859735, 1.601042347355677, 0.740531200754765)
(1.2805520610859735, 1.600611657211446, 0.7440511538172648)
(1.2805520610859735, 1.6001919611537536, 0.7476512978989954)
(1.2805520610859735, 1.599790503172984, 0.7513409691538029)
(1.2805520610859735, 1.5994101153845226, 0.7551071033845717)
(1.2805520610859735, 1.5990516397595227, 0.7589589739374563)
(1.2805520610859735, 1.5987296053845235, 0.7629136915336099)
(1.2805520610859735, 1.5984331035095234, 0.7669558714182249)
(1.2805520610859735, 1.5981782925960615, 0.7710775369134171)
(1.2805520610859735, 1.5979677642787535, 0.7752955857884168)
(1.2805520610859735, 1.597802464086446, 0.7795686799711089)
(1.2805520610859735, 1.597688118942215, 0.7839237686105315)
(1.2805520610859735, 1.5976489444229849, 0.7883619530913006)
(1.2805520610859735, 1.5976929734614465, 0.7928701672163002)
(1.2805520610859735, 1.5978373455287536, 0.7974424406778385)
(1.2805520610859735, 1.598096676538369, 0.802083834014377)
(1.2805520610859735, 1.5984861768749072, 0.8067920111537996)
(1.2805520610859735, 1.5990202542787535, 0.8115511759662992)
(1.2805520610859735, 1.5997020376441382, 0.816346985370145)
(1.2805520610859735, 1.6005201809133693, 0.8211821707403374)
(1.2805520610859735, 1.6014916252883686, 0.8260400206009139)
(1.2805520610859735, 1.602617307019138, 0.8309173318605291)
(1.2805520610859735, 1.603996898990292, 0.8358625484422595)
(1.2805520610859735, 1.6054186041826002, 0.8407372921634129)
(1.2805520610859735, 1.6070036561537533, 0.8456007974470666)
(1.2805520610859735, 1.6087464548075996, 0.850442403812451)
(1.2805520610859735, 1.6106470423556767, 0.855238252072066)
(1.2805520610859735, 1.6126989360575992, 0.859983901100912)
(1.2805520610859735, 1.614885999230676, 0.8646604140336042)
(1.2805520610859735, 1.617224189855676, 0.8692604024807192)
(1.2805520610859735, 1.619710285432599, 0.8737725403941804)
(1.2805520610859735, 1.6223390438941374, 0.8781911064759107)
(1.2805520610859735, 1.625106373172983, 0.882510227533603)
(1.2805520610859735, 1.6280095833652906, 0.8867534171634105)
(1.2805520610859735, 1.6310244122595219, 0.890897951668218)
(1.2805520610859735, 1.6341709200479821, 0.8949266603509098)
(1.2805520610859735, 1.6374193882691364, 0.8988367667162945)
(1.2805520610859735, 1.6407460586056752, 0.9026195573509092)
(1.2805520610859735, 1.644150128605674, 0.9062642533989861)
(1.2805520610859735, 1.647623233653751, 0.9097673590912937)
(1.2805520610859735, 1.6511534662499046, 0.9131239026345626)
(1.2805520610859735, 1.6547259518268271, 0.91632429388937)
(1.2805520610859735, 1.658341617547981, 0.9193963918220625)
(1.2805520610859735, 1.6619811021633655, 0.9223267393605237)
(1.2805520610859735, 1.6656187100960578, 0.9251058691153312)
(1.2805520610859735, 1.6692411453364415, 0.9277579793557156)
(1.2805520610859735, 1.6728426669710572, 0.9302611646201385)
(1.2805520610859735, 1.6763929174037497, 0.9326189787018694)
(1.2805520610859735, 1.6798781684133648, 0.9348481851970614)
(1.2805520610859735, 1.6832869075960564, 0.936953264605715)
(1.2805520610859735, 1.6865995673075949, 0.9389297465239844)
(1.2805520610859735, 1.6898131985575948, 0.940817414841292)
(1.2805520610859735, 1.6929125221633636, 0.9426076713941762)
(1.2805520610859735, 1.695890467403749, 0.9442913535816762)
(1.2805520610859735, 1.6987403970672095, 0.9458939897932148)
(1.2805520610859735, 1.7014669041345167, 0.9474184251585993)
(1.2805520610859735, 1.7040566784614395, 0.9488643622355223)
(1.2805520610859735, 1.7065200011537476, 0.9502552824951374)
(1.2805520610859735, 1.7088454233652868, 0.9515999644710987)
(1.2805520610859735, 1.711033208365286, 0.9528863459614837)
(1.2805520610859735, 1.7130898775960552, 0.9541658410912914)
(1.2805520610859735, 1.7150212352883623, 0.9554283010287912)
(1.2805520610859735, 1.716822029567208, 0.9566742580864833)
(1.2805520610859735, 1.7184943970191318, 0.9579176730335985)
(1.2805520610859735, 1.7200483344710544, 0.9591577762114829)
(1.2805520610859735, 1.7214749785095163, 0.9604172949710983)
(1.2805520610859735, 1.7227702738460544, 0.9616942032691752)
(1.2805520610859735, 1.7239317415383624, 0.9629937454614829)
(1.2805520610859735, 1.7249519234614392, 0.9643340216201365)
(1.2805520610859735, 1.725849724759516, 0.9657070335239826)
(1.2805520610859735, 1.726618618413362, 0.9671244238941747)
(1.2805520610859735, 1.7272613587979777, 0.9685877135912906)
(1.2805520610859735, 1.7276738999518235, 0.9700292170143672)
(1.2805520610859735, 1.7280793715383613, 0.9715599406009059)
(1.2805520610859735, 1.7283870657210543, 0.9731443292355207)
(1.2805520610859735, 1.7286114274999005, 0.9747895240960973)
(1.2805520610859735, 1.7287582374037462, 0.9764953032259054)
(1.2805520610859735, 1.7288382077402848, 0.9782664072210976)
(1.2805520610859735, 1.728875431971054, 0.9801128245143667)
(1.2805520610859735, 1.7288602582691308, 0.982037088682636)
(1.2805520610859735, 1.7287985258172076, 0.9840312673653281)
(1.2805520610859735, 1.7286979379806693, 0.9861237427884042)
(1.2805520610859735, 1.7285690837018233, 0.9883023056537894)
(1.2805520610859735, 1.7284038867787463, 0.9905653061585965)
(1.2805520610859735, 1.7282264755768233, 0.9929222541441737)
(1.2805520610859735, 1.7279974815383616, 0.9953819515624426)
(1.2805520610859735, 1.7277339807210537, 0.9979460689326346)
(1.2805520610859735, 1.7274408516345157, 1.0006158343989804)
(1.2805520610859735, 1.7271190593749004, 1.0033852462932111)
(1.2805520610859735, 1.7267762463460543, 1.0062669610816726)
(1.2805520610859735, 1.726412850047977, 1.0092722697691725)
(1.2805520610859735, 1.7260462463460544, 1.0123857282451336)
(1.2805520610859735, 1.7256647830287466, 1.0156201417595567)
(1.2805520610859735, 1.725271706490285, 1.0189752979903257)
(1.2805520610859735, 1.724870416874901, 1.0224477466537871)
(1.2805520610859735, 1.7244566065864384, 1.0260316910287868)
(1.2805520610859735, 1.724025130624901, 1.0297422795335947)
(1.2805520610859735, 1.7235962105768234, 1.0335773818989784)
(1.2805520610859735, 1.7231683319229767, 1.037538355201863)
(1.2805520610859735, 1.722744091346054, 1.0416257647403249)
(1.2805520610859735, 1.7223323524518235, 1.0458327981730169)
(1.2805520610859735, 1.7219164190864396, 1.050161643153786)
(1.2805520610859735, 1.7215077790864384, 1.0546131335960933)
(1.2805520610859735, 1.72109036673067, 1.0591905519422466)
(1.2805520610859735, 1.7206786220672083, 1.0638804947835923)
(1.2805520610859735, 1.7202553239902851, 1.068696181927823)
(1.2805520610859735, 1.7198240740864392, 1.0736292068845534)
(1.2805520610859735, 1.7194082353364395, 1.07865974655763)
(1.2805520610859735, 1.7189934821633626, 1.0838031349999375)
(1.2805520610859735, 1.7185925318749007, 1.0890305868172452)
(1.2805520610859735, 1.7182114602883622, 1.0943529811826294)
(1.2805520610859735, 1.7178602799518239, 1.0997598172114746)
(1.2805520610859735, 1.7175567098075932, 1.1052412552883975)
(1.2805520610859735, 1.7173258522595167, 1.1107761142307049)
(1.2805520610859735, 1.717164191634516, 1.1163797575480126)
(1.2805520610859735, 1.717088218269132, 1.1220364781730123)
(1.2805520610859735, 1.717116138172978, 1.1277219111537808)
(1.2805520610859735, 1.7172492518268239, 1.1334444796633965)
(1.2805520610859735, 1.7174885449518236, 1.1391727985576263)
(1.2805520610859735, 1.7178646578845158, 1.144917739999934)
(1.2805520610859735, 1.7183861367787472, 1.1506567616345487)
(1.2805520610859735, 1.719057610576824, 1.1563871542787796)
(1.2805520610859735, 1.7198755588460546, 1.1620843476922407)
(1.2805520610859735, 1.7208548520672082, 1.167752595144163)
(1.2805520610859735, 1.7219855113460545, 1.173357940576855)
(1.2805520610859735, 1.723291055047978, 1.1788866362980084)
(1.2805520610859735, 1.7247753100960546, 1.1843448371633933)
(1.2805520610859735, 1.7264179973556701, 1.1896925300480083)
(1.2805520610859735, 1.7282543652402855, 1.1949487223557007)
(1.2805520610859735, 1.730273277836439, 1.2000806812980076)
(1.2805520610859735, 1.7324830145191308, 1.2051154783172378)
(1.2805520610859735, 1.7348801245672079, 1.2100160647114688)
(1.2805520610859735, 1.7374580873075924, 1.214797632788392)
(1.2805520610859735, 1.740189460817207, 1.2194284461537757)
(1.2805520610859735, 1.7430999286056683, 1.2239202452883913)
(1.2805520610859735, 1.7461832211056685, 1.2282577027883903)
(1.2805520610859735, 1.749424926538361, 1.2324421519230055)
(1.2805520610859735, 1.752836992692206, 1.2364685579806973)
(1.2805520610859735, 1.7563842936056675, 1.2403288500480052)
(1.2805520610859735, 1.760090330721052, 1.2440586990864668)
(1.2805520610859735, 1.7639052861537448, 1.2476022980287738)
(1.2805520610859735, 1.7678027836537442, 1.2509632587499275)
(1.2805520610859735, 1.7717795716825904, 1.2541623621153122)
(1.2805520610859735, 1.7758121305768209, 1.2571757700480042)
(1.2805520610859735, 1.779871965047975, 1.259994027067235)
(1.2805520610859735, 1.7839517989422047, 1.2626426841345426)
(1.2805520610859735, 1.7880322791345122, 1.2651198182210808)
(1.2805520610859735, 1.7920771474037427, 1.2674096379326194)
(1.2805520610859735, 1.796077713269127, 1.2695289917306958)
(1.2805520610859735, 1.8000445945672037, 1.2715371068749266)
(1.2805520610859735, 1.803924794999895, 1.2733896998076186)
(1.2805520610859735, 1.8077185364422028, 1.2750749389422342)
(1.2805520610859735, 1.8114047954806647, 1.2766027479806954)
(1.2805520610859735, 1.8149816239422032, 1.2779894647114645)
(1.2805520610859735, 1.8184293661537416, 1.279235246538388)
(1.2805520610859735, 1.8217523341345099, 1.2803434540383878)
(1.2805520610859735, 1.8249490117787415, 1.2813215711537724)
(1.2805520610859735, 1.8279939794710485, 1.2821898613941567)
(1.2805520610859735, 1.8309021934133551, 1.2829373703845415)
(1.2805520610859735, 1.8336752527402786, 1.2835992765864646)
(1.2805520610859735, 1.836316506009509, 1.2841708702883872)
(1.2805520610859735, 1.8388303947595093, 1.284669354134541)
(1.2805520610859735, 1.84121625302874, 1.2850936688460792)
(1.2805520610859735, 1.8434644268748936, 1.2854677426441563)
(1.2805520610859735, 1.8455892101922011, 1.2857979624999254)
(1.2805520610859735, 1.8475882186537393, 1.286083369423003)
(1.2805520610859735, 1.8494540677883544, 1.286338427740311)
(1.2805520610859735, 1.8511946948075855, 1.2865540768268482)
(1.2805520610859735, 1.8528334834614317, 1.2867491878845414)
(1.2805520610859735, 1.8543621018748935, 1.2869069777403102)
(1.2805520610859735, 1.8557819205768165, 1.2870388257210796)
(1.2805520610859735, 1.8571045753845083, 1.2871325432691563)
(1.2805520610859735, 1.8583496869710465, 1.2871957714422333)
(1.2805520610859735, 1.8595087936537391, 1.2872212209133869)
(1.2805520610859735, 1.8606117821152774, 1.2872273121633875)
(1.2805520610859735, 1.8616474406729695, 1.287210526923003)
(1.2805520610859735, 1.8626199104325847, 1.2871624335095413)
(1.2805520610859735, 1.8635671410095078, 1.2871139833653107)
(1.2805520610859735, 1.8644557283652767, 1.287043177259541)
(1.2805520610859735, 1.8652998630768158, 1.2869630260576177)
(1.2805520610859735, 1.866095836249892, 1.286854314711464)
(1.2805520610859735, 1.8668196486056614, 1.2867261457210797)
(1.2805520610859735, 1.8674868937498923, 1.2865710369230032)
(1.2805520610859735, 1.8681389243268154, 1.2864138992787724)
(1.2805520610859735, 1.8687644095671998, 1.2862207825480028)
(1.2805520610859735, 1.8693898182691229, 1.2859979894710794)
(1.2805520610859735, 1.8700376747114302, 1.2857368299518488)
(1.2805520610859735, 1.8706931692787383, 1.2854385931249261)
(1.2805520610859735, 1.8713706306248916, 1.2851186613941574)
(1.2805520610859735, 1.8720262980768156, 1.2847201550480027)
(1.2805520610859735, 1.8726732005768147, 1.2842883873556954)
(1.2805520610859735, 1.8733232284614303, 1.2838375582691564)
(1.2805520610859735, 1.8739662124037377, 1.2833344202883876)
(1.2805520610859735, 1.8746027417306612, 1.2828023436537725)
(1.2805520610859735, 1.8752538507210457, 1.2822654074518491)
(1.2805520610859735, 1.8759074003364302, 1.281696446490311)
(1.2805520610859735, 1.8765633957691223, 1.2811003253364641)
(1.2805520610859735, 1.8772331464902765, 1.280508923798003)
(1.2805520610859735, 1.8779065130768142, 1.2799068765864647)
(1.2805520610859735, 1.8785419399518144, 1.279238914134542)
(1.2805520610859735, 1.8791654487018143, 1.2785618512018495)
(1.2805520610859735, 1.8797687452883536, 1.27788173197108)
(1.2805520610859735, 1.8803502561537375, 1.2772066224518492)
(1.2805520610859735, 1.8809103874518145, 1.2765384851922341)
(1.2805520610859735, 1.881442979326814, 1.2758877085095417)
(1.2805520610859735, 1.8819562541345065, 1.2752634133172345)
(1.2805520610859735, 1.8824441142787374, 1.2746760932691572)
(1.2805520610859735, 1.8829097769710454, 1.27413352745185)
(1.2805520610859735, 1.88335256673066, 1.2736439446153112)
(1.2805520610859735, 1.8837739864902763, 1.2732112555287725)
(1.2805520610859735, 1.8841760391825837, 1.272844849663388)
(1.2805520610859735, 1.884562081105661, 1.2725304254326193)
(1.2805520610859735, 1.884930848221045, 1.2722798149037728)
(1.2805520610859735, 1.885286429326814, 1.2720958536537725)
(1.2805520610859735, 1.8856287772595062, 1.2719653801922342)
(1.2805520610859735, 1.8859626325479681, 1.271890458990312)
(1.2805520610859735, 1.8862942587018139, 1.2718573292787727)
(1.2805520610859735, 1.8866210529325835, 1.2718747936537724)
(1.2805520610859735, 1.8869438368748908, 1.2719372480768494)
(1.2805520610859735, 1.8872545576441218, 1.2720387724037727)
(1.2805520610859735, 1.8875542713941216, 1.2721814297114649)
(1.2805520610859735, 1.887842801490276, 1.2723668078364647)
(1.2805520610859735, 1.8881130836056599, 1.2725889141345417)
(1.2805520610859735, 1.8883675756248912, 1.2728437306249263)
(1.2805520610859735, 1.8885984150479682, 1.2731300042306957)
(1.2805520610859735, 1.8888037415864294, 1.2734518154326189)
(1.2805520610859735, 1.8889829741825834, 1.273799583269157)
(1.2805520610859735, 1.8891362674037369, 1.2741665845191574)
(1.2805520610859735, 1.8892750148075834, 1.2745441754806952)
(1.2805520610859735, 1.889404002067198, 1.2749401282691573)
(1.2805520610859735, 1.889531235913352, 1.2753497328845416)
(1.2805520610859735, 1.889687225624891, 1.275767429086465)
(1.2805520610859735, 1.8898653062979678, 1.2761857925480034)
(1.2805520610859735, 1.8900638091825828, 1.27658870322108)
(1.2805520610859735, 1.890281021394121, 1.2769878361537719)
(1.2805520610859735, 1.8905081391345067, 1.2773782892306953)
(1.2805520610859735, 1.890729074182583, 1.2777671962980033)
(1.2805520610859735, 1.8909393617787367, 1.278151675817234)
(1.2805520610859735, 1.8910200460984392, 1.2783093568307329)
(1.2805520610859735, 1.8911776781581862, 1.2786229812646603)
(1.2805520610859735, 1.891330328112014, 1.2789342889080253)
(1.2805520610859735, 1.8914779959599224, 1.279243279760828)
(1.2805520610859735, 1.8916206817019114, 1.2795499538230684)
(1.2805520610859735, 1.8917583853379811, 1.2798543110947462)
(1.2805520610859735, 1.8918911068681317, 1.2801563515758618)
(1.2805520610859735, 1.892018846292363, 1.280456075266415)
(1.2805520610859735, 1.8921416036106748, 1.2807534821664057)
(1.2805520610859735, 1.8922593788230675, 1.281048572275834)
(1.2805520610859735, 1.892372171929541, 1.2813413455947)
(1.2805520610859735, 1.8924799829300951, 1.2816318021230038)
(1.2805520610859735, 1.8925828118247299, 1.281919941860745)
(1.2805520610859735, 1.8926806586134453, 1.282205764807924)
(1.2805520610859735, 1.8927735232962415, 1.2824892709645404)
(1.2805520610859735, 1.8928614058731186, 1.2827704603305945)
(1.2805520610859735, 1.892944306344076, 1.2830493329060861)
(1.2805520610859735, 1.8930222247091144, 1.2833258886910155)
(1.2805520610859735, 1.8930951609682336, 1.2836001276853826)
(1.2805520610859735, 1.8931631151214334, 1.2838720498891871)
(1.2805520610859735, 1.8932260871687139, 1.2841416553024294)
(1.2805520610859735, 1.8932840771100752, 1.2844089439251092)
(1.2805520610859735, 1.893337084945517, 1.2846739157572267)
(1.2805520610859735, 1.8933851106750397, 1.2849365707987817)
(1.2805520610859735, 1.8934281542986429, 1.2851969090497743)
