(-13024.46, 248.9016, -2215.051)
(-7.945309, -6.686624, -16.163)
(-3.733048, 3.042276, -3.328659)
(-9.329099, 34.27105, -29.76447)
(3.630904, 4.623308, -5.712795)
(2.733929, -2.390764, -3.138323)
(-0.02743386, -6.090318, 4.361984)
(7.228602, -1.063741, 7.158272)
(-2.631061, -1.331717, 6.924929)
(-10.57107, -2.12118, 9.278858)
(-7.25526, 1.685762, 3.866446)
(-1.25115, 0.08850582, -1.118392)
(2.524466, 9.39216, -18.17615)
(8.83453, 2.841126, -2.650144)
(3.527427, -0.7889693, -0.6498294)
(-0.5857483, 1.019354, 3.693257)
(-3.595757, -0.4295053, 3.869864)
(-4.926256, -0.6125361, 3.782143)
(-6.877521, 1.938415, 3.668225)
(-0.3915848, -0.03263207, -1.485847)
(0.6061501, -0.8380684, -1.197805)
(9.343766, -3.983962, -4.734694)
(8.310329, 2.366472, -4.179383)
(0.7609038, -0.8803213, -0.3643765)
(-0.4862655, 1.455085, 2.843354)
(-2.475422, 0.2064663, 2.503675)
(0.3696206, -0.2469065, 0.1360204)
(0.8220009, 4.998184, -4.465276)
(0.5558093, 0.04077365, -4.098825)
(0, 0.7242134, 0.4241597)
(-4.970151, 6.729528, 5.92241)
(-7.032169, 0.8304862, 6.939414)
(-3.09968, -1.118298, 1.973648)
(-3.662215, 3.225804, -0.6400694)
(-0.373856, -0.611568, -0.8881782)
(2.070165, 0.5297546, -4.21819)
(3.468167, -2.940791, -5.601506)
(-2.41477, -2.451288, 0.461043)
(-0.8550109, -0.7255501, 1.03711)
(-12.83088, 0.767541, 5.465261)
(-4.340378, -0.248634, 3.663065)
(0.1713958, 0.7294944, -0.467443)
(6.64028, -6.061408, -2.889574)
(9.826884, 1.868204, -4.49745)
(2.635799, 0.06513755, -0.681672)
(-2.940172, -2.472197, 2.523836)
(-6.53728, -0.3623283, 6.390153)
(-1.889137, 0.2951296, 1.128256)
(-0.307198, -3.551063, -1.133707)
(1.900051, -0.1858981, -1.52177)
(2.601354, 0.4271419, -1.621936)
(6.213993, -4.886798, -2.579522)
(1.258363, -2.424768, -1.606832)
(0.7752066, 0.2492821, 0.8679274)
(-1.016438, 6.270276, 1.009706)
(5.852488, 2.41799, 1.332274)
