(-105.3353, 2.012992, -17.91422)
(-105.4216, 1.940417, -18.08965)
(-105.4834, 1.990819, -18.1448)
(-105.5341, 2.177024, -18.30652)
(-105.494, 2.228117, -18.36965)
(-105.4482, 2.188087, -18.4222)
(-105.4483, 2.156329, -18.39945)
(-105.3699, 2.14479, -18.3218)
(-105.4126, 2.123213, -18.2096)
(-105.4849, 2.108693, -18.14609)
(-105.5649, 2.12729, -18.10343)
(-105.5872, 2.128863, -18.12332)
(-105.5767, 2.167892, -18.19885)
(-105.4785, 2.199459, -18.22829)
(-105.4235, 2.187157, -18.23843)
(-105.4272, 2.193546, -18.21527)
(-105.4669, 2.188802, -18.17253)
(-105.5438, 2.179241, -18.11349)
(-105.5949, 2.193642, -18.08624)
(-105.5992, 2.193284, -18.10253)
(-105.5882, 2.178121, -18.1242)
(-105.5138, 2.146363, -18.16194)
(-105.4565, 2.162671, -18.19074)
(-105.4446, 2.148962, -18.19641)
(-105.4478, 2.158308, -18.17815)
(-105.4749, 2.160573, -18.15069)
(-105.469, 2.156591, -18.14849)
(-105.4633, 2.190804, -18.17906)
(-105.4572, 2.191257, -18.2246)
(-105.4572, 2.202249, -18.21816)
(-105.4906, 2.247572, -18.17827)
(-105.5684, 2.256751, -18.10157)
(-105.6161, 2.239513, -18.07115)
(-105.6402, 2.260661, -18.07535)
(-105.6443, 2.253914, -18.08515)
(-105.6119, 2.262187, -18.15102)
(-105.5842, 2.238655, -18.19584)
(-105.6094, 2.213049, -18.19103)
(-105.6237, 2.20089, -18.17365)
(-105.6899, 2.204847, -18.14547)
(-105.7382, 2.202082, -18.10472)
(-105.7353, 2.21436, -18.11259)
(-105.7022, 2.184153, -18.12699)
(-105.5932, 2.204871, -18.17686)
(-105.5517, 2.205896, -18.1876)
(-105.5735, 2.187634, -18.16895)
(-105.6444, 2.1837, -18.09957)
(-105.6737, 2.188277, -18.08207)
(-105.6757, 2.165127, -18.08946)
(-105.6548, 2.163076, -18.10625)
(-105.6032, 2.17154, -18.13839)
(-105.5815, 2.154422, -18.14742)
(-105.5691, 2.130532, -18.16325)
(-105.5569, 2.134442, -18.14964)
(-105.5641, 2.17886, -18.14249)
(-105.4996, 2.205515, -18.1278)
