(0.6309714, 1.108068, 0.3636196)
(0.6308678, 1.107987, 0.3635039)
(0.6306731, 1.107905, 0.3634408)
(0.6305579, 1.107922, 0.3632615)
(0.6302861, 1.107884, 0.3632746)
(0.6301181, 1.107852, 0.3631694)
(0.6299411, 1.107813, 0.3630879)
(0.6297574, 1.107836, 0.3629963)
(0.6295562, 1.107858, 0.3628719)
(0.6294031, 1.107867, 0.3628058)
(0.6292076, 1.10778, 0.3626196)
(0.6289519, 1.107739, 0.3626065)
(0.6286811, 1.107673, 0.3626444)
(0.6283497, 1.107638, 0.3625538)
(0.6280634, 1.107649, 0.3625402)
(0.6275916, 1.107459, 0.3626688)
(0.6272788, 1.107385, 0.3626034)
(0.6268253, 1.107331, 0.3625305)
(0.6265191, 1.107382, 0.3624485)
(0.6260686, 1.107214, 0.36238)
(0.6255689, 1.107116, 0.3624392)
(0.6250033, 1.107014, 0.3624289)
(0.6244098, 1.106951, 0.3624475)
(0.6237814, 1.106954, 0.3624167)
(0.6231129, 1.106958, 0.3623807)
(0.6224344, 1.10696, 0.3624215)
(0.6216944, 1.10698, 0.3625031)
(0.6209953, 1.106974, 0.3626626)
(0.6202935, 1.106885, 0.3626761)
(0.6194814, 1.106854, 0.3629541)
(0.6187271, 1.106967, 0.3628759)
(0.6179134, 1.106836, 0.3629215)
(0.6170672, 1.106801, 0.3631678)
(0.6160843, 1.10681, 0.3633344)
(0.6149825, 1.106772, 0.3635972)
(0.6138926, 1.106742, 0.3639824)
(0.6125302, 1.106493, 0.3644063)
(0.611238, 1.106443, 0.3647599)
(0.6097083, 1.106331, 0.365078)
(0.6083283, 1.106277, 0.3653104)
(0.6067901, 1.106246, 0.3657775)
(0.6051037, 1.106113, 0.3660266)
(0.6034869, 1.105968, 0.3664126)
(0.6017751, 1.105871, 0.3668506)
(0.6002395, 1.105688, 0.3674054)
(0.5985258, 1.105419, 0.3679624)
(0.5965372, 1.10528, 0.3684556)
(0.5945523, 1.105072, 0.3688862)
(0.5925784, 1.10484, 0.3690403)
(0.5904608, 1.104831, 0.3696065)
(0.5887851, 1.104722, 0.3700755)
(0.5867391, 1.104535, 0.3703561)
(0.5852482, 1.104175, 0.3703904)
(0.5836257, 1.104055, 0.370981)
(0.5815827, 1.1038, 0.3711853)
(0.5798798, 1.103404, 0.3713806)
(0.5781014, 1.10306, 0.371712)
(0.5764048, 1.102913, 0.3715649)
(0.5749402, 1.102492, 0.3715584)
(0.5738122, 1.102183, 0.3718069)
(0.5723467, 1.101846, 0.3716803)
(0.5708971, 1.101621, 0.3717813)
(0.5697718, 1.101358, 0.3718383)
(0.5684276, 1.101009, 0.3717031)
(0.5672933, 1.100847, 0.3716109)
(0.5661464, 1.100847, 0.3715076)
(0.5648448, 1.100665, 0.3715346)
(0.5638568, 1.101003, 0.3714516)
(0.5631406, 1.101448, 0.3714814)
(0.5623279, 1.102089, 0.3711181)
(0.5614284, 1.102497, 0.3709941)
(0.5607882, 1.102989, 0.3710043)
(0.5599608, 1.103457, 0.3710046)
(0.5591173, 1.104084, 0.3709221)
(0.5584362, 1.104865, 0.3711331)
(0.5576373, 1.105558, 0.371125)
(0.556945, 1.106262, 0.3713708)
(0.5563171, 1.106821, 0.3716562)
(0.5555454, 1.107206, 0.3718429)
(0.5548971, 1.107534, 0.3719971)
(0.5543087, 1.107893, 0.3723848)
(0.553745, 1.10857, 0.3726022)
(0.552913, 1.109185, 0.3730547)
(0.5521992, 1.109747, 0.3735731)
(0.551518, 1.110218, 0.3739691)
(0.5510757, 1.110583, 0.3742282)
(0.5506126, 1.111016, 0.3745968)
(0.5501087, 1.111491, 0.3749125)
(0.5494789, 1.112077, 0.3754387)
(0.5489751, 1.112682, 0.3758826)
(0.5484927, 1.113271, 0.3762648)
(0.5481234, 1.113672, 0.3765926)
(0.5477109, 1.114031, 0.377141)
(0.5470698, 1.114119, 0.3777874)
(0.5467457, 1.114158, 0.3781867)
(0.5463948, 1.114302, 0.3787913)
(0.5462178, 1.114726, 0.3790863)
(0.5457319, 1.115014, 0.3797512)
(0.5453954, 1.115026, 0.3802595)
(0.5451764, 1.115122, 0.3806779)
(0.5449688, 1.114906, 0.3809197)
(0.5448242, 1.114768, 0.3815327)
(0.5445546, 1.114625, 0.3820517)
(0.544353, 1.114584, 0.3826227)
(0.544225, 1.11448, 0.3830707)
(0.5440696, 1.114261, 0.3836942)
(0.5439429, 1.114207, 0.3842802)
(0.5439343, 1.114049, 0.3848433)
(0.543795, 1.113725, 0.3854997)
(0.5438155, 1.11346, 0.3862302)
(0.5439419, 1.112998, 0.3869319)
(0.5438972, 1.112357, 0.3878388)
(0.5440255, 1.112021, 0.3886647)
(0.5443047, 1.111665, 0.3894041)
(0.5447712, 1.111486, 0.3900518)
(0.545018, 1.111263, 0.3909957)
(0.5456465, 1.110824, 0.3920357)
(0.5461166, 1.11037, 0.3929789)
(0.5468577, 1.109809, 0.3938503)
(0.5476959, 1.109344, 0.3950977)
(0.5484959, 1.108973, 0.3961942)
(0.5496268, 1.108543, 0.3973889)
(0.5506306, 1.108211, 0.3987441)
(0.551755, 1.107867, 0.4003081)
(0.5528299, 1.107603, 0.4018931)
(0.5541034, 1.107376, 0.4036267)
(0.5553499, 1.107123, 0.4053292)
(0.5568383, 1.106823, 0.4072063)
(0.5584195, 1.10652, 0.4092748)
(0.5597628, 1.106165, 0.4112687)
(0.5613948, 1.105896, 0.4133568)
(0.5628834, 1.105652, 0.4154136)
(0.5645502, 1.105494, 0.4174979)
(0.5664101, 1.105201, 0.419806)
(0.5684183, 1.104889, 0.4222291)
(0.5704691, 1.104566, 0.424701)
(0.5724964, 1.10428, 0.4274068)
(0.574839, 1.103855, 0.4303243)
(0.577114, 1.103454, 0.4330451)
(0.5790466, 1.103161, 0.4363248)
(0.5812645, 1.102501, 0.4391477)
(0.5835589, 1.101768, 0.4422019)
(0.5858147, 1.101229, 0.4452364)
(0.5881389, 1.100809, 0.4484246)
(0.5906156, 1.100458, 0.4515598)
(0.593132, 1.100048, 0.4549997)
(0.5958582, 1.099573, 0.4586325)
(0.598533, 1.099079, 0.4622684)
(0.6013926, 1.098536, 0.465812)
(0.6042091, 1.098206, 0.4694629)
(0.6074598, 1.097915, 0.4732413)
(0.6107236, 1.097688, 0.4768929)
(0.613843, 1.097849, 0.4804773)
(0.6172791, 1.098037, 0.48423)
(0.6208733, 1.098353, 0.4878509)
(0.6245424, 1.099058, 0.4918904)
(0.6279476, 1.099688, 0.4958456)
(0.631618, 1.100807, 0.4996662)
(0.635085, 1.102167, 0.5031755)
(0.6386186, 1.103397, 0.507071)
(0.6427605, 1.105194, 0.5106776)
(0.6464219, 1.107682, 0.5140569)
(0.6502404, 1.109837, 0.517868)
(0.6540766, 1.112605, 0.5215487)
(0.6581002, 1.115879, 0.5255234)
(0.6619654, 1.11888, 0.5294251)
(0.6660371, 1.122317, 0.5329375)
(0.6697721, 1.126062, 0.5364506)
(0.6733404, 1.129706, 0.5398426)
(0.6771197, 1.133135, 0.5429177)
(0.6803949, 1.137081, 0.5459402)
(0.6838145, 1.14097, 0.5488682)
(0.6869946, 1.144857, 0.5518174)
(0.6904664, 1.149131, 0.5553455)
(0.6937902, 1.153005, 0.5582831)
(0.6966643, 1.156515, 0.5612674)
(0.6996825, 1.159691, 0.5644464)
(0.7027246, 1.16297, 0.5670776)
(0.7050203, 1.165774, 0.5700543)
(0.7073498, 1.167914, 0.572423)
(0.7104161, 1.170609, 0.5745814)
(0.7124885, 1.173031, 0.5770199)
(0.7148242, 1.175589, 0.5793509)
(0.7171711, 1.178212, 0.5812039)
(0.7193279, 1.180531, 0.5832355)
(0.7211317, 1.182757, 0.5850575)
(0.7229187, 1.184865, 0.5869021)
(0.7248933, 1.18702, 0.588886)
(0.726289, 1.188889, 0.5904655)
(0.72763, 1.190759, 0.5923641)
(0.7290086, 1.192668, 0.5940769)
(0.7302868, 1.194634, 0.5956006)
(0.7314299, 1.196469, 0.5970433)
(0.7329686, 1.198022, 0.5983407)
(0.7342588, 1.199749, 0.5999522)
(0.7355554, 1.201463, 0.601372)
(0.7369239, 1.203028, 0.6026587)
(0.7381938, 1.204567, 0.6041238)
(0.739272, 1.206039, 0.6056154)
(0.7405509, 1.20737, 0.6069176)
(0.7417202, 1.208691, 0.6082363)
(0.7427859, 1.20995, 0.6093514)
(0.7438629, 1.211119, 0.6106431)
(0.7448435, 1.212152, 0.6117253)
(0.745984, 1.2133, 0.6128094)
(0.7469687, 1.21448, 0.6140966)
(0.7480237, 1.215626, 0.6154573)
(0.7489825, 1.216669, 0.6167026)
(0.7500482, 1.217585, 0.6178801)
(0.7512283, 1.218432, 0.6192353)
(0.7519377, 1.218826, 0.6207144)
(0.7529519, 1.219394, 0.622046)
(0.75396, 1.219876, 0.6233718)
(0.7551683, 1.220548, 0.6246359)
(0.7563535, 1.220968, 0.6259041)
(0.7574228, 1.221387, 0.6274107)
(0.7583046, 1.221755, 0.6287127)
(0.7591136, 1.222106, 0.630178)
(0.7598972, 1.22247, 0.6316671)
(0.7606784, 1.222762, 0.6333461)
(0.7614242, 1.223217, 0.634913)
(0.7620496, 1.22356, 0.6362751)
(0.762758, 1.223805, 0.637501)
(0.7634954, 1.223872, 0.6387033)
(0.7642405, 1.223585, 0.6398983)
(0.7648873, 1.223359, 0.6411793)
(0.7652125, 1.22332, 0.642673)
(0.7656827, 1.223325, 0.6445751)
(0.7659917, 1.223247, 0.6462502)
(0.7663267, 1.223109, 0.6479797)
(0.7664878, 1.222721, 0.6495752)
(0.7666799, 1.222034, 0.6512098)
(0.7667809, 1.221362, 0.652904)
(0.7667408, 1.220314, 0.6544807)
(0.7669084, 1.219682, 0.6560845)
(0.7668487, 1.219167, 0.6580195)
(0.7669284, 1.218965, 0.6604521)
(0.7669626, 1.218679, 0.6626544)
(0.7670088, 1.218734, 0.6650221)
(0.7668033, 1.218714, 0.6673694)
(0.7666605, 1.218461, 0.6700759)
(0.7666224, 1.218181, 0.6725786)
(0.7663672, 1.217941, 0.6754632)
(0.7661555, 1.217424, 0.67853)
(0.7659141, 1.217191, 0.6816742)
(0.765494, 1.216947, 0.6852098)
(0.7650032, 1.216637, 0.6885581)
(0.7647154, 1.216155, 0.6916666)
(0.7641203, 1.215666, 0.6949382)
(0.7638315, 1.215542, 0.6980374)
(0.7634226, 1.215148, 0.7014008)
(0.7630259, 1.21495, 0.7050631)
(0.762576, 1.214804, 0.7085884)
(0.7620984, 1.21462, 0.7123551)
(0.761493, 1.214329, 0.7166517)
(0.760681, 1.213781, 0.720747)
(0.7598768, 1.213245, 0.7250056)
(0.7590665, 1.212528, 0.7293622)
(0.7581912, 1.211716, 0.7338178)
(0.7572193, 1.210983, 0.7383263)
(0.7561741, 1.210211, 0.7431293)
(0.7551897, 1.209795, 0.7475898)
(0.7540839, 1.209585, 0.7525513)
(0.7528739, 1.209419, 0.757863)
(0.7518408, 1.209314, 0.7629869)
(0.7507588, 1.209633, 0.7686026)
(0.7495145, 1.209839, 0.7739642)
(0.7479945, 1.210174, 0.7798133)
(0.7467546, 1.210507, 0.7853959)
(0.745186, 1.211251, 0.7914917)
(0.7437155, 1.211745, 0.7975686)
(0.7422059, 1.212682, 0.8036973)
(0.7405658, 1.213811, 0.8102636)
(0.7390857, 1.214892, 0.8164382)
(0.7376502, 1.216199, 0.8224804)
(0.7361546, 1.217911, 0.8284559)
(0.7344713, 1.219738, 0.8346305)
(0.732702, 1.222023, 0.8407533)
(0.7309546, 1.224561, 0.8469415)
(0.7291605, 1.227021, 0.8530757)
(0.7274698, 1.22994, 0.8589392)
(0.7255002, 1.233377, 0.865252)
(0.723784, 1.236274, 0.8711767)
(0.7221313, 1.239804, 0.8767724)
(0.7205663, 1.243671, 0.8822455)
(0.7189232, 1.247211, 0.8876765)
(0.7176594, 1.250792, 0.8928125)
(0.7160516, 1.254827, 0.8975215)
(0.7144833, 1.258734, 0.9023414)
(0.7130332, 1.262886, 0.907032)
(0.711863, 1.267146, 0.9118361)
(0.7107879, 1.271074, 0.9160366)
(0.7097199, 1.274892, 0.9198184)
(0.7087171, 1.278519, 0.9237647)
(0.7078465, 1.281993, 0.9271986)
(0.706596, 1.285624, 0.9307349)
(0.7058444, 1.288991, 0.9336848)
(0.7050424, 1.292515, 0.936543)
(0.7044466, 1.296031, 0.9391398)
(0.7040358, 1.299742, 0.9418583)
(0.7038498, 1.303166, 0.9439921)
(0.7030935, 1.306743, 0.9466009)
(0.7027001, 1.309948, 0.94872)
(0.7024171, 1.313056, 0.9506125)
(0.7021883, 1.315979, 0.9525325)
(0.7018985, 1.318499, 0.9540889)
(0.7015204, 1.321046, 0.9557629)
(0.7012627, 1.323344, 0.9572601)
(0.7010659, 1.325786, 0.958878)
(0.7010891, 1.328044, 0.960031)
(0.7010415, 1.330171, 0.9613593)
(0.7009497, 1.332227, 0.9625111)
(0.7010645, 1.334024, 0.9636817)
(0.7012285, 1.335724, 0.9647515)
(0.7013247, 1.337387, 0.9658082)
(0.7016293, 1.339122, 0.9668899)
(0.7020195, 1.34044, 0.9679458)
(0.7023709, 1.3419, 0.9690871)
(0.7025588, 1.342735, 0.9702349)
(0.7027583, 1.343964, 0.971411)
(0.7029059, 1.344897, 0.9721608)
(0.7034314, 1.346085, 0.9730673)
(0.7038035, 1.347133, 0.9741142)
(0.7043146, 1.347902, 0.9751043)
(0.7049159, 1.348893, 0.9759018)
(0.7060105, 1.349557, 0.9766653)
(0.7067945, 1.350426, 0.97756)
(0.7075486, 1.351105, 0.9785414)
(0.7084968, 1.351866, 0.9793477)
(0.7092741, 1.352672, 0.9802432)
(0.7100966, 1.353289, 0.9812448)
(0.7112896, 1.353768, 0.9818716)
(0.7122705, 1.354209, 0.9827135)
(0.7131615, 1.354599, 0.9835167)
(0.7144343, 1.354743, 0.9840374)
(0.715679, 1.354976, 0.9846807)
(0.7169976, 1.355158, 0.9852173)
(0.71843, 1.355328, 0.9858391)
(0.7197316, 1.355505, 0.9863458)
(0.7211483, 1.355415, 0.9869251)
(0.7224822, 1.35539, 0.9874675)
(0.7238888, 1.354985, 0.9874341)
(0.7255946, 1.354758, 0.9874589)
(0.7275445, 1.353997, 0.9872036)
(0.7297359, 1.353297, 0.9873774)
(0.73176, 1.352719, 0.9872441)
(0.7336788, 1.352258, 0.9873333)
(0.7357281, 1.351877, 0.9872837)
(0.7378137, 1.351577, 0.9871283)
(0.7397499, 1.351265, 0.9869065)
(0.7417195, 1.351051, 0.9868436)
(0.7433985, 1.350755, 0.9868677)
(0.7454762, 1.350669, 0.9867921)
(0.7475424, 1.350903, 0.9868357)
(0.7493732, 1.35131, 0.986851)
(0.7512772, 1.351905, 0.9868667)
(0.7530589, 1.352505, 0.9869018)
(0.7548019, 1.352782, 0.9870818)
(0.7567458, 1.353117, 0.9869821)
(0.7584152, 1.35339, 0.9871206)
(0.7599225, 1.353512, 0.9873631)
(0.7615962, 1.35359, 0.9875233)
(0.7633548, 1.353701, 0.9878521)
(0.7648541, 1.353816, 0.9880834)
(0.7665458, 1.353715, 0.9882121)
(0.7679653, 1.353559, 0.9884069)
(0.7694345, 1.353544, 0.9884555)
(0.7707725, 1.353287, 0.9885912)
(0.7719784, 1.353222, 0.9891353)
(0.7731743, 1.353365, 0.9892397)
(0.7743541, 1.35338, 0.9894328)
(0.775265, 1.353451, 0.9895711)
(0.7764227, 1.353568, 0.9895334)
(0.7774656, 1.353572, 0.9894845)
(0.7783757, 1.353658, 0.9895084)
(0.7791687, 1.353665, 0.9896116)
(0.7799642, 1.353862, 0.9897344)
(0.7807118, 1.353973, 0.9897208)
(0.7814677, 1.353915, 0.9899125)
(0.7823415, 1.353903, 0.9900186)
(0.7829556, 1.353873, 0.9901516)
(0.7832901, 1.353681, 0.9904368)
(0.7835983, 1.353687, 0.9908049)
(0.7839938, 1.353582, 0.9909129)
(0.7844567, 1.353558, 0.9910502)
(0.7847307, 1.353554, 0.9912877)
(0.784986, 1.35357, 0.9914384)
(0.7851512, 1.353622, 0.9915843)
(0.7854981, 1.353586, 0.9916215)
(0.7856364, 1.353655, 0.9918151)
(0.7858214, 1.353705, 0.9919658)
(0.7858015, 1.353862, 0.9921939)
(0.7858673, 1.353945, 0.9924448)
(0.7859598, 1.353991, 0.9926033)
(0.7860887, 1.353919, 0.9926636)
(0.7859476, 1.353826, 0.9926169)
(0.7858932, 1.353706, 0.992739)
(0.7856164, 1.353698, 0.9928839)
(0.7853508, 1.353693, 0.992918)
(0.785078, 1.353697, 0.9930022)
(0.7847319, 1.353735, 0.9931049)
(0.7843962, 1.353766, 0.993304)
(0.7840288, 1.353756, 0.9933681)
(0.7836733, 1.353625, 0.9933245)
(0.7831347, 1.353521, 0.993351)
(0.7826296, 1.353522, 0.9932785)
(0.7821343, 1.353266, 0.993103)
