0.2711597
0.2521457
0.2177981
0.2183429
0.2212155
0.2010451
0.1750204
0.1490842
0.1373124
0.1171694
0.113642
0.1055387
0.0907087
0.08381595
0.07625781
0.06849901
0.05701876
0.04894333
0.04013266
0.03779928
0.03365063
0.01741412
0.01537887
0.004613176
0.005927838
0.01780895
0.02246424
0.02451421
0.03485999
0.03412175
0.03138052
0.03358727
0.03798922
0.03386342
0.03239787
0.03422226
0.02406491
0.02394512
0.01398968
0.009234934
0.03282003
0.03585763
0.04884521
MSE 0.07640933
total_moving_Distance 0.3950182
height_from_ground 0.04641515
height_from_ground_error 0.007193387
height_from_ground_error2 0.007193387