(308.1693, 105.3756, 329.7514)
(308.224, 105.9477, 329.3045)
(307.8604, 106.3134, 328.9302)
(307.6488, 106.336, 328.8757)
(307.6254, 106.2241, 329.0822)
(307.8328, 105.6213, 329.5879)
(307.9221, 105.7071, 329.5405)
(307.8506, 106.1385, 329.1857)
(307.7938, 106.2706, 329.0667)
(307.7564, 106.3068, 329.0894)
(307.7437, 106.2093, 329.2133)
(307.6662, 105.9189, 329.5158)
(307.34, 105.7945, 329.5545)
(307.3141, 105.937, 329.3815)
(307.5499, 106.3631, 329.0793)
(307.7388, 106.6454, 328.8322)
(307.8406, 106.578, 328.9205)
(307.7242, 106.4593, 329.0417)
(307.4669, 106.1683, 329.3044)
(307.3131, 106.1291, 329.3283)
(307.1968, 105.9314, 329.4661)
(307.3072, 106.0411, 329.2509)
(307.6576, 106.4038, 328.9381)
(307.7867, 106.5243, 328.7998)
(307.7891, 106.3521, 328.8717)
(307.7602, 106.1086, 329.0527)
(307.8253, 106.0296, 329.0938)
(307.6775, 106.1321, 329.0046)
(307.6438, 106.0732, 329.0946)
(307.5854, 105.8408, 329.2151)
(307.7611, 105.9711, 329.0866)
(307.9192, 106.1201, 328.9731)
(308.0842, 106.1229, 328.8905)
(308.0493, 106.0044, 328.9454)
