(-0.4323492, 0.6528158, -1.77091)
(-0.4325058, 0.6527826, -1.770918)
(-0.4325032, 0.6527418, -1.77089)
(-0.4325213, 0.6527359, -1.770874)
(-0.4323788, 0.6527735, -1.770851)
(-0.4323857, 0.6526414, -1.770748)
(-0.4323969, 0.6526477, -1.770718)
(-0.4323349, 0.6526585, -1.770695)
(-0.4323721, 0.6525623, -1.770685)
(-0.4323897, 0.6525744, -1.770652)
(-0.4324956, 0.6525459, -1.770666)
(-0.4324951, 0.6526259, -1.770728)
(-0.4324567, 0.6525657, -1.770786)
(-0.4324515, 0.6525465, -1.770785)
(-0.432447, 0.6526124, -1.770832)
(-0.4324479, 0.6526031, -1.770787)
(-0.4323764, 0.6526104, -1.770762)
(-0.4323561, 0.6526963, -1.770862)
(-0.4323637, 0.6527056, -1.770862)
(-0.4322948, 0.6527131, -1.770847)
(-0.4323065, 0.6527652, -1.770787)
(-0.4322844, 0.6527543, -1.77078)
(-0.4322193, 0.6527717, -1.770768)
(-0.4322205, 0.6528112, -1.770803)
(-0.4321971, 0.6528155, -1.770811)
(-0.4322922, 0.6527944, -1.770843)
(-0.4323106, 0.6527301, -1.770881)
(-0.4323318, 0.6527487, -1.770856)
(-0.4322855, 0.6527561, -1.770847)
(-0.4322932, 0.6527543, -1.770851)
(-0.4322636, 0.6527542, -1.770889)
(-0.4323549, 0.6527386, -1.770905)
(-0.4323583, 0.6526676, -1.770845)
(-0.4323974, 0.6526812, -1.770797)
(-0.4325902, 0.6526331, -1.770839)
(-0.4326108, 0.6525741, -1.770874)
(-0.4325953, 0.6525184, -1.77094)
(-0.4325752, 0.6525095, -1.770947)
(-0.432596, 0.6524376, -1.770881)
(-0.4326375, 0.6524367, -1.770831)
(-0.4325876, 0.6524367, -1.770843)
(-0.4325941, 0.6525689, -1.770966)
(-0.432636, 0.6525946, -1.770954)
(-0.4325032, 0.652644, -1.770912)
(-0.4325154, 0.652622, -1.77094)
(-0.4325466, 0.6526202, -1.770924)
(-0.4324069, 0.6526595, -1.770907)
(-0.4324362, 0.6525023, -1.770781)
(-0.4323888, 0.6524756, -1.770845)
(-0.4324141, 0.6524673, -1.770851)
(-0.4323783, 0.6527274, -1.770926)
(-0.432416, 0.6527537, -1.770895)
(-0.4326444, 0.6527073, -1.770935)
(-0.4326475, 0.6525856, -1.770845)
(-0.4326344, 0.6525378, -1.770904)
(-0.4324999, 0.65257, -1.770872)
(-0.4325175, 0.6524386, -1.770829)
(-0.4325557, 0.6524651, -1.77078)
(-0.4324141, 0.6524866, -1.770739)
(-0.4324017, 0.6525004, -1.770754)
(-0.4324198, 0.6525142, -1.770735)
(-0.4325879, 0.6524664, -1.770753)
(-0.4325886, 0.6524191, -1.770655)
(-0.4325655, 0.6523646, -1.77067)
(-0.4325461, 0.65236, -1.77066)
(-0.4325242, 0.6525413, -1.770717)
(-0.432528, 0.6525135, -1.770734)
(-0.4323435, 0.652563, -1.770701)
(-0.4323692, 0.6526495, -1.770808)
(-0.432344, 0.6526351, -1.770828)
(-0.4322207, 0.6526531, -1.770805)
(-0.4322238, 0.65255, -1.770756)
(-0.4322448, 0.6525681, -1.770719)
(-0.432153, 0.6525896, -1.77069)
(-0.4321737, 0.6525185, -1.770797)
(-0.4321799, 0.652518, -1.770783)
(-0.432303, 0.6524661, -1.770802)
(-0.4323144, 0.652403, -1.770712)
(-0.4323192, 0.6523867, -1.770711)
(-0.4324498, 0.6523452, -1.770731)
(-0.4324412, 0.6524844, -1.770808)
(-0.4324615, 0.6524512, -1.770805)
(-0.4324594, 0.6524496, -1.770817)
(-0.4324646, 0.6524134, -1.770846)
(-0.4324927, 0.652395, -1.770849)
(-0.4325457, 0.6523724, -1.770866)
(-0.432569, 0.6524613, -1.770966)
(-0.4325948, 0.6524673, -1.770965)
(-0.4325857, 0.6524582, -1.770944)
(-0.4325686, 0.6525522, -1.770954)
(-0.4325771, 0.6525677, -1.770954)
(-0.4325705, 0.6525732, -1.770958)
(-0.4325809, 0.65271, -1.770974)
(-0.4325647, 0.6526823, -1.770986)
(-0.4325068, 0.6527141, -1.770977)
(-0.4325032, 0.6527612, -1.770967)
(-0.4325202, 0.6527599, -1.770971)
(-0.432584, 0.6527569, -1.771)
(-0.4325733, 0.6527247, -1.770928)
(-0.432601, 0.6527293, -1.770902)
(-0.4324989, 0.6527675, -1.77087)
(-0.4324985, 0.6527543, -1.77091)
(-0.4324749, 0.652716, -1.770927)
(-0.4323328, 0.652757, -1.770899)
(-0.4323108, 0.6526717, -1.770711)
(-0.4323335, 0.6527199, -1.770675)
(-0.4322438, 0.6527095, -1.770623)
(-0.432246, 0.6527091, -1.770703)
(-0.4322436, 0.6527109, -1.770674)
(-0.4321575, 0.6527179, -1.770636)
(-0.4321475, 0.652671, -1.770713)
(-0.4321208, 0.65267, -1.77072)
(-0.4321265, 0.652663, -1.770714)
(-0.4321117, 0.6527295, -1.770758)
(-0.4320617, 0.6526753, -1.770787)
(-0.4322069, 0.6526964, -1.770867)
(-0.4321995, 0.6526952, -1.770837)
(-0.4322338, 0.6527395, -1.770765)
(-0.4323478, 0.652709, -1.770786)
(-0.4323256, 0.6527667, -1.770778)
(-0.4323459, 0.6527929, -1.77074)
(-0.4322338, 0.6528317, -1.770713)
(-0.4322419, 0.6528881, -1.770826)
(-0.4322219, 0.6528811, -1.77084)
(-0.4322646, 0.6528862, -1.770864)
(-0.4322696, 0.6529132, -1.770858)
(-0.4322453, 0.65292, -1.770872)
(-0.432425, 0.6528995, -1.77092)
(-0.4324641, 0.6527054, -1.770885)
(-0.4324479, 0.6527046, -1.770938)
(-0.4325118, 0.6527041, -1.770946)
(-0.432507, 0.6526723, -1.770874)
(-0.4325092, 0.6526779, -1.77088)
(-0.4325933, 0.6527113, -1.770911)
(-0.4326081, 0.6527041, -1.770914)
(-0.4325979, 0.65268, -1.770961)
(-0.4326, 0.6526805, -1.770962)
(-0.4325979, 0.6526459, -1.770863)
(-0.4326379, 0.6526585, -1.770856)
(-0.4326653, 0.652651, -1.770851)
(-0.432673, 0.6526495, -1.77085)
(-0.4326634, 0.6526132, -1.770877)
(-0.4324458, 0.6526732, -1.770833)
(-0.4324551, 0.6526634, -1.770868)
(-0.4324884, 0.6526955, -1.770819)
(-0.4324996, 0.6526889, -1.770833)
(-0.4325304, 0.6525867, -1.770799)
(-0.4324915, 0.6525666, -1.770851)
(-0.4325266, 0.652559, -1.770833)
(-0.4325244, 0.6527166, -1.770938)
(-0.4325323, 0.6527325, -1.770929)
(-0.4325781, 0.6526606, -1.770883)
(-0.4325604, 0.6526623, -1.770832)
(-0.4325128, 0.6526222, -1.770888)
(-0.4323416, 0.6526568, -1.770857)
(-0.4322994, 0.6527072, -1.770876)
(-0.4323306, 0.6527313, -1.770819)
(-0.4323177, 0.6527461, -1.770833)
(-0.4323201, 0.6526916, -1.770837)
(-0.432337, 0.6527317, -1.77077)
(-0.4325352, 0.6527222, -1.770831)
(-0.4325695, 0.6527131, -1.770808)
(-0.4325254, 0.6526613, -1.770862)
(-0.4324789, 0.6526572, -1.770845)
(-0.4325085, 0.6524713, -1.770798)
(-0.4325252, 0.6524988, -1.770765)
(-0.4325473, 0.6524723, -1.770752)
(-0.4325485, 0.6526116, -1.770846)
(-0.4325058, 0.6525767, -1.77089)
(-0.432405, 0.6525792, -1.770852)
(-0.4323988, 0.6527182, -1.770897)
(-0.4323993, 0.6527196, -1.770902)
(-0.4323668, 0.6527414, -1.770903)
(-0.4323359, 0.6527801, -1.770831)
(-0.4323549, 0.6528105, -1.770794)
(-0.432286, 0.6528388, -1.770775)
(-0.4322739, 0.6528692, -1.770826)
(-0.4322486, 0.652842, -1.770858)
(-0.4321754, 0.6528774, -1.770866)
(-0.432198, 0.6527847, -1.770853)
(-0.4321499, 0.6527656, -1.77087)
(-0.4320912, 0.6527854, -1.770876)
(-0.4320912, 0.6527759, -1.770821)
(-0.4321046, 0.6528045, -1.770767)
(-0.4321368, 0.6528034, -1.770784)
(-0.4321394, 0.6527922, -1.770839)
(-0.4321318, 0.6528116, -1.770836)
(-0.4323888, 0.6527168, -1.770866)
(-0.4324155, 0.6527033, -1.77091)
(-0.4324045, 0.6526902, -1.770944)
(-0.4323373, 0.6527013, -1.770922)
(-0.432323, 0.6527188, -1.770863)
(-0.4323268, 0.6527413, -1.770827)
(-0.4323773, 0.6527212, -1.770829)
(-0.4323509, 0.6527157, -1.770787)
(-0.4323964, 0.6527296, -1.770717)
(-0.4324787, 0.6527879, -1.770757)
(-0.4324741, 0.652813, -1.770736)
(-0.4324658, 0.6528106, -1.770723)
(-0.4324181, 0.6528374, -1.770717)
(-0.4324079, 0.6528184, -1.770709)
(-0.4323783, 0.6527624, -1.770781)
(-0.4322569, 0.6528013, -1.770775)
(-0.4322705, 0.6527563, -1.770863)
(-0.4322789, 0.6527911, -1.770843)
(-0.4321847, 0.6526277, -1.770745)
(-0.4321985, 0.6526272, -1.770778)
(-0.4322081, 0.6526426, -1.770756)
(-0.4323745, 0.6525851, -1.770787)
(-0.4323802, 0.6526533, -1.770834)
(-0.4323986, 0.6526783, -1.770797)
(-0.4323301, 0.6526856, -1.770781)
(-0.4323463, 0.6526688, -1.770768)
(-0.4322805, 0.652611, -1.770863)
(-0.4323761, 0.6525155, -1.770871)
(-0.4323788, 0.6525117, -1.770881)
(-0.4324284, 0.6525204, -1.770836)
(-0.432569, 0.6524787, -1.770882)
(-0.4325583, 0.6524596, -1.770741)
(-0.432498, 0.6523967, -1.770819)
(-0.4324136, 0.6524041, -1.770782)
(-0.4324198, 0.6523802, -1.770839)
(-0.4324791, 0.6524184, -1.770768)
(-0.4325602, 0.6523855, -1.770757)
(-0.4325676, 0.6524101, -1.770745)
(-0.4325855, 0.6524262, -1.770706)
(-0.4324217, 0.6524661, -1.770651)
(-0.4324102, 0.6525939, -1.770663)
(-0.4323945, 0.6525999, -1.770672)
(-0.4324858, 0.6525847, -1.770701)
(-0.4324932, 0.6526767, -1.770792)
(-0.4324965, 0.6526889, -1.770769)
(-0.4325039, 0.652679, -1.770743)
(-0.4324834, 0.6528116, -1.770742)
(-0.4324434, 0.6527847, -1.770807)
(-0.4323187, 0.652819, -1.770768)
(-0.4322901, 0.6529145, -1.770808)
(-0.4323099, 0.6529548, -1.770789)
(-0.4323354, 0.6529683, -1.770784)
(-0.4323363, 0.6529101, -1.77074)
(-0.4323525, 0.6529489, -1.770715)
(-0.4323344, 0.6529664, -1.77069)
(-0.4323406, 0.6529225, -1.770787)
(-0.4323153, 0.6528941, -1.770816)
(-0.4322062, 0.6529353, -1.770791)
(-0.4322193, 0.6528234, -1.770765)
(-0.4321289, 0.6527737, -1.770831)
(-0.4321654, 0.6527697, -1.770851)
(-0.4321446, 0.6527886, -1.770906)
(-0.4321618, 0.6528413, -1.770846)
(-0.4322524, 0.652725, -1.770813)
(-0.4322398, 0.6527133, -1.77084)
(-0.4322462, 0.65273, -1.770798)
(-0.4323623, 0.6527003, -1.770828)
(-0.4323564, 0.6528189, -1.770892)
(-0.4322832, 0.6527629, -1.770958)
(-0.4323013, 0.6527544, -1.770966)
(-0.4322999, 0.6527008, -1.770951)
(-0.4323463, 0.6527539, -1.770894)
(-0.4322982, 0.6527783, -1.770884)
(-0.4322789, 0.6528234, -1.770848)
(-0.4322751, 0.6528178, -1.770878)
(-0.432513, 0.6527591, -1.770921)
(-0.432498, 0.6528118, -1.77097)
(-0.432498, 0.6527655, -1.771028)
(-0.4325314, 0.6527611, -1.771053)
(-0.4325447, 0.6526983, -1.771026)
(-0.4325628, 0.6527325, -1.771002)
(-0.4324644, 0.652747, -1.770968)
(-0.4324615, 0.6525587, -1.770792)
(-0.4324851, 0.6525545, -1.770777)
(-0.4323242, 0.6525704, -1.770727)
(-0.4323239, 0.6525495, -1.770708)
(-0.4323378, 0.6525512, -1.770681)
(-0.4322338, 0.6525606, -1.770649)
(-0.4322028, 0.652649, -1.770745)
(-0.4322233, 0.6526721, -1.770719)
(-0.4321704, 0.6526623, -1.770681)
(-0.4321482, 0.6527282, -1.770678)
(-0.4320567, 0.6526465, -1.770774)
(-0.4320025, 0.65265, -1.770764)
(-0.4320092, 0.6526469, -1.770868)
(-0.4320264, 0.6526825, -1.770835)
(-0.4321778, 0.6526414, -1.770875)
(-0.4322071, 0.6525702, -1.770872)
(-0.4322281, 0.6526129, -1.77083)
(-0.4323163, 0.652575, -1.770836)
(-0.4322927, 0.6526624, -1.770872)
(-0.4322834, 0.6526248, -1.770876)
(-0.4323177, 0.6525984, -1.770884)
(-0.4323177, 0.6526282, -1.770959)
(-0.4323745, 0.6526736, -1.770896)
(-0.4324615, 0.6526477, -1.770897)
(-0.4324496, 0.652498, -1.770756)
(-0.4324374, 0.6524496, -1.770767)
(-0.4324522, 0.6524422, -1.770758)
(-0.4324644, 0.6523658, -1.770763)
(-0.4325144, 0.652391, -1.770687)
(-0.4324956, 0.6524037, -1.770699)
(-0.4325171, 0.6524116, -1.770764)
(-0.4325476, 0.6524034, -1.770751)
(-0.432657, 0.6523651, -1.770759)
(-0.4326277, 0.6525364, -1.770736)
(-0.4326451, 0.6525216, -1.77074)
(-0.4325075, 0.6525482, -1.770696)
(-0.4324956, 0.6527019, -1.77074)
(-0.4324815, 0.6526983, -1.770754)
(-0.4323702, 0.6527274, -1.770728)
(-0.4323704, 0.6526904, -1.770718)
(-0.4323707, 0.6526917, -1.77071)
