0.02473173
0.03227315
0.04109177
0.05912791
0.08068475
0.08068475
0.1178027
0.1335882
0.149124
0.1610705
0.1769458
0.191929
0.221269
0.221269
0.2345954
0.2480447
0.2724372
0.2724372
0.2880979
0.2936962
0.2936962
0.1806733
0.1836564
0.1875093
0.1923551
0.1943903
0.1963482
0.1982988
0.1993643
0.1992246
0.1980016
0.1980016
0.1927613
0.1899525
0.1870601
0.1870601
0.1846488
0.1829269
0.1822299
0.1814312
0.1825119
0.1817124
0.05917859
0.05752253
0.05055035
0.05055035
0.04321849
0.04067184
0.03951561
0.03951561
0.03851604
0.03737414
0.03635943
0.03379024
0.03142631
0.02827763
0.02492261
0.02266454
0.0208013
0.0208013
0.01849961
0.01529516
