other
(0.03800964, 1.353076, -0.3938793)
(0.03645563, 1.352967, -0.3928679)
(0.03495097, 1.352849, -0.3918132)
(0.03352499, 1.352649, -0.3907954)
(0.03212857, 1.352509, -0.3897544)
(0.0308156, 1.352367, -0.3887838)
(0.02942467, 1.352085, -0.3876942)
(0.02811694, 1.351825, -0.3866425)
(0.02683449, 1.351435, -0.3855797)
(0.02553868, 1.35103, -0.3845227)
(0.02422762, 1.350535, -0.3834256)
(0.02296448, 1.349927, -0.3821367)
(0.02183914, 1.34936, -0.3809922)
(0.02088308, 1.3486, -0.3798114)
(0.01997375, 1.347909, -0.3786222)
(0.01913333, 1.347126, -0.3775386)
(0.01828265, 1.346363, -0.3765935)
(0.0177381, 1.345733, -0.3759093)
(0.01704931, 1.345085, -0.3752214)
(0.01686502, 1.344418, -0.3749331)
(0.01647758, 1.343965, -0.374596)
(0.01605844, 1.343693, -0.374123)
(0.01561546, 1.343651, -0.3735036)
(0.01517391, 1.343681, -0.3725554)
(0.01483321, 1.343981, -0.3713133)
(0.0145154, 1.344309, -0.3698589)
(0.01423979, 1.34462, -0.3681611)
(0.01395178, 1.344873, -0.3664516)
(0.01371479, 1.345177, -0.364857)
(0.01352167, 1.345466, -0.3633145)
(0.01334238, 1.345593, -0.3618003)
(0.01320171, 1.345588, -0.3604585)
(0.01304436, 1.345507, -0.3590876)
(0.01290822, 1.345262, -0.3575703)
(0.0128293, 1.34499, -0.3561329)
(0.01275492, 1.344692, -0.354671)
(0.01270556, 1.344368, -0.3527398)
(0.01247907, 1.344095, -0.3511282)
(0.01239681, 1.343813, -0.3494065)
(0.01224828, 1.343544, -0.3477137)
(0.01201296, 1.343192, -0.3456959)
(0.01198864, 1.342914, -0.3436811)
(0.01191688, 1.342591, -0.3415256)
(0.01209068, 1.342221, -0.339487)
(0.01218224, 1.341851, -0.3372983)
(0.01226878, 1.341395, -0.3348552)
(0.01235032, 1.340981, -0.332594)
(0.01254463, 1.340445, -0.3302892)
(0.01270199, 1.339866, -0.3279098)
(0.01277781, 1.339201, -0.3254689)
(0.01300097, 1.338475, -0.3230795)
(0.013304, 1.337653, -0.3204935)
(0.01351643, 1.336874, -0.3180071)
(0.01398039, 1.336103, -0.3155133)
(0.01444769, 1.335231, -0.3126811)
(0.01483893, 1.334356, -0.3100945)
(0.01544046, 1.333508, -0.3072499)
(0.01610041, 1.33269, -0.3042914)
(0.01693177, 1.331843, -0.301209)
(0.01782799, 1.330993, -0.298262)
(0.01878738, 1.329981, -0.2950174)
(0.01985526, 1.328962, -0.2920799)
(0.02107024, 1.328118, -0.2891076)
(0.02240086, 1.327254, -0.2856982)
(0.02367735, 1.326553, -0.2826252)
(0.02513146, 1.325996, -0.2793639)
(0.02660465, 1.32548, -0.275805)
(0.02820349, 1.32503, -0.2722143)
(0.02982759, 1.324619, -0.2686235)
(0.03150749, 1.324186, -0.2648126)
(0.03308177, 1.323713, -0.2611557)
(0.03491545, 1.323393, -0.257522)
(0.03688741, 1.323107, -0.253529)
(0.03857589, 1.322948, -0.2499437)
(0.04051447, 1.323012, -0.2463364)
(0.04239488, 1.323098, -0.2424368)
(0.04439163, 1.323459, -0.2385959)
(0.04637265, 1.324009, -0.2347714)
(0.04826355, 1.324613, -0.2308325)
(0.04997611, 1.32519, -0.2268657)
(0.0518856, 1.325872, -0.2227444)
(0.05392337, 1.326494, -0.2182684)
(0.0558188, 1.327027, -0.2141627)
(0.05788255, 1.327564, -0.210169)
(0.05991149, 1.328019, -0.2061629)
(0.06191039, 1.328563, -0.2024579)
(0.06403637, 1.329255, -0.1989437)
(0.0660305, 1.33016, -0.1954156)
(0.06797075, 1.331205, -0.191703)
(0.07004094, 1.332361, -0.188084)
(0.07211781, 1.333322, -0.183733)
(0.0737195, 1.334209, -0.1796647)
(0.07556057, 1.334899, -0.1756772)
(0.07725883, 1.335307, -0.1716221)
(0.07872152, 1.335569, -0.1677606)
(0.08040357, 1.335817, -0.1642339)
(0.08193374, 1.33572, -0.1608938)
(0.0833776, 1.335584, -0.1578207)
(0.08475351, 1.335365, -0.1550058)
(0.08627415, 1.335308, -0.1519441)
(0.08752012, 1.335304, -0.1493902)
(0.08880234, 1.335558, -0.1469803)
(0.09003377, 1.335841, -0.1444123)
(0.09111905, 1.33634, -0.1418153)
(0.09229755, 1.337051, -0.1390368)
(0.09341335, 1.338038, -0.1359643)
(0.09437394, 1.339042, -0.1327803)
(0.09537673, 1.340242, -0.1293526)
(0.09654713, 1.34146, -0.1254025)
(0.09747791, 1.342423, -0.1218802)
(0.09847116, 1.343272, -0.1182883)
(0.09946752, 1.343962, -0.1148702)
(0.1003218, 1.344432, -0.1114503)
(0.101259, 1.344644, -0.1082728)
(0.1022999, 1.344657, -0.1051384)
(0.1031685, 1.344728, -0.1021458)
(0.1041675, 1.344673, -0.09949602)
(0.1050558, 1.344588, -0.09644307)
(0.1057141, 1.34453, -0.09347023)
(0.1065428, 1.344557, -0.09049393)
(0.1072111, 1.344503, -0.0872568)
(0.1079514, 1.344348, -0.08390702)
(0.1084807, 1.344237, -0.08049239)
(0.1090429, 1.344172, -0.07698359)
(0.1095023, 1.344082, -0.07366885)
(0.1099634, 1.344075, -0.0703658)
(0.1104293, 1.344027, -0.06704487)
(0.1107943, 1.343961, -0.06360473)
(0.111284, 1.343976, -0.06022801)
(0.1115515, 1.343837, -0.05666603)
(0.1116984, 1.343651, -0.05272378)
(0.1117411, 1.34331, -0.0490097)
(0.1118793, 1.343046, -0.04537548)
(0.1118517, 1.342788, -0.04183115)
(0.1119378, 1.342619, -0.03838922)
(0.1118362, 1.342401, -0.03475298)
(0.1115232, 1.342241, -0.03088023)
(0.1114655, 1.342207, -0.02717508)
(0.1110854, 1.341993, -0.02313842)
(0.1105807, 1.341714, -0.01870145)
(0.1100152, 1.3413, -0.01463307)
(0.1093698, 1.340861, -0.01071705)
(0.1087172, 1.340449, -0.00674416)
(0.1081805, 1.340164, -0.003133788)
(0.1075051, 1.33988, 0.0005794624)
(0.1067727, 1.339701, 0.004304157)
(0.1059551, 1.339658, 0.008152352)
(0.1049476, 1.339772, 0.01223908)
(0.1038399, 1.339948, 0.0169134)
(0.102766, 1.340201, 0.02130352)
(0.1014373, 1.340541, 0.02582489)
(0.1001456, 1.340805, 0.03023349)
(0.09867454, 1.341257, 0.03459273)
(0.09719229, 1.341707, 0.03873716)
(0.09551549, 1.342322, 0.04282211)
(0.09402132, 1.343119, 0.04692934)
(0.09254098, 1.344184, 0.0511093)
(0.09086776, 1.345268, 0.0554385)
(0.08932447, 1.346387, 0.05956732)
(0.08776689, 1.347535, 0.06405888)
(0.08625388, 1.348518, 0.06865953)
(0.08468008, 1.349167, 0.07328413)
(0.08322859, 1.349681, 0.07777248)
(0.08164573, 1.349957, 0.08220445)
(0.08029222, 1.349939, 0.08635031)
(0.07905602, 1.349539, 0.09006189)
(0.07779431, 1.348921, 0.0940256)
(0.0767827, 1.348288, 0.09739409)
(0.07591748, 1.347276, 0.1004811)
(0.07505894, 1.346334, 0.1035367)
(0.07432413, 1.345054, 0.1061634)
(0.07365465, 1.344001, 0.1085521)
(0.07314873, 1.342943, 0.1106912)
(0.07282257, 1.34213, 0.1125851)
(0.07259083, 1.341387, 0.1142233)
(0.07238388, 1.340706, 0.1159421)
(0.07217836, 1.340332, 0.1174825)
(0.07204342, 1.34033, 0.1189157)
(0.071702, 1.340554, 0.120733)
(0.07140398, 1.341028, 0.1227584)
(0.07114124, 1.3416, 0.1248497)
(0.07076788, 1.342315, 0.1273783)
(0.07050419, 1.342978, 0.1299006)
(0.0703032, 1.343609, 0.1324626)
(0.06976485, 1.344261, 0.1352287)
(0.06932974, 1.344539, 0.1375737)
(0.06899309, 1.344757, 0.1396535)
(0.06853032, 1.344941, 0.1418224)
(0.0681448, 1.344742, 0.143651)
(0.06793261, 1.34447, 0.1455054)
(0.06756735, 1.344078, 0.1471537)
(0.06729221, 1.343714, 0.1486912)
(0.06710219, 1.343308, 0.1500861)
(0.06680298, 1.342996, 0.1516218)
(0.06667757, 1.34283, 0.1528362)
(0.066504, 1.342635, 0.154065)
(0.06598854, 1.342584, 0.1555347)
(0.06560254, 1.342456, 0.1569487)
(0.06543207, 1.342433, 0.1584105)
(0.064924, 1.342649, 0.1599377)
(0.0645988, 1.342792, 0.1613707)
(0.06428289, 1.343029, 0.1625961)
(0.06401873, 1.343274, 0.1641459)
(0.06372094, 1.343497, 0.165552)
(0.06350827, 1.343745, 0.1668485)
(0.06319761, 1.344038, 0.1683651)
(0.06309342, 1.344282, 0.169631)
(0.06295514, 1.344425, 0.1709294)
(0.06281757, 1.34452, 0.1722884)
(0.06278324, 1.344564, 0.1735648)
(0.06290317, 1.344529, 0.1750535)
(0.06285024, 1.34446, 0.1765927)
(0.06282282, 1.344216, 0.1779541)
(0.06293869, 1.343916, 0.1790576)
(0.06284857, 1.343619, 0.1803543)
(0.06293821, 1.343083, 0.1815729)
(0.06318498, 1.342643, 0.182755)
(0.06346273, 1.342061, 0.1837886)
(0.06384659, 1.341519, 0.1847758)
(0.06418633, 1.340999, 0.1855351)
(0.06459618, 1.34048, 0.1863144)
(0.06501698, 1.34001, 0.1871389)
(0.06565356, 1.33965, 0.1879117)
(0.06611443, 1.339428, 0.1888374)
(0.06681561, 1.339241, 0.1896484)
(0.06750846, 1.339016, 0.1905175)
(0.06815791, 1.338878, 0.1915227)
(0.06900764, 1.338746, 0.1925132)
(0.06973982, 1.338789, 0.1934115)
(0.07055759, 1.338991, 0.1941887)
(0.07143521, 1.339321, 0.1947926)
(0.07233739, 1.339908, 0.1953148)
(0.07327461, 1.340479, 0.1958837)
(0.0741601, 1.341457, 0.1964515)
(0.07498002, 1.342442, 0.1969675)
(0.07593751, 1.343577, 0.1976484)
(0.07682157, 1.344667, 0.1983845)
(0.07773018, 1.345804, 0.1992442)
(0.0784781, 1.346679, 0.2002269)
(0.07923222, 1.347316, 0.2012418)
(0.08010817, 1.347776, 0.202267)
(0.08068013, 1.348144, 0.2033053)
(0.08133554, 1.348048, 0.2041679)
(0.08217216, 1.347858, 0.2049314)
(0.08286142, 1.347378, 0.205498)
(0.08351445, 1.346821, 0.206042)
(0.08431077, 1.34613, 0.2062279)
(0.08501697, 1.345503, 0.2063851)
(0.08578205, 1.345046, 0.2063745)
(0.08642817, 1.344534, 0.2062911)
(0.08699203, 1.344072, 0.2062746)
(0.08748484, 1.343723, 0.2061326)
(0.0880475, 1.34352, 0.2061163)
(0.08835554, 1.343567, 0.2062181)
(0.08878088, 1.343645, 0.2062344)
(0.08913636, 1.343737, 0.2062107)
(0.08941364, 1.343984, 0.2064845)
(0.08981824, 1.344254, 0.2067128)
(0.09011292, 1.344456, 0.2071634)
(0.09028125, 1.344575, 0.2074314)
(0.09052253, 1.344704, 0.2075268)
(0.09076405, 1.344783, 0.2074581)
(0.09081912, 1.34478, 0.2072822)
(0.09112334, 1.344804, 0.2069007)
(0.0913372, 1.344881, 0.2068019)
(0.09153271, 1.344823, 0.2064472)
(0.09173346, 1.344751, 0.2061092)
(0.09184194, 1.344745, 0.2055462)
(0.09200168, 1.344726, 0.2052712)
(0.09221125, 1.344847, 0.2048201)
(0.09235978, 1.344929, 0.2044775)
(0.09240532, 1.345032, 0.2041713)
(0.09247017, 1.345242, 0.2038168)
(0.09247518, 1.345452, 0.2035328)
(0.09240437, 1.345649, 0.2032965)
(0.09234285, 1.345806, 0.203058)
(0.09223127, 1.345999, 0.2027186)
(0.09217858, 1.346172, 0.2024987)
(0.09209895, 1.346279, 0.2021873)
(0.09204912, 1.346378, 0.2018727)
(0.09197998, 1.346398, 0.2015654)
(0.09195018, 1.346413, 0.2011434)
(0.09181571, 1.34645, 0.2007888)
(0.09175873, 1.34639, 0.2004126)
(0.09178209, 1.346382, 0.1999855)
(0.09175181, 1.346332, 0.199592)
(0.09170723, 1.346224, 0.1992149)
(0.091645, 1.346198, 0.1988281)
####
(0.7744213, 0.05135428, 0.04112108)
(0.7747014, 0.05140183, 0.04167517)
(0.7757066, 0.0513538, 0.0419287)
(0.7761266, 0.05179253, 0.04240534)
(0.7765229, 0.05218644, 0.04305663)
(0.7773854, 0.05250184, 0.0441445)
(0.7778, 0.05318353, 0.04519413)
(0.7780799, 0.05385534, 0.04626707)
(0.7780497, 0.05437106, 0.04751863)
(0.7779784, 0.05544142, 0.04884858)
(0.7781963, 0.05665076, 0.05041042)
(0.7781441, 0.0580862, 0.05219857)
(0.7781087, 0.05965631, 0.05383299)
(0.7781706, 0.06229424, 0.05674821)
(0.778868, 0.06446785, 0.05955717)
(0.7811996, 0.06750873, 0.06347115)
(0.784601, 0.06971803, 0.06653357)
(0.790956, 0.07184044, 0.07009391)
(0.7975931, 0.07440478, 0.0734871)
(0.8064678, 0.07653254, 0.07616119)
(0.8165575, 0.07932232, 0.07833378)
(0.8250656, 0.08231849, 0.07940224)
(0.8315449, 0.08488416, 0.07951245)
(0.8352192, 0.08663767, 0.07899658)
(0.8340855, 0.08736183, 0.07747739)
(0.8311746, 0.08819995, 0.07692377)
(0.8255581, 0.08860055, 0.07634737)
(0.8215371, 0.09002878, 0.07702869)
(0.8181011, 0.09098697, 0.07768804)
(0.8173892, 0.09227497, 0.07895496)
(0.8181075, 0.09359848, 0.07968837)
(0.8193538, 0.09481391, 0.08086255)
(0.8207336, 0.09586839, 0.08144265)
(0.8221602, 0.09743444, 0.0821343)
(0.823597, 0.09838035, 0.08236047)
(0.8255946, 0.09936799, 0.0825128)
(0.8284946, 0.1007228, 0.08356529)
(0.8308527, 0.1014725, 0.08417173)
(0.8326162, 0.1023546, 0.08478391)
(0.8336872, 0.1030553, 0.08511537)
(0.8341284, 0.1036326, 0.08577507)
(0.8342539, 0.1035588, 0.08605926)
(0.8342175, 0.1040525, 0.08688295)
(0.8342654, 0.1041802, 0.08735852)
(0.8346771, 0.1040515, 0.0883853)
(0.8355104, 0.1038084, 0.08910907)
(0.8362195, 0.1035081, 0.08942281)
(0.8371525, 0.1026483, 0.08928231)
(0.8381375, 0.1021197, 0.08932716)
(0.8392354, 0.1010771, 0.08904637)
(0.8404222, 0.09965757, 0.08872212)
(0.8417163, 0.09751694, 0.08746189)
(0.8429958, 0.09566059, 0.08674514)
(0.8442069, 0.09325098, 0.08552732)
(0.845752, 0.09104604, 0.08438321)
(0.8472992, 0.08938055, 0.08372079)
(0.8481144, 0.08757555, 0.08280372)
(0.8485566, 0.08601277, 0.08197262)
(0.8479526, 0.08434156, 0.08121663)
(0.8468903, 0.08325078, 0.0801928)
(0.8458226, 0.08311713, 0.08004238)
(0.8458216, 0.08229814, 0.0807763)
(0.8476039, 0.08168276, 0.08225162)
(0.8502482, 0.08148249, 0.08412999)
(0.8523386, 0.08088618, 0.08594818)
(0.8539197, 0.08053529, 0.08739432)
(0.8547354, 0.08020001, 0.08854494)
(0.8538193, 0.07851483, 0.08794573)
(0.851843, 0.07732392, 0.08727253)
(0.848691, 0.07528027, 0.08553106)
(0.8464677, 0.07336234, 0.08477542)
(0.8448033, 0.07036225, 0.0834622)
(0.8446271, 0.06734855, 0.08332495)
(0.8446236, 0.06405189, 0.08276165)
(0.8445331, 0.05999893, 0.0813015)
(0.8437931, 0.05570289, 0.08006799)
(0.8433511, 0.05137208, 0.07856299)
(0.8422446, 0.04697279, 0.07625175)
(0.8402122, 0.04153589, 0.07301173)
(0.8375194, 0.03682837, 0.06934227)
(0.833635, 0.03199491, 0.06491437)
(0.8278965, 0.02832112, 0.06106963)
(0.8224264, 0.02459501, 0.0578065)
(0.8173643, 0.02173416, 0.05545037)
(0.8137544, 0.01936199, 0.05390111)
(0.8126246, 0.01751666, 0.05270083)
(0.8131817, 0.01554498, 0.05095281)
(0.8165361, 0.01512819, 0.04942363)
(0.8189672, 0.01407306, 0.0474999)
(0.818984, 0.01336919, 0.04590502)
(0.8156906, 0.01158553, 0.04442843)
(0.8110975, 0.009718906, 0.04295984)
(0.8041317, 0.007567659, 0.04189532)
(0.7984914, 0.005469646, 0.04104268)
(0.7948007, 0.003845641, 0.04065583)
(0.7935634, 0.001734861, 0.04012831)
(0.7949302, 6.28253, 0.0395037)
(0.7986793, 6.280385, 0.03865713)
(0.8057405, 6.277771, 0.03724343)
(0.8148561, 6.275248, 0.03555219)
(0.8231435, 6.27268, 0.03287475)
(0.8322729, 6.27037, 0.0301691)
(0.8391483, 6.267151, 0.027275)
(0.8455885, 6.264088, 0.02463244)
(0.8500932, 6.26053, 0.02170073)
(0.8516764, 6.256658, 0.01832794)
(0.8512328, 6.252844, 0.01461979)
(0.8473436, 6.249238, 0.01045211)
(0.8416609, 6.245985, 0.006307154)
(0.8366825, 6.244146, 0.003324195)
(0.8310865, 6.24247, 0.000495169)
(0.8272427, 6.24139, 6.281689)
(0.8242986, 6.240685, 6.280351)
(0.8232337, 6.24069, 6.279558)
(0.8246411, 6.24107, 6.279479)
(0.8273085, 6.240932, 6.279)
(0.8322569, 6.24099, 6.278721)
(0.8374888, 6.240705, 6.277515)
(0.8414057, 6.240149, 6.275925)
(0.8438044, 6.239237, 6.27377)
(0.8446477, 6.238522, 6.272114)
(0.8445064, 6.237115, 6.270336)
(0.8442083, 6.23655, 6.269079)
(0.8440174, 6.235396, 6.267252)
(0.8446087, 6.234943, 6.265656)
(0.8461554, 6.234968, 6.264866)
(0.8474646, 6.234858, 6.264098)
(0.8481814, 6.235381, 6.264321)
(0.8482985, 6.235909, 6.264521)
(0.8474506, 6.236793, 6.265639)
(0.8463742, 6.237086, 6.265629)
(0.8455983, 6.237566, 6.265647)
(0.8451897, 6.238242, 6.266317)
(0.8454565, 6.238968, 6.266563)
(0.8456894, 6.239157, 6.266521)
(0.8458324, 6.239711, 6.266034)
(0.8455191, 6.239882, 6.265297)
(0.8446586, 6.239863, 6.264143)
(0.8426566, 6.240244, 6.262931)
(0.8403426, 6.240768, 6.261474)
(0.8377838, 6.241646, 6.260016)
(0.8357294, 6.242904, 6.259341)
(0.8345432, 6.244398, 6.258242)
(0.8354222, 6.247186, 6.258335)
(0.8373765, 6.249924, 6.258352)
(0.8409083, 6.253613, 6.259136)
(0.8428434, 6.257689, 6.260688)
(0.8434073, 6.261954, 6.262417)
(0.8417597, 6.266282, 6.264471)
(0.8386171, 6.270382, 6.266528)
(0.8343955, 6.274262, 6.268823)
(0.83143, 6.277539, 6.270583)
(0.8309205, 6.280787, 6.272916)
(0.8319709, 0.0007169635, 6.274929)
(0.8357484, 0.003467225, 6.276886)
(0.8405216, 0.005839722, 6.278636)
(0.8466794, 0.008133185, 6.281797)
(0.8518699, 0.009574152, 0.001118192)
(0.8547651, 0.01019145, 0.001540326)
(0.8547462, 0.009535401, 0.001686487)
(0.8516113, 0.008629754, 0.002233095)
(0.8446857, 0.007573056, 0.002406457)
(0.8386983, 0.006469226, 0.002546013)
(0.8329791, 0.005992482, 0.002471602)
(0.8285798, 0.00614095, 0.003167799)
(0.8253399, 0.006340134, 0.002788865)
(0.8242795, 0.007444515, 0.002347653)
(0.8247903, 0.008662755, 0.001983702)
(0.8270596, 0.01024268, 0.001364914)
(0.8303628, 0.01204659, 0.0003437465)
(0.8350952, 0.01463899, -2.487525E-05)
(0.8410162, 0.01735286, 6.282964)
(0.8496307, 0.02117123, 0.0006680985)
(0.8588114, 0.02461314, 0.001567203)
(0.8702239, 0.02853196, 0.003944376)
(0.8819375, 0.03313468, 0.006911983)
(0.8914847, 0.03762643, 0.01041532)
(0.9005532, 0.04212079, 0.01418118)
(0.9071311, 0.04639158, 0.01738851)
(0.9100673, 0.04990308, 0.01951435)
(0.9092713, 0.05269299, 0.02107488)
(0.9044297, 0.05492945, 0.02238167)
(0.8970335, 0.05675414, 0.02401595)
(0.8889536, 0.05697476, 0.02458945)
(0.8830395, 0.057366, 0.02491266)
(0.878769, 0.05746726, 0.02479687)
(0.8756441, 0.05733941, 0.02379948)
(0.8742824, 0.05682139, 0.02227949)
(0.8741938, 0.0566633, 0.02082689)
(0.8747421, 0.0564059, 0.0197188)
(0.8772768, 0.05620779, 0.0186127)
(0.8805086, 0.0568441, 0.01842623)
(0.8855638, 0.05754, 0.0186715)
(0.8915954, 0.05824948, 0.01900007)
(0.8965878, 0.05930725, 0.0197141)
(0.9012915, 0.05992701, 0.02036736)
(0.9048631, 0.06063336, 0.02094612)
(0.9074708, 0.06151476, 0.02181309)
(0.9089879, 0.0612691, 0.0222253)
(0.9097827, 0.06144499, 0.02278382)
(0.9102988, 0.06102892, 0.02313045)
(0.9093328, 0.0598786, 0.02279494)
(0.9074764, 0.05875846, 0.02243731)
(0.9055974, 0.05852325, 0.02266579)
(0.9026604, 0.05740998, 0.02298955)
(0.9001076, 0.05654595, 0.02307764)
(0.8971819, 0.05612493, 0.02360778)
(0.8946389, 0.05595162, 0.02411378)
(0.892249, 0.05639168, 0.02571985)
(0.8903114, 0.05641896, 0.02708718)
(0.8890263, 0.05672995, 0.02868504)
(0.8877625, 0.05694963, 0.03035828)
(0.8867345, 0.0577931, 0.0325557)
(0.8862319, 0.05748618, 0.03421241)
(0.8860579, 0.05769059, 0.03613394)
(0.8864309, 0.05747341, 0.03718025)
(0.8870753, 0.05767677, 0.03891405)
(0.888285, 0.05734126, 0.04022577)
(0.8898255, 0.05715737, 0.04221046)
(0.8916008, 0.05682075, 0.04391377)
(0.8935462, 0.05588353, 0.04495553)
(0.895329, 0.05515762, 0.04636912)
(0.8965982, 0.05401442, 0.04772546)
(0.8973013, 0.05306341, 0.04852465)
(0.8969111, 0.0518074, 0.04982654)
(0.8953907, 0.04985328, 0.05018054)
(0.8924924, 0.04773156, 0.05133848)
(0.8896129, 0.04496085, 0.05231296)
(0.8882864, 0.04218843, 0.05360749)
(0.8884217, 0.03930383, 0.0547248)
(0.8895565, 0.03648821, 0.0552841)
(0.8922275, 0.0329229, 0.05452158)
(0.8945324, 0.02973495, 0.05301444)
(0.8967318, 0.02684882, 0.05063574)
(0.8977599, 0.02357937, 0.04830352)
(0.8978481, 0.01986306, 0.04484922)
(0.8968992, 0.01638003, 0.04210237)
(0.8943252, 0.01316271, 0.03858428)
(0.8896706, 0.01010412, 0.03478358)
(0.8844876, 0.007852403, 0.03238592)
(0.878975, 0.006304021, 0.03013994)
(0.8745109, 0.004483881, 0.02751919)
(0.8704172, 0.003945403, 0.02584006)
(0.8674092, 0.003610357, 0.02498128)
(0.8663487, 0.003916922, 0.02473429)
(0.8662955, 0.004143453, 0.02496561)
(0.8678619, 0.004417743, 0.02526457)
(0.8711551, 0.005344889, 0.02549195)
(0.8740005, 0.006279184, 0.02513754)
(0.8779104, 0.007278137, 0.02459084)
(0.8813894, 0.008229516, 0.02396658)
(0.8850955, 0.009526427, 0.02395843)
(0.8883982, 0.01034017, 0.02400647)
(0.8913989, 0.01082689, 0.02458868)
(0.8935115, 0.01134551, 0.02535146)
(0.8942488, 0.01130423, 0.02577299)
(0.8929374, 0.01151475, 0.02641528)
(0.8905534, 0.01071529, 0.0264146)
(0.886464, 0.01031536, 0.0264781)
(0.883292, 0.009547595, 0.02597449)
(0.8803302, 0.008352653, 0.02533064)
(0.8789775, 0.007234365, 0.0246237)
(0.8787284, 0.006442179, 0.02373603)
(0.8789713, 0.005098746, 0.02241072)
(0.8800151, 0.004393825, 0.02150851)
(0.8807564, 0.004386172, 0.02107724)
(0.8805525, 0.004338602, 0.02086273)
(0.8802897, 0.004449497, 0.02026653)
(0.8797535, 0.004578667, 0.020317)
(0.8790003, 0.004770694, 0.02014668)
(0.8783978, 0.004622502, 0.01984539)
(0.8775001, 0.004207201, 0.01939561)
(0.8763757, 0.003616928, 0.01897242)
(0.875163, 0.002412453, 0.01790605)
(0.8736669, 0.0008537098, 0.016829)
(0.8720044, 6.283026, 0.01621403)
(0.8705704, 6.281515, 0.01476613)
(0.8692704, 6.279558, 0.01317266)
(0.8683016, 6.278476, 0.01210183)
(0.8679216, 6.277808, 0.01154744)
(0.8676082, 6.277044, 0.01102542)
(0.8676727, 6.277032, 0.0110732)
(0.8677589, 6.277324, 0.0113508)
(0.8682148, 6.278505, 0.01263862)
(0.8684468, 6.27898, 0.01317145)
(0.8685838, 6.280375, 0.01468278)
(0.868457, 6.281167, 0.01534792)
(0.868392, 6.282555, 0.01679447)
other
(0.03800964, 1.473076, -0.3938793)
(0.03645563, 1.472967, -0.3928679)
(0.03495097, 1.472849, -0.3918132)
(0.03352499, 1.472649, -0.3907954)
(0.03212857, 1.472509, -0.3897544)
(0.0308156, 1.472367, -0.3887838)
(0.02942467, 1.472085, -0.3876942)
(0.02811694, 1.471825, -0.3866425)
(0.02683449, 1.471435, -0.3855797)
(0.02553868, 1.47103, -0.3845227)
(0.02422762, 1.470535, -0.3834256)
(0.02296448, 1.469927, -0.3821367)
(0.02183914, 1.46936, -0.3809922)
(0.02088308, 1.4686, -0.3798114)
(0.01997375, 1.467909, -0.3786222)
(0.01913333, 1.466434, -0.3775386)
(0.01828265, 1.464888, -0.3765935)
(0.0177381, 1.463495, -0.3759093)
(0.01704931, 1.462217, -0.3752214)
(0.01686502, 1.460902, -0.3749331)
(0.01647758, 1.459782, -0.374596)
(0.01605844, 1.459058, -0.374123)
(0.01561546, 1.458744, -0.3735036)
(0.01517391, 1.458732, -0.3725554)
(0.01483321, 1.459062, -0.3713133)
(0.0145154, 1.459689, -0.3698589)
(0.01423979, 1.460328, -0.3681611)
(0.01395178, 1.460893, -0.3664516)
(0.01371479, 1.46145, -0.364857)
(0.01352167, 1.462043, -0.3633145)
(0.01334238, 1.462459, -0.3618003)
(0.01320171, 1.462582, -0.3604585)
(0.01304436, 1.462496, -0.3590876)
(0.01290822, 1.46217, -0.3575703)
(0.0128293, 1.461653, -0.3561329)
(0.01275492, 1.461083, -0.354671)
(0.01270556, 1.460461, -0.3527398)
(0.01247907, 1.459864, -0.3511282)
(0.01239681, 1.459309, -0.3494065)
(0.01224828, 1.458758, -0.3477137)
(0.01201296, 1.458137, -0.3456959)
(0.01198864, 1.457508, -0.3436811)
(0.01191688, 1.456908, -0.3415256)
(0.01209068, 1.456214, -0.339487)
(0.01218224, 1.455475, -0.3372983)
(0.01226878, 1.45465, -0.3348552)
(0.01235032, 1.453781, -0.332594)
(0.01254463, 1.452832, -0.3302892)
(0.01270199, 1.451717, -0.3279098)
(0.01277781, 1.450474, -0.3254689)
(0.01300097, 1.449084, -0.3230795)
(0.013304, 1.447538, -0.3204935)
(0.01351643, 1.445939, -0.3180071)
(0.01398039, 1.444391, -0.3155133)
(0.01444769, 1.44275, -0.3126811)
(0.01483893, 1.441006, -0.3100945)
(0.01544046, 1.439287, -0.3072499)
(0.01610041, 1.437625, -0.3042914)
(0.01693177, 1.435965, -0.301209)
(0.01782799, 1.434273, -0.298262)
(0.01878738, 1.432418, -0.2950174)
(0.01985526, 1.430396, -0.2920799)
(0.02107024, 1.428543, -0.2891076)
(0.02240086, 1.426846, -0.2856982)
(0.02367735, 1.425295, -0.2826252)
(0.02513146, 1.424052, -0.2793639)
(0.02660465, 1.422998, -0.275805)
(0.02820349, 1.422053, -0.2722143)
(0.02982759, 1.421218, -0.2686235)
(0.03150749, 1.420405, -0.2648126)
(0.03308177, 1.419535, -0.2611557)
(0.03491545, 1.418785, -0.257522)
(0.03688741, 1.418498, -0.253529)
(0.03857589, 1.418339, -0.2499437)
(0.04051447, 1.418403, -0.2463364)
(0.04239488, 1.41849, -0.2424368)
(0.04439163, 1.41885, -0.2385959)
(0.04637265, 1.419401, -0.2347714)
(0.04826355, 1.420005, -0.2308325)
(0.04997611, 1.420582, -0.2268657)
(0.0518856, 1.421264, -0.2227444)
(0.05392337, 1.421886, -0.2182684)
(0.0558188, 1.422418, -0.2141627)
(0.05788255, 1.422955, -0.210169)
(0.05991149, 1.423411, -0.2061629)
(0.06191039, 1.423955, -0.2024579)
(0.06403637, 1.424646, -0.1989437)
(0.0660305, 1.428877, -0.1954156)
(0.06797075, 1.431411, -0.191703)
(0.07004094, 1.434295, -0.188084)
(0.07211781, 1.437208, -0.183733)
(0.0737195, 1.439983, -0.1796647)
(0.07556057, 1.442638, -0.1756772)
(0.07725883, 1.444983, -0.1716221)
(0.07872152, 1.447094, -0.1677606)
(0.08040357, 1.44926, -0.1642339)
(0.08193374, 1.451306, -0.1608938)
(0.0833776, 1.453233, -0.1578207)
(0.08475351, 1.455323, -0.1550058)
(0.08627415, 1.457799, -0.1519441)
(0.08752012, 1.460811, -0.1493902)
(0.08880234, 1.464465, -0.1469803)
(0.09003377, 1.46874, -0.1444123)
(0.09111905, 1.473583, -0.1418153)
(0.09229755, 1.479159, -0.1390368)
(0.09341335, 1.485498, -0.1359643)
(0.09437394, 1.49236, -0.1327803)
(0.09537673, 1.499612, -0.1293526)
(0.09654713, 1.507191, -0.1254025)
(0.09747791, 1.514575, -0.1218802)
(0.09847116, 1.521562, -0.1182883)
(0.09946752, 1.528178, -0.1148702)
(0.1003218, 1.53425, -0.1114503)
(0.101259, 1.539626, -0.1082728)
(0.1022999, 1.544278, -0.1051384)
(0.1031685, 1.54849, -0.1021458)
(0.1041675, 1.552312, -0.09949602)
(0.1050558, 1.555647, -0.09644307)
(0.1057141, 1.558645, -0.09347023)
(0.1065428, 1.561432, -0.09049393)
(0.1072111, 1.563914, -0.0872568)
(0.1079514, 1.565923, -0.08390702)
(0.1084807, 1.567606, -0.08049239)
(0.1090429, 1.569135, -0.07698359)
(0.1095023, 1.570464, -0.07366885)
(0.1099634, 1.571654, -0.0703658)
(0.1104293, 1.57271, -0.06704487)
(0.1107943, 1.573553, -0.06360473)
(0.111284, 1.574324, -0.06022801)
(0.1115515, 1.574906, -0.05666603)
(0.1116984, 1.575186, -0.05272378)
(0.1117411, 1.575174, -0.0490097)
(0.1118793, 1.575009, -0.04537548)
(0.1118517, 1.574862, -0.04183115)
(0.1119378, 1.574754, -0.03838922)
(0.1118362, 1.574638, -0.03475298)
(0.1115232, 1.57449, -0.03088023)
(0.1114655, 1.574492, -0.02717508)
(0.1110854, 1.574411, -0.02313842)
(0.1105807, 1.57406, -0.01870145)
(0.1100152, 1.573487, -0.01463307)
(0.1093698, 1.572735, -0.01071705)
(0.1087172, 1.57197, -0.00674416)
(0.1081805, 1.571346, -0.003133788)
(0.1075051, 1.570839, 0.0005794624)
(0.1067727, 1.570429, 0.004304157)
(0.1059551, 1.570251, 0.008152352)
(0.1049476, 1.570359, 0.01223908)
(0.1038399, 1.570681, 0.0169134)
(0.102766, 1.571137, 0.02130352)
(0.1014373, 1.571752, 0.02582489)
(0.1001456, 1.572376, 0.03023349)
(0.09867454, 1.573109, 0.03459273)
(0.09719229, 1.574025, 0.03873716)
(0.09551549, 1.575101, 0.04282211)
(0.09402132, 1.575898, 0.04692934)
(0.09254098, 1.576963, 0.0511093)
(0.09086776, 1.578048, 0.0554385)
(0.08932447, 1.579166, 0.05956732)
(0.08776689, 1.580314, 0.06405888)
(0.08625388, 1.581297, 0.06865953)
(0.08468008, 1.581946, 0.07328413)
(0.08322859, 1.585784, 0.07777248)
(0.08164573, 1.587159, 0.08220445)
(0.08029222, 1.588099, 0.08635031)
(0.07905602, 1.588478, 0.09006189)
(0.07779431, 1.588388, 0.0940256)
(0.0767827, 1.588215, 0.09739409)
(0.07591748, 1.587817, 0.1004811)
(0.07505894, 1.587304, 0.1035367)
(0.07432413, 1.586738, 0.1061634)
(0.07365465, 1.5863, 0.1085521)
(0.07314873, 1.586349, 0.1106912)
(0.07282257, 1.586923, 0.1125851)
(0.07259083, 1.588118, 0.1142233)
(0.07238388, 1.589768, 0.1159421)
(0.07217836, 1.592117, 0.1174825)
(0.07204342, 1.595478, 0.1189157)
(0.071702, 1.599761, 0.120733)
(0.07140398, 1.604826, 0.1227584)
(0.07114124, 1.610513, 0.1248497)
(0.07076788, 1.616671, 0.1273783)
(0.07050419, 1.623097, 0.1299006)
(0.0703032, 1.629551, 0.1324626)
(0.06976485, 1.636037, 0.1352287)
(0.06932974, 1.642142, 0.1375737)
(0.06899309, 1.647715, 0.1396535)
(0.06853032, 1.65303, 0.1418224)
(0.0681448, 1.657709, 0.143651)
(0.06793261, 1.661665, 0.1455054)
(0.06756735, 1.665128, 0.1471537)
(0.06729221, 1.668179, 0.1486912)
(0.06710219, 1.670884, 0.1500861)
(0.06680298, 1.673307, 0.1516218)
(0.06667757, 1.675647, 0.1528362)
(0.066504, 1.677795, 0.154065)
(0.06598854, 1.679767, 0.1555347)
(0.06560254, 1.681537, 0.1569487)
(0.06543207, 1.683091, 0.1584105)
(0.064924, 1.684767, 0.1599377)
(0.0645988, 1.686412, 0.1613707)
(0.06428289, 1.687905, 0.1625961)
(0.06401873, 1.689345, 0.1641459)
(0.06372094, 1.690634, 0.165552)
(0.06350827, 1.691811, 0.1668485)
(0.06319761, 1.692955, 0.1683651)
(0.06309342, 1.694008, 0.169631)
(0.06295514, 1.694835, 0.1709294)
(0.06281757, 1.695449, 0.1722884)
(0.06278324, 1.695906, 0.1735648)
(0.06290317, 1.696186, 0.1750535)
(0.06285024, 1.696313, 0.1765927)
(0.06282282, 1.696196, 0.1779541)
(0.06293869, 1.695819, 0.1790576)
(0.06284857, 1.695363, 0.1803543)
(0.06293821, 1.69465, 0.1815729)
(0.06318498, 1.693776, 0.182755)
(0.06346273, 1.69284, 0.1837886)
(0.06384659, 1.691789, 0.1847758)
(0.06418633, 1.690788, 0.1855351)
(0.06459618, 1.689801, 0.1863144)
(0.06501698, 1.688856, 0.1871389)
(0.06565356, 1.688065, 0.1879117)
(0.06611443, 1.687514, 0.1888374)
(0.06681561, 1.687133, 0.1896484)
(0.06750846, 1.686744, 0.1905175)
(0.06815791, 1.6864, 0.1915227)
(0.06900764, 1.686146, 0.1925132)
(0.06973982, 1.686071, 0.1934115)
(0.07055759, 1.686327, 0.1941887)
(0.07143521, 1.686658, 0.1947926)
(0.07233739, 1.687245, 0.1953148)
(0.07327461, 1.687816, 0.1958837)
(0.0741601, 1.688794, 0.1964515)
(0.07498002, 1.689779, 0.1969675)
(0.07593751, 1.690914, 0.1976484)
(0.07682157, 1.692004, 0.1983845)
(0.07773018, 1.693141, 0.1992442)
(0.0784781, 1.694016, 0.2002269)
(0.07923222, 1.694653, 0.2012418)
(0.08010817, 1.695113, 0.202267)
(0.08068013, 1.69548, 0.2033053)
(0.08133554, 1.695385, 0.2041679)
(0.08217216, 1.695195, 0.2049314)
(0.08286142, 1.694715, 0.205498)
(0.08351445, 1.694158, 0.206042)
(0.08431077, 1.693467, 0.2062279)
(0.08501697, 1.692839, 0.2063851)
(0.08578205, 1.692383, 0.2063745)
(0.08642817, 1.69187, 0.2062911)
(0.08699203, 1.691409, 0.2062746)
(0.08748484, 1.69106, 0.2061326)
(0.0880475, 1.690856, 0.2061163)
(0.08835554, 1.690904, 0.2062181)
(0.08878088, 1.690982, 0.2062344)
(0.08913636, 1.691074, 0.2062107)
(0.08941364, 1.69132, 0.2064845)
(0.08981824, 1.691591, 0.2067128)
(0.09011292, 1.691793, 0.2071634)
(0.09028125, 1.691911, 0.2074314)
(0.09052253, 1.692041, 0.2075268)
(0.09076405, 1.69212, 0.2074581)
(0.09081912, 1.692116, 0.2072822)
(0.09112334, 1.692141, 0.2069007)
(0.0913372, 1.692218, 0.2068019)
(0.09153271, 1.69216, 0.2064472)
(0.09173346, 1.692088, 0.2061092)
(0.09184194, 1.692082, 0.2055462)
(0.09200168, 1.692063, 0.2052712)
(0.09221125, 1.692184, 0.2048201)
(0.09235978, 1.692266, 0.2044775)
(0.09240532, 1.692369, 0.2041713)
(0.09247017, 1.692579, 0.2038168)
(0.09247518, 1.692789, 0.2035328)
(0.09240437, 1.692986, 0.2032965)
(0.09234285, 1.693142, 0.203058)
(0.09223127, 1.693336, 0.2027186)
(0.09217858, 1.693509, 0.2024987)
(0.09209895, 1.693615, 0.2021873)
(0.09204912, 1.693715, 0.2018727)
(0.09197998, 1.693734, 0.2015654)
(0.09195018, 1.69375, 0.2011434)
(0.09181571, 1.693787, 0.2007888)
(0.09175873, 1.693727, 0.2004126)
(0.09178209, 1.693719, 0.1999855)
(0.09175181, 1.693669, 0.199592)
(0.09170723, 1.693561, 0.1992149)
(0.091645, 1.693535, 0.1988281)
####
(0.7744213, 0.05135428, 0.04112108)
(0.7747014, 0.05140183, 0.04167517)
(0.7757066, 0.0513538, 0.0419287)
(0.7761266, 0.05179253, 0.04240534)
(0.7765229, 0.05218644, 0.04305663)
(0.7773854, 0.05250184, 0.0441445)
(0.7778, 0.05318353, 0.04519413)
(0.7780799, 0.05385534, 0.04626707)
(0.7780497, 0.05437106, 0.04751863)
(0.7779784, 0.05544142, 0.04884858)
(0.7781963, 0.05665076, 0.05041042)
(0.7781441, 0.0580862, 0.05219857)
(0.7781087, 0.05965631, 0.05383299)
(0.7781706, 0.06229424, 0.05674821)
(0.778868, 0.06446785, 0.05955717)
(0.7811996, 0.06750873, 0.06347115)
(0.784601, 0.06971803, 0.06653357)
(0.790956, 0.07184044, 0.07009391)
(0.7975931, 0.07440478, 0.0734871)
(0.8064678, 0.07653254, 0.07616119)
(0.8165575, 0.07932232, 0.07833378)
(0.8250656, 0.08231849, 0.07940224)
(0.8315449, 0.08488416, 0.07951245)
(0.8352192, 0.08663767, 0.07899658)
(0.8340855, 0.08736183, 0.07747739)
(0.8311746, 0.08819995, 0.07692377)
(0.8255581, 0.08860055, 0.07634737)
(0.8215371, 0.09002878, 0.07702869)
(0.8181011, 0.09098697, 0.07768804)
(0.8173892, 0.09227497, 0.07895496)
(0.8181075, 0.09359848, 0.07968837)
(0.8193538, 0.09481391, 0.08086255)
(0.8207336, 0.09586839, 0.08144265)
(0.8221602, 0.09743444, 0.0821343)
(0.823597, 0.09838035, 0.08236047)
(0.8255946, 0.09936799, 0.0825128)
(0.8284946, 0.1007228, 0.08356529)
(0.8308527, 0.1014725, 0.08417173)
(0.8326162, 0.1023546, 0.08478391)
(0.8336872, 0.1030553, 0.08511537)
(0.8341284, 0.1036326, 0.08577507)
(0.8342539, 0.1035588, 0.08605926)
(0.8342175, 0.1040525, 0.08688295)
(0.8342654, 0.1041802, 0.08735852)
(0.8346771, 0.1040515, 0.0883853)
(0.8355104, 0.1038084, 0.08910907)
(0.8362195, 0.1035081, 0.08942281)
(0.8371525, 0.1026483, 0.08928231)
(0.8381375, 0.1021197, 0.08932716)
(0.8392354, 0.1010771, 0.08904637)
(0.8404222, 0.09965757, 0.08872212)
(0.8417163, 0.09751694, 0.08746189)
(0.8429958, 0.09566059, 0.08674514)
(0.8442069, 0.09325098, 0.08552732)
(0.845752, 0.09104604, 0.08438321)
(0.8472992, 0.08938055, 0.08372079)
(0.8481144, 0.08757555, 0.08280372)
(0.8485566, 0.08601277, 0.08197262)
(0.8479526, 0.08434156, 0.08121663)
(0.8468903, 0.08325078, 0.0801928)
(0.8458226, 0.08311713, 0.08004238)
(0.8458216, 0.08229814, 0.0807763)
(0.8476039, 0.08168276, 0.08225162)
(0.8502482, 0.08148249, 0.08412999)
(0.8523386, 0.08088618, 0.08594818)
(0.8539197, 0.08053529, 0.08739432)
(0.8547354, 0.08020001, 0.08854494)
(0.8538193, 0.07851483, 0.08794573)
(0.851843, 0.07732392, 0.08727253)
(0.848691, 0.07528027, 0.08553106)
(0.8464677, 0.07336234, 0.08477542)
(0.8448033, 0.07036225, 0.0834622)
(0.8446271, 0.06734855, 0.08332495)
(0.8446236, 0.06405189, 0.08276165)
(0.8445331, 0.05999893, 0.0813015)
(0.8437931, 0.05570289, 0.08006799)
(0.8433511, 0.05137208, 0.07856299)
(0.8422446, 0.04697279, 0.07625175)
(0.8402122, 0.04153589, 0.07301173)
(0.8375194, 0.03682837, 0.06934227)
(0.833635, 0.03199491, 0.06491437)
(0.8278965, 0.02832112, 0.06106963)
(0.8224264, 0.02459501, 0.0578065)
(0.8173643, 0.02173416, 0.05545037)
(0.8137544, 0.01936199, 0.05390111)
(0.8126246, 0.01751666, 0.05270083)
(0.8131817, 0.01554498, 0.05095281)
(0.8165361, 0.01512819, 0.04942363)
(0.8189672, 0.01407306, 0.0474999)
(0.818984, 0.01336919, 0.04590502)
(0.8156906, 0.01158553, 0.04442843)
(0.8110975, 0.009718906, 0.04295984)
(0.8041317, 0.007567659, 0.04189532)
(0.7984914, 0.005469646, 0.04104268)
(0.7948007, 0.003845641, 0.04065583)
(0.7935634, 0.001734861, 0.04012831)
(0.7949302, 6.28253, 0.0395037)
(0.7986793, 6.280385, 0.03865713)
(0.8057405, 6.277771, 0.03724343)
(0.8148561, 6.275248, 0.03555219)
(0.8231435, 6.27268, 0.03287475)
(0.8322729, 6.27037, 0.0301691)
(0.8391483, 6.267151, 0.027275)
(0.8455885, 6.264088, 0.02463244)
(0.8500932, 6.26053, 0.02170073)
(0.8516764, 6.256658, 0.01832794)
(0.8512328, 6.252844, 0.01461979)
(0.8473436, 6.249238, 0.01045211)
(0.8416609, 6.245985, 0.006307154)
(0.8366825, 6.244146, 0.003324195)
(0.8310865, 6.24247, 0.000495169)
(0.8272427, 6.24139, 6.281689)
(0.8242986, 6.240685, 6.280351)
(0.8232337, 6.24069, 6.279558)
(0.8246411, 6.24107, 6.279479)
(0.8273085, 6.240932, 6.279)
(0.8322569, 6.24099, 6.278721)
(0.8374888, 6.240705, 6.277515)
(0.8414057, 6.240149, 6.275925)
(0.8438044, 6.239237, 6.27377)
(0.8446477, 6.238522, 6.272114)
(0.8445064, 6.237115, 6.270336)
(0.8442083, 6.23655, 6.269079)
(0.8440174, 6.235396, 6.267252)
(0.8446087, 6.234943, 6.265656)
(0.8461554, 6.234968, 6.264866)
(0.8474646, 6.234858, 6.264098)
(0.8481814, 6.235381, 6.264321)
(0.8482985, 6.235909, 6.264521)
(0.8474506, 6.236793, 6.265639)
(0.8463742, 6.237086, 6.265629)
(0.8455983, 6.237566, 6.265647)
(0.8451897, 6.238242, 6.266317)
(0.8454565, 6.238968, 6.266563)
(0.8456894, 6.239157, 6.266521)
(0.8458324, 6.239711, 6.266034)
(0.8455191, 6.239882, 6.265297)
(0.8446586, 6.239863, 6.264143)
(0.8426566, 6.240244, 6.262931)
(0.8403426, 6.240768, 6.261474)
(0.8377838, 6.241646, 6.260016)
(0.8357294, 6.242904, 6.259341)
(0.8345432, 6.244398, 6.258242)
(0.8354222, 6.247186, 6.258335)
(0.8373765, 6.249924, 6.258352)
(0.8409083, 6.253613, 6.259136)
(0.8428434, 6.257689, 6.260688)
(0.8434073, 6.261954, 6.262417)
(0.8417597, 6.266282, 6.264471)
(0.8386171, 6.270382, 6.266528)
(0.8343955, 6.274262, 6.268823)
(0.83143, 6.277539, 6.270583)
(0.8309205, 6.280787, 6.272916)
(0.8319709, 0.0007169635, 6.274929)
(0.8357484, 0.003467225, 6.276886)
(0.8405216, 0.005839722, 6.278636)
(0.8466794, 0.008133185, 6.281797)
(0.8518699, 0.009574152, 0.001118192)
(0.8547651, 0.01019145, 0.001540326)
(0.8547462, 0.009535401, 0.001686487)
(0.8516113, 0.008629754, 0.002233095)
(0.8446857, 0.007573056, 0.002406457)
(0.8386983, 0.006469226, 0.002546013)
(0.8329791, 0.005992482, 0.002471602)
(0.8285798, 0.00614095, 0.003167799)
(0.8253399, 0.006340134, 0.002788865)
(0.8242795, 0.007444515, 0.002347653)
(0.8247903, 0.008662755, 0.001983702)
(0.8270596, 0.01024268, 0.001364914)
(0.8303628, 0.01204659, 0.0003437465)
(0.8350952, 0.01463899, -2.487525E-05)
(0.8410162, 0.01735286, 6.282964)
(0.8496307, 0.02117123, 0.0006680985)
(0.8588114, 0.02461314, 0.001567203)
(0.8702239, 0.02853196, 0.003944376)
(0.8819375, 0.03313468, 0.006911983)
(0.8914847, 0.03762643, 0.01041532)
(0.9005532, 0.04212079, 0.01418118)
(0.9071311, 0.04639158, 0.01738851)
(0.9100673, 0.04990308, 0.01951435)
(0.9092713, 0.05269299, 0.02107488)
(0.9044297, 0.05492945, 0.02238167)
(0.8970335, 0.05675414, 0.02401595)
(0.8889536, 0.05697476, 0.02458945)
(0.8830395, 0.057366, 0.02491266)
(0.878769, 0.05746726, 0.02479687)
(0.8756441, 0.05733941, 0.02379948)
(0.8742824, 0.05682139, 0.02227949)
(0.8741938, 0.0566633, 0.02082689)
(0.8747421, 0.0564059, 0.0197188)
(0.8772768, 0.05620779, 0.0186127)
(0.8805086, 0.0568441, 0.01842623)
(0.8855638, 0.05754, 0.0186715)
(0.8915954, 0.05824948, 0.01900007)
(0.8965878, 0.05930725, 0.0197141)
(0.9012915, 0.05992701, 0.02036736)
(0.9048631, 0.06063336, 0.02094612)
(0.9074708, 0.06151476, 0.02181309)
(0.9089879, 0.0612691, 0.0222253)
(0.9097827, 0.06144499, 0.02278382)
(0.9102988, 0.06102892, 0.02313045)
(0.9093328, 0.0598786, 0.02279494)
(0.9074764, 0.05875846, 0.02243731)
(0.9055974, 0.05852325, 0.02266579)
(0.9026604, 0.05740998, 0.02298955)
(0.9001076, 0.05654595, 0.02307764)
(0.8971819, 0.05612493, 0.02360778)
(0.8946389, 0.05595162, 0.02411378)
(0.892249, 0.05639168, 0.02571985)
(0.8903114, 0.05641896, 0.02708718)
(0.8890263, 0.05672995, 0.02868504)
(0.8877625, 0.05694963, 0.03035828)
(0.8867345, 0.0577931, 0.0325557)
(0.8862319, 0.05748618, 0.03421241)
(0.8860579, 0.05769059, 0.03613394)
(0.8864309, 0.05747341, 0.03718025)
(0.8870753, 0.05767677, 0.03891405)
(0.888285, 0.05734126, 0.04022577)
(0.8898255, 0.05715737, 0.04221046)
(0.8916008, 0.05682075, 0.04391377)
(0.8935462, 0.05588353, 0.04495553)
(0.895329, 0.05515762, 0.04636912)
(0.8965982, 0.05401442, 0.04772546)
(0.8973013, 0.05306341, 0.04852465)
(0.8969111, 0.0518074, 0.04982654)
(0.8953907, 0.04985328, 0.05018054)
(0.8924924, 0.04773156, 0.05133848)
(0.8896129, 0.04496085, 0.05231296)
(0.8882864, 0.04218843, 0.05360749)
(0.8884217, 0.03930383, 0.0547248)
(0.8895565, 0.03648821, 0.0552841)
(0.8922275, 0.0329229, 0.05452158)
(0.8945324, 0.02973495, 0.05301444)
(0.8967318, 0.02684882, 0.05063574)
(0.8977599, 0.02357937, 0.04830352)
(0.8978481, 0.01986306, 0.04484922)
(0.8968992, 0.01638003, 0.04210237)
(0.8943252, 0.01316271, 0.03858428)
(0.8896706, 0.01010412, 0.03478358)
(0.8844876, 0.007852403, 0.03238592)
(0.878975, 0.006304021, 0.03013994)
(0.8745109, 0.004483881, 0.02751919)
(0.8704172, 0.003945403, 0.02584006)
(0.8674092, 0.003610357, 0.02498128)
(0.8663487, 0.003916922, 0.02473429)
(0.8662955, 0.004143453, 0.02496561)
(0.8678619, 0.004417743, 0.02526457)
(0.8711551, 0.005344889, 0.02549195)
(0.8740005, 0.006279184, 0.02513754)
(0.8779104, 0.007278137, 0.02459084)
(0.8813894, 0.008229516, 0.02396658)
(0.8850955, 0.009526427, 0.02395843)
(0.8883982, 0.01034017, 0.02400647)
(0.8913989, 0.01082689, 0.02458868)
(0.8935115, 0.01134551, 0.02535146)
(0.8942488, 0.01130423, 0.02577299)
(0.8929374, 0.01151475, 0.02641528)
(0.8905534, 0.01071529, 0.0264146)
(0.886464, 0.01031536, 0.0264781)
(0.883292, 0.009547595, 0.02597449)
(0.8803302, 0.008352653, 0.02533064)
(0.8789775, 0.007234365, 0.0246237)
(0.8787284, 0.006442179, 0.02373603)
(0.8789713, 0.005098746, 0.02241072)
(0.8800151, 0.004393825, 0.02150851)
(0.8807564, 0.004386172, 0.02107724)
(0.8805525, 0.004338602, 0.02086273)
(0.8802897, 0.004449497, 0.02026653)
(0.8797535, 0.004578667, 0.020317)
(0.8790003, 0.004770694, 0.02014668)
(0.8783978, 0.004622502, 0.01984539)
(0.8775001, 0.004207201, 0.01939561)
(0.8763757, 0.003616928, 0.01897242)
(0.875163, 0.002412453, 0.01790605)
(0.8736669, 0.0008537098, 0.016829)
(0.8720044, 6.283026, 0.01621403)
(0.8705704, 6.281515, 0.01476613)
(0.8692704, 6.279558, 0.01317266)
(0.8683016, 6.278476, 0.01210183)
(0.8679216, 6.277808, 0.01154744)
(0.8676082, 6.277044, 0.01102542)
(0.8676727, 6.277032, 0.0110732)
(0.8677589, 6.277324, 0.0113508)
(0.8682148, 6.278505, 0.01263862)
(0.8684468, 6.27898, 0.01317145)
(0.8685838, 6.280375, 0.01468278)
(0.868457, 6.281167, 0.01534792)
(0.868392, 6.282555, 0.01679447)
