(695.269, 219.7377, 22821)
(51.89667, 122.6142, 106.5531)
(75.42407, 169.2843, 110.7073)
(109.875, 172.771, 73.3918)
(80.79403, 125.445, 95.12632)
(105.7346, 134.3381, 87.85604)
(98.57664, 122.5123, 68.45479)
(88.18027, 116.5468, 84.63992)
(97.63971, 108.762, 93.79968)
(87.266, 117.4275, 95.12893)
(75.40619, 99.37593, 133.6713)
(82.9556, 100.662, 108.7523)
(81.34357, 78.29687, 116.5697)
(89.57936, 79.59415, 116.8377)
(77.63656, 58.9591, 103.4682)
(88.5854, 69.09679, 109.1345)
(81.58395, 29.54288, 102.916)
(82.93048, 18.15525, 94.50948)
(88.60391, 11.8471, 92.54895)
(83.34026, -13.92991, 89.8386)
(92.68839, -27.83985, 82.86176)
(88.83459, -22.17703, 85.63827)
(94.60631, -26.27597, 91.06792)
(91.54755, -48.57747, 89.21197)
(84.61898, -41.35033, 90.8144)
(87.91029, -49.77307, 94.19971)
(86.3759, -62.69209, 91.69584)
(83.92706, -60.97442, 87.44231)
(79.09279, -85.14642, 71.77227)
(79.51148, -82.05429, 80.74533)
(56.61285, -64.20412, 62.16794)
(64.41822, -90.08239, 76.44209)
(65.86537, -97.12873, 91.09508)
(47.87956, -99.9549, 80.5899)
(56.73631, -102.7205, 75.78041)
(50.94792, -119.2448, 74.01134)
(43.67469, -113.8242, 68.82533)
(42.56957, -113.317, 47.87577)
(46.30105, -100.054, 61.68768)
(36.88428, -93.68573, 52.2937)
(41.37475, -77.14368, 48.8097)
(45.17813, -55.37842, 42.87463)
(36.11357, -65.9544, 32.635)
(43.90989, -66.83578, 25.12718)
(44.23845, -69.42007, 39.62761)
