(0.47566, -0.04752135, 0.1941106)
(0.4755133, -0.04751992, 0.1942107)
(0.4752853, -0.04753256, 0.1942841)
(0.4749313, -0.0473175, 0.1943982)
(0.4747993, -0.04725111, 0.1944715)
(0.4748562, -0.04717088, 0.1947036)
(0.4748259, -0.0471909, 0.1947386)
(0.4746975, -0.04713154, 0.1948043)
(0.4745425, -0.04698527, 0.1947768)
(0.4744434, -0.0468353, 0.1948825)
(0.4742303, -0.04674244, 0.195079)
(0.4743095, -0.04650795, 0.1955446)
(0.4742196, -0.04607201, 0.1959522)
(0.4741797, -0.04572618, 0.1962525)
(0.4740952, -0.04531038, 0.1964524)
(0.4744877, -0.04479635, 0.1970385)
(0.4746468, -0.04441059, 0.1977354)
(0.4749092, -0.04353786, 0.1986213)
(0.4753232, -0.04277742, 0.1994804)
(0.475616, -0.04185462, 0.2005187)
(0.4758869, -0.04044056, 0.2016242)
(0.4763348, -0.03929734, 0.2026093)
(0.4768155, -0.037992, 0.2036077)
(0.4772476, -0.03657889, 0.2047207)
(0.4775518, -0.03495419, 0.2058822)
(0.4778063, -0.03333604, 0.2069647)
(0.4780504, -0.0310936, 0.2081543)
(0.47829, -0.02917862, 0.2092747)
(0.478407, -0.02716923, 0.2101287)
(0.4783878, -0.02499676, 0.2108551)
(0.4784774, -0.02273452, 0.2118637)
(0.4786192, -0.02052319, 0.2129723)
(0.4787873, -0.01836848, 0.2138965)
(0.4789079, -0.01609826, 0.2149463)
(0.4788836, -0.01375818, 0.2158788)
(0.4789124, -0.01103783, 0.2168288)
(0.4791385, -0.008530259, 0.2178401)
(0.4792406, -0.00594449, 0.2187085)
(0.479495, -0.00333488, 0.219449)
(0.4796804, -0.000710845, 0.2201582)
(0.4798006, 0.002084374, 0.220731)
(0.4798439, 0.004860401, 0.2213248)
(0.4796478, 0.007802486, 0.2219555)
(0.4794059, 0.01090288, 0.2226107)
(0.4791963, 0.01441717, 0.2230987)
(0.4790719, 0.0174073, 0.2237276)
(0.4789979, 0.02039731, 0.2243553)
(0.4789206, 0.02348387, 0.224922)
(0.478946, 0.02659905, 0.2255744)
(0.4790342, 0.02982426, 0.2262186)
(0.4789609, 0.03308618, 0.226862)
(0.4787333, 0.03644776, 0.2276189)
(0.4785823, 0.03982484, 0.2284581)
(0.4784805, 0.04339206, 0.2292739)
(0.4783518, 0.04649138, 0.2301255)
(0.4785267, 0.04963648, 0.2309826)
(0.4786409, 0.05267358, 0.2320116)
(0.4787216, 0.05560702, 0.2330062)
(0.4785221, 0.05862463, 0.2338859)
(0.4783754, 0.06165105, 0.2346498)
(0.4779133, 0.06444424, 0.2356341)
(0.4775778, 0.06737041, 0.2367579)
(0.4773228, 0.06992877, 0.2378836)
(0.4771143, 0.07269174, 0.2389908)
(0.4768972, 0.07513005, 0.2402371)
(0.476668, 0.07743168, 0.2413362)
(0.4762354, 0.07946837, 0.2425821)
(0.4760219, 0.08154023, 0.2436759)
(0.4757619, 0.08335638, 0.2447033)
(0.4752648, 0.08490032, 0.2458363)
(0.4750022, 0.08660805, 0.2468804)
(0.4746495, 0.08830798, 0.2480634)
(0.4740829, 0.08988595, 0.2493562)
(0.4737018, 0.09167278, 0.25042)
(0.4732856, 0.09340417, 0.2516197)
(0.4728501, 0.09479386, 0.2529372)
(0.4726021, 0.09645152, 0.2541896)
(0.4722743, 0.09809607, 0.2555292)
(0.4719503, 0.09960949, 0.2569597)
(0.471734, 0.10127, 0.2581816)
(0.4715107, 0.1028478, 0.2596013)
(0.4709154, 0.1044614, 0.2613368)
(0.4707249, 0.1060881, 0.2628376)
(0.4705431, 0.1076028, 0.2644413)
(0.4704672, 0.1089097, 0.265936)
(0.4703228, 0.1104429, 0.2674111)
(0.4703248, 0.1117553, 0.2691476)
(0.470296, 0.1129649, 0.2710485)
(0.4704125, 0.1141327, 0.2729939)
(0.4706454, 0.1151623, 0.2752693)
(0.4710137, 0.1159588, 0.2771168)
(0.4711968, 0.1168729, 0.2791523)
(0.4715608, 0.117515, 0.2813912)
(0.4715636, 0.1179008, 0.2838455)
(0.471921, 0.1182737, 0.2861292)
(0.472259, 0.1186582, 0.2884355)
(0.4720766, 0.1187074, 0.2909778)
(0.472504, 0.1189174, 0.2934011)
(0.472912, 0.119029, 0.2960063)
(0.47348, 0.1188419, 0.2983352)
(0.4738943, 0.1187305, 0.3009029)
(0.4743348, 0.1185166, 0.3034686)
(0.47488, 0.1181614, 0.3060166)
(0.4755284, 0.117836, 0.3086552)
(0.4763466, 0.1176584, 0.311175)
(0.4768157, 0.1171952, 0.3139193)
(0.4773746, 0.1166699, 0.3166193)
(0.4783816, 0.116282, 0.3195347)
(0.4790112, 0.1156141, 0.322288)
(0.4796552, 0.1149919, 0.3250045)
(0.4802068, 0.1142941, 0.3275726)
(0.4807767, 0.1134061, 0.330058)
(0.4813167, 0.1126449, 0.3326823)
(0.4814878, 0.1116107, 0.3354394)
(0.4819307, 0.1108507, 0.337855)
(0.4827905, 0.1103225, 0.3397796)
(0.4830145, 0.1093752, 0.3426319)
(0.4834872, 0.1086587, 0.3449858)
(0.4842595, 0.1081454, 0.346819)
(0.4846338, 0.1074607, 0.3491336)
(0.4847854, 0.1065196, 0.3517201)
(0.4852831, 0.1058746, 0.3537858)
(0.4856469, 0.1052212, 0.3560361)
(0.485645, 0.1041307, 0.3587366)
(0.4862074, 0.1035227, 0.3603951)
(0.4864702, 0.1027158, 0.362596)
(0.4863024, 0.1017339, 0.3649187)
(0.486474, 0.1011691, 0.3667397)
(0.4864954, 0.1005863, 0.36847)
(0.4861628, 0.09968668, 0.3702955)
(0.4861072, 0.09908336, 0.3720196)
(0.4855989, 0.09822357, 0.3738602)
(0.485864, 0.09761536, 0.3751053)
(0.4859334, 0.09697527, 0.3766329)
(0.4858406, 0.09608966, 0.378374)
(0.4859432, 0.09546959, 0.3796323)
(0.4921595, 0.101262, 0.3732353)
(0.49232, 0.1005126, 0.3745152)
(0.4924834, 0.09967285, 0.3756834)
(0.4926363, 0.09882742, 0.3767723)
(0.4927819, 0.09791404, 0.3778878)
(0.49289, 0.09698033, 0.3790144)
(0.493089, 0.09600425, 0.3799478)
(0.4931555, 0.0949415, 0.3808951)
(0.4931938, 0.09400791, 0.3818125)
(0.4932135, 0.09311974, 0.3826386)
(0.4932927, 0.09206963, 0.3835777)
(0.4932797, 0.09100133, 0.3843547)
(0.4931976, 0.0900138, 0.3851496)
(0.4931311, 0.08906317, 0.3859061)
(0.4931723, 0.0880146, 0.3863789)
(0.4931437, 0.08708078, 0.3870401)
(0.4929139, 0.08604628, 0.3875524)
(0.4929544, 0.08502978, 0.3877717)
(0.4929119, 0.08419865, 0.3882307)
(0.4926955, 0.08349431, 0.3884318)
(0.4923602, 0.08298236, 0.3888716)
(0.4921974, 0.08239913, 0.3891951)
(0.4920616, 0.08176208, 0.3894702)
(0.4919645, 0.08116895, 0.3897618)
(0.491868, 0.08054918, 0.390049)
(0.4916847, 0.07984555, 0.3903764)
(0.4917229, 0.07917488, 0.390508)
(0.4917216, 0.07868057, 0.3907131)
(0.491749, 0.07813793, 0.391016)
(0.4915549, 0.07754076, 0.3913893)
(0.4913733, 0.07711434, 0.3916554)
(0.4910715, 0.07689154, 0.3921685)
(0.4911231, 0.07694221, 0.3924633)
(0.4912429, 0.07714033, 0.3927116)
(0.4915081, 0.07745999, 0.3928457)
(0.4916677, 0.07774186, 0.3929036)
(0.4917945, 0.07803965, 0.3929708)
(0.4920141, 0.07841206, 0.3932293)
(0.4921546, 0.07854372, 0.3937196)
(0.4922057, 0.07859617, 0.3943124)
(0.4919862, 0.07832932, 0.3950173)
(0.4918832, 0.07820857, 0.395646)
(0.4916641, 0.07818347, 0.3959269)
(0.491652, 0.07827306, 0.3960097)
(0.4916007, 0.07826197, 0.3958885)
(0.491623, 0.07811469, 0.3958933)
(0.4919503, 0.07800889, 0.3958231)
(0.492067, 0.07783729, 0.3956582)
(0.4922126, 0.07771361, 0.3957032)
(0.4924906, 0.07766902, 0.3959796)
(0.4923868, 0.07771677, 0.3962859)
(0.4924588, 0.07788759, 0.3964459)
(0.4925384, 0.07807589, 0.3966492)
(0.4926291, 0.07816857, 0.3969936)
(0.4926705, 0.07823342, 0.3973645)
(0.4925539, 0.07818723, 0.398055)
(0.4924687, 0.07836461, 0.3986541)
(0.4924663, 0.0785476, 0.3991847)
(0.4924673, 0.07870907, 0.3996593)
(0.4925149, 0.07881832, 0.3998021)
(0.4925174, 0.07888633, 0.4000295)
(0.4924278, 0.07900339, 0.4003637)
(0.4925036, 0.07909131, 0.4005802)
(0.4925328, 0.07937932, 0.4010251)
(0.4926234, 0.07973665, 0.4014283)
(0.4927393, 0.08002061, 0.4018345)
(0.4926451, 0.08047855, 0.402517)
(0.4926721, 0.08101922, 0.4033579)
(0.4922075, 0.08168954, 0.4045854)
(0.4918054, 0.08205152, 0.405816)
(0.4915124, 0.08269215, 0.4073631)
(0.491349, 0.08356619, 0.4085171)
(0.4910656, 0.08470511, 0.4096066)
(0.4910015, 0.08657557, 0.4107391)
(0.4913169, 0.08805251, 0.4119983)
(0.4913083, 0.08983421, 0.4136047)
(0.4913477, 0.09165198, 0.4155761)
(0.4913507, 0.09339315, 0.4175646)
(0.4913061, 0.09512419, 0.4197359)
(0.4916732, 0.09738618, 0.4223252)
(0.4920192, 0.09960926, 0.4248356)
(0.4922237, 0.1017916, 0.4275855)
(0.4924852, 0.1038364, 0.4301434)
(0.492811, 0.1060584, 0.4330029)
(0.4930896, 0.1082555, 0.4358722)
(0.4935741, 0.1106629, 0.4384824)
(0.4936884, 0.1131263, 0.4413819)
(0.4936771, 0.1155608, 0.4442898)
(0.4936757, 0.1180248, 0.4474592)
(0.4935132, 0.1203088, 0.4502014)
(0.4937072, 0.1223218, 0.4526912)
(0.4940673, 0.1242923, 0.4550966)
(0.4944337, 0.1261753, 0.4571736)
(0.495048, 0.1279319, 0.4588888)
(0.4956387, 0.1297565, 0.4607197)
(0.4962126, 0.1318382, 0.4621552)
(0.4971125, 0.1334116, 0.4634044)
(0.498225, 0.1353988, 0.4650074)
(0.4994143, 0.1374366, 0.4660791)
(0.5004581, 0.1391813, 0.4670504)
(0.5015022, 0.141376, 0.467217)
(0.502465, 0.1436352, 0.4674505)
(0.5032789, 0.1455981, 0.467986)
(0.5040735, 0.1475202, 0.4685251)
(0.5048355, 0.1494293, 0.4690925)
(0.5054768, 0.1513383, 0.46948)
(0.5061947, 0.1534669, 0.4701216)
(0.5067848, 0.15567, 0.4708825)
(0.5070609, 0.1576594, 0.4716198)
(0.5075613, 0.1599365, 0.4722785)
(0.5079226, 0.1619619, 0.4728669)
(0.5080215, 0.1640699, 0.4734491)
(0.5082912, 0.1664315, 0.4741733)
(0.5087312, 0.1686001, 0.4749848)
(0.5087875, 0.1707879, 0.4758486)
(0.5090488, 0.1734341, 0.4767494)
(0.5092773, 0.1757236, 0.4775769)
(0.5092815, 0.1779318, 0.478551)
(0.5094854, 0.1803076, 0.4795929)
(0.5097083, 0.1825732, 0.4807775)
(0.5096613, 0.1847817, 0.4820719)
(0.5099765, 0.1871954, 0.4831487)
(0.5101286, 0.1894441, 0.4844205)
(0.5102116, 0.1918345, 0.4854058)
(0.5104865, 0.1943458, 0.4866832)
(0.5108207, 0.1966903, 0.4877251)
(0.511085, 0.1990781, 0.488811)
(0.5115332, 0.2014136, 0.4900749)
(0.5118749, 0.2039123, 0.4914941)
(0.5175706, 0.2122155, 0.4859407)
(0.5179893, 0.2149566, 0.4868964)
(0.5185329, 0.2180315, 0.4881357)
(0.5189346, 0.2208085, 0.4892682)
(0.5196944, 0.2241564, 0.4907362)
(0.5202847, 0.2273211, 0.4920191)
(0.5208399, 0.2305809, 0.4932352)
(0.5213888, 0.2338615, 0.4948909)
(0.5217698, 0.2371438, 0.4964297)
(0.5220801, 0.2406269, 0.4980084)
(0.5226613, 0.2440557, 0.4999427)
(0.5230668, 0.2474524, 0.50195)
(0.5232829, 0.2509779, 0.503955)
(0.5236977, 0.2550676, 0.5064313)
(0.5239884, 0.2588657, 0.5086077)
(0.5241208, 0.2627192, 0.5106194)
(0.5243782, 0.2667288, 0.5130199)
(0.5246401, 0.2707512, 0.515388)
(0.524745, 0.2749008, 0.517841)
(0.524863, 0.2791072, 0.5204673)
(0.5249848, 0.2832975, 0.5230608)
(0.5251297, 0.287863, 0.5258093)
(0.5255392, 0.293096, 0.5289011)
(0.5259128, 0.2980081, 0.5317967)
(0.5261204, 0.3029312, 0.5346504)
(0.5268898, 0.3082491, 0.5379757)
(0.5274768, 0.3136051, 0.5412705)
(0.5280621, 0.3187267, 0.5445963)
(0.5286532, 0.3236377, 0.5481839)
(0.5292207, 0.3286004, 0.5516322)
(0.5298215, 0.3334596, 0.5547459)
(0.5306498, 0.3386738, 0.558226)
(0.5312831, 0.3434559, 0.561394)
(0.5321113, 0.34812, 0.5643867)
(0.5329925, 0.35224, 0.5675933)
(0.5337393, 0.3564163, 0.5709604)
(0.534817, 0.3595856, 0.5742534)
(0.5356825, 0.3630878, 0.5773147)
(0.5364, 0.3660338, 0.5809891)
(0.5372733, 0.3689983, 0.5842801)
(0.5385617, 0.3718884, 0.5877907)
(0.5394645, 0.3738806, 0.5911871)
(0.5405453, 0.3760185, 0.5943761)
(0.5414326, 0.3773987, 0.5975474)
(0.5419728, 0.3788311, 0.6008049)
(0.5429423, 0.3799281, 0.603899)
(0.5441649, 0.3812597, 0.6069232)
(0.5451462, 0.3819381, 0.610286)
(0.5463486, 0.3827261, 0.6135203)
(0.5475158, 0.3832762, 0.6169993)
(0.5484048, 0.3838344, 0.6201503)
(0.5492681, 0.3841169, 0.6232951)
(0.5501718, 0.3842053, 0.6262254)
(0.5511756, 0.3841553, 0.6291932)
(0.55207, 0.3840233, 0.632144)
(0.5529683, 0.3836753, 0.6353006)
(0.5542751, 0.3827352, 0.6382042)
(0.5553768, 0.3821936, 0.6414554)
(0.5565652, 0.3813811, 0.6451143)
(0.5575727, 0.3804163, 0.6485648)
(0.5584626, 0.3795375, 0.6517676)
(0.5591611, 0.3783169, 0.654982)
(0.5599903, 0.37705, 0.6583933)
(0.5607354, 0.375726, 0.6618838)
(0.5613842, 0.3744568, 0.6652068)
(0.5620722, 0.3731371, 0.6687877)
(0.5629418, 0.3716411, 0.6723274)
(0.5637227, 0.3699426, 0.676173)
(0.5647183, 0.3682024, 0.679618)
(0.5655916, 0.3665234, 0.6832652)
(0.5662084, 0.3647244, 0.6868775)
(0.5666589, 0.3629519, 0.690557)
(0.5671839, 0.3612139, 0.694006)
(0.5676759, 0.3594027, 0.6974832)
(0.5681924, 0.357452, 0.7006949)
(0.5690955, 0.3554435, 0.7042116)
(0.5695897, 0.3535257, 0.7073383)
(0.5702718, 0.3518, 0.7104017)
(0.5708318, 0.3501449, 0.7133237)
(0.5711346, 0.3482741, 0.7162861)
(0.571548, 0.3467312, 0.7189369)
(0.5719204, 0.3451193, 0.7214842)
(0.5721446, 0.3433381, 0.7241509)
(0.5723593, 0.3418353, 0.7266923)
(0.5724862, 0.3403509, 0.7291446)
(0.5724993, 0.3387958, 0.7316917)
(0.5724387, 0.3374409, 0.7342356)
(0.5723287, 0.336199, 0.7363579)
(0.5722932, 0.3349496, 0.7386059)
(0.572183, 0.3339164, 0.7405312)
(0.5719122, 0.3330256, 0.7419683)
(0.5719695, 0.3320882, 0.743644)
(0.5719455, 0.3314495, 0.7448235)
(0.571875, 0.3305133, 0.7461389)
(0.5718315, 0.3296613, 0.7474892)
(0.5718631, 0.3290449, 0.7485404)
(0.5717086, 0.3282563, 0.7492822)
(0.5714816, 0.3273835, 0.7500517)
(0.5713347, 0.3266639, 0.7505075)
(0.5712107, 0.3258912, 0.7508111)
(0.5710234, 0.3252408, 0.7510872)
(0.5713519, 0.3256843, 0.7501323)
(0.5715913, 0.3263355, 0.7493862)
(0.5719944, 0.3270321, 0.7492994)
(0.5721459, 0.3275204, 0.7494574)
(0.5720047, 0.3276386, 0.749876)
(0.5718426, 0.327557, 0.7505909)
(0.5717584, 0.3275286, 0.7515944)
(0.5714604, 0.327318, 0.7526028)
(0.5713965, 0.3272471, 0.7532296)
(0.5711775, 0.327333, 0.7536418)
(0.5706933, 0.3274389, 0.753595)
(0.5709464, 0.3274782, 0.7534952)
(0.571004, 0.3274233, 0.7533709)
(0.5710433, 0.3273363, 0.7530739)
(0.5713751, 0.3271358, 0.7530047)
(0.5716538, 0.32666, 0.7532582)
(0.5718929, 0.3263878, 0.7534405)
(0.5721185, 0.3262168, 0.7535192)
(0.5722776, 0.3261285, 0.7539035)
(0.5723626, 0.3260529, 0.7541302)
(0.5725947, 0.3261453, 0.7543104)
(0.5725409, 0.3262798, 0.7545758)
(0.5724952, 0.3262351, 0.7549053)
(0.5723265, 0.3261535, 0.7553451)
(0.5722408, 0.3258014, 0.7559103)
(0.5720835, 0.3251961, 0.75669)
(0.5717751, 0.3249105, 0.7573154)
(0.571314, 0.3251208, 0.7576478)
(0.5711799, 0.3253104, 0.7578498)
(0.571253, 0.3256033, 0.7582877)
(0.5714443, 0.3261046, 0.758671)
(0.5716992, 0.3265264, 0.759259)
(0.5717183, 0.3272902, 0.760166)
(0.5720938, 0.3284336, 0.7610327)
(0.5726594, 0.329414, 0.7615479)
(0.5730502, 0.3309405, 0.7622621)
(0.5737401, 0.3324838, 0.7630655)
(0.5743227, 0.334195, 0.7644069)
(0.5747499, 0.3360506, 0.7658631)
(0.5756298, 0.3379709, 0.7674401)
(0.5763807, 0.3397484, 0.7687851)
(0.5769578, 0.3418359, 0.7706183)
(0.5775553, 0.3437759, 0.7720891)
(0.5781622, 0.3458177, 0.7734725)
(0.5787633, 0.3479037, 0.7753059)
(0.5795586, 0.3500115, 0.7773563)
(0.5804621, 0.3523539, 0.7796371)
(0.5809919, 0.3544813, 0.7819653)
(0.5814702, 0.3566113, 0.7841126)
(0.5819411, 0.35879, 0.7862509)
(0.5819778, 0.3611481, 0.7889153)
(0.5823759, 0.3635628, 0.7915043)
(0.5829484, 0.3655807, 0.7937084)
(0.5834321, 0.3672652, 0.7957352)
(0.5839072, 0.3695312, 0.7975703)
(0.5844662, 0.3712265, 0.799438)
(0.5847385, 0.3729334, 0.8007675)
(0.5852865, 0.3750407, 0.8023441)
(0.5852954, 0.3769078, 0.8034265)
(0.58509, 0.3789296, 0.803948)
(0.5856411, 0.3810908, 0.8050497)
(0.5856596, 0.3832498, 0.8056169)
(0.5853969, 0.3858382, 0.8059996)
(0.5849101, 0.3885031, 0.8061551)
(0.584325, 0.3914547, 0.8063548)
(0.5837463, 0.3941321, 0.8068297)
(0.5835137, 0.3964816, 0.8074102)
(0.5831922, 0.398812, 0.8078592)
(0.5827628, 0.4009781, 0.8082596)
(0.5824567, 0.4031096, 0.8084553)
(0.5821059, 0.4053777, 0.8085253)
(0.5815371, 0.4077761, 0.8084537)
(0.580546, 0.4101654, 0.8082972)
(0.5796074, 0.4129555, 0.8080631)
(0.5787205, 0.4154401, 0.8080622)
(0.5777721, 0.4178954, 0.8077919)
(0.577176, 0.4202831, 0.8075453)
(0.5765646, 0.4229237, 0.8075836)
(0.5760753, 0.4254478, 0.8074565)
(0.5756565, 0.4281231, 0.8071712)
(0.5750161, 0.4308535, 0.8069266)
(0.5744901, 0.4335077, 0.8068155)
(0.5739232, 0.4365134, 0.806771)
(0.5733622, 0.4395321, 0.807117)
(0.5730031, 0.4424362, 0.8074043)
(0.5727459, 0.4452889, 0.8074315)
(0.5723608, 0.448277, 0.8076817)
(0.5720853, 0.4511746, 0.8079643)
(0.5718434, 0.4540162, 0.808219)
(0.5710651, 0.4570908, 0.8085567)
(0.5705688, 0.460104, 0.8091174)
(0.5703815, 0.4633752, 0.809567)
(0.5699136, 0.4664778, 0.8104056)
(0.5695633, 0.4698439, 0.8111204)
(0.5695131, 0.4726639, 0.8118279)
(0.5692315, 0.4757517, 0.812708)
(0.5687448, 0.4787751, 0.8136002)
(0.5687054, 0.4817002, 0.8143947)
(0.5684308, 0.4847766, 0.8154167)
(0.5682644, 0.4877815, 0.8166924)
(0.5684909, 0.4909062, 0.8176854)
(0.5687233, 0.493714, 0.8187569)
(0.5689243, 0.4968376, 0.8199557)
(0.5693138, 0.4996142, 0.8210796)
(0.5695638, 0.5024239, 0.8225639)
(0.5697851, 0.5051867, 0.8241453)
(0.5700724, 0.5080173, 0.8253944)
(0.5704318, 0.5108934, 0.8267802)
(0.5708673, 0.5136853, 0.8281593)
(0.5712551, 0.5164959, 0.8297209)
(0.5715232, 0.5190841, 0.8314247)
(0.5721444, 0.521636, 0.8327966)
(0.5726142, 0.5240284, 0.8342044)
(0.5732654, 0.5267869, 0.8354027)
(0.5734826, 0.5290837, 0.8371409)
(0.5740854, 0.53109, 0.8386037)
(0.5748708, 0.5336748, 0.8397806)
(0.5753375, 0.5356045, 0.8415102)
(0.5762799, 0.537606, 0.8432339)
(0.5772055, 0.5393346, 0.8451627)
(0.5791225, 0.5408044, 0.8467149)
(0.5803876, 0.5419029, 0.848225)
(0.581565, 0.5429081, 0.8499333)
(0.5827828, 0.5441726, 0.851613)
(0.5839515, 0.5451376, 0.8533734)
(0.5849541, 0.5461098, 0.855203)
(0.5853931, 0.5468171, 0.8573246)
(0.5862615, 0.5472805, 0.859251)
(0.587005, 0.5476254, 0.8610548)
(0.5876173, 0.5473956, 0.8631886)
(0.5887316, 0.5473236, 0.8651692)
(0.5896632, 0.5467864, 0.8668652)
(0.5910928, 0.5465048, 0.8686738)
(0.5925147, 0.5455864, 0.8704191)
(0.5935351, 0.5445315, 0.871877)
(0.5942313, 0.5433502, 0.8740152)
(0.5952641, 0.5422264, 0.8758137)
(0.5958156, 0.5411876, 0.8771898)
(0.5965862, 0.5396839, 0.8790038)
(0.5975734, 0.5381575, 0.8807213)
(0.5982478, 0.5363357, 0.8822156)
(0.5995037, 0.5345852, 0.8834631)
(0.6007052, 0.5326943, 0.8850452)
(0.6021767, 0.5306513, 0.8861536)
(0.6031854, 0.52791, 0.8879895)
(0.6044609, 0.5250716, 0.8897325)
(0.6055071, 0.5227342, 0.8906988)
(0.6063578, 0.5199433, 0.8922806)
(0.6073197, 0.5172864, 0.8936218)
(0.6081496, 0.5146098, 0.8948033)
(0.60936, 0.5119206, 0.8955666)
(0.6103824, 0.5090026, 0.8968333)
(0.6113321, 0.5059384, 0.8981285)
(0.6126942, 0.5028965, 0.8991504)
(0.6136726, 0.4996219, 0.9003897)
(0.6144371, 0.4968358, 0.9013464)
(0.6151538, 0.4941475, 0.9019253)
(0.6156344, 0.4917532, 0.9026611)
(0.6158505, 0.4893771, 0.9031774)
(0.6165801, 0.4871657, 0.9029703)
(0.6170155, 0.4847127, 0.9035662)
(0.6174265, 0.4823288, 0.9040152)
(0.6179662, 0.4799671, 0.9039687)
(0.6180911, 0.477185, 0.90451)
(0.6181197, 0.4750351, 0.9045926)
(0.6182879, 0.4728666, 0.9046949)
(0.6181256, 0.4711792, 0.9044154)
(0.617906, 0.4697637, 0.9039423)
(0.6175869, 0.4683595, 0.90374)
(0.6173948, 0.4669818, 0.9035232)
(0.6170093, 0.4659404, 0.9028372)
(0.6167881, 0.464828, 0.9022257)
(0.6164045, 0.4637457, 0.9015682)
(0.6159769, 0.4626788, 0.9008946)
(0.6155298, 0.4615296, 0.9001712)
(0.6150162, 0.4604079, 0.8994226)
(0.6146524, 0.4593327, 0.8987091)
(0.6139982, 0.4582511, 0.8982878)
(0.6136223, 0.4571884, 0.89764)
(0.6129792, 0.4559849, 0.8965873)
(0.6124533, 0.4549248, 0.8957311)
(0.6124229, 0.4541843, 0.8947833)
(0.6122175, 0.453266, 0.8941698)
(0.6121536, 0.4522635, 0.8937892)
(0.6122365, 0.4516091, 0.8932407)
(0.6124464, 0.4508764, 0.8929816)
(0.6119264, 0.4497402, 0.8932014)
(0.611979, 0.44905, 0.8931121)
(0.6116858, 0.4483716, 0.8930411)
(0.6111818, 0.447805, 0.8929754)
(0.6110184, 0.4474674, 0.8925841)
(0.6109538, 0.4474651, 0.8923944)
(0.6110171, 0.4478905, 0.8923324)
(0.6110971, 0.4480022, 0.8930017)
(0.6115524, 0.4483045, 0.8935772)
(0.6119988, 0.4484113, 0.8937333)
(0.6123022, 0.4485872, 0.8935353)
(0.6125091, 0.4486059, 0.89363)
(0.6126133, 0.4486385, 0.8934841)
(0.6122104, 0.4480695, 0.8940014)
(0.6123211, 0.4480919, 0.8937986)
(0.612296, 0.4479555, 0.8934097)
(0.6123652, 0.4480515, 0.8929198)
(0.6123111, 0.4479998, 0.8926842)
(0.6120812, 0.447977, 0.8925647)
(0.6121168, 0.4480129, 0.8921611)
(0.6121459, 0.4479514, 0.8919814)
(0.6121364, 0.4478292, 0.8917553)
(0.6123658, 0.4478477, 0.8911538)
(0.6125414, 0.4477386, 0.8909608)
(0.6127439, 0.4476116, 0.8907691)
(0.6129436, 0.4475114, 0.8905381)
(0.6130742, 0.4473575, 0.8904113)
(0.6132012, 0.4472635, 0.8902555)
(0.613292, 0.4472036, 0.8901044)
(0.6131376, 0.4471778, 0.8898109)
(0.6130181, 0.4473059, 0.889712)
(0.6129442, 0.4472758, 0.889719)
(0.6128256, 0.447409, 0.8896074)
(0.6128535, 0.4473404, 0.8893794)
(0.6128209, 0.4473534, 0.8892719)
(0.6127871, 0.4473516, 0.8891209)
(0.6128169, 0.4472865, 0.8890039)
(0.6128864, 0.4472515, 0.8890184)
(0.6129736, 0.4472094, 0.8890334)
(0.6129093, 0.4472874, 0.8891196)
(0.6128741, 0.4472287, 0.8891925)
(0.6127976, 0.44714, 0.8893043)
(0.6127614, 0.447256, 0.8896135)
(0.6128552, 0.4472683, 0.8897375)
(0.6127769, 0.4471948, 0.8897748)
(0.612865, 0.4471443, 0.8896931)
(0.6128965, 0.4470864, 0.8897287)
(0.6128511, 0.4469842, 0.8897495)
(0.6128286, 0.4469665, 0.889678)
(0.6128832, 0.4469688, 0.8896282)
(0.6128664, 0.4469505, 0.8896327)
(0.6127957, 0.4469952, 0.8897407)
(0.6128643, 0.447057, 0.8897316)
(0.6129625, 0.447171, 0.8896229)
(0.6130541, 0.4470912, 0.8894652)
(0.6131238, 0.4470798, 0.8893919)
(0.6130404, 0.4469426, 0.8894809)
(0.6129794, 0.447078, 0.8895899)
