(293.5541, 216.612, 69.53685)
(292.8501, 214.1483, 72.00549)
(291.5939, 206.2929, 79.61158)
(291.7999, 201.4143, 84.33504)
(291.9624, 197.1123, 88.76937)
(291.497, 194.7226, 90.92813)
(290.5128, 193.9408, 91.80211)
(290.0168, 190.5345, 95.44534)
(290.2909, 187.8082, 98.71949)
(289.4359, 185.0754, 101.0793)
(288.7141, 181.928, 104.1515)
(288.6378, 178.6552, 107.3112)
(289.3128, 176.0325, 109.8236)
(289.2915, 174.3594, 110.7388)
(289.2647, 177.7632, 105.9689)
(288.3457, 191.3615, 88.87029)
(287.1779, 204.4025, 73.07648)
(288.1454, 210.9303, 63.82062)
(290.5298, 209.2791, 61.53463)
(290.2553, 195.2882, 74.18651)
(291.5671, 182.9375, 87.21305)
(293.1695, 190.661, 79.88995)
(293.925, 205.2454, 66.05187)
(293.5269, 217.7807, 52.85436)
(291.7135, 223.4744, 45.18813)
(290.6254, 221.4095, 43.98567)
(289.2269, 228.5426, 36.37331)
(291.4485, 232.6058, 31.15346)
(293.6571, 233.1192, 28.41225)
(294.8207, 235.3138, 25.04976)
(295.5683, 236.0941, 24.33811)
(296.7563, 234.877, 26.14778)
(298.3649, 235.1841, 26.78996)
(299.6588, 237.1289, 26.19338)
(301.0804, 238.972, 25.00709)
(302.1216, 240.7257, 23.34019)
(302.9898, 242.6082, 21.45347)
(304.1924, 243.984, 20.2923)
(305.2861, 245.0373, 19.65715)
(306.4834, 245.5562, 19.41583)
(308.0559, 245.8595, 19.64304)
(309.6123, 247.4346, 18.71925)
(311.195, 249.463, 17.48156)
(313.1638, 252.5457, 15.11196)
(314.9412, 254.82, 13.37168)
(316.6643, 257.1958, 11.21983)
(318.117, 258.8539, 9.50202)
(318.9741, 260.6696, 7.133803)
(319.9196, 262.2615, 5.005034)
(320.5488, 262.9527, 3.736098)
(321.3918, 262.896, 3.382025)
(322.3038, 263.1488, 3.074246)
(323.1749, 262.6604, 3.304883)
(324.1712, 263.1359, 2.798412)
(325.066, 264.0491, 2.049437)
(325.9933, 264.983, 1.021178)
(327.1362, 266.2629, 0.1131951)
(327.948, 265.9732, 359.6725)
(328.2769, 264.7688, 0.3697594)
(327.8963, 264.7359, 1.282907)
(327.8276, 264.9468, 1.629417)
(327.3829, 264.9656, 2.189275)
(326.8533, 265.6307, 2.286837)
(326.4016, 266.4802, 2.371114)
(325.1172, 267.1417, 2.151478)
(323.6786, 267.1906, 2.770487)
(322.6157, 265.7578, 5.072309)
(322.4381, 262.6091, 9.234081)
(322.8065, 260.1807, 12.86939)
(322.6942, 258.2842, 16.89177)
(321.6932, 257.2917, 19.70916)
(318.649, 258.0967, 19.93813)
(315.3374, 259.183, 20.00415)
(311.398, 259.7375, 20.97822)
(310.2116, 257.4504, 23.87557)
(310.0121, 259.6301, 22.58867)
(310.5417, 264.0819, 20.74226)
