(-0.25036217521266985, 0.17175271465982456, -0.15494038229907142)
(-0.25036217521266985, 0.17156076364555498, -0.15523341426008738)
(-0.25036217521266985, 0.17137508665136192, -0.15551686310250115)
(-0.25036217521266985, 0.17119568367724536, -0.1557907288263127)
(-0.25036217521266985, 0.17102255472320532, -0.15605501143152203)
(-0.25036217521266985, 0.17085569978924178, -0.15630971091812917)
(-0.25036217521266985, 0.17069511887535474, -0.1565548272861341)
(-0.25036217521266985, 0.17054081198154422, -0.15679036053553683)
(-0.25036217521266985, 0.1703927791078102, -0.15701631066633734)
(-0.25036217521266985, 0.17025102025415267, -0.15723267767853566)
(-0.25036217521266985, 0.17011553542057165, -0.15743946157213176)
(-0.25036217521266985, 0.16998632460706714, -0.15763666234712567)
(-0.25036217521266985, 0.16986338781363916, -0.15782428000351736)
(-0.25036217521266985, 0.16974672504028765, -0.15800231454130687)
(-0.25036217521266985, 0.16963633628701266, -0.15817076596049415)
(-0.25036217521266985, 0.1695322215538142, -0.1583296342610792)
(-0.25036217521266985, 0.1694343808406922, -0.15847891944306208)
(-0.25036217521266985, 0.16934281414764674, -0.15861862150644274)
(-0.25036217521266985, 0.1692575214746778, -0.1587487404512212)
(-0.25036217521266985, 0.16917850282178534, -0.15886927627739744)
(-0.25036217521266985, 0.1691057581889694, -0.1589802289849715)
(-0.25036217521266985, 0.16903928757622994, -0.15908159857394333)
(-0.25036217521266985, 0.168979090983567, -0.15917338504431297)
(-0.25036217521266985, 0.16892516841098057, -0.1592555883960804)
(-0.25036217521266985, 0.16887751985847066, -0.15932820862924563)
(-0.25036217521266985, 0.16888549276012146, -0.1593137387798413)
(-0.25036217521266985, 0.16891901931090733, -0.1592609900934618)
(-0.25036217521266985, 0.16895487608327678, -0.159205328196135)
(-0.25036217521266985, 0.16899126948639762, -0.15914943392413936)
(-0.25036217521266985, 0.16902636731418894, -0.15909601356591627)
(-0.25036217521266985, 0.1690583018120895, -0.15904779265688493)
(-0.25036217521266985, 0.1690851727438256, -0.15900750977425707)
(-0.25036217521266985, 0.16910505045817945, -0.15897791033185174)
(-0.25036217521266985, 0.16911597895575717, -0.15896174037491004)
(-0.25036217521266985, 0.16911597895575717, -0.15896174037491004)
(-0.25036217521266985, 0.16911597895575717, -0.15896174037491004)
(-0.25036217521266985, 0.16911597895575717, -0.15896174037491004)
(-0.25036217521266985, 0.16911597895575717, -0.15896174037491004)
(-0.25036217521266985, 0.16911597895575717, -0.15896174037491004)
(-0.25036217521266985, 0.16911597895575717, -0.15896174037491004)
(-0.25036217521266985, 0.16911597895575717, -0.15896174037491004)
(-0.25036217521266985, 0.16911597895575717, -0.15896174037491004)
(-0.25036217521266985, 0.16911597895575717, -0.15896174037491004)
(-0.25036217521266985, 0.16911597895575717, -0.15896174037491004)
(-0.25036217521266985, 0.16911597895575717, -0.15896174037491004)
(-0.25036217521266985, 0.16911597895575717, -0.15896174037491004)
(-0.25036217521266985, 0.16911597895575717, -0.15896174037491004)
(-0.25036217521266985, 0.16911597895575717, -0.15896174037491004)
(-0.25036217521266985, 0.16911597895575717, -0.15896174037491004)
(-0.25036217521266985, 0.16911597895575717, -0.15896174037491004)
(-0.25036217521266985, 0.16911597895575717, -0.15896174037491004)
(-0.25036217521266985, 0.16911597895575717, -0.15896174037491004)
(-0.25036217521266985, 0.16911597895575717, -0.15896174037491004)
(-0.25036217521266985, 0.16911597895575717, -0.15896174037491004)
(-0.25036217521266985, 0.16911597895575717, -0.15896174037491004)
(-0.25036217521266985, 0.16911597895575717, -0.15896174037491004)
(-0.25036217521266985, 0.16911597895575717, -0.15896174037491004)
(-0.25036217521266985, 0.16911597895575717, -0.15896174037491004)
(-0.25036217521266985, 0.16911597895575717, -0.15896174037491004)
(-0.25036217521266985, 0.16911597895575717, -0.15896174037491004)
(-0.25036217521266985, 0.16911597895575717, -0.15896174037491004)
(-0.25036217521266985, 0.16911597895575717, -0.15896174037491004)
(-0.25036217521266985, 0.15875967823596268, -0.16731177441885392)
(-0.25036217521266985, 0.1501315966811374, -0.1742868440808918)
(-0.25036217521266985, 0.1432546018120821, -0.17988144971603962)
(-0.25036217521266985, 0.13814630866030164, -0.1840926872402086)
(-0.25036217521266985, 0.13481830438774364, -0.18692007177684036)
(-0.25036217521266985, 0.13327946097102533, -0.18836847961448644)
(-0.25036217521266985, 0.13353277101393626, -0.18844711545825138)
(-0.25036217521266985, 0.13557747515269067, -0.1871666130886529)
(-0.25036217521266985, 0.1394120516562118, -0.1845395402402916)
(-0.25036217521266985, 0.14502893356599653, -0.1805688458115275)
(-0.25036217521266985, 0.1524024336879906, -0.175255917618254)
(-0.25036217521266985, 0.16149358283178541, -0.16860371903338867)
(-0.25036217521266985, 0.17224429457621027, -0.16061666655629847)
(-0.25036217521266985, 0.18459452753758704, -0.15130575514294375)
(-0.25036217521266985, 0.1984794223977489, -0.14068472933977608)
(-0.25036217521266985, 0.21382898934294783, -0.1287793644236372)
(-0.25036217521266985, 0.23056397795536193, -0.11562016674048879)
(-0.25036217521266985, 0.24858738166874977, -0.10124084957481373)
(-0.25036217521266985, 0.26779300376554116, -0.08568003595336968)
(-0.25036217521266985, 0.2880719310862022, -0.0689787452996817)
(-0.25036217521266985, 0.30930807193857807, -0.05118467002474345)
(-0.25036217521266985, 0.33137878481442334, -0.03235301623354024)
(-0.25036217521266985, 0.3541553778857488, -0.012544148996696739)
(-0.25036217521266985, 0.37750288073454263, 0.008176489914529399)
(-0.25036217521266985, 0.4012807311316989, 0.02973586544324698)
(-0.25036217521266985, 0.425346921879545, 0.05205174503467238)
(-0.25036217521266985, 0.4495549428176859, 0.07503659870149934)
(-0.25036217521266985, 0.47375625542941724, 0.09859637150389311)
(-0.25036217521266985, 0.497688106852465, 0.12281655141589219)
(-0.25036217521266985, 0.5212241330008157, 0.14753204834775807)
(-0.25036217521266985, 0.5442379697884564, 0.17257777220975207)
(-0.25036217521266985, 0.5666032531293747, 0.1977886329121359)
(-0.25036217521266985, 0.5881936189375575, 0.22299954036517058)
(-0.25036217521266985, 0.6088827031269921, 0.248045404479118)
(-0.25036217521266985, 0.6285441416116656, 0.27276113516423955)
(-0.25036217521266985, 0.6470515703055651, 0.2969816423307965)
(-0.25036217521266985, 0.664278625122678, 0.32054183588905044)
(-0.25036217521266985, 0.6800989419769912, 0.34327662574926265)
(-0.25036217521266985, 0.6943861567824917, 0.36502092182169477)
(-0.25036217521266985, 0.7070139054531672, 0.3856096340166083)
(-0.25036217521266985, 0.7178558239030045, 0.40487767224426463)
(-0.25036217521266985, 0.7267855480459908, 0.4226599464149249)
(-0.25036217521266985, 0.7336767137961138, 0.43879136643885097)
(-0.25036217521266985, 0.7384029570673594, 0.45310684222630426)
(-0.25036217521266985, 0.740837913773716, 0.465441283687546)
(-0.25036217521266985, 0.7408552198291705, 0.4756296007328379)
(-0.25036217521266985, 0.7383285111477096, 0.4835067032724411)
(-0.25036217521266985, 0.7331314236433206, 0.4889075012166175)
(-0.25036217521266985, 0.725137593229991, 0.4916669044756281)
(-0.25036217521266985, 0.7142206558217079, 0.4916198229597346)
(-0.25036217521266985, 0.7129058274671007, 0.49880182873571843)
(-0.25036217521266985, 0.7113828336353487, 0.5052624770490974)
(-0.25036217521266985, 0.7097100970355243, 0.5110105237913538)
(-0.25036217521266985, 0.7079448722181134, 0.5160600148291238)
(-0.25036217521266985, 0.7061433140324589, 0.5204302044161406)
(-0.25036217521266985, 0.7043558021855085, 0.524149201136497)
(-0.25036217521266985, 0.7026284830001552, 0.527254187339489)
(-0.25036217521266985, 0.7009994794352978, 0.529789135962319)
(-0.25036217521266985, 0.6994928407355696, 0.5318054899150001)
(-0.25036217521266985, 0.698120725967265, 0.5333483248321349)
(-0.25036217521266985, 0.6968956988423918, 0.5344608126265751)
(-0.25036217521266985, 0.6958279189603935, 0.5351854514063511)
(-0.25036217521266985, 0.6949338163462799, 0.535562301716224)
(-0.25036217521266985, 0.6942200012303508, 0.5356332500610734)
(-0.25036217521266985, 0.6936843718833141, 0.5354374566987198)
(-0.25036217521266985, 0.6933151067905095, 0.5350210100624654)
(-0.25036217521266985, 0.6930942980202417, 0.5344305675064644)
(-0.25036217521266985, 0.6930087742286593, 0.5337110612760659)
(-0.25036217521266985, 0.6930444777681903, 0.5329065441022258)
(-0.25036217521266985, 0.6931803424297305, 0.5320565003441674)
(-0.25036217521266985, 0.6933928252545758, 0.5311991390727065)
(-0.25036217521266985, 0.6936562981833809, 0.5303722379096655)
(-0.25036217521266985, 0.6939436215736334, 0.529610527007938)
(-0.25036217521266985, 0.6942276902230893, 0.5289448202228368)
(-0.25036217521266985, 0.6944823101353323, 0.5284041900528339)
(-0.25036217521266985, 0.6946789319653599, 0.5280181505397181)
(-0.25036217521266985, 0.6947905767691507, 0.5278130329374392)
(-0.25036217521266985, 0.6947905767691507, 0.5278130329374392)
(-0.25036217521266985, 0.6947905767691507, 0.5278130329374392)
(-0.25036217521266985, 0.6947905767691507, 0.5278130329374392)
(-0.25036217521266985, 0.6947905767691507, 0.5278130329374392)
(-0.25036217521266985, 0.6947905767691507, 0.5278130329374392)
(-0.25036217521266985, 0.6947905767691507, 0.5278130329374392)
(-0.25036217521266985, 0.6947905767691507, 0.5278130329374392)
(-0.25036217521266985, 0.6947905767691507, 0.5278130329374392)
(-0.25036217521266985, 0.6947905767691507, 0.5278130329374392)
(-0.25036217521266985, 0.6947905767691507, 0.5278130329374392)
(-0.25036217521266985, 0.6947905767691507, 0.5278130329374392)
(-0.25036217521266985, 0.6947905767691507, 0.5278130329374392)
(-0.25036217521266985, 0.6947905767691507, 0.5278130329374392)
(-0.25036217521266985, 0.6947905767691507, 0.5278130329374392)
(-0.25036217521266985, 0.6947905767691507, 0.5278130329374392)
(-0.25036217521266985, 0.6947905767691507, 0.5278130329374392)
(-0.25036217521266985, 0.6947905767691507, 0.5278130329374392)
(-0.25036217521266985, 0.6947905767691507, 0.5278130329374392)
(-0.25036217521266985, 0.6947905767691507, 0.5278130329374392)
(-0.25036217521266985, 0.6947905767691507, 0.5278130329374392)
(-0.25036217521266985, 0.6947905767691507, 0.5278130329374392)
(-0.25036217521266985, 0.6947905767691507, 0.5278130329374392)
(-0.25036217521266985, 0.6947905767691507, 0.5278130329374392)
(-0.25036217521266985, 0.6947905767691507, 0.5278130329374392)
(-0.25036217521266985, 0.6947905767691507, 0.5278130329374392)
(-0.25036217521266985, 0.6947905767691507, 0.5278130329374392)
(-0.25036217521266985, 0.6947905767691507, 0.5278130329374392)
(-0.25036217521266985, 0.6947905767691507, 0.5278130329374392)
(-0.25036217521266985, 0.6947905767691507, 0.5278130329374392)
(-0.25036217521266985, 0.6947905767691507, 0.5278130329374392)
(-0.25036217521266985, 0.6947905767691507, 0.5278130329374392)
(-0.25036217521266985, 0.6947905767691507, 0.5278130329374392)
(-0.25036217521266985, 0.6947905767691507, 0.5278130329374392)
(-0.25036217521266985, 0.6947905767691507, 0.5278130329374392)
(-0.25036217521266985, 0.6947905767691507, 0.5278130329374392)
(-0.25036217521266985, 0.6947905767691507, 0.5278130329374392)
(-0.25036217521266985, 0.6947905767691507, 0.5278130329374392)
(-0.25036217521266985, 0.6947905767691507, 0.5278130329374392)
(-0.25036217521266985, 0.6947905767691507, 0.5278130329374392)
(-0.25036217521266985, 0.6947905767691507, 0.5278130329374392)
(-0.25036217521266985, 0.6947905767691507, 0.5278130329374392)
(-0.25036217521266985, 0.6947905767691507, 0.5278130329374392)
(-0.25036217521266985, 0.6947905767691507, 0.5278130329374392)
(-0.25036217521266985, 0.6947905767691507, 0.5278130329374392)
(-0.25036217521266985, 0.6947905767691507, 0.5278130329374392)
(-0.25036217521266985, 0.6947905767691507, 0.5278130329374392)
(-0.25036217521266985, 0.6947905767691507, 0.5278130329374392)
(-0.25036217521266985, 0.6947905767691507, 0.5278130329374392)
(-0.25036217521266985, 0.6947905767691906, 0.5278130329374694)
(-0.25036217521266985, 0.6947905767691906, 0.5278130329374694)
(-0.25036217521266985, 0.6947905767691906, 0.5278130329374694)
(-0.25036217521266985, 0.6947905767691906, 0.5278130329374695)
(-0.25036217521266985, 0.6947905767691906, 0.5278130329374695)
(-0.25036217521266985, 0.6947905767691906, 0.5278130329374695)
(-0.25036217521266985, 0.6947905767691906, 0.5278130329374695)
(-0.25036217521266985, 0.6947905767691906, 0.5278130329374695)
(-0.25036217521266985, 0.6947905767691906, 0.5278130329374695)
(-0.25036217521266985, 0.6947905767691906, 0.5278130329374695)
(-0.25036217521266985, 0.6947905767691906, 0.5278130329374695)
(-0.25036217521266985, 0.6947905767691906, 0.5278130329374695)
(-0.25036217521266985, 0.6947905767691906, 0.5278130329374695)
(-0.25036217521266985, 0.6947905767691906, 0.5278130329374695)
(-0.25036217521266985, 0.6947905767691906, 0.5278130329374695)
(-0.25036217521266985, 0.6947905767691906, 0.5278130329374695)
(-0.25036217521266985, 0.6947905767691906, 0.5278130329374695)
(-0.25036217521266985, 0.6947905767691906, 0.5278130329374696)
(-0.25036217521266985, 0.6947905767691906, 0.5278130329374696)
(-0.25036217521266985, 0.6947905767691908, 0.5278130329374696)
(-0.25036217521266985, 0.6947905767691908, 0.5278130329374696)
(-0.25036217521266985, 0.6947905767691908, 0.5278130329374696)
(-0.25036217521266985, 0.6947905767691908, 0.5278130329374696)
(-0.25036217521266985, 0.6947905767691908, 0.5278130329374696)
(-0.25036217521266985, 0.6947905767691908, 0.5278130329374696)
