(-7688.772, 116.7137, -908.8809)
(36.0199, 190.9994, 6.185997)
(-32.23722, 132.9756, 26.19088)
(-62.26441, 237.8351, 26.07233)
(-33.04744, 97.5796, 22.3977)
(-39.37421, 119.3437, 28.90862)
(-52.33907, 168.5199, 35.40811)
(-91.25134, 247.7171, 32.02072)
(-53.57273, 127.1534, 5.70139)
(-61.36474, 158.2845, 0.008002705)
(-85.46053, 172.9279, -24.83402)
(-57.49931, 93.68682, -26.26109)
(-73.85442, 122.7697, -12.84416)
(-108.7783, 167.117, -20.46264)
(-55.33992, 69.79566, -3.421207)
(-77.14172, 82.96956, -1.45613)
(-77.95987, 108.7503, 7.766279)
(-61.04974, 20.68217, -6.418974)
(-74.10697, 25.86789, -8.231849)
(-123.0654, -21.95983, -17.94822)
(-79.94003, -47.60736, -11.07195)
(-80.08634, -50.36502, -11.67078)
(-111.4642, -120.1626, -16.61488)
(-55.39734, -82.39773, -7.559898)
(-81.66705, -140.782, -12.16261)
(-52.91109, -91.13982, -5.999079)
(-91.61725, -226.0683, -5.748673)
(-53.08723, -163.0725, 2.898734)
(-34.14814, -114.6684, 2.540498)
(-29.16764, -239.9648, 28.87263)
(-7.961082, -172.7441, 39.43406)
(1.255527, -116.1678, 38.77227)
(4.203059, -216.8519, 74.23264)
(5.179487, -134.1643, 50.89405)
(1.420012, -87.46429, 30.89088)
(44.24538, -145.4889, 60.39931)
(26.0282, -72.95765, 26.05776)
(18.3668, -31.3833, 3.556909)
(22.59899, -47.64289, 11.38388)
(31.92079, -51.69452, -0.9350322)
(49.08598, -7.784569, -9.507745)
(19.44423, 7.469324, -5.516424)
(43.91035, -4.338866, 24.55173)
(36.39401, -17.63073, 9.289956)
(10.99818, -16.24155, 5.070745)
