(5.335433, 0.07746752, 5.923242)
(5.335623, 0.07762646, 5.923135)
(5.335987, 0.07823691, 5.922562)
(5.336199, 0.07780719, 5.923203)
(5.335454, 0.07659854, 5.924623)
(5.335856, 0.07629826, 5.92521)
(5.335928, 0.07489103, 5.926511)
(5.335734, 0.07545681, 5.92638)
(5.334934, 0.07549983, 5.926329)
(5.333918, 0.0741636, 5.927071)
(5.333514, 0.0743423, 5.926796)
(5.335295, 0.0762853, 5.924726)
(5.335249, 0.0770457, 5.923877)
(5.334131, 0.07643434, 5.924543)
(5.333071, 0.0744552, 5.926326)
(5.333068, 0.07388521, 5.926667)
(5.333369, 0.07483971, 5.925978)
(5.332854, 0.07476486, 5.925788)
(5.331961, 0.07316083, 5.926697)
(5.331707, 0.07381159, 5.92616)
(5.332335, 0.07465175, 5.925132)
(5.332472, 0.07479594, 5.924777)
(5.331917, 0.07449587, 5.925065)
(5.331287, 0.07322186, 5.926073)
(5.33088, 0.07285696, 5.926314)
(5.330936, 0.07307765, 5.926252)
(5.331046, 0.072291, 5.927062)
(5.330808, 0.07082651, 5.928117)
(5.330296, 0.07010746, 5.928718)
(5.330201, 0.07008281, 5.928415)
(5.330298, 0.07102442, 5.92723)
(5.330043, 0.07092471, 5.927152)
(5.329931, 0.07114935, 5.926904)
(5.329643, 0.07060679, 5.927281)
(5.329512, 0.07036363, 5.927727)
(5.329541, 0.06967488, 5.92831)
(5.32914, 0.06874055, 5.928927)
(5.328509, 0.06859554, 5.929036)
(5.328433, 0.06862608, 5.928784)
(5.328807, 0.06807779, 5.929161)
(5.328835, 0.06708182, 5.93021)
(5.328547, 0.06699312, 5.930236)
(5.327983, 0.06706201, 5.92976)
(5.327264, 0.06825525, 5.928566)
(5.326931, 0.06846513, 5.928483)
(5.326489, 0.06730852, 5.929337)
(5.326234, 0.06635845, 5.930364)
(5.325734, 0.06528516, 5.931286)
(5.326606, 0.06585593, 5.930607)
(5.32661, 0.06593333, 5.93069)
(5.326957, 0.06647672, 5.930165)
(5.325892, 0.06483011, 5.931586)
(5.325632, 0.06455272, 5.931875)
(5.325871, 0.06447702, 5.932159)
(5.325962, 0.06410629, 5.932469)
(5.325788, 0.06412763, 5.93286)
(5.325565, 0.06391527, 5.933152)
(5.325538, 0.06334612, 5.933489)
(5.325364, 0.06373414, 5.933434)
(5.325358, 0.06439169, 5.932867)
(5.324978, 0.06331719, 5.933636)
(5.324542, 0.06322609, 5.933609)
(5.324537, 0.06321806, 5.933405)
(5.325344, 0.06469761, 5.931755)
(5.32512, 0.06460198, 5.932024)
(5.324434, 0.06305701, 5.933551)
(5.324117, 0.06127533, 5.935077)
(5.3241, 0.06149399, 5.93507)
(5.322971, 0.06121029, 5.934775)
(5.323839, 0.06176267, 5.934102)
(5.325383, 0.06428232, 5.932323)
(5.324702, 0.06290418, 5.933979)
(5.322932, 0.05884889, 5.937435)
(5.323022, 0.05898215, 5.937655)
(5.323359, 0.06099442, 5.935707)
(5.324255, 0.06249153, 5.934344)
(5.32394, 0.06180724, 5.935018)
(5.322635, 0.05969504, 5.937086)
(5.321869, 0.05805402, 5.938279)
(5.322291, 0.0586537, 5.937897)
(5.323913, 0.06096854, 5.935833)
(5.323549, 0.06068416, 5.935845)
(5.322207, 0.05951796, 5.937028)
(5.321585, 0.0583619, 5.938165)
(5.32276, 0.05949082, 5.93705)
(5.322394, 0.05893938, 5.937815)
(5.322228, 0.05887157, 5.937838)
(5.321971, 0.05949013, 5.937185)
(5.32228, 0.05977382, 5.937354)
(5.322612, 0.05900323, 5.938194)
(5.322386, 0.05759751, 5.939417)
(5.32222, 0.05736872, 5.939888)
(5.321739, 0.05781346, 5.939336)
(5.321381, 0.05811274, 5.938769)
(5.321201, 0.05800266, 5.938865)
(5.321263, 0.05742556, 5.939113)
(5.322051, 0.05824737, 5.937981)
(5.321997, 0.05827075, 5.937973)
(5.321249, 0.05746082, 5.93838)
(5.320832, 0.05732596, 5.938242)
(5.321185, 0.05843902, 5.93723)
(5.32138, 0.05815476, 5.937517)
(5.321078, 0.05731091, 5.937951)
(5.320436, 0.0569688, 5.938198)
(5.320864, 0.05760673, 5.937289)
(5.32161, 0.05854364, 5.935929)
(5.320907, 0.05866468, 5.935624)
(5.320363, 0.05867006, 5.935497)
(5.32005, 0.05796526, 5.935757)
(5.320454, 0.05777832, 5.936052)
(5.320412, 0.05775026, 5.935853)
(5.319893, 0.05758988, 5.935455)
(5.320072, 0.05794937, 5.934995)
(5.320817, 0.05923309, 5.933688)
(5.320181, 0.05786685, 5.934333)
(5.319829, 0.05790929, 5.934499)
(5.319442, 0.0577742, 5.934037)
(5.31928, 0.0579242, 5.933372)
(5.319577, 0.05839553, 5.932698)
(5.319435, 0.05866417, 5.932208)
(5.319199, 0.05812183, 5.932359)
(5.319495, 0.05859686, 5.932049)
(5.318884, 0.05806288, 5.932177)
(5.31925, 0.05783238, 5.932397)
(5.319198, 0.05755806, 5.932774)
(5.319346, 0.05765865, 5.932669)
(5.319143, 0.05706426, 5.933154)
(5.318799, 0.0572067, 5.933106)
(5.318711, 0.05740578, 5.932831)
(5.318851, 0.05659823, 5.93343)
(5.319029, 0.0575978, 5.932631)
(5.31878, 0.05756264, 5.93259)
(5.318254, 0.05754876, 5.93215)
(5.318207, 0.05781319, 5.932068)
(5.318474, 0.05811882, 5.931869)
(5.318456, 0.05703202, 5.932618)
(5.318242, 0.05684591, 5.933072)
(5.31812, 0.05649513, 5.933343)
(5.318058, 0.05683958, 5.932821)
(5.317979, 0.05667736, 5.933064)
(5.31812, 0.05662221, 5.933251)
(5.317897, 0.0556364, 5.933918)
(5.317782, 0.05586686, 5.933656)
(5.317738, 0.05585159, 5.93364)
(5.317959, 0.05639243, 5.933045)
(5.317539, 0.05556943, 5.933817)
(5.317259, 0.05507588, 5.934299)
(5.317699, 0.05513559, 5.934049)
(5.31819, 0.05507837, 5.934461)
(5.317933, 0.05472341, 5.934824)
(5.31766, 0.05353945, 5.935804)
(5.3177, 0.05421269, 5.935259)
(5.317798, 0.054504, 5.93493)
(5.317563, 0.05432585, 5.934745)
(5.317577, 0.05436192, 5.934863)
(5.317269, 0.05393741, 5.934964)
(5.317053, 0.05392338, 5.934797)
(5.317369, 0.05467819, 5.934068)
(5.317194, 0.05536066, 5.933526)
(5.316953, 0.05368419, 5.935073)
(5.317192, 0.05362165, 5.935186)
(5.317332, 0.05431502, 5.934442)
(5.317065, 0.05391523, 5.934327)
(5.316991, 0.05460314, 5.933459)
(5.317154, 0.05531237, 5.932614)
(5.317214, 0.05494991, 5.932427)
(5.31673, 0.05493777, 5.932351)
(5.316478, 0.05530225, 5.931857)
(5.31623, 0.05473724, 5.932065)
(5.316449, 0.05423569, 5.932674)
(5.316598, 0.05412735, 5.932852)
(5.316648, 0.05389765, 5.932918)
(5.316702, 0.05415481, 5.932739)
(5.316615, 0.05438796, 5.93248)
(5.316747, 0.05382867, 5.933003)
(5.316586, 0.05316291, 5.933838)
(5.316723, 0.05321617, 5.933832)
(5.316819, 0.0534343, 5.933589)
(5.316881, 0.05266108, 5.934508)
(5.31706, 0.05246454, 5.934551)
(5.317172, 0.05207878, 5.934832)
(5.31743, 0.05278304, 5.934168)
(5.317286, 0.05265129, 5.934246)
(5.316871, 0.05247159, 5.934241)
(5.316739, 0.05270478, 5.934092)
(5.316816, 0.05296875, 5.933934)
(5.316808, 0.05228268, 5.934328)
(5.316806, 0.0524938, 5.93422)
(5.31707, 0.0521669, 5.934739)
(5.317197, 0.05212254, 5.934828)
(5.317149, 0.05174803, 5.935309)
(5.317176, 0.05175998, 5.93555)
(5.317248, 0.05198073, 5.935329)
(5.317314, 0.05271087, 5.934728)
(5.317099, 0.05291966, 5.934433)
(5.317157, 0.05234596, 5.934451)
(5.318047, 0.05485523, 5.932321)
(5.317387, 0.05517261, 5.931669)
(5.316685, 0.05362926, 5.93257)
(5.317482, 0.0552314, 5.930817)
(5.317116, 0.05551977, 5.929899)
(5.318715, 0.0587123, 5.927141)
(5.318751, 0.05942579, 5.926642)
(5.317594, 0.05654299, 5.929277)
(5.317841, 0.05630304, 5.928997)
(5.316771, 0.05705937, 5.927983)
(5.316925, 0.05839369, 5.925962)
(5.318508, 0.0610759, 5.922704)
(5.318741, 0.06193044, 5.921329)
(5.318564, 0.06378279, 5.918791)
(5.31802, 0.06348648, 5.918769)
(5.318566, 0.06407535, 5.917994)
(5.31977, 0.0642689, 5.917678)
(5.319902, 0.06313194, 5.918175)
(5.318087, 0.06342515, 5.916433)
(5.317406, 0.06829409, 5.910548)
(5.317276, 0.07161431, 5.906448)
(5.319788, 0.07500722, 5.902854)
(5.32114, 0.07637022, 5.901425)
(5.31852, 0.07249548, 5.905707)
(5.316221, 0.06989779, 5.908121)
(5.31531, 0.06811932, 5.910091)
(5.315924, 0.06722973, 5.911683)
(5.31813, 0.06712549, 5.913314)
(5.317333, 0.064804, 5.916507)
(5.315992, 0.06193951, 5.919669)
(5.314464, 0.06057026, 5.921517)
(5.31476, 0.06082198, 5.922265)
(5.315647, 0.05968148, 5.923949)
(5.314813, 0.0569382, 5.927125)
(5.313001, 0.05315169, 5.931706)
(5.312453, 0.05125904, 5.9361)
(5.31404, 0.04723435, 5.942284)
(5.315803, 0.0416214, 5.949445)
(5.320052, 0.03273859, 5.96156)
(5.320699, 0.02405069, 5.971967)
(5.321415, 0.02087299, 5.975878)
(5.321051, 0.03232509, 5.960655)
(5.322158, 0.03521284, 5.956722)
(5.321537, 0.03902042, 5.952698)
(5.319158, 0.03912611, 5.951122)
(5.316615, 0.03585805, 5.952204)
(5.316527, 0.03846715, 5.949162)
(5.317769, 0.04274151, 5.94662)
(5.319616, 0.03967767, 5.949889)
(5.319109, 0.03601525, 5.953462)
(5.320426, 0.03750984, 5.951415)
(5.321463, 0.03978133, 5.948523)
(5.31995, 0.04272556, 5.944244)
(5.318231, 0.04419961, 5.940567)
(5.317397, 0.04637478, 5.937549)
(5.316872, 0.04890268, 5.934512)
(5.316864, 0.04868438, 5.933939)
(5.31668, 0.04734292, 5.934896)
(5.315717, 0.04696945, 5.934659)
(5.31478, 0.04817028, 5.933234)
(5.315303, 0.04982362, 5.9315)
(5.316698, 0.04907583, 5.932246)
(5.316895, 0.04774489, 5.932991)
(5.315714, 0.04757013, 5.931804)
(5.314278, 0.05294537, 5.926335)
(5.312675, 0.05599165, 5.921642)
(5.311886, 0.05512054, 5.921695)
(5.310184, 0.05327901, 5.92295)
(5.311659, 0.05071165, 5.92556)
(5.314025, 0.05042766, 5.926982)
(5.315315, 0.04855231, 5.929656)
(5.31362, 0.04454025, 5.932465)
(5.31193, 0.04082938, 5.935557)
(5.31144, 0.03967228, 5.936379)
(5.312037, 0.0394062, 5.934771)
(5.313624, 0.04460003, 5.929328)
(5.312508, 0.04528517, 5.928481)
(5.309961, 0.04189391, 5.930807)
(5.30695, 0.04039611, 5.930179)
(5.303807, 0.04422184, 5.92474)
(5.300033, 0.04628366, 5.920148)
(5.29645, 0.04710887, 5.919086)
(5.295606, 0.04724684, 5.920062)
(5.297912, 0.04521688, 5.922261)
(5.304084, 0.04125968, 5.926699)
(5.305628, 0.03986713, 5.929002)
(5.303845, 0.03298631, 5.936773)
(5.304272, 0.02958233, 5.940749)
(5.306644, 0.0293567, 5.942293)
(5.309029, 0.02860663, 5.942863)
(5.312287, 0.03004114, 5.940773)
(5.314036, 0.02850975, 5.94193)
(5.317312, 0.02832505, 5.942327)
(5.321967, 0.03168619, 5.940578)
(5.326918, 0.03225593, 5.941304)
(5.331375, 0.02388022, 5.952854)
(5.336148, 0.01625128, 5.961096)
(5.34462, 0.01213521, 5.965382)
(5.355265, 0.01936971, 5.960366)
(5.370957, 0.03009759, 5.953984)
(5.392282, 0.03221479, 5.957179)
(5.413589, 0.03616377, 5.957794)
(5.464229, 0.04785671, 5.956126)
(5.52756, 0.08104018, 5.942504)
(5.599377, 0.08147257, 5.955072)
(5.638792, 0.09766612, 5.966139)
(5.667116, 0.08964341, 6.009908)
(5.777747, 0.05180523, 6.059515)
(5.901473, 0.01909366, 6.087674)
(5.947791, 0.04291541, 6.052217)
(5.997743, 0.06320391, 6.042843)
(6.055204, 0.129609, 6.010454)
(6.048862, 0.1858414, 5.976043)
(5.93669, 0.27633, 5.918129)
(6.005244, 0.3552414, 5.906691)
(6.167022, 0.2827952, 5.933807)
(6.089489, 0.2782405, 5.881597)
(6.037922, 0.2481035, 5.778244)
(6.048763, 0.2176422, 5.684679)
(6.055738, 0.1967554, 5.610465)
(6.07244, 0.1472698, 5.542358)
(6.065689, 0.1214899, 5.493374)
(6.057658, 0.1166229, 5.455434)
(6.042626, 0.1207647, 5.428391)
(6.036681, 0.1515417, 5.421319)
(6.058825, 0.171335, 5.434927)
(6.060055, 0.1870842, 5.436727)
(6.069464, 0.2111039, 5.431804)
(6.076608, 0.229684, 5.431979)
(6.043559, 0.2284104, 5.444736)
(6.003313, 0.2248543, 5.453828)
(5.923751, 0.193759, 5.46636)
(5.85945, 0.1859229, 5.470653)
(5.767783, 0.1792908, 5.487335)
(5.706617, 0.1643429, 5.514398)
(5.648494, 0.1556019, 5.533198)
(5.59042, 0.1636703, 5.53658)
(5.534116, 0.176091, 5.537257)
(5.478297, 0.1884116, 5.542838)
(5.420147, 0.1873544, 5.558736)
(5.355196, 0.1989348, 5.569504)
(5.296413, 0.2034434, 5.579958)
(5.243608, 0.2037189, 5.599181)
(5.205482, 0.1993273, 5.626828)
(5.17817, 0.2043352, 5.645888)
(5.159118, 0.2088903, 5.664068)
(5.1432, 0.202962, 5.69556)
(5.151609, 0.1955072, 5.731979)
(5.16726, 0.1832275, 5.770581)
(5.20582, 0.1619603, 5.825135)
(5.198807, 0.1357098, 5.872493)
(5.145308, 0.1690973, 5.857043)
(5.10526, 0.266674, 5.752909)
(5.109107, 0.3121291, 5.698242)
(5.118397, 0.2764138, 5.733223)
(5.1272, 0.2713961, 5.741313)
(5.190593, 0.2263091, 5.793657)
(5.271036, 0.1929738, 5.846245)
(5.276294, 0.2189482, 5.811115)
(5.301994, 6.134796, 6.112782)
(5.224385, 0.1800374, 5.840337)
(5.134252, 0.540958, 5.427994)
(5.076315, 0.4151831, 5.505744)
(5.106653, 0.3053918, 5.695899)
(5.175989, 0.19089, 5.776139)
(5.302011, 0.01893328, 5.942132)
(5.399091, 6.217207, 6.029959)
(5.525312, 0.009525584, 5.979222)
(5.504083, 0.09182575, 5.92115)
(5.323566, 6.262171, 6.017858)
(5.234094, 6.252567, 5.999813)
(5.181241, 6.178566, 6.030266)
(5.162287, 6.190089, 6.011044)
(5.244175, 0.009966158, 5.953146)
(5.314047, 0.1050866, 5.874598)
(5.358599, 0.1102505, 5.870035)
(5.359393, 0.009687081, 5.954369)
(5.344563, 6.279112, 5.97085)
(5.320528, 6.246043, 6.005001)
(5.2978, 6.279876, 5.964004)
(5.302795, 0.02997779, 5.929189)
(5.306687, 0.05109116, 5.913503)
(5.307637, 0.05596395, 5.907469)
(5.307835, 0.02390348, 5.937505)
(5.310558, 0.008822891, 5.951102)
(5.319344, 0.003144915, 5.955612)
(5.313495, 0.005803675, 5.951602)
(5.310127, 0.0232597, 5.93564)
(5.311906, 0.03851259, 5.921759)
(5.317877, 0.04548622, 5.915872)
(5.320244, 0.03674321, 5.922339)
(5.314048, 0.02611807, 5.932287)
(5.309542, 0.01438237, 5.943558)
(5.315355, 0.01602849, 5.942713)
(5.320291, 0.02435123, 5.935469)
(5.320982, 0.02863597, 5.931225)
(5.313844, 0.02805263, 5.930124)
(5.309454, 0.02847521, 5.926956)
(5.315324, 0.03411557, 5.922713)
(5.322108, 0.03966814, 5.916739)
(5.327096, 0.03645865, 5.919732)
(5.319073, 0.02830929, 5.925404)
(5.31213, 0.02711503, 5.924972)
(5.309619, 0.0370499, 5.914587)
(5.309521, 0.04717553, 5.904766)
(5.310245, 0.05493012, 5.896301)
(5.304012, 0.05012078, 5.897989)
(5.299184, 0.04448002, 5.903275)
(5.299129, 0.04508831, 5.90344)
(5.312199, 0.04722585, 5.903477)
(5.320781, 0.04455126, 5.906668)
(5.318552, 0.03939031, 5.913625)
(5.305214, 0.03336193, 5.918036)
(5.297472, 0.0302103, 5.919861)
(5.295468, 0.0349995, 5.913623)
(5.302653, 0.03659328, 5.911696)
(5.309524, 0.04034428, 5.909099)
(5.313385, 0.03929053, 5.911002)
(5.312503, 0.0605215, 5.8877)
(5.332, 0.01054463, 5.94613)
(5.373601, 0.03542447, 5.927535)
(5.259766, 0.01235617, 5.935647)
(5.253416, 0.0007278765, 5.940165)
(5.285441, 0.05307055, 5.889512)
(5.333577, 0.06072281, 5.896861)
(5.346214, 0.03495205, 5.917423)
(5.329587, 0.01316544, 5.940135)
(5.311018, 0.01846141, 5.930703)
(5.295562, 0.02201523, 5.924915)
(5.295655, 0.03128902, 5.916168)
(5.308673, 0.03452663, 5.916529)
(5.320248, 0.0308024, 5.922173)
(5.322145, 0.01560985, 5.939079)
(5.319888, 0.01152017, 5.94299)
(5.309785, 0.008560441, 5.946081)
(5.308354, 0.01344182, 5.941389)
(5.313789, 0.02089914, 5.934851)
(5.316424, 0.02137971, 5.9343)
(5.313172, 0.01351406, 5.940869)
(5.311861, 0.01285649, 5.94007)
(5.310517, 0.01299278, 5.938894)
(5.313652, 0.01713039, 5.935808)
(5.318613, 0.02437326, 5.92872)
(5.318956, 0.02179798, 5.931528)
(5.315378, 0.01740537, 5.934925)
(5.313261, 0.01743956, 5.934182)
(5.312753, 0.02173739, 5.930227)
(5.311168, 0.0214412, 5.930297)
