(0.5334305, 1.393067, 0.3103878)
(0.5332679, 1.393013, 0.3103666)
(0.5331745, 1.392987, 0.3102131)
(0.5331632, 1.39278, 0.3100276)
(0.5331727, 1.392725, 0.3102157)
(0.5331022, 1.392649, 0.3105037)
(0.5330178, 1.392599, 0.3103421)
(0.5329174, 1.392591, 0.3101723)
(0.532618, 1.392686, 0.3099115)
(0.5325123, 1.392584, 0.3098586)
(0.5324807, 1.392434, 0.3096511)
(0.5323126, 1.392411, 0.3093562)
(0.5322216, 1.39246, 0.309164)
(0.5318798, 1.392712, 0.309464)
(0.5318581, 1.392682, 0.3092945)
(0.5319908, 1.39247, 0.3088665)
(0.5318525, 1.392291, 0.3087091)
(0.5313879, 1.392137, 0.3079123)
(0.5312715, 1.392072, 0.3077211)
(0.5307674, 1.39236, 0.3077655)
(0.5304291, 1.392139, 0.3073354)
(0.5302205, 1.392124, 0.3070748)
(0.5300397, 1.392094, 0.3068569)
(0.5305586, 1.392074, 0.3071551)
(0.5299007, 1.392422, 0.3080382)
(0.5297219, 1.392416, 0.3078997)
(0.5295331, 1.392449, 0.3077385)
(0.5293208, 1.392194, 0.3078351)
(0.5290053, 1.392129, 0.307466)
(0.5286484, 1.392154, 0.3075545)
(0.5284429, 1.392144, 0.3074615)
(0.5284783, 1.392454, 0.3077075)
(0.5282599, 1.392403, 0.307621)
(0.5280589, 1.392353, 0.307544)
(0.5274693, 1.392252, 0.3072963)
(0.5272195, 1.392042, 0.3072584)
(0.5269623, 1.392025, 0.3071496)
(0.5265603, 1.392085, 0.3070805)
(0.5261467, 1.391975, 0.3069749)
(0.5258591, 1.39187, 0.3068783)
(0.5252779, 1.39167, 0.3065429)
(0.5247695, 1.391369, 0.3056676)
(0.525087, 1.390929, 0.3047249)
(0.5246992, 1.390802, 0.3044989)
(0.5243319, 1.390532, 0.3043423)
(0.5242651, 1.390521, 0.3046463)
(0.5239286, 1.390607, 0.3042603)
(0.5232198, 1.390298, 0.3037028)
(0.5227298, 1.390113, 0.3035293)
(0.5228031, 1.39022, 0.3037224)
(0.5223809, 1.390085, 0.3035235)
(0.5219133, 1.389951, 0.3033745)
(0.5214816, 1.389897, 0.3031945)
(0.5209508, 1.389733, 0.3030281)
(0.520357, 1.389571, 0.303102)
(0.5201681, 1.389609, 0.3029706)
(0.5194179, 1.389603, 0.3030927)
(0.5185665, 1.389372, 0.3028133)
(0.5180355, 1.389232, 0.3030894)
(0.5173469, 1.388883, 0.3034887)
(0.5169827, 1.388921, 0.3039827)
(0.5163332, 1.388806, 0.3042181)
(0.5153722, 1.388679, 0.3038456)
(0.5147378, 1.388445, 0.3041186)
(0.513889, 1.388229, 0.3042896)
(0.5133374, 1.388007, 0.3041511)
(0.5121163, 1.387471, 0.30428)
(0.511107, 1.387037, 0.3041608)
(0.5103801, 1.386527, 0.3040707)
(0.5095286, 1.386382, 0.3042965)
(0.5086213, 1.386145, 0.3046348)
(0.5076517, 1.385818, 0.3049235)
(0.5068388, 1.385896, 0.3050303)
(0.5054644, 1.385687, 0.3055844)
(0.5042301, 1.385149, 0.3058391)
(0.5031189, 1.384697, 0.306191)
(0.501835, 1.383963, 0.306587)
(0.5007617, 1.383341, 0.3066881)
(0.499503, 1.382848, 0.3069298)
(0.498158, 1.382322, 0.3070645)
(0.4964869, 1.381856, 0.3075273)
(0.4951025, 1.381369, 0.3076746)
(0.4934886, 1.380968, 0.3082035)
(0.4921393, 1.380525, 0.3085995)
(0.4907287, 1.380096, 0.3088)
(0.4893583, 1.379575, 0.3091197)
(0.4878851, 1.378977, 0.3093901)
(0.4865073, 1.378255, 0.3097005)
(0.4851823, 1.377608, 0.3100066)
(0.4838036, 1.37698, 0.3104343)
(0.4824306, 1.37628, 0.3107817)
(0.4809731, 1.37585, 0.3112941)
(0.4798154, 1.37536, 0.3117907)
(0.4785067, 1.374695, 0.3120072)
(0.4769756, 1.374241, 0.3126502)
(0.4758162, 1.373611, 0.3131113)
(0.4746937, 1.373127, 0.3133194)
(0.4732319, 1.372589, 0.3137147)
(0.4722223, 1.37202, 0.3141613)
(0.4709661, 1.371253, 0.3143175)
(0.4698009, 1.370778, 0.3146539)
(0.4688976, 1.370389, 0.3150718)
(0.467703, 1.369739, 0.3153903)
(0.4663818, 1.369429, 0.3158786)
(0.4653929, 1.369132, 0.3163221)
(0.4641266, 1.368576, 0.3165998)
(0.4628712, 1.368223, 0.3169935)
(0.4617821, 1.367808, 0.3174818)
(0.4605837, 1.367272, 0.3176072)
(0.4593097, 1.36687, 0.3180752)
(0.458293, 1.366469, 0.3185515)
(0.4571322, 1.365958, 0.3188615)
(0.4559293, 1.36555, 0.3193579)
(0.4549057, 1.365106, 0.3198195)
(0.4537941, 1.364483, 0.3202908)
(0.4526079, 1.363974, 0.3206551)
(0.451648, 1.363403, 0.3211758)
(0.4505835, 1.362959, 0.3212886)
(0.4493494, 1.362553, 0.3217254)
(0.4483118, 1.362124, 0.322154)
(0.4470744, 1.361452, 0.3221955)
(0.4459565, 1.360891, 0.3224154)
(0.4449115, 1.36032, 0.3227973)
(0.4437089, 1.359892, 0.3228142)
(0.4423635, 1.359436, 0.3230269)
(0.4410865, 1.359092, 0.3232114)
(0.4398, 1.35856, 0.3236148)
(0.4385238, 1.358207, 0.3238535)
(0.4374599, 1.357858, 0.3241372)
(0.4363165, 1.35763, 0.3241687)
(0.4351928, 1.357307, 0.3242652)
(0.4340198, 1.357073, 0.3243668)
(0.4328167, 1.35669, 0.3244712)
(0.4314938, 1.356408, 0.3246808)
(0.4303434, 1.35616, 0.3247564)
(0.4293721, 1.356003, 0.3248937)
(0.4283288, 1.355838, 0.3248644)
(0.4271209, 1.355744, 0.324806)
(0.4260132, 1.355618, 0.3247979)
(0.4248149, 1.355591, 0.3247554)
(0.4234879, 1.355581, 0.3247964)
(0.4223638, 1.355596, 0.3248637)
(0.4209239, 1.355378, 0.3250215)
(0.4196892, 1.355086, 0.3251696)
(0.4184647, 1.354747, 0.3252969)
(0.4172277, 1.354447, 0.3254306)
(0.416194, 1.354145, 0.3255043)
(0.415098, 1.353777, 0.3255928)
(0.4140608, 1.353604, 0.3256738)
(0.4131742, 1.353633, 0.3257427)
(0.4123414, 1.353801, 0.325588)
(0.4113951, 1.353846, 0.3254666)
(0.4105365, 1.353784, 0.3254607)
(0.4098046, 1.353612, 0.3254087)
(0.4091711, 1.353296, 0.3252745)
(0.4084728, 1.353027, 0.3252175)
(0.4079072, 1.352582, 0.3252027)
(0.4072442, 1.352387, 0.3252716)
(0.4068398, 1.352225, 0.3252618)
(0.4064806, 1.352282, 0.3251269)
(0.406059, 1.352268, 0.3250411)
(0.4056556, 1.352344, 0.3250062)
(0.40534, 1.352356, 0.3248901)
(0.4051881, 1.352372, 0.3248332)
(0.4050939, 1.352329, 0.3247879)
(0.4050083, 1.352122, 0.3248403)
(0.4048526, 1.352215, 0.3249471)
(0.4048839, 1.35224, 0.3249059)
(0.4050679, 1.352822, 0.3244658)
(0.4050984, 1.352846, 0.3243217)
(0.4052503, 1.352762, 0.3241994)
(0.4053285, 1.352663, 0.3239219)
(0.4053974, 1.352617, 0.3236396)
(0.4056506, 1.352785, 0.323452)
(0.4058251, 1.353283, 0.3232422)
(0.4059362, 1.353583, 0.3230691)
(0.4062457, 1.354184, 0.3225358)
(0.4063487, 1.354633, 0.3221765)
(0.4066508, 1.354902, 0.3216565)
(0.4067757, 1.355101, 0.3214402)
(0.406903, 1.355147, 0.3212903)
(0.406832, 1.355508, 0.3212812)
(0.4069037, 1.355867, 0.3211801)
(0.406956, 1.356096, 0.3209598)
(0.4070599, 1.356304, 0.3207676)
(0.4072137, 1.3564, 0.3207545)
(0.4073527, 1.356647, 0.3205397)
(0.4074268, 1.356744, 0.3203783)
(0.4073465, 1.356892, 0.3202012)
(0.4074204, 1.357158, 0.3199084)
(0.4073462, 1.35738, 0.3198729)
(0.4073272, 1.357622, 0.3197894)
(0.4073243, 1.357781, 0.3196802)
(0.4073517, 1.358049, 0.3195608)
(0.4073949, 1.358338, 0.3195083)
(0.4074135, 1.358467, 0.319535)
(0.4075248, 1.358683, 0.3194902)
(0.4076381, 1.358829, 0.3195016)
(0.4077978, 1.359007, 0.3194766)
(0.4080064, 1.359051, 0.3194809)
(0.4081209, 1.359166, 0.3196423)
(0.4082513, 1.359465, 0.3196566)
(0.4083202, 1.3596, 0.3197534)
(0.4084294, 1.359751, 0.3200743)
(0.4085815, 1.359791, 0.3203585)
(0.4087505, 1.3599, 0.3205969)
(0.4090867, 1.359936, 0.3209686)
(0.4093521, 1.359992, 0.3212726)
(0.4095454, 1.360109, 0.321698)
(0.4097645, 1.360258, 0.3220737)
(0.4100921, 1.360646, 0.3222654)
(0.4104137, 1.360825, 0.3224759)
(0.4108717, 1.361154, 0.3229795)
(0.4111714, 1.361369, 0.3232832)
(0.4117076, 1.361506, 0.3234875)
(0.4121065, 1.361745, 0.3240449)
(0.4124753, 1.361978, 0.3243504)
(0.4128633, 1.362139, 0.3248448)
(0.4132409, 1.362255, 0.3253634)
(0.4136474, 1.362255, 0.3259323)
(0.4141119, 1.362322, 0.3263001)
(0.414525, 1.362423, 0.3268085)
(0.4150631, 1.362402, 0.3274069)
(0.4154229, 1.362415, 0.3279753)
(0.4158411, 1.362231, 0.3284979)
(0.4163589, 1.362335, 0.328815)
(0.41676, 1.362329, 0.3294759)
(0.4172914, 1.362369, 0.330044)
(0.4178283, 1.36259, 0.3305714)
(0.4184091, 1.36274, 0.3310993)
(0.4189303, 1.363158, 0.3319392)
(0.4195166, 1.363469, 0.3326545)
(0.4203086, 1.363664, 0.3333821)
(0.4209518, 1.363785, 0.3341775)
(0.4216743, 1.363958, 0.334909)
(0.4225059, 1.364022, 0.3358028)
(0.4231765, 1.364261, 0.3368628)
(0.4238391, 1.364644, 0.3378119)
(0.4245677, 1.364868, 0.3388271)
(0.4253786, 1.364928, 0.3398554)
(0.4261787, 1.364853, 0.3409894)
(0.4271498, 1.364712, 0.3421474)
(0.4280078, 1.36454, 0.3431818)
(0.4289584, 1.364512, 0.3441796)
(0.429924, 1.36454, 0.3454638)
(0.4307566, 1.364617, 0.3466859)
(0.4317212, 1.364745, 0.3478231)
(0.4327011, 1.364808, 0.3490691)
(0.4336984, 1.364811, 0.350374)
(0.4347782, 1.364784, 0.3516841)
(0.4360499, 1.364703, 0.3531275)
(0.4371901, 1.36467, 0.3545783)
(0.4383917, 1.364704, 0.35601)
(0.4396122, 1.364712, 0.3573825)
(0.4408805, 1.364827, 0.3589385)
(0.4420893, 1.364917, 0.36046)
(0.4433949, 1.364927, 0.3619831)
(0.4445117, 1.364926, 0.3635323)
(0.4457343, 1.364924, 0.3650863)
(0.4470956, 1.364922, 0.3668988)
(0.448446, 1.364786, 0.368696)
(0.4498501, 1.364674, 0.3702145)
(0.4514072, 1.364743, 0.3721974)
(0.4529402, 1.364898, 0.3738897)
(0.454435, 1.364971, 0.3757946)
(0.4560353, 1.365004, 0.3777263)
(0.4578416, 1.364905, 0.3794158)
(0.459286, 1.364943, 0.3813045)
(0.461072, 1.365009, 0.3834591)
(0.4630507, 1.365176, 0.385499)
(0.464692, 1.365308, 0.3875835)
(0.4664917, 1.365598, 0.389658)
(0.468128, 1.365784, 0.3918865)
(0.4699367, 1.365901, 0.3941553)
(0.4715639, 1.365933, 0.396312)
(0.473408, 1.36609, 0.3984194)
(0.4755248, 1.366191, 0.401077)
(0.4779223, 1.366221, 0.403682)
(0.4800032, 1.366352, 0.4062669)
(0.4823272, 1.366771, 0.4089365)
(0.4847175, 1.36695, 0.4116855)
(0.4868958, 1.367147, 0.4143331)
(0.4892613, 1.367285, 0.417228)
(0.49147, 1.367297, 0.4199166)
(0.4937134, 1.367399, 0.4227605)
(0.4961213, 1.367278, 0.4262035)
(0.4990908, 1.367395, 0.4295034)
(0.5016056, 1.367495, 0.4327078)
(0.5041506, 1.367347, 0.4357684)
(0.5071551, 1.367073, 0.4391623)
(0.5099275, 1.36657, 0.4421699)
(0.5127031, 1.366257, 0.4453874)
(0.5153369, 1.36595, 0.4488161)
(0.5179631, 1.365842, 0.452194)
(0.5208557, 1.366083, 0.4553859)
(0.5241208, 1.366475, 0.4589443)
(0.5270836, 1.367221, 0.4625096)
(0.5299355, 1.36785, 0.4661813)
(0.5328587, 1.368455, 0.469538)
(0.5354426, 1.369197, 0.4729211)
(0.5383457, 1.369998, 0.4765999)
(0.5412529, 1.370942, 0.480129)
(0.544157, 1.371972, 0.4837255)
(0.5470512, 1.372964, 0.4876151)
(0.5501654, 1.374503, 0.4917386)
(0.5528927, 1.375958, 0.4955287)
(0.5558097, 1.377616, 0.4992106)
(0.5586102, 1.37926, 0.5031192)
(0.5612601, 1.380818, 0.5069592)
(0.563966, 1.382833, 0.51073)
(0.5668, 1.384934, 0.5144899)
(0.5693471, 1.387342, 0.5183308)
(0.5721568, 1.390008, 0.5220239)
(0.5750394, 1.393087, 0.526051)
(0.5773667, 1.396232, 0.5299616)
(0.5798638, 1.399473, 0.5340028)
(0.5824127, 1.402782, 0.5377302)
(0.5848364, 1.40626, 0.5417092)
(0.5873493, 1.409604, 0.5455976)
(0.590026, 1.413133, 0.5491128)
(0.5924222, 1.417027, 0.5528986)
(0.5950086, 1.420873, 0.5567164)
(0.5977876, 1.425478, 0.560611)
(0.6000621, 1.429964, 0.5642321)
(0.602463, 1.434417, 0.567852)
(0.6052372, 1.438854, 0.5710409)
(0.6076392, 1.44344, 0.5744855)
(0.6101516, 1.448014, 0.5777142)
(0.6124612, 1.45263, 0.5807765)
(0.6145128, 1.457324, 0.5837421)
(0.6167492, 1.461815, 0.5867693)
(0.6188425, 1.466914, 0.589906)
(0.6207888, 1.471484, 0.5927427)
(0.6228011, 1.47595, 0.5952213)
(0.6245859, 1.480124, 0.5977056)
(0.6261605, 1.48408, 0.5998473)
(0.6278938, 1.488041, 0.6021302)
(0.6293825, 1.491803, 0.6042445)
(0.6310099, 1.495529, 0.6061532)
(0.6326188, 1.499795, 0.6076779)
(0.6340781, 1.50377, 0.6094041)
(0.6353791, 1.507382, 0.6110966)
(0.6366906, 1.511333, 0.6125312)
(0.6378322, 1.514884, 0.6139364)
(0.6387647, 1.518384, 0.6151278)
(0.6398542, 1.521946, 0.6163101)
(0.6407247, 1.525356, 0.6173606)
(0.641416, 1.528862, 0.6184103)
(0.6422958, 1.532354, 0.6194406)
(0.6429939, 1.536251, 0.6205175)
(0.643267, 1.539871, 0.621304)
(0.64386, 1.543394, 0.6221118)
(0.644219, 1.546931, 0.6228266)
(0.6444852, 1.550471, 0.6235509)
(0.6448781, 1.554092, 0.624191)
(0.6450983, 1.557706, 0.6248465)
(0.6450409, 1.56128, 0.6252239)
(0.6453269, 1.564787, 0.6258161)
(0.6455274, 1.568775, 0.6264639)
(0.6453422, 1.572369, 0.6268501)
(0.6455997, 1.575908, 0.6272452)
(0.6458089, 1.579394, 0.627558)
(0.6460258, 1.582865, 0.627914)
(0.6462111, 1.586377, 0.6282434)
(0.6464006, 1.589814, 0.6284595)
(0.6465834, 1.593215, 0.6285865)
(0.6465907, 1.596593, 0.6288342)
(0.6468036, 1.600089, 0.6289327)
(0.6470127, 1.60334, 0.6290572)
(0.6472462, 1.60662, 0.6290491)
(0.6474783, 1.60969, 0.6290405)
(0.6470141, 1.612707, 0.6291461)
(0.6473737, 1.615656, 0.6287928)
(0.6474724, 1.618549, 0.6287313)
(0.6470609, 1.621416, 0.6291502)
(0.6473575, 1.624129, 0.628768)
(0.6473989, 1.626957, 0.6286211)
(0.6471, 1.629431, 0.628933)
(0.6474667, 1.631861, 0.6285596)
(0.6476183, 1.634057, 0.6284342)
(0.6475883, 1.636102, 0.6283786)
(0.648108, 1.638205, 0.6278152)
(0.6483119, 1.640099, 0.6276684)
(0.648528, 1.641883, 0.6275346)
(0.6487755, 1.643343, 0.6275251)
(0.6486967, 1.64516, 0.6272635)
(0.6488591, 1.64668, 0.6272058)
(0.6490697, 1.648094, 0.6271603)
(0.6491468, 1.649581, 0.6273508)
(0.6489968, 1.650986, 0.6277208)
(0.6494282, 1.651973, 0.6275566)
(0.6495916, 1.653096, 0.6275539)
(0.6497424, 1.654131, 0.6275733)
(0.649725, 1.654742, 0.6278577)
(0.6499252, 1.655668, 0.6279869)
(0.6493477, 1.65659, 0.6286561)
(0.6499835, 1.657405, 0.6282234)
(0.6501337, 1.658358, 0.6283054)
(0.6502491, 1.658874, 0.6285052)
(0.6503801, 1.659441, 0.6286879)
(0.6503904, 1.660209, 0.6286626)
(0.6504945, 1.660693, 0.6288493)
(0.6505551, 1.661095, 0.6290655)
(0.6499552, 1.661575, 0.6298254)
(0.650363, 1.661721, 0.6296432)
(0.6503968, 1.662105, 0.6298485)
(0.6496526, 1.662382, 0.6307039)
(0.6499987, 1.662327, 0.6306422)
(0.6499568, 1.662324, 0.6308732)
(0.6498164, 1.662149, 0.6313188)
(0.6497087, 1.661938, 0.6317334)
(0.6497231, 1.662318, 0.631741)
(0.649647, 1.66226, 0.6320946)
(0.6495705, 1.662204, 0.6324184)
(0.6493773, 1.661906, 0.6327503)
(0.6490645, 1.661838, 0.6331317)
(0.6487942, 1.661364, 0.63345)
(0.6485572, 1.660959, 0.6338491)
(0.648358, 1.660454, 0.634088)
(0.6480658, 1.660144, 0.634573)
(0.6475703, 1.659651, 0.635592)
(0.6471878, 1.659431, 0.6362257)
(0.6462549, 1.659454, 0.6373727)
(0.6462914, 1.659335, 0.6375437)
(0.6457409, 1.659293, 0.6383951)
(0.6445558, 1.659287, 0.6397033)
(0.6443703, 1.659043, 0.6402926)
(0.6437604, 1.65887, 0.6412947)
(0.6422746, 1.658646, 0.6427863)
(0.6420704, 1.658124, 0.6434188)
(0.6413786, 1.65777, 0.6445634)
(0.6406672, 1.657477, 0.6460116)
(0.6405716, 1.65709, 0.6464789)
(0.6398375, 1.656742, 0.6476214)
(0.6388046, 1.656558, 0.6495066)
(0.6385098, 1.656054, 0.6503844)
(0.6378487, 1.655641, 0.651634)
(0.6369883, 1.655091, 0.6529269)
(0.6368837, 1.6545, 0.6536708)
(0.636342, 1.653886, 0.6550779)
(0.6354342, 1.653511, 0.6568408)
(0.6354315, 1.653091, 0.6577132)
(0.6348807, 1.652773, 0.6592162)
(0.6341227, 1.652353, 0.6608956)
(0.6340584, 1.651564, 0.6620879)
(0.6334914, 1.650963, 0.6636989)
(0.6326033, 1.650253, 0.6657765)
(0.6325302, 1.649488, 0.6668277)
(0.6318425, 1.648699, 0.6686304)
(0.6307023, 1.64819, 0.6709132)
(0.6304082, 1.647496, 0.672375)
(0.6296263, 1.64723, 0.6743326)
(0.6286565, 1.646966, 0.6765294)
(0.6283073, 1.64675, 0.6779726)
(0.6274557, 1.646444, 0.6800082)
(0.6261563, 1.646148, 0.6825614)
(0.6256908, 1.645522, 0.6843073)
(0.6247528, 1.645135, 0.68678)
(0.6233678, 1.644858, 0.6895328)
(0.6229146, 1.644328, 0.6914527)
(0.6220484, 1.643837, 0.6938784)
(0.6212945, 1.64326, 0.6960862)
(0.6210467, 1.642667, 0.6980462)
(0.6202351, 1.642095, 0.7005329)
(0.619437, 1.641548, 0.7031579)
(0.6186218, 1.641104, 0.7058859)
(0.6176963, 1.640679, 0.7089734)
(0.6168399, 1.640288, 0.711787)
(0.6161544, 1.639771, 0.7145698)
(0.6153375, 1.639324, 0.7174821)
(0.6145257, 1.638877, 0.7204204)
(0.6133881, 1.638533, 0.7239542)
(0.612869, 1.638036, 0.7267475)
(0.6120868, 1.637687, 0.7299378)
(0.6114893, 1.637278, 0.7328243)
(0.6106622, 1.6369, 0.7364638)
(0.6099305, 1.636539, 0.7399621)
(0.6097333, 1.636056, 0.7430246)
(0.609043, 1.635683, 0.7466636)
(0.608337, 1.635297, 0.7504001)
(0.6074835, 1.634867, 0.7541521)
(0.6070961, 1.634382, 0.7576416)
(0.6063495, 1.633959, 0.7616029)
(0.6056306, 1.633591, 0.7653592)
(0.6047232, 1.633287, 0.7697613)
(0.6037035, 1.633277, 0.7741642)
(0.6029309, 1.633094, 0.7781663)
(0.6019702, 1.633023, 0.7826204)
(0.6010301, 1.632916, 0.7870386)
(0.6003726, 1.632814, 0.7915945)
(0.5994438, 1.632723, 0.7962537)
(0.5984334, 1.632728, 0.8010001)
(0.5974857, 1.632831, 0.805722)
(0.5961967, 1.633114, 0.8109565)
(0.594601, 1.633599, 0.8158834)
(0.5933719, 1.634069, 0.8207107)
(0.591746, 1.635146, 0.8259087)
(0.5900064, 1.636533, 0.8311877)
(0.5878999, 1.638104, 0.8369355)
(0.5861425, 1.639628, 0.8419523)
(0.5841788, 1.641554, 0.847086)
(0.5816417, 1.643411, 0.8525691)
(0.5790057, 1.646096, 0.8584874)
(0.5761993, 1.64914, 0.8642793)
(0.5739008, 1.651721, 0.8695686)
(0.5713468, 1.655146, 0.8748837)
(0.569065, 1.658781, 0.8800623)
(0.5668268, 1.662523, 0.885047)
(0.5644586, 1.666269, 0.8901291)
(0.5620247, 1.670749, 0.8951144)
(0.5599452, 1.674557, 0.8998961)
(0.5573175, 1.679102, 0.905282)
(0.5548946, 1.683515, 0.9097424)
(0.5520775, 1.687809, 0.9147322)
(0.5504037, 1.691602, 0.918283)
(0.5482253, 1.695608, 0.9224167)
(0.5461798, 1.699502, 0.9258561)
(0.544216, 1.703341, 0.9296405)
(0.5420629, 1.707295, 0.9337511)
(0.5399036, 1.71126, 0.9378738)
(0.5375596, 1.715563, 0.9423482)
(0.5354075, 1.719514, 0.9464564)
(0.5355228, 1.72097, 0.9460988)
(0.5338557, 1.724274, 0.9490533)
(0.5324712, 1.727326, 0.9507761)
(0.530817, 1.731359, 0.9520848)
(0.5293882, 1.734803, 0.9533181)
(0.5285833, 1.738693, 0.9548113)
(0.5274336, 1.742606, 0.9560909)
(0.5259337, 1.746869, 0.9576862)
(0.5243493, 1.75107, 0.9594665)
(0.5228324, 1.755162, 0.9609673)
(0.5218424, 1.759081, 0.9621429)
(0.5205619, 1.763129, 0.9635723)
(0.5194502, 1.76652, 0.9644306)
(0.518335, 1.770303, 0.9657135)
(0.5173944, 1.773953, 0.9667509)
(0.5160551, 1.777806, 0.9681046)
(0.5154335, 1.78185, 0.9688253)
(0.5144269, 1.785871, 0.9698715)
(0.5132846, 1.789822, 0.9708302)
(0.5124215, 1.793965, 0.9716904)
(0.5115441, 1.798065, 0.9725802)
(0.510235, 1.802327, 0.9739218)
(0.5101604, 1.806322, 0.9738426)
(0.5092643, 1.810122, 0.9744527)
(0.5086074, 1.813668, 0.9751422)
(0.5076752, 1.817722, 0.9758883)
(0.5068362, 1.821233, 0.9765999)
(0.5053898, 1.824984, 0.9777191)
(0.5051118, 1.828907, 0.9777365)
(0.5046046, 1.832495, 0.9781432)
(0.5029172, 1.83619, 0.9798465)
(0.5031804, 1.839788, 0.9795897)
(0.5028625, 1.843158, 0.9799209)
(0.5017016, 1.846807, 0.9807906)
(0.5012826, 1.850427, 0.9811051)
(0.5009062, 1.853611, 0.9813905)
(0.5006928, 1.856921, 0.9815001)
(0.5003734, 1.859742, 0.9816504)
(0.5000554, 1.862639, 0.9818394)
(0.4988285, 1.865499, 0.9827709)
(0.499332, 1.867912, 0.982172)
(0.4992621, 1.870278, 0.9820914)
(0.4988827, 1.872614, 0.982492)
(0.4988475, 1.875152, 0.9823623)
(0.4987855, 1.87744, 0.9822962)
(0.4979706, 1.879963, 0.9824328)
(0.4979892, 1.8821, 0.9823661)
(0.4981114, 1.883969, 0.9822171)
(0.4983498, 1.886, 0.9818881)
(0.4985553, 1.887543, 0.981663)
(0.4988775, 1.888752, 0.9813561)
(0.4988925, 1.89016, 0.9812939)
(0.4992273, 1.8916, 0.980969)
(0.4998095, 1.892511, 0.9805799)
(0.4999378, 1.893659, 0.9807296)
(0.501092, 1.894666, 0.9797292)
(0.5016716, 1.895496, 0.9794281)
(0.5014997, 1.896274, 0.9795117)
(0.5021958, 1.89711, 0.9791214)
(0.5027485, 1.897655, 0.9790766)
(0.5031238, 1.898277, 0.9794714)
(0.5037296, 1.898761, 0.9793732)
(0.5035836, 1.899167, 0.9798269)
(0.5043188, 1.899477, 0.9795127)
(0.5049061, 1.899825, 0.9792933)
(0.5053792, 1.900168, 0.9792304)
(0.5064876, 1.900565, 0.9785171)
(0.5072033, 1.900989, 0.9782026)
(0.5077682, 1.901491, 0.9779696)
(0.5088748, 1.901834, 0.9772849)
(0.5098665, 1.902237, 0.9765775)
(0.5102245, 1.902519, 0.9763341)
(0.5104614, 1.902576, 0.9764442)
(0.5115297, 1.902641, 0.9757411)
(0.513037, 1.902605, 0.9747272)
(0.5144808, 1.902542, 0.9736495)
(0.5157046, 1.902439, 0.9727473)
(0.517053, 1.901926, 0.9718819)
(0.5188892, 1.901439, 0.9705942)
(0.5204831, 1.900727, 0.9696751)
(0.5217143, 1.899998, 0.9690447)
(0.5237789, 1.899456, 0.9676702)
(0.5252671, 1.898943, 0.9668655)
(0.5267279, 1.898542, 0.9660692)
(0.5280373, 1.898489, 0.9651794)
(0.5299014, 1.89849, 0.9639363)
(0.5310889, 1.899044, 0.9632094)
(0.532635, 1.899303, 0.9621785)
(0.5337472, 1.900008, 0.9614851)
(0.5346651, 1.900776, 0.9609263)
(0.5359384, 1.901172, 0.9601693)
(0.5367799, 1.901866, 0.9597054)
(0.5376658, 1.902422, 0.9592774)
(0.5389125, 1.902717, 0.9585657)
(0.5398557, 1.903042, 0.9581449)
(0.5408111, 1.903223, 0.9577513)
(0.5422233, 1.90334, 0.9570119)
(0.5432613, 1.903549, 0.9566913)
(0.5441871, 1.903766, 0.9564898)
(0.5455621, 1.904182, 0.9557526)
(0.5464294, 1.904462, 0.9556136)
(0.5472746, 1.904732, 0.9554155)
(0.5479333, 1.904998, 0.9553785)
(0.5492669, 1.90528, 0.9546962)
(0.5500143, 1.905541, 0.9545431)
(0.5506991, 1.905852, 0.9541297)
(0.5513403, 1.906213, 0.9539781)
(0.5518203, 1.906552, 0.9538689)
(0.5528383, 1.906881, 0.9536538)
(0.5532646, 1.907165, 0.9535668)
(0.5536941, 1.90738, 0.9534538)
(0.5539696, 1.907558, 0.9536107)
(0.5547638, 1.907527, 0.9532213)
(0.5552166, 1.907596, 0.953074)
(0.5555083, 1.907594, 0.9530861)
(0.5565759, 1.907771, 0.9522889)
(0.5568676, 1.907902, 0.9522083)
(0.5578208, 1.908111, 0.9515104)
(0.5580442, 1.908275, 0.9514654)
(0.5581876, 1.908429, 0.9514251)
(0.5580596, 1.908543, 0.9514787)
(0.5586607, 1.908532, 0.9509909)
(0.5585957, 1.908551, 0.9510338)
(0.5588633, 1.908609, 0.9507258)
(0.5587916, 1.908759, 0.9509556)
(0.558663, 1.908957, 0.9510608)
(0.5584505, 1.909144, 0.9511776)
(0.5588315, 1.909097, 0.9507084)
(0.5588349, 1.909228, 0.950779)
(0.5586079, 1.909113, 0.9510159)
(0.5590618, 1.908993, 0.9506149)
(0.5587312, 1.909042, 0.9508812)
(0.558412, 1.909076, 0.95104)
(0.5585958, 1.908959, 0.9505391)
(0.5581585, 1.908865, 0.9507573)
(0.5583007, 1.908688, 0.9502807)
(0.5578077, 1.908673, 0.9504764)
(0.5572201, 1.908693, 0.9507172)
(0.5571463, 1.908458, 0.950382)
(0.5564891, 1.908349, 0.9505873)
(0.5558589, 1.90821, 0.9508109)
(0.5558355, 1.908035, 0.9503109)
(0.5550234, 1.907778, 0.9506345)
(0.5542003, 1.90754, 0.950978)
(0.5537513, 1.907334, 0.950907)
(0.5528182, 1.907104, 0.95122)
