(313.6802, 135.2658, 315.4059)
(314.1138, 142.5421, 314.2639)
(310.4744, 148.6441, 314.0019)
(307.7863, 144.4702, 322.7445)
(309.9964, 138.5589, 329.9059)
(311.8797, 134.1635, 335.0403)
(314.1136, 128.5038, 341.0487)
(314.2386, 127.8529, 342.536)
(316.1479, 126.7035, 343.9803)
(321.4883, 123.6281, 346.8837)
(322.5829, 121.8545, 348.7083)
(325.1504, 119.8267, 350.9843)
(328.0889, 118.6772, 352.3933)
(329.5546, 117.8999, 353.3115)
(332.0522, 116.3317, 354.6271)
(334.0787, 115.8664, 354.7682)
(334.9823, 115.5371, 355.0105)
(336.0086, 114.9158, 355.4384)
(337.6414, 113.2983, 356.5592)
(337.6785, 112.1475, 357.3577)
(337.4813, 111.0863, 358.1244)
(334.8601, 107.5725, 0.1385064)
(334.416, 106.7141, 0.2709312)
(334.7603, 109.9118, 356.091)
