(341.4179, 331.3181, 7.40071)
(345.0761, 331.2169, 4.45666)
(348.3994, 329.3315, 2.101656)
(353.2313, 326.6808, 3.116277)
(358.9325, 326.9838, 6.472856)
(1.853333, 333.0659, 9.111979)
(3.669688, 337.6101, 12.70914)
(1.901063, 341.7414, 10.74779)
(356.9153, 345.5464, 9.478546)
(346.5515, 349.0076, 8.621498)
(338.9888, 351.4565, 7.680636)
(333.6777, 354.262, 6.180283)
(329.592, 355.5701, 5.173729)
(328.6579, 353.5351, 5.704867)
(331.3476, 349.5961, 7.780859)
(332.5421, 346.7524, 11.02568)
(330.99, 345.822, 13.52415)
(329.5165, 344.8091, 16.13894)
(328.2938, 343.135, 18.82564)
(326.183, 342.4012, 21.34298)
(324.3962, 341.5067, 24.31867)
(322.9579, 339.9503, 27.92994)
(322.1579, 338.7244, 30.98133)
(321.5322, 337.9358, 33.45436)
(320.2707, 337.4345, 35.22206)
(318.0815, 337.7758, 34.94831)
(316.4406, 336.5998, 36.27557)
(314.222, 334.361, 37.97195)
(311.2562, 331.6622, 40.22017)
(308.5558, 328.651, 42.70468)
(306.4313, 325.627, 45.15362)
(304.0228, 322.3958, 47.42612)
(301.9257, 320.3267, 48.80354)
(300.2637, 318.5011, 50.09114)
(299.2127, 316.2681, 51.9942)
(299.3551, 315.353, 53.06631)
(299.0709, 314.2636, 55.11336)
(297.9688, 311.5668, 58.45258)
(296.6771, 307.4253, 62.97115)
(295.1028, 302.0546, 68.04133)
(293.6863, 295.6647, 73.56403)
(292.7224, 291.8529, 76.46369)
(292.2626, 290.2687, 77.4241)
(292.1352, 289.2097, 78.06639)
(292.9917, 292.5412, 74.79177)
(294.2759, 295.7149, 72.55546)
(294.9987, 296.6908, 72.24345)
(294.9322, 294.8651, 75.19485)
(293.9446, 292.559, 76.13586)
(296.2334, 307.7502, 59.05491)
(295.7684, 315.2209, 51.01006)
(299.6425, 317.7027, 48.79031)
(305.2366, 317.6624, 48.67534)
