(340.1411, 1.726945, 8.305912)
(344.7494, 1.329175, 10.78898)
(347.1265, 1.06122, 12.95285)
(347.9958, 359.3302, 14.22846)
(349.2545, 354.6705, 15.84968)
(350.8658, 350.1289, 19.43393)
(353.2777, 340.4549, 26.37556)
(348.9716, 330.8118, 29.7227)
(341.9865, 334.5886, 29.5314)
(336.5649, 337.6605, 30.2049)
(330.4479, 344.7969, 24.35093)
(330.0826, 345.4787, 24.23802)
(331.8213, 343.7776, 25.67905)
(333.6768, 338.7598, 29.42958)
(335.0687, 335.095, 31.60823)
(336.3254, 331.9074, 32.20668)
(335.2457, 330.6745, 30.21129)
(333.9467, 329.3025, 27.58364)
(333.7022, 330.4883, 24.80671)
(333.8535, 330.5488, 23.96708)
(334.1339, 330.7734, 23.92082)
(333.7401, 332.0147, 23.84038)
(332.8756, 332.2141, 23.84495)
(328.8209, 333.7392, 22.73124)
(327.0362, 333.7122, 21.89163)
(325.0833, 333.2971, 20.75029)
(323.6845, 332.9091, 19.70646)
(322.4616, 332.6479, 18.2181)
(321.7082, 333.1732, 17.04914)
(320.4531, 334.1196, 15.99656)
(319.6039, 335.6705, 15.26045)
(318.4186, 337.8953, 13.74412)
(317.8357, 338.9779, 12.66942)
(315.5001, 341.5324, 8.748072)
(314.3436, 342.9544, 6.292402)
(313.5992, 344.4822, 3.244369)
(313.9821, 345.2519, 357.7867)
(313.9821, 345.2519, 357.7867)
(316.7188, 344.8082, 355.6332)
(324.5645, 344.537, 346.4297)
(323.547, 345.7361, 341.6361)
(321.729, 346.7437, 337.9406)
(322.6983, 343.8727, 336.7108)
(323.5551, 340.7513, 336.1173)
(323.2767, 336.2209, 338.6123)
(324.0623, 333.9893, 339.324)
(328.6459, 335.2368, 336.13)
(333.6154, 337.7102, 330.4057)
