(-0.02472329, -0.116539, -0.6016772)
(-0.02483988, -0.1167407, -0.6024003)
(-0.02518129, -0.1168377, -0.6024567)
(-0.02538633, -0.1172791, -0.6027472)
(-0.02577758, -0.1174102, -0.6027659)
(-0.0264833, -0.1179123, -0.6026484)
(-0.02683449, -0.1182377, -0.6025665)
(-0.02703261, -0.1185873, -0.6025716)
(-0.02723074, -0.1186757, -0.6027341)
(-0.02737951, -0.118896, -0.6031961)
(-0.02868032, -0.1185896, -0.6025276)
(-0.02910948, -0.1190436, -0.6027302)
(-0.02920151, -0.1196873, -0.6029586)
(-0.02942061, -0.1195657, -0.6028293)
(-0.02945733, -0.1194479, -0.6027085)
(-0.0294199, -0.1192729, -0.6026404)
(-0.02927351, -0.1195576, -0.6031575)
(-0.0292964, -0.1195009, -0.6031008)
(-0.02935004, -0.119282, -0.6029836)
(-0.02963018, -0.1193056, -0.6033614)
(-0.02974105, -0.1190052, -0.6032619)
(-0.02980471, -0.118892, -0.6034548)
(-0.02964973, -0.1189151, -0.6038687)
(-0.02964735, -0.1187272, -0.6038306)
(-0.0296104, -0.1185255, -0.6037762)
(-0.0288167, -0.1189284, -0.6045203)
(-0.02881575, -0.1187739, -0.6043847)
(-0.02879238, -0.1186502, -0.6041858)
(-0.02882743, -0.1185865, -0.604277)
(-0.0287931, -0.1184049, -0.6041043)
(-0.02886271, -0.1182764, -0.6040078)
(-0.02849579, -0.118048, -0.6043507)
(-0.02846932, -0.1179438, -0.6042513)
(-0.02846622, -0.1178386, -0.6041037)
(-0.02875662, -0.1174579, -0.6032951)
(-0.02880406, -0.1173394, -0.6031184)
(-0.02880311, -0.1173148, -0.6030264)
(-0.02874875, -0.1170228, -0.6028528)
(-0.02871752, -0.1168933, -0.6025716)
(-0.0282805, -0.1171174, -0.60268)
(-0.0278554, -0.117003, -0.6032078)
(-0.02780366, -0.1168571, -0.6029152)
(-0.02780938, -0.1169779, -0.6030145)
(-0.02792692, -0.1168768, -0.602785)
(-0.02801633, -0.1167648, -0.6023824)
(-0.02793264, -0.1164641, -0.6019599)
(-0.02791142, -0.1163487, -0.6016713)
(-0.02792358, -0.1161175, -0.6011516)
(-0.02802229, -0.1162782, -0.6012731)
(-0.02795029, -0.1165185, -0.6015186)
(-0.027987, -0.1166613, -0.6016147)
(-0.02759767, -0.1169462, -0.6018176)
(-0.02743816, -0.1172988, -0.6018009)
(-0.02756476, -0.1177189, -0.6014732)
(-0.02773237, -0.1180205, -0.6009866)
(-0.02818704, -0.1180429, -0.5999088)
(-0.02834463, -0.1179547, -0.5992632)
(-0.02915788, -0.1177816, -0.5996796)
(-0.0299263, -0.1173179, -0.5992521)
(-0.02991128, -0.1174738, -0.5996275)
(-0.02903771, -0.1182904, -0.6004816)
(-0.02956271, -0.1175323, -0.5990851)
(-0.02946424, -0.1174109, -0.5989065)
(-0.02967143, -0.1174853, -0.5988474)
(-0.02932549, -0.1179249, -0.5995041)
(-0.0295465, -0.1179488, -0.5992179)
(-0.02882814, -0.1183231, -0.5994805)
(-0.02838874, -0.1182628, -0.5998222)
(-0.02816248, -0.1179638, -0.5993319)
(-0.02777481, -0.1179216, -0.599092)
(-0.02777457, -0.1176476, -0.5981395)
(-0.02763915, -0.117357, -0.597374)
(-0.02749181, -0.1169868, -0.5965564)
(-0.02734828, -0.1165986, -0.5959634)
(-0.0271697, -0.116143, -0.5951433)
(-0.02681303, -0.115788, -0.5944313)
(-0.02650738, -0.1149821, -0.5934553)
(-0.02635574, -0.1136687, -0.5918688)
(-0.02687001, -0.1115348, -0.5896418)
(-0.02736664, -0.1093695, -0.5871575)
(-0.02818394, -0.1061103, -0.5838623)
(-0.0284884, -0.1032097, -0.5806797)
(-0.02877498, -0.09831262, -0.5759474)
(-0.02968121, -0.09271574, -0.5697204)
(-0.03098297, -0.08335948, -0.5585891)
(-0.0327239, -0.07432508, -0.5473182)
(-0.03358436, -0.06510639, -0.5396833)
(-0.03450561, -0.0536592, -0.5302229)
(-0.03574443, -0.04229164, -0.5212555)
(-0.03595829, -0.02457809, -0.5119681)
(-0.03715801, -0.007288456, -0.5036561)
(-0.03800058, 0.01020551, -0.4936934)
(-0.03659534, 0.02806473, -0.4849912)
(-0.0337491, 0.05204558, -0.4724536)
(-0.03328228, 0.07150316, -0.4599199)
(-0.0316534, 0.0944612, -0.447485)
(-0.0310185, 0.1150837, -0.4355518)
(-0.0308156, 0.1343217, -0.4234819)
(-0.03136539, 0.1533175, -0.4107684)
(-0.03120279, 0.1718199, -0.3981476)
(-0.03121471, 0.1891669, -0.3854592)
(-0.0314846, 0.207742, -0.3718957)
(-0.03113461, 0.2229962, -0.3582495)
(-0.0304575, 0.2382048, -0.3458204)
(-0.03080535, 0.2541165, -0.3305421)
(-0.03007722, 0.2659714, -0.3172009)
(-0.02926874, 0.2790453, -0.3050725)
(-0.02993035, 0.2874564, -0.2916449)
(-0.02956581, 0.2962759, -0.2785529)
(-0.02896237, 0.3024336, -0.266778)
(-0.02978706, 0.3081958, -0.2539269)
(-0.02950692, 0.3076537, -0.2422224)
(-0.02898836, 0.309631, -0.2308526)
(-0.03023958, 0.3077337, -0.2168784)
(-0.03031874, 0.3036518, -0.2045822)
(-0.03009391, 0.300625, -0.1925218)
(-0.03125429, 0.2938449, -0.1797131)
(-0.03175306, 0.2855396, -0.1674101)
(-0.03181839, 0.2761474, -0.1553316)
(-0.03247142, 0.2667564, -0.1427829)
(-0.03254104, 0.2544357, -0.1302541)
(-0.03261113, 0.2406055, -0.1175683)
(-0.03258944, 0.224834, -0.1040554)
(-0.03242779, 0.2089264, -0.09164977)
(-0.03269863, 0.1932538, -0.07919025)
(-0.03316307, 0.1750809, -0.06726873)
(-0.03391051, 0.1585034, -0.05546796)
(-0.03493547, 0.1401396, -0.04328191)
(-0.0351975, 0.1231673, -0.03193903)
(-0.035465, 0.105638, -0.02134097)
(-0.03650165, 0.08700967, -0.01006043)
(-0.03653884, 0.06847906, 0.0009064674)
(-0.0361855, 0.05178738, 0.008317947)
(-0.03732157, 0.03466296, 0.0174427)
(-0.03803515, 0.02033377, 0.02222562)
(-0.03866529, 0.005972862, 0.02808189)
(-0.0410533, -0.007029772, 0.03410208)
(-0.04139471, -0.01872659, 0.0377171)
(-0.04122639, -0.02820182, 0.03879094)
(-0.04250264, -0.03821707, 0.04168105)
(-0.04225016, -0.04734087, 0.04061222)
(-0.04196739, -0.05512166, 0.03785276)
(-0.04371548, -0.06449819, 0.03847539)
(-0.04368401, -0.07137465, 0.03368855)
(-0.04275036, -0.07779551, 0.02788842)
(-0.04299307, -0.08394861, 0.02218151)
(-0.04304171, -0.08944464, 0.01608038)
(-0.04229069, -0.0937233, 0.007538915)
(-0.04404306, -0.09331036, 0.002840042)
(-0.04614258, -0.09656024, 0.003335118)
(-0.04456973, -0.09611964, 0.009251118)
(-0.0412519, -0.09579635, 0.01740074)
(-0.04556394, -0.08786464, 0.02227426)
(-0.04796433, -0.08566546, 0.02627325)
(-0.04977536, -0.08620834, 0.02514696)
(-0.05035377, -0.08804464, 0.02512407)
(-0.05063295, -0.09028053, 0.0242579)
(-0.04930854, -0.09198713, 0.02075863)
(-0.04960299, -0.09314179, 0.0196209)
(-0.0494225, -0.09273767, 0.01882911)
(-0.04827523, -0.09203529, 0.01710594)
(-0.04862404, -0.09089351, 0.01829875)
(-0.04944372, -0.09049892, 0.01985514)
(-0.04935169, -0.09080291, 0.01891899)
(-0.05015278, -0.09117222, 0.01938629)
(-0.05065536, -0.09131622, 0.01910746)
(-0.0497694, -0.09117341, 0.01727343)
(-0.04983664, -0.09015703, 0.01668692)
(-0.04931593, -0.08995199, 0.01605272)
(-0.04919577, -0.08971667, 0.0158658)
(-0.04943228, -0.089468, 0.01591742)
(-0.0490849, -0.08971286, 0.01540542)
(-0.04867077, -0.08976769, 0.01495743)
(-0.04872727, -0.08938718, 0.01510608)
(-0.0489192, -0.08904219, 0.01534295)
(-0.04790759, -0.08980012, 0.01416957)
(-0.0480876, -0.08973265, 0.01434493)
(-0.04820752, -0.08961415, 0.01456726)
(-0.04702187, -0.09055328, 0.01311123)
(-0.04715347, -0.09036398, 0.0134244)
(-0.0470078, -0.09064889, 0.01309621)
(-0.04676962, -0.09118247, 0.01277292)
(-0.04692173, -0.09111333, 0.01292813)
(-0.04706955, -0.09101081, 0.01317668)
(-0.04628253, -0.09218454, 0.01184928)
(-0.04626298, -0.09208465, 0.01217318)
(-0.0457449, -0.09248471, 0.01182389)
(-0.04538131, -0.09298897, 0.01165724)
(-0.04547238, -0.09291601, 0.01173544)
(-0.04515982, -0.09349012, 0.01077473)
(-0.0445056, -0.0941937, 0.009645939)
(-0.04457521, -0.09419727, 0.009721875)
(-0.04462004, -0.09419823, 0.009914398)
(-0.04338622, -0.09567952, 0.008445978)
(-0.0434773, -0.09565282, 0.008633494)
(-0.04283094, -0.09637237, 0.007772803)
(-0.04251623, -0.09704232, 0.007069826)
(-0.04254675, -0.09719706, 0.007036209)
(-0.04206538, -0.09797549, 0.006160975)
(-0.04163027, -0.09860945, 0.005430698)
(-0.04155374, -0.09864402, 0.005481601)
(-0.04131913, -0.09861374, 0.005653501)
(-0.04035854, -0.09969878, 0.004508495)
(-0.04020429, -0.09977078, 0.004742026)
(-0.0396266, -0.1005914, 0.003891945)
(-0.03927112, -0.1010964, 0.003652811)
(-0.03931355, -0.1011784, 0.003839493)
(-0.03887129, -0.1018085, 0.003379226)
(-0.03862786, -0.1023853, 0.002989531)
(-0.03854084, -0.1024635, 0.002957463)
(-0.0375638, -0.1032469, 0.001926661)
(-0.0374496, -0.1035159, 0.002149105)
(-0.03715348, -0.1035442, 0.00214076)
(-0.03645754, -0.1044235, 0.0008795261)
(-0.03618193, -0.1047843, 0.0004673004)
(-0.03606987, -0.1047986, 0.0003936291)
(-0.03528881, -0.1055772, -0.0007681847)
(-0.03467226, -0.1057529, -0.001291513)
(-0.03428006, -0.105592, -0.001394272)
(-0.03384638, -0.1053257, -0.001489639)
(-0.03272796, -0.1062429, -0.00278151)
(-0.03245211, -0.1061113, -0.002820373)
(-0.0318644, -0.1061602, -0.003023863)
(-0.03137302, -0.106271, -0.00305891)
(-0.03105164, -0.1060579, -0.002962589)
(-0.03077507, -0.105983, -0.003027081)
(-0.02931118, -0.1071968, -0.004998207)
(-0.02908492, -0.107183, -0.005072474)
(-0.02865481, -0.1073594, -0.005209208)
(-0.02790689, -0.1079657, -0.006228805)
(-0.0276618, -0.1081457, -0.006467342)
(-0.02704072, -0.1087859, -0.007243633)
(-0.02684808, -0.1094701, -0.007554173)
(-0.02659869, -0.1097398, -0.007863402)
(-0.0257411, -0.1105189, -0.008715391)
(-0.02504301, -0.1112225, -0.009888172)
(-0.02473545, -0.1114311, -0.01028359)
(-0.02445936, -0.1115446, -0.0106777)
(-0.02370906, -0.1122823, -0.01160347)
(-0.02345347, -0.1123855, -0.01213312)
(-0.02319431, -0.1125882, -0.01269758)
(-0.02296305, -0.1129575, -0.01307559)
(-0.02266979, -0.1131787, -0.01346302)
(-0.02270937, -0.1132627, -0.0138402)
(-0.02202272, -0.1137218, -0.01484013)
(-0.02177954, -0.1138914, -0.01518691)
(-0.02158356, -0.1140821, -0.01551902)
(-0.02171755, -0.1142502, -0.01596332)
(-0.0215807, -0.1146243, -0.01631999)
(-0.02136302, -0.1149764, -0.01659024)
(-0.02096224, -0.1151326, -0.01647031)
(-0.0207355, -0.1153646, -0.01666284)
(-0.02040672, -0.1155956, -0.01706195)
(-0.02032852, -0.1156616, -0.01723778)
(-0.02011418, -0.1158161, -0.01767075)
(-0.01990843, -0.1160221, -0.0181725)
(-0.01971221, -0.11624, -0.01859677)
(-0.01941109, -0.1165197, -0.01898527)
####
(0.2652602, 5.067241, 5.630003)
(0.2666166, 5.066453, 5.631424)
(0.2687964, 5.064991, 5.632645)
(0.2709731, 5.062404, 5.633109)
(0.2714767, 5.063539, 5.634361)
(0.2747953, 5.069316, 5.638644)
(0.2817446, 5.071379, 5.639901)
(0.2836806, 5.073199, 5.642604)
(0.2830364, 5.074225, 5.64633)
(0.2795268, 5.069898, 5.650678)
(0.2798262, 5.06542, 5.653827)
(0.2833268, 5.063732, 5.656784)
(0.2894975, 5.070594, 5.660746)
(0.2922462, 5.075683, 5.664937)
(0.2917253, 5.078232, 5.667014)
(0.2892135, 5.075852, 5.666531)
(0.2882639, 5.072481, 5.66592)
(0.2886842, 5.069992, 5.666295)
(0.2886587, 5.067504, 5.665556)
(0.2885243, 5.065788, 5.665776)
(0.2871122, 5.064523, 5.665911)
(0.285419, 5.062501, 5.666025)
(0.2848319, 5.058081, 5.665047)
(0.2845621, 5.052512, 5.663018)
(0.28378, 5.048213, 5.661652)
(0.2815472, 5.045202, 5.660704)
(0.2802615, 5.042523, 5.659319)
(0.2806581, 5.040507, 5.657786)
(0.2811338, 5.040699, 5.657326)
(0.280763, 5.039632, 5.656522)
(0.2791989, 5.039405, 5.655765)
(0.2779424, 5.037006, 5.654784)
(0.2763095, 5.036729, 5.654969)
(0.2757707, 5.034793, 5.654335)
(0.276562, 5.034208, 5.652544)
(0.2767503, 5.033583, 5.652131)
(0.2764791, 5.03339, 5.651847)
(0.2761839, 5.032117, 5.650106)
(0.2752608, 5.030886, 5.648188)
(0.2754926, 5.030962, 5.646334)
(0.2749081, 5.030875, 5.644123)
(0.2746267, 5.030739, 5.641781)
(0.2737641, 5.030923, 5.640032)
(0.2744716, 5.031571, 5.637693)
(0.2773305, 5.033761, 5.63486)
(0.2798777, 5.042322, 5.634245)
(0.277195, 5.052605, 5.637772)
(0.2759922, 5.057983, 5.636618)
(0.2772969, 5.056578, 5.630733)
(0.2795185, 5.05548, 5.62902)
(0.2803183, 5.052483, 5.626352)
(0.2815969, 5.050684, 5.623147)
(0.2814942, 5.049584, 5.619942)
(0.2821901, 5.053072, 5.615771)
(0.289729, 5.056373, 5.611488)
(0.2954075, 5.062243, 5.610529)
(0.3006117, 5.067813, 5.607193)
(0.3001843, 5.079488, 5.610198)
(0.2981474, 5.07375, 5.61062)
(0.297568, 5.056313, 5.610058)
(0.2985129, 5.052208, 5.606943)
(0.300759, 5.054062, 5.603951)
(0.2974135, 5.054601, 5.602779)
(0.2945601, 5.049599, 5.597831)
(0.2977215, 5.042403, 5.591152)
(0.3019666, 5.038949, 5.585106)
(0.3040645, 5.038364, 5.576304)
(0.3018416, 5.035031, 5.568287)
(0.2982246, 5.026512, 5.557845)
(0.2973861, 5.017728, 5.545897)
(0.2978089, 5.009751, 5.530611)
(0.2993073, 5.004695, 5.518593)
(0.3004786, 4.99949, 5.501148)
(0.3006488, 4.994215, 5.483981)
(0.3002177, 4.986892, 5.466641)
(0.3004211, 4.978353, 5.445906)
(0.3023411, 4.970669, 5.424793)
(0.3073276, 4.963547, 5.402858)
(0.312374, 4.949686, 5.375652)
(0.3172925, 4.925433, 5.351727)
(0.3133588, 4.887756, 5.322736)
(0.3170084, 4.866572, 5.289027)
(0.343467, 4.838345, 5.251976)
(0.3662608, 4.82726, 5.217005)
(0.4025252, 4.847697, 5.169497)
(0.4277304, 4.856533, 5.127367)
(0.4512337, 4.874131, 5.093123)
(0.4816405, 4.877108, 5.050797)
(0.5185878, 4.855632, 5.008073)
(0.5212452, 4.828805, 4.961733)
(0.536871, 4.845698, 4.933914)
(0.4850221, 4.817393, 4.918765)
(0.4857296, 4.757847, 4.874437)
(0.4933375, 4.689188, 4.787297)
(0.4623697, 4.673864, 4.738822)
(0.4287541, 4.663698, 4.695242)
(0.4193607, 4.636361, 4.657253)
(0.4218237, 4.60933, 4.619299)
(0.4552202, 4.608134, 4.590367)
(0.4727784, 4.60734, 4.565122)
(0.4954439, 4.608104, 4.542968)
(0.5092188, 4.598752, 4.509772)
(0.5216571, 4.590367, 4.4824)
(0.5337395, 4.592889, 4.468544)
(0.5419374, 4.600318, 4.46064)
(0.5449182, 4.612476, 4.467073)
(0.5459231, 4.619235, 4.466366)
(0.5317886, 4.615508, 4.469903)
(0.5223463, 4.608593, 4.465433)
(0.5117546, 4.597166, 4.4656)
(0.5068222, 4.594337, 4.473135)
(0.5118927, 4.601455, 4.507085)
(0.5143303, 4.611587, 4.535492)
(0.5194908, 4.635627, 4.581437)
(0.5234178, 4.664001, 4.62649)
(0.5225608, 4.686081, 4.662569)
(0.5200149, 4.713053, 4.705346)
(0.5154859, 4.740363, 4.75138)
(0.5083579, 4.762548, 4.794823)
(0.4996566, 4.781683, 4.835847)
(0.4873386, 4.796891, 4.880596)
(0.4728543, 4.8107, 4.92698)
(0.4578452, 4.826415, 4.975992)
(0.4440743, 4.839564, 5.021671)
(0.4322386, 4.854504, 5.068375)
(0.4305185, 4.870114, 5.114206)
(0.4268965, 4.885174, 5.153064)
(0.4193503, 4.898806, 5.18574)
(0.4052873, 4.909058, 5.221838)
(0.3833573, 4.918602, 5.257926)
(0.3662776, 4.928477, 5.28867)
(0.3537905, 4.940232, 5.316944)
(0.3453056, 4.972519, 5.335135)
(0.3320696, 5.006985, 5.360152)
(0.3221117, 5.056524, 5.400699)
(0.3149193, 5.084352, 5.442467)
(0.3194177, 5.10854, 5.481871)
(0.3120533, 5.130008, 5.506815)
(0.293777, 5.139919, 5.519634)
(0.2707197, 5.151601, 5.531165)
(0.2516801, 5.162611, 5.540831)
(0.2362659, 5.16316, 5.548645)
(0.2261798, 5.164498, 5.556114)
(0.227279, 5.160306, 5.557687)
(0.2332655, 5.160859, 5.562097)
(0.2414916, 5.168679, 5.567645)
(0.2418967, 5.17083, 5.569865)
(0.2415073, 5.163216, 5.559665)
(0.2465744, 5.167233, 5.60041)
(0.1416366, 5.154792, 5.752765)
(0.166512, 5.10477, 5.847069)
(0.1303072, 5.049514, 5.724833)
(0.2550681, 5.160052, 5.573818)
(0.2809599, 5.208047, 5.607424)
(0.2265732, 5.232851, 5.653129)
(0.2142011, 5.262899, 5.655756)
(0.2318075, 5.260021, 5.647382)
(0.2687139, 5.215708, 5.668113)
(0.2749971, 5.196251, 5.68076)
(0.2675935, 5.193342, 5.689523)
(0.2457695, 5.188696, 5.692424)
(0.2207392, 5.206444, 5.68758)
(0.2281868, 5.232417, 5.686293)
(0.2505228, 5.251337, 5.687747)
(0.2662624, 5.262088, 5.693615)
(0.2790654, 5.260031, 5.697078)
(0.2732497, 5.247178, 5.695455)
(0.2561756, 5.24122, 5.699387)
(0.246231, 5.241828, 5.701056)
(0.2424344, 5.239728, 5.700566)
(0.2446554, 5.241572, 5.701484)
(0.2515017, 5.244266, 5.705517)
(0.2498782, 5.243365, 5.70675)
(0.247097, 5.243049, 5.707397)
(0.2437765, 5.24102, 5.707838)
(0.2445349, 5.238219, 5.707698)
(0.2477852, 5.237004, 5.707146)
(0.2484576, 5.235788, 5.707969)
(0.2484566, 5.234242, 5.707658)
(0.2493396, 5.232324, 5.70591)
(0.2508856, 5.230128, 5.704564)
(0.2549485, 5.227265, 5.703583)
(0.258198, 5.224196, 5.70061)
(0.2576335, 5.222668, 5.699448)
(0.2591141, 5.221446, 5.698367)
(0.2628308, 5.221837, 5.694525)
(0.2637702, 5.220757, 5.692374)
(0.2653597, 5.218952, 5.691221)
(0.2658052, 5.215748, 5.688145)
(0.2672761, 5.211452, 5.68646)
(0.2681852, 5.206855, 5.684999)
(0.2685688, 5.204151, 5.682804)
(0.2713205, 5.202711, 5.680817)
(0.2738236, 5.201588, 5.67788)
(0.2762823, 5.199066, 5.676517)
(0.2784455, 5.194801, 5.67403)
(0.2781388, 5.188158, 5.671885)
(0.2801561, 5.179212, 5.668694)
(0.2824678, 5.172617, 5.665849)
(0.2850975, 5.170382, 5.664381)
(0.2865528, 5.16871, 5.661786)
(0.2861128, 5.169821, 5.658722)
(0.285029, 5.173153, 5.657055)
(0.2860743, 5.176184, 5.654448)
(0.28702, 5.176481, 5.650814)
(0.2889282, 5.177198, 5.646478)
(0.2898278, 5.178624, 5.64392)
(0.2935945, 5.179401, 5.640644)
(0.2955246, 5.178412, 5.637969)
(0.2964037, 5.176688, 5.635184)
(0.2967263, 5.173009, 5.631424)
(0.2951322, 5.16994, 5.627295)
(0.2954421, 5.167417, 5.624192)
(0.2945395, 5.166541, 5.621508)
(0.2942431, 5.166821, 5.620264)
(0.294893, 5.164666, 5.618081)
(0.2953409, 5.163214, 5.614489)
(0.2940813, 5.16083, 5.61219)
(0.2916064, 5.15941, 5.609704)
(0.2866121, 5.158038, 5.605722)
(0.282547, 5.157188, 5.603651)
(0.2811325, 5.156746, 5.600993)
(0.2800037, 5.15631, 5.597624)
(0.2789039, 5.157459, 5.59325)
(0.2787234, 5.158064, 5.589199)
(0.2764143, 5.156022, 5.585679)
(0.2755252, 5.155506, 5.584528)
(0.2756084, 5.154106, 5.581429)
(0.2759194, 5.152462, 5.57698)
(0.2765078, 5.15159, 5.573876)
(0.2752615, 5.151508, 5.572273)
(0.2745968, 5.151221, 5.571611)
(0.2745956, 5.151042, 5.5714)
(0.2751064, 5.148246, 5.568704)
(0.2733147, 5.147277, 5.568128)
(0.2723293, 5.147857, 5.568873)
(0.2715944, 5.146472, 5.56896)
(0.2704005, 5.145426, 5.569972)
(0.2695272, 5.144544, 5.56995)
(0.2677432, 5.143545, 5.571401)
(0.2662017, 5.142815, 5.572713)
(0.2649457, 5.141302, 5.573641)
(0.2645841, 5.140637, 5.574128)
(0.2642197, 5.140144, 5.57445)
(0.2633311, 5.139825, 5.574555)
(0.2628999, 5.139299, 5.574537)
(0.2626021, 5.138112, 5.573391)
(0.2625073, 5.137449, 5.572473)
(0.2627355, 5.136659, 5.57135)
(0.2634803, 5.135684, 5.569931)
(0.2651325, 5.136085, 5.567711)
(0.2660396, 5.137896, 5.567363)
(0.2658162, 5.140321, 5.567901)
(0.265438, 5.139408, 5.567415)
(0.2649312, 5.138112, 5.567499)
(0.2641111, 5.136143, 5.567934)
(0.2640913, 5.134389, 5.567949)
(0.26381, 5.13425, 5.568252)
####
(-0.02472329, 0.08135612, -0.6016772)
(-0.02483988, 0.08115442, -0.6024003)
(-0.02518129, 0.08105738, -0.6024567)
(-0.02538633, 0.08061607, -0.6027472)
(-0.02577758, 0.08048494, -0.6027659)
(-0.0264833, 0.07998283, -0.6026484)
(-0.02683449, 0.07965739, -0.6025665)
(-0.02703261, 0.07930787, -0.6025716)
(-0.02723074, 0.07921942, -0.6027341)
(-0.02737951, 0.07899912, -0.6031961)
(-0.02868032, 0.07930548, -0.6025276)
(-0.02910948, 0.07885154, -0.6027302)
(-0.02920151, 0.07820781, -0.6029586)
(-0.02942061, 0.0783294, -0.6028293)
(-0.02945733, 0.07844718, -0.6027085)
(-0.0294199, 0.07862218, -0.6026404)
(-0.02927351, 0.07833751, -0.6031575)
(-0.0292964, 0.07839425, -0.6031008)
(-0.02935004, 0.07861312, -0.6029836)
(-0.02963018, 0.07858951, -0.6033614)
(-0.02974105, 0.07888992, -0.6032619)
(-0.02980471, 0.07900317, -0.6034548)
(-0.02964973, 0.07898004, -0.6038687)
(-0.02964735, 0.07916792, -0.6038306)
(-0.0296104, 0.07936962, -0.6037762)
(-0.0288167, 0.07896669, -0.6045203)
(-0.02881575, 0.07912119, -0.6043847)
(-0.02879238, 0.07924493, -0.6041858)
(-0.02882743, 0.07930858, -0.604277)
(-0.0287931, 0.07949026, -0.6041043)
(-0.02886271, 0.07961877, -0.6040078)
(-0.02849579, 0.07984717, -0.6043507)
(-0.02846932, 0.07995136, -0.6042513)
(-0.02846622, 0.0800565, -0.6041037)
(-0.02875662, 0.08043726, -0.6032951)
(-0.02880406, 0.08055575, -0.6031184)
(-0.02880311, 0.08058031, -0.6030264)
(-0.02874875, 0.08087237, -0.6028528)
(-0.02871752, 0.08100183, -0.6025716)
(-0.0282805, 0.08077772, -0.60268)
(-0.0278554, 0.08089216, -0.6032078)
(-0.02780366, 0.08103807, -0.6029152)
(-0.02780938, 0.08091719, -0.6030145)
(-0.02792692, 0.08101828, -0.602785)
(-0.02801633, 0.08113034, -0.6023824)
(-0.02793264, 0.08143099, -0.6019599)
(-0.02791142, 0.08154638, -0.6016713)
(-0.02792358, 0.08177765, -0.6011516)
(-0.02802229, 0.08161695, -0.6012731)
(-0.02795029, 0.08137663, -0.6015186)
(-0.027987, 0.08123381, -0.6016147)
(-0.02759767, 0.0809489, -0.6018176)
(-0.02743816, 0.08059628, -0.6018009)
(-0.02756476, 0.08017619, -0.6014732)
(-0.02773237, 0.07987459, -0.6009866)
(-0.02818704, 0.07985218, -0.5999088)
(-0.02834463, 0.07994039, -0.5992632)
(-0.02915788, 0.08011349, -0.5996796)
(-0.0299263, 0.08057721, -0.5992521)
(-0.02991128, 0.08042128, -0.5996275)
(-0.02903771, 0.0796047, -0.6004816)
(-0.02956271, 0.08036287, -0.5990851)
(-0.02946424, 0.08048423, -0.5989065)
(-0.02967143, 0.08040984, -0.5988474)
(-0.02932549, 0.0799702, -0.5995041)
(-0.0295465, 0.07994635, -0.5992179)
(-0.02882814, 0.07957204, -0.5994805)
(-0.02838874, 0.07963236, -0.5998222)
(-0.02816248, 0.07993133, -0.5993319)
(-0.02777481, 0.07997353, -0.599092)
(-0.02777457, 0.08024748, -0.5981395)
(-0.02763915, 0.08053811, -0.597374)
(-0.02749181, 0.08090837, -0.5965564)
(-0.02734828, 0.08129652, -0.5959634)
(-0.0271697, 0.08175214, -0.5951433)
(-0.02681303, 0.08210714, -0.5944313)
(-0.02650738, 0.082913, -0.5934553)
(-0.02635574, 0.08422644, -0.5918688)
(-0.02687001, 0.08636029, -0.5896418)
(-0.02736664, 0.08852561, -0.5871575)
(-0.02818394, 0.09178479, -0.5838623)
(-0.0284884, 0.09468539, -0.5806797)
(-0.02877498, 0.09958251, -0.5759474)
(-0.02968121, 0.1051794, -0.5697204)
(-0.03098297, 0.1145356, -0.5585891)
(-0.0327239, 0.1306115, -0.5473182)
(-0.03358436, 0.1471792, -0.5396833)
(-0.03450561, 0.1662579, -0.5302229)
(-0.03574443, 0.1855105, -0.5212555)
(-0.03595829, 0.2113303, -0.5119681)
(-0.03715801, 0.2369117, -0.5036561)
(-0.03800058, 0.2628446, -0.4936934)
(-0.03659534, 0.2892495, -0.4849912)
(-0.0337491, 0.3218407, -0.4724536)
(-0.03328228, 0.3499304, -0.4599199)
(-0.0316534, 0.3814988, -0.447485)
(-0.0310185, 0.4106669, -0.4355518)
(-0.0308156, 0.4383438, -0.4234819)
(-0.03136539, 0.4656311, -0.4107684)
(-0.03120279, 0.4922397, -0.3981476)
(-0.03121471, 0.5174716, -0.3854592)
(-0.0314846, 0.5436779, -0.3718957)
(-0.03113461, 0.566281, -0.3582495)
(-0.0304575, 0.5885308, -0.3458204)
(-0.03080535, 0.6111553, -0.3305421)
(-0.03007722, 0.6293777, -0.3172009)
(-0.02926874, 0.6484612, -0.3050725)
(-0.02993035, 0.6625158, -0.2916449)
(-0.02956581, 0.6766083, -0.2785529)
(-0.02896237, 0.6876682, -0.266778)
(-0.02978706, 0.697965, -0.2539269)
(-0.02950692, 0.7015963, -0.2422224)
(-0.02898836, 0.7073954, -0.2308526)
(-0.03023958, 0.7089804, -0.2168784)
(-0.03031874, 0.7085073, -0.2045822)
(-0.03009391, 0.7086395, -0.1925218)
(-0.03125429, 0.705072, -0.1797131)
(-0.03175306, 0.699804, -0.1674101)
(-0.03181839, 0.6932414, -0.1553316)
(-0.03247142, 0.6863953, -0.1427829)
(-0.03254104, 0.6765867, -0.1302541)
(-0.03261113, 0.6733941, -0.1175683)
(-0.03258944, 0.6698221, -0.1040554)
(-0.03242779, 0.6662244, -0.09164977)
(-0.03269863, 0.6626707, -0.07919025)
(-0.03316307, 0.6586699, -0.06726873)
(-0.03391051, 0.6549459, -0.05546796)
(-0.03493547, 0.650919, -0.04328191)
(-0.0351975, 0.6471208, -0.03193903)
(-0.035465, 0.6432319, -0.02134097)
(-0.03650165, 0.6391769, -0.01006043)
(-0.03653884, 0.6351356, 0.0009064674)
(-0.0361855, 0.6313539, 0.008317947)
(-0.03732157, 0.6275116, 0.0174427)
(-0.03803515, 0.6240718, 0.02222562)
(-0.03866529, 0.6206272, 0.02808189)
(-0.0410533, 0.6173874, 0.03410208)
(-0.04139471, 0.6143572, 0.0377171)
(-0.04122639, 0.6117286, 0.03879094)
(-0.04250264, 0.6089993, 0.04168105)
(-0.04225016, 0.6064291, 0.04061222)
(-0.04196739, 0.6041176, 0.03785276)
(-0.04371548, 0.6015291, 0.03847539)
(-0.04368401, 0.5993631, 0.03368855)
(-0.04275036, 0.5972908, 0.02788842)
(-0.04299307, 0.595272, 0.02218151)
(-0.04304171, 0.5933835, 0.01608038)
(-0.04229069, 0.5917718, 0.007538915)
(-0.04404306, 0.5921848, 0.002840042)
(-0.04614258, 0.5908238, 0.003335118)
(-0.04456973, 0.5912644, 0.009251118)
(-0.0412519, 0.5915877, 0.01740074)
(-0.04556394, 0.5995194, 0.02227426)
(-0.04796433, 0.6017185, 0.02627325)
(-0.04977536, 0.6011757, 0.02514696)
(-0.05035377, 0.5993394, 0.02512407)
(-0.05063295, 0.5979545, 0.0242579)
(-0.04930854, 0.5968843, 0.02075863)
(-0.04960299, 0.5961505, 0.0196209)
(-0.0494225, 0.5965546, 0.01882911)
(-0.04827523, 0.597257, 0.01710594)
(-0.04862404, 0.5983988, 0.01829875)
(-0.04944372, 0.5987934, 0.01985514)
(-0.04935169, 0.5984894, 0.01891899)
(-0.05015278, 0.5981201, 0.01938629)
(-0.05065536, 0.5979761, 0.01910746)
(-0.0497694, 0.5981189, 0.01727343)
(-0.04983664, 0.5991353, 0.01668692)
(-0.04931593, 0.5993403, 0.01605272)
(-0.04919577, 0.5995756, 0.0158658)
(-0.04943228, 0.5998243, 0.01591742)
(-0.0490849, 0.5995795, 0.01540542)
(-0.04867077, 0.5995246, 0.01495743)
(-0.04872727, 0.5999051, 0.01510608)
(-0.0489192, 0.6002501, 0.01534295)
(-0.04790759, 0.5994922, 0.01416957)
(-0.0480876, 0.5995597, 0.01434493)
(-0.04820752, 0.5996782, 0.01456726)
(-0.04702187, 0.598739, 0.01311123)
(-0.04715347, 0.5989283, 0.0134244)
(-0.0470078, 0.5986434, 0.01309621)
(-0.04676962, 0.5981098, 0.01277292)
(-0.04692173, 0.598179, 0.01292813)
(-0.04706955, 0.5982815, 0.01317668)
(-0.04628253, 0.5975005, 0.01184928)
(-0.04626298, 0.5976004, 0.01217318)
(-0.0457449, 0.5972003, 0.01182389)
(-0.04538131, 0.5966961, 0.01165724)
(-0.04547238, 0.596769, 0.01173544)
(-0.04515982, 0.5961949, 0.01077473)
(-0.0445056, 0.5954913, 0.009645939)
(-0.04457521, 0.5954878, 0.009721875)
(-0.04462004, 0.5954868, 0.009914398)
(-0.04338622, 0.5945529, 0.008445978)
(-0.0434773, 0.5945796, 0.008633494)
(-0.04283094, 0.5938601, 0.007772803)
(-0.04251623, 0.5931901, 0.007069826)
(-0.04254675, 0.5930354, 0.007036209)
(-0.04206538, 0.592257, 0.006160975)
(-0.04163027, 0.591623, 0.005430698)
(-0.04155374, 0.5915884, 0.005481601)
(-0.04131913, 0.5916187, 0.005653501)
(-0.04035854, 0.5905337, 0.004508495)
(-0.04020429, 0.5904617, 0.004742026)
(-0.0396266, 0.589641, 0.003891945)
(-0.03927112, 0.5891361, 0.003652811)
(-0.03931355, 0.589054, 0.003839493)
(-0.03887129, 0.5884239, 0.003379226)
(-0.03862786, 0.5878472, 0.002989531)
(-0.03854084, 0.587769, 0.002957463)
(-0.0375638, 0.5869855, 0.001926661)
(-0.0374496, 0.5867166, 0.002149105)
(-0.03715348, 0.5866882, 0.00214076)
(-0.03645754, 0.5858089, 0.0008795261)
(-0.03618193, 0.5854482, 0.0004673004)
(-0.03606987, 0.5854339, 0.0003936291)
(-0.03528881, 0.5846552, -0.0007681847)
(-0.03467226, 0.5844795, -0.001291513)
(-0.03428006, 0.5846404, -0.001394272)
(-0.03384638, 0.5849068, -0.001489639)
(-0.03272796, 0.5839896, -0.00278151)
(-0.03245211, 0.5841212, -0.002820373)
(-0.0318644, 0.5840723, -0.003023863)
(-0.03137302, 0.5839614, -0.00305891)
(-0.03105164, 0.5841746, -0.002962589)
(-0.03077507, 0.5842494, -0.003027081)
(-0.02931118, 0.5830356, -0.004998207)
(-0.02908492, 0.5830495, -0.005072474)
(-0.02865481, 0.582873, -0.005209208)
(-0.02790689, 0.5822667, -0.006228805)
(-0.0276618, 0.5820867, -0.006467342)
(-0.02704072, 0.5814466, -0.007243633)
(-0.02684808, 0.5807623, -0.007554173)
(-0.02659869, 0.5804927, -0.007863402)
(-0.0257411, 0.5797135, -0.008715391)
(-0.02504301, 0.57901, -0.009888172)
(-0.02473545, 0.5788013, -0.01028359)
(-0.02445936, 0.5786878, -0.0106777)
(-0.02370906, 0.5779502, -0.01160347)
(-0.02345347, 0.5778469, -0.01213312)
(-0.02319431, 0.5776443, -0.01269758)
(-0.02296305, 0.577275, -0.01307559)
(-0.02266979, 0.5770537, -0.01346302)
(-0.02270937, 0.5769698, -0.0138402)
(-0.02202272, 0.5765106, -0.01484013)
(-0.02177954, 0.5763411, -0.01518691)
(-0.02158356, 0.5761504, -0.01551902)
(-0.02171755, 0.5759823, -0.01596332)
(-0.0215807, 0.5756082, -0.01631999)
(-0.02136302, 0.575256, -0.01659024)
(-0.02096224, 0.5750999, -0.01647031)
(-0.0207355, 0.5748679, -0.01666284)
(-0.02040672, 0.5746369, -0.01706195)
(-0.02032852, 0.5745708, -0.01723778)
(-0.02011418, 0.5744163, -0.01767075)
(-0.01990843, 0.5742103, -0.0181725)
(-0.01971221, 0.5739924, -0.01859677)
(-0.01941109, 0.5737128, -0.01898527)
####
-0.1978951
-0.1978951
-0.1978951
-0.1978951
-0.1978951
-0.1978951
-0.1978951
-0.1978951
-0.1978951
-0.1978951
-0.1978951
-0.1978951
-0.1978951
-0.1978951
-0.1978951
-0.1978951
-0.1978951
-0.1978951
-0.1978951
-0.1978951
-0.1978951
-0.1978951
-0.1978951
-0.1978951
-0.1978951
-0.1978951
-0.1978951
-0.1978951
-0.1978951
-0.1978951
-0.1978951
-0.1978951
-0.1978951
-0.1978951
-0.1978951
-0.1978951
-0.1978951
-0.1978951
-0.1978951
-0.1978951
-0.1978951
-0.1978951
-0.1978951
-0.1978951
-0.1978951
-0.1978951
-0.1978951
-0.1978951
-0.1978951
-0.1978951
-0.1978951
-0.1978951
-0.1978951
-0.1978951
-0.1978951
-0.1978951
-0.1978951
-0.1978951
-0.1978951
-0.1978951
-0.1978951
-0.1978951
-0.1978951
-0.1978951
-0.1978951
-0.1978951
-0.1978951
-0.1978951
-0.1978951
-0.1978951
-0.1978951
-0.1978951
-0.1978951
-0.1978951
-0.1978951
-0.1978951
-0.1978951
-0.1978951
-0.1978951
-0.1978951
-0.1978951
-0.1978951
-0.1978951
-0.1978951
-0.1978951
-0.1978951
-0.1978951
-0.1978951
-0.1978951
-0.1978951
-0.1978951
-0.1978951
-0.1978951
-0.1978951
-0.1978951
-0.1978951
-0.1978951
-0.1978951
-0.1978951
-0.1978951
-0.1978951
-0.1978951
-0.1978951
-0.1978951
-0.1978951
-0.1978951
-0.1978951
-0.1978951
-0.1978951
-0.1978951
-0.1978951
-0.1978951
-0.1978951
-0.1978951
-0.1978951
-0.1978951
-0.1978951
-0.1978951
-0.1978951
-0.1978951
-0.1978951
-0.1978951
-0.1978951
-0.1978951
-0.1978951
-0.1978951
-0.1978951
-0.1978951
-0.1978951
-0.1978951
-0.1978951
-0.1978951
-0.1978951
-0.1978951
-0.1978951
-0.1978951
-0.1978951
-0.1978951
-0.1978951
-0.1978951
-0.1978951
-0.1978951
-0.1978951
-0.1978951
-0.1978951
-0.1978951
-0.1978951
-0.1978951
-0.1978951
-0.1978951
-0.1978951
-0.1978951
-0.1978951
-0.1978951
-0.1978951
-0.1978951
-0.1978951
-0.1978951
-0.1978951
-0.1978951
-0.1978951
-0.1978951
-0.1978951
-0.1978951
-0.1978951
-0.1978951
-0.1978951
-0.1978951
-0.1978951
-0.1978951
-0.1978951
-0.1978951
-0.1978951
-0.1978951
-0.1978951
-0.1978951
-0.1978951
-0.1978951
-0.1978951
-0.1978951
-0.1978951
-0.1978951
-0.1978951
-0.1978951
-0.1978951
-0.1978951
-0.1978951
-0.1978951
-0.1978951
-0.1978951
-0.1978951
-0.1978951
-0.1978951
-0.1978951
-0.1978951
-0.1978951
-0.1978951
-0.1978951
-0.1978951
-0.1978951
-0.1978951
-0.1978951
-0.1978951
-0.1978951
-0.1978951
-0.1978951
-0.1978951
-0.1978951
-0.1978951
-0.1978951
-0.1978951
-0.1978951
-0.1978951
-0.1978951
-0.1978951
-0.1978951
-0.1978951
-0.1978951
-0.1978951
-0.1978951
-0.1978951
-0.1978951
-0.1978951
-0.1978951
-0.1978951
-0.1978951
-0.1978951
-0.1978951
-0.1978951
-0.1978951
-0.1978951
-0.1978951
-0.1978951
-0.1978951
-0.1978951
-0.1978951
-0.1978951
-0.1978951
-0.1978951
-0.1978951
-0.1978951
-0.1978951
-0.1978951
-0.1978951
-0.1978951
-0.1978951
-0.1978951
-0.1978951
-0.1978951
-0.1978951
-0.1978951
-0.1978951
-0.1978951
-0.1978951
-0.1978951
-0.1978951
-0.1978951
-0.1978951
