(1.1055269646153851, 0.4185320314858871, 0.5326498931394827)
(1.1055269646153851, 0.4185179992294515, 0.5326159911770856)
(1.1055269646153851, 0.41850362951668535, 0.5325835486857627)
(1.1055269646153851, 0.4184889223475888, 0.5325525656655145)
(1.1055269646153851, 0.4184738777221616, 0.5325230421163405)
(1.1055269646153851, 0.418458495640404, 0.5324949780382409)
(1.1055269646153851, 0.41844277610231584, 0.5324683734312158)
(1.1055269646153851, 0.41842671910789714, 0.532443228295265)
(1.1055269646153851, 0.418410324657148, 0.5324195426303887)
(1.1055269646153851, 0.4183935927500683, 0.5323973164365867)
(1.1055269646153851, 0.4183765233866581, 0.5323765497138592)
(1.1055269646153851, 0.4183591165669174, 0.5323572424622061)
(1.1055269646153851, 0.41834137229084617, 0.5323393946816273)
(1.1055269646153851, 0.41832329055844447, 0.532323006372123)
(1.1055269646153851, 0.41830487136971223, 0.5323080775336931)
(1.1055269646153851, 0.41828611472464944, 0.5322946081663376)
(1.1055269646153851, 0.4182670206232562, 0.5322825982700564)
(1.1055269646153851, 0.41824758906553244, 0.5322720478448497)
(1.1055269646153851, 0.4182278200514781, 0.5322629568907175)
(1.1055269646153851, 0.4182077135810933, 0.5322553254076595)
(1.1055269646153851, 0.418187269654378, 0.532249153395676)
(1.1055269646153851, 0.41816648827133224, 0.532244440854767)
(1.1055269646153851, 0.4181453694319559, 0.5322411877849323)
(1.1055269646153851, 0.4181239131362491, 0.532239394186172)
(1.1055269646153851, 0.4181021193842117, 0.5322390600584861)
(1.1055269646153851, 0.41806633143198335, 0.5322408711517645)
(1.1055269646153851, 0.4180410368582426, 0.5322437887916398)
(1.1055269646153851, 0.4180152233360216, 0.532248265864279)
(1.1055269646153851, 0.41798901240555614, 0.532254149182418)
(1.1055269646153851, 0.41796252813600204, 0.532261480875138)
(1.1055269646153851, 0.41793581834263704, 0.5322702734642363)
(1.1055269646153851, 0.41790888066433574, 0.5322805931506512)
(1.1055269646153851, 0.4178817858605674, 0.5322924456564601)
(1.1055269646153851, 0.41785450963881, 0.5323056903397233)
(1.1055269646153851, 0.4178271599418421, 0.5323204064593046)
(1.1055269646153851, 0.41779979825782754, 0.532336657428024)
(1.1055269646153851, 0.41777260488440143, 0.5323545434150263)
(1.1055269646153851, 0.4177459840475247, 0.5323740483839939)
(1.1055269646153851, 0.41772003350877246, 0.5323953120046565)
(1.1055269646153851, 0.4176948998328799, 0.5324184055494972)
(1.1055269646153851, 0.41767073318650944, 0.5324434494077299)
(1.1055269646153851, 0.41764767931558544, 0.5324704486692968)
(1.1055269646153851, 0.4176258928005737, 0.5324994710405281)
(1.1055269646153851, 0.41760554585900583, 0.5325304663945644)
(1.1055269646153851, 0.4175868248404422, 0.5325633826124894)
(1.1055269646153851, 0.4175698802796155, 0.5325981975895927)
(1.1055269646153851, 0.4175548072310359, 0.5326348748749183)
(1.1055269646153851, 0.41754150122079003, 0.5326730668688423)
(1.1055269646153851, 0.4175300667360964, 0.5327127721283099)
(1.1055269646153851, 0.41752062724312233, 0.5327538613095646)
(1.1055269646153851, 0.4175130172268908, 0.5327964487301634)
(1.1055269646153851, 0.41750785449520317, 0.5328405455474863)
(1.1055269646153851, 0.41750508852169493, 0.5328859679439657)
(1.1055269646153851, 0.41750492580181464, 0.5329325119057914)
(1.1055269646153851, 0.41750763762736487, 0.5329794834811207)
(1.1055269646153851, 0.4175132109121529, 0.5330265935078746)
(1.1055269646153851, 0.4175215587740216, 0.5330737724055462)
(1.1055269646153851, 0.4175322960625491, 0.5331211643068824)
(1.1055269646153851, 0.41754533582712006, 0.5331686047868973)
(1.1055269646153851, 0.4175605822809758, 0.533215761585093)
(1.1055269646153851, 0.4175778338808638, 0.5332627186391675)
(1.1055269646153851, 0.4175969963551988, 0.5333092762426057)
(1.1055269646153851, 0.41761769147562844, 0.5333555428569474)
(1.1055269646153851, 0.41763934763340443, 0.5334016780346514)
(1.1055269646153851, 0.41766196866263383, 0.5334478104744812)
(1.1055269646153851, 0.4176854881819065, 0.5334935928390699)
(1.1055269646153851, 0.41770983978171805, 0.533538724743942)
(1.1055269646153851, 0.4177349788843272, 0.5335830017682408)
(1.1055269646153851, 0.4177605361327199, 0.5336263396138015)
(1.1055269646153851, 0.4177862477369231, 0.533668720244925)
(1.1055269646153851, 0.41781214495642693, 0.5337101437549866)
(1.1055269646153851, 0.41783800728071396, 0.533750617463288)
(1.1055269646153851, 0.4178637836994356, 0.5337900648147244)
(1.1055269646153851, 0.41788925639831187, 0.5338285695298312)
(1.1055269646153851, 0.41791449444047063, 0.5338663878775753)
(1.1055269646153851, 0.4179394997845326, 0.5339035253119746)
(1.1055269646153851, 0.4179637774938886, 0.5339399077233348)
(1.1055269646153851, 0.4179873303223528, 0.5339754649995776)
(1.1055269646153851, 0.4180099799341797, 0.5340103475974521)
(1.1055269646153851, 0.41803166415429915, 0.5340445023940835)
(1.1055269646153851, 0.4180522920956617, 0.5340779321946442)
(1.1055269646153851, 0.4180719541072294, 0.5341105764576877)
(1.1055269646153851, 0.4180906608781569, 0.534142499044147)
(1.1055269646153851, 0.4181085878642154, 0.5341741388065744)
(1.1055269646153851, 0.4181259751551753, 0.5342056970855477)
(1.1055269646153851, 0.4181430700456091, 0.534237461311773)
(1.1055269646153851, 0.4181601231934346, 0.5342694886414863)
(1.1055269646153851, 0.4181768182792144, 0.5343020515633194)
(1.1055269646153851, 0.4181932969570651, 0.5343350034850943)
(1.1055269646153851, 0.41820959498163335, 0.5343683182222763)
(1.1055269646153851, 0.4182257091417818, 0.5344019277889089)
(1.1055269646153851, 0.4182415739091914, 0.5344358408595624)
(1.1055269646153851, 0.4182571445371741, 0.5344699176182179)
(1.1055269646153851, 0.4182723888276946, 0.5345039692730165)
(1.1055269646153851, 0.418287402892561, 0.5345374777849751)
(1.1055269646153851, 0.41830214652876985, 0.5345700432076174)
(1.1055269646153851, 0.41831661905696466, 0.5346012668912224)
(1.1055269646153851, 0.41833109114209793, 0.5346314576714671)
(1.1055269646153851, 0.41834557395642563, 0.5346601871040545)
(1.1055269646153851, 0.41836010572359306, 0.5346872573245474)
(1.1055269646153851, 0.41837521088883833, 0.5347126554970213)
(1.1055269646153851, 0.4183906751993597, 0.5347362738244817)
(1.1055269646153851, 0.4184068176176436, 0.5347582264148505)
(1.1055269646153851, 0.41842364373095725, 0.5347787163503341)
(1.1055269646153851, 0.41844108688251963, 0.534798151898326)
(1.1055269646153851, 0.41845912161038384, 0.5348168678579254)
(1.1055269646153851, 0.4184774525310455, 0.5348351433735739)
(1.1055269646153851, 0.4184961139568431, 0.5348534898171272)
(1.1055269646153851, 0.41851486780131586, 0.5348728012303233)
(1.1055269646153851, 0.4185337739692282, 0.5348940512058818)
(1.1055269646153851, 0.4185527917568838, 0.5349180446958446)
(1.1055269646153851, 0.41857183690269945, 0.5349457947640962)
(1.1055269646153851, 0.418590973833799, 0.5349785717508364)
(1.1055269646153851, 0.4186103771923826, 0.5350175588203486)
(1.1055269646153851, 0.41862999070889906, 0.5350638736424436)
(1.1055269646153851, 0.4186498592069006, 0.5351188077948147)
(1.1055269646153851, 0.4186699098502431, 0.5351836822608066)
(1.1055269646153851, 0.4186900076423175, 0.535259861657036)
(1.1055269646153851, 0.4187091277298939, 0.5353595424258316)
(1.1055269646153851, 0.41872730952075954, 0.5354810873789156)
(1.1055269646153851, 0.4187443624044112, 0.5356230278360914)
(1.1055269646153851, 0.41876022443003247, 0.5357837410114001)
(1.1055269646153851, 0.4187748469340181, 0.5359617664494418)
(1.1055269646153851, 0.4187882741913251, 0.5361555492797885)
(1.1055269646153851, 0.4188004496599114, 0.5363634359007412)
(1.1055269646153851, 0.4188112716360235, 0.5365838574025108)
(1.1055269646153851, 0.4188210010813132, 0.5368152490272502)
(1.1055269646153851, 0.418829649109007, 0.5370560657353156)
(1.1055269646153851, 0.418837330271613, 0.5373048067005041)
(1.1055269646153851, 0.4188440449111025, 0.53756004833712)
(1.1055269646153851, 0.4188499155161649, 0.5378203910051894)
(1.1055269646153851, 0.4188549847114137, 0.5380844953618403)
(1.1055269646153851, 0.41885934603184616, 0.5383510058941452)
(1.1055269646153851, 0.418863085714367, 0.538618383435986)
(1.1055269646153851, 0.4188661218924341, 0.5388851112618058)
(1.1055269646153851, 0.41886841091749516, 0.5391495533949552)
(1.1055269646153851, 0.4188697649094827, 0.5394102217743886)
(1.1055269646153851, 0.4188702809973189, 0.5396655047216729)
(1.1055269646153851, 0.41886987678934084, 0.5399140445391163)
(1.1055269646153851, 0.41886852349016857, 0.540154432286886)
(1.1055269646153851, 0.4188662350335665, 0.5403852214675475)
(1.1055269646153851, 0.4188631239070518, 0.5406049659371343)
(1.1055269646153851, 0.4188593178333095, 0.5408122760087057)
(1.1055269646153851, 0.41885494575366006, 0.5410059399198553)
(1.1055269646153851, 0.41884997813074865, 0.5411852104128781)
(1.1055269646153851, 0.41884453720124143, 0.5413493718310006)
(1.1055269646153851, 0.41883878842386785, 0.5414978832754028)
(1.1055269646153851, 0.41883290700180104, 0.5416299773811412)
(1.1055269646153851, 0.41882722710925846, 0.5417454726819586)
(1.1055269646153851, 0.41882212547711306, 0.5418443215551516)
(1.1055269646153851, 0.4188173870196385, 0.5419266250146613)
(1.1055269646153851, 0.41881320293376567, 0.5419926325649028)
(1.1055269646153851, 0.4188094797008852, 0.5420427854577085)
(1.1055269646153851, 0.41880625956270845, 0.5420776624141498)
(1.1055269646153851, 0.4188034705266748, 0.5420982380635646)
(1.1055269646153851, 0.4188010585831245, 0.5421058024199378)
(1.1055269646153851, 0.4187991572970576, 0.5421019467601611)
(1.1055269646153851, 0.41879780910017267, 0.5420882902849997)
(1.1055269646153851, 0.4187971272878892, 0.5420665139877863)
(1.1055269646153851, 0.418797040980977, 0.542038473502888)
(1.1055269646153851, 0.41879754056845575, 0.5420062418649456)
(1.1055269646153851, 0.4187985372186342, 0.5419720610439668)
(1.1055269646153851, 0.4187999188957417, 0.5419380472300745)
(1.1055269646153851, 0.41880152860483705, 0.5419063641183177)
(1.1055269646153851, 0.41880315843399196, 0.5418792599349391)
(1.1055269646153851, 0.4188045275345227, 0.5418589767519131)
(1.1055269646153851, 0.41880536543745167, 0.5418477652499373)
(1.1055269646153851, 0.41880536543745167, 0.5418477652499373)
(1.1055269646153851, 0.41880536543745167, 0.5418477652499373)
(1.1055269646153851, 0.41880536543745167, 0.5418477652499373)
(1.1055269646153851, 0.41880536543745167, 0.5418477652499373)
(1.1055269646153851, 0.41880536543745167, 0.5418477652499373)
(1.1055269646153851, 0.41880536543745167, 0.5418477652499373)
(1.1055269646153851, 0.41880536543745167, 0.5418477652499373)
(1.1055269646153851, 0.41880536543745167, 0.5418477652499373)
(1.1055269646153851, 0.41880536543745167, 0.5418477652499373)
(1.1055269646153851, 0.41880536543745167, 0.5418477652499373)
(1.1055269646153851, 0.41880536543745167, 0.5418477652499373)
(1.1055269646153851, 0.41880536543745167, 0.5418477652499373)
(1.1055269646153851, 0.41880536543745167, 0.5418477652499373)
(1.1055269646153851, 0.41880536543745167, 0.5418477652499373)
(1.1055269646153851, 0.41880536543745167, 0.5418477652499373)
(1.1055269646153851, 0.41880536543745167, 0.5418477652499373)
(1.1055269646153851, 0.41880536543745167, 0.5418477652499373)
(1.1055269646153851, 0.41880536543745167, 0.5418477652499373)
(1.1055269646153851, 0.41880536543745167, 0.5418477652499373)
(1.1055269646153851, 0.41880536543745167, 0.5418477652499373)
(1.1055269646153851, 0.41880536543745167, 0.5418477652499373)
(1.1055269646153851, 0.41880536543745167, 0.5418477652499373)
(1.1055269646153851, 0.41880536543745167, 0.5418477652499373)
(1.1055269646153851, 0.41880536543745167, 0.5418477652499373)
(1.1055269646153851, 0.41880536543745167, 0.5418477652499373)
(1.1055269646153851, 0.41880536543745167, 0.5418477652499373)
(1.1055269646153851, 0.41880536543745167, 0.5418477652499373)
(1.1055269646153851, 0.41880536543745167, 0.5418477652499373)
(1.1055269646153851, 0.41880536543745167, 0.5418477652499373)
(1.1055269646153851, 0.4181954969065697, 0.5412828341878025)
(1.1055269646153851, 0.41766506078955146, 0.5408005797490618)
(1.1055269646153851, 0.4172163205944947, 0.5404002302539589)
(1.1055269646153851, 0.4168521956933799, 0.540081583682851)
(1.1055269646153851, 0.4165762393946528, 0.5398443600266877)
(1.1055269646153851, 0.4163918461408268, 0.5396890677950423)
(1.1055269646153851, 0.4163016904682434, 0.5396177111153737)
(1.1055269646153851, 0.4163084581636636, 0.5396318678528356)
(1.1055269646153851, 0.4164151042013039, 0.5397338297542255)
(1.1055269646153851, 0.41662453394314286, 0.5399261347993072)
(1.1055269646153851, 0.4169401842930684, 0.5402109401555437)
(1.1055269646153851, 0.4173648442746644, 0.5405897795926393)
(1.1055269646153851, 0.4179021298437113, 0.5410648183664171)
(1.1055269646153851, 0.41855343306693304, 0.5416377489811919)
(1.1055269646153851, 0.41932102831159973, 0.5423111279433979)
(1.1055269646153851, 0.4202055244082253, 0.5430872717500327)
(1.1055269646153851, 0.42120736029903866, 0.5439689980751228)
(1.1055269646153851, 0.42232641722943765, 0.5449588871413213)
(1.1055269646153851, 0.42356271942322676, 0.5460593900289024)
(1.1055269646153851, 0.4249162669988047, 0.5472730727875253)
(1.1055269646153851, 0.426386321860916, 0.548600704724941)
(1.1055269646153851, 0.4279723735556124, 0.5500431408710423)
(1.1055269646153851, 0.42967370823192014, 0.5516015459467718)
(1.1055269646153851, 0.4314894080221158, 0.553275767056258)
(1.1055269646153851, 0.43341919222453745, 0.5550650098660548)
(1.1055269646153851, 0.43546306012648855, 0.5569682129934909)
(1.1055269646153851, 0.43762307550504975, 0.5589858551632134)
(1.1055269646153851, 0.4398984104165468, 0.5611155182106446)
(1.1055269646153851, 0.44229152338731126, 0.5633565703732284)
(1.1055269646153851, 0.4448037772791849, 0.5657069910797118)
(1.1055269646153851, 0.4474370697596468, 0.5681644338388468)
(1.1055269646153851, 0.4501944627140029, 0.5707264422958415)
(1.1055269646153851, 0.453078814298858, 0.5733903999751044)
(1.1055269646153851, 0.4560934240474251, 0.5761528052710524)
(1.1055269646153851, 0.4592416762504411, 0.5790101068091011)
(1.1055269646153851, 0.46252738453819886, 0.5819580618748658)
(1.1055269646153851, 0.4659534548658518, 0.5849920032096287)
(1.1055269646153851, 0.4695229520183574, 0.5881077065915749)
(1.1055269646153851, 0.47323852921393095, 0.591299978579967)
(1.1055269646153851, 0.4771011526704961, 0.5945638731724565)
(1.1055269646153851, 0.48111214824816423, 0.5978938737139368)
(1.1055269646153851, 0.48527073228869555, 0.6012847827279557)
(1.1055269646153851, 0.48957513809074654, 0.6047311113886176)
(1.1055269646153851, 0.49402244991796707, 0.6082269212044366)
(1.1055269646153851, 0.49860808814023655, 0.6117663888249135)
(1.1055269646153851, 0.5033255334297035, 0.6153433615417969)
(1.1055269646153851, 0.5081666354246003, 0.6189520959398193)
(1.1055269646153851, 0.5131211413481807, 0.6225869039833809)
(1.1055269646153851, 0.5181753256400884, 0.6262413710524188)
(1.1055269646153851, 0.5233132123503615, 0.6299102272560774)
(1.1055269646153851, 0.5292602137469496, 0.6342776022477978)
(1.1055269646153851, 0.5354504385837973, 0.6388235954865039)
(1.1055269646153851, 0.5418793031877787, 0.643560634748076)
(1.1055269646153851, 0.548538565509213, 0.6485009547388266)
(1.1055269646153851, 0.5554162595818753, 0.6536590241637064)
(1.1055269646153851, 0.5624983429519244, 0.659049113370228)
(1.1055269646153851, 0.5697703572607727, 0.6646828437269947)
(1.1055269646153851, 0.5772156445103925, 0.6705715996322578)
(1.1055269646153851, 0.5848145346838345, 0.6767266652682165)
(1.1055269646153851, 0.5925446764505724, 0.6831570773537888)
(1.1055269646153851, 0.6003796902149132, 0.6898720988669089)
(1.1055269646153851, 0.6082921820981664, 0.6968826167960973)
(1.1055269646153851, 0.6162499352092304, 0.7041972102379501)
(1.1055269646153851, 0.6242226219200726, 0.7118242054121988)
(1.1055269646153851, 0.6321765480127581, 0.7197686666835658)
(1.1055269646153851, 0.6400785241518057, 0.7280346463660051)
(1.1055269646153851, 0.6478955102910771, 0.7366226810582407)
(1.1055269646153851, 0.6555973455752918, 0.74553075262383)
(1.1055269646153851, 0.6631542589215577, 0.7547537254947855)
(1.1055269646153851, 0.6705318301005041, 0.7642845838561071)
(1.1055269646153851, 0.6776947134646938, 0.7741188246610233)
(1.1055269646153851, 0.6846077787162754, 0.7842494518254839)
(1.1055269646153851, 0.6912375245105079, 0.7946662466382448)
(1.1055269646153851, 0.6975564180934958, 0.8053562310740162)
(1.1055269646153851, 0.7035406872358089, 0.8163029267154807)
(1.1055269646153851, 0.7091685913327154, 0.8274850009947383)
(1.1055269646153851, 0.7144186432709323, 0.8388771386436306)
(1.1055269646153851, 0.7192751786615437, 0.850455355256722)
(1.1055269646153851, 0.7237229657936118, 0.862191569449046)
(1.1055269646153851, 0.7277529427557416, 0.8740589656391987)
(1.1055269646153851, 0.7313598770891444, 0.8860296532567212)
(1.1055269646153851, 0.7345399660508911, 0.8980733849357988)
(1.1055269646153851, 0.7372933277696381, 0.9101575234470168)
(1.1055269646153851, 0.7396222739235265, 0.9222485744056563)
(1.1055269646153851, 0.7415327534867248, 0.9343118026323908)
(1.1055269646153851, 0.7430322208544106, 0.9463123776118073)
(1.1055269646153851, 0.7441322441123988, 0.9582157689579199)
(1.1055269646153851, 0.7448461965361205, 0.9699860551215986)
(1.1055269646153851, 0.7451894126991933, 0.9815896121464348)
(1.1055269646153851, 0.7451814027136145, 0.9929929193913258)
(1.1055269646153851, 0.74484106606192, 1.0041647674252174)
(1.1055269646153851, 0.7441905485825898, 1.0150745371864252)
(1.1055269646153851, 0.7432531974610829, 1.0256927742814668)
(1.1055269646153851, 0.742053210835857, 1.0359931428905962)
(1.1055269646153851, 0.7406153531027283, 1.0459513511201268)
(1.1055269646153851, 0.7389652704216869, 1.0555460397507161)
(1.1055269646153851, 0.7371282834980072, 1.0647583031517966)
(1.1055269646153851, 0.7351290871037595, 1.0735719529982612)
(1.1055269646153851, 0.73299346372748, 1.0819751299977183)
(1.1055269646153851, 0.7307460359847902, 1.0899573367502449)
(1.1055269646153851, 0.7284118273771347, 1.097511858629882)
(1.1055269646153851, 0.726015984629276, 1.1046334519245606)
(1.1055269646153851, 0.723580642795197, 1.1113194406613354)
(1.1055269646153851, 0.7211286870249153, 1.1175705776389548)
(1.1055269646153851, 0.7186835228952759, 1.1233879376477134)
(1.1055269646153851, 0.716272980445771, 1.1287821740362094)
(1.1055269646153851, 0.7139149871650183, 1.1337600507679622)
(1.1055269646153851, 0.7116249499179056, 1.1383314627711263)
(1.1055269646153851, 0.70941624838204, 1.1425076970421002)
(1.1055269646153851, 0.7073003056312248, 1.1463035788401494)
(1.1055269646153851, 0.7052875674612458, 1.14973542598006)
(1.1055269646153851, 0.7033858301748181, 1.1528192265372055)
(1.1055269646153851, 0.7016028257325242, 1.1555726695086472)
(1.1055269646153851, 0.6999429801780727, 1.15801376585762)
(1.1055269646153851, 0.6984098587139359, 1.160162100148737)
(1.1055269646153851, 0.6970053761536431, 1.1620372031871085)
(1.1055269646153851, 0.6957291430311565, 1.1636599067902242)
(1.1055269646153851, 0.6945758599837291, 1.1650519333263412)
(1.1055269646153851, 0.6935367080024478, 1.1662362983485923)
(1.1055269646153851, 0.6926055888247665, 1.167235450468285)
(1.1055269646153851, 0.6917781628433491, 1.1680678665782591)
(1.1055269646153851, 0.6910511774230995, 1.1687503370725818)
(1.1055269646153851, 0.6904225225371307, 1.169297851281805)
(1.1055269646153851, 0.6898871610787679, 1.1697247231788033)
(1.1055269646153851, 0.68943805298835, 1.1700452406320914)
(1.1055269646153851, 0.6890683785652113, 1.1702755121348294)
(1.1055269646153851, 0.6887717643463803, 1.1704309947470233)
(1.1055269646153851, 0.6885424967049169, 1.1705256797802346)
(1.1055269646153851, 0.6883752145490795, 1.1705729511236678)
(1.1055269646153851, 0.6882631728347025, 1.1705829299325061)
(1.1055269646153851, 0.6881988805921421, 1.1705635253410085)
(1.1055269646153851, 0.6881757620397965, 1.1705215811589864)
(1.1055269646153851, 0.6881870413810179, 1.1704633374325275)
(1.1055269646153851, 0.6882268501288736, 1.1703941810381064)
(1.1055269646153851, 0.6882889566923517, 1.1703186874603702)
(1.1055269646153851, 0.688368290643825, 1.1702405701242122)
(1.1055269646153851, 0.6884594935772789, 1.1701625137101928)
(1.1055269646153851, 0.688557826662442, 1.1700874732719881)
(1.1055269646153851, 0.6886592168940399, 1.1700168329986362)
(1.1055269646153851, 0.6887589674514553, 1.1699517564914648)
(1.1055269646153851, 0.6888541174236283, 1.1698921485811584)
(1.1055269646153851, 0.6889417528877738, 1.1698378278323511)
(1.1055269646153851, 0.68901956290569, 1.1697891383235492)
(1.1055269646153851, 0.6890858148728908, 1.1697456764135734)
(1.1055269646153851, 0.6891396841271581, 1.1697071104151382)
(1.1055269646153851, 0.6891807598257872, 1.169673117902578)
(1.1055269646153851, 0.6892093470550301, 1.1696433528781442)
(1.1055269646153851, 0.6892266630073259, 1.1696176202286113)
(1.1055269646153851, 0.6892340979854908, 1.1695951760011334)
(1.1055269646153851, 0.689233814412816, 1.1695757155707363)
(1.1055269646153851, 0.6892281666920633, 1.169558664992512)
(1.1055269646153851, 0.6892192131689726, 1.1695445902636403)
(1.1055269646153851, 0.6892105687486879, 1.1695340602315492)
(1.1055269646153851, 0.689205209850882, 1.1695277824998644)
(1.1055269646153851, 0.689205209850882, 1.1695277824998644)
(1.1055269646153851, 0.689205209850882, 1.1695277824998644)
(1.1055269646153851, 0.689205209850882, 1.1695277824998644)
(1.1055269646153851, 0.689205209850882, 1.1695277824998644)
(1.1055269646153851, 0.689205209850882, 1.1695277824998644)
(1.1055269646153851, 0.689205209850882, 1.1695277824998644)
(1.1055269646153851, 0.689205209850882, 1.1695277824998644)
(1.1055269646153851, 0.689205209850882, 1.1695277824998644)
(1.1055269646153851, 0.689205209850882, 1.1695277824998644)
(1.1055269646153851, 0.689205209850882, 1.1695277824998644)
(1.1055269646153851, 0.689205209850882, 1.1695277824998644)
(1.1055269646153851, 0.689205209850882, 1.1695277824998644)
(1.1055269646153851, 0.689205209850882, 1.1695277824998644)
(1.1055269646153851, 0.689205209850882, 1.1695277824998644)
(1.1055269646153851, 0.689205209850882, 1.1695277824998644)
(1.1055269646153851, 0.689205209850882, 1.1695277824998644)
(1.1055269646153851, 0.689205209850882, 1.1695277824998644)
(1.1055269646153851, 0.689205209850882, 1.1695277824998644)
(1.1055269646153851, 0.689205209850882, 1.1695277824998644)
(1.1055269646153851, 0.689205209850882, 1.1695277824998644)
(1.1055269646153851, 0.689205209850882, 1.1695277824998644)
(1.1055269646153851, 0.689205209850882, 1.1695277824998644)
(1.1055269646153851, 0.689205209850882, 1.1695277824998644)
(1.1055269646153851, 0.689205209850882, 1.1695277824998644)
(1.1055269646153851, 0.689205209850882, 1.1695277824998644)
(1.1055269646153851, 0.689205209850882, 1.1695277824998644)
(1.1055269646153851, 0.689205209850882, 1.1695277824998644)
(1.1055269646153851, 0.689205209850882, 1.1695277824998644)
(1.1055269646153851, 0.689205209850882, 1.1695277824998644)
(1.1055269646153851, 0.689205209850882, 1.1695277824998644)
(1.1055269646153851, 0.689205209850882, 1.1695277824998644)
(1.1055269646153851, 0.689205209850882, 1.1695277824998644)
(1.1055269646153851, 0.689205209850882, 1.1695277824998644)
(1.1055269646153851, 0.689205209850882, 1.1695277824998644)
(1.1055269646153851, 0.689205209850882, 1.1695277824998644)
(1.1055269646153851, 0.689205209850882, 1.1695277824998644)
(1.1055269646153851, 0.689205209850882, 1.1695277824998644)
(1.1055269646153851, 0.689205209850882, 1.1695277824998644)
(1.1055269646153851, 0.689205209850882, 1.1695277824998644)
(1.1055269646153851, 0.689205209850882, 1.1695277824998644)
(1.1055269646153851, 0.689205209850882, 1.1695277824998644)
(1.1055269646153851, 0.689205209850882, 1.1695277824998644)
(1.1055269646153851, 0.689205209850882, 1.1695277824998644)
(1.1055269646153851, 0.689205209850882, 1.1695277824998644)
(1.1055269646153851, 0.689205209850882, 1.1695277824998644)
(1.1055269646153851, 0.689205209850882, 1.1695277824998644)
(1.1055269646153851, 0.689205209850882, 1.1695277824998644)
(1.1055269646153851, 0.689205209850882, 1.1695277824998644)
(1.1055269646153851, 0.689205209850882, 1.1695277824998644)
(1.1055269646153851, 0.689205209850882, 1.1695277824998644)
(1.1055269646153851, 0.689205209850882, 1.1695277824998644)
(1.1055269646153851, 0.689205209850882, 1.1695277824998644)
(1.1055269646153851, 0.689205209850882, 1.1695277824998644)
(1.1055269646153851, 0.689205209850882, 1.1695277824998644)
(1.1055269646153851, 0.689205209850882, 1.1695277824998644)
(1.1055269646153851, 0.689205209850882, 1.1695277824998644)
(1.1055269646153851, 0.689205209850882, 1.1695277824998644)
(1.1055269646153851, 0.689205209850882, 1.1695277824998644)
(1.1055269646153851, 0.689205209850882, 1.1695277824998644)
(1.1055269646153851, 0.689205209850882, 1.1695277824998644)
(1.1055269646153851, 0.689205209850882, 1.1695277824998644)
(1.1055269646153851, 0.689205209850882, 1.1695277824998644)
(1.1055269646153851, 0.689205209850882, 1.1695277824998644)
(1.1055269646153851, 0.689205209850882, 1.1695277824998644)
(1.1055269646153851, 0.689205209850882, 1.1695277824998644)
(1.1055269646153851, 0.689205209850882, 1.1695277824998644)
(1.1055269646153851, 0.689205209850882, 1.1695277824998644)
(1.1055269646153851, 0.689205209850882, 1.1695277824998644)
(1.1055269646153851, 0.689205209850882, 1.1695277824998644)
(1.1055269646153851, 0.689205209850882, 1.1695277824998644)
(1.1055269646153851, 0.689205209850882, 1.1695277824998644)
(1.1055269646153851, 0.689205209850882, 1.1695277824998644)
(1.1055269646153851, 0.689205209850882, 1.1695277824998644)
(1.1055269646153851, 0.689205209850882, 1.1695277824998644)
(1.1055269646153851, 0.689205209850882, 1.1695277824998644)
(1.1055269646153851, 0.689205209850882, 1.1695277824998644)
(1.1055269646153851, 0.689205209850882, 1.1695277824998644)
(1.1055269646153851, 0.689205209850882, 1.1695277824998644)
(1.1055269646153851, 0.689205209850882, 1.1695277824998644)
(1.1055269646153851, 0.689205209850882, 1.1695277824998644)
(1.1055269646153851, 0.689205209850882, 1.1695277824998644)
(1.1055269646153851, 0.689205209850882, 1.1695277824998644)
(1.1055269646153851, 0.689205209850882, 1.1695277824998644)
(1.1055269646153851, 0.689205209850882, 1.1695277824998644)
(1.1055269646153851, 0.689205209850882, 1.1695277824998644)
(1.1055269646153851, 0.689205209850882, 1.1695277824998644)
(1.1055269646153851, 0.689205209850882, 1.1695277824998644)
(1.1055269646153851, 0.689205209850882, 1.1695277824998644)
(1.1055269646153851, 0.689205209850882, 1.1695277824998644)
(1.1055269646153851, 0.689205209850882, 1.1695277824998644)
(1.1055269646153851, 0.689205209850882, 1.1695277824998644)
(1.1055269646153851, 0.689205209850882, 1.1695277824998644)
(1.1055269646153851, 0.689205209850882, 1.1695277824998644)
(1.1055269646153851, 0.689205209850882, 1.1695277824998644)
(1.1055269646153851, 0.689205209850882, 1.1695277824998644)
(1.1055269646153851, 0.689205209850882, 1.1695277824998644)
(1.1055269646153851, 0.689205209850882, 1.1695277824998644)
(1.1055269646153851, 0.689205209850882, 1.1695277824998644)
(1.1055269646153851, 0.689205209850882, 1.1695277824998644)
(1.1055269646153851, 0.689205209850882, 1.1695277824998644)
(1.1055269646153851, 0.689205209850882, 1.1695277824998644)
(1.1055269646153851, 0.689205209850882, 1.1695277824998644)
(1.1055269646153851, 0.689205209850882, 1.1695277824998644)
(1.1055269646153851, 0.689205209850882, 1.1695277824998644)
(1.1055269646153851, 0.689205209850882, 1.1695277824998644)
(1.1055269646153851, 0.689205209850882, 1.1695277824998644)
(1.1055269646153851, 0.689205209850882, 1.1695277824998644)
(1.1055269646153851, 0.689205209850882, 1.1695277824998644)
(1.1055269646153851, 0.689205209850882, 1.1695277824998644)
(1.1055269646153851, 0.689205209850882, 1.1695277824998644)
(1.1055269646153851, 0.689205209850882, 1.1695277824998644)
(1.1055269646153851, 0.689205209850882, 1.1695277824998644)
(1.1055269646153851, 0.689205209850882, 1.1695277824998644)
(1.1055269646153851, 0.689205209850882, 1.1695277824998644)
(1.1055269646153851, 0.689205209850882, 1.1695277824998644)
(1.1055269646153851, 0.689205209850882, 1.1695277824998644)
(1.1055269646153851, 0.689205209850882, 1.1695277824998644)
(1.1055269646153851, 0.689205209850882, 1.1695277824998644)
(1.1055269646153851, 0.689205209850882, 1.1695277824998644)
(1.1055269646153851, 0.689205209850882, 1.1695277824998644)
(1.1055269646153851, 0.689205209850882, 1.1695277824998644)
(1.1055269646153851, 0.689205209850882, 1.1695277824998644)
(1.1055269646153851, 0.689205209850882, 1.1695277824998644)
(1.1055269646153851, 0.6892052098509219, 1.1695277824999324)
(1.1055269646153851, 0.6892052098509219, 1.1695277824999324)
(1.1055269646153851, 0.6892052098509219, 1.1695277824999324)
(1.1055269646153851, 0.6892052098509219, 1.1695277824999324)
(1.1055269646153851, 0.6892052098509219, 1.1695277824999324)
(1.1055269646153851, 0.6892052098509219, 1.1695277824999324)
(1.1055269646153851, 0.6892052098509219, 1.1695277824999326)
(1.1055269646153851, 0.6892052098509219, 1.1695277824999326)
(1.1055269646153851, 0.6892052098509219, 1.1695277824999326)
(1.1055269646153851, 0.6892052098509219, 1.1695277824999326)
(1.1055269646153851, 0.6892052098509219, 1.1695277824999326)
(1.1055269646153851, 0.6892052098509219, 1.1695277824999328)
(1.1055269646153851, 0.6892052098509219, 1.1695277824999328)
(1.1055269646153851, 0.6892052098509219, 1.1695277824999328)
(1.1055269646153851, 0.6892052098509219, 1.1695277824999328)
(1.1055269646153851, 0.6892052098509219, 1.169527782499933)
(1.1055269646153851, 0.6892052098509219, 1.169527782499933)
(1.1055269646153851, 0.6892052098509219, 1.169527782499933)
(1.1055269646153851, 0.6892052098509219, 1.169527782499933)
(1.1055269646153851, 0.6892052098509219, 1.1695277824999333)
(1.1055269646153851, 0.6892052098509219, 1.1695277824999333)
(1.1055269646153851, 0.6892052098509219, 1.1695277824999333)
(1.1055269646153851, 0.6892052098509219, 1.1695277824999335)
(1.1055269646153851, 0.6892052098509219, 1.1695277824999335)
(1.1055269646153851, 0.6892052098509219, 1.1695277824999337)
