(336.1595, 301.0082, 4.056754)
(338.3761, 301.8092, 6.010662)
(341.296, 302.8443, 8.288929)
(344.0369, 302.7524, 11.05251)
(346.3164, 302.1189, 14.04439)
(348.1533, 298.5962, 18.3021)
(348.6838, 296.068, 17.44861)
(347.0886, 299.28, 12.45177)
(343.2474, 300.1847, 9.575718)
(336.8087, 296.8025, 8.118135)
(335.6788, 296.8612, 7.215394)
(339.3779, 297.147, 5.914641)
(340.6995, 298.1879, 4.308235)
(337.5031, 297.4974, 2.863353)
(335.612, 296.9895, 2.730824)
(333.2494, 297.9615, 2.293439)
(331.2954, 299.2685, 1.119082)
(331.2954, 299.2685, 1.119082)
(328.9594, 301.3878, 359.4103)
(326.8117, 302.7912, 357.9844)
(324.8269, 303.8894, 356.6006)
(322.4383, 305.039, 354.5244)
(320.2881, 306.2607, 352.4839)
(317.7849, 307.1385, 350.2632)
(315.3843, 308.2618, 348.1976)
(312.8212, 309.7241, 345.9748)
(310.6889, 311.826, 343.5141)
(307.7577, 317.599, 337.5315)
(307.7577, 317.599, 337.5315)
(306.7547, 320.7401, 334.2617)
(306.6778, 324.4019, 330.182)
(306.294, 328.4655, 325.3936)
(305.3091, 332.7305, 319.9176)
(303.4006, 335.0092, 316.5805)
(302.0883, 336.3249, 314.6504)
(301.3687, 337.9125, 312.6055)
(301.1578, 339.9499, 310.2928)
(301.1365, 342.7122, 307.3016)
(301.6335, 346.1305, 303.9323)
(302.0771, 349.7222, 300.3504)
(302.283, 353.3361, 296.6461)
(301.8628, 359.9072, 289.7679)
(301.8628, 359.9072, 289.7679)
(301.6571, 3.596075, 286.1088)
(301.1765, 6.908634, 283.4803)
(301.0968, 2.782496, 286.4973)
(300.2581, 4.557868, 285.5175)
(299.6692, 5.349853, 284.4061)
(299.1187, 4.581568, 285.7047)
(298.8838, 3.391248, 287.2466)
(298.9419, 1.104277, 289.9)
(298.8003, 358.77, 292.156)
(298.4451, 358.5729, 292.2328)
(298.0468, 358.4485, 292.7014)
(295.8405, 358.5371, 292.2717)
(292.5261, 359.6507, 295.2907)
(296.7203, 352.9471, 302.0906)
(296.7203, 352.9471, 302.0906)
(300.8251, 343.9215, 310.7798)
(303.3512, 334.7835, 319.8394)
