(0.8036736, 0.1683035, 0.09039778)
(0.804536, 0.1658806, 0.09032363)
(0.8047597, 0.1641565, 0.09085461)
(0.8043593, 0.1633765, 0.09188804)
(0.8042939, 0.1621159, 0.09297123)
(0.804052, 0.1608974, 0.0942204)
(0.8040036, 0.1588248, 0.09512955)
(0.8044229, 0.1561983, 0.09636868)
(0.8048221, 0.1545722, 0.09854228)
(0.8051426, 0.1531148, 0.1005363)
(0.8056282, 0.1509454, 0.1024801)
(0.8064409, 0.1472513, 0.1030085)
(0.8075319, 0.1438694, 0.1042561)
(0.8084121, 0.1410568, 0.1059145)
(0.8106999, 0.1395979, 0.1084481)
(0.8130941, 0.1381704, 0.1106016)
(0.8144985, 0.1366012, 0.1127651)
(0.8151592, 0.1369314, 0.1159627)
(0.8151752, 0.136322, 0.1181888)
(0.813152, 0.1365677, 0.1187247)
(0.8154279, 0.1397586, 0.1212993)
(0.8191815, 0.1456097, 0.1252969)
(0.8208308, 0.150453, 0.1286213)
(0.8203604, 0.1564565, 0.1331528)
(0.8207351, 0.1608143, 0.1371007)
(0.8220952, 0.1664488, 0.1411996)
(0.8273318, 0.1741437, 0.1469178)
(0.8335894, 0.1834878, 0.1544308)
(0.8382439, 0.1937748, 0.1618514)
(0.839759, 0.207259, 0.169654)
(0.8385697, 0.2185818, 0.1754863)
(0.8386545, 0.2286718, 0.1816001)
(0.8423699, 0.2395807, 0.189553)
(0.8520947, 0.2497062, 0.1984209)
(0.8623176, 0.2582791, 0.2056013)
(0.8696014, 0.2677498, 0.2121623)
(0.8722515, 0.2756064, 0.2166225)
(0.8718081, 0.2816734, 0.2190033)
(0.8725036, 0.2883782, 0.2222961)
(0.874448, 0.2914986, 0.2224012)
(0.8777764, 0.293619, 0.222275)
(0.8817227, 0.2934627, 0.2210556)
(0.8847132, 0.2925113, 0.2199085)
(0.8869541, 0.2917934, 0.2190569)
(0.8893302, 0.2928937, 0.2195784)
(0.8924333, 0.2938247, 0.2198216)
(0.8954281, 0.2958433, 0.2204819)
(0.8971942, 0.2992119, 0.2220171)
(0.8979313, 0.3024812, 0.2238963)
(0.8992611, 0.3045702, 0.2247222)
(0.899931, 0.3058032, 0.2246941)
(0.9013482, 0.3075086, 0.2254388)
(0.9040573, 0.3101906, 0.2273335)
(0.9069948, 0.3112625, 0.2282588)
(0.9090207, 0.3113622, 0.2283224)
(0.9091554, 0.3134093, 0.229016)
(0.9092429, 0.3166931, 0.2309481)
(0.9094165, 0.3204353, 0.2332182)
(0.9105231, 0.3225389, 0.23415)
(0.9130859, 0.3220461, 0.2331181)
(0.9148949, 0.3190927, 0.2304494)
(0.9157776, 0.314323, 0.2268456)
(0.9143292, 0.3090431, 0.2208072)
(0.9123183, 0.3066442, 0.2166551)
(0.9130383, 0.3075713, 0.2152365)
(0.9140298, 0.3082701, 0.2138293)
(0.9155714, 0.311924, 0.2142271)
(0.9159328, 0.3093299, 0.2107842)
(0.9169004, 0.3047282, 0.2052766)
(0.9191142, 0.2986993, 0.1986003)
(0.9205683, 0.2937033, 0.1922172)
(0.9201806, 0.2915886, 0.1870376)
(0.9164063, 0.2918525, 0.1830455)
(0.9125984, 0.2889589, 0.1760448)
(0.91127, 0.2858909, 0.1698283)
(0.9148601, 0.2811806, 0.1617712)
(0.918818, 0.2790934, 0.1567867)
(0.9225414, 0.2780139, 0.1518386)
(0.9231232, 0.2767283, 0.145809)
(0.9193108, 0.2751748, 0.137541)
(0.9131778, 0.2690465, 0.1237772)
(0.908959, 0.2672907, 0.1137757)
(0.9114084, 0.2673199, 0.1081796)
(0.9191825, 0.263396, 0.09929432)
(0.9235169, 0.2600123, 0.09032244)
(0.9215506, 0.2572246, 0.08173048)
(0.9158554, 0.2538021, 0.07107313)
(0.9158687, 0.2453865, 0.05774282)
(0.9163233, 0.2285858, 0.03888425)
(0.9098051, 0.2080252, 0.01515596)
(0.8989746, 0.1981502, 0.0007390215)
(0.8831483, 0.2001536, 6.280369)
(0.8793685, 0.1914127, 6.268647)
(0.881058, 0.1737247, 6.249322)
(0.8821967, 0.160139, 6.23349)
(0.887211, 0.150587, 6.223042)
(0.8848255, 0.1465613, 6.218024)
(0.8806877, 0.1424092, 6.21508)
(0.8794339, 0.1344393, 6.208454)
(0.8787345, 0.1248065, 6.2003)
(0.8762462, 0.108859, 6.187717)
(0.874524, 0.09786998, 6.181081)
(0.8752143, 0.09145276, 6.18003)
(0.8748946, 0.08456986, 6.176337)
(0.8752347, 0.07567174, 6.172033)
(0.8736626, 0.06229489, 6.165228)
(0.8709164, 0.04949747, 6.156778)
(0.8703979, 0.03788154, 6.149553)
(0.8701876, 0.03015309, 6.14567)
(0.8694946, 0.02588309, 6.145062)
(0.8690394, 0.0241871, 6.145706)
(0.8676533, 0.02798271, 6.151591)
(0.8664149, 0.02849228, 6.154548)
(0.8653849, 0.02712977, 6.156063)
(0.8643415, 0.02119689, 6.155128)
(0.8635677, 0.01365336, 6.152405)
(0.8616074, 0.006009477, 6.149791)
(0.8592806, 0.001977351, 6.149864)
(0.8575151, 0.002088877, 6.152307)
(0.8559085, 0.002645543, 6.155138)
(0.8545248, 0.005825419, 6.159941)
(0.8530352, 0.007928961, 6.164047)
(0.852773, 0.009587483, 6.167774)
(0.8540165, 0.007489921, 6.170344)
(0.8529954, 0.004569313, 6.172434)
(0.850154, 0.001123672, 6.173131)
(0.8478839, 0.0002846963, 6.174211)
(0.8464168, 0.002499789, 6.177382)
(0.8449143, 0.004502703, 6.180793)
(0.8445509, 0.007705729, 6.185924)
(0.8450504, 0.01026565, 6.190845)
(0.8472129, 0.009450477, 6.194006)
(0.8480383, 0.007510989, 6.196084)
(0.8477703, 0.003700145, 6.196564)
(0.8460926, 0.0009733658, 6.196155)
(0.8447596, 0.002556349, 6.198144)
(0.8446058, 0.005767501, 6.20208)
(0.8446719, 0.01122315, 6.207459)
(0.8445986, 0.01631657, 6.212763)
(0.8445535, 0.0197014, 6.216074)
(0.8444559, 0.01997006, 6.216767)
(0.8443137, 0.02095207, 6.218103)
(0.8434203, 0.02035447, 6.216999)
(0.8429337, 0.02359857, 6.218992)
(0.8430663, 0.03018394, 6.224813)
(0.8422906, 0.03703742, 6.230992)
(0.8414163, 0.04273866, 6.235916)
(0.8412165, 0.04491574, 6.239892)
(0.8416792, 0.04639237, 6.241373)
(0.8419116, 0.04917594, 6.243705)
(0.8424197, 0.05463464, 6.247451)
(0.8415213, 0.06371021, 6.25413)
(0.8393027, 0.07291789, 6.262566)
(0.839033, 0.07946265, 6.269558)
(0.843969, 0.08377876, 6.27411)
(0.8495272, 0.08904248, 6.278877)
(0.8547717, 0.09569479, 0.001172938)
(0.8529382, 0.1012847, 0.00565597)
(0.8441108, 0.1043357, 0.007870486)
(0.8375098, 0.109561, 0.01195393)
(0.8357706, 0.117109, 0.01847141)
(0.8412338, 0.1244167, 0.02658719)
(0.8459591, 0.1288117, 0.03248782)
(0.8524286, 0.1306583, 0.0375785)
(0.8526662, 0.1324306, 0.04120762)
(0.849209, 0.1326698, 0.04215412)
(0.8466983, 0.1349348, 0.04452559)
(0.8443443, 0.1416911, 0.05074066)
(0.8432429, 0.1480964, 0.0559875)
(0.8400602, 0.156055, 0.06051228)
(0.8377069, 0.1617471, 0.06379051)
(0.8380929, 0.1658516, 0.0671679)
(0.8401095, 0.1707052, 0.07045586)
(0.8397332, 0.1760399, 0.07377502)
(0.8350066, 0.1805621, 0.07630376)
(0.829812, 0.184084, 0.07784155)
(0.8280542, 0.1843598, 0.07849582)
(0.8286649, 0.1872008, 0.0811075)
(0.8388498, 0.1913739, 0.08433968)
(0.8409858, 0.2054469, 0.09115934)
(0.8357302, 0.2257956, 0.10131)
(0.8299459, 0.2458977, 0.1110512)
(0.8278344, 0.2600673, 0.11714)
(0.8302474, 0.2681119, 0.1183599)
(0.8367148, 0.2724966, 0.1198928)
(0.8424683, 0.277081, 0.1228228)
(0.8502212, 0.2766555, 0.1239947)
(0.8525332, 0.2793594, 0.1248707)
(0.8484892, 0.2875239, 0.1273872)
(0.8435597, 0.2943989, 0.1295713)
(0.8348434, 0.2998357, 0.1300142)
(0.8288649, 0.3033514, 0.1294551)
(0.8273267, 0.3074179, 0.1305295)
(0.8261255, 0.3127644, 0.1325289)
(0.8273371, 0.3156645, 0.1338307)
(0.8254158, 0.3172767, 0.1340575)
(0.8221378, 0.3195342, 0.134394)
(0.8186483, 0.3222577, 0.1354894)
(0.8168836, 0.3252614, 0.1375653)
(0.8155187, 0.3269362, 0.1384271)
(0.8138375, 0.3269145, 0.1381391)
(0.8119504, 0.3253022, 0.1368073)
(0.808888, 0.3253922, 0.1366612)
(0.8063966, 0.3269677, 0.1379106)
(0.8050549, 0.3288472, 0.1396882)
(0.8049368, 0.3290342, 0.1398851)
(0.8045075, 0.3277825, 0.1391723)
(0.8025291, 0.3268944, 0.1383763)
(0.800846, 0.3261838, 0.1377169)
(0.7985529, 0.3255877, 0.1367326)
(0.7963017, 0.3240634, 0.1356021)
(0.7947353, 0.3230563, 0.1350262)
(0.7936023, 0.3220936, 0.1346805)
(0.792666, 0.3190052, 0.1336809)
(0.7908993, 0.3152038, 0.1327521)
(0.788281, 0.31143, 0.1315912)
(0.7861542, 0.3074805, 0.1297487)
(0.7839952, 0.3053336, 0.1290551)
(0.7810922, 0.3051198, 0.12911)
(0.776449, 0.3044382, 0.128899)
(0.7715136, 0.3034867, 0.1290341)
(0.7654561, 0.3008976, 0.1288144)
(0.7615612, 0.296984, 0.1280706)
(0.7596524, 0.290262, 0.1263342)
(0.7574753, 0.2831867, 0.1247941)
(0.7546684, 0.2780232, 0.1234568)
(0.7509903, 0.2745738, 0.1231037)
(0.7478877, 0.2714856, 0.1233686)
(0.7453563, 0.2682589, 0.1239238)
(0.7432028, 0.2651694, 0.1245052)
(0.7426745, 0.2610018, 0.125)
(0.7427138, 0.2542699, 0.1242652)
(0.7405897, 0.2473563, 0.1218772)
(0.7357883, 0.2442683, 0.1197334)
(0.7350804, 0.2425292, 0.1206866)
(0.7365351, 0.241228, 0.1214467)
(0.7386448, 0.2385143, 0.1219732)
(0.7429459, 0.2349465, 0.122397)
(0.7440169, 0.2329526, 0.122318)
(0.7398881, 0.234901, 0.1225973)
(0.7384444, 0.2343373, 0.122896)
(0.7380968, 0.2332699, 0.1221302)
(0.7377946, 0.2276472, 0.1182693)
(0.738564, 0.2211442, 0.1136546)
(0.7395488, 0.2172813, 0.1111644)
(0.7400869, 0.2148175, 0.1095861)
(0.7409396, 0.2152721, 0.1100674)
(0.7426599, 0.2167761, 0.1122932)
(0.7438052, 0.2159897, 0.1124118)
(0.7439999, 0.2148827, 0.112305)
(0.7418641, 0.2125362, 0.1119819)
(0.7402909, 0.2086485, 0.1100046)
(0.7390302, 0.2052217, 0.1080213)
(0.7381908, 0.2010524, 0.1056678)
(0.7386848, 0.1983448, 0.1042698)
(0.7383745, 0.1958935, 0.1037646)
(0.7372289, 0.1933767, 0.1032031)
(0.7359622, 0.1902199, 0.1013095)
(0.7350833, 0.1876478, 0.1001507)
(0.7341342, 0.1866013, 0.100043)
(0.733646, 0.1847536, 0.09948082)
(0.7330836, 0.1823356, 0.09866594)
(0.7330579, 0.1782111, 0.0967496)
(0.7324881, 0.1753402, 0.09554857)
(0.7323897, 0.1733947, 0.09493513)
(0.7321522, 0.172288, 0.09494881)
(0.7315269, 0.1720836, 0.09529194)
(0.7314032, 0.1705449, 0.09469741)
(0.7311323, 0.1691714, 0.09393964)
(0.7311468, 0.1663196, 0.09239639)
(0.731209, 0.1636754, 0.09074271)
(0.7314218, 0.1617224, 0.08938462)
