(-216.1961, 0.3358841, -8.531439)
(-212.5544, 0.5197287, -8.45747)
(-210.6743, 0.6630421, -8.423519)
(-206.6836, 1.016426, -8.241785)
(-200.8523, 1.278782, -7.92501)
(-196.6959, 1.174331, -7.440197)
(-196.6959, 1.174331, -7.440197)
(-194.3194, 1.267719, -7.062602)
(-192.1156, 1.234794, -6.735873)
(-189.8058, 1.201034, -6.388295)
(-187.6301, 1.124525, -6.023574)
(-183.7748, 0.9119987, -5.337441)
(-182.1278, 0.7096529, -5.081487)
(-180.701, 0.4866838, -4.824328)
(-179.2275, 0.3896475, -4.529119)
(-178.1828, 0.2970695, -4.298186)
(-177.2626, 0.1177549, -4.047287)
(-176.0883, 0.0962019, -3.714991)
