(-9942.429, 2348.551, 1052.057)
(23.3707, 49.78177, -15.71739)
(0, 0, 0)
(25.35674, 181.5218, 7.093699)
(48.13956, 163.9752, -17.16499)
(0, 0, 0)
(3.874526, 125.1768, -29.8646)
(1.700058, 18.20219, -2.844889)
(-30.27622, 63.78916, -16.37974)
(-17.50902, 42.58963, 3.438198)
(-27.54251, 28.11772, 5.281143)
(-48.48486, 56.8488, 9.752757)
(-117.6391, 87.11638, 19.66934)
(-39.50929, 13.94422, 2.672647)
(-117.9123, 41.17601, 9.192506)
(-81.20563, 25.17235, 5.000404)
(-161.7882, 56.98968, 7.256545)
(0, 0, 0)
(-132.5462, 48.48266, -4.578975)
(-170.0348, 51.22311, -23.73133)
(0, 0, 0)
(-155.5358, 30.13488, -19.97687)
(-102.7518, 18.9997, -9.973612)
(0, 0, 0)
(-90.76258, 13.70428, -4.942362)
(-129.3017, 5.017099, -5.39351)
(0, 0, 0)
(-72.53962, -9.843873, -1.483971)
(-76.41718, -35.26793, 7.762214)
(0, 0, 0)
(-60.23833, -43.06663, 19.22856)
(-9.603806, -8.272863, 2.57462)
(-84.61385, -123.3077, 18.43339)
(-8.410279, -28.44813, 3.848391)
(-3.193959, -19.30713, 1.553267)
(-3.340563, -53.80579, 9.871046)
(5.16067, -27.29142, 8.3183)
(5.675381, -14.9826, 4.507644)
(20.91771, -73.41466, 9.985217)
(11.81182, -31.69002, 8.303342)
