(-29.62757, -3.189445, 164.8521)
(-29.65768, -3.185678, 164.8359)
(-29.61349, -3.219938, 164.8568)
(-29.53997, -3.196692, 164.8685)
(-29.49244, -3.171563, 164.8918)
(-29.46588, -3.150964, 164.9074)
(-29.45949, -3.136253, 164.9032)
(-29.50563, -3.102374, 164.8647)
(-29.50571, -3.109503, 164.8585)
(-29.47851, -3.111768, 164.8546)
(-29.43229, -3.095889, 164.8963)
(-29.37763, -3.090978, 164.9293)
(-29.34695, -3.074288, 164.9471)
(-29.31069, -3.045464, 164.9636)
(-29.30333, -3.023958, 164.9637)
(-29.29586, -3.002524, 164.9687)
(-29.30362, -3.001595, 164.9684)
(-29.38922, -3.19984, 164.9017)
(-29.35084, -3.200936, 164.8985)
(-29.3268, -3.195715, 164.9212)
(-29.32409, -3.24378, 164.9187)
(-29.29717, -3.243232, 164.9272)
(-29.29726, -3.236032, 164.9368)
(-29.30569, -3.258777, 164.9261)
(-29.34049, -3.247976, 164.9056)
(-29.37785, -3.241205, 164.9024)
(-29.40297, -3.25036, 164.878)
(-29.40499, -3.243542, 164.8585)
(-29.40486, -3.241181, 164.8535)
(-29.39815, -3.234649, 164.8518)
(-29.34589, -3.243756, 164.876)
(-29.31425, -3.254223, 164.9107)
(-29.28701, -3.255844, 164.9333)
(-29.27921, -3.239608, 164.9419)
(-29.26019, -3.24235, 164.9538)
(-29.26089, -3.270626, 164.9504)
(-29.25259, -3.272367, 164.948)
(-29.25008, -3.260851, 164.9468)
(-29.2295, -3.248072, 164.9609)
(-29.1801, -3.247428, 164.9665)
(-29.14699, -3.246284, 164.9797)
(-29.14006, -3.246856, 165.0069)
(-29.14563, -3.231692, 165.0045)
(-29.14006, -3.238893, 165.0094)
(-29.20329, -3.352475, 164.965)
(-29.22316, -3.372765, 164.9532)
(-29.24901, -3.375483, 164.9717)
(-29.25335, -3.335047, 164.9667)
(-29.28333, -3.335977, 164.9447)
(-29.30561, -3.333426, 164.9229)
(-29.2896, -3.296638, 164.939)
(-29.28082, -3.302431, 164.9563)
(-29.24672, -3.3113, 164.9913)
(-29.22836, -3.315663, 164.999)
(-29.22766, -3.312707, 164.9962)
