(0.01877373, 0.3404977, 0.9400579)
(0.01955063, 0.3356168, 0.9417957)
(0.0200392, 0.3304386, 0.9436147)
(0.02064486, 0.3245355, 0.9456482)
(0.02102393, 0.3181953, 0.9477921)
(0.02104797, 0.3092454, 0.9507493)
(0.02110239, 0.3010665, 0.9533696)
(0.02101354, 0.2938322, 0.955626)
(0.02123154, 0.2869432, 0.9577123)
(0.02180084, 0.2795706, 0.9598776)
(0.02222161, 0.2733426, 0.96166)
(0.0226501, 0.2675758, 0.9632705)
(0.02321606, 0.263264, 0.9644445)
(0.02342922, 0.2593139, 0.9655089)
(0.02384648, 0.2575917, 0.9659595)
(0.02414512, 0.2543435, 0.9668125)
(0.0243954, 0.2511893, 0.9676305)
(0.02435463, 0.2476011, 0.9685559)
(0.02444643, 0.2429802, 0.9697232)
(0.02363456, 0.2380953, 0.9709542)
(0.02275269, 0.2347082, 0.9717996)
(0.02210758, 0.2320378, 0.9724555)
(0.02156489, 0.2290718, 0.9731706)
(0.02079733, 0.2265948, 0.973767)
(0.02030557, 0.2234601, 0.9745016)
(0.01960045, 0.2198218, 0.9753431)
(0.01888002, 0.2157169, 0.9762734)
(0.01832054, 0.2105874, 0.9774033)
(0.01808245, 0.2046316, 0.978672)
(0.01815439, 0.1992023, 0.9797902)
(0.01894187, 0.1945099, 0.9807177)
(0.0197046, 0.1886019, 0.9818559)
(0.02061992, 0.1833427, 0.9828328)
(0.02190034, 0.1785519, 0.9836867)
(0.02272762, 0.1724189, 0.9847615)
(0.02386545, 0.1664521, 0.9857607)
(0.02471047, 0.1622307, 0.9864434)
(0.02557113, 0.1592799, 0.9869022)
(0.02624579, 0.1571862, 0.9872202)
(0.02709, 0.1558207, 0.9874138)
(0.0274609, 0.1533954, 0.9877833)
(0.02760942, 0.1513283, 0.9880979)
(0.02748977, 0.1493843, 0.988397)
(0.0278818, 0.1466823, 0.9887906)
(0.02750476, 0.1417033, 0.989527)
(0.02720552, 0.13742, 0.9901392)
(0.02679323, 0.1324968, 0.9908212)
(0.02641961, 0.127509, 0.9914855)
(0.02635068, 0.122984, 0.9920588)
(0.02620163, 0.1177345, 0.9926994)
(0.0269081, 0.1126441, 0.993271)
(0.02763418, 0.1085566, 0.9937061)
(0.02850255, 0.1052441, 0.9940379)
(0.02940915, 0.1038311, 0.9941601)
(0.03024155, 0.1045425, 0.9940605)
(0.0307234, 0.1044076, 0.9940599)
(0.03130462, 0.1037596, 0.9941096)
(0.03188198, 0.1035951, 0.9941084)
(0.03221777, 0.1030114, 0.9941583)
(0.03234418, 0.1020887, 0.9942493)
(0.0329466, 0.1010226, 0.9943385)
(0.03360642, 0.1006461, 0.9943545)
(0.03458995, 0.1007739, 0.9943079)
(0.03566355, 0.1011037, 0.9942365)
(0.03679177, 0.1009466, 0.9942113)
(0.03768154, 0.1010475, 0.9941677)
(0.0387882, 0.1009307, 0.994137)
(0.03974131, 0.09985433, 0.9942081)
(0.04099687, 0.09790388, 0.9943511)
(0.04197173, 0.09589551, 0.9945061)
(0.04323412, 0.09286588, 0.9947395)
(0.04405745, 0.08994792, 0.9949715)
(0.04514123, 0.08765711, 0.9951274)
(0.04625884, 0.08547945, 0.9952655)
(0.04707493, 0.08342259, 0.9954017)
(0.04795196, 0.08113563, 0.9955489)
(0.04913145, 0.07873789, 0.9956839)
(0.0498847, 0.07762323, 0.995734)
(0.05099251, 0.07599241, 0.9958037)
(0.05193186, 0.07381684, 0.9959188)
(0.05252229, 0.07107206, 0.9960874)
(0.05312649, 0.06925989, 0.996183)
(0.05345949, 0.06730772, 0.996299)
(0.05350738, 0.06593395, 0.9963883)
(0.05374072, 0.06482872, 0.9964483)
(0.05376662, 0.06345318, 0.9965354)
(0.05301924, 0.06187848, 0.9966745)
(0.05274019, 0.06068156, 0.9967629)
(0.05200903, 0.05947255, 0.9968742)
(0.0510246, 0.05780088, 0.9970233)
(0.05020662, 0.05638587, 0.9971459)
(0.04966073, 0.05588784, 0.9972013)
(0.04896459, 0.05764947, 0.9971354)
(0.0484778, 0.05835247, 0.9971183)
(0.0479128, 0.05947544, 0.9970793)
(0.04730492, 0.05980425, 0.9970886)
(0.04712047, 0.06025718, 0.9970701)
(0.04707826, 0.06185485, 0.9969742)
(0.04690026, 0.06347236, 0.9968809)
(0.04722592, 0.06387554, 0.9968398)
(0.04716878, 0.06230685, 0.9969418)
(0.04670966, 0.06077893, 0.9970577)
(0.04602887, 0.05814833, 0.9972463)
(0.04512196, 0.05645037, 0.9973853)
(0.0446634, 0.05585353, 0.9974395)
(0.04464709, 0.05681833, 0.9973857)
(0.04448531, 0.05937159, 0.9972442)
(0.04393281, 0.06289958, 0.9970524)
(0.0429897, 0.06593347, 0.9968975)
(0.04246036, 0.07010313, 0.9966357)
(0.04186216, 0.07455447, 0.9963379)
(0.04179598, 0.07967512, 0.9959443)
(0.04219741, 0.08416413, 0.995558)
(0.04225787, 0.08780529, 0.9952409)
(0.04235777, 0.09054483, 0.9949912)
(0.04206266, 0.0940627, 0.9946773)
(0.0414547, 0.09900694, 0.9942229)
(0.04121379, 0.1039724, 0.9937259)
(0.04059331, 0.1085775, 0.9932588)
(0.04004544, 0.1123262, 0.9928641)
(0.03974735, 0.1146258, 0.9926133)
(0.03964177, 0.1160807, 0.9924484)
(0.03883092, 0.1144639, 0.9926682)
(0.03826687, 0.1132344, 0.9928311)
(0.03772093, 0.1121455, 0.9929756)
(0.03691801, 0.1114754, 0.9930812)
(0.03625689, 0.1135833, 0.9928667)
(0.03583835, 0.119308, 0.9922103)
(0.03539275, 0.1239037, 0.9916629)
(0.03511218, 0.1277872, 0.9911799)
(0.03525545, 0.1325012, 0.9905556)
(0.03529537, 0.1367877, 0.9899714)
(0.03486885, 0.1394089, 0.9896208)
(0.0341585, 0.1413589, 0.9893689)
(0.03289556, 0.1424386, 0.9892569)
(0.0315624, 0.1427238, 0.9892592)
(0.03052944, 0.1433104, 0.9892068)
(0.02995134, 0.1441434, 0.9891034)
(0.02931317, 0.1433776, 0.9892339)
(0.02828251, 0.1408639, 0.9896249)
(0.02692505, 0.1387489, 0.9899615)
(0.02602625, 0.1375002, 0.9901597)
(0.02470804, 0.1364607, 0.9903373)
(0.02305342, 0.1357391, 0.9904764)
(0.02135345, 0.134944, 0.9906231)
(0.01972443, 0.1349434, 0.990657)
(0.018248, 0.1359611, 0.9905461)
(0.01718248, 0.1376161, 0.9903366)
(0.0161001, 0.1386298, 0.9902134)
(0.014708, 0.1388312, 0.9902068)
(0.01330659, 0.1388416, 0.9902252)
(0.01192571, 0.1390316, 0.9902161)
(0.01039905, 0.1398209, 0.9901222)
(0.009226022, 0.139622, 0.9901619)
(0.008055538, 0.1393476, 0.9902108)
(0.006795254, 0.1397998, 0.9901565)
(0.005789865, 0.1399117, 0.9901471)
(0.005066648, 0.1403731, 0.9900857)
(0.004275536, 0.1400281, 0.9901383)
(0.003408795, 0.1396933, 0.990189)
(0.002162334, 0.1391645, 0.9902669)
(0.0007729586, 0.1384145, 0.9903741)
(-8.921884E-05, 0.13711, 0.9905558)
(-0.0003694873, 0.1360729, 0.9906988)
(-0.0003747623, 0.1347195, 0.9908837)
(-0.0002868269, 0.1333935, 0.9910631)
(0.0002459623, 0.1325838, 0.9911718)
(0.001368055, 0.1301734, 0.9914903)
(0.002454054, 0.1269587, 0.991905)
(0.00356701, 0.1236946, 0.9923139)
(0.004735498, 0.1198986, 0.9927748)
(0.00552395, 0.1159545, 0.9932392)
(0.006397886, 0.112519, 0.993629)
(0.007423809, 0.1097173, 0.9939351)
(0.008549482, 0.1074662, 0.994172)
(0.009900728, 0.1053603, 0.9943848)
(0.01131684, 0.1038699, 0.9945265)
(0.01299991, 0.1029083, 0.9946059)
(0.01419477, 0.1016376, 0.9947202)
(0.01588173, 0.1010702, 0.9947525)
(0.01782046, 0.1006781, 0.9947594)
(0.02021928, 0.1016221, 0.9946176)
(0.02268721, 0.1024869, 0.9944756)
(0.02535099, 0.1028486, 0.9943739)
(0.02831705, 0.1021136, 0.9943696)
(0.03079625, 0.1014659, 0.9943622)
(0.0330074, 0.1008165, 0.9943573)
(0.03556775, 0.09982509, 0.9943691)
(0.03851338, 0.09895811, 0.994346)
(0.04128399, 0.09965255, 0.9941655)
(0.04372374, 0.1021102, 0.9938117)
(0.04526174, 0.1037796, 0.9935699)
(0.04639003, 0.1042793, 0.9934655)
(0.04615739, 0.1038433, 0.993522)
(0.04509241, 0.1038886, 0.9935662)
(0.04449883, 0.1045489, 0.9935237)
(0.04361458, 0.1049502, 0.9935206)
(0.04253316, 0.1054123, 0.9935186)
(0.04216139, 0.106542, 0.9934139)
(0.04168893, 0.1061491, 0.9934759)
(0.04089471, 0.1061725, 0.9935064)
(0.04028405, 0.1070902, 0.9934329)
(0.03982478, 0.1089172, 0.9932528)
(0.03920496, 0.1119794, 0.9929368)
(0.03879628, 0.1173717, 0.99233)
(0.03818227, 0.119773, 0.9920668)
(0.03978042, 0.1286376, 0.9908935)
(0.04077467, 0.1307077, 0.9905821)
(0.0425804, 0.1300136, 0.9905975)
(0.04385678, 0.130469, 0.9904819)
(0.04684738, 0.1245008, 0.9911129)
(0.04884545, 0.1230392, 0.991199)
(0.05155763, 0.1196785, 0.9914731)
(0.05233063, 0.1142095, 0.9920775)
(0.05210484, 0.1113702, 0.9924121)
(0.05226386, 0.1093194, 0.9926317)
(0.05183697, 0.1069148, 0.992916)
(0.05148051, 0.1046006, 0.993181)
(0.05169866, 0.1028995, 0.9933473)
(0.05092507, 0.102754, 0.9934024)
(0.04926356, 0.1022732, 0.9935358)
(0.04742938, 0.1022456, 0.9936278)
(0.04513784, 0.1027902, 0.9936784)
(0.04301886, 0.1037686, 0.9936707)
(0.04122376, 0.1047732, 0.9936414)
(0.03949093, 0.1046322, 0.9937266)
(0.0379925, 0.1033637, 0.9939178)
(0.03699504, 0.1011604, 0.9941821)
(0.03615611, 0.09869593, 0.9944606)
(0.03570406, 0.0958609, 0.9947542)
(0.03579215, 0.09303931, 0.9950189)
(0.03610665, 0.08993526, 0.9952929)
(0.03571067, 0.08761459, 0.9955142)
(0.0353523, 0.08602101, 0.9956659)
(0.0348333, 0.08455469, 0.9958098)
(0.03405114, 0.08425573, 0.9958622)
(0.03311517, 0.0839328, 0.995921)
(0.03240361, 0.08189552, 0.996114)
(0.03176731, 0.0797918, 0.9963052)
(0.03143673, 0.07860473, 0.9964101)
(0.03158063, 0.07744361, 0.9964964)
(0.03162153, 0.07696526, 0.9965322)
(0.03234271, 0.07713228, 0.9964961)
(0.03356513, 0.07708513, 0.9964594)
(0.03446914, 0.07711919, 0.9964259)
(0.03513906, 0.07654984, 0.9964464)
(0.0357804, 0.07510473, 0.9965335)
(0.03631428, 0.07366897, 0.9966214)
(0.03731938, 0.0729177, 0.9966395)
(0.03863056, 0.07240822, 0.9966267)
(0.03949416, 0.07185739, 0.9966327)
(0.04037755, 0.07124644, 0.9966412)
(0.04132916, 0.07085478, 0.9966301)
(0.0417942, 0.07047365, 0.9966377)
(0.04200089, 0.06965394, 0.9966866)
(0.04236501, 0.06812008, 0.9967772)
(0.04239884, 0.0661903, 0.9969058)
(0.04215755, 0.06413448, 0.9970504)
(0.04186214, 0.06304362, 0.9971324)
(0.04151444, 0.06289815, 0.9971561)
(0.0414288, 0.06308852, 0.9971477)
(0.04132845, 0.06181304, 0.9972317)
(0.04109296, 0.06057676, 0.9973173)
(0.04086986, 0.06029722, 0.9973434)
(0.0409918, 0.05938431, 0.9973932)
(0.04081613, 0.05665743, 0.997559)
(0.04072426, 0.05373795, 0.9977243)
(0.04074652, 0.05207285, 0.9978117)
(0.04054095, 0.0515961, 0.9978448)
(0.04020828, 0.05152668, 0.9978619)
(0.03982827, 0.05057206, 0.9979259)
(0.03930929, 0.05037672, 0.9979564)
(0.03846351, 0.04970736, 0.9980229)
(0.03787185, 0.04732056, 0.9981616)
(0.03724647, 0.0460742, 0.9982434)
(0.03694795, 0.04567878, 0.9982727)
(0.03708766, 0.04551445, 0.998275)
(0.0371717, 0.04544977, 0.9982748)
(0.03727918, 0.04666639, 0.9982147)
(0.03753978, 0.04916838, 0.9980848)
(0.03757881, 0.05130731, 0.9979756)
(0.03814567, 0.05107047, 0.9979663)
(0.03896508, 0.05241413, 0.997865)
(0.03982329, 0.05551476, 0.9976634)
(0.04065748, 0.0587022, 0.9974473)
(0.04093732, 0.05971628, 0.9973756)
(0.04050599, 0.05839697, 0.9974713)
(0.03949166, 0.0569875, 0.9975935)
(0.0393927, 0.05717254, 0.9975868)
(0.03916341, 0.0582507, 0.9975335)
(0.03958286, 0.06010849, 0.9974067)
(0.04054553, 0.06313664, 0.9971809)
(0.04142997, 0.06655327, 0.9969224)
(0.04294559, 0.07118795, 0.996538)
(0.04416785, 0.07495468, 0.9962083)
(0.04503825, 0.07804818, 0.9959317)
(0.0463278, 0.08139136, 0.9956049)
(0.04885074, 0.08836702, 0.9948894)
(0.05058707, 0.09224175, 0.9944508)
(0.052832, 0.09501921, 0.9940725)
(0.05503535, 0.0981231, 0.9936513)
(0.05656983, 0.09950337, 0.9934279)
(0.05704964, 0.1020319, 0.9931439)
(0.05585327, 0.1041159, 0.9929956)
(0.05367957, 0.1033874, 0.9931916)
(0.05349918, 0.1039455, 0.9931431)
(0.05426876, 0.100758, 0.9934298)
(0.05515269, 0.09634057, 0.9938192)
(0.05591489, 0.09326316, 0.9940702)
(0.05532321, 0.08991562, 0.9944116)
(0.05377631, 0.0898514, 0.9945023)
(0.05206149, 0.09105255, 0.9944843)
(0.04981773, 0.09356342, 0.9943662)
(0.04807033, 0.09621354, 0.9941993)
(0.04597762, 0.0984567, 0.9940786)
(0.04406225, 0.09906106, 0.9941053)
(0.04179904, 0.1005452, 0.9940541)
(0.03913683, 0.1033201, 0.9938779)
(0.0362891, 0.106052, 0.9936982)
(0.03402441, 0.1078662, 0.993583)
(0.03185376, 0.1090447, 0.9935263)
(0.03029947, 0.108741, 0.9936082)
(0.02922793, 0.1076189, 0.9937625)
(0.02832038, 0.1060759, 0.9939547)
(0.02721667, 0.10516, 0.9940828)
(0.02593898, 0.1038473, 0.9942549)
(0.02422434, 0.1025833, 0.9944294)
(0.0223837, 0.1017418, 0.994559)
(0.02116679, 0.1009121, 0.9946702)
(0.02052493, 0.0995734, 0.9948185)
(0.01993949, 0.0985406, 0.9949332)
(0.01969966, 0.09808889, 0.9949827)
(0.01941984, 0.09882091, 0.9949157)
(0.01873883, 0.1001087, 0.9948)
(0.01807218, 0.1015698, 0.9946643)
(0.01749379, 0.1030396, 0.9945234)
(0.01686023, 0.1041181, 0.994422)
(0.01669975, 0.1043731, 0.994398)
(0.01698768, 0.10423, 0.9944081)
(0.01685137, 0.1035584, 0.9944806)
(0.01674925, 0.1028214, 0.9945588)
(0.0168769, 0.1016161, 0.9946805)
(0.0170975, 0.1000216, 0.9948384)
(0.01754611, 0.09779534, 0.9950519)
(0.01833139, 0.09591435, 0.9952208)
(0.01874981, 0.0929944, 0.9954901)
(0.01904375, 0.09014904, 0.9957462)
(0.01927521, 0.08724478, 0.9960004)
(0.01953543, 0.0856653, 0.9961324)
(0.01969508, 0.08485555, 0.9961986)
(0.0209771, 0.08452176, 0.9962008)
(0.0215465, 0.08414233, 0.9962208)
(0.02315381, 0.08430026, 0.9961714)
(0.0249688, 0.08484957, 0.9960809)
(0.0267716, 0.08442689, 0.99607)
(0.02798365, 0.08359943, 0.9961064)
(0.02958127, 0.08304685, 0.9961065)
(0.03103611, 0.08298343, 0.9960675)
(0.03233642, 0.08199161, 0.9961083)
(0.03405838, 0.0813936, 0.9960999)
(0.03591104, 0.08099458, 0.9960674)
(0.03806111, 0.08023052, 0.9960494)
(0.04052116, 0.07973906, 0.9959918)
(0.0425055, 0.07910325, 0.9959598)
(0.04448631, 0.07829057, 0.9959375)
(0.04637651, 0.0781322, 0.9958637)
(0.04840441, 0.07809564, 0.9957701)
(0.05074065, 0.07772284, 0.995683)
(0.05334936, 0.07818347, 0.9955105)
(0.0556869, 0.07860059, 0.9953496)
(0.0580822, 0.07908148, 0.9951746)
(0.06051662, 0.07976409, 0.9949751)
(0.06271767, 0.07967779, 0.9948457)
(0.0647411, 0.07928406, 0.9947475)
(0.06647479, 0.08028237, 0.9945531)
(0.06801604, 0.08167416, 0.9943355)
(0.06878538, 0.0825159, 0.9942131)
(0.06930965, 0.08241323, 0.9941852)
(0.06974465, 0.08270007, 0.994131)
(0.06989264, 0.08397952, 0.9940133)
(0.07033242, 0.08518673, 0.9938796)
(0.0707537, 0.08478896, 0.9938837)
(0.07101686, 0.08449227, 0.9938902)
(0.07074498, 0.08545665, 0.9938271)
(0.07043663, 0.08683694, 0.9937294)
(0.06948648, 0.08791496, 0.9937015)
(0.06835709, 0.0885729, 0.9937214)
(0.06757008, 0.08950488, 0.9936917)
(0.06695142, 0.09110422, 0.9935882)
(0.06641749, 0.09355441, 0.9933963)
(0.06624421, 0.09675126, 0.9931017)
(0.06675406, 0.1006146, 0.9926835)
(0.0673924, 0.1040805, 0.992283)
(0.06761339, 0.1058573, 0.99208)
(0.06748215, 0.104999, 0.9921801)
(0.06662438, 0.1035552, 0.9923898)
(0.06566077, 0.1028136, 0.9925311)
(0.0647541, 0.1011978, 0.9927567)
(0.06394784, 0.09866225, 0.9930642)
(0.06372433, 0.09594945, 0.9933443)
(0.06317517, 0.09460111, 0.9935087)
(0.06535542, 0.09482224, 0.9933466)
(0.06633415, 0.0946232, 0.9933007)
(0.06700955, 0.09462343, 0.9932553)
(0.06720415, 0.09421741, 0.9932808)
(0.0661551, 0.09574175, 0.9932054)
(0.06585804, 0.09624449, 0.9931766)
(0.06555007, 0.09701261, 0.9931222)
(0.06543206, 0.09813944, 0.9930193)
(0.06531727, 0.09902548, 0.9929389)
(0.06484861, 0.0995651, 0.9929156)
(0.06403383, 0.09899466, 0.9930255)
(0.06328679, 0.09844691, 0.9931279)
(0.06179605, 0.0976462, 0.9933008)
(0.06071714, 0.09669086, 0.9934608)
(0.05962085, 0.09575528, 0.9936178)
(0.05832583, 0.09034961, 0.9942007)
(0.05733379, 0.08610783, 0.9946347)
(0.05713854, 0.08077975, 0.9950929)
(0.05686171, 0.07610604, 0.9954771)
(0.05677956, 0.07249077, 0.9957516)
(0.05696263, 0.06960052, 0.9959473)
(0.05757584, 0.06696744, 0.9960926)
(0.05823623, 0.06480459, 0.9961972)
(0.05894773, 0.06294904, 0.9962744)
(0.0598968, 0.06019477, 0.996388)
(0.06070594, 0.05774583, 0.9964839)
(0.0617152, 0.05560572, 0.9965436)
(0.06282388, 0.05471271, 0.9965238)
(0.06351179, 0.05377366, 0.9965313)
(0.0645454, 0.05248892, 0.9965334)
(0.06604194, 0.05357836, 0.9963773)
(0.0672102, 0.05243599, 0.99636)
(0.06881341, 0.04962305, 0.9963946)
(0.07038293, 0.04658043, 0.9964319)
(0.07190988, 0.04227, 0.996515)
(0.0735861, 0.03861756, 0.9965409)
(0.07490024, 0.03570097, 0.9965518)
(0.07613987, 0.03315431, 0.9965458)
(0.07712908, 0.03119316, 0.996533)
(0.0778669, 0.02935344, 0.9965315)
(0.07835412, 0.02758906, 0.9965438)
(0.07875308, 0.02679916, 0.9965339)
(0.07943864, 0.02604632, 0.9964994)
(0.07962619, 0.02517868, 0.9965068)
(0.0802222, 0.02397761, 0.9964886)
(0.08007513, 0.02332583, 0.9965159)
(0.08029079, 0.02253284, 0.9965168)
(0.07988494, 0.02094307, 0.9965841)
(0.07944974, 0.02069389, 0.9966241)
(0.07884197, 0.01948054, 0.9966968)
(0.07837366, 0.01748664, 0.9967707)
(0.07799582, 0.01689285, 0.9968106)
(0.07753174, 0.01593506, 0.9968625)
(0.07715458, 0.01481798, 0.996909)
(0.07677619, 0.01370163, 0.9969542)
(0.07639913, 0.0125801, 0.996998)
(0.07533813, 0.008639451, 0.9971206)
(0.07492072, 0.006848156, 0.997166)
(0.0746231, 0.006347471, 0.9971916)
(0.07390957, 0.005596262, 0.9972492)
(0.07286522, 0.004289353, 0.9973326)
(0.07146835, 0.004271613, 0.9974337)
(0.07025233, 0.004205646, 0.9975204)
(0.06932352, 0.004136845, 0.9975857)
(0.06850643, 0.004319292, 0.9976413)
(0.06763297, 0.004505784, 0.9977001)
(0.06696291, 0.004840115, 0.9977437)
(0.06621807, 0.004639467, 0.9977944)
(0.06553526, 0.004977126, 0.9978378)
(0.06511177, 0.005446438, 0.9978631)
(0.06471657, 0.006440382, 0.9978829)
(0.06401882, 0.006253727, 0.9979291)
(0.06361461, 0.004683953, 0.9979635)
(0.06291554, 0.003233801, 0.9980136)
(0.06217554, 0.002152356, 0.9980629)
(0.06159718, 0.002224678, 0.9980986)
(0.06087899, 0.003101711, 0.9981403)
(0.06034768, 0.004170126, 0.9981687)
(0.05979471, 0.004608201, 0.9982001)
(0.05884726, 0.003501989, 0.9982609)
(0.05782435, 0.003234304, 0.9983215)
(0.05637151, 0.003005936, 0.9984053)
(0.05465161, 0.002319119, 0.9985028)
(0.05274424, 0.002415838, 0.9986051)
(0.05131, 0.003820741, 0.9986755)
(0.05017764, 0.006248025, 0.9987208)
(0.0491768, 0.01192833, 0.9987189)
(0.0482957, 0.01965377, 0.9986397)
(0.04708586, 0.02863932, 0.9984802)
(0.0455296, 0.03685174, 0.998283)
(0.04396614, 0.04478639, 0.9980286)
(0.04270231, 0.0536133, 0.9976483)
(0.04129084, 0.06320334, 0.9971461)
(0.03981263, 0.07268458, 0.99656)
(0.03822237, 0.08113072, 0.9959703)
(0.03651607, 0.09046362, 0.9952301)
(0.03460658, 0.1007353, 0.9943112)
(0.03219952, 0.1110021, 0.9932984)
(0.02933092, 0.1202409, 0.9923114)
(0.02668625, 0.1290303, 0.9912815)
(0.02441555, 0.1380529, 0.9901239)
(0.02211734, 0.1469854, 0.9888914)
(0.01888851, 0.1569582, 0.9874246)
(0.01622083, 0.166682, 0.9858773)
(0.01270433, 0.176963, 0.9841355)
(0.009519808, 0.1878202, 0.9821573)
(0.006097153, 0.1993639, 0.9799066)
(0.002940036, 0.2101922, 0.9776556)
(0.0006600022, 0.2194332, 0.9756273)
(-0.001648199, 0.2288819, 0.9734528)
(-0.003148429, 0.2380203, 0.9712551)
(-0.004930187, 0.2477414, 0.9688137)
(-0.006501686, 0.2565156, 0.9665182)
(-0.0074348, 0.2643335, 0.9644027)
(-0.008263037, 0.2726978, 0.9620643)
(-0.008377779, 0.278583, 0.9603756)
(-0.009010959, 0.2841417, 0.9587399)
(-0.009576689, 0.2899884, 0.9569823)
(-0.01082614, 0.2950812, 0.9554108)
(-0.01234819, 0.2987565, 0.9542495)
(-0.01365698, 0.3032156, 0.9528241)
(-0.01477727, 0.307974, 0.95128)
(-0.01613084, 0.3103108, 0.9504983)
(-0.01746845, 0.3132375, 0.9495142)
(-0.01904745, 0.3162024, 0.9485005)
(-0.02088737, 0.3185166, 0.9476871)
(-0.02342182, 0.3211112, 0.9467518)
(-0.02595679, 0.3240708, 0.9456767)
(-0.02973113, 0.3265501, 0.9447122)
(-0.03389996, 0.3296966, 0.9434781)
(-0.03806448, 0.3321015, 0.9424753)
(-0.04239139, 0.333763, 0.9417034)
(-0.0462028, 0.3362888, 0.9406249)
(-0.05104347, 0.3381889, 0.939693)
(-0.05503295, 0.3406862, 0.938565)
(-0.05882221, 0.3439524, 0.9371428)
(-0.06226388, 0.3464131, 0.9360135)
(-0.06542252, 0.3483662, 0.9350727)
(-0.06875269, 0.3491893, 0.9345266)
(-0.07201882, 0.3503842, 0.9338331)
(-0.07501658, 0.3490487, 0.9340972)
(-0.07827593, 0.3484761, 0.9340435)
(-0.08111321, 0.3484681, 0.9338044)
(-0.08390639, 0.3490925, 0.9333242)
(-0.08650751, 0.3507548, 0.9324632)
(-0.08845434, 0.3525951, 0.931586)
(-0.0908538, 0.3541096, 0.9307803)
(-0.09161628, 0.3580282, 0.9292052)
(-0.09274822, 0.3612855, 0.9278311)
(-0.09330114, 0.3637748, 0.9268025)
(-0.09307704, 0.3662982, 0.9258306)
(-0.09248421, 0.3685398, 0.9250001)
(-0.09155691, 0.3711965, 0.9240295)
(-0.09135011, 0.3728155, 0.923398)
(-0.09027949, 0.3747995, 0.9226998)
(-0.08941208, 0.3781671, 0.9214093)
(-0.08946685, 0.3810063, 0.9202336)
(-0.08904034, 0.3830869, 0.9194108)
(-0.08849338, 0.3847392, 0.9187735)
(-0.08803096, 0.3869979, 0.9178689)
(-0.08717312, 0.3935947, 0.9151416)
(-0.08646599, 0.3987638, 0.9129683)
(-0.08590459, 0.4038536, 0.9107814)
(-0.08546452, 0.408269, 0.9088522)
(-0.08563829, 0.4120631, 0.9071219)
(-0.0854331, 0.414906, 0.9058444)
(-0.08522773, 0.4160983, 0.9053168)
(-0.08465202, 0.4177171, 0.9046251)
(-0.0840714, 0.4199114, 0.9036628)
(-0.08245239, 0.4191743, 0.9041541)
(-0.08122949, 0.4190258, 0.9043335)
(-0.07984111, 0.419985, 0.9040122)
(-0.07870372, 0.421443, 0.9034332)
(-0.0785533, 0.4229616, 0.9027363)
(-0.07840016, 0.4251828, 0.9017056)
(-0.07833594, 0.427042, 0.9008322)
(-0.07848375, 0.4289575, 0.8999088)
(-0.07834754, 0.4308734, 0.8990049)
(-0.07782012, 0.4325427, 0.8982488)
(-0.07688762, 0.4328988, 0.8981575)
(-0.0758394, 0.4325476, 0.8984158)
(-0.07443387, 0.4311805, 0.8991902)
(-0.07343857, 0.4300271, 0.8998241)
(-0.07236377, 0.4290064, 0.9003983)
(-0.07137694, 0.4274536, 0.9012151)
(-0.07043176, 0.4256783, 0.9021294)
(-0.06925391, 0.4249011, 0.9025868)
(-0.06808209, 0.4237524, 0.9032158)
(-0.06682362, 0.4226701, 0.9038167)
(-0.06526124, 0.4212485, 0.9045942)
