(0.08072263, -0.7977964, 0.5974988)
(0.07958281, -0.798012, 0.5973638)
(0.07860457, -0.7984946, 0.5968482)
(0.07758808, -0.7986391, 0.5967879)
(0.07603813, -0.7990974, 0.5963737)
(0.07458274, -0.800529, 0.594635)
(0.07402372, -0.8008227, 0.5943093)
(0.07316584, -0.8015872, 0.5933843)
(0.07244865, -0.8031906, 0.5913003)
(0.07168373, -0.8049948, 0.5889354)
(0.07021073, -0.8073141, 0.5859303)
(0.06911266, -0.8093587, 0.5832341)
(0.06876363, -0.8117981, 0.5798754)
(0.06829467, -0.8142255, 0.5765178)
(0.06972216, -0.8162754, 0.5734398)
(0.07085697, -0.8177387, 0.5712117)
(0.07317144, -0.8189043, 0.5692467)
(0.07553101, -0.8191285, 0.5686154)
(0.07780526, -0.8192651, 0.5681118)
(0.08129006, -0.8188335, 0.5682462)
(0.08437812, -0.8197869, 0.5664183)
(0.0896532, -0.8232505, 0.5605541)
(0.09571195, -0.8281522, 0.5522709)
(0.1021229, -0.8316976, 0.5457563)
(0.1086425, -0.8329017, 0.5426522)
(0.1166237, -0.8320176, 0.542352)
(0.1230737, -0.832911, 0.5395482)
(0.1289794, -0.8356814, 0.5338547)
(0.1351431, -0.8377059, 0.5291364)
(0.1407804, -0.837528, 0.5279467)
(0.1438019, -0.8363979, 0.528923)
(0.1469056, -0.8356439, 0.5292616)
(0.1495195, -0.8334994, 0.5319047)
(0.152907, -0.8330599, 0.5316302)
(0.1559104, -0.8325354, 0.5315795)
(0.1590007, -0.8307769, 0.5334123)
(0.1622954, -0.8291132, 0.5350059)
(0.1650247, -0.8279544, 0.535965)
(0.167097, -0.8282179, 0.5349147)
(0.1689869, -0.8291488, 0.532875)
(0.1707614, -0.8303433, 0.5304438)
(0.172351, -0.8318021, 0.5276367)
(0.1746527, -0.8324536, 0.5258494)
(0.1769326, -0.8316599, 0.5263428)
(0.1789752, -0.8291548, 0.5295944)
(0.1808821, -0.8279749, 0.5307912)
(0.1815277, -0.8281541, 0.530291)
(0.1818085, -0.8294517, 0.5281625)
(0.1813175, -0.8315369, 0.5250431)
(0.1809937, -0.8327193, 0.5232781)
(0.1816902, -0.8327203, 0.5230349)
(0.1829326, -0.8322182, 0.5234009)
(0.1843965, -0.8309343, 0.5249249)
(0.1852639, -0.8288115, 0.5279666)
(0.1858778, -0.8283668, 0.5284486)
(0.1866508, -0.8287518, 0.5275717)
(0.1872018, -0.8289956, 0.5269932)
(0.1859165, -0.8301944, 0.5255591)
(0.1851514, -0.830292, 0.5256749)
(0.1855848, -0.828867, 0.5277669)
(0.1859947, -0.8276379, 0.5295485)
(0.1865854, -0.8253645, 0.5328783)
(0.1868507, -0.824149, 0.5346637)
(0.1866134, -0.8232177, 0.536179)
(0.1858986, -0.8215456, 0.5389848)
(0.1865842, -0.8204343, 0.5404387)
(0.1871416, -0.8178585, 0.5441374)
(0.1836417, -0.8153939, 0.5490069)
(0.1803886, -0.8142369, 0.5517955)
(0.1804377, -0.8111424, 0.5563185)
(0.1819821, -0.8054727, 0.5640003)
(0.1803537, -0.8066097, 0.5628973)
(0.1766329, -0.8161052, 0.5502481)
(0.174139, -0.825138, 0.5374225)
(0.1725382, -0.8279918, 0.5335355)
(0.1714241, -0.8229831, 0.5415834)
(0.1730669, -0.8116549, 0.5579106)
(0.1747277, -0.8031324, 0.5696039)
(0.1741028, -0.799264, 0.575209)
(0.1716152, -0.7971282, 0.5789083)
(0.1681699, -0.7960986, 0.581331)
(0.1629239, -0.7961678, 0.5827287)
(0.1563374, -0.7989002, 0.58079)
(0.1504302, -0.8021509, 0.5778622)
(0.1441828, -0.8090089, 0.5698385)
(0.1374565, -0.8143991, 0.5637906)
(0.1303864, -0.8178853, 0.5604133)
(0.1244254, -0.8199002, 0.5588219)
(0.1188244, -0.8188787, 0.5615323)
(0.1152796, -0.8167028, 0.5654265)
(0.1118586, -0.8162378, 0.5667834)
(0.1078188, -0.8170271, 0.566429)
(0.1030839, -0.8184155, 0.565305)
(0.1000829, -0.8199634, 0.5635987)
(0.09769773, -0.8208106, 0.5627834)
(0.09467466, -0.8210523, 0.5629475)
(0.09160155, -0.8210793, 0.5634164)
(0.08837369, -0.8211744, 0.5637931)
(0.08538498, -0.8223367, 0.5625583)
(0.08306247, -0.8247104, 0.5594224)
(0.08182105, -0.8263627, 0.5571625)
(0.08111466, -0.8274273, 0.5556839)
(0.08053346, -0.8278151, 0.5551906)
(0.07999279, -0.8288273, 0.5537567)
(0.07919151, -0.8306065, 0.5512002)
(0.07865107, -0.8315324, 0.5498798)
(0.07828646, -0.8329105, 0.5478424)
(0.07787725, -0.8337924, 0.5465577)
(0.07711078, -0.8345631, 0.5454891)
(0.07632515, -0.8356366, 0.543954)
(0.07554032, -0.8367047, 0.5424194)
(0.07453843, -0.8371766, 0.5418297)
(0.07286845, -0.8368251, 0.5425993)
(0.07130314, -0.8375791, 0.5416431)
(0.06981178, -0.8384966, 0.5404164)
(0.06923454, -0.8395138, 0.5389093)
(0.06851383, -0.8401316, 0.538038)
(0.06778979, -0.8405475, 0.5374796)
(0.06860899, -0.8397164, 0.5386736)
(0.06858051, -0.8394629, 0.5390722)
(0.068983, -0.8383763, 0.5407091)
(0.06835681, -0.8374888, 0.5421622)
(0.0673396, -0.8365197, 0.5437832)
(0.06754682, -0.8344303, 0.5469584)
(0.06728102, -0.8324673, 0.5499741)
(0.06613488, -0.8321016, 0.5506661)
(0.06395395, -0.8341481, 0.5478202)
(0.06425193, -0.8369938, 0.5434273)
(0.06642988, -0.8382674, 0.5411977)
(0.06759313, -0.8373019, 0.5425466)
(0.06988931, -0.8318673, 0.5505565)
(0.07258957, -0.8257307, 0.5593743)
(0.07480331, -0.8219619, 0.5646088)
(0.07759488, -0.8204197, 0.5664722)
(0.0797307, -0.8192624, 0.5678487)
(0.08035275, -0.8191394, 0.5679383)
(0.08063543, -0.8204464, 0.5660086)
(0.08361702, -0.8170189, 0.5705159)
(0.08871749, -0.8087833, 0.5813767)
(0.09318516, -0.7997234, 0.5930928)
(0.09707858, -0.7923254, 0.6023258)
(0.1001205, -0.7858671, 0.6102366)
(0.103127, -0.7811541, 0.6157622)
(0.1058581, -0.7780814, 0.6191796)
(0.1084576, -0.77686, 0.6202626)
(0.1095408, -0.7831078, 0.6121625)
(0.1100895, -0.7897089, 0.6035231)
(0.1119034, -0.7935905, 0.5980734)
(0.1160232, -0.7980149, 0.5913635)
(0.1214159, -0.7992325, 0.5886303)
(0.1254504, -0.7995868, 0.5873015)
(0.1294199, -0.7973526, 0.5894738)
(0.1328909, -0.7938563, 0.5934072)
(0.1361459, -0.7922317, 0.5948389)
(0.1374789, -0.7920626, 0.5947573)
(0.1391261, -0.7918459, 0.594663)
(0.1406838, -0.7926278, 0.5932533)
(0.1427612, -0.7933849, 0.5917429)
(0.1451458, -0.7927364, 0.5920319)
(0.1478228, -0.7913321, 0.5932469)
(0.1507974, -0.7877791, 0.5972137)
(0.1522942, -0.7861152, 0.5990237)
(0.1542433, -0.7856804, 0.5990954)
(0.154562, -0.7875305, 0.5965788)
(0.1545447, -0.7895937, 0.5938499)
(0.1548376, -0.7909922, 0.5919093)
(0.1541023, -0.7933556, 0.5889306)
(0.1542614, -0.795027, 0.5866306)
(0.154805, -0.7957749, 0.5854721)
(0.1560591, -0.7941843, 0.5872962)
(0.1574017, -0.793384, 0.5880193)
(0.1566084, -0.7936605, 0.5878578)
(0.1558085, -0.7942316, 0.5872989)
(0.1567618, -0.7951512, 0.5857989)
(0.157755, -0.7954278, 0.5851564)
(0.158242, -0.7953854, 0.5850825)
(0.1594599, -0.7934504, 0.5873747)
(0.1599364, -0.7919684, 0.5892423)
(0.1593408, -0.7894635, 0.5927545)
(0.1595638, -0.7868372, 0.5961768)
(0.1597215, -0.7844221, 0.5993088)
(0.160343, -0.7815999, 0.6028197)
(0.1613345, -0.7801007, 0.6044948)
(0.1616246, -0.7794501, 0.6052561)
(0.1614136, -0.7805179, 0.603935)
(0.1618235, -0.7830129, 0.6005864)
(0.1619516, -0.7844156, 0.5987185)
(0.1625153, -0.7849944, 0.5978065)
(0.1639036, -0.7840134, 0.5987141)
(0.1648343, -0.7835151, 0.5991108)
(0.1648766, -0.7844247, 0.5979077)
(0.164913, -0.7883214, 0.5927504)
(0.1651731, -0.7920359, 0.5877049)
(0.1658246, -0.7947457, 0.5838506)
(0.165862, -0.7955307, 0.5827698)
(0.1655159, -0.7967866, 0.5811502)
(0.1656757, -0.7963066, 0.5817623)
(0.1664136, -0.7962045, 0.5816915)
(0.166233, -0.7955444, 0.5826454)
(0.1650875, -0.7945123, 0.5843768)
(0.1640925, -0.7935077, 0.5860198)
(0.1631023, -0.7931269, 0.5868113)
(0.1606308, -0.7932353, 0.5873461)
(0.1578671, -0.7932394, 0.5880895)
(0.1559746, -0.7933064, 0.588504)
(0.1545659, -0.7936085, 0.5884683)
(0.1536997, -0.7935827, 0.5887299)
(0.1532672, -0.7932453, 0.5892971)
(0.1533471, -0.7918442, 0.5911578)
(0.1527417, -0.7909631, 0.5924925)
(0.1519045, -0.7909536, 0.5927204)
(0.1515351, -0.7915159, 0.592064)
(0.151249, -0.7918605, 0.5916762)
(0.1509828, -0.7918698, 0.5917318)
(0.1501249, -0.7918658, 0.5919554)
(0.1494744, -0.7914027, 0.5927386)
(0.1489876, -0.7902389, 0.5944116)
(0.1475134, -0.7892311, 0.5961158)
(0.1458439, -0.7884495, 0.5975592)
(0.1442339, -0.7880412, 0.5984879)
(0.1419792, -0.7877546, 0.5994037)
(0.1398862, -0.7878079, 0.5998255)
(0.1373571, -0.7883164, 0.599742)
(0.1347347, -0.7888579, 0.5996248)
(0.1328876, -0.7890363, 0.5998021)
(0.1307322, -0.7897655, 0.5993159)
(0.1285944, -0.7903033, 0.5990695)
(0.1269173, -0.7904336, 0.5992552)
(0.1254453, -0.7902105, 0.5998591)
(0.1242829, -0.7893537, 0.6012275)
(0.1231748, -0.7887812, 0.6022061)
(0.1218955, -0.7886656, 0.6026177)
(0.1204395, -0.7894912, 0.6018288)
(0.1196339, -0.790211, 0.6010444)
