(-79.02024, 3.503442, 91.9438)
(-79.06837, 4.702854, 92.67564)
(-79.25793, 5.730581, 93.25701)
(-79.10262, 6.952095, 94.01646)
(-79.05872, 8.324814, 94.69312)
(-78.99335, 9.668255, 95.42427)
(-78.92355, 10.93867, 96.22392)
(-78.95221, 12.22563, 97.08839)
(-78.88481, 13.34279, 97.96786)
(-78.8696, 14.18319, 98.87917)
(-78.92351, 14.96165, 99.77813)
(-78.91185, 15.69993, 100.8474)
(-78.97806, 16.3213, 101.7896)
(-79.17551, 16.71681, 102.7957)
(-79.24189, 17.11781, 103.9819)
(-79.44945, 17.20974, 105.0752)
(-79.75277, 17.21549, 106.2909)
(-79.93843, 17.27796, 107.483)
(-80.26862, 16.95049, 108.6373)
(-80.64983, 16.53092, 109.7593)
(-80.92293, 16.18545, 110.941)
(-81.27758, 15.48462, 112.0637)
(-81.64301, 14.65185, 113.1507)
(-82.00437, 13.887, 114.2436)
(-82.44668, 12.71315, 115.2435)
(-82.90461, 11.51679, 116.3647)
(-83.34439, 10.46133, 117.3631)
(-83.82449, 9.235096, 118.2755)
(-84.29311, 7.955194, 119.1608)
(-84.7887, 6.694102, 119.9164)
(-85.30777, 5.498123, 120.6992)
(-85.88961, 4.300618, 121.4283)
(-86.53504, 3.187799, 121.9742)
(-87.1591, 2.174067, 122.5869)
(-87.77129, 1.081705, 123.0087)
(-88.39691, -0.01423359, 123.2908)
