(-26.78084, 14.31038, 26.0849)
(-26.68028, 15.61818, 25.60234)
(-26.68028, 15.61818, 25.60234)
(-26.56276, 16.22627, 25.37203)
(-26.51827, 16.73191, 25.19972)
(-26.40347, 17.53423, 25.35499)
(-26.37642, 18.05718, 25.51956)
(-26.29387, 18.7602, 25.6256)
(-26.18334, 19.61905, 25.54457)
(-26.04151, 20.60384, 25.3484)
(-25.99104, 21.72264, 25.29602)
(-25.98467, 22.74292, 25.25096)
(-26.06742, 23.89038, 25.26879)
(-26.1277, 24.98608, 25.3207)
(-26.19939, 26.02627, 25.34518)
(-26.2521, 27.00119, 25.37942)
(-26.31645, 28.08902, 25.46432)
(-26.44882, 29.11506, 25.55308)
(-26.57642, 30.15253, 25.64833)
(-26.75672, 31.22654, 25.80803)
(-27.00512, 32.23271, 25.89061)
(-27.91116, 33.92774, 26.21622)
(-27.91116, 33.92774, 26.21622)
(-28.58734, 34.71938, 26.32847)
(-29.35097, 35.42402, 26.51417)
(-29.94852, 36.06871, 26.67772)
(-30.71411, 36.49953, 26.77498)
(-31.55608, 36.87849, 26.99639)
(-32.35149, 37.22874, 27.23809)
(-33.35815, 37.63633, 27.44881)
(-34.2773, 37.95195, 27.69222)
(-35.29298, 38.15158, 27.93157)
(-37.54077, 38.39059, 28.40812)
(-37.54077, 38.39059, 28.40812)
(-38.8274, 38.24617, 28.62473)
(-41.22751, 38.00014, 29.06634)
(-41.22751, 38.00014, 29.06634)
(-42.22927, 37.89054, 29.25787)
(-43.41888, 37.7555, 29.50454)
(-44.46583, 37.61243, 29.75628)
(-45.50078, 37.38456, 29.97726)
(-46.49699, 37.19004, 30.21374)
(-47.50473, 36.93321, 30.45458)
(-48.51811, 36.47437, 30.6087)
(-49.4446, 35.9719, 30.786)
(-50.32344, 35.45359, 30.98526)
(-51.21279, 34.88105, 31.20728)
(-51.94077, 34.45116, 31.44348)
(-53.24447, 33.66973, 31.87477)
(-53.92344, 33.16832, 32.11052)
(-54.33502, 32.81047, 32.23386)
(-54.33502, 32.81047, 32.23386)
(-54.81312, 32.27409, 32.33884)
(-55.20189, 31.73403, 32.45151)
(-55.59747, 31.19963, 32.50455)
(-55.84206, 30.63736, 32.49939)
(-56.0828, 30.42595, 32.53524)
(-56.25622, 30.1607, 32.47992)
(-56.36809, 29.89744, 32.34135)
(-56.54337, 29.58315, 32.22588)
(-56.71375, 29.15807, 32.11774)
(-56.81739, 28.6634, 31.96584)
(-56.87239, 28.24754, 31.94788)
(-56.87187, 27.89877, 31.82296)
(-56.59222, 27.39713, 31.85673)
(-56.40223, 27.11223, 31.77277)
(-56.21359, 26.84165, 31.78773)
(-56.12974, 26.61009, 31.82161)
(-56.0688, 26.35742, 31.73023)
(-56.09467, 26.09221, 31.6856)
(-56.25212, 25.82565, 31.64909)
