(19.76838, 159.6083, 11002.28)
(38.67696, 113.9797, 198.4263)
(-1.988632, 54.14202, 89.51147)
(-58.14732, 153.7417, 243.879)
(-12.45869, 41.07456, 100.8919)
(20.19213, 146.3637, 180.1763)
(6.585186, 38.09593, 72.42191)
(52.13205, 129.9886, 260.9241)
(16.68162, 29.16707, 61.75506)
(45.70992, 241.0677, 482.986)
(-8.55896, 54.07089, 121.6094)
(2.27725, 140.8131, 311.7587)
(7.025674, 47.73829, 98.2653)
(30.88669, 220.1154, 478.9805)
(12.586, 57.10224, 104.5467)
(15.52563, 128.1194, 217.0857)
(10.47122, 58.42178, 100.4056)
(15.1861, 144.0766, 201.4149)
(6.592402, 68.46497, 95.79759)
(24.10649, 145.8031, 177.328)
(5.470121, 46.58204, 61.15067)
(31.3079, 224.2127, 300.4895)
(4.844439, 50.18819, 67.63889)
(-12.91001, 90.18181, 114.5217)
(1.71521, 44.64476, 61.06033)
(2.507846, 89.5861, 113.8067)
(6.376135, 42.3427, 53.85042)
(8.295835, 57.22302, 94.56496)
(7.087181, 26.85291, 44.52548)
(18.53357, 9.341418, 90.52728)
(5.247232, 3.133465, 29.17292)
(35.06489, -49.95053, 166.0683)
(6.739172, -12.30341, 39.41323)
(9.634815, -43.70686, 53.9199)
(5.312424, -36.94579, 42.80844)
(1.806585, -83.63444, 101.2415)
(1.04411, -29.4996, 32.18004)
(25.91512, -167.3388, 141.3482)
(6.583767, -39.53369, 35.2825)
(38.67931, -124.2035, 70.8209)
(16.45864, -51.97764, 40.22116)
(30.05602, -146.0286, 76.99555)
(8.753808, -76.25208, 39.21464)
(20.63943, -193.0176, 99.23549)
(-1.111502, -63.386, 29.04377)
(1.964496, -182.1627, 96.23266)
(2.858506, -49.28985, 27.5659)
(9.798808, -283.2964, 167.312)
(1.893077, -49.74508, 38.74355)
(4.252328, -112.035, 84.75169)
(1.258969, -60.78339, 32.11606)
(20.0648, -143.5887, 92.49364)
(10.48496, -67.18181, 36.49871)
(19.84163, -180.4253, 81.61251)
(17.70885, -73.94696, 34.89864)
(30.00282, -211.5813, 90.15472)
(3.997208, -58.39462, 28.79745)
(-25.75258, -167.7597, 145.6511)
(-18.53192, -20.66052, 36.13049)
(-26.11492, -40.46732, 45.05175)
