(0.3186703, 2.572918, 177.3589)
(0.5955935, 3.389001, 178.7796)
(0.562644, 4.286075, 180.2628)
(0.1435995, 5.39403, 182.0203)
(-0.06513596, 6.082201, 183.7107)
(0.08522272, 7.172084, 185.0523)
(0.1992702, 7.83186, 186.3066)
(0.5996704, 8.830237, 188.3106)
(0.9682775, 9.47473, 189.6752)
(1.314247, 11.29932, 193.3308)
(1.165545, 12.23874, 195.4436)
(1.182711, 13.3002, 197.7937)
(1.305485, 14.13443, 199.5109)
(1.544952, 15.84101, 203.2245)
(1.759899, 16.81621, 205.0099)
(1.87782, 17.78932, 206.6588)
(2.04941, 18.74666, 208.3041)
(2.159643, 19.79248, 209.7661)
(2.268016, 20.91799, 211.341)
(2.459574, 22.07658, 212.7501)
(2.575564, 23.06433, 214.0467)
(2.82079, 24.82052, 216.4004)
(2.902722, 25.66934, 217.5443)
(2.808726, 26.32594, 218.3781)
(2.836931, 27.06008, 219.3822)
(2.854705, 27.69501, 220.1888)
(2.958286, 28.38287, 221.0636)
(3.018475, 28.79804, 221.7497)
(3.138554, 29.25302, 222.5041)
(3.273249, 29.32091, 223.162)
(3.36324, 29.37465, 223.6624)
(3.635824, 28.98635, 224.9533)
(3.751242, 28.77563, 225.6283)
(3.867841, 28.2467, 226.2809)
(3.955543, 27.63677, 226.9876)
(3.969157, 27.00653, 227.7505)
(3.986096, 26.52793, 228.2726)
(4.203141, 25.12643, 229.4564)
(4.314244, 24.45929, 230.0518)
(4.593253, 23.56336, 230.5627)
(4.861343, 22.71671, 231.2178)
(5.077422, 21.66689, 231.7713)
(5.218816, 20.43524, 232.4048)
(5.364454, 19.07325, 233.105)
(5.346143, 18.02905, 233.5835)
(5.360532, 16.69483, 234.2883)
(5.419445, 15.67898, 234.8564)
(5.49283, 13.55731, 236.1095)
(5.523431, 12.7532, 236.7357)
(5.553687, 11.95607, 237.3387)
(5.574358, 10.95808, 237.866)
(5.721378, 9.905958, 238.5438)
(5.896282, 8.785272, 239.1526)
(6.038666, 7.49054, 239.7383)
(6.340444, 6.230402, 240.333)
(6.567883, 4.626489, 241.0164)
(6.63414, 3.658557, 241.4937)
(6.42302, 2.283263, 242.6878)
(6.105852, 1.929665, 243.3062)
(5.777454, 1.420784, 243.8727)
