(-0.3949416, 0.8629041, -2.336222)
(-0.3950565, 0.8630755, -2.335636)
(-0.3952243, 0.8629541, -2.335277)
(-0.3952312, 0.8629608, -2.335286)
(-0.3951557, 0.8630779, -2.334864)
(-0.3952385, 0.8629919, -2.334659)
(-0.3952409, 0.862995, -2.334652)
(-0.3952327, 0.8629899, -2.334644)
(-0.3952175, 0.8629479, -2.334516)
(-0.3952005, 0.8629577, -2.334504)
(-0.3955834, 0.863127, -2.334203)
(-0.3953847, 0.863176, -2.334593)
(-0.395393, 0.8631923, -2.334598)
(-0.3954709, 0.8633887, -2.33408)
(-0.3953869, 0.8634086, -2.334191)
(-0.3953921, 0.8634367, -2.334196)
(-0.3953967, 0.8634593, -2.334183)
(-0.3953241, 0.8634628, -2.334272)
(-0.3953131, 0.863467, -2.334262)
(-0.3953103, 0.8634272, -2.334392)
(-0.3954031, 0.8633581, -2.334182)
(-0.3953929, 0.86335, -2.334149)
(-0.3955753, 0.8633351, -2.334316)
(-0.3955848, 0.8632855, -2.334279)
(-0.395615, 0.8632737, -2.334256)
(-0.3956461, 0.8632842, -2.334241)
(-0.3953805, 0.8631047, -2.334247)
(-0.3953791, 0.8631127, -2.334242)
(-0.3954871, 0.8631464, -2.334122)
(-0.3955277, 0.8630589, -2.334021)
(-0.3955377, 0.8630334, -2.333979)
(-0.3954575, 0.8629249, -2.334279)
(-0.3954602, 0.862874, -2.33431)
(-0.3954921, 0.862865, -2.334305)
(-0.3954794, 0.8628434, -2.334275)
(-0.3953055, 0.8629854, -2.334432)
(-0.3953075, 0.8629764, -2.334407)
(-0.3952523, 0.8629136, -2.33459)
(-0.395172, 0.8629354, -2.334747)
(-0.3951627, 0.8629352, -2.33476)
(-0.3952976, 0.8629454, -2.334789)
(-0.3952014, 0.8629357, -2.335028)
(-0.3951895, 0.8629304, -2.335028)
(-0.3951881, 0.8629224, -2.335017)
(-0.395144, 0.8628644, -2.334796)
(-0.3951309, 0.8628564, -2.334789)
(-0.3950928, 0.8626983, -2.335334)
(-0.3951296, 0.8626598, -2.335346)
(-0.3951035, 0.862646, -2.335355)
(-0.3951099, 0.8625475, -2.335487)
(-0.3951128, 0.8624727, -2.335536)
(-0.3951218, 0.8624992, -2.335594)
(-0.3951429, 0.8624468, -2.335565)
(-0.3949944, 0.8625054, -2.33573)
(-0.3949953, 0.8625056, -2.335779)
(-0.3949453, 0.8625308, -2.335598)
(-0.3947874, 0.8625271, -2.3359)
(-0.3948135, 0.8625323, -2.335941)
(-0.3948756, 0.8627155, -2.335403)
(-0.3947005, 0.8627663, -2.335721)
(-0.3946762, 0.8627574, -2.335732)
(-0.3946338, 0.8627644, -2.335741)
(-0.3948615, 0.8628274, -2.335335)
(-0.3948458, 0.8628373, -2.335342)
(-0.394802, 0.8628645, -2.335307)
(-0.3947035, 0.8628877, -2.335519)
(-0.3946733, 0.8628622, -2.335499)
(-0.3946654, 0.8628801, -2.335433)
(-0.3947335, 0.862834, -2.335322)
(-0.3947076, 0.8628262, -2.33533)
(-0.3946836, 0.8627807, -2.335326)
(-0.3948227, 0.862764, -2.335562)
(-0.3947985, 0.8627496, -2.335591)
(-0.3948164, 0.8627275, -2.33566)
(-0.3948089, 0.86268, -2.335645)
(-0.3948058, 0.8626631, -2.335689)
(-0.3948087, 0.8625987, -2.335864)
(-0.3947594, 0.8625963, -2.335999)
(-0.3947432, 0.8625615, -2.336007)
(-0.3947076, 0.8625613, -2.336052)
(-0.3947493, 0.8625871, -2.336421)
(-0.3947281, 0.862571, -2.336435)
(-0.3947134, 0.8625964, -2.336335)
(-0.3948091, 0.8625121, -2.336207)
(-0.394788, 0.8625162, -2.336246)
(-0.3947527, 0.8625351, -2.336183)
(-0.3947583, 0.8624911, -2.336175)
(-0.3947517, 0.862498, -2.336208)
(-0.3947438, 0.8624804, -2.336225)
(-0.3947325, 0.8624407, -2.336345)
(-0.3947122, 0.8624351, -2.336387)
(-0.3947334, 0.8624195, -2.336485)
(-0.3947417, 0.8623369, -2.336486)
(-0.3947279, 0.8623219, -2.336516)
(-0.3947178, 0.862452, -2.336008)
(-0.3947445, 0.8623598, -2.335966)
(-0.3947346, 0.8623382, -2.335973)
(-0.3947331, 0.8623208, -2.335992)
(-0.3947587, 0.8624104, -2.335678)
(-0.3947471, 0.8623731, -2.335652)
(-0.3947914, 0.8624104, -2.335657)
(-0.3945562, 0.8625008, -2.336149)
(-0.394509, 0.8624769, -2.336136)
(-0.3945242, 0.8623594, -2.336363)
(-0.3945069, 0.8623549, -2.336518)
(-0.3944944, 0.8623582, -2.336585)
(-0.3944615, 0.8623337, -2.336578)
(-0.3947377, 0.862431, -2.336123)
(-0.3947402, 0.8624405, -2.336169)
(-0.3948488, 0.862502, -2.335972)
(-0.39481, 0.8624481, -2.336021)
(-0.3948264, 0.8624336, -2.33607)
(-0.3948541, 0.8623939, -2.336298)
(-0.3947213, 0.8623945, -2.3366)
(-0.3947053, 0.8623698, -2.336614)
(-0.3946846, 0.8623486, -2.336646)
(-0.3945211, 0.8625265, -2.336517)
(-0.3945165, 0.8625224, -2.336574)
(-0.394528, 0.8624873, -2.336685)
(-0.3944777, 0.8624458, -2.336742)
(-0.3944477, 0.8624458, -2.336773)
(-0.3942772, 0.8623246, -2.337088)
(-0.3942162, 0.8623246, -2.337303)
(-0.3942028, 0.8623146, -2.337362)
(-0.3941925, 0.8622957, -2.337389)
(-0.3944669, 0.8622738, -2.337099)
(-0.3944619, 0.8622526, -2.337136)
(-0.3945426, 0.8622752, -2.33718)
(-0.3944653, 0.8622531, -2.337395)
(-0.3944584, 0.8622428, -2.337434)
(-0.3944855, 0.8623234, -2.337122)
(-0.3945612, 0.8622209, -2.336929)
(-0.3945756, 0.8621901, -2.336959)
(-0.3944924, 0.8622867, -2.336636)
(-0.3945572, 0.8622229, -2.336599)
(-0.3945131, 0.8621774, -2.336593)
(-0.3945653, 0.862282, -2.336133)
(-0.3945897, 0.8622115, -2.336103)
(-0.3945755, 0.8621935, -2.33614)
(-0.3948382, 0.8622265, -2.336059)
(-0.3948388, 0.8621564, -2.336069)
(-0.3948765, 0.8621172, -2.336072)
(-0.3948525, 0.8620771, -2.336094)
(-0.3947113, 0.8621742, -2.336034)
(-0.394715, 0.8621696, -2.336061)
(-0.3947878, 0.8621666, -2.33608)
(-0.394699, 0.8621647, -2.336292)
(-0.3946701, 0.8621439, -2.336305)
(-0.3947155, 0.8622637, -2.335866)
(-0.3944577, 0.8623515, -2.336462)
(-0.3944329, 0.8623321, -2.336504)
(-0.3945607, 0.8623589, -2.336484)
(-0.3944581, 0.862347, -2.336634)
(-0.394453, 0.8623345, -2.336654)
(-0.3944705, 0.8623379, -2.336695)
(-0.3944392, 0.8623434, -2.336846)
(-0.3944174, 0.8623638, -2.336926)
(-0.3944322, 0.862429, -2.336632)
(-0.3944582, 0.8623786, -2.336563)
(-0.3944565, 0.8623776, -2.336616)
(-0.3945429, 0.8623855, -2.336747)
(-0.3945688, 0.8623348, -2.336731)
(-0.394564, 0.8623514, -2.336783)
(-0.3945323, 0.8624176, -2.336472)
(-0.3943875, 0.8624688, -2.33683)
(-0.394356, 0.8624772, -2.33687)
(-0.3942676, 0.8623171, -2.337469)
(-0.3943422, 0.8622591, -2.337397)
(-0.3943214, 0.8622643, -2.337439)
(-0.3943269, 0.8622377, -2.337538)
(-0.3943042, 0.8622389, -2.33763)
(-0.3942924, 0.8622296, -2.337689)
(-0.3942888, 0.862347, -2.337399)
(-0.394417, 0.8622141, -2.337099)
(-0.3944185, 0.8621713, -2.337101)
(-0.3943747, 0.8620484, -2.337503)
(-0.3944354, 0.8619775, -2.337387)
(-0.3944446, 0.861976, -2.33745)
(-0.3943766, 0.8620181, -2.33723)
(-0.3942622, 0.8620193, -2.337505)
(-0.394241, 0.8619794, -2.337486)
(-0.3943025, 0.8619995, -2.337429)
(-0.3942897, 0.8619668, -2.337501)
(-0.3942734, 0.8619589, -2.337548)
(-0.3942606, 0.861943, -2.337577)
(-0.3944768, 0.8620646, -2.336969)
(-0.3944446, 0.8620512, -2.336973)
