(0.06078317796289596, 0.22165940911688636, 0.11080990336895939)
(0.06078317796289596, 0.21398362769962703, 0.10777422817290433)
(0.06078317796289596, 0.20682119314692846, 0.10496015614110214)
(0.06078317796289596, 0.20017210545879066, 0.10236768727355283)
(0.06078317796289596, 0.1940363646352136, 0.09999682157025641)
(0.06078317796289596, 0.1884139706761973, 0.09784755903121285)
(0.06078317796289596, 0.18330492358174175, 0.09591989965642217)
(0.06078317796289596, 0.17870922335184697, 0.09421384344588436)
(0.06078317796289596, 0.17462686998651294, 0.09272939039959943)
(0.06078317796289596, 0.17105786348573968, 0.09146654051756736)
(0.06078317796289596, 0.16800220384952713, 0.0904252937997882)
(0.06078317796289596, 0.1654598910778754, 0.08960565024626188)
(0.06078317796289596, 0.1634309251707844, 0.08900760985698845)
(0.06078317796289596, 0.16191530612825414, 0.0886311726319679)
(0.06078317796289596, 0.16091303395028467, 0.08847633857120021)
(0.06078317796289596, 0.16042410863687592, 0.08854310767468541)
(0.06078317796289596, 0.16044853018802796, 0.08883147994242349)
(0.06078317796289596, 0.16098629860374072, 0.08934145537441444)
(0.06078317796289596, 0.16203741388401427, 0.09007303397065826)
(0.06078317796289596, 0.16360187602884857, 0.09102621573115496)
(0.06078317796289596, 0.1656796850382436, 0.09220100065590453)
(0.06078317796289596, 0.1682708409121994, 0.09359738874490699)
(0.06078317796289596, 0.171375343650716, 0.09521537999816232)
(0.06078317796289596, 0.1749931932537933, 0.09705497441567051)
(0.06078317796289596, 0.17912438972143135, 0.09911617199743158)
(0.06078317796289596, 0.186745783300694, 0.10209896382015753)
(0.06078317796289596, 0.19275136335674392, 0.10418306060774239)
(0.06078317796289596, 0.19940221309988995, 0.10649636506941129)
(0.06078317796289596, 0.20668899301798496, 0.1090609478204117)
(0.06078317796289596, 0.2145849453552944, 0.11190154625313538)
(0.06078317796289596, 0.22306662513613743, 0.11503572497886558)
(0.06078317796289596, 0.23209313674293025, 0.11848940939809026)
(0.06078317796289596, 0.2416314850065483, 0.12227742225250916)
(0.06078317796289596, 0.25165251560413987, 0.12640775401791468)
(0.06078317796289596, 0.2621191170437745, 0.13088855808259467)
(0.06078317796289596, 0.2729866447493915, 0.13572805945165908)
(0.06078317796289596, 0.28421065128786355, 0.14094156047645742)
(0.06078317796289596, 0.29572400190408704, 0.14652692367216222)
(0.06078317796289596, 0.3074666152953623, 0.1524870357710868)
(0.06078317796289596, 0.31938785289945754, 0.1588299468839999)
(0.06078317796289596, 0.3314070730511788, 0.16555695992101196)
(0.06078317796289596, 0.3434531429801421, 0.1726710719415217)
(0.06078317796289596, 0.3554490405176933, 0.18017398837352036)
(0.06078317796289596, 0.36733705067031697, 0.18806495736130552)
(0.06078317796289596, 0.3790182148824134, 0.19633511599487388)
(0.06078317796289596, 0.3904189364526692, 0.20497244975376983)
(0.06078317796289596, 0.4014654780535177, 0.21396198034492495)
(0.06078317796289596, 0.41208953738673015, 0.22328577738552977)
(0.06078317796289596, 0.42222520994577134, 0.23292022541462046)
(0.06078317796289596, 0.43181161408256047, 0.2428398676166284)
(0.06078317796289596, 0.44080900846577853, 0.253033987322488)
(0.06078317796289596, 0.4491070231966447, 0.26343519051492714)
(0.06078317796289596, 0.4566820163476012, 0.2740248671955885)
(0.06078317796289596, 0.46350272527429887, 0.28476035221211116)
(0.06078317796289596, 0.46948060446440093, 0.2956406321024087)
(0.06078317796289596, 0.474618404039246, 0.3065850956459513)
(0.06078317796289596, 0.4789332796636777, 0.31752729863768614)
(0.06078317796289596, 0.4824471128799102, 0.32840508032454835)
(0.06078317796289596, 0.4851869584369177, 0.33915839515096124)
(0.06078317796289596, 0.48718763669837983, 0.34973142132438456)
(0.06078317796289596, 0.4884892949429184, 0.36007093988431405)
(0.06078317796289596, 0.48913407850742874, 0.37013020318091394)
(0.06078317796289596, 0.48916533945398244, 0.3798779548089684)
(0.06078317796289596, 0.4886342746912675, 0.38927483529873946)
(0.06078317796289596, 0.487599010946696, 0.3982758353651219)
(0.06078317796289596, 0.4861154592106266, 0.4068527972884007)
(0.06078317796289596, 0.4842409796086349, 0.4149820644589456)
(0.06078317796289596, 0.48203407005736626, 0.4226451188644537)
(0.06078317796289596, 0.4795529542751586, 0.42982702646940923)
(0.06078317796289596, 0.47685708259911963, 0.4365186263169657)
(0.06078317796289596, 0.4740051964200004, 0.4427142650637691)
(0.06078317796289596, 0.47105391453083, 0.4484129096658342)
(0.06078317796289596, 0.4680520545041096, 0.4536216357131283)
(0.06078317796289596, 0.46505236883520645, 0.4583467696692547)
(0.06078317796289596, 0.46210953956562123, 0.46259577729627205)
(0.06078317796289596, 0.45926716311990434, 0.46638617784866854)
(0.06078317796289596, 0.4565446524148554, 0.4697404084801923)
(0.06078317796289596, 0.4539616327299715, 0.4726825243950839)
(0.06078317796289596, 0.451537539297671, 0.475231406770743)
(0.06078317796289596, 0.4493001478216025, 0.47740318391851644)
(0.06078317796289596, 0.4472656898719899, 0.4792210243571541)
(0.06078317796289596, 0.4454607697747557, 0.4806983013882773)
(0.06078317796289596, 0.44389750894725816, 0.4818573659761548)
(0.06078317796289596, 0.44257359159930715, 0.48272783533521935)
(0.06078317796289596, 0.44148281013377844, 0.48334024012769605)
(0.06078317796289596, 0.44061578013638114, 0.4837253781319867)
(0.06078317796289596, 0.43995193385571213, 0.4839048896205601)
(0.06078317796289596, 0.43948556870549443, 0.4839167371351242)
(0.06078317796289596, 0.4391985681041786, 0.4837944007625222)
(0.06078317796289596, 0.43905399345943724, 0.4835637705209901)
(0.06078317796289596, 0.43903896527341285, 0.4832540802405807)
(0.06078317796289596, 0.43912943546331, 0.4828890917265578)
(0.06078317796289596, 0.439305540573717, 0.4824884674294313)
(0.06078317796289596, 0.43952424537379997, 0.4820679537458755)
(0.06078317796289596, 0.4397851776962854, 0.48164542340071936)
(0.06078317796289596, 0.44006917756079905, 0.48123661885669244)
(0.06078317796289596, 0.44036098346943686, 0.4808547506934845)
(0.06078317796289596, 0.44064465538187236, 0.4805102512121592)
(0.06078317796289596, 0.44090728406560453, 0.480213896958525)
(0.06078317796289596, 0.4411372882772516, 0.4799732647707675)
(0.06078317796289596, 0.44132406149082476, 0.4797935626387453)
(0.06078317796289596, 0.4414616619655751, 0.47968077790113994)
(0.06078317796289596, 0.44153433971148764, 0.4796255382162906)
(0.06078317796289596, 0.44153433971148764, 0.4796255382162906)
(0.06078317796289596, 0.44153433971148764, 0.4796255382162906)
(0.06078317796289596, 0.44153433971148764, 0.4796255382162906)
(0.06078317796289596, 0.44153433971148764, 0.4796255382162906)
(0.06078317796289596, 0.44153433971148764, 0.4796255382162906)
(0.06078317796289596, 0.44153433971148764, 0.4796255382162906)
(0.06078317796289596, 0.44153433971148764, 0.4796255382162906)
(0.06078317796289596, 0.44153433971148764, 0.4796255382162906)
(0.06078317796289596, 0.44153433971148764, 0.4796255382162906)
(0.06078317796289596, 0.44153433971148764, 0.4796255382162906)
(0.06078317796289596, 0.44153433971148764, 0.4796255382162906)
(0.06078317796289596, 0.44153433971148764, 0.4796255382162906)
(0.06078317796289596, 0.44153433971148764, 0.4796255382162906)
(0.06078317796289596, 0.44153433971148764, 0.4796255382162906)
(0.06078317796289596, 0.44153433971148764, 0.4796255382162906)
(0.06078317796289596, 0.44153433971148764, 0.4796255382162906)
(0.06078317796289596, 0.44153433971148764, 0.4796255382162906)
(0.06078317796289596, 0.44153433971148764, 0.4796255382162906)
(0.06078317796289596, 0.44153433971148764, 0.4796255382162906)
(0.06078317796289596, 0.44153433971148764, 0.4796255382162906)
(0.06078317796289596, 0.44153433971148764, 0.4796255382162906)
(0.06078317796289596, 0.44153433971148764, 0.4796255382162906)
(0.06078317796289596, 0.44153433971148764, 0.4796255382162906)
(0.06078317796289596, 0.44153433971148764, 0.4796255382162906)
(0.06078317796289596, 0.44153433971148764, 0.4796255382162906)
(0.06078317796289596, 0.44153433971148764, 0.4796255382162906)
(0.06078317796289596, 0.44153433971148764, 0.4796255382162906)
(0.06078317796289596, 0.44153433971148764, 0.4796255382162906)
(0.06078317796289596, 0.44153433971148764, 0.4796255382162906)
(0.06078317796289596, 0.44153433971148764, 0.4796255382162906)
(0.06078317796289596, 0.44153433971148764, 0.4796255382162906)
(0.06078317796289596, 0.44153433971148764, 0.4796255382162906)
(0.06078317796289596, 0.4412835227731121, 0.4796259000437222)
(0.06078317796289596, 0.4410206391146201, 0.479546215195319)
(0.06078317796289596, 0.44074990617052645, 0.47939953614518815)
(0.06078317796289596, 0.44047559695774696, 0.4792008399287567)
(0.06078317796289596, 0.44020349314438445, 0.47896438726782)
(0.06078317796289596, 0.43992618183284893, 0.47870405762037194)
(0.06078317796289596, 0.4396536988721298, 0.47843519854645067)
(0.06078317796289596, 0.4394071082483237, 0.4781757895522055)
(0.06078317796289596, 0.4391906870740207, 0.4779410422651837)
(0.06078317796289596, 0.43900786083512255, 0.4777474471620222)
(0.06078317796289596, 0.43886196751145506, 0.4776100513020695)
(0.06078317796289596, 0.43876067068478874, 0.47754086285209674)
(0.06078317796289596, 0.4387137207949824, 0.4775515353231674)
(0.06078317796289596, 0.4387336656712455, 0.4776529255706155)
(0.06078317796289596, 0.4388326784814752, 0.4778482860574169)
(0.06078317796289596, 0.4390294847539145, 0.47814789561891274)
(0.06078317796289596, 0.4393439872366045, 0.4785611626368264)
(0.06078317796289596, 0.4398011497645429, 0.479101075941879)
(0.06078317796289596, 0.44042252842661084, 0.47977218102518127)
(0.06078317796289596, 0.4412352116646453, 0.4805697653835711)
(0.06078317796289596, 0.442263787083303, 0.4815050811788643)
(0.06078317796289596, 0.4435355249699974, 0.4825773854993277)
(0.06078317796289596, 0.44507879320243166, 0.4837852943422383)
(0.06078317796289596, 0.44692311340897783, 0.48512732356491794)
(0.06078317796289596, 0.44910352128054026, 0.4865938164894202)
(0.06078317796289596, 0.4516426524388764, 0.48819209967306804)
(0.06078317796289596, 0.454569428385563, 0.48991787923103663)
(0.06078317796289596, 0.4579126891019942, 0.4917683562874357)
(0.06078317796289596, 0.46169496427715473, 0.49373550811283357)
(0.06078317796289596, 0.4659380826510341, 0.49581355101485025)
(0.06078317796289596, 0.4706612526713896, 0.49799675488209716)
(0.06078317796289596, 0.4758798904171937, 0.5002762198798535)
(0.06078317796289596, 0.4816029378829158, 0.5026475334420051)
(0.06078317796289596, 0.4878414533000707, 0.5050984205160096)
(0.06078317796289596, 0.49459221058367603, 0.5076275843865335)
(0.06078317796289596, 0.5018559450078542, 0.5102241274766689)
(0.06078317796289596, 0.5096216037054054, 0.5128861903255952)
(0.06078317796289596, 0.5178798795414356, 0.5156047175377829)
(0.06078317796289596, 0.5266093835723341, 0.5183753801031907)
(0.06078317796289596, 0.5357938419029243, 0.5211984122056555)
(0.06078317796289596, 0.5453990301773491, 0.5240610245944213)
(0.06078317796289596, 0.5553929589373732, 0.5269616660103892)
(0.06078317796289596, 0.5657405812779759, 0.5299087863103524)
(0.06078317796289596, 0.576388000151881, 0.5329032826151369)
(0.06078317796289596, 0.5872788794412952, 0.535952903159045)
(0.06078317796289596, 0.5983498921279445, 0.5390669028489665)
(0.06078317796289596, 0.6095427410556422, 0.5422539627077362)
(0.06078317796289596, 0.6207766486533748, 0.545523427002641)
(0.06078317796289596, 0.6319823909254385, 0.5488820974537874)
(0.06078317796289596, 0.6430629304053185, 0.5523384513043508)
(0.06078317796289596, 0.6542333808349337, 0.5558934929286776)
(0.06078317796289596, 0.6652290510887955, 0.5596469446115)
(0.06078317796289596, 0.6759775515100478, 0.5636211415459621)
(0.06078317796289596, 0.6864075067814711, 0.5678325768767072)
(0.06078317796289596, 0.696445875249127, 0.5723003418789531)
(0.06078317796289596, 0.7060537777338748, 0.5770432125040151)
(0.06078317796289596, 0.7151653792096727, 0.5820743004632486)
(0.06078317796289596, 0.7236911896589642, 0.5873971501613154)
(0.06078317796289596, 0.731576260400982, 0.5930155573988429)
(0.06078317796289596, 0.7387768165487396, 0.5989250311654042)
(0.06078317796289596, 0.7452612692465665, 0.6051170261266131)
(0.06078317796289596, 0.7510022024401188, 0.6115827487271509)
(0.06078317796289596, 0.7559803952876483, 0.6183091000977775)
(0.06078317796289596, 0.7601832497120102, 0.6252782749471204)
(0.06078317796289596, 0.7636129546057205, 0.632485048366791)
(0.06078317796289596, 0.7662714310780944, 0.6399069513762871)
(0.06078317796289596, 0.7681701857103675, 0.6475167397337921)
(0.06078317796289596, 0.7693203717789886, 0.655270882450671)
(0.06078317796289596, 0.7697510590144354, 0.663135588533245)
(0.06078317796289596, 0.7694897071176253, 0.6710934812400677)
(0.06078317796289596, 0.7685778511509418, 0.6790903474607041)
(0.06078317796289596, 0.767060266332994, 0.6870884133785765)
(0.06078317796289596, 0.7649861533474115, 0.6950479565499561)
(0.06078317796289596, 0.7624078544027048, 0.7029283818614723)
(0.06078317796289596, 0.7593677085732904, 0.7107072330607381)
(0.06078317796289596, 0.7559340493385387, 0.718326176650889)
(0.06078317796289596, 0.7521665271188217, 0.7257199879476112)
(0.06078317796289596, 0.7481233475630545, 0.732852073171963)
(0.06078317796289596, 0.7438656266087766, 0.7396930663131137)
(0.06078317796289596, 0.7394513333368701, 0.7462141308488927)
(0.06078317796289596, 0.7349358785586261, 0.7523888850868231)
(0.06078317796289596, 0.7303723922633604, 0.7581974842162243)
(0.06078317796289596, 0.7258142203884812, 0.7636189998951247)
(0.06078317796289596, 0.7213048545110531, 0.768644824578934)
(0.06078317796289596, 0.7168943239947023, 0.7732596408494696)
(0.06078317796289596, 0.7126205997824773, 0.777462116127507)
(0.06078317796289596, 0.7085244342291646, 0.7812467959588368)
(0.06078317796289596, 0.7046352868476391, 0.7846204117044872)
(0.06078317796289596, 0.7009846414281435, 0.7875909595582743)
(0.06078317796289596, 0.6975875280509264, 0.7901664277003673)
(0.06078317796289596, 0.6944654247231702, 0.7923745221480916)
(0.06078317796289596, 0.691626612133428, 0.7942394799794161)
(0.06078317796289596, 0.6890689222425622, 0.7957794472009118)
(0.06078317796289596, 0.6867972162890003, 0.7970234482633571)
(0.06078317796289596, 0.6848090002874401, 0.7979969370244901)
(0.06078317796289596, 0.6830989110313085, 0.7987250490568066)
(0.06078317796289596, 0.6816450469771447, 0.7992337614649302)
(0.06078317796289596, 0.6804379998272185, 0.7995477155105086)
(0.06078317796289596, 0.6794473216942246, 0.7996927160491991)
(0.06078317796289596, 0.6786627704412755, 0.7996904384277711)
(0.06078317796289596, 0.6780644000990034, 0.79956683806586)
(0.06078317796289596, 0.6776324250386234, 0.7993448793710572)
(0.06078317796289596, 0.677346459389137, 0.7990463929468465)
(0.06078317796289596, 0.6771861347150091, 0.7986948061136228)
(0.06078317796289596, 0.677133881593034, 0.7983083902348185)
(0.06078317796289596, 0.677154914311011, 0.7979014640230296)
(0.06078317796289596, 0.6772282815207226, 0.7974870741312479)
(0.06078317796289596, 0.6773515997633978, 0.7970791850861358)
(0.06078317796289596, 0.6771525385213134, 0.7971459304450809)
(0.06078317796289596, 0.6767976043472802, 0.7972579716733796)
(0.06078317796289596, 0.6765002545868657, 0.7973414135823462)
(0.06078317796289596, 0.6762604892400701, 0.7973962561719807)
(0.06078317796289596, 0.6760783083068934, 0.797422499442283)
(0.06078317796289596, 0.6759537117873355, 0.7974201433932533)
(0.06078317796289596, 0.6758866996813965, 0.7973891880248913)
(0.06078317796289596, 0.6758772719890762, 0.7973296333371973)
(0.06078317796289596, 0.6759254287103749, 0.7972414793301711)
(0.06078317796289596, 0.6760311698452923, 0.7971247260038128)
(0.06078317796289596, 0.6761944953938287, 0.7969793733581224)
(0.06078317796289596, 0.6764154053559838, 0.7968054213930997)
(0.06078317796289596, 0.6766938997317578, 0.7966028701087451)
(0.06078317796289596, 0.6770299785211507, 0.7963717195050581)
(0.06078317796289596, 0.6774236417241624, 0.7961119695820392)
(0.06078317796289596, 0.6778748893407929, 0.7958236203396881)
(0.06078317796289596, 0.6783837213710423, 0.7955066717780048)
(0.06078317796289596, 0.6789501378149104, 0.7951611238969895)
(0.06078317796289596, 0.6795741386723976, 0.7947869766966419)
(0.06078317796289596, 0.6802557239435034, 0.7943842301769622)
(0.06078317796289596, 0.6809948936282282, 0.7939528843379504)
(0.06078317796289596, 0.6817916477265717, 0.7934929391796065)
(0.06078317796289596, 0.6826459862385342, 0.7930043947019304)
(0.06078317796289596, 0.6835579091641155, 0.7924872509049222)
(0.06078317796289596, 0.6845274165033156, 0.7919415077885819)
