0.0111308
0.0107896
0.0110618
0.0204029
0.0192859
0.0102171
0.0057826
0.0112884
0.0107938
0.0144322
0.0088787
0.0107146
0.0109598
0.0111035
0.0108785
0.0110874
0.0111518
0.0109275
0.0110574
0.010958
0.0118681
0.0111475
0.0109336
0.0119178
0.0105743
0.0108071
0.0105822
0.0111431
0.01106
0.0118127
0.0110295
0.0110509
0.0111089
0.0108251
0.0111133
0.0110822
0.0111887
0.0106762
0.0119224
0.0111325
0.01096
0.0109587
0.0109739
0.0111114
0.0110153
0.0110227
0.0110972
0.011827
0.0109411
0.0111068
0.0109677
0.011729
