(-54.509, 12.98184, 15.29073)
(-54.509, 12.98184, 15.29073)
(-54.94196, 14.27468, 15.34208)
(-54.94196, 14.27468, 15.34208)
(-55.19376, 15.5018, 15.23321)
(-54.9531, 16.35971, 15.11277)
(-54.99799, 17.06437, 15.05308)
(-55.09651, 17.81709, 14.9145)
(-55.60989, 19.63844, 14.63211)
(-56.0966, 20.66814, 14.52055)
(-56.34766, 21.51297, 14.49835)
(-56.79877, 22.28955, 14.48289)
(-57.81543, 23.84567, 14.44275)
(-57.81543, 23.84567, 14.44275)
(-59.16021, 25.34974, 14.2447)
(-59.16021, 25.34974, 14.2447)
(-60.86087, 26.75674, 14.1397)
(-61.85067, 27.44163, 14.08707)
(-64.23714, 28.98235, 13.90853)
(-65.52825, 29.72021, 13.71851)
(-66.88342, 30.38019, 13.54198)
(-68.34238, 31.09224, 13.39086)
(-68.34238, 31.09224, 13.39086)
(-71.20425, 32.20724, 13.16403)
(-72.98228, 32.91193, 13.11616)
(-74.27099, 33.42966, 13.07965)
(-76.13065, 34.14307, 13.03666)
(-76.13065, 34.14307, 13.03666)
(-79.37234, 35.30594, 13.0322)
(-81.05104, 35.84877, 12.95478)
(-82.68838, 36.42552, 12.89912)
(-84.30839, 36.96058, 12.84286)
(-85.90651, 37.35915, 12.74915)
(-89.04886, 38.02581, 12.72986)
(-89.04886, 38.02581, 12.72986)
(-92.19055, 38.65359, 12.72843)
(-93.67514, 38.96778, 12.76578)
(-94.95499, 39.1592, 12.73603)
(-96.28773, 39.39391, 12.68638)
(-96.28773, 39.39391, 12.68638)
(-98.77718, 39.66024, 12.57219)
(-99.97359, 39.78362, 12.51756)
(-101.0725, 39.68423, 12.53839)
(-102.2035, 39.52912, 12.5559)
(-103.206, 39.55421, 12.55281)
(-103.892, 39.6247, 12.56691)
(-104.7244, 39.59434, 12.50916)
(-106.2748, 39.47351, 12.30743)
(-107.0261, 39.22634, 12.14733)
(-107.0261, 39.22634, 12.14733)
(-108.4307, 38.50938, 11.78465)
(-109.1343, 38.01572, 11.73462)
(-109.5566, 37.63641, 11.72286)
(-109.9095, 37.3802, 11.82247)
(-109.9095, 37.3802, 11.82247)
(-110.6483, 36.82697, 12.07195)
(-110.9693, 36.48459, 12.20289)
(-111.4352, 35.96009, 12.17455)
(-111.827, 35.4756, 12.13494)
(-112.1401, 34.94648, 12.08382)
