(301.1342, 307.8443, 334.7688)
(304.382, 312.5735, 331.8349)
(310.0107, 319.081, 327.6637)
(316.1275, 325.4532, 326.552)
(324.0734, 334.3528, 323.0073)
(312.2104, 325.0428, 328.7648)
(311.8607, 322.5079, 329.5999)
(314.261, 315.0851, 330.5932)
(314.9656, 313.3584, 331.8925)
(316.6416, 313.6296, 332.4962)
(318.2049, 316.227, 332.3124)
(319.617, 316.2516, 335.7271)
(318.8713, 314.3434, 338.6515)
(318.4618, 312.2703, 341.2138)
(318.7424, 311.5427, 342.8784)
(318.9716, 311.7824, 343.4407)
(319.2283, 311.7081, 344.1178)
(319.0044, 311.0704, 344.3056)
(316.1165, 308.5594, 346.3459)
(316.1165, 308.5594, 346.3459)
(315.1916, 308.4427, 346.6016)
(314.2631, 308.6336, 346.7532)
(313.2108, 308.5771, 347.0988)
(311.7113, 308.7876, 347.0807)
(310.1176, 309.0602, 346.853)
(308.5334, 309.6535, 346.1495)
(307.2346, 310.2846, 345.3664)
(306.0537, 311.0415, 344.5213)
(304.9849, 311.7721, 343.6105)
(304.081, 312.6884, 342.6038)
(303.205, 313.5278, 341.6453)
(302.457, 315.2757, 339.4474)
(302.5705, 316.2007, 337.9404)
(302.7136, 316.8362, 336.5323)
(302.6279, 317.6569, 335.0605)
(302.4172, 318.837, 333.0024)
(302.1841, 319.6076, 331.1972)
(302.1197, 319.8248, 329.8345)
(302.0523, 319.8513, 328.9113)
(302.1087, 319.6388, 328.2576)
(302.2874, 319.8824, 327.3013)
(302.2605, 320.7474, 325.4932)
(302.2605, 320.7474, 325.4932)
(301.768, 321.9516, 324.6798)
(301.9444, 323.5108, 323.7393)
(302.3416, 325.2619, 322.4157)
(302.5183, 327.697, 320.1806)
(302.1927, 328.3264, 319.3633)
(301.1945, 328.45, 319.0828)
(298.5855, 327.2321, 320.35)
(295.7697, 325.1619, 323.0173)
(293.6149, 323.9548, 325.5089)
(292.5688, 324.7955, 326.3357)
(291.9926, 326.9531, 325.7817)
(292.3098, 331.4527, 323.0753)
(294.8198, 342.4862, 313.8655)
(295.5446, 352.1588, 305.3285)
(293.2218, 353.1715, 303.2522)
(292.008, 352.7809, 302.8998)
(290.742, 345.963, 307.5625)
