(-2.540619, 0.7733375, 0.2598592)
(-2.540574, 0.7733343, 0.259884)
(-2.540917, 0.773317, 0.2599033)
(-2.540917, 0.773317, 0.2599033)
(-2.540909, 0.7733284, 0.2599133)
(-2.540953, 0.7733586, 0.2600628)
(-2.541299, 0.7733295, 0.259915)
(-2.541313, 0.7733399, 0.2599398)
(-2.541041, 0.7733546, 0.2597677)
(-2.54083, 0.7732384, 0.259925)
(-2.540806, 0.7732426, 0.2599114)
(-2.541035, 0.7732109, 0.2596718)
(-2.541035, 0.7732109, 0.2596718)
(-2.541007, 0.7732102, 0.2596644)
(-2.540795, 0.773281, 0.2596837)
(-2.541104, 0.7732484, 0.2595073)
(-2.5411, 0.7732434, 0.2595061)
(-2.541204, 0.7732331, 0.2596024)
(-2.541503, 0.7732174, 0.2594067)
(-2.541519, 0.7732302, 0.2594112)
(-2.54098, 0.7732177, 0.2596451)
(-2.54098, 0.7732177, 0.2596451)
(-2.540962, 0.7732298, 0.2596444)
(-2.540847, 0.7733036, 0.2596816)
(-2.540868, 0.7732528, 0.2596618)
(-2.54085, 0.7732608, 0.2596537)
(-2.540927, 0.7732954, 0.2597967)
(-2.54134, 0.7733036, 0.2595469)
(-2.541356, 0.7733307, 0.2595378)
(-2.541464, 0.7733699, 0.2596489)
(-2.541614, 0.7733464, 0.2596012)
(-2.541622, 0.7733608, 0.2596074)
(-2.541321, 0.7734333, 0.2594815)
(-2.541396, 0.7733574, 0.2594744)
(-2.541384, 0.7733678, 0.2594715)
(-2.541162, 0.7734654, 0.2595052)
(-2.541286, 0.7734402, 0.2594312)
(-2.541287, 0.7734768, 0.2594136)
(-2.541192, 0.7735064, 0.2594393)
(-2.541192, 0.7735064, 0.2594393)
(-2.541193, 0.7735201, 0.2594119)
(-2.541186, 0.7735631, 0.2595683)
(-2.541122, 0.773452, 0.2596394)
(-2.541125, 0.7734729, 0.2596432)
(-2.540762, 0.7736329, 0.2599231)
(-2.541027, 0.7735909, 0.2598072)
(-2.541029, 0.7736052, 0.2598125)
(-2.540467, 0.7736728, 0.2599717)
(-2.540467, 0.7736728, 0.2599717)
(-2.540444, 0.7736777, 0.2599617)
(-2.540422, 0.7736447, 0.2598134)
(-2.540437, 0.7735729, 0.2597967)
(-2.540429, 0.7735813, 0.2598025)
(-2.540453, 0.7736291, 0.2600356)
(-2.540724, 0.7736214, 0.2598926)
(-2.540712, 0.7736378, 0.2598792)
(-2.540788, 0.7736983, 0.2598759)
(-2.540788, 0.7736983, 0.2598759)
(-2.540775, 0.7737143, 0.2598974)
(-2.541046, 0.7736331, 0.2598044)
(-2.540871, 0.773528, 0.2599369)
(-2.540855, 0.7735327, 0.2599717)
(-2.540606, 0.773615, 0.2599689)
(-2.5407, 0.7736055, 0.2599159)
(-2.540676, 0.773621, 0.2599281)
(-2.540636, 0.7736232, 0.2597767)
(-2.540636, 0.7736232, 0.2597767)
(-2.540625, 0.7736417, 0.2597653)
(-2.540542, 0.7737082, 0.2599651)
(-2.540172, 0.7735615, 0.2602271)
(-2.540146, 0.7735515, 0.2602535)
(-2.540139, 0.7735311, 0.2602605)
(-2.540044, 0.7734243, 0.2603446)
(-2.540015, 0.7734061, 0.2603577)
(-2.540049, 0.7733525, 0.260219)
(-2.540254, 0.7733243, 0.2600981)
(-2.540226, 0.7733195, 0.2601205)
(-2.540143, 0.7733433, 0.2601925)
(-2.540494, 0.7733437, 0.2599932)
(-2.54049, 0.7733339, 0.2599951)
(-2.540381, 0.7733377, 0.2599)
(-2.540664, 0.7732922, 0.2597009)
(-2.540672, 0.773302, 0.2597181)
(-2.540403, 0.7732639, 0.2598978)
(-2.540403, 0.7732639, 0.2598978)
(-2.540384, 0.7732571, 0.2598988)
(-2.540319, 0.7733444, 0.260249)
(-2.540548, 0.7733335, 0.2601534)
(-2.540517, 0.7733228, 0.2601715)
(-2.540325, 0.7733847, 0.2602297)
(-2.540809, 0.7733955, 0.2599353)
(-2.540802, 0.7733972, 0.259936)
(-2.540733, 0.7734461, 0.2598406)
(-2.540733, 0.7734461, 0.2598406)
(-2.540737, 0.7734748, 0.259806)
(-2.540587, 0.7735063, 0.2597643)
(-2.540933, 0.773484, 0.2595621)
(-2.540958, 0.7735177, 0.2595431)
(-2.540842, 0.7735797, 0.2596751)
(-2.540957, 0.7735134, 0.2596208)
(-2.540959, 0.7735251, 0.2595826)
(-2.541075, 0.7735019, 0.2594324)
(-2.541075, 0.7735019, 0.2594324)
(-2.541079, 0.7735308, 0.2594053)
(-2.540774, 0.7736318, 0.259451)
(-2.540978, 0.7735868, 0.2593302)
(-2.54097, 0.7735922, 0.2593032)
(-2.541046, 0.7735795, 0.2592369)
(-2.540734, 0.7734528, 0.259432)
(-2.540707, 0.7734635, 0.2594181)
(-2.540365, 0.7734221, 0.2596089)
(-2.540365, 0.7734221, 0.2596089)
(-2.540339, 0.7734194, 0.2596072)
(-2.540168, 0.7735034, 0.2597686)
(-2.540148, 0.7734419, 0.25977)
(-2.540137, 0.7734375, 0.2597753)
(-2.539968, 0.7734978, 0.2598671)
(-2.540344, 0.7734972, 0.2596627)
(-2.540302, 0.7735071, 0.2596766)
(-2.540457, 0.7735659, 0.2598912)
(-2.540855, 0.7735788, 0.2596947)
(-2.540865, 0.7735884, 0.259709)
(-2.540819, 0.7736648, 0.2598768)
(-2.540634, 0.7735689, 0.2600175)
(-2.540632, 0.773576, 0.2600256)
(-2.540842, 0.7735293, 0.2600454)
(-2.54098, 0.7734914, 0.2600161)
(-2.540981, 0.773495, 0.2600244)
(-2.541187, 0.7733927, 0.2597011)
(-2.541187, 0.7733927, 0.2597011)
(-2.541166, 0.7733927, 0.2597033)
(-2.540948, 0.7734495, 0.2596995)
(-2.541152, 0.7734034, 0.2596041)
(-2.541137, 0.7733953, 0.259606)
(-2.541049, 0.7733877, 0.2595011)
(-2.5409, 0.7732977, 0.259571)
(-2.540874, 0.7732925, 0.2595924)
(-2.540797, 0.7733023, 0.2595319)
(-2.541026, 0.773249, 0.259391)
(-2.541018, 0.77323, 0.259389)
(-2.540802, 0.773306, 0.2594911)
(-2.540953, 0.7732488, 0.2594005)
(-2.540923, 0.773234, 0.2594038)
(-2.540668, 0.7733275, 0.2595528)
(-2.540894, 0.7733144, 0.2594029)
(-2.540874, 0.7733067, 0.2593852)
(-2.540624, 0.7733413, 0.2596337)
(-2.540624, 0.7733413, 0.2596337)
(-2.540586, 0.7733173, 0.2596105)
(-2.540524, 0.7733905, 0.2598335)
(-2.540749, 0.7733709, 0.2597085)
(-2.540728, 0.77337, 0.2597233)
(-2.540604, 0.7733821, 0.2597002)
(-2.540447, 0.7732877, 0.2597831)
(-2.540429, 0.7732729, 0.2597963)
(-2.540486, 0.7732991, 0.2599922)
(-2.540486, 0.7732991, 0.2599922)
(-2.540457, 0.7732973, 0.2599953)
(-2.540626, 0.7732702, 0.2601343)
(-2.541049, 0.7732906, 0.2598983)
(-2.541051, 0.7733011, 0.2598997)
(-2.540918, 0.7732878, 0.2597572)
(-2.541323, 0.7733268, 0.2595183)
(-2.541337, 0.7733419, 0.2595094)
(-2.541431, 0.7732921, 0.2597302)
(-2.541431, 0.7732921, 0.2597302)
(-2.541447, 0.7732903, 0.2597519)
(-2.541069, 0.7733676, 0.2597076)
(-2.541372, 0.7733527, 0.2595416)
(-2.541378, 0.7733586, 0.2595459)
(-2.541237, 0.7734444, 0.2597009)
(-2.541334, 0.7734089, 0.2596804)
(-2.541327, 0.7734054, 0.2596701)
(-2.541304, 0.7734363, 0.2595493)
(-2.541304, 0.7734363, 0.2595493)
(-2.541313, 0.7734567, 0.2595502)
(-2.540891, 0.7735903, 0.2596632)
(-2.541114, 0.7735552, 0.2595242)
(-2.541101, 0.7735564, 0.2595083)
(-2.54076, 0.7736918, 0.2596534)
(-2.540725, 0.7736026, 0.2596868)
(-2.540707, 0.7735939, 0.2596542)
(-2.539993, 0.7736291, 0.2599431)
(-2.539993, 0.7736291, 0.2599431)
(-2.539985, 0.7736424, 0.2599477)
(-2.539917, 0.7737132, 0.260208)
(-2.540085, 0.7736517, 0.2601057)
(-2.540085, 0.773658, 0.2601238)
(-2.540238, 0.7736584, 0.2602187)
(-2.540097, 0.7735643, 0.2603265)
(-2.540087, 0.7735567, 0.2603363)
(-2.540219, 0.773713, 0.2602869)
(-2.540219, 0.773713, 0.2602869)
(-2.540215, 0.7737194, 0.2602955)
(-2.539942, 0.7737448, 0.2601706)
(-2.539784, 0.7736453, 0.2602581)
(-2.539763, 0.7736498, 0.2602669)
(-2.539709, 0.7737068, 0.2604338)
(-2.539649, 0.7736418, 0.26046)
(-2.53963, 0.7736483, 0.2604712)
(-2.539822, 0.7737027, 0.260249)
(-2.539822, 0.7737027, 0.260249)
(-2.539801, 0.7737072, 0.2602297)
(-2.539664, 0.7737209, 0.2602125)
(-2.539805, 0.7736905, 0.2601448)
(-2.539783, 0.7736965, 0.2601472)
(-2.539849, 0.7737281, 0.2603465)
(-2.539976, 0.7736551, 0.2602831)
(-2.539999, 0.7736746, 0.2602593)
(-2.539969, 0.7736814, 0.2602626)
(-2.540323, 0.7737061, 0.2600766)
(-2.540332, 0.7737222, 0.2600693)
(-2.540311, 0.7737356, 0.2601119)
(-2.540136, 0.7736511, 0.2602206)
(-2.540145, 0.7736583, 0.2602433)
(-2.540137, 0.7736191, 0.2600571)
(-2.540285, 0.7735549, 0.2599889)
(-2.540272, 0.7735749, 0.2599698)
(-2.540061, 0.7736626, 0.2600566)
(-2.539988, 0.7735832, 0.2600986)
(-2.539981, 0.7735893, 0.2600962)
(-2.539768, 0.7736638, 0.2601389)
(-2.539707, 0.7735809, 0.260203)
(-2.539676, 0.7735851, 0.2602037)
(-2.539495, 0.7736708, 0.2603003)
(-2.539882, 0.7736973, 0.2600626)
(-2.539861, 0.7737062, 0.2600852)
(-2.539718, 0.7735666, 0.2601346)
(-2.539718, 0.7735666, 0.2601346)
(-2.539696, 0.7735599, 0.2601224)
(-2.539904, 0.773483, 0.260038)
(-2.539933, 0.7734444, 0.2600261)
(-2.539921, 0.7734351, 0.2600201)
(-2.53994, 0.7734513, 0.2600328)
(-2.53996, 0.7734162, 0.2600266)
(-2.539926, 0.7734219, 0.2600209)
(-2.539704, 0.7734988, 0.2601405)
(-2.539751, 0.7734609, 0.2601024)
(-2.539733, 0.7734697, 0.2600886)
(-2.539779, 0.7735269, 0.2602979)
(-2.540009, 0.7735385, 0.2601534)
(-2.540003, 0.7735561, 0.2601627)
(-2.539867, 0.7736614, 0.2604238)
(-2.540407, 0.7736967, 0.2601353)
(-2.540409, 0.7737247, 0.2601556)
(-2.540588, 0.7736437, 0.2598311)
(-2.540588, 0.7736437, 0.2598311)
(-2.540605, 0.7736605, 0.2598339)
(-2.540497, 0.7737652, 0.2600378)
(-2.540712, 0.7737277, 0.2599374)
(-2.540726, 0.773744, 0.2599279)
(-2.540793, 0.7737032, 0.2597407)
(-2.540479, 0.7735792, 0.2599603)
(-2.540474, 0.7735996, 0.2599641)
(-2.540469, 0.7735912, 0.2601568)
(-2.540469, 0.7735912, 0.2601568)
(-2.540464, 0.7735952, 0.2601653)
(-2.540258, 0.7736331, 0.2601463)
(-2.540331, 0.7735848, 0.2601086)
(-2.540314, 0.7735932, 0.2601243)
(-2.53994, 0.7737132, 0.2601923)
(-2.540269, 0.7737056, 0.2600294)
(-2.540276, 0.7737253, 0.2600194)
(-2.540077, 0.7737813, 0.2600366)
(-2.540005, 0.773711, 0.2601002)
(-2.539978, 0.7737118, 0.2600876)
(-2.540076, 0.773754, 0.2603275)
(-2.540475, 0.773749, 0.2600895)
(-2.540472, 0.773756, 0.2601391)
(-2.540469, 0.7737525, 0.2601196)
(-2.540314, 0.773665, 0.2602249)
(-2.540287, 0.7736617, 0.2602421)
(-2.54054, 0.7735555, 0.2601916)
(-2.54054, 0.7735555, 0.2601916)
(-2.540518, 0.773558, 0.2601987)
(-2.5403, 0.773581, 0.2600747)
(-2.540697, 0.7736044, 0.2598263)
(-2.540699, 0.7736264, 0.2598215)
(-2.540655, 0.7736362, 0.259776)
(-2.540888, 0.7735937, 0.259648)
(-2.540884, 0.7736039, 0.2596599)
(-2.540879, 0.7736075, 0.2594601)
(-2.540879, 0.7736075, 0.2594601)
(-2.540852, 0.773618, 0.2594463)
(-2.540561, 0.7737803, 0.2596618)
(-2.540301, 0.7736611, 0.2598068)
(-2.540285, 0.7736628, 0.2598196)
(-2.540158, 0.7737713, 0.2601107)
(-2.539996, 0.7736864, 0.260214)
(-2.539972, 0.7736918, 0.2602261)
(-2.539654, 0.7736679, 0.2602516)
(-2.539654, 0.7736679, 0.2602516)
(-2.539608, 0.773651, 0.2602495)
(-2.539348, 0.7737079, 0.2602988)
(-2.539648, 0.7737314, 0.2601129)
(-2.539584, 0.7737305, 0.2600991)
(-2.539695, 0.7737629, 0.2603608)
(-2.539931, 0.7737143, 0.260235)
(-2.539898, 0.7737191, 0.2602388)
(-2.54006, 0.7736894, 0.2600147)
(-2.54006, 0.7736894, 0.2600147)
(-2.540033, 0.7736975, 0.2600085)
(-2.539721, 0.7737963, 0.260141)
(-2.539788, 0.7737398, 0.2601224)
(-2.53974, 0.7737391, 0.26012)
(-2.539703, 0.7737647, 0.2601856)
(-2.539764, 0.77369, 0.2601444)
(-2.539738, 0.7736992, 0.2601575)
(-2.539997, 0.7737049, 0.2601787)
(-2.539997, 0.7737049, 0.2601787)
(-2.539984, 0.7737123, 0.2601918)
(-2.539593, 0.7738501, 0.260316)
(-2.539373, 0.7737222, 0.2604526)
(-2.539358, 0.773724, 0.2604743)
(-2.539646, 0.7736655, 0.2605177)
