(5.381018, 1.130901, 5.703682)
(5.380223, 1.128499, 5.705818)
(5.37994, 1.127951, 5.706335)
(5.380959, 1.130746, 5.703465)
(5.381592, 1.132717, 5.701919)
(5.382074, 1.132463, 5.702084)
(5.380963, 1.129557, 5.705034)
(5.380298, 1.129573, 5.705267)
(5.380153, 1.130093, 5.704688)
(5.380413, 1.131162, 5.703676)
(5.380404, 1.13134, 5.703659)
(5.379982, 1.130846, 5.703941)
(5.379124, 1.130603, 5.70471)
(5.378088, 1.129651, 5.705826)
(5.377699, 1.129798, 5.705634)
(5.377926, 1.129022, 5.706658)
(5.377891, 1.129073, 5.706495)
(5.378439, 1.130211, 5.705632)
(5.37831, 1.130156, 5.70579)
(5.377486, 1.128629, 5.707481)
(5.376665, 1.127832, 5.708123)
(5.377031, 1.128365, 5.707492)
(5.376715, 1.128326, 5.707573)
(5.376797, 1.12923, 5.706869)
(5.376083, 1.128345, 5.70807)
(5.374715, 1.128269, 5.708269)
(5.37535, 1.126425, 5.710863)
(5.376969, 1.126041, 5.710273)
(5.379442, 1.129421, 5.707151)
(5.381069, 1.130552, 5.705703)
(5.38241, 1.131133, 5.704473)
(5.383733, 1.132114, 5.703662)
(5.384058, 1.131169, 5.704015)
(5.384254, 1.13125, 5.703972)
(5.384017, 1.130841, 5.704274)
(5.383573, 1.129899, 5.704687)
(5.383362, 1.131717, 5.702668)
(5.384088, 1.134863, 5.699985)
(5.383791, 1.133356, 5.701034)
(5.384035, 1.132549, 5.701403)
(5.383366, 1.132466, 5.701765)
(5.382032, 1.132845, 5.701157)
(5.380935, 1.133706, 5.700219)
(5.379099, 1.13786, 5.697671)
(5.379072, 1.137626, 5.699377)
(5.379305, 1.129981, 5.705494)
(5.376795, 1.125986, 5.709713)
(5.376135, 1.129029, 5.70587)
(5.37514, 1.127574, 5.707129)
(5.377578, 1.127236, 5.703202)
(5.381571, 1.133461, 5.696518)
(5.383773, 1.13862, 5.692707)
(5.383197, 1.135227, 5.69583)
(5.378323, 1.126593, 5.704878)
(5.376995, 1.124693, 5.706191)
(5.380338, 1.132081, 5.698111)
(5.382725, 1.136079, 5.692812)
(5.384162, 1.137034, 5.69046)
(5.383727, 1.135005, 5.691417)
(5.383759, 1.134521, 5.690639)
(5.382126, 1.134725, 5.689731)
(5.381233, 1.134313, 5.689257)
(5.380182, 1.134777, 5.687589)
(5.380312, 1.135361, 5.685653)
(5.381719, 1.137381, 5.682125)
(5.382209, 1.140043, 5.679145)
(5.382033, 1.141374, 5.677308)
(5.379847, 1.14096, 5.678965)
(5.380266, 1.134467, 5.684815)
(5.380626, 1.131224, 5.686963)
(5.381028, 1.136055, 5.684094)
(5.381042, 1.137072, 5.682939)
(5.380761, 1.137602, 5.683277)
(5.379199, 1.133959, 5.686732)
(5.377421, 1.131367, 5.688818)
(5.378942, 1.135077, 5.686738)
(5.379679, 1.134905, 5.687148)
(5.380222, 1.134392, 5.68904)
(5.378601, 1.129894, 5.694592)
(5.377672, 1.128505, 5.697042)
(5.379499, 1.130893, 5.695662)
(5.380344, 1.132543, 5.694554)
(5.380193, 1.13394, 5.694165)
(5.380579, 1.132612, 5.695006)
(5.380146, 1.132298, 5.695409)
(5.380522, 1.133856, 5.694743)
(5.380137, 1.133749, 5.694704)
(5.378018, 1.13196, 5.69685)
(5.3767, 1.130918, 5.698542)
(5.376326, 1.130062, 5.699547)
(5.377246, 1.129027, 5.699925)
(5.378648, 1.133274, 5.696238)
(5.37971, 1.135309, 5.694592)
(5.379267, 1.134729, 5.695272)
(5.378006, 1.132506, 5.697442)
(5.376852, 1.130807, 5.69906)
(5.375504, 1.130419, 5.699683)
(5.375571, 1.130892, 5.699388)
(5.377075, 1.133339, 5.697111)
(5.378268, 1.133609, 5.696727)
(5.376841, 1.132764, 5.697544)
(5.375897, 1.132599, 5.697847)
(5.375391, 1.132874, 5.697693)
(5.374422, 1.133748, 5.697891)
(5.373799, 1.131356, 5.700678)
(5.372403, 1.128818, 5.703353)
(5.371604, 1.129943, 5.702743)
(5.37129, 1.13125, 5.701875)
(5.369002, 1.128708, 5.704282)
(5.36587, 1.12546, 5.707873)
(5.365255, 1.124102, 5.70988)
(5.365221, 1.123103, 5.710164)
(5.364913, 1.124005, 5.709025)
(5.363458, 1.124143, 5.709428)
(5.362776, 1.12403, 5.709453)
(5.362376, 1.123238, 5.710888)
(5.361011, 1.120757, 5.713536)
(5.360004, 1.11726, 5.717708)
(5.358045, 1.114944, 5.72024)
(5.356417, 1.112785, 5.723329)
(5.359308, 1.113336, 5.723262)
(5.363662, 1.115422, 5.72143)
(5.369228, 1.118472, 5.718306)
(5.372499, 1.119574, 5.718645)
(5.374476, 1.115702, 5.722983)
(5.3759, 1.112397, 5.727731)
(5.382373, 1.112642, 5.729761)
(5.393717, 1.117411, 5.726812)
(5.40148, 1.118913, 5.725974)
(5.407344, 1.11662, 5.729258)
(5.406663, 1.111462, 5.739025)
(5.412938, 1.098551, 5.756378)
(5.441118, 1.077214, 5.782519)
(5.487812, 1.071862, 5.805252)
(5.558905, 1.060392, 5.84416)
(5.590907, 0.9514552, 5.945679)
(5.650308, 0.8739483, 6.063519)
(5.703998, 0.7933118, 6.131509)
(5.740149, 0.8278493, 6.097673)
(5.859206, 0.8524944, 6.097156)
(5.910279, 0.8553116, 6.140484)
(5.922762, 0.861501, 6.163716)
(5.973527, 0.8818182, 6.208025)
(5.992428, 0.9256101, 6.231799)
(5.930882, 0.9677262, 6.245173)
(5.955468, 1.02484, 6.248748)
(5.958184, 1.034034, 6.256144)
(5.916991, 1.035679, 0.01103405)
(5.863291, 1.045172, 0.03939758)
(5.891496, 1.040291, 0.04160611)
(5.947731, 1.026981, 0.04082463)
(5.978933, 1.025765, 0.06158605)
(5.975687, 1.027152, 0.07917906)
(5.961779, 1.037961, 0.08690795)
(5.956141, 1.051166, 0.08309235)
(5.939189, 1.053042, 0.07925636)
(5.919302, 1.045375, 0.08257203)
(5.890115, 1.021116, 0.0809361)
(5.869737, 0.9911355, 0.08129304)
(5.844497, 0.9501379, 0.08835649)
(5.82365, 0.9119251, 0.100669)
(5.808937, 0.8846484, 0.1051518)
(5.799646, 0.876268, 0.09518281)
(5.790382, 0.8876411, 0.06990602)
(5.783421, 0.8942922, 0.0499216)
(5.780121, 0.9075931, 0.03590388)
(5.782562, 0.924698, 0.0153911)
(5.782986, 0.9375994, 6.741708E-06)
(5.766943, 0.9516598, 6.261344)
(5.747496, 0.9602371, 6.239308)
(5.718288, 0.9649407, 6.217515)
(5.700527, 0.9801097, 6.177997)
(5.678554, 0.9954181, 6.137764)
(5.647635, 0.9982035, 6.109921)
(5.611659, 0.9932712, 6.092476)
(5.580374, 0.9951929, 6.07353)
(5.551591, 1.011079, 6.043259)
(5.526036, 1.037515, 5.999977)
(5.502225, 1.074856, 5.947104)
(5.48002, 1.099888, 5.903655)
(5.467515, 1.107793, 5.876639)
(5.458078, 1.116269, 5.851953)
(5.449101, 1.130334, 5.819734)
(5.439776, 1.147892, 5.78656)
(5.434169, 1.162153, 5.757089)
(5.435874, 1.178945, 5.721722)
(5.441602, 1.194687, 5.683003)
(5.438104, 1.202392, 5.654876)
(5.421675, 1.199443, 5.643025)
(5.413526, 1.207077, 5.62535)
(5.412896, 1.224161, 5.594188)
(5.407093, 1.245542, 5.560314)
(5.404771, 1.264377, 5.531267)
(5.442906, 1.277549, 5.512224)
(5.416866, 1.161677, 5.651968)
(5.479283, 1.128838, 5.639218)
(5.508613, 1.060418, 5.696855)
(5.481479, 0.9293213, 5.869021)
(5.431338, 0.7940066, 6.032133)
(5.351272, 0.8847694, 5.965318)
(5.283519, 0.851274, 5.958946)
(5.260833, 0.8999066, 5.885407)
(5.347492, 1.063117, 5.74387)
(5.385141, 1.123627, 5.701486)
(5.343516, 1.377919, 5.462061)
(5.341492, 1.435409, 5.391329)
(5.388876, 1.397864, 5.440677)
(5.394091, 1.356244, 5.525802)
(5.320373, 1.255121, 5.618032)
(5.367099, 1.153829, 5.677047)
(5.423111, 1.064239, 5.749827)
(5.420622, 0.9915271, 5.818531)
(5.382171, 0.9493754, 5.865807)
(5.334919, 1.000201, 5.827451)
(5.3078, 1.091906, 5.747081)
(5.28188, 1.235465, 5.613955)
(5.28235, 1.299749, 5.552974)
(5.339883, 1.265053, 5.584273)
(5.378277, 1.236751, 5.604609)
(5.414771, 1.199886, 5.631087)
(5.444396, 1.137517, 5.66983)
(5.410326, 1.113899, 5.69172)
(5.377382, 1.130459, 5.690418)
(5.338906, 1.174476, 5.668771)
(5.316841, 1.179263, 5.662462)
(5.322388, 1.175719, 5.658169)
(5.350802, 1.188189, 5.648036)
(5.371161, 1.183794, 5.652231)
(5.390859, 1.162618, 5.666598)
(5.388474, 1.153876, 5.674191)
(5.371837, 1.148328, 5.681762)
(5.348436, 1.146619, 5.68926)
(5.335877, 1.142915, 5.694465)
(5.333781, 1.138927, 5.696996)
(5.339242, 1.147338, 5.687998)
(5.350423, 1.148677, 5.686194)
(5.372779, 1.149436, 5.680481)
(5.38091, 1.155267, 5.672918)
(5.373743, 1.170143, 5.658168)
(5.361831, 1.174789, 5.658451)
(5.356889, 1.15631, 5.675863)
(5.355878, 1.137108, 5.693381)
(5.357683, 1.13153, 5.698222)
(5.362799, 1.150462, 5.680311)
(5.362569, 1.165986, 5.666085)
(5.364435, 1.166892, 5.665268)
(5.365055, 1.159853, 5.672634)
(5.359461, 1.1445, 5.686966)
(5.354606, 1.141338, 5.692038)
(5.352044, 1.14327, 5.690832)
(5.353403, 1.141981, 5.692058)
(5.35645, 1.1489, 5.683586)
(5.361677, 1.152242, 5.680402)
(5.360685, 1.155811, 5.676342)
(5.35707, 1.152795, 5.680486)
(5.354148, 1.148942, 5.684308)
(5.354438, 1.138465, 5.693293)
(5.353117, 1.141503, 5.690919)
(5.351288, 1.155762, 5.678677)
(5.350188, 1.161325, 5.674531)
(5.354376, 1.147219, 5.687826)
(5.35911, 1.134202, 5.698499)
(5.357792, 1.137947, 5.695262)
(5.354946, 1.159675, 5.675473)
(5.355654, 1.161528, 5.673817)
(5.355927, 1.14799, 5.685141)
(5.353583, 1.142052, 5.690287)
(5.341345, 1.147124, 5.688062)
(5.335454, 1.144182, 5.69185)
(5.33443, 1.133049, 5.702557)
(5.338828, 1.128301, 5.705238)
(5.3437, 1.140033, 5.69353)
(5.357494, 1.15948, 5.674136)
(5.362678, 1.162169, 5.670192)
(5.358857, 1.151372, 5.678603)
(5.350393, 1.152475, 5.67862)
(5.335546, 1.148559, 5.68519)
(5.329051, 1.145399, 5.6881)
(5.329504, 1.139575, 5.694259)
(5.339094, 1.139406, 5.69242)
(5.347489, 1.145447, 5.685737)
(5.348573, 1.163312, 5.669159)
(5.347602, 1.173216, 5.661057)
(5.346702, 1.157328, 5.677576)
(5.347997, 1.132891, 5.698156)
(5.347857, 1.129954, 5.700196)
(5.341645, 1.144264, 5.686454)
(5.333802, 1.190324, 5.646635)
(5.340856, 1.16045, 5.677274)
(5.345142, 1.093715, 5.728767)
(5.322164, 1.165468, 5.67047)
(5.319111, 1.210607, 5.634306)
(5.344837, 1.179891, 5.65911)
(5.367955, 1.126604, 5.702666)
(5.362601, 1.109884, 5.719073)
(5.339228, 1.12063, 5.711663)
(5.329019, 1.150081, 5.687324)
(5.31938, 1.159042, 5.678807)
(5.333972, 1.155042, 5.679345)
(5.342965, 1.160856, 5.673298)
(5.353837, 1.154784, 5.678356)
(5.356633, 1.155566, 5.676078)
(5.352582, 1.157593, 5.675053)
(5.340856, 1.159935, 5.674411)
(5.335357, 1.156652, 5.678614)
(5.332118, 1.144778, 5.690244)
(5.335339, 1.137634, 5.696479)
(5.339774, 1.144551, 5.688783)
(5.341224, 1.156645, 5.677373)
(5.344298, 1.166295, 5.668565)
(5.349223, 1.152781, 5.680221)
(5.349153, 1.14559, 5.686526)
(5.344836, 1.148162, 5.684587)
(5.340451, 1.156128, 5.677467)
(5.337734, 1.163361, 5.671818)
(5.343291, 1.154757, 5.679246)
(5.347942, 1.148258, 5.684328)
(5.34864, 1.147385, 5.685035)
(5.341944, 1.158807, 5.675195)
(5.338076, 1.163335, 5.672838)
(5.339802, 1.147002, 5.68763)
(5.344097, 1.138283, 5.695406)
(5.345455, 1.139146, 5.693904)
(5.341753, 1.155877, 5.678489)
(5.339828, 1.166584, 5.669878)
(5.342838, 1.154421, 5.68063)
(5.345285, 1.141064, 5.693143)
(5.344967, 1.139045, 5.694989)
(5.340583, 1.154023, 5.681847)
(5.339285, 1.157523, 5.678958)
(5.342236, 1.151322, 5.684595)
(5.344571, 1.144707, 5.69046)
(5.343453, 1.144373, 5.690974)
(5.339739, 1.149865, 5.686285)
(5.337407, 1.152217, 5.684419)
(5.338272, 1.149261, 5.687609)
(5.341185, 1.14331, 5.692808)
(5.341658, 1.144809, 5.691099)
(5.33971, 1.150696, 5.685668)
(5.339036, 1.154269, 5.682993)
(5.33938, 1.154551, 5.682944)
(5.34498, 1.141781, 5.695189)
(5.345232, 1.137741, 5.698698)
(5.343238, 1.140929, 5.695762)
(5.339161, 1.150852, 5.686811)
(5.337303, 1.1527, 5.685277)
(5.339745, 1.144302, 5.69307)
(5.341414, 1.139795, 5.697178)
(5.340425, 1.141817, 5.695395)
(5.338792, 1.145442, 5.692097)
(5.33875, 1.146232, 5.691298)
(5.339653, 1.1448, 5.692258)
(5.340541, 1.142456, 5.694514)
(5.340681, 1.143114, 5.693918)
(5.339201, 1.146223, 5.691078)
(5.338612, 1.144699, 5.692237)
(5.339836, 1.142164, 5.694124)
(5.340634, 1.143649, 5.692753)
(5.340819, 1.144553, 5.691453)
(5.341899, 1.147166, 5.689051)
(5.342479, 1.14507, 5.690456)
(5.341006, 1.146079, 5.689343)
(5.337967, 1.146717, 5.68912)
