(-10432.71, 193.7953, 7108.748)
(-38.32165, 19.4808, 13.31116)
(-31.20314, 18.69419, 9.441206)
(-38.36594, 25.51712, 8.22733)
(-37.0653, 28.03333, 5.533492)
(-46.12033, 47.3666, -1.662398)
(-49.95711, 58.12672, -7.260745)
(-59.45094, 61.78637, 4.40828)
(-52.27633, 101.288, -12.60755)
(-21.34418, 79.83314, 7.687829)
(23.24234, 96.44139, 12.54835)
(-4.208519, 82.57293, -7.820403)
(17.64097, 90.33725, -9.179058)
(22.35753, 96.60986, 0.7120954)
(8.1644, 85.90725, -19.97778)
(-5.769433, 76.66623, -29.71909)
(-0.3311923, 89.58952, -21.02672)
(20.42196, 77.38223, -15.4178)
(38.39231, 72.26186, -15.59756)
(46.94032, 77.79034, -10.76148)
(49.94737, 70.86635, -9.08134)
(55.11932, 58.37403, -9.404597)
(61.59107, 61.87281, -17.09916)
(66.10669, 37.99586, -8.142282)
(66.45858, 36.76581, -11.18572)
(72.53831, 24.44199, -9.753942)
(87.81039, -10.88426, -3.833096)
(78.6702, 7.10041, -0.7325819)
(83.76277, -11.96209, -11.76496)
(77.21555, -12.94594, -3.947812)
(81.48964, -27.51, 4.941738)
(79.2007, -33.20948, -8.363269)
(72.03388, -42.03335, 1.186546)
(77.71288, -34.79882, 0.5145417)
(70.7934, -50.73926, 6.077444)
(71.4304, -55.92471, 3.979241)
(48.79061, -40.16621, -1.299238)
(82.2854, -78.18713, 1.261955)
(120.948, -110.0058, -2.457232)
(64.79952, -74.49358, -0.4348086)
(62.83569, -79.13149, 1.661223)
(53.27095, -78.66545, 5.930546)
(38.12898, -77.03759, 8.190385)
(41.04803, -76.79194, 13.68727)
(33.82816, -64.26086, 8.285962)
(36.71448, -79.08366, 1.675034)
(45.4198, -80.21352, 7.34615)
(45.19517, -71.12997, -2.444946)
(39.24144, -68.38601, -9.583407)
(51.60609, -75.45255, -10.46288)
(41.66449, -64.70086, -15.10152)
(26.63755, -65.30445, -15.34635)
(20.97268, -52.26004, -7.784635)
(19.39865, -47.62233, -12.31139)
(7.266403, -32.08173, -12.04716)
(19.73627, -48.37871, -12.30282)
(24.43647, -46.78441, -23.53673)
