(-74.91999, 2.182913, 3.208899)
(-75.32704, 3.030372, 2.536917)
(-76.08173, 4.100156, 1.544046)
(-77.01052, 5.215883, 0.6417513)
(-77.60249, 6.011772, 0.1800537)
(-78.27631, 7.179022, -0.3553867)
(-78.63637, 8.495021, -1.134968)
(-79.12702, 9.732985, -1.825047)
(-79.61295, 10.99269, -2.549005)
(-80.03094, 12.24084, -3.522825)
(-80.55399, 13.37211, -4.486322)
(-81.0565, 14.29367, -5.535555)
(-81.57428, 15.18888, -6.738663)
(-82.07336, 16.10518, -7.877588)
(-82.42748, 16.70773, -8.936715)
(-82.80662, 17.19239, -9.923124)
(-83.1904, 17.85715, -11.01913)
(-83.42545, 18.09311, -11.95111)
(-83.71284, 18.20412, -12.78467)
(-83.96476, 18.38176, -13.6652)
(-84.14498, 18.28411, -14.40792)
(-84.40144, 18.08884, -15.13674)
(-84.6485, 18.05944, -15.87882)
(-84.81441, 17.63277, -16.36205)
(-84.95866, 17.1103, -16.74638)
(-85.16936, 16.67831, -17.25016)
(-85.25973, 15.7594, -17.45388)
(-85.35526, 14.99553, -17.7351)
(-85.49057, 14.03086, -18.02764)
(-85.59235, 13.06536, -18.24479)
(-85.71637, 11.69746, -18.32774)
(-85.86765, 10.46338, -18.41369)
(-85.99287, 9.317827, -18.45808)
(-86.13956, 8.118176, -18.38422)
(-85.94891, 7.407546, -17.82293)
(-86.18182, 6.264639, -17.86709)
(-86.1897, 5.26278, -17.55905)
(-86.21245, 4.308486, -17.31625)
(-86.34817, 3.14281, -17.2332)
(-86.26009, 1.907372, -16.94007)
(-86.07784, 0.6803274, -16.61184)
