0.4191082
0.3902399
0.3744787
0.355146
0.3715158
0.3301513
0.2761149
0.273498
0.2450865
0.2508162
0.215224
0.2117611
0.1947242
0.1785692
0.1968021
0.1331243
0.1031137
0.07067464
0.07244165
0.06959575
0.06486589
0.05128599
0.0408668
0.02046593
0.05337075
0.004571764
0.004873239
0.03171957
0.06133986
0.083188
0.06888307
0.03588841
0.06757685
0.1032045
0.08556361
0.09759454
0.08420964
0.07847705
0.0724633
0.06820026
0.06804314
0.04874673
0.04765391
0.05179028
0.04787176
0.04128076
0.03113734
0.02817101
0.007233253
0.01333265
0.02090026
0.0193759
0.02781035
MSE 0.1200782
total_moving_Distance 0.4849541