(0.07400427, -0.8516722, 0.5188236)
(0.07370401, -0.8520545, 0.5182381)
(0.07359479, -0.852432, 0.5176326)
(0.07322648, -0.8527177, 0.5172141)
(0.07198944, -0.8537108, 0.5157474)
(0.07168336, -0.854307, 0.514802)
(0.07114139, -0.8545764, 0.5144299)
(0.07040257, -0.8548459, 0.5140836)
(0.06984449, -0.854895, 0.5140781)
(0.06918588, -0.8553241, 0.5134531)
(0.06918588, -0.8553241, 0.5134531)
(0.06777412, -0.856467, 0.5117333)
(0.06724875, -0.8565679, 0.5116338)
(0.06700882, -0.8563198, 0.5120804)
(0.06660194, -0.8563582, 0.5120693)
(0.06601334, -0.8563829, 0.5121041)
(0.0656098, -0.8564229, 0.5120891)
(0.06533746, -0.8566675, 0.5117146)
(0.06495371, -0.856649, 0.5117943)
(0.06399759, -0.8568561, 0.5115681)
(0.0632138, -0.8571255, 0.5112143)
(0.06139182, -0.8576781, 0.5105089)
(0.05992251, -0.8577366, 0.5105852)
(0.0591178, -0.8575138, 0.5110531)
(0.05763147, -0.8572854, 0.5116055)
(0.05588311, -0.8574069, 0.5115961)
(0.05471291, -0.857844, 0.5109894)
(0.05381572, -0.8581586, 0.5105562)
(0.05254008, -0.859197, 0.5089401)
(0.05151191, -0.8600615, 0.5075834)
(0.05054594, -0.8604121, 0.507086)
(0.0494056, -0.8601432, 0.5076541)
(0.04819925, -0.8602475, 0.5075934)
(0.04705779, -0.8606572, 0.5070058)
(0.04490901, -0.8608566, 0.5068621)
(0.04183545, -0.861066, 0.5067692)
(0.03931144, -0.8607212, 0.5075564)
(0.03598466, -0.8608794, 0.507535)
(0.03282154, -0.8616277, 0.5064785)
(0.0284184, -0.8616713, 0.5066705)
(0.02400507, -0.859836, 0.5100056)
(0.01823596, -0.8569441, 0.5150865)
(0.01081062, -0.8546579, 0.5190789)
(0.002059215, -0.8545799, 0.5193158)
(-0.005938003, -0.8557256, 0.5173959)
(-0.01314805, -0.8595047, 0.5109587)
(-0.01630766, -0.8633608, 0.5043235)
(-0.01650546, -0.8639882, 0.5032415)
(-0.0147948, -0.8606828, 0.5089265)
(-0.01846346, -0.8604447, 0.5092093)
(-0.02487896, -0.8615844, 0.5070043)
(-0.03426517, -0.863629, 0.5029621)
(-0.04130785, -0.8673007, 0.4960676)
(-0.04523109, -0.8707063, 0.4897189)
(-0.04504461, -0.8735542, 0.4846381)
(-0.04249906, -0.873382, 0.4851782)
(-0.04140231, -0.8726846, 0.486526)
(-0.04094873, -0.8714911, 0.4886989)
(-0.04290404, -0.8707619, 0.4898295)
(-0.04597237, -0.8709614, 0.4891961)
(-0.04960039, -0.8720431, 0.4869093)
(-0.05235938, -0.8730496, 0.4848123)
(-0.05474637, -0.8745354, 0.4818616)
(-0.05681806, -0.8755333, 0.4798054)
(-0.05828758, -0.8760217, 0.4787364)
(-0.05946137, -0.8764619, 0.4777853)
(-0.05976602, -0.8766602, 0.4773836)
(-0.06000906, -0.8769556, 0.4768099)
(-0.06050204, -0.8777053, 0.4753661)
(-0.06221123, -0.8791838, 0.4724042)
(-0.06398312, -0.8807356, 0.4692664)
(-0.0645697, -0.8819033, 0.4669876)
(-0.06382513, -0.8824263, 0.4661012)
(-0.06346057, -0.8826759, 0.4656782)
(-0.06257527, -0.8832325, 0.4647415)
(-0.0629321, -0.8839592, 0.4633095)
(-0.06482176, -0.8850676, 0.4609266)
(-0.0661159, -0.8864659, 0.4580469)
(-0.06763891, -0.8882516, 0.4543501)
(-0.0689242, -0.8896098, 0.4514907)
(-0.07015432, -0.8907513, 0.449044)
(-0.07134542, -0.8916509, 0.4470665)
(-0.07327469, -0.8922013, 0.4456542)
(-0.07327469, -0.8922013, 0.4456542)
(-0.07834983, -0.8935454, 0.4420836)
(-0.07960278, -0.8948911, 0.4391281)
(-0.07960773, -0.8964281, 0.4359809)
(-0.07836819, -0.8980744, 0.4328059)
(-0.07845318, -0.898938, 0.4309938)
(-0.0774308, -0.9000963, 0.4287554)
(-0.076998, -0.9017124, 0.4254245)
(-0.07691936, -0.9029571, 0.4227906)
(-0.07619172, -0.9042405, 0.4201714)
(-0.07425521, -0.9050117, 0.4188556)
(-0.07297291, -0.9076737, 0.4132838)
(-0.07125863, -0.911947, 0.4040729)
(-0.06732787, -0.9144558, 0.3990459)
(-0.06486394, -0.9158315, 0.3962895)
(-0.06314178, -0.9172938, 0.3931732)
(-0.06406926, -0.9192601, 0.3884019)
(-0.06463775, -0.920298, 0.3858416)
(-0.06414466, -0.9211076, 0.3839873)
(-0.06349401, -0.9219572, 0.3820517)
(-0.06264418, -0.9235771, 0.3782604)
(-0.06259081, -0.92577, 0.3728703)
(-0.06209116, -0.9268522, 0.3702562)
(-0.06239108, -0.9277101, 0.3680506)
(-0.06286579, -0.9288243, 0.3651483)
(-0.06521111, -0.9306889, 0.3599525)
(-0.06839933, -0.9331215, 0.3529954)
(-0.07024959, -0.9349973, 0.3476281)
(-0.06868565, -0.9366189, 0.3435512)
(-0.06572595, -0.9376761, 0.3412384)
(-0.06292224, -0.9387192, 0.3388911)
(-0.05977926, -0.9391254, 0.3383341)
(-0.05927945, -0.9391294, 0.3384109)
(-0.06105124, -0.9404288, 0.3344643)
(-0.06230974, -0.9422228, 0.329141)
(-0.06233907, -0.9449414, 0.3212471)
(-0.06012367, -0.9471905, 0.3149849)
(-0.04926423, -0.9493799, 0.3102432)
(-0.04019994, -0.9481438, 0.3152891)
(-0.03435552, -0.946636, 0.3204685)
(-0.02930488, -0.9454572, 0.3244258)
(-0.02246058, -0.946134, 0.3229955)
(-0.01441239, -0.9494365, 0.313628)
(-0.006292969, -0.9520317, 0.3059346)
(0.00392665, -0.9541314, 0.2993628)
(0.01471362, -0.9543793, 0.2982346)
(0.02599005, -0.9534207, 0.3005221)
(0.02882457, -0.9539931, 0.29844)
(0.03156268, -0.9546204, 0.2961479)
(0.03606288, -0.9551246, 0.2940008)
(0.04348268, -0.9558111, 0.2907481)
(0.05135679, -0.9563102, 0.2878079)
(0.06023218, -0.9578882, 0.2807533)
(0.06585217, -0.9584215, 0.277654)
(0.07053309, -0.958774, 0.2752769)
(0.07732943, -0.9603621, 0.2678147)
(0.08623022, -0.9613343, 0.261535)
(0.09864472, -0.9615052, 0.2564702)
(0.1102498, -0.9610633, 0.2533818)
(0.1196907, -0.9605588, 0.2509997)
(0.125271, -0.959894, 0.2508198)
(0.1307831, -0.9590155, 0.2513664)
(0.1344637, -0.9574956, 0.2551899)
(0.1393485, -0.9562829, 0.2571087)
(0.1457905, -0.9552665, 0.2573153)
(0.1515428, -0.9547891, 0.2557587)
(0.1557643, -0.95435, 0.25486)
(0.1576785, -0.9544317, 0.2533726)
(0.1589774, -0.9542466, 0.2532578)
(0.1611891, -0.9537942, 0.2535643)
(0.1624887, -0.953594, 0.2534876)
(0.1638863, -0.9533643, 0.2534519)
(0.165438, -0.9529765, 0.2539019)
(0.1664515, -0.9525816, 0.2547201)
(0.16541, -0.9517986, 0.2583001)
(0.1660989, -0.950901, 0.2611482)
(0.1677894, -0.949517, 0.2650741)
(0.1701755, -0.9482886, 0.2679347)
(0.1720563, -0.9474465, 0.2697072)
(0.172944, -0.9470132, 0.2706593)
(0.1720953, -0.9465422, 0.2728388)
(0.1718114, -0.9459519, 0.275056)
(0.171483, -0.945512, 0.2767685)
(0.1735699, -0.9447366, 0.2781119)
(0.1759515, -0.9441361, 0.2786542)
(0.1782378, -0.943495, 0.2793716)
(0.1788587, -0.942739, 0.2815192)
(0.1795049, -0.9414972, 0.2852387)
(0.1813541, -0.9399737, 0.289068)
(0.1843979, -0.9377517, 0.2943115)
(0.1870043, -0.9359645, 0.2983286)
(0.1890988, -0.9347498, 0.3008065)
(0.1897109, -0.9345467, 0.301052)
(0.1902217, -0.9338273, 0.3029557)
(0.1902352, -0.9328111, 0.3060619)
(0.1918672, -0.9308499, 0.310975)
(0.1926636, -0.9296609, 0.3140244)
(0.1931761, -0.9294161, 0.314434)
(0.1937867, -0.9291245, 0.3149198)
(0.1941328, -0.9287046, 0.3159437)
(0.1924181, -0.9282404, 0.3183474)
(0.1904568, -0.9282314, 0.3195508)
(0.1886449, -0.9286069, 0.3195344)
(0.1872926, -0.9286199, 0.3202917)
(0.1864465, -0.9279413, 0.3227424)
(0.1833301, -0.92882, 0.3219991)
(0.176316, -0.9330912, 0.3134542)
(0.1722586, -0.936209, 0.3063325)
(0.1707965, -0.9371475, 0.3042748)
(0.171029, -0.9373387, 0.3035542)
(0.171251, -0.9381396, 0.300944)
(0.1698246, -0.9393726, 0.2978905)
(0.1652571, -0.9416496, 0.2932343)
(0.1611248, -0.9437852, 0.2886319)
(0.1567386, -0.9461613, 0.2832168)
(0.1522382, -0.948294, 0.2784998)
(0.1501781, -0.9488069, 0.2778704)
(0.1489217, -0.948568, 0.2793581)
(0.1470169, -0.9479435, 0.2824697)
(0.1431113, -0.9500716, 0.2772782)
(0.1389503, -0.9522426, 0.271895)
(0.1337436, -0.9545038, 0.2665244)
(0.1293704, -0.9560674, 0.2630561)
(0.1264224, -0.9568479, 0.261648)
(0.1235567, -0.9574894, 0.2606683)
(0.1197431, -0.9580559, 0.2603661)
(0.1150696, -0.9589321, 0.2592453)
(0.1107843, -0.95905, 0.2606722)
(0.1080423, -0.9592199, 0.2611972)
(0.1046102, -0.9601161, 0.2592947)
(0.1000478, -0.9612215, 0.25699)
(0.09287711, -0.9616694, 0.2580036)
(0.08408695, -0.9621608, 0.2591831)
(0.07678779, -0.9630651, 0.2580876)
(0.07125717, -0.9640158, 0.2561173)
(0.06570826, -0.9641632, 0.2570447)
(0.05974192, -0.9648869, 0.2557815)
(0.05211389, -0.9661117, 0.252809)
(0.04381437, -0.9670882, 0.2506408)
(0.0326946, -0.9683704, 0.2473654)
(0.02176516, -0.9694459, 0.2443378)
(0.01249367, -0.9695852, 0.2444348)
(0.004519675, -0.96955, 0.2448518)
(-0.001466857, -0.9695441, 0.2449125)
(-0.005027056, -0.9693126, 0.2457804)
(-0.01051781, -0.9685885, 0.2484467)
(-0.01840583, -0.9672112, 0.2533055)
(-0.02684772, -0.9659125, 0.2574731)
(-0.03346359, -0.9649316, 0.2603596)
(-0.03315807, -0.9659575, 0.2565675)
(-0.02670947, -0.9682881, 0.2484046)
(-0.02208097, -0.9702179, 0.2412252)
(-0.02038344, -0.9720724, 0.2337942)
(-0.02235941, -0.9731813, 0.2289504)
(-0.0281091, -0.9735016, 0.2269459)
(-0.02877171, -0.973803, 0.2255661)
(-0.02859949, -0.9743709, 0.2231224)
(-0.02489068, -0.9738358, 0.2258856)
(-0.02401167, -0.9736793, 0.2266543)
(-0.02399616, -0.9736322, 0.226858)
(-0.02508063, -0.9738055, 0.2259954)
(-0.02594301, -0.9743624, 0.2234839)
(-0.02639708, -0.9749005, 0.2210706)
(-0.02834822, -0.9756258, 0.2176023)
(-0.03014038, -0.9759214, 0.2160303)
(-0.03139077, -0.9760832, 0.2151191)
(-0.03471014, -0.9753307, 0.2180028)
(-0.03701856, -0.9750808, 0.2187403)
(-0.03930777, -0.9749694, 0.218837)
(-0.04240823, -0.9751899, 0.2172699)
(-0.04478895, -0.9760345, 0.2129571)
(-0.04651832, -0.9765118, 0.2103826)
(-0.04905618, -0.9767052, 0.2089034)
(-0.05176417, -0.9765006, 0.2092061)
(-0.05459469, -0.9762222, 0.2097849)
(-0.05738686, -0.9759602, 0.210258)
(-0.05957135, -0.9758779, 0.2100327)
(-0.06092847, -0.97594, 0.2093533)
(-0.06242057, -0.9759679, 0.208783)
(-0.0645189, -0.9760222, 0.2078896)
(-0.06694725, -0.9759876, 0.207283)
(-0.06965315, -0.9759283, 0.20667)
(-0.07022633, -0.9759845, 0.2062101)
(-0.07073136, -0.9758535, 0.2066572)
(-0.07105671, -0.9754831, 0.2082876)
(-0.071654, -0.9750268, 0.2102104)
(-0.07263322, -0.9746904, 0.2114308)
(-0.07236433, -0.9741191, 0.2141387)
(-0.07306118, -0.9734131, 0.2170923)
(-0.07464817, -0.9730384, 0.2182291)
(-0.07470394, -0.9731598, 0.217668)
(-0.07138325, -0.9729958, 0.219508)
(-0.06872438, -0.9722915, 0.2234415)
(-0.06603125, -0.9707184, 0.2309666)
(-0.06447089, -0.9697509, 0.2354288)
(-0.06235826, -0.9689127, 0.2394152)
(-0.05771478, -0.9681845, 0.2434913)
(-0.05378275, -0.9678918, 0.2455463)
(-0.05178061, -0.9675946, 0.2471432)
(-0.05633389, -0.9677687, 0.2454594)
(-0.06269205, -0.9678036, 0.2437744)
(-0.06582087, -0.968314, 0.2409061)
(-0.06219073, -0.9686356, 0.2405773)
(-0.0553528, -0.9684128, 0.2431313)
(-0.04373857, -0.9669523, 0.2511775)
(-0.03854563, -0.9649101, 0.259736)
(-0.03917144, -0.9633792, 0.2652662)
(-0.04067466, -0.9629337, 0.2666542)
(-0.04245484, -0.9636046, 0.2639386)
(-0.04310943, -0.9643193, 0.2612083)
(-0.04174763, -0.9636894, 0.2637421)
(-0.0412363, -0.9626353, 0.2676432)
(-0.04076115, -0.9613528, 0.2722853)
(-0.04027797, -0.9592155, 0.2797918)
(-0.03990252, -0.9576344, 0.2852089)
(-0.03805112, -0.9570417, 0.2874427)
(-0.03574098, -0.9567591, 0.2886773)
(-0.03305482, -0.9565582, 0.2896616)
(-0.03109086, -0.9560156, 0.2916631)
(-0.03025303, -0.9545841, 0.2964019)
(-0.02980099, -0.9530273, 0.3014149)
(-0.02948347, -0.9517335, 0.3055063)
(-0.02918439, -0.9506265, 0.3089618)
(-0.02831957, -0.9494292, 0.3127018)
(-0.02662522, -0.948156, 0.316688)
(-0.02523389, -0.9469697, 0.3203304)
(-0.02339757, -0.9455063, 0.3247619)
(-0.02099025, -0.9437933, 0.3298693)
