(0.06263417, -0.7712758, 0.6334118)
(0.06240143, -0.7711332, 0.6336085)
(0.06242786, -0.7710106, 0.6337549)
(0.06254596, -0.7709215, 0.6338518)
(0.0628188, -0.7707241, 0.6340649)
(0.06328891, -0.7707869, 0.6339417)
(0.06355582, -0.7708769, 0.6338056)
(0.06407937, -0.7711641, 0.6334033)
(0.06448434, -0.7719145, 0.6324475)
(0.06485161, -0.7722135, 0.6320449)
(0.06536785, -0.772629, 0.6314837)
(0.06637131, -0.7727802, 0.6311938)
(0.06705274, -0.7732431, 0.6305546)
(0.06707373, -0.77408, 0.6295247)
(0.06701224, -0.7753585, 0.6279559)
(0.06729238, -0.7765031, 0.6265099)
(0.06775726, -0.7773768, 0.6253753)
(0.06873174, -0.7777264, 0.6248341)
(0.06949693, -0.7779833, 0.6244295)
(0.06931797, -0.7799232, 0.6220248)
(0.06921296, -0.7820664, 0.6193397)
(0.06951086, -0.7832537, 0.6178042)
(0.06991477, -0.7847579, 0.6158466)
(0.06961524, -0.7866467, 0.6134662)
(0.06909643, -0.7876666, 0.612215)
(0.06944975, -0.788522, 0.6110727)
(0.0695212, -0.790329, 0.6087257)
(0.06881285, -0.7918455, 0.6068324)
(0.06751959, -0.793241, 0.6051527)
(0.06662714, -0.794241, 0.6039388)
(0.06563838, -0.7953726, 0.6025563)
(0.06420049, -0.7967862, 0.6008412)
(0.06305805, -0.7982063, 0.5990746)
(0.06212899, -0.7994688, 0.5974862)
(0.06137618, -0.8009127, 0.5956272)
(0.06043068, -0.8019943, 0.5942669)
(0.05931376, -0.8031041, 0.5928792)
(0.05819587, -0.804644, 0.5908988)
(0.05690038, -0.8061436, 0.5889778)
(0.05536413, -0.8077739, 0.5868868)
(0.05373843, -0.8093086, 0.5849203)
(0.0526012, -0.810468, 0.5834164)
(0.051636, -0.8109723, 0.5828015)
(0.04985997, -0.8119271, 0.5816256)
(0.04776333, -0.813162, 0.5800744)
(0.04653428, -0.8143502, 0.5785052)
(0.04534177, -0.8153311, 0.5772169)
(0.04403558, -0.8159495, 0.5764437)
(0.04270872, -0.8160816, 0.5763565)
(0.04176185, -0.8160533, 0.576466)
(0.04010232, -0.8167858, 0.5755456)
(0.03823808, -0.8183827, 0.5734001)
(0.0364581, -0.81998, 0.57123)
(0.03482056, -0.8210663, 0.5697699)
(0.03277041, -0.8201308, 0.5712368)
(0.02988705, -0.8190886, 0.5728879)
(0.0271702, -0.8197572, 0.5720664)
(0.02470885, -0.8209687, 0.5704382)
(0.02158847, -0.8226623, 0.5681204)
(0.01902941, -0.8235816, 0.5668784)
(0.01629946, -0.8240661, 0.5662591)
(0.0131731, -0.8247972, 0.5652754)
(0.009997249, -0.8258812, 0.5637555)
(0.006068826, -0.8273194, 0.5616989)
(0.002039999, -0.8283258, 0.560243)
(-0.001090825, -0.8287187, 0.5596644)
(-0.003442556, -0.8294505, 0.5585697)
(-0.005134612, -0.8313759, 0.5556867)
(-0.006830782, -0.83323, 0.5528843)
(-0.008452252, -0.8345439, 0.5508766)
(-0.00916405, -0.8344616, 0.5509899)
(-0.009908527, -0.835018, 0.5501333)
(-0.01171872, -0.8362898, 0.5481625)
(-0.01333809, -0.8380749, 0.5453922)
(-0.01406065, -0.838717, 0.544386)
(-0.01529433, -0.8397198, 0.5428045)
(-0.01676686, -0.84066, 0.5413037)
(-0.01800446, -0.8411504, 0.5405015)
(-0.0192457, -0.8418221, 0.5394119)
(-0.02057698, -0.8428695, 0.5377245)
(-0.02260049, -0.8444847, 0.5351027)
(-0.02456062, -0.8460132, 0.5325958)
(-0.02640559, -0.8481806, 0.5290486)
(-0.02817354, -0.8507022, 0.5248924)
(-0.03006308, -0.8521175, 0.5224864)
(-0.03121847, -0.8523535, 0.5220336)
(-0.03260742, -0.8528972, 0.5210598)
(-0.03436485, -0.8531184, 0.5205844)
(-0.03618079, -0.8539863, 0.5190361)
(-0.03738347, -0.8545842, 0.5179658)
(-0.03790002, -0.8556803, 0.5161151)
(-0.03902163, -0.856836, 0.5141103)
(-0.03934154, -0.8580596, 0.5120412)
(-0.03947261, -0.8596719, 0.5093194)
(-0.03920016, -0.8607194, 0.5075682)
(-0.03872763, -0.8614253, 0.5064056)
(-0.03800789, -0.8610653, 0.507072)
(-0.03749979, -0.8612089, 0.5068657)
(-0.03700002, -0.8610231, 0.507218)
(-0.03538485, -0.860874, 0.5075864)
(-0.03346735, -0.8612788, 0.5070295)
(-0.03097109, -0.8618256, 0.5062583)
(-0.02845861, -0.8623585, 0.5054978)
(-0.02582428, -0.8628252, 0.5048424)
(-0.02241205, -0.8627316, 0.5051653)
(-0.01891524, -0.8620685, 0.5064387)
(-0.01543772, -0.8618449, 0.506937)
(-0.01199058, -0.8620669, 0.5066527)
(-0.008491874, -0.8623809, 0.5061889)
(-0.004671752, -0.8622988, 0.5063782)
(-0.0007511079, -0.861673, 0.5074633)
(0.002672344, -0.861097, 0.5084338)
(0.006133527, -0.8606837, 0.5091029)
(0.009380162, -0.8607203, 0.5089918)
(0.01281464, -0.8606769, 0.5089903)
(0.01594144, -0.8601978, 0.5097113)
(0.01871565, -0.8591698, 0.5113481)
(0.0217672, -0.8582653, 0.5127445)
(0.02528962, -0.8579329, 0.5131391)
(0.0287739, -0.858579, 0.5118734)
(0.03192848, -0.8590774, 0.5108488)
(0.03566197, -0.8588169, 0.5110399)
(0.03927946, -0.8580799, 0.5120119)
(0.04203308, -0.858284, 0.5114506)
(0.04482085, -0.8595442, 0.5090924)
(0.04842809, -0.8615301, 0.5053917)
(0.05196507, -0.8654802, 0.4982405)
(0.05600624, -0.8681274, 0.4931715)
(0.06000389, -0.8690875, 0.4910057)
(0.06482631, -0.8694929, 0.489673)
(0.06851706, -0.8712733, 0.485992)
(0.07190217, -0.8737167, 0.4810917)
(0.07553214, -0.8750448, 0.4781124)
(0.07931523, -0.8766025, 0.4746338)
(0.08371104, -0.8787701, 0.4698464)
(0.08873034, -0.8811992, 0.4643434)
(0.09566286, -0.8846324, 0.4563706)
(0.1019263, -0.8863271, 0.4517025)
(0.1078873, -0.8870909, 0.4488098)
(0.1140306, -0.8867881, 0.4478883)
(0.1200088, -0.8866785, 0.4465415)
(0.1235473, -0.8843987, 0.4500833)
(0.127195, -0.8828816, 0.4520414)
(0.1305778, -0.8811402, 0.4544681)
(0.133498, -0.878883, 0.457977)
(0.1383599, -0.8771008, 0.4599465)
(0.14291, -0.8760903, 0.4604807)
(0.1470483, -0.876119, 0.4591212)
(0.1496672, -0.8783655, 0.4539535)
(0.1517375, -0.8802567, 0.4495819)
(0.1541874, -0.8811003, 0.4470889)
(0.1576824, -0.8801969, 0.447649)
(0.1613426, -0.8783894, 0.4498896)
(0.1639906, -0.8768822, 0.4518682)
(0.1679336, -0.8761114, 0.4519151)
(0.1720013, -0.8760971, 0.4504103)
(0.1756371, -0.8763672, 0.4484775)
(0.1780891, -0.8763786, 0.4474872)
(0.1792846, -0.8755423, 0.4486454)
(0.1809101, -0.8738754, 0.4512355)
(0.1834813, -0.8723753, 0.4530958)
(0.1865624, -0.8712265, 0.4540472)
(0.1893639, -0.8705102, 0.4542614)
(0.1910321, -0.8694881, 0.4555187)
(0.1917472, -0.8679006, 0.4582376)
(0.1930101, -0.8662556, 0.4608127)
(0.1952147, -0.8651007, 0.462052)
(0.1974634, -0.8644192, 0.4623716)
(0.1991863, -0.8651777, 0.4602091)
(0.200516, -0.8648251, 0.4602943)
(0.2014999, -0.8640007, 0.4614114)
(0.2026802, -0.8631356, 0.4625122)
(0.204849, -0.861782, 0.4640785)
(0.2062893, -0.8605981, 0.4656347)
(0.2059499, -0.860936, 0.46516)
(0.205935, -0.8614908, 0.4641384)
(0.207491, -0.8613704, 0.4636684)
(0.2094394, -0.8630633, 0.4596269)
(0.2105033, -0.8636971, 0.4579475)
(0.2103122, -0.8641503, 0.4571795)
(0.2108057, -0.864216, 0.4568279)
(0.2113013, -0.8633861, 0.4581661)
(0.2111378, -0.8630252, 0.4589209)
(0.2114934, -0.8634901, 0.4578813)
(0.2116286, -0.8644381, 0.4560266)
(0.2116297, -0.865231, 0.4545196)
(0.210837, -0.8649374, 0.455446)
(0.2105527, -0.8642638, 0.4568539)
(0.2092757, -0.8636234, 0.4586484)
(0.2083211, -0.8635616, 0.459199)
(0.205674, -0.8640332, 0.4595051)
(0.2033153, -0.8642823, 0.4600857)
(0.199876, -0.8641644, 0.461811)
(0.1974479, -0.8639497, 0.463255)
(0.1946837, -0.8639567, 0.4644105)
(0.190843, -0.8647327, 0.4645604)
(0.1871417, -0.8650904, 0.4653995)
(0.1827884, -0.8649153, 0.4674506)
(0.1779557, -0.8655694, 0.4681041)
(0.1726196, -0.8667037, 0.4680033)
(0.1683804, -0.8677178, 0.4676686)
(0.1643671, -0.8692006, 0.4663409)
(0.1606656, -0.8705709, 0.4650729)
(0.1574228, -0.8734653, 0.4607346)
(0.1544183, -0.8765199, 0.4559252)
(0.1512116, -0.8786155, 0.4529567)
(0.1480646, -0.8796974, 0.4518954)
(0.1444518, -0.8808579, 0.4508026)
(0.1409711, -0.8820459, 0.4495799)
(0.138934, -0.8833505, 0.4476486)
(0.1373447, -0.8849481, 0.4449757)
(0.1354468, -0.8872893, 0.4408762)
(0.1348205, -0.889928, 0.4357196)
(0.133792, -0.8919223, 0.4319425)
(0.1314757, -0.8932163, 0.4299753)
(0.1286986, -0.8941454, 0.428883)
(0.1267267, -0.8948227, 0.4280569)
(0.1245461, -0.8949933, 0.4283402)
(0.1228968, -0.8958905, 0.4269387)
(0.1210303, -0.8975928, 0.4238855)
(0.1186357, -0.8993921, 0.4207369)
(0.1167547, -0.9003432, 0.419226)
(0.1144126, -0.9000951, 0.4204029)
(0.1125844, -0.8997259, 0.421685)
(0.111795, -0.8999663, 0.4213817)
(0.1112766, -0.9018093, 0.4175613)
(0.1104473, -0.9043679, 0.4122137)
(0.109185, -0.9057147, 0.4095846)
(0.1072898, -0.9065962, 0.4081327)
(0.1049481, -0.9077656, 0.4061373)
(0.1030311, -0.9096025, 0.4025019)
(0.101542, -0.9114873, 0.3985977)
(0.1003189, -0.9124277, 0.3967518)
(0.09872809, -0.912891, 0.3960845)
(0.09555849, -0.9131522, 0.3962595)
(0.08996755, -0.9142162, 0.3951133)
(0.08541134, -0.9149082, 0.3945222)
(0.08078119, -0.9151114, 0.395026)
(0.07672906, -0.9143787, 0.3975226)
(0.07262504, -0.9143381, 0.3983862)
(0.06622869, -0.9137067, 0.4009413)
(0.06083193, -0.9135167, 0.4022273)
(0.0560303, -0.9131702, 0.403709)
(0.05140418, -0.9125865, 0.4056399)
(0.04581758, -0.9119731, 0.4076835)
(0.04115111, -0.9113951, 0.4094698)
(0.03712437, -0.9103374, 0.4121984)
(0.03344646, -0.9092982, 0.4147988)
(0.02976349, -0.907869, 0.418196)
(0.02610546, -0.9052937, 0.4239832)
(0.02240238, -0.9032214, 0.4285899)
(0.01927438, -0.9012836, 0.4328008)
(0.01681545, -0.89982, 0.4359372)
(0.01414958, -0.8985737, 0.4385945)
(0.01129839, -0.8975644, 0.4407385)
(0.008422762, -0.8961695, 0.4436318)
(0.004872233, -0.8948133, 0.446414)
(0.0006026924, -0.8935985, 0.4488668)
(-0.004481912, -0.8925739, 0.4508788)
(-0.007927269, -0.8909957, 0.4539424)
(-0.009852827, -0.8890111, 0.4577796)
(-0.01284575, -0.8874567, 0.4607121)
(-0.01614434, -0.886011, 0.4633831)
(-0.0196999, -0.8850489, 0.465081)
(-0.02279349, -0.8842416, 0.4664731)
(-0.02563281, -0.8838568, 0.4670546)
(-0.02749787, -0.8829634, 0.4686358)
(-0.02927308, -0.8820236, 0.470295)
(-0.03126836, -0.8810695, 0.4719523)
(-0.03338526, -0.8805706, 0.4727377)
(-0.03541099, -0.8800347, 0.4735874)
(-0.03660008, -0.8791151, 0.4752022)
(-0.03714266, -0.8778103, 0.4775662)
(-0.03737339, -0.8764918, 0.479964)
(-0.03768264, -0.8755261, 0.4816993)
(-0.03641157, -0.8755724, 0.4817129)
(-0.03421417, -0.8744856, 0.4838434)
(-0.03241584, -0.8730465, 0.4865584)
(-0.03168185, -0.8719001, 0.488658)
(-0.03059241, -0.8703676, 0.4914513)
(-0.02911744, -0.8683534, 0.4950905)
(-0.02643056, -0.8668669, 0.4978385)
(-0.02301899, -0.8651299, 0.5010192)
(-0.01995768, -0.863601, 0.5037808)
(-0.01746531, -0.8622999, 0.5060966)
(-0.01487826, -0.860447, 0.5093228)
(-0.0115637, -0.8580205, 0.5134853)
(-0.00790368, -0.8551288, 0.5183555)
(-0.004204661, -0.8524472, 0.5227965)
(-0.001159266, -0.8497999, 0.5271043)
(0.00111568, -0.8472815, 0.531143)
(0.004174426, -0.8448459, 0.5349935)
(0.007160917, -0.8425444, 0.5385794)
(0.01029059, -0.8401095, 0.5423193)
(0.01332968, -0.8372812, 0.54661)
(0.01619051, -0.8344837, 0.5507947)
(0.01854366, -0.832868, 0.5531609)
(0.02061476, -0.8307022, 0.5563353)
(0.02213195, -0.828109, 0.5601301)
(0.02226241, -0.8253137, 0.5642356)
(0.02246669, -0.8229748, 0.5676335)
(0.0236275, -0.8206701, 0.5709136)
(0.02457704, -0.818411, 0.5741075)
(0.02481523, -0.8152236, 0.5786145)
(0.02509195, -0.8123604, 0.5826157)
(0.02501974, -0.8092014, 0.5869985)
(0.02459992, -0.8059073, 0.5915304)
(0.02414313, -0.8020171, 0.596813)
(0.02432194, -0.7985082, 0.6014924)
(0.02452876, -0.795609, 0.6053137)
(0.02441606, -0.7929223, 0.6088334)
(0.02379601, -0.7901658, 0.612431)
(0.02287592, -0.7873396, 0.616095)
(0.02188429, -0.7847742, 0.6193952)
(0.02144293, -0.7826068, 0.622147)
(0.02108321, -0.7803985, 0.6249269)
(0.02138545, -0.7775583, 0.6284472)
(0.02108288, -0.7743483, 0.6324083)
(0.0203397, -0.7712184, 0.6362456)
(0.01937702, -0.7684128, 0.639661)
(0.01878184, -0.7658417, 0.6427548)
(0.01908699, -0.7643771, 0.644487)
(0.02000752, -0.7636194, 0.6453565)
(0.02051222, -0.7620953, 0.6471398)
(0.02101374, -0.7594625, 0.6502116)
(0.02134775, -0.7564279, 0.6537286)
(0.02148157, -0.754945, 0.6554362)
(0.02220803, -0.7540115, 0.6564858)
(0.02368437, -0.7524996, 0.6581666)
(0.02466436, -0.7513598, 0.6594316)
(0.02483143, -0.7498201, 0.6611756)
(0.02540356, -0.7485483, 0.6625935)
(0.02625167, -0.747408, 0.6638465)
(0.02743755, -0.7467716, 0.6645144)
(0.02868663, -0.7463484, 0.664937)
(0.02927375, -0.7462394, 0.6650337)
(0.03009801, -0.7457057, 0.6655954)
(0.03149313, -0.744565, 0.6668067)
(0.03294663, -0.7436842, 0.6677187)
(0.03449389, -0.74362, 0.6677121)
(0.03614609, -0.7442008, 0.6669772)
(0.03804027, -0.7445784, 0.6664503)
(0.04050019, -0.7445893, 0.6662931)
(0.0424991, -0.7444443, 0.6663306)
(0.04437363, -0.7443401, 0.6663249)
(0.04605889, -0.744289, 0.6662675)
(0.04838441, -0.7449857, 0.6653234)
(0.05089565, -0.7457122, 0.6643214)
(0.05344945, -0.7471578, 0.6624942)
(0.05579266, -0.7474937, 0.6619217)
(0.05853222, -0.747993, 0.6611206)
(0.06150205, -0.7493654, 0.6592943)
(0.06501268, -0.7513961, 0.6566408)
(0.06831563, -0.7530675, 0.654387)
(0.07207231, -0.7543271, 0.6525306)
(0.07567358, -0.7555371, 0.6507205)
(0.07898201, -0.7566687, 0.6490102)
