(-2.54163, 0.7729174, 0.2593185)
(-2.541792, 0.773031, 0.2593545)
(-2.541816, 0.7730018, 0.259333)
(-2.541843, 0.7729837, 0.2593137)
(-2.541609, 0.7729659, 0.259544)
(-2.541627, 0.7729516, 0.2595488)
(-2.541646, 0.772921, 0.259555)
(-2.542149, 0.7728986, 0.2592448)
(-2.542176, 0.7728999, 0.2592231)
(-2.542212, 0.7728914, 0.2592136)
(-2.542078, 0.7730494, 0.2594463)
(-2.542118, 0.7730596, 0.2594424)
(-2.542148, 0.7730393, 0.259442)
(-2.54211, 0.7730198, 0.2593168)
(-2.542141, 0.7730087, 0.2592992)
(-2.542173, 0.7730091, 0.2592551)
(-2.541945, 0.7729739, 0.2593099)
(-2.541958, 0.772945, 0.2593066)
(-2.541998, 0.7729343, 0.2592934)
(-2.542329, 0.7729659, 0.2592727)
(-2.542376, 0.7729586, 0.2592734)
(-2.542384, 0.772933, 0.2592555)
(-2.542212, 0.7728374, 0.2594076)
(-2.542257, 0.772815, 0.2594179)
(-2.542266, 0.7727964, 0.2594067)
(-2.542526, 0.7726548, 0.2593147)
(-2.542559, 0.7726395, 0.2593518)
(-2.542595, 0.7726226, 0.2593137)
(-2.542493, 0.7727147, 0.2591356)
(-2.542521, 0.7727076, 0.2591048)
(-2.542563, 0.7726858, 0.2591041)
(-2.542987, 0.7726589, 0.2588731)
(-2.543005, 0.7726448, 0.2588717)
(-2.543057, 0.7726392, 0.2588223)
(-2.543375, 0.7726296, 0.2588698)
(-2.543422, 0.772619, 0.2588474)
(-2.543478, 0.772612, 0.2588214)
(-2.543447, 0.7726629, 0.2588426)
(-2.543504, 0.7726504, 0.2588125)
(-2.54355, 0.7726326, 0.2588097)
(-2.543179, 0.7727822, 0.2587215)
(-2.543211, 0.7727692, 0.2586986)
(-2.54325, 0.7727622, 0.2586552)
(-2.542908, 0.7727033, 0.258727)
(-2.54294, 0.7726984, 0.2586979)
(-2.542963, 0.772684, 0.2586762)
(-2.54355, 0.7726038, 0.2584459)
(-2.543604, 0.772603, 0.2584339)
(-2.543641, 0.7726059, 0.2583863)
(-2.543735, 0.7724597, 0.2585365)
(-2.543765, 0.7724361, 0.2585243)
(-2.543816, 0.7724221, 0.2584869)
(-2.543307, 0.7725643, 0.2585741)
(-2.543338, 0.7725521, 0.2585732)
(-2.543355, 0.7725347, 0.2585355)
(-2.543335, 0.7726748, 0.2584912)
(-2.543377, 0.7726656, 0.2584664)
(-2.543417, 0.77264, 0.2584296)
(-2.543123, 0.7727243, 0.2585608)
(-2.543152, 0.7727159, 0.2585284)
(-2.543194, 0.7727056, 0.2584807)
(-2.54281, 0.7727149, 0.2589477)
(-2.542847, 0.7727045, 0.2589408)
(-2.542856, 0.7726772, 0.258938)
(-2.542843, 0.772632, 0.2590927)
(-2.54285, 0.7726023, 0.2590967)
(-2.542886, 0.7725828, 0.2590865)
(-2.543114, 0.7725606, 0.2591039)
(-2.543149, 0.7725357, 0.259092)
(-2.54318, 0.7724991, 0.2590882)
(-2.542991, 0.7725219, 0.25901)
(-2.543013, 0.7724968, 0.2589871)
(-2.543025, 0.772464, 0.2589699)
(-2.542761, 0.7725003, 0.2590252)
(-2.542775, 0.7724771, 0.2590019)
(-2.542812, 0.7724552, 0.2589999)
(-2.542673, 0.7725019, 0.2591368)
(-2.542682, 0.7724681, 0.2591287)
(-2.54271, 0.7724458, 0.259123)
(-2.542951, 0.7725817, 0.2588199)
(-2.542985, 0.7725571, 0.2588345)
(-2.543012, 0.772521, 0.2588083)
(-2.542941, 0.7725006, 0.259014)
(-2.54301, 0.7724915, 0.2590019)
(-2.543045, 0.7724733, 0.2589744)
(-2.543043, 0.7726051, 0.2588938)
(-2.543096, 0.7726125, 0.2588686)
(-2.54315, 0.7726209, 0.2588075)
(-2.542853, 0.7726873, 0.2590212)
(-2.5429, 0.7726855, 0.258999)
(-2.54295, 0.7726645, 0.2589482)
(-2.542875, 0.7727174, 0.258751)
(-2.542923, 0.7727029, 0.2587391)
(-2.54298, 0.7727089, 0.25869)
(-2.54289, 0.7727236, 0.2587596)
(-2.542936, 0.7727196, 0.2587291)
(-2.542984, 0.7727054, 0.2586809)
(-2.543264, 0.7727498, 0.2588793)
(-2.543301, 0.7727264, 0.258866)
(-2.543375, 0.7727286, 0.2588547)
(-2.543377, 0.7727652, 0.2590328)
(-2.543418, 0.7727325, 0.2590178)
(-2.543482, 0.7727127, 0.2589971)
(-2.542979, 0.772833, 0.2589227)
(-2.543041, 0.772837, 0.2589051)
(-2.543102, 0.7728264, 0.2588733)
(-2.542686, 0.7728304, 0.2589294)
(-2.542725, 0.772815, 0.2588845)
(-2.542749, 0.7728106, 0.2588559)
(-2.54268, 0.7728288, 0.2587341)
(-2.542716, 0.7728113, 0.2586867)
(-2.542751, 0.7728053, 0.2586647)
(-2.542809, 0.7728622, 0.258875)
(-2.542843, 0.7728379, 0.258835)
(-2.542884, 0.7728221, 0.2588235)
(-2.542675, 0.7728916, 0.2587548)
(-2.542729, 0.7728829, 0.2587363)
(-2.542762, 0.772868, 0.2587043)
(-2.54282, 0.772884, 0.2587935)
(-2.542844, 0.7728727, 0.2587634)
(-2.542893, 0.7728678, 0.258741)
(-2.543301, 0.7727419, 0.2586218)
(-2.543373, 0.7727352, 0.2586066)
(-2.543404, 0.7727031, 0.2585872)
(-2.542625, 0.7727309, 0.2589473)
(-2.542662, 0.7727267, 0.2589351)
(-2.542681, 0.7727145, 0.2588948)
(-2.542829, 0.7728127, 0.2589179)
(-2.542875, 0.7728148, 0.2589117)
(-2.542917, 0.7728055, 0.2588841)
(-2.542553, 0.7728285, 0.2591416)
(-2.54259, 0.7728316, 0.2591277)
(-2.542622, 0.7728119, 0.2591139)
(-2.542329, 0.7729535, 0.2591966)
(-2.542381, 0.7729415, 0.2591635)
(-2.542382, 0.7729056, 0.2591544)
(-2.542098, 0.7729673, 0.259256)
(-2.542123, 0.7729557, 0.2592429)
(-2.54214, 0.772952, 0.259215)
(-2.541777, 0.7730503, 0.2593764)
(-2.54181, 0.7730597, 0.259349)
(-2.541834, 0.7730433, 0.2593168)
(-2.54183, 0.7731375, 0.2595631)
(-2.541861, 0.7731574, 0.2595631)
(-2.541879, 0.7731483, 0.2595662)
(-2.541934, 0.7732095, 0.2593914)
(-2.541963, 0.7732223, 0.2593828)
(-2.541973, 0.7732211, 0.2593654)
(-2.542089, 0.7732915, 0.2593983)
(-2.542141, 0.7733015, 0.2593807)
(-2.542181, 0.7732999, 0.2593802)
(-2.541491, 0.7732508, 0.2596136)
(-2.541517, 0.7732542, 0.2596127)
(-2.541543, 0.7732764, 0.259606)
(-2.541305, 0.7731965, 0.2596308)
(-2.541332, 0.7732009, 0.2596389)
(-2.541329, 0.7732031, 0.259643)
(-2.540815, 0.7732352, 0.2597705)
(-2.540812, 0.7732381, 0.2597746)
(-2.540821, 0.7732394, 0.2597922)
(-2.54062, 0.7732201, 0.2598292)
(-2.540623, 0.773218, 0.2598292)
(-2.540587, 0.7731998, 0.2598468)
(-2.541007, 0.7731724, 0.2597586)
(-2.541027, 0.773178, 0.2597636)
(-2.541006, 0.773165, 0.2597882)
(-2.541131, 0.7731642, 0.2598191)
(-2.541113, 0.7731516, 0.2597953)
(-2.541122, 0.7731436, 0.2598199)
(-2.541117, 0.7731924, 0.2596847)
(-2.541136, 0.7732083, 0.2596613)
(-2.54113, 0.7732023, 0.2596842)
(-2.541381, 0.7732623, 0.2594463)
(-2.541365, 0.7732638, 0.2594448)
(-2.541371, 0.7732729, 0.2594105)
(-2.541308, 0.7732111, 0.2594963)
(-2.541311, 0.7732483, 0.2594589)
(-2.5413, 0.7732521, 0.2594315)
(-2.541281, 0.7732483, 0.2593921)
(-2.541291, 0.7732854, 0.2593523)
(-2.541296, 0.7732936, 0.2593499)
(-2.541067, 0.7734121, 0.2594868)
(-2.541067, 0.7734522, 0.2594692)
(-2.541067, 0.7734756, 0.2594453)
(-2.541135, 0.7735393, 0.2595598)
(-2.541145, 0.7735817, 0.2595319)
(-2.541155, 0.7736002, 0.2595116)
(-2.540773, 0.7736139, 0.2596413)
(-2.540787, 0.7736468, 0.2596275)
(-2.540775, 0.7736603, 0.2595977)
(-2.54068, 0.7736595, 0.2600309)
(-2.5407, 0.7736924, 0.2600404)
(-2.540695, 0.7737103, 0.260039)
(-2.540413, 0.7736453, 0.2600628)
(-2.540385, 0.7736661, 0.2600771)
(-2.540367, 0.7736771, 0.2600647)
(-2.540323, 0.7737542, 0.2602626)
(-2.5403, 0.7737696, 0.2602812)
(-2.540279, 0.7737837, 0.2602955)
(-2.54024, 0.7737675, 0.260161)
(-2.540215, 0.7737769, 0.2601849)
(-2.540215, 0.7738045, 0.2601563)
(-2.539606, 0.7737859, 0.2603699)
(-2.539565, 0.7737728, 0.2604066)
(-2.539526, 0.7737806, 0.2604271)
(-2.539225, 0.7737745, 0.2605106)
(-2.539169, 0.7737585, 0.2605349)
(-2.539127, 0.7737514, 0.2605447)
(-2.538971, 0.7737581, 0.2606126)
(-2.538919, 0.7737513, 0.2606379)
(-2.538889, 0.7737412, 0.2606484)
(-2.539085, 0.7737466, 0.2605335)
(-2.539038, 0.7737558, 0.2605416)
(-2.538972, 0.7737495, 0.2605654)
(-2.539809, 0.7737845, 0.2604553)
(-2.539793, 0.7737894, 0.2604824)
(-2.53977, 0.773807, 0.2605063)
(-2.540278, 0.7738008, 0.2602512)
(-2.540286, 0.7738323, 0.260244)
(-2.540262, 0.7738477, 0.260276)
(-2.540009, 0.7739652, 0.2602211)
(-2.539973, 0.7739867, 0.2602266)
(-2.539982, 0.7740254, 0.2602121)
(-2.53996, 0.7739515, 0.2604862)
(-2.539956, 0.7739789, 0.2604769)
(-2.539942, 0.7740045, 0.2605134)
(-2.539928, 0.7738934, 0.2605883)
(-2.53992, 0.7739272, 0.2606076)
(-2.539906, 0.7739478, 0.2605969)
(-2.540123, 0.7738924, 0.260265)
(-2.540117, 0.7739085, 0.2602826)
(-2.540095, 0.7739204, 0.2603093)
(-2.539573, 0.7739235, 0.2603465)
(-2.539543, 0.7739187, 0.2603682)
(-2.539513, 0.7739232, 0.2603871)
(-2.539488, 0.7738962, 0.2604336)
(-2.539458, 0.7739043, 0.2604321)
(-2.539419, 0.7739249, 0.2604328)
(-2.539438, 0.7739599, 0.2603589)
(-2.539393, 0.7739813, 0.2603623)
(-2.539379, 0.7740172, 0.2603673)
(-2.539511, 0.7739407, 0.2605497)
(-2.539475, 0.773952, 0.2605802)
(-2.539447, 0.7739614, 0.2605978)
(-2.539672, 0.7739689, 0.2607127)
(-2.539631, 0.7739891, 0.2607671)
(-2.539617, 0.7740171, 0.2607871)
(-2.539587, 0.7740884, 0.2606236)
(-2.539578, 0.7741249, 0.2606705)
(-2.539546, 0.7741653, 0.2606879)
(-2.539376, 0.7742213, 0.2606114)
(-2.539334, 0.7742583, 0.2606248)
(-2.53931, 0.7743074, 0.2606488)
(-2.539726, 0.7742071, 0.2604786)
(-2.539715, 0.7742381, 0.2605039)
(-2.53969, 0.7742704, 0.2605306)
(-2.539503, 0.7741159, 0.2607256)
(-2.539475, 0.774139, 0.2607628)
(-2.539447, 0.7741663, 0.2607993)
(-2.539486, 0.7741379, 0.2605716)
(-2.539444, 0.7741528, 0.2606016)
(-2.539418, 0.7741774, 0.2606288)
(-2.53961, 0.7741388, 0.2603933)
(-2.539579, 0.7741529, 0.2604071)
(-2.539543, 0.7741625, 0.2604181)
(-2.539716, 0.7741332, 0.2603155)
(-2.539678, 0.774157, 0.2603427)
(-2.539653, 0.7741803, 0.2603542)
(-2.539918, 0.7740279, 0.260435)
(-2.539884, 0.7740531, 0.2604483)
