0.0057278
0.0111796
0.0155287
0.0066996
0.0111012
0.010567
0.0158404
0.0071623
0.0110006
0.0109898
0.0157312
0.0061945
0.0112198
0.0117201
0.0158551
0.0063683
0.0110052
0.0110129
0.0156085
0.0072536
0.0110515
0.0110138
0.0156681
0.0069131
0.0103958
0.0109993
0.0159098
0.0115124
0.0065395
0.011061
0.0161139
0.0063687
0.0104881
0.0110496
0.0158432
0.0062823
0.0118929
0.0109982
0.0157459
0.0066323
0.0107201
0.0112153
0.0197648
0.0066776
0.0061529
0.0121491
0.0160464
0.0066582
0.0103337
0.0108903
0.0155696
0.0063521
0.0114033
0.0107261
0.0157114
0.0110146
0.0070697
0.0113226
0.0158779
0.0062678
0.0107124
0.0110338
0.015686
0.0071502
0.0111156
0.0109211
0.0160812
0.0062208
0.0107182
0.0110032
0.0157504
0.0062423
0.0120384
0.0110882
0.0158158
0.0062267
0.0111077
