(-3577.401, -232.702, 13314.62)
(-3.834632, -2.541984, -0.966441)
(0.7383607, 0.7465546, 0.7338085)
(3.386042, 3.263788, 0.5096233)
(0, 0, 0)
(-2.806595, 3.041884, 3.88972)
(0, 0, 0)
(-3.328623, 2.951697, -1.617417)
(0.310826, 0.6779279, -0.02748356)
(-2.873593, -1.297071, -0.5430827)
(0, 0, 0)
(-3.132509, 1.188506, -0.06703462)
(-0.9639071, 0.3481794, -0.4837861)
(0.1266905, 1.19219, 0.9258154)
(2.037241, 0.1914561, 0.1115278)
(-1.222563, -5.577623, -1.562829)
(-0.3601839, 0.07132355, 0.9022429)
(1.193328, 0.6738477, 0.3718243)
(0.6842909, -0.3489611, 0.4343839)
(0.6587249, -0.3585801, 1.39315)
(-0.4490231, 1.073672, -1.719143)
(-0.4406822, 0.4583095, -0.3186471)
(-1.258106, 0.5623699, 0.6714277)
(-1.577101, 1.737959, -1.246644)
(0.8811718, -0.276119, 1.116521)
(0.3808443, 0.6681479, 1.613577)
(0.2948656, 0.2589064, 0.2660982)
(-0.7422094, 1.104364, -0.5356576)
(0.532522, 0.6617137, 0.3158895)
(0.1809884, 0.5446888, -0.2585548)
(1.471843, 0.1146891, 0.2930943)
(2.631084, -0.420652, -0.412614)
(-0.3120332, 0.2338001, 0.09082235)
(-2.303837, 1.289278, -0.775199)
(-2.459117, 0.0361901, 2.338785)
(-0.3855748, 1.052449, 1.755699)
(0.7954128, 0.16053, 0.1421085)
(0.2165713, -0.4965293, 0.512376)
(-0.04632566, 0.6111423, -1.547455)
(2.052697, 0.4123167, -0.6291384)
(0.02845375, -0.5727465, 0.2248764)
(1.077831, 1.427156, -1.010653)
(0.3805418, -0.3622465, 0.2140548)
(-3.744516, 0.7510288, 1.01318)
(1.4512, 3.217877, 0.5318061)
(-8.112132, -14.06618, -3.314397)
(0.2566579, 1.004474, -0.3526738)
