0.3130181
0.3482262
0.3308993
0.3106268
0.2921667
0.2890042
0.4025467
0.333351
0.278108
0.201466
0.1203821
0.1736264
0.1485306
0.1249145
0.0382968
0.03558315
0.02032059
0.04763769
0.02274057
0.07874402
0.08447411
0.02825949
0.08027127
0.03145757
0.02731987
0.009650436
0.01268321
0.02430826
0.04600027
0.04082626
0.05199465
0.05586519
0.04889041
0.05883975
0.06836233
0.05418704
0.05159324
0.05265544
0.04834174
0.05517724
0.05800034
0.04651247
0.04815366
0.04496557
0.04615023
0.04584017
0.04560161
0.04765264
0.0454247
0.05124735
0.04304238
0.03163702
0.02411497
0.01934695
0.01288618
0.01036518
0.0100428
0.01152046
0.005266797
0.01129012
0.01721178
MSE 0.09045281
total_moving_Distance 0.8522156