(-0.4532466, 0.6148944, -1.777093)
(-0.4530163, 0.6149638, -1.777077)
(-0.4529681, 0.6149992, -1.777143)
(-0.4529881, 0.6150404, -1.777124)
(-0.4528785, 0.6150802, -1.777121)
(-0.4529233, 0.6150329, -1.777157)
(-0.452961, 0.6151105, -1.777113)
(-0.4530249, 0.6151028, -1.777111)
(-0.4529448, 0.615142, -1.777052)
(-0.4529715, 0.6152073, -1.777023)
(-0.4530811, 0.615175, -1.777046)
(-0.4530616, 0.615196, -1.776992)
(-0.4530292, 0.6151509, -1.777017)
(-0.4530029, 0.6151581, -1.777017)
(-0.4529943, 0.6151301, -1.776994)
(-0.4530306, 0.6151778, -1.776978)
(-0.4528849, 0.615229, -1.776947)
(-0.4529915, 0.6151725, -1.776998)
(-0.4529176, 0.6150938, -1.777043)
(-0.453125, 0.6150559, -1.777082)
(-0.4531593, 0.615036, -1.777042)
(-0.4531975, 0.6150914, -1.776999)
(-0.4531221, 0.6151164, -1.77699)
(-0.4530697, 0.6151954, -1.777014)
(-0.4530663, 0.6151606, -1.777039)
(-0.4530954, 0.6151489, -1.777063)
(-0.453125, 0.6150699, -1.776987)
(-0.4531376, 0.6150818, -1.776971)
(-0.4530697, 0.615103, -1.77696)
(-0.4530048, 0.6151602, -1.776962)
(-0.4530013, 0.6151637, -1.776963)
(-0.4529376, 0.6151748, -1.776966)
(-0.4529462, 0.6151859, -1.777012)
(-0.4529655, 0.6152217, -1.776978)
(-0.4530034, 0.6152065, -1.776985)
(-0.4530535, 0.6151838, -1.777029)
(-0.4530373, 0.6151696, -1.777034)
(-0.4530663, 0.6151477, -1.777051)
(-0.4530363, 0.6152091, -1.777015)
(-0.4529753, 0.6151614, -1.77703)
(-0.4531369, 0.6151415, -1.777044)
(-0.4531665, 0.6151453, -1.777121)
(-0.4531941, 0.6151649, -1.777128)
(-0.4531727, 0.6150935, -1.777087)
(-0.4531817, 0.6151091, -1.777104)
(-0.4531801, 0.6150681, -1.777138)
(-0.4531128, 0.6150854, -1.77714)
(-0.4530773, 0.6151179, -1.777133)
(-0.4530847, 0.6151226, -1.777138)
(-0.4529581, 0.6151648, -1.777117)
(-0.4528999, 0.6151481, -1.776986)
(-0.4528706, 0.6151335, -1.776988)
(-0.4529846, 0.6151415, -1.777003)
(-0.4529796, 0.615136, -1.77699)
(-0.4530096, 0.6151617, -1.776974)
(-0.452961, 0.6151679, -1.776946)
(-0.4529898, 0.6151776, -1.776954)
(-0.45297, 0.6151848, -1.776941)
(-0.4528704, 0.6152258, -1.776936)
(-0.4529092, 0.6151897, -1.776955)
(-0.4529266, 0.6152493, -1.776919)
(-0.4528921, 0.6152611, -1.776903)
(-0.4528852, 0.6152735, -1.776903)
(-0.4528456, 0.6152024, -1.776947)
(-0.4528944, 0.6151896, -1.776955)
(-0.4528346, 0.6152556, -1.77703)
(-0.452817, 0.615257, -1.777027)
(-0.4527915, 0.6152693, -1.777032)
(-0.4529123, 0.6151551, -1.776985)
(-0.4528871, 0.615097, -1.777003)
(-0.452949, 0.6150606, -1.777006)
(-0.4530239, 0.6149902, -1.777068)
(-0.4530478, 0.614985, -1.777066)
(-0.4529862, 0.6149851, -1.777058)
(-0.4529278, 0.6150459, -1.777058)
(-0.4529357, 0.6150465, -1.777067)
(-0.4529648, 0.6150055, -1.777077)
(-0.4528878, 0.6150873, -1.777038)
(-0.4529192, 0.6151298, -1.777006)
(-0.4531646, 0.6150674, -1.777039)
(-0.4531269, 0.6151327, -1.777103)
(-0.4531574, 0.6151575, -1.777113)
(-0.4530008, 0.6152135, -1.777112)
(-0.4530475, 0.6151419, -1.777039)
(-0.4530399, 0.6151069, -1.777077)
(-0.4530404, 0.6151119, -1.77706)
(-0.4530139, 0.6151845, -1.777176)
(-0.4530237, 0.6152008, -1.777189)
(-0.45292, 0.615247, -1.777183)
(-0.4529719, 0.6151495, -1.7771)
(-0.4529924, 0.6151752, -1.777105)
(-0.4531822, 0.6151328, -1.777121)
(-0.4531846, 0.6150539, -1.77694)
(-0.4531574, 0.615011, -1.776958)
(-0.4531407, 0.6150179, -1.776946)
(-0.45309, 0.6150867, -1.776998)
(-0.453063, 0.6150424, -1.777007)
(-0.4531007, 0.6150513, -1.777012)
(-0.4531283, 0.6150149, -1.776995)
(-0.453125, 0.6150174, -1.776967)
(-0.4531217, 0.6150179, -1.776982)
(-0.4531507, 0.6150087, -1.777069)
(-0.4531922, 0.61506, -1.777034)
(-0.4530253, 0.6151026, -1.777029)
(-0.4529924, 0.6151265, -1.777089)
(-0.4530115, 0.6151496, -1.777093)
(-0.4529252, 0.6151645, -1.777072)
(-0.4529481, 0.6151245, -1.777035)
(-0.4529293, 0.6151061, -1.777036)
(-0.4530926, 0.6150633, -1.777041)
(-0.4531794, 0.6149899, -1.777101)
(-0.4531486, 0.6149349, -1.777121)
(-0.4532747, 0.6148914, -1.777156)
(-0.4531522, 0.6150314, -1.777171)
(-0.4531736, 0.6150649, -1.777151)
(-0.45298, 0.6151946, -1.77718)
(-0.4529719, 0.6151944, -1.777148)
(-0.4529409, 0.6151823, -1.777153)
(-0.4528332, 0.615217, -1.777139)
(-0.4528906, 0.6151463, -1.777177)
(-0.45294, 0.6152316, -1.777126)
(-0.4528356, 0.6152779, -1.777094)
(-0.4528124, 0.6152941, -1.777123)
(-0.4528079, 0.6153327, -1.777107)
(-0.4528072, 0.6153505, -1.777065)
(-0.4528446, 0.6152438, -1.776957)
(-0.4528108, 0.6152526, -1.776938)
(-0.4529538, 0.6152266, -1.776947)
(-0.4529431, 0.6152575, -1.776945)
(-0.4528651, 0.6151862, -1.776983)
(-0.4528413, 0.6151835, -1.776973)
(-0.4528019, 0.6152102, -1.776969)
(-0.452806, 0.6152686, -1.776921)
(-0.4529297, 0.6152363, -1.776923)
(-0.4528828, 0.615319, -1.77695)
(-0.4528222, 0.6152537, -1.776989)
(-0.4527814, 0.6152681, -1.776975)
(-0.4528546, 0.6152135, -1.777044)
(-0.4528103, 0.6151726, -1.777078)
(-0.4528856, 0.6151687, -1.777098)
(-0.4529171, 0.6151166, -1.777003)
(-0.4529388, 0.6151448, -1.776984)
(-0.4529331, 0.6151217, -1.776992)
(-0.4529524, 0.6151574, -1.777099)
(-0.4529748, 0.6151979, -1.777082)
(-0.4528861, 0.6152099, -1.77708)
(-0.4528353, 0.6152461, -1.777025)
(-0.4528162, 0.6152332, -1.777027)
(-0.4528356, 0.6152228, -1.777037)
(-0.4527626, 0.6152911, -1.777037)
(-0.4527297, 0.6152433, -1.777062)
(-0.4527543, 0.6152523, -1.777053)
(-0.4527047, 0.6152631, -1.77705)
(-0.4526684, 0.6152189, -1.777068)
(-0.4527054, 0.6152115, -1.777056)
(-0.4528155, 0.615136, -1.777084)
(-0.452852, 0.6152315, -1.777031)
(-0.4529335, 0.6151906, -1.777043)
(-0.4529006, 0.6152453, -1.777036)
(-0.4528766, 0.6152009, -1.777052)
(-0.4530935, 0.6151428, -1.777101)
(-0.4531922, 0.6150583, -1.777105)
(-0.4531918, 0.6150305, -1.777103)
(-0.4531577, 0.6150398, -1.777104)
(-0.4530993, 0.6150938, -1.777168)
(-0.4531379, 0.6151217, -1.77714)
(-0.4530849, 0.6151286, -1.777155)
(-0.4530749, 0.6150889, -1.777026)
(-0.4530561, 0.6150627, -1.777028)
(-0.4531188, 0.6150393, -1.777032)
(-0.4531388, 0.6150488, -1.777049)
(-0.4531612, 0.6150665, -1.777025)
(-0.4530687, 0.6151042, -1.777008)
(-0.4530907, 0.6150855, -1.77699)
(-0.4530458, 0.6150211, -1.777019)
(-0.4531355, 0.6150017, -1.777018)
(-0.4530826, 0.6150593, -1.776978)
(-0.4530945, 0.6150832, -1.776925)
(-0.4532714, 0.6150501, -1.776934)
(-0.4532242, 0.6151149, -1.776963)
(-0.4532421, 0.6151077, -1.776983)
(-0.4530575, 0.6151826, -1.776933)
(-0.4530849, 0.6151685, -1.776974)
(-0.4530604, 0.6151127, -1.777004)
(-0.4529619, 0.6151359, -1.776992)
(-0.4530499, 0.6150635, -1.777005)
(-0.4530659, 0.6150832, -1.777013)
(-0.4531562, 0.6150249, -1.777028)
(-0.4531872, 0.6150308, -1.777045)
(-0.4531803, 0.614998, -1.777061)
(-0.4531569, 0.6149999, -1.777052)
(-0.4531541, 0.6149698, -1.777069)
(-0.4531794, 0.6149573, -1.777081)
(-0.4530296, 0.6149775, -1.777077)
(-0.4530203, 0.6150366, -1.77707)
(-0.4530232, 0.615049, -1.777047)
(-0.4531202, 0.6150084, -1.777065)
(-0.4530892, 0.6150308, -1.777055)
(-0.4531379, 0.615078, -1.77703)
(-0.4532166, 0.6150527, -1.777059)
(-0.45329, 0.614959, -1.777001)
(-0.4532995, 0.6149582, -1.77699)
(-0.4532449, 0.6149659, -1.776984)
(-0.4532485, 0.6149926, -1.777041)
(-0.4532528, 0.6149685, -1.777048)
(-0.4532104, 0.6149843, -1.777059)
(-0.4530988, 0.6151186, -1.777143)
(-0.4531212, 0.6151098, -1.777172)
(-0.4529839, 0.6151336, -1.77717)
(-0.4529452, 0.6151718, -1.777199)
(-0.4529133, 0.6151484, -1.777232)
(-0.4528432, 0.6151743, -1.777244)
(-0.4528012, 0.6152005, -1.777219)
(-0.4527917, 0.6152292, -1.777219)
(-0.4528966, 0.6152101, -1.777254)
(-0.4528565, 0.6151955, -1.77719)
(-0.4528451, 0.6151794, -1.777219)
(-0.4529653, 0.6151527, -1.777239)
(-0.452991, 0.6150603, -1.777131)
(-0.4529905, 0.6150655, -1.777129)
(-0.4529161, 0.615092, -1.777117)
(-0.452898, 0.6150471, -1.777065)
(-0.4529285, 0.6150799, -1.777042)
(-0.4528754, 0.6150908, -1.777016)
(-0.4530115, 0.6149877, -1.777124)
(-0.4530334, 0.6150184, -1.777097)
(-0.4531043, 0.615007, -1.777091)
(-0.4531207, 0.6149734, -1.777079)
(-0.4531546, 0.615018, -1.777053)
(-0.4531355, 0.6150327, -1.777039)
(-0.4530754, 0.6151228, -1.777066)
(-0.4530764, 0.6151271, -1.777069)
(-0.4532416, 0.6150659, -1.777088)
(-0.4532244, 0.6150801, -1.777017)
(-0.4531984, 0.6150215, -1.777053)
(-0.4532125, 0.6150081, -1.777063)
(-0.4532404, 0.6150291, -1.777089)
(-0.4532416, 0.6150464, -1.777063)
(-0.4530511, 0.6151175, -1.777037)
(-0.4529777, 0.6152078, -1.777111)
(-0.4529443, 0.6151774, -1.777153)
(-0.4528198, 0.6152357, -1.777145)
(-0.4528, 0.6152489, -1.777169)
(-0.4527957, 0.6152872, -1.777163)
(-0.4527459, 0.6153146, -1.77718)
(-0.452812, 0.6152033, -1.777084)
(-0.4527764, 0.615195, -1.777094)
(-0.4528952, 0.6151782, -1.777116)
(-0.4528985, 0.6152035, -1.777189)
(-0.4529366, 0.6152889, -1.77715)
(-0.4530134, 0.615284, -1.777164)
(-0.4530659, 0.6151859, -1.777036)
(-0.4530151, 0.6151004, -1.777105)
(-0.4529171, 0.6151092, -1.777094)
(-0.4529357, 0.6150901, -1.77702)
(-0.4529467, 0.6151279, -1.777013)
(-0.4530258, 0.6151015, -1.777023)
(-0.4530759, 0.6149901, -1.776904)
(-0.4530733, 0.6149646, -1.776905)
(-0.4531598, 0.6149385, -1.776915)
(-0.4531205, 0.614943, -1.776813)
(-0.4531326, 0.6149443, -1.776792)
(-0.4530334, 0.6149784, -1.776763)
(-0.4529595, 0.6150308, -1.776779)
(-0.4529901, 0.6150589, -1.776973)
(-0.4529214, 0.6150627, -1.776951)
(-0.45297, 0.6150742, -1.777063)
(-0.4529371, 0.6150566, -1.777051)
(-0.453182, 0.6149942, -1.777092)
(-0.4531217, 0.6150674, -1.777113)
(-0.4531298, 0.6150686, -1.777167)
(-0.4531038, 0.6151494, -1.777106)
(-0.4531369, 0.615105, -1.777124)
(-0.4531651, 0.6151301, -1.777056)
(-0.4532514, 0.6151067, -1.777058)
(-0.453217, 0.6151294, -1.77699)
(-0.4532185, 0.6151003, -1.777011)
(-0.4531362, 0.6151134, -1.777008)
(-0.4531112, 0.6151581, -1.777039)
(-0.4530749, 0.6150864, -1.777089)
(-0.4529183, 0.6151174, -1.777074)
(-0.4529562, 0.6150858, -1.777103)
(-0.4529691, 0.6151102, -1.777081)
(-0.452981, 0.615113, -1.777078)
(-0.4528966, 0.6152231, -1.777143)
(-0.4529152, 0.6152577, -1.777141)
(-0.4528999, 0.6152687, -1.777155)
(-0.4528608, 0.6152439, -1.777054)
(-0.4528766, 0.6152933, -1.777025)
(-0.4529133, 0.6152723, -1.777057)
(-0.4529719, 0.6151954, -1.777015)
(-0.4529405, 0.6151322, -1.777058)
(-0.4531307, 0.6150934, -1.777051)
(-0.4531617, 0.615068, -1.777036)
(-0.453136, 0.615025, -1.777056)
(-0.4530883, 0.6150548, -1.777056)
(-0.453135, 0.6149908, -1.777102)
(-0.4531264, 0.6149625, -1.777115)
(-0.4530931, 0.6149989, -1.777109)
(-0.4530492, 0.6149961, -1.777)
(-0.4530821, 0.6150345, -1.776976)
(-0.4529672, 0.6151407, -1.776999)
(-0.4529514, 0.6151402, -1.777077)
(-0.4529765, 0.6151812, -1.777072)
(-0.4528697, 0.6152104, -1.777071)
(-0.4528456, 0.6152428, -1.777075)
(-0.4528368, 0.6152511, -1.777068)
(-0.4528553, 0.6152453, -1.77709)
(-0.4529552, 0.6151503, -1.777102)
(-0.4529853, 0.6151658, -1.777095)
(-0.4529457, 0.6151762, -1.777066)
(-0.4529195, 0.6151516, -1.777068)
(-0.4528894, 0.6150964, -1.777123)
(-0.4531167, 0.6150427, -1.777153)
(-0.4530225, 0.6151204, -1.777148)
(-0.4530482, 0.6151562, -1.777142)
(-0.4529464, 0.6151928, -1.77713)
(-0.4530334, 0.6151081, -1.77705)
(-0.4529386, 0.614966, -1.777151)
(-0.4528875, 0.6149559, -1.777154)
(-0.4528544, 0.6149299, -1.777124)
(-0.45293, 0.6150639, -1.777036)
(-0.452908, 0.6150752, -1.777036)
(-0.4528165, 0.6151669, -1.777033)
(-0.4528222, 0.6152008, -1.777028)
(-0.4529715, 0.6151756, -1.777023)
(-0.4529953, 0.6151346, -1.776996)
(-0.4529867, 0.6151327, -1.776971)
(-0.4530737, 0.615105, -1.776978)
(-0.4530826, 0.6151403, -1.777093)
(-0.4530287, 0.6150588, -1.777155)
(-0.4529815, 0.6150744, -1.777149)
(-0.4529548, 0.615113, -1.777174)
(-0.4529915, 0.6151707, -1.777161)
(-0.4531734, 0.6151297, -1.777189)
(-0.4532316, 0.6150404, -1.777162)
(-0.4532425, 0.6150033, -1.777183)
(-0.4531999, 0.615002, -1.777184)
(-0.4531829, 0.6150138, -1.777164)
(-0.4532018, 0.6150348, -1.777165)
(-0.4529471, 0.6150875, -1.777151)
(-0.4529622, 0.6150652, -1.777148)
(-0.4528713, 0.6149523, -1.777218)
(-0.4528141, 0.6149521, -1.777235)
(-0.4528482, 0.6148858, -1.77721)
(-0.4529209, 0.6150199, -1.777158)
(-0.4529331, 0.6150206, -1.777133)
(-0.4529159, 0.6150423, -1.777163)
(-0.4528632, 0.6149831, -1.777199)
(-0.4528155, 0.6149625, -1.777202)
(-0.4527464, 0.6150331, -1.777257)
(-0.4526734, 0.6149532, -1.777303)
(-0.4529104, 0.6148982, -1.777331)
(-0.4529662, 0.6148154, -1.777321)
(-0.4530716, 0.6149712, -1.777112)
(-0.4529552, 0.6149833, -1.777103)
(-0.4529614, 0.6150033, -1.777189)
(-0.4530394, 0.6151351, -1.777117)
(-0.4529777, 0.6151524, -1.777113)
(-0.4529696, 0.6151611, -1.777152)
(-0.4529719, 0.6151711, -1.777157)
(-0.4531872, 0.615134, -1.777169)
(-0.4531169, 0.61518, -1.777115)
(-0.4531417, 0.6152259, -1.777086)
(-0.4530754, 0.6152688, -1.777063)
(-0.4530935, 0.6151942, -1.776962)
(-0.4531107, 0.6151928, -1.776954)
(-0.4530334, 0.6152318, -1.776931)
(-0.4530094, 0.6152626, -1.776979)
(-0.4529428, 0.6151665, -1.77703)
(-0.4528618, 0.6151894, -1.77701)
(-0.4529104, 0.6151643, -1.777032)
(-0.4528282, 0.6150415, -1.777111)
(-0.4529004, 0.6149628, -1.77709)
(-0.4528809, 0.6149611, -1.777175)
(-0.4529443, 0.6150793, -1.777092)
(-0.453069, 0.615057, -1.777098)
(-0.4529698, 0.6150572, -1.776971)
(-0.4530091, 0.6151286, -1.776916)
(-0.4528942, 0.6151364, -1.776884)
(-0.4529595, 0.6150911, -1.776974)
(-0.452939, 0.6150702, -1.776994)
(-0.4530289, 0.6150465, -1.776982)
(-0.4530163, 0.6150422, -1.777057)
(-0.4530296, 0.6150533, -1.777039)
(-0.4532313, 0.6149859, -1.777098)
(-0.4532084, 0.6150327, -1.777157)
(-0.4532628, 0.6150914, -1.777129)
(-0.4532413, 0.6151046, -1.777127)
(-0.4531889, 0.6151385, -1.777088)
(-0.45316, 0.6150794, -1.777127)
(-0.4530461, 0.6151186, -1.777125)
(-0.4530013, 0.6151251, -1.777125)
(-0.4529953, 0.6151401, -1.777115)
(-0.4530993, 0.615121, -1.777134)
(-0.4530463, 0.6151683, -1.777191)
(-0.4530437, 0.6151769, -1.777182)
