(0.5505598, 2.075774, 1.747363)
(0.550046, 2.075858, 1.747526)
(0.5494598, 2.076074, 1.747494)
(0.5488765, 2.076215, 1.747555)
(0.548231, 2.076356, 1.747658)
(0.5474861, 2.07656, 1.747651)
(0.5468669, 2.076572, 1.747612)
(0.5460908, 2.076665, 1.747682)
(0.5452036, 2.076756, 1.747759)
(0.5442777, 2.076779, 1.747719)
(0.5434411, 2.076844, 1.747727)
(0.5424705, 2.076873, 1.747653)
(0.5414244, 2.076954, 1.747628)
(0.5405037, 2.076982, 1.747608)
(0.539524, 2.077116, 1.747413)
(0.5386406, 2.07696, 1.747169)
(0.5375805, 2.076943, 1.747056)
(0.5366194, 2.077087, 1.746808)
(0.5353093, 2.077092, 1.746551)
(0.5342126, 2.077045, 1.746526)
(0.5329437, 2.077012, 1.746348)
(0.5318091, 2.076918, 1.746068)
(0.5305701, 2.076827, 1.745856)
(0.5292687, 2.076798, 1.745458)
(0.5277907, 2.076696, 1.74517)
(0.5263759, 2.076551, 1.744831)
(0.5250373, 2.076519, 1.744449)
(0.5235447, 2.076325, 1.744023)
(0.5221549, 2.076222, 1.743721)
(0.5206306, 2.07608, 1.74352)
(0.5193102, 2.075838, 1.743157)
(0.5179455, 2.075601, 1.74305)
(0.5162139, 2.075192, 1.742879)
(0.5145144, 2.075059, 1.742742)
(0.5130674, 2.074785, 1.742559)
(0.5114144, 2.074337, 1.742497)
(0.5097274, 2.07409, 1.742365)
(0.5083754, 2.07381, 1.742277)
(0.5069517, 2.073637, 1.741774)
(0.5056207, 2.073382, 1.741562)
(0.5044851, 2.073213, 1.741519)
(0.503351, 2.073238, 1.741012)
(0.502224, 2.073119, 1.740694)
(0.5011702, 2.073027, 1.740464)
(0.4999204, 2.07285, 1.740213)
(0.4987594, 2.072679, 1.739781)
(0.4976389, 2.072524, 1.739773)
(0.4963813, 2.072496, 1.739367)
(0.4953283, 2.072385, 1.739)
(0.4941926, 2.072439, 1.738892)
(0.4928738, 2.072413, 1.738761)
(0.4917338, 2.072383, 1.738573)
(0.490678, 2.072391, 1.738615)
(0.4895859, 2.072492, 1.738363)
(0.4885296, 2.072341, 1.738283)
(0.4876461, 2.072274, 1.73839)
(0.4867051, 2.072172, 1.738315)
(0.485655, 2.072192, 1.738343)
(0.4849381, 2.072078, 1.738382)
(0.4840479, 2.071983, 1.738236)
(0.4833397, 2.071869, 1.73823)
(0.4826996, 2.071754, 1.738317)
(0.4819819, 2.071626, 1.738298)
(0.4815162, 2.071294, 1.738231)
(0.4810286, 2.071143, 1.73841)
(0.4804428, 2.071033, 1.738399)
(0.479727, 2.071056, 1.738629)
(0.4793019, 2.070915, 1.738859)
(0.4785535, 2.070677, 1.739125)
(0.4783024, 2.070426, 1.739182)
(0.47787, 2.070359, 1.739401)
(0.4772485, 2.070245, 1.739646)
(0.4766654, 2.070291, 1.740027)
(0.4761481, 2.070211, 1.74042)
(0.4756358, 2.070157, 1.740886)
(0.4751221, 2.070102, 1.741388)
(0.4747269, 2.070009, 1.74188)
(0.4742091, 2.069918, 1.742319)
(0.4738202, 2.069877, 1.742782)
(0.4735618, 2.069827, 1.743364)
(0.4731567, 2.069776, 1.743932)
(0.4728196, 2.06977, 1.74448)
(0.472487, 2.069746, 1.745021)
(0.4720793, 2.069655, 1.745787)
(0.4717972, 2.0696, 1.746425)
(0.4714684, 2.06954, 1.747117)
(0.4710714, 2.069474, 1.74798)
(0.4707944, 2.069477, 1.7488)
(0.4705329, 2.069441, 1.749726)
(0.4703927, 2.06947, 1.750798)
(0.4702092, 2.069357, 1.751844)
(0.469816, 2.069197, 1.752929)
(0.4695771, 2.069143, 1.754068)
(0.4693725, 2.069097, 1.755187)
(0.4692869, 2.068942, 1.75657)
(0.4692855, 2.068899, 1.757902)
(0.4691069, 2.068762, 1.759339)
(0.4690411, 2.068576, 1.760798)
(0.4688178, 2.068368, 1.762304)
(0.4688914, 2.06814, 1.763924)
(0.4689989, 2.068, 1.765557)
(0.4690725, 2.067723, 1.767567)
(0.4693198, 2.067289, 1.769358)
(0.4695165, 2.066849, 1.771431)
(0.4697479, 2.066563, 1.773494)
(0.4700831, 2.066167, 1.775625)
(0.4704251, 2.065776, 1.777698)
(0.4708804, 2.065324, 1.780484)
(0.4713495, 2.064906, 1.782809)
(0.4717844, 2.064398, 1.785115)
(0.4724284, 2.063975, 1.787987)
(0.4729307, 2.063657, 1.79081)
(0.4735323, 2.06324, 1.79342)
(0.4741349, 2.062799, 1.796548)
(0.4749193, 2.062484, 1.799607)
(0.4756455, 2.062186, 1.802557)
(0.476359, 2.061947, 1.80557)
(0.4773026, 2.061689, 1.808891)
(0.4778447, 2.061187, 1.812695)
(0.478699, 2.060999, 1.816329)
(0.4795902, 2.06092, 1.820099)
(0.480468, 2.060879, 1.823975)
(0.4815526, 2.060904, 1.827888)
(0.4824781, 2.060922, 1.832083)
(0.4834933, 2.060921, 1.836443)
(0.4847238, 2.060858, 1.841209)
(0.4859247, 2.060895, 1.845653)
(0.4871469, 2.061054, 1.84973)
(0.4884286, 2.061204, 1.854208)
(0.4896895, 2.061279, 1.858592)
(0.4908892, 2.061416, 1.863077)
(0.4922132, 2.061497, 1.867761)
(0.4935299, 2.061595, 1.872419)
(0.494779, 2.061819, 1.877065)
(0.4962587, 2.062126, 1.882333)
(0.497503, 2.062744, 1.887301)
(0.4988675, 2.06319, 1.891906)
(0.50056, 2.063871, 1.897012)
(0.5021799, 2.064693, 1.90197)
(0.503814, 2.065754, 1.906751)
(0.5055149, 2.066861, 1.91171)
(0.507504, 2.068375, 1.91643)
(0.5093904, 2.070361, 1.920885)
(0.5115638, 2.072632, 1.926189)
(0.513749, 2.075251, 1.930641)
(0.5158422, 2.078197, 1.934766)
(0.5177841, 2.081059, 1.939292)
(0.5200101, 2.084817, 1.943712)
(0.5221109, 2.088838, 1.947842)
(0.5238937, 2.092551, 1.952361)
(0.5262458, 2.096785, 1.956839)
(0.5280919, 2.100909, 1.961084)
(0.5297508, 2.105484, 1.966402)
(0.5312507, 2.109801, 1.971038)
(0.5326748, 2.113851, 1.975392)
(0.534669, 2.117799, 1.979999)
(0.5356762, 2.121756, 1.984607)
(0.5369349, 2.125136, 1.988561)
(0.5388751, 2.128833, 1.992572)
(0.5397866, 2.1322, 1.996588)
(0.5409434, 2.135188, 1.999905)
(0.5424004, 2.138571, 2.00364)
(0.5432434, 2.141569, 2.00717)
(0.5443573, 2.144179, 2.010384)
(0.5456951, 2.146938, 2.013529)
(0.5466819, 2.1494, 2.016464)
(0.5477538, 2.151666, 2.019228)
(0.5491484, 2.15416, 2.021879)
(0.5500524, 2.156463, 2.024356)
(0.5511609, 2.158507, 2.026527)
(0.5523096, 2.160745, 2.028818)
(0.5533776, 2.162638, 2.030815)
(0.5543981, 2.164515, 2.032687)
(0.5554184, 2.166382, 2.034783)
(0.5563612, 2.16829, 2.036744)
(0.5574085, 2.170052, 2.03848)
(0.558203, 2.171768, 2.040474)
(0.5592866, 2.17327, 2.042308)
(0.5601667, 2.174801, 2.04388)
(0.5609102, 2.176434, 2.045892)
(0.5618333, 2.177723, 2.047648)
(0.5625958, 2.179099, 2.049293)
(0.5633051, 2.180383, 2.051029)
(0.5640881, 2.181482, 2.05278)
(0.5647259, 2.182508, 2.054178)
(0.565286, 2.183556, 2.055878)
(0.5659025, 2.184471, 2.057585)
(0.5664849, 2.185302, 2.059229)
(0.5671644, 2.186358, 2.06093)
(0.5676165, 2.187164, 2.06273)
(0.5681387, 2.187849, 2.064425)
(0.5684643, 2.188448, 2.066289)
(0.5687333, 2.189117, 2.068242)
(0.5691051, 2.189585, 2.070103)
(0.5692885, 2.189856, 2.072276)
(0.5694592, 2.190446, 2.074311)
(0.5697167, 2.190855, 2.076006)
(0.570184, 2.191331, 2.078215)
(0.5705889, 2.191515, 2.080191)
(0.5707705, 2.19173, 2.081974)
(0.5709474, 2.192071, 2.083938)
(0.5711497, 2.192281, 2.086005)
(0.5712655, 2.192426, 2.088041)
(0.5713547, 2.19255, 2.090136)
(0.5715199, 2.192544, 2.092232)
(0.5715601, 2.192578, 2.094434)
(0.5716715, 2.192543, 2.096918)
(0.571888, 2.192376, 2.099037)
(0.57182, 2.192374, 2.101506)
(0.5717583, 2.19248, 2.103707)
(0.5716062, 2.192425, 2.106099)
(0.5714101, 2.192348, 2.108627)
(0.5710459, 2.192177, 2.111068)
(0.5709232, 2.191895, 2.113473)
(0.5705138, 2.191597, 2.115995)
(0.5700123, 2.191276, 2.118749)
(0.5694301, 2.190941, 2.121376)
(0.5688527, 2.190562, 2.124146)
(0.5683385, 2.190281, 2.126677)
(0.5676136, 2.189945, 2.129356)
(0.5668588, 2.189478, 2.132271)
(0.5660814, 2.189016, 2.135022)
(0.5651035, 2.188589, 2.13791)
(0.5642099, 2.188134, 2.140848)
(0.5631013, 2.187517, 2.144096)
(0.561946, 2.187099, 2.147087)
(0.5607733, 2.186718, 2.149969)
(0.559517, 2.186391, 2.153045)
(0.5583209, 2.185955, 2.156093)
(0.5568322, 2.185614, 2.159282)
(0.5553678, 2.185242, 2.162609)
(0.5536389, 2.185068, 2.16619)
(0.5518891, 2.184893, 2.169576)
(0.5499928, 2.184812, 2.173703)
(0.5481902, 2.184899, 2.177547)
(0.5463144, 2.184981, 2.18098)
(0.5443937, 2.185223, 2.185371)
(0.5424497, 2.185374, 2.189474)
(0.5403411, 2.185504, 2.193693)
(0.5380765, 2.185381, 2.198104)
(0.5359126, 2.185411, 2.202327)
(0.5335749, 2.185568, 2.206436)
(0.5310535, 2.185726, 2.211043)
(0.5286149, 2.186153, 2.215094)
(0.5262696, 2.186572, 2.21915)
(0.5239068, 2.187272, 2.223103)
(0.521331, 2.188389, 2.227432)
(0.518907, 2.189438, 2.231081)
(0.5163016, 2.190335, 2.235255)
(0.514047, 2.191801, 2.239164)
(0.5115585, 2.193258, 2.243123)
(0.5086006, 2.195095, 2.247577)
(0.506182, 2.197112, 2.251377)
(0.5035273, 2.199524, 2.255226)
(0.500855, 2.201859, 2.259101)
(0.4982083, 2.20476, 2.262822)
(0.4954858, 2.207949, 2.266645)
(0.4926125, 2.211147, 2.270552)
(0.4898417, 2.214519, 2.274499)
(0.4870819, 2.217778, 2.278588)
(0.4838719, 2.22138, 2.28294)
(0.4810673, 2.224823, 2.286888)
(0.478381, 2.228238, 2.290709)
(0.4758513, 2.231866, 2.294214)
(0.4732666, 2.235215, 2.297827)
(0.4709183, 2.238391, 2.301298)
(0.4688019, 2.241803, 2.304379)
(0.4663376, 2.24494, 2.307604)
(0.4641163, 2.247968, 2.310965)
(0.4616312, 2.251101, 2.31409)
(0.4594229, 2.254019, 2.31687)
(0.4575021, 2.256787, 2.319606)
(0.4558032, 2.259611, 2.321882)
(0.4538386, 2.262433, 2.324281)
(0.4521213, 2.26512, 2.326518)
(0.4504182, 2.267921, 2.328477)
(0.448652, 2.270657, 2.330187)
(0.4469886, 2.273296, 2.331807)
(0.4451261, 2.276159, 2.333462)
(0.4434237, 2.278776, 2.334906)
(0.4418149, 2.281395, 2.336492)
(0.4402761, 2.284065, 2.337913)
(0.4385376, 2.286694, 2.339355)
(0.4370751, 2.289205, 2.341017)
(0.4352379, 2.291656, 2.34252)
(0.4339185, 2.293904, 2.34394)
(0.4326134, 2.296056, 2.345176)
(0.4309468, 2.298313, 2.346608)
(0.4297817, 2.300288, 2.347757)
(0.4286566, 2.302166, 2.348859)
(0.4277892, 2.304103, 2.349787)
(0.4264133, 2.305895, 2.350851)
(0.4254053, 2.307395, 2.351793)
(0.4241054, 2.308978, 2.352763)
(0.4230542, 2.310346, 2.353689)
(0.4221435, 2.311599, 2.35458)
(0.4209113, 2.31307, 2.355433)
(0.4200163, 2.314222, 2.35621)
(0.4191828, 2.315317, 2.356911)
(0.4182656, 2.316636, 2.35757)
(0.4174936, 2.317678, 2.358261)
(0.4167168, 2.318688, 2.35903)
(0.4156106, 2.319453, 2.359891)
(0.4149055, 2.320248, 2.360653)
(0.4142282, 2.32107, 2.361681)
(0.4141464, 2.322095, 2.362517)
(0.413569, 2.322862, 2.363438)
(0.4130898, 2.32356, 2.364047)
(0.4126508, 2.324183, 2.365008)
(0.4122195, 2.324808, 2.366023)
(0.4118466, 2.325294, 2.36686)
(0.4116211, 2.32566, 2.367918)
(0.4112954, 2.326125, 2.368908)
(0.4110308, 2.326457, 2.369674)
(0.4107845, 2.326836, 2.370629)
(0.4105101, 2.32716, 2.371492)
(0.4103527, 2.327433, 2.372194)
(0.4097733, 2.32747, 2.373041)
(0.409482, 2.327746, 2.373912)
(0.4093881, 2.327872, 2.374775)
(0.4093506, 2.328063, 2.375604)
(0.4092126, 2.328197, 2.376527)
(0.4092321, 2.328191, 2.377469)
(0.409091, 2.328277, 2.378378)
(0.4093375, 2.328107, 2.379159)
(0.409483, 2.328039, 2.380146)
(0.4096825, 2.327942, 2.380925)
(0.4096956, 2.327881, 2.381682)
(0.4100323, 2.327713, 2.382568)
(0.409966, 2.327461, 2.383182)
(0.4101224, 2.327353, 2.383735)
(0.4105392, 2.327103, 2.384015)
(0.4110241, 2.326909, 2.384403)
(0.4115233, 2.326669, 2.384743)
(0.4120262, 2.326566, 2.385332)
(0.412425, 2.326419, 2.385677)
(0.4129047, 2.326269, 2.385985)
(0.4133706, 2.326134, 2.386525)
(0.4136314, 2.325796, 2.38694)
(0.4142275, 2.325574, 2.387216)
(0.414798, 2.32545, 2.387372)
(0.4156756, 2.325372, 2.387607)
(0.4162412, 2.325319, 2.387788)
(0.4168844, 2.325354, 2.387963)
(0.4176688, 2.325343, 2.388072)
(0.4182565, 2.32545, 2.388221)
(0.4189723, 2.325673, 2.388177)
(0.4193888, 2.325765, 2.38829)
(0.4198985, 2.326256, 2.388393)
(0.4205425, 2.326718, 2.388463)
(0.4210751, 2.327468, 2.388473)
(0.4216113, 2.328249, 2.38853)
(0.422205, 2.329, 2.388817)
(0.4225922, 2.329571, 2.389018)
(0.4232135, 2.329946, 2.389231)
(0.4237788, 2.330289, 2.389721)
(0.4241638, 2.330529, 2.390028)
(0.424859, 2.33059, 2.390286)
(0.4255753, 2.330606, 2.390754)
(0.4263802, 2.330917, 2.390894)
(0.4271657, 2.330808, 2.391097)
(0.4281173, 2.330763, 2.391135)
(0.4295883, 2.330553, 2.391288)
(0.4300508, 2.330676, 2.391591)
(0.4309146, 2.330548, 2.391583)
(0.4314451, 2.330439, 2.391725)
(0.4321303, 2.330411, 2.391769)
(0.4327202, 2.330389, 2.391764)
(0.4330821, 2.330325, 2.391829)
(0.4337635, 2.330214, 2.391729)
(0.4341626, 2.330244, 2.391873)
(0.4344516, 2.330109, 2.392029)
(0.4349623, 2.330054, 2.392089)
(0.4352646, 2.330086, 2.392344)
(0.4360232, 2.33021, 2.392443)
(0.436188, 2.330289, 2.392703)
(0.4364614, 2.330225, 2.39291)
(0.4370854, 2.330227, 2.393084)
(0.4373004, 2.330111, 2.393252)
(0.4375389, 2.329975, 2.39343)
(0.4380932, 2.329961, 2.393489)
(0.4384146, 2.329752, 2.393527)
(0.438695, 2.329563, 2.39343)
