(-0.06704438, 0.2744268, 0.2555189)
(-0.06668901, 0.274861, 0.2552433)
(-0.06685305, 0.2744519, 0.255589)
(-0.066342, 0.2750673, 0.2549452)
(-0.06591845, 0.2755088, 0.2543339)
(-0.06602454, 0.2752275, 0.2545232)
(-0.06554461, 0.2756343, 0.2540407)
(-0.06511724, 0.2759479, 0.2535683)
(-0.06489205, 0.275694, 0.2537588)
(-0.0641346, 0.2760829, 0.2533555)
(-0.0641346, 0.2760829, 0.2533555)
(-0.06347966, 0.2766018, 0.2533776)
(-0.06279397, 0.277195, 0.2529609)
(-0.06221449, 0.2776102, 0.2527931)
(-0.06150031, 0.2780322, 0.2525971)
(-0.06193054, 0.2776449, 0.2529836)
(-0.06180263, 0.2780747, 0.2519622)
(-0.06416655, 0.2760211, 0.2536125)
(-0.06394315, 0.2767831, 0.2526928)
(-0.062971, 0.2776585, 0.2516657)
(-0.06221116, 0.2772416, 0.2521198)
(-0.06094491, 0.2771648, 0.2516521)
(-0.06023657, 0.2762741, 0.251261)
(-0.06085289, 0.2754151, 0.2525864)
(-0.06050217, 0.275477, 0.2533004)
(-0.06096184, 0.275674, 0.2543719)
(-0.06184614, 0.2751871, 0.2556844)
(-0.06250167, 0.2750798, 0.2556685)
(-0.06319284, 0.2756712, 0.2552872)
(-0.0630374, 0.2758698, 0.2568744)
(-0.0616076, 0.2776834, 0.2586259)
(-0.06080258, 0.2798228, 0.2617208)
(-0.06069052, 0.2801378, 0.264948)
(-0.05621481, 0.2816746, 0.2696092)
(-0.05364931, 0.2854078, 0.2712934)
(-0.05605388, 0.2922525, 0.2700278)
(-0.05786097, 0.3019528, 0.2660881)
(-0.05891347, 0.3069742, 0.2632781)
(-0.06017661, 0.313251, 0.259939)
(-0.064201, 0.3213437, 0.2542263)
(-0.0622263, 0.3326756, 0.2513047)
(-0.06251168, 0.3426641, 0.2486831)
(-0.06330717, 0.351309, 0.2460157)
(-0.06415498, 0.3584931, 0.2462972)
(-0.06459296, 0.3682539, 0.2441858)
(-0.06540096, 0.3773965, 0.2415649)
(-0.06648827, 0.3863034, 0.2381864)
(-0.06775713, 0.39519, 0.2368815)
(-0.06902122, 0.4037279, 0.2356509)
(-0.07045138, 0.4133803, 0.2343574)
(-0.07418334, 0.4208418, 0.2365971)
(-0.07834506, 0.4274869, 0.2406312)
(-0.07986975, 0.4365797, 0.24189)
(-0.08063293, 0.445228, 0.2440381)
(-0.08140802, 0.4537488, 0.246927)
(-0.08259988, 0.4618213, 0.2489455)
(-0.0827626, 0.468509, 0.2519532)
(-0.08302546, 0.4749543, 0.2551173)
(-0.08239269, 0.4794066, 0.258672)
(-0.0819484, 0.4845675, 0.2624271)
(-0.08047903, 0.4883923, 0.2665073)
(-0.07895029, 0.491824, 0.2709006)
(-0.07801807, 0.4956316, 0.2757305)
(-0.07641804, 0.4981303, 0.2813007)
(-0.07474887, 0.4995019, 0.2870576)
(-0.07309175, 0.5002705, 0.2926246)
(-0.07130218, 0.5004718, 0.2983868)
(-0.06887305, 0.5001515, 0.3050795)
(-0.0670191, 0.4996526, 0.3111411)
(-0.06521082, 0.4979497, 0.3178562)
(-0.06260073, 0.4961373, 0.3252585)
(-0.06033659, 0.4940071, 0.3315579)
(-0.05796206, 0.4919683, 0.3390721)
(-0.0546124, 0.4891368, 0.3466007)
(-0.05274785, 0.4873405, 0.3542306)
(-0.05143464, 0.4849775, 0.3621747)
(-0.04930735, 0.4826418, 0.370193)
(-0.04688823, 0.4798604, 0.3770709)
(-0.04578626, 0.477647, 0.3843923)
(-0.04427314, 0.4763833, 0.3912129)
(-0.04262793, 0.474415, 0.3966944)
(-0.04220271, 0.4724593, 0.4029191)
(-0.04044867, 0.4703476, 0.4077731)
(-0.03978372, 0.4690433, 0.4125153)
(-0.03931284, 0.4674804, 0.4173274)
(-0.03618872, 0.4661902, 0.4208572)
(-0.03502166, 0.4644952, 0.4248112)
(-0.03428459, 0.4637773, 0.4270976)
(-0.03316879, 0.4642632, 0.426749)
(-0.03207946, 0.4613401, 0.4244663)
(-0.03240824, 0.4594421, 0.4196428)
(-0.03152716, 0.4637789, 0.4171556)
(-0.0310576, 0.4646389, 0.4173976)
(-0.03099155, 0.4635387, 0.4180522)
(-0.03180122, 0.4618257, 0.420455)
(-0.03218675, 0.4617174, 0.4221208)
(-0.03157687, 0.4629926, 0.4222219)
(-0.03219402, 0.4630364, 0.4223886)
(-0.03244066, 0.4625915, 0.4213555)
(-0.03225875, 0.4628925, 0.4200269)
(-0.03288972, 0.4630772, 0.419173)
(-0.03257823, 0.4630488, 0.4189038)
(-0.03194714, 0.4633563, 0.418519)
(-0.03195953, 0.4632709, 0.4186536)
(-0.03191829, 0.4634826, 0.4188188)
(-0.03168702, 0.4636163, 0.41863)
(-0.03185141, 0.4635354, 0.4183695)
(-0.03188801, 0.4632485, 0.4182793)
(-0.03216934, 0.4630834, 0.4186108)
(-0.03232241, 0.4631531, 0.4187121)
(-0.03255761, 0.4633242, 0.4187813)
(-0.03266287, 0.4634798, 0.4185764)
(-0.03273821, 0.4635199, 0.4184449)
(-0.03267634, 0.4635639, 0.4186018)
(-0.03263986, 0.4635488, 0.4187145)
(-0.03253675, 0.4636201, 0.4186467)
(-0.03243673, 0.4635912, 0.4184537)
(-0.03260839, 0.4632208, 0.4186579)
(-0.03254485, 0.4632251, 0.4188111)
(-0.03252721, 0.4633019, 0.4189838)
(-0.03283453, 0.463123, 0.4191048)
(-0.03297722, 0.4631472, 0.4190137)
(-0.03290904, 0.4630524, 0.4189942)
(-0.03282833, 0.4632478, 0.4188409)
(-0.03283119, 0.4632772, 0.4187837)
(-0.03275108, 0.4633384, 0.4187906)
(-0.03266191, 0.463274, 0.4188908)
(-0.03248894, 0.4632913, 0.4189695)
(-0.03244352, 0.4633359, 0.4190888)
(-0.03268504, 0.4630952, 0.4193591)
(-0.03305578, 0.4631134, 0.4193591)
(-0.03306782, 0.4630041, 0.4193449)
(-0.03329861, 0.4629145, 0.4193645)
(-0.03324318, 0.4629167, 0.4193513)
