0.0079682
0.0109787
0.0186423
0.0141569
0.0100362
0.0104934
0.0141809
0.0028713
0.0075838
0.0140804
0.0077525
0.0111126
0.0139861
0.0089193
0.0111232
0.0139637
0.0079523
0.0111161
0.0141063
0.0077388
0.0111431
0.01419
0.0088156
0.0109391
0.0110473
0.0138942
0.008035
0.0111062
0.0143845
0.0077747
0.0110528
0.0152151
0.0076435
0.0110369
0.014317
0.0075857
0.010989
0.0139084
0.0079593
0.0111756
0.0138473
0.0089944
0.0110897
0.0140893
0.0080842
0.0108969
0.014121
0.007684
0.0111104
0.014026
0.0089818
0.0109434
0.0139694
0.0080491
0.0111864
0.0141045
0.0096932
0.0114218
0.0194979
0.0025632
0.0118387
0.014116
