(0.16555144420814488, 0.1278369214940402, 0.5564880392544075)
(0.16555144420814488, 0.12793845495279882, 0.5563543684438943)
(0.16555144420814488, 0.12803946695492627, 0.556222847505109)
(0.16555144420814488, 0.12813995750042256, 0.5560934764380516)
(0.16555144420814488, 0.12823992658928768, 0.555966255242722)
(0.16555144420814488, 0.1283393742215216, 0.5558411839191204)
(0.16555144420814488, 0.1284383003971244, 0.5557182624672466)
(0.16555144420814488, 0.128536705116096, 0.5555974908871008)
(0.16555144420814488, 0.12863458837843642, 0.5554788691786828)
(0.16555144420814488, 0.12873195018414568, 0.5553623973419927)
(0.16555144420814488, 0.1288287905332238, 0.5552480753770305)
(0.16555144420814488, 0.1289251094256707, 0.5551359032837961)
(0.16555144420814488, 0.12902090686148646, 0.5550258810622898)
(0.16555144420814488, 0.12911618284067106, 0.5549180087125112)
(0.16555144420814488, 0.12921093736322448, 0.5548122862344605)
(0.16555144420814488, 0.12930517042914672, 0.5547087136281378)
(0.16555144420814488, 0.12939888203843777, 0.5546072908935429)
(0.16555144420814488, 0.12949207219109768, 0.5545080180306758)
(0.16555144420814488, 0.12958474088712643, 0.5544108950395368)
(0.16555144420814488, 0.129676888126524, 0.5543159219201256)
(0.16555144420814488, 0.1297685139092904, 0.5542230986724422)
(0.16555144420814488, 0.1298596182354256, 0.5541324252964868)
(0.16555144420814488, 0.12995020110492966, 0.5540439017922592)
(0.16555144420814488, 0.13004026251780257, 0.5539575281597595)
(0.16555144420814488, 0.13012980247404426, 0.5538733043989876)
(0.16555144420814488, 0.130255724588716, 0.5537641233292793)
(0.16555144420814488, 0.13033675950460055, 0.5536989854251385)
(0.16555144420814488, 0.13041784965916153, 0.55363612989742)
(0.16555144420814488, 0.1304990514322975, 0.5535756804597843)
(0.16555144420814488, 0.13058059501905583, 0.5535169264210935)
(0.16555144420814488, 0.13066300755761182, 0.5534587512362094)
(0.16555144420814488, 0.13074626510134074, 0.5534007486150029)
(0.16555144420814488, 0.13083044244990896, 0.5533425274654392)
(0.16555144420814488, 0.13091557281111374, 0.5532837581587648)
(0.16555144420814488, 0.13100151527224155, 0.5532241723102109)
(0.16555144420814488, 0.13108822757649397, 0.5531635256197007)
(0.16555144420814488, 0.13117618058391628, 0.5531010264568453)
(0.16555144420814488, 0.13126519142715726, 0.5530364826395892)
(0.16555144420814488, 0.13135509912205098, 0.552969876029362)
(0.16555144420814488, 0.13144558678558108, 0.5529011359187185)
(0.16555144420814488, 0.13153651787598655, 0.5528302436673056)
(0.16555144420814488, 0.13162760312799493, 0.5527573434724802)
(0.16555144420814488, 0.13171833889458734, 0.5526829643863557)
(0.16555144420814488, 0.13180883207307523, 0.5526068751623345)
(0.16555144420814488, 0.13189898774049583, 0.5525288613668792)
(0.16555144420814488, 0.13198835543398982, 0.5524488543743632)
(0.16555144420814488, 0.13207734403849616, 0.5523663356899151)
(0.16555144420814488, 0.13216605458960354, 0.5522808526522356)
(0.16555144420814488, 0.13225491066578432, 0.5521914509179491)
(0.16555144420814488, 0.132343990419461, 0.5520976790359481)
(0.16555144420814488, 0.13243417674567212, 0.5519988198981503)
(0.16555144420814488, 0.13252366257474846, 0.5518967537757757)
(0.16555144420814488, 0.13261276753195095, 0.5517910985198263)
(0.16555144420814488, 0.1327004926953111, 0.5516830703117972)
(0.16555144420814488, 0.13278666432577219, 0.5515726275015166)
(0.16555144420814488, 0.13287148660600284, 0.5514601720805259)
(0.16555144420814488, 0.13295455045431623, 0.5513464820662745)
(0.16555144420814488, 0.13303633202062146, 0.5512313857694047)
(0.16555144420814488, 0.1331162198611334, 0.5511161551599438)
(0.16555144420814488, 0.13319405607225396, 0.5510014854958635)
(0.16555144420814488, 0.13326953458574503, 0.550888333664807)
(0.16555144420814488, 0.13334278986639617, 0.5507773985570499)
(0.16555144420814488, 0.13341384746114973, 0.5506695888733603)
(0.16555144420814488, 0.13348271130947495, 0.5505656268511044)
(0.16555144420814488, 0.13354961100993973, 0.5504663097094866)
(0.16555144420814488, 0.1336148008618143, 0.5503726271088751)
(0.16555144420814488, 0.13367853945372576, 0.5502849767866219)
(0.16555144420814488, 0.13374085273169525, 0.550204255656456)
(0.16555144420814488, 0.13380178050266622, 0.5501318974235636)
(0.16555144420814488, 0.13386173572024593, 0.5500688307481091)
(0.16555144420814488, 0.13392081294462463, 0.5500160013652151)
(0.16555144420814488, 0.13397876194542552, 0.5499750579655296)
(0.16555144420814488, 0.13403680672406454, 0.5499465446185164)
(0.16555144420814488, 0.13409465712385926, 0.5499315211260082)
(0.16555144420814488, 0.13415241683492352, 0.5499315293026109)
(0.16555144420814488, 0.13421042247869355, 0.5499471241479883)
(0.16555144420814488, 0.1342689804417215, 0.5499797198192073)
(0.16555144420814488, 0.1343277515266045, 0.5500312593050268)
(0.16555144420814488, 0.13438734391262894, 0.5501023700776053)
(0.16555144420814488, 0.13444772121798876, 0.5501931056751781)
(0.16555144420814488, 0.1345092813246611, 0.5503053408245424)
(0.16555144420814488, 0.1345740079931892, 0.5504376762872354)
(0.16555144420814488, 0.13464352077517772, 0.5505867622672309)
(0.16555144420814488, 0.1347197801282156, 0.5507482370488461)
(0.16555144420814488, 0.13480131739300796, 0.5509185797274164)
(0.16555144420814488, 0.13488451458428732, 0.55109620493987)
(0.16555144420814488, 0.1349706226207206, 0.551272504894793)
(0.16555144420814488, 0.13505171476582017, 0.5514458507609852)
(0.16555144420814488, 0.13511908846560225, 0.5516146407734268)
(0.16555144420814488, 0.13516240835269536, 0.5517775570445329)
(0.16555144420814488, 0.13517355410858325, 0.5519337206513042)
(0.16555144420814488, 0.13514088670013685, 0.5520808159519016)
(0.16555144420814488, 0.1350534344877884, 0.5522161667848371)
(0.16555144420814488, 0.1349007303041108, 0.5523380465418086)
(0.16555144420814488, 0.13467189614578484, 0.5524445811113176)
(0.16555144420814488, 0.1343597543034812, 0.5525323405293495)
(0.16555144420814488, 0.13395839583400201, 0.5526021009980118)
(0.16555144420814488, 0.13346434883755115, 0.5526535471422698)
(0.16555144420814488, 0.1328761226068763, 0.5526872787792759)
(0.16555144420814488, 0.13219885846491564, 0.5527075951146427)
(0.16555144420814488, 0.1314390099228235, 0.5527173334445318)
(0.16555144420814488, 0.13060714139214305, 0.5527186319716499)
(0.16555144420814488, 0.12971674836325583, 0.5527171847907568)
(0.16555144420814488, 0.1287852012674452, 0.552718935436511)
(0.16555144420814488, 0.12783328538948852, 0.5527310207942941)
(0.16555144420814488, 0.1268831636836935, 0.5527625489151164)
(0.16555144420814488, 0.1259624193489395, 0.5528230596700375)
(0.16555144420814488, 0.12509929160014496, 0.5529241209039866)
(0.16555144420814488, 0.124326316464404, 0.5530778838968389)
(0.16555144420814488, 0.12368080775291325, 0.5532966359374828)
(0.16555144420814488, 0.1232020420716899, 0.553593194030173)
(0.16555144420814488, 0.1229327974476113, 0.5539816485146625)
(0.16555144420814488, 0.12291589415545315, 0.5544770115506619)
(0.16555144420814488, 0.12319630882348306, 0.5550952575522854)
(0.16555144420814488, 0.12381888699332075, 0.5558522711625276)
(0.16555144420814488, 0.12482757176408434, 0.5567646887842854)
(0.16555144420814488, 0.1262660760722086, 0.5578508663034366)
(0.16555144420814488, 0.12817672228185084, 0.5591281219971616)
(0.16555144420814488, 0.13060142377793713, 0.5606155139180099)
(0.16555144420814488, 0.1335789205774873, 0.562332588695445)
(0.16555144420814488, 0.13714510502871813, 0.5642971481013807)
(0.16555144420814488, 0.14133248500743417, 0.5665268250220068)
(0.16555144420814488, 0.1461669731186614, 0.5690400195128903)
(0.16555144420814488, 0.15167023854638675, 0.5718526249074385)
(0.16555144420814488, 0.15785908670605348, 0.5749779588622319)
(0.16555144420814488, 0.16474843292264962, 0.5784273399293735)
(0.16555144420814488, 0.17234479611798986, 0.5822166561102057)
(0.16555144420814488, 0.18064535221953457, 0.5863539729840581)
(0.16555144420814488, 0.18963907251489523, 0.5908451623107155)
(0.16555144420814488, 0.19930179296715703, 0.5956922912704249)
(0.16555144420814488, 0.20959721871580783, 0.6008908312690588)
(0.16555144420814488, 0.22047828150862459, 0.606433570975865)
(0.16555144420814488, 0.2318866051250319, 0.6123128020501872)
(0.16555144420814488, 0.24375388742188814, 0.6185239559678337)
(0.16555144420814488, 0.25600669630378975, 0.625059192371479)
(0.16555144420814488, 0.2685703727859543, 0.6319053478947669)
(0.16555144420814488, 0.2813497159305658, 0.6390656752251683)
(0.16555144420814488, 0.2942565823978803, 0.6465248481972615)
(0.16555144420814488, 0.30719800112630785, 0.6542648454360184)
(0.16555144420814488, 0.3200818386612795, 0.662263968639814)
(0.16555144420814488, 0.33280989982168924, 0.6704970659387302)
(0.16555144420814488, 0.34529069623583847, 0.6789403047275013)
(0.16555144420814488, 0.35743703958810835, 0.6875669086912046)
(0.16555144420814488, 0.3691649863073179, 0.6963470090531517)
(0.16555144420814488, 0.3803991797781342, 0.7052515523361981)
(0.16555144420814488, 0.39106952130614864, 0.7142528279276572)
(0.16555144420814488, 0.40098983779009345, 0.7233907164427102)
(0.16555144420814488, 0.41013389863215965, 0.7326082715893798)
(0.16555144420814488, 0.4184830126326836, 0.7418521792444805)
(0.16555144420814488, 0.4260218409181256, 0.7510687416047465)
(0.16555144420814488, 0.43274327431540943, 0.7602094860720678)
(0.16555144420814488, 0.43864674592246294, 0.7692304407436591)
(0.16555144420814488, 0.44373847291431906, 0.7780890422005607)
(0.16555144420814488, 0.4480312156712265, 0.7867463216057762)
(0.16555144420814488, 0.4515439739602776, 0.7951670869392697)
(0.16555144420814488, 0.4543041295604208, 0.8033183328999163)
(0.16555144420814488, 0.4563432426915517, 0.8111711127666769)
(0.16555144420814488, 0.45770049332848917, 0.8186997504754656)
(0.16555144420814488, 0.4584202107881574, 0.8258814217178653)
(0.16555144420814488, 0.4585495498077222, 0.8326976013634798)
(0.16555144420814488, 0.45814008085528496, 0.839133682847096)
(0.16555144420814488, 0.45724511368900844, 0.8451781543681273)
(0.16555144420814488, 0.45592159036467217, 0.8508231915363664)
(0.16555144420814488, 0.45422747164771116, 0.8560639868312951)
(0.16555144420814488, 0.45222232420680486, 0.860899749248716)
(0.16555144420814488, 0.4499668719489763, 0.8653331461486388)
(0.16555144420814488, 0.4475214414390382, 0.8693688721963011)
(0.16555144420814488, 0.44494580236220876, 0.8730156317981591)
(0.16555144420814488, 0.44229639425097045, 0.8762833167257182)
(0.16555144420814488, 0.43962735421633276, 0.8791836992352279)
(0.16555144420814488, 0.43698960730732506, 0.8817316940201668)
(0.16555144420814488, 0.4344295165199657, 0.8839436193949847)
(0.16555144420814488, 0.4319899244977787, 0.8858363249558984)
(0.16555144420814488, 0.4297091083799655, 0.8874288350803914)
(0.16555144420814488, 0.4276185219456023, 0.8887423771995866)
(0.16555144420814488, 0.42573798125070517, 0.8898004383718939)
(0.16555144420814488, 0.4240803542182814, 0.8906191092657667)
(0.16555144420814488, 0.4226526691062216, 0.8912182761415285)
(0.16555144420814488, 0.42145341018429106, 0.8916170658232657)
(0.16555144420814488, 0.42047891002249177, 0.8918361978428263)
(0.16555144420814488, 0.41972230001260746, 0.8918984500104419)
(0.16555144420814488, 0.419172155711924, 0.8918293796072172)
(0.16555144420814488, 0.4188149557426124, 0.8916555269009216)
(0.16555144420814488, 0.4186338927986232, 0.8913994726276137)
(0.16555144420814488, 0.4186091955241511, 0.8910835481056169)
(0.16555144420814488, 0.4187136531504508, 0.8907303403219607)
(0.16555144420814488, 0.41892504388550833, 0.8903496943042005)
(0.16555144420814488, 0.41921619305197166, 0.8899584137848207)
(0.16555144420814488, 0.41956088026132116, 0.8895720154879538)
(0.16555144420814488, 0.41993151208808543, 0.8892058046817978)
(0.16555144420814488, 0.4203038461239875, 0.8888746540227604)
(0.16555144420814488, 0.4206525991665249, 0.8885899150777514)
(0.16555144420814488, 0.42095179538119876, 0.888362433201517)
(0.16555144420814488, 0.4211766810134602, 0.8882032671480304)
(0.16555144420814488, 0.42130183219225914, 0.8881205376297049)
(0.16555144420814488, 0.42130183219225914, 0.8881205376297049)
(0.16555144420814488, 0.42130183219225914, 0.8881205376297049)
(0.16555144420814488, 0.42130183219225914, 0.8881205376297049)
(0.16555144420814488, 0.42130183219225914, 0.8881205376297049)
(0.16555144420814488, 0.42130183219225914, 0.8881205376297049)
(0.16555144420814488, 0.42130183219225914, 0.8881205376297049)
(0.16555144420814488, 0.42130183219225914, 0.8881205376297049)
(0.16555144420814488, 0.42130183219225914, 0.8881205376297049)
(0.16555144420814488, 0.42130183219225914, 0.8881205376297049)
(0.16555144420814488, 0.42130183219225914, 0.8881205376297049)
(0.16555144420814488, 0.42130183219225914, 0.8881205376297049)
(0.16555144420814488, 0.42130183219225914, 0.8881205376297049)
(0.16555144420814488, 0.42130183219225914, 0.8881205376297049)
(0.16555144420814488, 0.42130183219225914, 0.8881205376297049)
(0.16555144420814488, 0.42130183219225914, 0.8881205376297049)
(0.16555144420814488, 0.42130183219225914, 0.8881205376297049)
(0.16555144420814488, 0.42130183219225914, 0.8881205376297049)
(0.16555144420814488, 0.42130183219225914, 0.8881205376297049)
(0.16555144420814488, 0.4204710442737034, 0.8882988266744284)
(0.16555144420814488, 0.4195666914024628, 0.8883263942346873)
(0.16555144420814488, 0.41861401763542005, 0.8882202041424058)
(0.16555144420814488, 0.41763971085529217, 0.8879977766522236)
(0.16555144420814488, 0.41667802212326976, 0.8876783674699341)
(0.16555144420814488, 0.41576290479935785, 0.8872811742624319)
(0.16555144420814488, 0.41493123330116566, 0.8868258559227403)
(0.16555144420814488, 0.41422440080170425, 0.8863335310378369)
(0.16555144420814488, 0.41368286207927096, 0.8858253816078784)
(0.16555144420814488, 0.4133493100785958, 0.885323763905682)
(0.16555144420814488, 0.4132689838256661, 0.884851275779771)
(0.16555144420814488, 0.41348510973021907, 0.8844299927660874)
(0.16555144420814488, 0.4140426868123655, 0.8840822128536752)
(0.16555144420814488, 0.4149866451470335, 0.8838305344308699)
(0.16555144420814488, 0.41636030014336156, 0.8836986314012802)
(0.16555144420814488, 0.4182057029276796, 0.8837120943196666)
(0.16555144420814488, 0.42056173077254005, 0.883894590426387)
(0.16555144420814488, 0.42346530424824064, 0.884268992302267)
(0.16555144420814488, 0.42694991041926167, 0.8848560772125077)
(0.16555144420814488, 0.43104006407663986, 0.885679364300536)
(0.16555144420814488, 0.43575970599617986, 0.8867570750320701)
(0.16555144420814488, 0.441124803744949, 0.8881078331049512)
(0.16555144420814488, 0.44714565194371253, 0.889750431913807)
(0.16555144420814488, 0.4538227073489068, 0.8917063795432919)
(0.16555144420814488, 0.46115415289745604, 0.8939891586305255)
(0.16555144420814488, 0.46913303246723664, 0.8966090264696569)
(0.16555144420814488, 0.47774983588194153, 0.899581788793662)
(0.16555144420814488, 0.48698438201777783, 0.9029212827508175)
(0.16555144420814488, 0.49680370132252527, 0.906630860132818)
(0.16555144420814488, 0.5071675554244014, 0.9107121092647964)
(0.16555144420814488, 0.5180277207893972, 0.9151618251319955)
(0.16555144420814488, 0.5293312756668095, 0.9199731371803187)
(0.16555144420814488, 0.5410225358850544, 0.9251370798789366)
(0.16555144420814488, 0.553038207816983, 0.9306429722719927)
(0.16555144420814488, 0.5653048434052942, 0.9364803172474001)
(0.16555144420814488, 0.5777432399908627, 0.9426369398453642)
(0.16555144420814488, 0.5902705533484376, 0.9490977841957086)
(0.16555144420814488, 0.6027995374394997, 0.9558451165085878)
(0.16555144420814488, 0.6152388452882116, 0.962858011625233)
(0.16555144420814488, 0.6274923378214443, 0.9701122116071519)
(0.16555144420814488, 0.6394618040301007, 0.9775800915551731)
(0.16555144420814488, 0.651047709108414, 0.9852316199572175)
(0.16555144420814488, 0.6621493009698853, 0.9930339626350668)
(0.16555144420814488, 0.6726635118399295, 1.0009507879898674)
(0.16555144420814488, 0.6824884848002477, 1.0089425101464755)
(0.16555144420814488, 0.6915225725935739, 1.0169659268112532)
(0.16555144420814488, 0.6996658810603101, 1.0249771842906785)
(0.16555144420814488, 0.7068190503709381, 1.0329286887559863)
(0.16555144420814488, 0.7128872857242781, 1.04077161368097)
(0.16555144420814488, 0.717778144704566, 1.0484569391289718)
(0.16555144420814488, 0.7224166147352907, 1.0557140635305358)
(0.16555144420814488, 0.7261975631295905, 1.0628028069419948)
(0.16555144420814488, 0.7291282107304483, 1.069702236259111)
(0.16555144420814488, 0.731229153987895, 1.076393314013367)
(0.16555144420814488, 0.7325201969421358, 1.0828559924221763)
(0.16555144420814488, 0.7330347072739013, 1.0890734627435863)
(0.16555144420814488, 0.7328133623099591, 1.095030976657248)
(0.16555144420814488, 0.7318981600883118, 1.1007139505759114)
(0.16555144420814488, 0.7303422403537033, 1.1061108952595247)
(0.16555144420814488, 0.7282033202425302, 1.1112112911309417)
(0.16555144420814488, 0.7255400060418908, 1.1160063550602606)
(0.16555144420814488, 0.7224210768295126, 1.120457896378071)
(0.16555144420814488, 0.7189146947938312, 1.1245683098646522)
(0.16555144420814488, 0.7150880222273368, 1.1283426372993521)
(0.16555144420814488, 0.7110074285075554, 1.1317873443460333)
(0.16555144420814488, 0.706736790535882, 1.1349085517585211)
(0.16555144420814488, 0.7023381329796913, 1.1377153927897257)
(0.16555144420814488, 0.697869058488343, 1.1402188862859532)
(0.16555144420814488, 0.6933826861746399, 1.1424332679292768)
(0.16555144420814488, 0.6889329361762161, 1.1443703966591616)
(0.16555144420814488, 0.6845652595388506, 1.146047576711823)
(0.16555144420814488, 0.6803228310659285, 1.1474821092152458)
(0.16555144420814488, 0.6762439962946448, 1.148690616691578)
(0.16555144420814488, 0.6723666340034539, 1.1496848807812732)
(0.16555144420814488, 0.6687201715491277, 1.1504824418066788)
(0.16555144420814488, 0.6653269899461148, 1.1511029635300278)
(0.16555144420814488, 0.6621982252197874, 1.1515578837759415)
(0.16555144420814488, 0.6593412623955143, 1.1518557518579147)
(0.16555144420814488, 0.656763488131198, 1.1520116793352109)
(0.16555144420814488, 0.6544681280010355, 1.152039748426847)
(0.16555144420814488, 0.6524556572358039, 1.1519561859299714)
(0.16555144420814488, 0.6507208875222447, 1.1517788564298506)
(0.16555144420814488, 0.6492504221228205, 1.151525870318161)
(0.16555144420814488, 0.6480275013144979, 1.1512150065884361)
(0.16555144420814488, 0.6470362809870781, 1.1508610851962546)
(0.16555144420814488, 0.6462592214746637, 1.1504769552244325)
(0.16555144420814488, 0.6456757821961773, 1.1500743424106934)
(0.16555144420814488, 0.6452639276520583, 1.1496634689701815)
(0.16555144420814488, 0.6450008916662219, 1.149253456464642)
(0.16555144420814488, 0.6448652990598841, 1.1488525153124183)
(0.16555144420814488, 0.6448357735121802, 1.1484681142689392)
(0.16555144420814488, 0.6448910614686113, 1.1481060165215724)
(0.16555144420814488, 0.6450108121750128, 1.1477705827872753)
(0.16555144420814488, 0.6451779817439699, 1.1474656315462781)
(0.16555144420814488, 0.6453763547063228, 1.147194533955734)
(0.16555144420814488, 0.6455922478182053, 1.1469610481633594)
(0.16555144420814488, 0.6458136804717757, 1.146766382859229)
(0.16555144420814488, 0.6460323629282981, 1.1466123767095202)
(0.16555144420814488, 0.6462399449539095, 1.146499258124706)
(0.16555144420814488, 0.6464301268341169, 1.1464241715383316)
(0.16555144420814488, 0.6465987898877436, 1.1463848246617645)
(0.16555144420814488, 0.646744401357311, 1.1463780631055238)
(0.16555144420814488, 0.6468658752729582, 1.1463992310168958)
(0.16555144420814488, 0.6469606589696405, 1.1464423679430977)
(0.16555144420814488, 0.6470319814784459, 1.1465021810504226)
(0.16555144420814488, 0.6470815577504322, 1.1465718038073636)
(0.16555144420814488, 0.6471115466703893, 1.14664360776084)
(0.16555144420814488, 0.6471277592535839, 1.1467102771156499)
(0.16555144420814488, 0.647134125920812, 1.1467633500973438)
(0.16555144420814488, 0.6471345404614638, 1.1467941858652524)
(0.16555144420814488, 0.6471345404614638, 1.1467941858652524)
(0.16555144420814488, 0.6471345404614638, 1.1467941858652524)
(0.16555144420814488, 0.6471345404614638, 1.1467941858652524)
(0.16555144420814488, 0.6471345404615011, 1.1467941858653188)
(0.16555144420814488, 0.6471345404615011, 1.1467941858653188)
(0.16555144420814488, 0.6471345404615011, 1.146794185865319)
(0.16555144420814488, 0.6471345404615011, 1.146794185865319)
(0.16555144420814488, 0.6471345404615011, 1.146794185865319)
(0.16555144420814488, 0.6471345404615011, 1.146794185865319)
(0.16555144420814488, 0.6471345404615011, 1.146794185865319)
(0.16555144420814488, 0.6471345404615011, 1.146794185865319)
(0.16555144420814488, 0.6471345404615011, 1.146794185865319)
(0.16555144420814488, 0.6471345404615011, 1.146794185865319)
(0.16555144420814488, 0.6471345404615012, 1.146794185865319)
(0.16555144420814488, 0.6471345404615012, 1.146794185865319)
(0.16555144420814488, 0.6471345404615012, 1.146794185865319)
(0.16555144420814488, 0.6471345404615012, 1.146794185865319)
(0.16555144420814488, 0.6471345404615012, 1.146794185865319)
(0.16555144420814488, 0.6471345404615012, 1.146794185865319)
(0.16555144420814488, 0.6471345404615012, 1.1467941858653192)
(0.16555144420814488, 0.6471345404615012, 1.1467941858653192)
(0.16555144420814488, 0.6471345404615013, 1.1467941858653192)
(0.16555144420814488, 0.6471345404615013, 1.1467941858653192)
(0.16555144420814488, 0.6471345404615013, 1.1467941858653192)
(0.16555144420814488, 0.6471345404615013, 1.1467941858653192)
(0.16555144420814488, 0.6471345404615013, 1.1467941858653192)
(0.16555144420814488, 0.6471345404615014, 1.1467941858653192)
(0.16555144420814488, 0.6471345404615014, 1.1467941858653194)
