(5208.636, 195.0643, 3656.922)
(3.492997, 73.64493, -10.31172)
(3.543201, 90.71244, -24.43945)
(2.897502, 52.41457, -12.24849)
(0.4102143, 80.93855, -16.78341)
(-1.743661, 129.6117, -25.93639)
(-14.69052, 243.0496, -53.47567)
(-11.81583, 90.11494, -22.47792)
(-5.935146, 87.14616, -17.50235)
(-11.96308, 85.78295, -25.36154)
(-14.04269, 80.09879, -24.07633)
(-3.37504, 78.40836, -21.03799)
(-11.77515, 66.49561, -34.66416)
(-15.41864, 60.95755, -37.06131)
(-6.160214, 57.74475, -37.75685)
(-7.504325, 27.13952, -29.63833)
(-34.87885, 107.2048, -157.5589)
(-3.678638, 42.69256, -41.81161)
(-8.520188, 17.73079, -59.27454)
(-9.307358, 7.351009, -58.61634)
(2.181507, -4.929971, -60.88169)
(-6.035171, -8.856969, -65.33173)
(-7.189251, -33.48064, -73.01527)
(-5.476031, -42.82355, -80.70409)
(-0.6799127, -43.98111, -75.05782)
(-9.829957, -60.52185, -88.90693)
(-7.796328, -49.84576, -78.65253)
(-10.20551, -60.22076, -81.26029)
(-15.45898, -92.13606, -80.58563)
(-24.52559, -88.36626, -78.0295)
(-19.04, -82.11943, -70.44655)
(-29.60754, -106.7634, -77.24673)
(-36.8381, -92.37209, -84.27963)
(-30.04387, -86.65837, -70.80561)
(-26.03491, -74.44415, -70.73083)
(-41.11673, -58.87822, -95.19603)
(-10.48074, -59.24163, -53.01436)
(-7.252515, -77.72377, -61.30474)
(-48.31083, -74.69102, -85.44528)
(-15.41388, -85.76981, -65.92963)
(-26.51073, -79.2114, -73.56914)
(-38.69428, -86.37669, -67.30634)
