(-0.1414028, 1.77941, 0.1472361)
(-0.1419578, 1.779239, 0.1463633)
(-0.1426593, 1.779091, 0.1451392)
(-0.1431785, 1.778879, 0.1441646)
(-0.1431785, 1.778879, 0.1441646)
(-0.1443782, 1.778394, 0.1417787)
(-0.1449229, 1.778217, 0.1405096)
(-0.1453723, 1.778208, 0.1394379)
(-0.1459143, 1.77808, 0.1381574)
(-0.1464999, 1.777949, 0.1368032)
(-0.147043, 1.777735, 0.1355815)
(-0.1475966, 1.777509, 0.134289)
(-0.1483252, 1.77725, 0.1328108)
(-0.1488892, 1.776961, 0.1314464)
(-0.1494983, 1.776745, 0.1299872)
(-0.1502181, 1.776575, 0.1283748)
(-0.1507503, 1.776138, 0.1268497)
(-0.1512498, 1.775814, 0.1252198)
(-0.1516203, 1.775498, 0.1234889)
(-0.1520437, 1.775194, 0.1218801)
(-0.152573, 1.77477, 0.1201284)
(-0.1531327, 1.77431, 0.1181576)
(-0.1536423, 1.773741, 0.1165087)
(-0.1542028, 1.773195, 0.1147912)
(-0.1548504, 1.77263, 0.1129305)
(-0.1553876, 1.77193, 0.1112204)
(-0.1559411, 1.771085, 0.1097853)
(-0.1567016, 1.770373, 0.1081095)
(-0.1572531, 1.76951, 0.1068025)
(-0.1579396, 1.768723, 0.105448)
(-0.1588856, 1.767943, 0.104003)
(-0.1595805, 1.767201, 0.102834)
(-0.1605617, 1.766341, 0.1015742)
(-0.1616123, 1.765472, 0.1001289)
(-0.162793, 1.764474, 0.09865189)
(-0.1653367, 1.763841, 0.09548593)
(-0.166242, 1.762835, 0.09422278)
(-0.1675841, 1.761838, 0.09321666)
(-0.169412, 1.761001, 0.09163499)
(-0.1707467, 1.760176, 0.09096909)
(-0.1722206, 1.759343, 0.09016633)
(-0.1740996, 1.758762, 0.08912539)
(-0.1756469, 1.758314, 0.08846211)
(-0.177303, 1.757756, 0.08788085)
(-0.1788143, 1.758062, 0.08765697)
(-0.1800519, 1.758373, 0.08735847)
(-0.1814584, 1.758522, 0.08716369)
(-0.1828867, 1.758985, 0.08704424)
(-0.1843342, 1.759934, 0.08719683)
(-0.1857156, 1.760292, 0.08745432)
(-0.1872417, 1.760944, 0.08779311)
(-0.1890398, 1.761416, 0.08815289)
(-0.1907514, 1.761387, 0.08879423)
(-0.1924812, 1.761125, 0.08933425)
(-0.1942078, 1.760806, 0.08973575)
(-0.1959928, 1.759663, 0.0905757)
(-0.1980363, 1.758348, 0.09123063)
(-0.200158, 1.757293, 0.09206843)
(-0.2022985, 1.755763, 0.09272075)
(-0.2051367, 1.753793, 0.09250355)
(-0.2074972, 1.751348, 0.0929265)
(-0.2097353, 1.749075, 0.0941155)
(-0.2125469, 1.745457, 0.09457755)
(-0.2149445, 1.742683, 0.09567451)
(-0.2179033, 1.738872, 0.09618926)
(-0.2216028, 1.735301, 0.0957768)
(-0.2247137, 1.731764, 0.09617615)
(-0.2279509, 1.72845, 0.09705472)
(-0.2317187, 1.72491, 0.09732294)
(-0.2353867, 1.721167, 0.09774518)
(-0.2395316, 1.716894, 0.09842396)
(-0.2437514, 1.712929, 0.09864926)
(-0.2476393, 1.709014, 0.09920621)
(-0.2520446, 1.705057, 0.09981394)
(-0.256409, 1.701354, 0.1005085)
(-0.2612733, 1.697776, 0.1013532)
(-0.2660125, 1.694132, 0.1020308)
(-0.2711216, 1.690934, 0.1029477)
(-0.276085, 1.687927, 0.1038027)
(-0.2815987, 1.68493, 0.1047871)
(-0.2863628, 1.683074, 0.1060822)
(-0.2911381, 1.681053, 0.1072896)
(-0.2961737, 1.678787, 0.1083891)
(-0.3011197, 1.67737, 0.1097667)
(-0.3061341, 1.675689, 0.1110649)
(-0.3111092, 1.674594, 0.1124675)
(-0.3149658, 1.673636, 0.1157873)
(-0.3196534, 1.672609, 0.117095)
(-0.3256203, 1.672068, 0.1177239)
(-0.331601, 1.673402, 0.1195366)
(-0.3374921, 1.67497, 0.1206861)
(-0.3425747, 1.676028, 0.1219296)
(-0.3470005, 1.675697, 0.1240258)
(-0.3514436, 1.674167, 0.1259682)
(-0.3563308, 1.673602, 0.1281519)
(-0.3607854, 1.673879, 0.1304941)
(-0.3648566, 1.674712, 0.1329105)
(-0.3691446, 1.676066, 0.1356666)
(-0.3733152, 1.676389, 0.1376421)
(-0.3775226, 1.676555, 0.1396136)
(-0.381265, 1.676636, 0.1413877)
(-0.3849322, 1.676858, 0.1432614)
(-0.3882548, 1.677561, 0.1451237)
(-0.391641, 1.678268, 0.146992)
(-0.3949207, 1.678535, 0.1486273)
(-0.3982912, 1.678512, 0.1500533)
(-0.401903, 1.678755, 0.1515915)
(-0.4049584, 1.678376, 0.1524255)
(-0.4082063, 1.678618, 0.1535628)
(-0.4118034, 1.67858, 0.1531985)
(-0.4151398, 1.678318, 0.1534846)
(-0.4185735, 1.677957, 0.1539271)
(-0.4219607, 1.677613, 0.1537397)
(-0.4249548, 1.677041, 0.1541584)
(-0.4280909, 1.676781, 0.1542103)
(-0.4316324, 1.676643, 0.1535406)
(-0.4344867, 1.67629, 0.1537213)
(-0.4375473, 1.67608, 0.1535501)
(-0.4406914, 1.675911, 0.1526628)
(-0.4435502, 1.675566, 0.1526411)
(-0.4461979, 1.675406, 0.1521623)
(-0.4492134, 1.67519, 0.1516173)
(-0.4521884, 1.674827, 0.1512697)
(-0.4550945, 1.674522, 0.1508553)
(-0.4582938, 1.674135, 0.1500485)
(-0.461018, 1.673605, 0.149611)
(-0.4638768, 1.673191, 0.1491625)
(-0.4665669, 1.672497, 0.1483226)
(-0.469299, 1.671782, 0.1476803)
(-0.4717256, 1.67035, 0.1470118)
(-0.4743477, 1.669174, 0.1462951)
(-0.4771429, 1.667988, 0.1452849)
(-0.4794909, 1.666719, 0.1446712)
(-0.4820975, 1.665028, 0.1441591)
(-0.4847695, 1.663496, 0.1428747)
(-0.4870445, 1.661451, 0.141989)
(-0.4894055, 1.659331, 0.1413825)
(-0.4918114, 1.65673, 0.1402652)
(-0.493929, 1.653729, 0.1390929)
(-0.4962364, 1.650669, 0.1378832)
(-0.4982804, 1.646104, 0.136796)
(-0.5004438, 1.642288, 0.1355546)
(-0.5032364, 1.637281, 0.133646)
(-0.5058798, 1.632434, 0.1319211)
(-0.5080541, 1.628012, 0.1305058)
(-0.510888, 1.622983, 0.1282918)
(-0.5137123, 1.617903, 0.1266556)
(-0.5166529, 1.613053, 0.1247849)
(-0.519647, 1.608278, 0.1224449)
(-0.5226101, 1.603127, 0.1206186)
(-0.5256959, 1.597981, 0.1182671)
(-0.5291654, 1.593148, 0.1155691)
(-0.5321072, 1.589267, 0.113281)
(-0.5354432, 1.585531, 0.1106186)
(-0.5385898, 1.58274, 0.1073112)
(-0.5414878, 1.579772, 0.1047435)
(-0.5447754, 1.578017, 0.101505)
(-0.5482019, 1.575175, 0.09761739)
(-0.5510529, 1.573575, 0.09469366)
(-0.5547279, 1.57255, 0.0911715)
(-0.5585011, 1.571738, 0.08676243)
(-0.5617079, 1.570785, 0.08353186)
(-0.5655211, 1.569644, 0.07959509)
(-0.56912, 1.568624, 0.07535863)
(-0.5726098, 1.567389, 0.0719564)
(-0.5766572, 1.566725, 0.06831813)
(-0.5807251, 1.566188, 0.06452608)
(-0.5854992, 1.567034, 0.06121063)
(-0.5897161, 1.567931, 0.05794048)
(-0.5950321, 1.56915, 0.0535512)
(-0.5995151, 1.569375, 0.05032301)
(-0.6038343, 1.569573, 0.04694319)
(-0.6086434, 1.569762, 0.04255605)
(-0.6133603, 1.570307, 0.03898931)
(-0.6179649, 1.57109, 0.03555369)
(-0.6222249, 1.572268, 0.03219128)
(-0.6265222, 1.572411, 0.02943373)
(-0.6311721, 1.572585, 0.02648497)
(-0.6358858, 1.57247, 0.02327418)
(-0.6399268, 1.57224, 0.02103829)
(-0.6439711, 1.572352, 0.01907969)
(-0.6480955, 1.572344, 0.01693845)
(-0.6521195, 1.572227, 0.01543713)
(-0.656371, 1.57217, 0.01440215)
(-0.6604418, 1.571817, 0.01332045)
(-0.6646396, 1.571436, 0.01228237)
(-0.6686779, 1.570971, 0.01162171)
(-0.6731712, 1.570472, 0.01069665)
(-0.6771938, 1.570068, 0.01019573)
(-0.6810573, 1.569799, 0.009677172)
(-0.6849533, 1.56944, 0.009143353)
(-0.6888376, 1.569086, 0.008760691)
(-0.6925577, 1.568635, 0.008458376)
(-0.696534, 1.567886, 0.007986546)
(-0.700215, 1.567385, 0.007722616)
(-0.7037314, 1.566742, 0.007448673)
(-0.7076017, 1.566089, 0.007570028)
(-0.7111334, 1.565689, 0.007524967)
(-0.7148029, 1.565321, 0.007611275)
(-0.7181686, 1.565152, 0.007905722)
(-0.7214836, 1.565063, 0.008199215)
(-0.7248548, 1.564813, 0.008568525)
(-0.7283815, 1.564121, 0.008734703)
(-0.7318171, 1.563383, 0.009086847)
(-0.7354432, 1.562425, 0.009372234)
(-0.7392339, 1.561016, 0.009590626)
(-0.7427236, 1.55938, 0.01002479)
(-0.7459913, 1.55756, 0.01062131)
(-0.7494265, 1.555652, 0.01072168)
(-0.7528487, 1.553261, 0.01117539)
(-0.7557772, 1.550668, 0.01188469)
(-0.7591294, 1.547909, 0.01229358)
(-0.7624098, 1.54448, 0.01291323)
(-0.7661182, 1.540736, 0.01370049)
(-0.7698447, 1.536183, 0.01438141)
(-0.7735196, 1.531716, 0.01497865)
(-0.7773186, 1.527095, 0.01583266)
(-0.7810563, 1.522502, 0.01647735)
(-0.7849358, 1.517456, 0.01726055)
(-0.7887686, 1.512293, 0.0180912)
(-0.7925056, 1.507481, 0.01887727)
(-0.7965041, 1.501935, 0.01987696)
(-0.8003625, 1.496658, 0.02072811)
(-0.8048023, 1.490909, 0.02187061)
(-0.8086978, 1.485438, 0.02321911)
(-0.8126518, 1.480095, 0.02403855)
(-0.8166722, 1.475099, 0.02504754)
(-0.8205668, 1.470253, 0.02605271)
(-0.8243488, 1.465744, 0.0269351)
(-0.8283809, 1.461372, 0.02798557)
(-0.8322011, 1.457635, 0.02921009)
(-0.8362223, 1.453716, 0.03010726)
(-0.8406464, 1.450344, 0.03196836)
(-0.8447758, 1.447452, 0.03376317)
(-0.8496021, 1.444991, 0.03507423)
(-0.8542677, 1.442867, 0.03665042)
(-0.8588682, 1.441176, 0.03857875)
(-0.863499, 1.439905, 0.04026055)
(-0.8685459, 1.438292, 0.04153681)
(-0.8738745, 1.438302, 0.04335618)
(-0.8789865, 1.4374, 0.04489827)
(-0.8845557, 1.437117, 0.04711723)
(-0.8899368, 1.437152, 0.04890871)
(-0.8954016, 1.437962, 0.05060601)
(-0.9007443, 1.438949, 0.05254698)
(-0.905954, 1.440374, 0.05417395)
(-0.9109291, 1.441264, 0.05584812)
(-0.915908, 1.442006, 0.05740166)
(-0.9207574, 1.442661, 0.05913377)
(-0.9253398, 1.443843, 0.06098795)
(-0.9303204, 1.444868, 0.06312561)
(-0.9350635, 1.445849, 0.06460166)
(-0.9399844, 1.446573, 0.0663178)
(-0.9447297, 1.447041, 0.06805229)
(-0.9494954, 1.447444, 0.06927156)
(-0.9544367, 1.447537, 0.07067347)
(-0.9589731, 1.447935, 0.07223988)
(-0.9636055, 1.4478, 0.07344294)
(-0.9680632, 1.44775, 0.07491422)
(-0.9727956, 1.44742, 0.07628083)
(-0.9771131, 1.447137, 0.07746482)
(-0.9811019, 1.44694, 0.07899737)
(-0.9852525, 1.446513, 0.08019686)
(-0.9893106, 1.446022, 0.08146453)
(-0.9932922, 1.445701, 0.08277822)
(-0.9970928, 1.445359, 0.08380127)
(-1.000722, 1.444993, 0.08503985)
(-1.004272, 1.444562, 0.08601069)
(-1.007955, 1.444442, 0.0868547)
(-1.011088, 1.444283, 0.08787656)
(-1.014259, 1.444123, 0.08876991)
(-1.01737, 1.443921, 0.08998013)
(-1.020138, 1.443608, 0.09096146)
(-1.023195, 1.443404, 0.09176898)
(-1.026023, 1.443069, 0.09260964)
(-1.02847, 1.443089, 0.0931375)
(-1.031254, 1.443114, 0.09381175)
(-1.03382, 1.443143, 0.09459662)
(-1.036099, 1.443227, 0.09513378)
(-1.038203, 1.443205, 0.09558225)
(-1.04039, 1.443149, 0.09599638)
(-1.042554, 1.443062, 0.09648347)
(-1.044496, 1.44292, 0.09681535)
(-1.046499, 1.442796, 0.09725237)
(-1.048145, 1.442655, 0.09739876)
(-1.049789, 1.442486, 0.09760356)
(-1.051535, 1.442232, 0.09782934)
(-1.053019, 1.44191, 0.09786272)
(-1.054258, 1.441443, 0.09788728)
(-1.055601, 1.441013, 0.09797072)
(-1.056769, 1.440682, 0.09788704)
(-1.057739, 1.440459, 0.09783006)
(-1.058637, 1.440442, 0.09774137)
(-1.059395, 1.440559, 0.09761977)
(-1.060243, 1.440648, 0.09743619)
(-1.060951, 1.441051, 0.09743595)
(-1.061413, 1.441296, 0.09743762)
(-1.061899, 1.441577, 0.09712386)
(-1.06251, 1.441799, 0.09700894)
(-1.063039, 1.441885, 0.096668)
(-1.063341, 1.441797, 0.09621716)
(-1.063917, 1.441651, 0.09547591)
(-1.064522, 1.441137, 0.09468031)
(-1.064927, 1.440838, 0.09412622)
(-1.065422, 1.439974, 0.09271789)
(-1.065791, 1.438966, 0.09159207)
(-1.065761, 1.438367, 0.09076858)
(-1.065821, 1.438059, 0.08942533)
(-1.065783, 1.437995, 0.0883193)
(-1.065508, 1.438776, 0.08709979)
(-1.064892, 1.439784, 0.08615875)
(-1.063113, 1.442019, 0.08481026)
(-1.061916, 1.443333, 0.08309197)
(-1.060161, 1.445883, 0.08162761)
(-1.05863, 1.448166, 0.08032322)
(-1.057404, 1.451481, 0.07820082)
(-1.055735, 1.454862, 0.07668114)
(-1.054038, 1.457723, 0.07528067)
(-1.051914, 1.460401, 0.07361746)
(-1.050156, 1.46269, 0.07190847)
(-1.04852, 1.464606, 0.07025003)
(-1.046703, 1.466664, 0.06882906)
(-1.045124, 1.468193, 0.06705928)
(-1.043992, 1.469391, 0.06547523)
(-1.042484, 1.470804, 0.06437206)
(-1.041457, 1.471712, 0.06274676)
(-1.040527, 1.472818, 0.06132698)
(-1.038953, 1.473795, 0.06046271)
(-1.038038, 1.474619, 0.05911398)
(-1.037628, 1.475188, 0.05818152)
(-1.036601, 1.476018, 0.0573585)
(-1.036052, 1.476691, 0.05624604)
(-1.035642, 1.477246, 0.05557609)
(-1.034802, 1.477952, 0.05486798)
