(-11861.91, 2435.539, 1875.517)
(-11.47234, 54.30963, 25.61752)
(-16.41826, 40.35826, 15.12254)
(-16.79843, 78.80969, 18.36164)
(0, 0, 0)
(-37.36027, 252.6261, 40.51149)
(0, 0, 0)
(-7.645313, 53.17482, 6.003655)
(-30.46419, 145.9627, 8.571323)
(-16.35515, 66.48711, -1.822599)
(-6.581781, 53.37593, -6.718347)
(-13.56073, 44.51593, -2.577748)
(-27.38694, 64.7753, -23.40591)
(-23.18815, 37.94905, -5.865704)
(-32.61806, 30.53584, -6.313688)
(-53.92786, 26.31571, -9.999688)
(-51.96572, 14.07614, 4.451486)
(-57.74255, 12.37125, 8.131648)
(-58.29432, 24.13096, 1.886056)
(-69.35113, 11.63713, 9.01482)
(-102.5601, 18.80445, 8.889427)
(0, 0, 0)
(-164.8782, 14.91332, 18.64206)
(-121.7393, 11.43233, 9.53959)
(-152.2484, 12.30059, 5.536725)
(-106.5136, 6.907534, 5.644642)
(-108.6111, 10.979, -0.3996435)
(-112.1815, 3.614548, -7.360715)
(-103.4338, -16.02768, -2.806007)
(-106.391, -17.6236, -1.288706)
(-99.90423, -25.63678, -0.8823941)
(-103.5448, -20.98726, 5.243559)
(-100.3515, -29.82692, 2.08144)
(-62.54589, -18.14838, -2.74953)
(-167.1112, -29.54354, 3.468374)
(-126.0175, -12.53958, -4.972422)
(-85.81699, -1.333134, -12.45559)
(-85.32013, -8.128637, -7.663286)
(-72.45396, -10.6452, -14.78662)
(-67.8602, -17.12374, -15.18743)
(-63.78142, -21.51831, -5.416756)
(-61.75439, -26.77509, -7.313223)
(-51.24312, -24.34862, -2.739357)
(-49.97666, -16.95534, 0.9383539)
(-52.80267, -10.68881, -2.958031)
(-46.76733, -10.55247, 0.1958282)
