(0.1930756, -0.7740323, 0.6029891)
(0.1934082, -0.7766284, 0.5995346)
(0.1933013, -0.7783152, 0.5973777)
(0.1927139, -0.7796313, 0.5958493)
(0.1932713, -0.7813507, 0.5934115)
(0.1940367, -0.7821469, 0.5921116)
(0.1943171, -0.7829468, 0.5909612)
(0.1949093, -0.7843212, 0.5889401)
(0.1945352, -0.7864744, 0.586186)
(0.1943543, -0.7883174, 0.5837654)
(0.1949088, -0.7898967, 0.5814412)
(0.1953188, -0.7913311, 0.5793494)
(0.1953302, -0.7923808, 0.577909)
(0.1954894, -0.7935103, 0.5763032)
(0.1960242, -0.7948667, 0.5742486)
(0.1965436, -0.7965577, 0.5717223)
(0.1968708, -0.797904, 0.569729)
(0.1974372, -0.7983002, 0.5689775)
(0.197469, -0.7993774, 0.567452)
(0.197841, -0.8004633, 0.5657892)
(0.1979074, -0.8019006, 0.563727)
(0.1978105, -0.8034139, 0.5616024)
(0.197626, -0.8050067, 0.559382)
(0.1972081, -0.8063667, 0.5575678)
(0.1972445, -0.8071344, 0.5564428)
(0.1973199, -0.8077004, 0.5555941)
(0.1973665, -0.8084862, 0.5544336)
(0.1981186, -0.8089013, 0.5535593)
(0.1982358, -0.809473, 0.5526806)
(0.1957116, -0.8107625, 0.5516893)
(0.1927059, -0.812798, 0.549749)
(0.1916732, -0.8141106, 0.5481656)
(0.1925044, -0.81376, 0.5483947)
(0.1931455, -0.8135338, 0.5485048)
(0.1940169, -0.8137196, 0.5479214)
(0.1946462, -0.8148398, 0.5460301)
(0.1953889, -0.8161997, 0.5437289)
(0.1953385, -0.8175442, 0.5417236)
(0.1948861, -0.818746, 0.540069)
(0.1942333, -0.8207694, 0.5372254)
(0.1946331, -0.8223588, 0.5346437)
(0.1963974, -0.8224704, 0.5338264)
(0.1985707, -0.8216085, 0.5343492)
(0.2046553, -0.8208619, 0.5331997)
(0.2054726, -0.8225492, 0.5302773)
(0.206459, -0.8224602, 0.530032)
(0.2093658, -0.8213339, 0.5306379)
(0.2140174, -0.8198889, 0.5310166)
(0.2172836, -0.8181535, 0.5323653)
(0.2194501, -0.8188797, 0.5303562)
(0.2214743, -0.819757, 0.5281549)
(0.2231939, -0.8208067, 0.5257955)
(0.2261922, -0.8209337, 0.5243139)
(0.2309403, -0.8195609, 0.5243916)
(0.2354527, -0.8173836, 0.5257815)
(0.2393852, -0.8153494, 0.5271624)
(0.2423769, -0.8137842, 0.5282127)
(0.2444266, -0.8138663, 0.5271406)
(0.2462948, -0.8138905, 0.526233)
(0.2485296, -0.8132374, 0.5261919)
(0.2508702, -0.8121005, 0.5268369)
(0.2531577, -0.8105261, 0.5281654)
(0.2550128, -0.8090466, 0.5295397)
(0.2560019, -0.8069528, 0.5322503)
(0.2567611, -0.8046153, 0.5354138)
(0.2565041, -0.8023046, 0.5389926)
(0.2566875, -0.801183, 0.5405713)
(0.2563908, -0.8012013, 0.5406849)
(0.2560412, -0.8010453, 0.5410817)
(0.2555088, -0.8023757, 0.5393593)
(0.2557069, -0.8026938, 0.538792)
(0.2557384, -0.8023485, 0.5392911)
(0.2557509, -0.8012364, 0.540936)
(0.2560551, -0.7995099, 0.5433413)
(0.2563871, -0.7979254, 0.5455096)
(0.2563485, -0.7969843, 0.5469017)
(0.2556952, -0.796793, 0.5474859)
(0.2547248, -0.7969133, 0.5477632)
(0.2535974, -0.7976227, 0.5472535)
(0.2526563, -0.7987913, 0.5459828)
(0.2521281, -0.7988877, 0.5460859)
(0.2518541, -0.7981406, 0.5473033)
(0.2523722, -0.7965727, 0.5493453)
(0.2530572, -0.7952822, 0.5508978)
(0.2532075, -0.7947989, 0.5515259)
(0.253372, -0.7949354, 0.5512536)
(0.2531964, -0.7958547, 0.5500062)
(0.2534566, -0.7968719, 0.5484113)
(0.2537008, -0.7980022, 0.5466521)
(0.253599, -0.7989355, 0.5453345)
(0.253267, -0.8004267, 0.5432982)
(0.2529977, -0.8017776, 0.5414285)
(0.2529577, -0.8024448, 0.540458)
(0.2528799, -0.8028867, 0.5398377)
(0.2529279, -0.8034435, 0.5389861)
(0.2528316, -0.8036897, 0.5386641)
(0.2516878, -0.8036442, 0.5392675)
(0.2508758, -0.803793, 0.5394239)
(0.250654, -0.8035066, 0.5399535)
(0.249617, -0.8042675, 0.5393006)
(0.2480252, -0.8048661, 0.5391419)
(0.2464105, -0.805931, 0.5382909)
(0.2454992, -0.807335, 0.5366008)
(0.2452173, -0.8085024, 0.5349694)
(0.2448328, -0.8098667, 0.5330787)
(0.2441544, -0.8112006, 0.5313589)
(0.2443899, -0.8120708, 0.5299194)
(0.2453434, -0.8122787, 0.5291597)
(0.2460614, -0.8132135, 0.5273875)
(0.2462677, -0.8141327, 0.5258709)
(0.2458227, -0.8162687, 0.5227587)
(0.2453782, -0.8183983, 0.5196285)
(0.2448292, -0.8202155, 0.5170157)
(0.2445229, -0.8208753, 0.5161127)
(0.2436755, -0.8213815, 0.5157079)
(0.2431556, -0.8221849, 0.5146722)
(0.2427898, -0.8234805, 0.5127699)
(0.2419945, -0.8243064, 0.5118179)
(0.240758, -0.8259584, 0.5097337)
(0.2406955, -0.8277177, 0.5069016)
(0.2411861, -0.8300903, 0.5027717)
(0.2401749, -0.8331419, 0.4981873)
(0.2378013, -0.8359439, 0.4946195)
(0.2371505, -0.8368679, 0.4933678)
(0.2376548, -0.8367339, 0.4933525)
(0.239223, -0.8356036, 0.4945088)
(0.2386658, -0.8350009, 0.4957944)
(0.2368439, -0.834803, 0.4969999)
(0.2323896, -0.8364316, 0.4963641)
(0.2301121, -0.8374291, 0.4957429)
(0.2270638, -0.8387448, 0.4949235)
(0.2236956, -0.8403093, 0.493802)
(0.2217745, -0.8400862, 0.4950467)
(0.2209914, -0.837704, 0.4994146)
(0.2200094, -0.8348108, 0.5046652)
(0.2209228, -0.8303007, 0.5116579)
(0.2232833, -0.8267699, 0.5163294)
(0.2240652, -0.8214946, 0.5243485)
(0.2241261, -0.8162191, 0.5324979)
(0.2232181, -0.8094099, 0.543166)
(0.2216842, -0.8029064, 0.5533512)
(0.2179444, -0.7983748, 0.5613358)
(0.2143024, -0.7951986, 0.5672157)
(0.2089322, -0.7955334, 0.5687477)
(0.2021327, -0.7988616, 0.5665356)
(0.1975369, -0.7988256, 0.568205)
(0.1925554, -0.8008132, 0.567116)
(0.1848843, -0.8006771, 0.5698544)
(0.1782409, -0.8001271, 0.5727362)
(0.1736969, -0.7982038, 0.5768017)
(0.1696735, -0.7963499, 0.5805495)
(0.1668884, -0.7964882, 0.5811667)
(0.1635692, -0.7964554, 0.5821545)
(0.1597408, -0.7971941, 0.5822065)
(0.1565572, -0.7978399, 0.5821867)
(0.1532465, -0.7975336, 0.5834858)
(0.1500276, -0.7971736, 0.5848129)
(0.1478401, -0.7979783, 0.5842723)
(0.1458542, -0.7984927, 0.5840685)
(0.1439202, -0.7986385, 0.5843488)
(0.1422987, -0.7987825, 0.5845491)
(0.1405961, -0.7989622, 0.5847154)
(0.1383144, -0.7992232, 0.5849029)
(0.1366672, -0.8002864, 0.5838354)
(0.1348007, -0.8016837, 0.5823505)
(0.1321763, -0.8029484, 0.5812085)
(0.1307848, -0.8050161, 0.5786574)
(0.1305123, -0.805647, 0.5778403)
(0.130202, -0.8056969, 0.5778407)
(0.1296443, -0.8056313, 0.5780575)
(0.1296268, -0.8055761, 0.5781385)
(0.1294676, -0.8077879, 0.5750798)
(0.1290809, -0.8093731, 0.572934)
(0.1281171, -0.8106214, 0.5713834)
(0.1274726, -0.8122194, 0.5692543)
(0.12741, -0.8136851, 0.5671713)
(0.128082, -0.8136985, 0.5670006)
(0.1285918, -0.8141734, 0.566203)
(0.1289665, -0.8149418, 0.565011)
(0.1292349, -0.816411, 0.5628245)
(0.1299045, -0.8178989, 0.5605054)
(0.1307086, -0.8191057, 0.5585527)
(0.1324247, -0.8200535, 0.5567549)
(0.134628, -0.8204512, 0.5556393)
(0.1367926, -0.8210196, 0.5542694)
(0.1387167, -0.8216544, 0.5528488)
(0.1404789, -0.8222426, 0.5515277)
(0.1427338, -0.8226087, 0.5504017)
(0.1451249, -0.8226904, 0.5496538)
(0.1471251, -0.8227592, 0.5490186)
(0.1488104, -0.8226814, 0.548681)
(0.1508648, -0.8231957, 0.547347)
(0.1512547, -0.8247094, 0.5449555)
(0.1520218, -0.8259441, 0.5428681)
(0.1521899, -0.8277012, 0.540138)
(0.1533555, -0.8305627, 0.5353948)
(0.1552336, -0.8322476, 0.532228)
(0.1585298, -0.8320744, 0.5315266)
(0.1622654, -0.8312466, 0.5316945)
(0.1650165, -0.8301575, 0.5325487)
(0.1666525, -0.8306255, 0.5313081)
(0.1674201, -0.8324967, 0.5281286)
(0.1666166, -0.8364826, 0.5220497)
(0.1673621, -0.8412325, 0.5141184)
(0.1688766, -0.8441682, 0.5087836)
(0.1703399, -0.8441039, 0.5084022)
(0.1705813, -0.8439862, 0.5085167)
(0.1702552, -0.8447278, 0.5073935)
(0.1692894, -0.8445585, 0.5079981)
(0.1700736, -0.8440424, 0.5085937)
(0.1703386, -0.8445936, 0.5075888)
(0.170692, -0.845545, 0.5058833)
(0.1693469, -0.846594, 0.5045791)
(0.1668468, -0.846754, 0.5051434)
(0.1665565, -0.8467253, 0.5052873)
(0.1688723, -0.846812, 0.5043725)
(0.1701882, -0.8467744, 0.5039932)
(0.1706925, -0.8459725, 0.5051681)
(0.1713491, -0.8456113, 0.5055501)
(0.1734814, -0.8446884, 0.5063654)
(0.1778391, -0.8428, 0.5079976)
(0.1829818, -0.8420883, 0.507351)
(0.1869004, -0.8433621, 0.5037943)
(0.1888326, -0.8442941, 0.5015075)
(0.1896345, -0.84412, 0.5014979)
(0.1922911, -0.840546, 0.5064647)
(0.1971675, -0.8335789, 0.5160149)
(0.203774, -0.8255123, 0.5263131)
(0.2075783, -0.8207873, 0.5321836)
(0.2113834, -0.8153665, 0.5389755)
(0.2141586, -0.8114018, 0.5438412)
(0.2156296, -0.8090047, 0.5468228)
(0.217991, -0.808853, 0.5461105)
(0.2229782, -0.8096564, 0.542897)
(0.2247411, -0.8106384, 0.5407003)
(0.2264677, -0.8114285, 0.5387915)
(0.2308423, -0.812418, 0.5354333)
(0.2340174, -0.8126766, 0.5336597)
(0.2369424, -0.8123761, 0.5328259)
(0.2394594, -0.8104491, 0.5346322)
(0.2422134, -0.8077188, 0.5375156)
(0.2448083, -0.8042026, 0.5415968)
(0.2467102, -0.8010119, 0.5454485)
(0.2481985, -0.7987049, 0.5481497)
(0.2500415, -0.796343, 0.5507424)
(0.2509887, -0.7947028, 0.5526773)
(0.2527591, -0.7937444, 0.5532473)
(0.2549963, -0.7926165, 0.5538375)
(0.2565293, -0.7921982, 0.5537282)
(0.2575969, -0.7910296, 0.5549018)
(0.2589545, -0.7903013, 0.5553075)
(0.261058, -0.788483, 0.5569052)
(0.2640299, -0.7873903, 0.55705)
(0.2672252, -0.7866659, 0.5565495)
(0.2694713, -0.7869138, 0.5551144)
(0.2715297, -0.7867801, 0.5543003)
(0.27382, -0.7863579, 0.5537725)
(0.2768022, -0.7860444, 0.552734)
(0.2797317, -0.7847977, 0.5530304)
(0.2822948, -0.7816505, 0.5561764)
(0.2844103, -0.7804525, 0.5567807)
(0.2859366, -0.7794237, 0.5574396)
(0.2873814, -0.7790462, 0.5572243)
(0.2881713, -0.7794237, 0.5562878)
(0.2870921, -0.7811242, 0.5544575)
(0.2868594, -0.7817701, 0.5536671)
(0.2855918, -0.7823763, 0.5534661)
(0.2854583, -0.7807981, 0.5557589)
(0.286315, -0.7794681, 0.5571833)
(0.2867722, -0.7788628, 0.5577944)
(0.2865867, -0.7786785, 0.5581468)
(0.286017, -0.7781763, 0.5591385)
(0.2844918, -0.778353, 0.5596705)
(0.2829075, -0.7785964, 0.5601348)
(0.2807822, -0.7787593, 0.5609772)
(0.2787992, -0.7796667, 0.5607057)
(0.2763765, -0.7801902, 0.5611767)
(0.274682, -0.7804864, 0.5615966)
(0.2743149, -0.7796285, 0.5629661)
(0.2742322, -0.7787676, 0.5641965)
(0.2738278, -0.7788415, 0.564291)
(0.2725486, -0.7810403, 0.561866)
(0.270891, -0.7836649, 0.5590059)
(0.2695748, -0.7857388, 0.5567263)
(0.2682447, -0.7882169, 0.5538582)
(0.2678698, -0.7881484, 0.5541372)
(0.2690836, -0.78517, 0.5577654)
(0.2700552, -0.7818443, 0.5619518)
(0.270209, -0.7816892, 0.5620935)
(0.2694902, -0.7837828, 0.5595174)
(0.2677137, -0.7888291, 0.5532432)
(0.2657511, -0.7927223, 0.5486053)
(0.26336, -0.796456, 0.5443339)
(0.2623921, -0.7949541, 0.5469903)
(0.2627868, -0.791442, 0.5518719)
(0.2642706, -0.7834284, 0.5624952)
(0.2647918, -0.7775182, 0.5703954)
(0.2641973, -0.7736487, 0.5759058)
(0.2610297, -0.7720657, 0.5794637)
(0.2562026, -0.773017, 0.580349)
(0.2515383, -0.7748168, 0.5799891)
(0.2481998, -0.7749989, 0.581183)
(0.2452291, -0.7749561, 0.5824996)
(0.2430722, -0.7744696, 0.5840487)
(0.241842, -0.7734221, 0.5859444)
(0.2397292, -0.7734847, 0.5867293)
(0.238267, -0.7750841, 0.5852123)
(0.2371539, -0.7760892, 0.5843318)
(0.2362873, -0.7767028, 0.5838674)
(0.235557, -0.7766494, 0.5842334)
(0.2334258, -0.7744017, 0.5880598)
(0.2310071, -0.7735373, 0.5901489)
(0.2300052, -0.7735617, 0.5905082)
(0.2285444, -0.7736918, 0.5909049)
(0.2253532, -0.7748646, 0.5905936)
(0.2226239, -0.7754275, 0.5908898)
(0.2203485, -0.7759015, 0.5911205)
