(320.2926, 184.5676, 350.8932)
(312.1074, 181.5483, 350.537)
(312.1074, 181.5483, 350.537)
(307.96, 201.9962, 339.8862)
(299.3903, 244.6595, 288.8356)
(302.2903, 260.5099, 274.0617)
(302.2903, 260.5099, 274.0617)
(298.4856, 237.2321, 300.5176)
(303.8122, 202.2528, 334.4412)
(293.7166, 208.4884, 331.9948)
(290.6896, 210.94, 331.4807)
(290.6896, 210.94, 331.4807)
(288.485, 221.31, 321.1772)
(286.2454, 216.6238, 326.6169)
(282.8657, 197.8282, 344.4113)
(281.5118, 177.0914, 5.831176)
(278.8752, 167.4648, 15.06815)
(276.7313, 155.0367, 28.23052)
(275.1589, 185.7975, 358.4332)
(280.8201, 235.5504, 314.3554)
(288.7078, 255.9455, 298.6409)
(288.7078, 255.9455, 298.6409)
