(-0.1772373, -0.07079339, 0.274436)
(-0.1772075, -0.07069683, 0.274426)
(-0.177227, -0.07068896, 0.274404)
(-0.1778829, -0.07016826, 0.2752461)
(-0.1778502, -0.07010698, 0.2752705)
(-0.1778064, -0.07004333, 0.2753296)
(-0.1779919, -0.06956315, 0.2754726)
(-0.1779959, -0.06949258, 0.2754779)
(-0.178009, -0.0694406, 0.2755094)
(-0.1779757, -0.06923819, 0.2758296)
(-0.1780922, -0.06898856, 0.2760766)
(-0.1781516, -0.06890225, 0.2761381)
(-0.1784596, -0.06856656, 0.2764525)
(-0.1785209, -0.06850052, 0.2765014)
(-0.1785593, -0.06843066, 0.2765601)
(-0.1788495, -0.06834269, 0.2764585)
(-0.1788838, -0.06819439, 0.276458)
(-0.1789541, -0.06807566, 0.2765057)
(-0.1790087, -0.06801486, 0.2764854)
(-0.1791139, -0.06794, 0.2765617)
(-0.1792023, -0.06789231, 0.2765985)
(-0.1794069, -0.06768417, 0.2769284)
(-0.1794946, -0.06761432, 0.2769961)
(-0.1795964, -0.06750512, 0.2770824)
(-0.1795716, -0.06741071, 0.2771997)
(-0.1796398, -0.06738949, 0.277163)
(-0.1797612, -0.06732774, 0.2772253)
(-0.1796594, -0.06740022, 0.277292)
(-0.1797719, -0.06741238, 0.2774916)
(-0.1798441, -0.06739712, 0.2776406)
(-0.1799488, -0.06727433, 0.2778842)
(-0.1800823, -0.06724143, 0.2779446)
(-0.1802015, -0.06721902, 0.2779284)
(-0.1802049, -0.06727815, 0.2778895)
(-0.1803954, -0.06729221, 0.2779603)
(-0.180496, -0.06730747, 0.2779334)
(-0.1806939, -0.0672195, 0.2780762)
(-0.1806636, -0.0674367, 0.2778461)
(-0.1808167, -0.06748509, 0.2779002)
(-0.1808836, -0.0676055, 0.2776635)
(-0.1811674, -0.06770134, 0.2777169)
(-0.18155, -0.06786537, 0.2777982)
(-0.1818504, -0.0680182, 0.2779253)
(-0.1820447, -0.06832433, 0.2778175)
(-0.1822786, -0.06843448, 0.278008)
(-0.1827741, -0.0684185, 0.2783339)
(-0.1831634, -0.06883383, 0.278379)
(-0.1834321, -0.06911802, 0.2783108)
(-0.1835921, -0.0695684, 0.2780595)
(-0.1838489, -0.06980252, 0.2779629)
(-0.1841152, -0.07004476, 0.2779)
(-0.1841145, -0.07052636, 0.2779298)
(-0.1844194, -0.07090211, 0.2778573)
(-0.1845467, -0.07121992, 0.2778022)
(-0.1846099, -0.07148743, 0.2777443)
(-0.1846585, -0.07177305, 0.2773771)
(-0.1848276, -0.07184386, 0.2770619)
(-0.1855602, -0.07193255, 0.2770529)
(-0.1858354, -0.07206655, 0.2769361)
(-0.1860173, -0.07209039, 0.277097)
(-0.1861911, -0.07226539, 0.2770793)
(-0.1859105, -0.07232094, 0.2770102)
(-0.1858881, -0.07225156, 0.2773895)
(-0.1856918, -0.07259107, 0.277117)
(-0.1857009, -0.07252192, 0.2772388)
(-0.1856079, -0.07233548, 0.2773547)
(-0.184931, -0.0724299, 0.276927)
(-0.1846881, -0.07223558, 0.2771432)
(-0.1845231, -0.07209587, 0.2773497)
(-0.184418, -0.071908, 0.2775216)
(-0.1841516, -0.07166958, 0.2774193)
(-0.1840117, -0.07148075, 0.2775137)
(-0.1839573, -0.07142472, 0.2774227)
(-0.1839859, -0.07134128, 0.2775221)
(-0.1839864, -0.07114244, 0.2775989)
(-0.1836388, -0.07127333, 0.2773743)
(-0.1836736, -0.07113361, 0.2774892)
(-0.1837931, -0.07100749, 0.2775123)
(-0.1840935, -0.070647, 0.2776608)
(-0.1842082, -0.07048464, 0.27754)
(-0.1843739, -0.07028913, 0.2775016)
(-0.1840906, -0.07042027, 0.2773445)
(-0.1840818, -0.07033253, 0.2773809)
(-0.1841726, -0.07023001, 0.2775929)
(-0.1838677, -0.07036018, 0.2772491)
(-0.1839855, -0.0702877, 0.2774577)
(-0.1840634, -0.07011533, 0.2776134)
(-0.183902, -0.06982994, 0.2782016)
(-0.183867, -0.06970239, 0.2784228)
(-0.1838455, -0.0696528, 0.2787273)
(-0.1839933, -0.06952, 0.2790864)
(-0.1839836, -0.0696435, 0.2792635)
(-0.1840451, -0.06959343, 0.2796137)
(-0.184124, -0.06947565, 0.2798302)
(-0.1841855, -0.06940603, 0.2800949)
(-0.1842525, -0.06932616, 0.2802067)
(-0.1841383, -0.06923079, 0.2804925)
(-0.1841013, -0.06931067, 0.2805738)
(-0.1841209, -0.06930017, 0.2808278)
(-0.1840305, -0.06945252, 0.280998)
(-0.1840577, -0.06959224, 0.2812655)
(-0.1841059, -0.0695529, 0.2814741)
(-0.183825, -0.06949186, 0.2814772)
(-0.1836839, -0.06921935, 0.2815323)
(-0.1833994, -0.06894922, 0.2816925)
(-0.1832044, -0.06857872, 0.2822826)
(-0.1826959, -0.06872082, 0.2823648)
(-0.1824763, -0.06847, 0.2828603)
(-0.1826749, -0.06783605, 0.2835131)
(-0.1822228, -0.06758046, 0.2838218)
(-0.1817696, -0.06734324, 0.2843904)
(-0.1817615, -0.06672382, 0.2851563)
(-0.1812901, -0.06626368, 0.2856355)
(-0.1808801, -0.06562471, 0.2861784)
(-0.1804321, -0.06514072, 0.2867107)
(-0.1799173, -0.06442714, 0.2874515)
(-0.1794667, -0.06344008, 0.2884169)
(-0.1790056, -0.06198072, 0.2896593)
(-0.1786864, -0.0601666, 0.2907133)
(-0.1787078, -0.05810976, 0.2922022)
(-0.1784654, -0.05631232, 0.2934155)
(-0.178647, -0.05378771, 0.2950754)
(-0.1791079, -0.04972935, 0.2973211)
(-0.17923, -0.0459311, 0.2999299)
(-0.1789627, -0.04098368, 0.3029685)
(-0.1780992, -0.03535056, 0.3067775)
(-0.1766443, -0.0288713, 0.3118427)
(-0.1746657, -0.02183676, 0.3176146)
(-0.1730878, -0.01469159, 0.3240581)
(-0.1727808, -0.007919788, 0.3304489)
(-0.1721969, -0.0006897449, 0.3387225)
(-0.1720853, 0.006386995, 0.3470085)
(-0.1716187, 0.01362014, 0.3567114)
(-0.167428, 0.01458359, 0.3591847)
(-0.1655812, 0.02140474, 0.3671558)
(-0.1639311, 0.03113937, 0.3760035)
(-0.1621499, 0.04180574, 0.3859618)
(-0.1603699, 0.05158401, 0.3950069)
(-0.1585081, 0.06288099, 0.4039133)
(-0.1568768, 0.07538247, 0.4121361)
(-0.1551654, 0.08776259, 0.4200938)
(-0.1536956, 0.1022899, 0.4267492)
(-0.1524451, 0.1201637, 0.4341557)
(-0.15029, 0.1387272, 0.441334)
(-0.1489391, 0.1577909, 0.45049)
(-0.1469858, 0.1793034, 0.461102)
(-0.1447446, 0.199347, 0.4708281)
(-0.1434693, 0.218851, 0.4810503)
(-0.1415782, 0.2404004, 0.491437)
(-0.1395507, 0.2616028, 0.5020669)
(-0.136929, 0.2842979, 0.5133507)
(-0.1344128, 0.306899, 0.525377)
(-0.131809, 0.3294258, 0.5373349)
(-0.1292062, 0.3517823, 0.5487838)
(-0.1265936, 0.3760225, 0.5615807)
(-0.1240873, 0.3984973, 0.5740054)
(-0.1208494, 0.4202762, 0.5856514)
(-0.117969, 0.4396781, 0.5982475)
(-0.1154628, 0.4592003, 0.6117699)
(-0.1119256, 0.475978, 0.6246023)
(-0.1090322, 0.4905183, 0.6385829)
(-0.1068602, 0.5047295, 0.6531312)
(-0.103796, 0.5176113, 0.666043)
(-0.1012046, 0.5308287, 0.6810322)
(-0.09989357, 0.5407568, 0.6958714)
(-0.09700918, 0.5489007, 0.7093432)
(-0.09484315, 0.5546322, 0.7240584)
(-0.09340334, 0.5612501, 0.7391355)
(-0.09103775, 0.5648259, 0.7533333)
(-0.08972931, 0.5666695, 0.7686415)
(-0.08851624, 0.5699368, 0.7848628)
(-0.08659935, 0.5694389, 0.8000412)
(-0.08465457, 0.5663776, 0.8173406)
(-0.08309054, 0.5651248, 0.8333118)
(-0.08162141, 0.5611628, 0.8495255)
(-0.07962799, 0.5568355, 0.8654399)
(-0.0775547, 0.5526348, 0.8806808)
(-0.07588315, 0.5467048, 0.8964505)
(-0.07364607, 0.5410886, 0.911098)
(-0.07116652, 0.5353259, 0.9251673)
(-0.06880164, 0.5298808, 0.9384313)
(-0.06719851, 0.5234599, 0.9525781)
(-0.06522417, 0.5185692, 0.9632638)
(-0.063977, 0.5125685, 0.9751012)
(-0.06218266, 0.5080993, 0.983629)
(-0.06048679, 0.5038265, 0.9909999)
(-0.05944967, 0.4980115, 1.000035)
(-0.05795622, 0.4940692, 1.005385)
(-0.05655313, 0.4902594, 1.009856)
(-0.05472946, 0.4863923, 1.013597)
(-0.05409145, 0.4810406, 1.01805)
(-0.05281138, 0.4776042, 1.020169)
(-0.0511117, 0.4742212, 1.022759)
(-0.05050254, 0.4702518, 1.025096)
(-0.04988575, 0.4674997, 1.024641)
(-0.04901981, 0.4643717, 1.024895)
(-0.0483079, 0.4612037, 1.025322)
(-0.04772568, 0.4579507, 1.025133)
(-0.04734325, 0.4545121, 1.024677)
(-0.04683208, 0.4506631, 1.024183)
(-0.04619527, 0.4468131, 1.022895)
(-0.04636765, 0.4441141, 1.020812)
(-0.04785824, 0.4423761, 1.018731)
(-0.04744625, 0.4397568, 1.017058)
(-0.04809165, 0.4373491, 1.016146)
(-0.04792547, 0.4336402, 1.016135)
(-0.04616737, 0.430905, 1.016164)
(-0.04518628, 0.4286419, 1.016092)
(-0.04262543, 0.4289346, 1.016209)
(-0.0432961, 0.4331737, 1.017581)
(-0.04386687, 0.4339962, 1.018191)
(-0.04529905, 0.4338626, 1.019737)
(-0.04623508, 0.4336981, 1.021996)
(-0.04625678, 0.4335928, 1.022583)
(-0.04712152, 0.4337909, 1.022367)
(-0.04835868, 0.4337723, 1.021486)
(-0.04839444, 0.4332663, 1.020435)
(-0.04731989, 0.4330509, 1.018206)
(-0.04576039, 0.4329771, 1.017146)
(-0.04433322, 0.4326857, 1.016652)
(-0.04418349, 0.4328182, 1.017004)
(-0.04460621, 0.4331238, 1.017293)
(-0.04490066, 0.4332787, 1.017478)
(-0.04612708, 0.4334443, 1.017715)
(-0.04727387, 0.433695, 1.017799)
(-0.04764795, 0.4335458, 1.017672)
(-0.04744792, 0.4338076, 1.017381)
(-0.046947, 0.4341316, 1.017169)
(-0.04632211, 0.433987, 1.016248)
(-0.04678869, 0.4342793, 1.015843)
(-0.04788446, 0.4344463, 1.015353)
(-0.04827452, 0.4340347, 1.014457)
(-0.0493474, 0.4343134, 1.014203)
(-0.05000877, 0.4346237, 1.014058)
(-0.0501132, 0.4344342, 1.013269)
(-0.0502305, 0.4346397, 1.012749)
(-0.04997993, 0.4345404, 1.012094)
(-0.04947424, 0.4339472, 1.010802)
(-0.04933262, 0.433984, 1.010229)
(-0.0492456, 0.434141, 1.00983)
(-0.0488081, 0.4334759, 1.00864)
(-0.04893851, 0.43367, 1.008511)
(-0.04910231, 0.4339385, 1.008353)
(-0.04824352, 0.4333863, 1.006782)
(-0.0481894, 0.4336966, 1.00619)
(-0.047997, 0.4338869, 1.005454)
(-0.04734468, 0.4333338, 1.004097)
(-0.0472579, 0.4333116, 1.003417)
(-0.04735708, 0.433408, 1.002716)
(-0.04684782, 0.4328402, 1.001294)
(-0.04709244, 0.433087, 1.000611)
(-0.04738045, 0.4333111, 0.9999616)
(-0.04704309, 0.4326193, 0.9983954)
(-0.04723096, 0.4326342, 0.9975762)
(-0.04730392, 0.4325747, 0.9967418)
(-0.04677081, 0.4322212, 0.9957044)
(-0.04666233, 0.4321227, 0.9953759)
(-0.04635024, 0.4318663, 0.9949639)
(-0.04582429, 0.4311821, 0.9938426)
(-0.04571533, 0.4308192, 0.9933047)
(-0.04571843, 0.4305533, 0.993)
(-0.04566145, 0.4300489, 0.9925096)
(-0.0454905, 0.4297683, 0.9928033)
(-0.04557037, 0.4296573, 0.9927943)
(-0.0458672, 0.4292966, 0.9920797)
(-0.04612684, 0.4290508, 0.9918718)
(-0.0461762, 0.4288709, 0.991714)
(-0.04602814, 0.4282582, 0.9907734)
(-0.04628706, 0.4282789, 0.9900928)
(-0.04653239, 0.4282274, 0.9895191)
(-0.04617214, 0.4279393, 0.989167)
(-0.04597878, 0.4278306, 0.9892116)
(-0.0459106, 0.4278758, 0.989301)
(-0.04583812, 0.427791, 0.989038)
(-0.04625773, 0.4278191, 0.9893568)
(-0.0465014, 0.4277385, 0.9892082)
(-0.04677606, 0.4273617, 0.9889922)
(-0.04712868, 0.4272159, 0.9887471)
(-0.04745507, 0.4271393, 0.9884377)
(-0.04758024, 0.4268862, 0.9879372)
(-0.04774308, 0.426847, 0.9874816)
(-0.04740644, 0.4268231, 0.9871328)
(-0.04723191, 0.4266397, 0.9869804)
(-0.04650402, 0.4267441, 0.9859211)
(-0.04671502, 0.4268776, 0.9854021)
(-0.04631758, 0.4270257, 0.9844031)
(-0.04615092, 0.4271837, 0.9837394)
(-0.04592824, 0.4277043, 0.9833052)
(-0.04605651, 0.428103, 0.9834518)
(-0.04560089, 0.4286112, 0.9833837)
(-0.04519534, 0.4290482, 0.9824567)
(-0.04482698, 0.4290684, 0.9813802)
(-0.04473138, 0.429203, 0.9801593)
(-0.04452372, 0.4292985, 0.9792063)
(-0.04426432, 0.4291563, 0.977927)
(-0.0442791, 0.4290788, 0.9770668)
(-0.04446411, 0.4289854, 0.976145)
(-0.04465604, 0.4288634, 0.9749994)
(-0.0450542, 0.4286134, 0.9743226)
(-0.04518914, 0.4282537, 0.974422)
(-0.04499125, 0.4280725, 0.9745457)
(-0.0445497, 0.4278793, 0.9755073)
(-0.04406857, 0.4278333, 0.9764414)
(-0.04420781, 0.4281011, 0.9767737)
(-0.04406238, 0.4281715, 0.9769692)
(-0.04409027, 0.4282703, 0.9767718)
(-0.04396558, 0.4285213, 0.9766455)
(-0.04395437, 0.4286561, 0.9762771)
(-0.04378819, 0.4287992, 0.9761622)
(-0.04380536, 0.4290404, 0.9762843)
(-0.04380226, 0.4290957, 0.9765546)
(-0.0436697, 0.4290888, 0.9765444)
(-0.04360867, 0.4290465, 0.9765131)
(-0.04377556, 0.4290054, 0.9767387)
(-0.04375172, 0.428954, 0.976701)
(-0.04372334, 0.4288874, 0.9770851)
(-0.04371452, 0.4288204, 0.9770801)
(-0.04371309, 0.4288135, 0.9770596)
(-0.04366732, 0.4286028, 0.9766676)
(-0.04376864, 0.4287244, 0.9766493)
(-0.04375315, 0.4286828, 0.9765058)
(-0.04402423, 0.429014, 0.9769955)
(-0.04396582, 0.4289824, 0.976934)
(-0.04388165, 0.4289716, 0.9768987)
(-0.04383707, 0.4290832, 0.9770112)
(-0.04376936, 0.4290727, 0.977031)
(-0.04368782, 0.4290594, 0.9770916)
(-0.04395533, 0.4290705, 0.9773417)
(-0.04393911, 0.4290916, 0.9773591)
(-0.04395103, 0.4290795, 0.9773505)
(-0.0441854, 0.4293685, 0.9775791)
(-0.04420257, 0.4293486, 0.9776185)
(-0.04422712, 0.4293293, 0.9776852)
(-0.04404116, 0.4292754, 0.9775558)
(-0.04407811, 0.4292444, 0.9775362)
