(1.13838, 0.4203814, 0.5121522)
(1.138498, 0.4204644, 0.512229)
(1.138501, 0.4205576, 0.512291)
(1.138696, 0.4207358, 0.5122685)
(1.138739, 0.4207966, 0.5122275)
(1.138824, 0.4207492, 0.512022)
(1.138813, 0.4206648, 0.5120676)
(1.138905, 0.4207618, 0.5120451)
(1.138988, 0.4208237, 0.5119898)
(1.138857, 0.420833, 0.512001)
(1.138965, 0.4209396, 0.5122442)
(1.139069, 0.4210451, 0.512342)
(1.139335, 0.4214065, 0.5122581)
(1.13945, 0.4216131, 0.5123336)
(1.139721, 0.4216899, 0.5123689)
(1.139791, 0.4218189, 0.5126545)
(1.139946, 0.4220287, 0.5128534)
(1.140171, 0.4222633, 0.5131142)
(1.140356, 0.4226607, 0.5133743)
(1.140567, 0.4233789, 0.5139487)
(1.140809, 0.4240214, 0.5144126)
(1.141155, 0.4255587, 0.5155845)
(1.141459, 0.4274645, 0.5171301)
(1.141994, 0.4288923, 0.5184803)
(1.142253, 0.4306598, 0.5198922)
(1.143227, 0.4331522, 0.522085)
(1.144259, 0.4366943, 0.5243423)
(1.145812, 0.4411701, 0.5271647)
(1.148223, 0.4463719, 0.530458)
(1.150684, 0.4510114, 0.5335155)
(1.153509, 0.4574753, 0.5377789)
(1.157387, 0.46681, 0.5411031)
(1.162672, 0.4767879, 0.5433567)
(1.167058, 0.4871174, 0.5470977)
(1.171391, 0.4969251, 0.5511329)
(1.175784, 0.5072306, 0.5562685)
(1.179529, 0.5169458, 0.562129)
(1.183348, 0.5269413, 0.5681424)
(1.186349, 0.5366071, 0.5768118)
(1.189077, 0.5458201, 0.5848455)
(1.191725, 0.5548379, 0.5948923)
(1.193446, 0.562578, 0.6043806)
(1.19602, 0.5694765, 0.6140518)
(1.199267, 0.577463, 0.6227822)
(1.200465, 0.5833396, 0.6334014)
(1.2032, 0.5894133, 0.6432068)
(1.205267, 0.5937393, 0.6549897)
(1.20654, 0.5984809, 0.6662128)
(1.208803, 0.6024934, 0.6769052)
(1.210813, 0.6053889, 0.6898179)
(1.211697, 0.6078197, 0.7023346)
(1.212623, 0.6090078, 0.7142949)
(1.21399, 0.6110379, 0.7263072)
(1.214214, 0.6113493, 0.7394083)
(1.214666, 0.6105939, 0.7522526)
(1.214854, 0.6088886, 0.7651579)
(1.214862, 0.6076254, 0.778218)
(1.215112, 0.6056495, 0.7907939)
(1.214706, 0.6029223, 0.8042583)
(1.214475, 0.6005404, 0.8162131)
(1.213938, 0.5973753, 0.8283203)
(1.213854, 0.5953956, 0.8400214)
(1.21334, 0.5929304, 0.8504353)
(1.21254, 0.5894254, 0.8613677)
(1.212047, 0.5867826, 0.8710847)
(1.211878, 0.5842205, 0.8791192)
(1.212364, 0.5820575, 0.8866882)
(1.211864, 0.5789633, 0.8947291)
(1.211981, 0.5767915, 0.9005399)
(1.212224, 0.5744953, 0.9056716)
(1.211659, 0.5712225, 0.911763)
(1.211609, 0.5685521, 0.9151843)
(1.211, 0.5651672, 0.9200349)
(1.210595, 0.5622504, 0.9230888)
(1.211138, 0.5592988, 0.9257286)
(1.211455, 0.5567153, 0.9280436)
(1.214105, 0.5526868, 0.9291108)
(1.218931, 0.5524101, 0.9291813)
(1.217689, 0.5599902, 0.9298861)
(1.217685, 0.5637211, 0.9313722)
(1.215253, 0.5624049, 0.9360194)
(1.214481, 0.5595113, 0.9398725)
(1.214144, 0.5557358, 0.9435298)
(1.214283, 0.5568928, 0.9430244)
(1.215454, 0.5557621, 0.941668)
(1.215703, 0.5568068, 0.9389102)
(1.214952, 0.5558728, 0.9393294)
(1.214187, 0.5557071, 0.9408054)
(1.213398, 0.5559279, 0.9422932)
(1.213261, 0.5557486, 0.942102)
(1.212899, 0.555524, 0.9417324)
(1.212731, 0.5557913, 0.9416933)
(1.212489, 0.5558037, 0.9420924)
(1.212267, 0.555517, 0.9418774)
(1.211786, 0.5553944, 0.941767)
(1.2115, 0.5553428, 0.9412904)
(1.21123, 0.5550368, 0.9407411)
(1.21087, 0.5551344, 0.9406834)
(1.210708, 0.5549943, 0.9404082)
(1.210265, 0.5547166, 0.9396188)
(1.209633, 0.5551686, 0.9394219)
(1.209362, 0.5552248, 0.9389873)
(1.209076, 0.5548694, 0.9383655)
(1.208835, 0.5548468, 0.9377959)
(1.211041, 0.5517136, 0.9342887)
(1.210807, 0.5516245, 0.9336991)
(1.210466, 0.551666, 0.9330091)
(1.210278, 0.5517578, 0.9325967)
(1.21014, 0.5516751, 0.9319811)
(1.209656, 0.5515783, 0.9311113)
(1.209785, 0.551496, 0.9307163)
(1.209609, 0.5514055, 0.9301045)
(1.209328, 0.5514382, 0.9294066)
(1.209295, 0.5513433, 0.9289026)
(1.209316, 0.5510497, 0.9285607)
(1.209428, 0.5508956, 0.9281039)
(1.209553, 0.5506163, 0.92734)
(1.20947, 0.5505933, 0.926836)
(1.209177, 0.550452, 0.9266124)
(1.208818, 0.5505022, 0.9264808)
(1.208758, 0.5502927, 0.9263635)
(1.208696, 0.5501237, 0.9260979)
(1.208895, 0.5500288, 0.9257331)
(1.209033, 0.5501794, 0.9258494)
(1.208844, 0.5500573, 0.9256558)
(1.20898, 0.5498748, 0.9255676)
(1.209087, 0.5498815, 0.925174)
(1.209061, 0.549978, 0.9248796)
(1.209058, 0.5501223, 0.9246917)
(1.209046, 0.5501988, 0.9247894)
(1.209023, 0.5502279, 0.9247756)
(1.209289, 0.5503387, 0.9250021)
(1.209329, 0.5504401, 0.9252577)
(1.209357, 0.550598, 0.9253392)
(1.209595, 0.5505662, 0.9255006)
(1.209809, 0.5507479, 0.9256847)
(1.209736, 0.5507923, 0.925601)
(1.210034, 0.5509017, 0.9258409)
(1.210155, 0.5509171, 0.9262848)
(1.210368, 0.5510148, 0.9267898)
(1.210511, 0.5510547, 0.9273298)
(1.210724, 0.5510737, 0.9277382)
(1.210904, 0.551072, 0.9281812)
(1.211357, 0.5512248, 0.9289255)
(1.211677, 0.5514374, 0.9294612)
(1.21188, 0.5518258, 0.929991)
(1.212128, 0.5521897, 0.9308441)
(1.211948, 0.5526174, 0.9321649)
(1.212024, 0.5533068, 0.9334307)
(1.212216, 0.5539399, 0.9341547)
(1.212837, 0.5549653, 0.9341826)
(1.213076, 0.5560011, 0.9344029)
(1.213493, 0.5575361, 0.934571)
(1.213987, 0.5587755, 0.9348714)
(1.214509, 0.5604306, 0.9354959)
(1.215232, 0.562178, 0.9362843)
(1.2162, 0.5644277, 0.9375734)
(1.216572, 0.5678387, 0.9391561)
(1.217186, 0.5713516, 0.9406509)
(1.217495, 0.5748643, 0.9422696)
(1.217232, 0.5792152, 0.9442186)
(1.217612, 0.5840713, 0.9468284)
(1.217758, 0.5880266, 0.9492412)
(1.217581, 0.593374, 0.9529288)
(1.217773, 0.5980215, 0.9561958)
(1.217437, 0.6031241, 0.9600987)
(1.217202, 0.6076903, 0.9642799)
(1.217427, 0.612137, 0.9683549)
(1.217614, 0.6173038, 0.9722552)
(1.218247, 0.6225941, 0.9757938)
(1.218763, 0.6290696, 0.9784238)
(1.21962, 0.6355777, 0.9800847)
(1.221596, 0.6427144, 0.9797778)
(1.224857, 0.6508452, 0.9794326)
(1.22699, 0.6580694, 0.9806104)
(1.229079, 0.6687342, 0.980634)
(1.230337, 0.6780158, 0.9818707)
(1.231713, 0.6869427, 0.9827535)
(1.232737, 0.6958272, 0.9841824)
(1.234667, 0.7057836, 0.9856906)
(1.2372, 0.7157017, 0.9871957)
(1.239812, 0.7257103, 0.9890893)
(1.242168, 0.73536, 0.9911566)
(1.244654, 0.7445725, 0.9937353)
(1.246814, 0.7538322, 0.9971216)
(1.248779, 0.7618794, 1.001061)
(1.251673, 0.7695405, 1.004681)
(1.253972, 0.7764622, 1.008739)
(1.255923, 0.7821463, 1.013856)
(1.258481, 0.7876867, 1.017952)
(1.260218, 0.7896467, 1.023707)
(1.261801, 0.7931081, 1.029488)
(1.263383, 0.7945004, 1.034958)
(1.26431, 0.7935616, 1.041954)
(1.264702, 0.7940581, 1.048643)
(1.265366, 0.7923381, 1.055055)
(1.266043, 0.7904261, 1.062236)
(1.265682, 0.7872151, 1.070779)
(1.265516, 0.7832277, 1.078278)
(1.264928, 0.7783359, 1.086308)
(1.264743, 0.7736266, 1.094352)
(1.263872, 0.7678058, 1.102855)
(1.262622, 0.7610054, 1.11247)
(1.261644, 0.7553573, 1.121004)
(1.259724, 0.7492918, 1.129935)
(1.25814, 0.7437732, 1.138359)
(1.256564, 0.7378983, 1.146309)
(1.254417, 0.7323811, 1.154574)
(1.252917, 0.7276403, 1.161469)
(1.252187, 0.7222564, 1.167807)
(1.250438, 0.7174242, 1.174691)
(1.248945, 0.7133582, 1.180819)
(1.248135, 0.7096809, 1.185136)
(1.246329, 0.7061791, 1.190256)
(1.244932, 0.7034634, 1.194249)
(1.244319, 0.7008641, 1.197023)
(1.24267, 0.6978506, 1.200843)
(1.243287, 0.6959614, 1.203365)
(1.244517, 0.695528, 1.202719)
(1.244839, 0.6965199, 1.198051)
(1.246098, 0.6967256, 1.190461)
(1.246801, 0.6968964, 1.189002)
(1.246473, 0.6940117, 1.192035)
(1.246245, 0.6925472, 1.193854)
(1.244634, 0.6942939, 1.196125)
(1.24499, 0.6956054, 1.196107)
(1.244365, 0.6953971, 1.195969)
(1.24382, 0.694352, 1.194706)
(1.243235, 0.6946864, 1.194108)
(1.242897, 0.6944025, 1.194479)
(1.242693, 0.694227, 1.194621)
(1.242953, 0.6942018, 1.194141)
(1.24297, 0.693927, 1.193612)
(1.242889, 0.6937938, 1.19313)
(1.242889, 0.6935892, 1.19281)
(1.242643, 0.6933755, 1.192674)
(1.242442, 0.6933033, 1.19283)
(1.242008, 0.6932935, 1.193187)
(1.241675, 0.6932132, 1.193444)
(1.241587, 0.6930463, 1.193626)
(1.241622, 0.6932139, 1.193591)
(1.241559, 0.6932832, 1.193658)
(1.241645, 0.6932853, 1.193759)
(1.241742, 0.6934669, 1.193842)
(1.241674, 0.6935513, 1.194131)
(1.241778, 0.6935185, 1.194315)
(1.241661, 0.6935567, 1.194684)
(1.241531, 0.6935959, 1.194954)
(1.241454, 0.6937265, 1.195251)
(1.241562, 0.6938504, 1.195433)
(1.241605, 0.6939285, 1.195607)
(1.241915, 0.6937542, 1.195679)
(1.242041, 0.6938294, 1.195956)
(1.242014, 0.6938831, 1.196097)
(1.242077, 0.6940762, 1.196485)
(1.242131, 0.6941155, 1.196676)
(1.242224, 0.6942047, 1.196825)
(1.242388, 0.6942133, 1.196896)
