(-10479.71, 204.5912, 306.5366)
(-3.361366, 107.0571, 77.44551)
(-4.155337, 123.7073, 57.1468)
(-54.51995, 202.896, 13.52745)
(-0.04130694, 172.0347, 47.1997)
(-24.58937, 164.7842, 29.47872)
(0, 0, 0)
(-50.45005, 179.7744, 12.59648)
(-67.30242, 256.8581, 35.93666)
(-38.79394, 144.8035, 26.81713)
(-38.91064, 97.15788, 13.7687)
(-40.34972, 112.0706, 13.8761)
(-64.29614, 210.0437, 22.24297)
(-51.89892, 125.1831, -3.610331)
(-56.82914, 128.243, -0.4038793)
(-31.72745, 83.25763, 4.490067)
(-51.38639, 78.66351, -9.08488)
(-41.7039, 30.62783, -16.65299)
(-53.94277, 14.07145, -22.87476)
(-48.59345, -2.970477, -21.47326)
(-54.18239, -10.26741, -25.53851)
(-39.43481, -18.03178, -18.83255)
(-36.46601, -14.13139, -18.76388)
(-52.95089, -53.30262, -34.59273)
(-69.22247, -95.00127, -51.70685)
(-47.28414, -89.05891, -41.67908)
(-51.4063, -139.3704, -53.45117)
(-29.31261, -85.2602, -29.62768)
(-32.20668, -98.68492, -31.20707)
(-36.62822, -117.1855, -37.32975)
(-62.67203, -232.1851, -64.50191)
(-29.50384, -144.6307, -36.34295)
(-31.77109, -136.3485, -41.31805)
(-32.26748, -116.9894, -34.82394)
(-18.4074, -115.2597, -26.22798)
(-30.98576, -140.3839, -38.8231)
(-46.41813, -258.4168, -68.10466)
(-7.217024, -170.3952, -38.03354)
(-14.42854, -174.6866, -47.20763)
(-15.03013, -127.2108, -31.6646)
(-4.61971, -107.1724, -19.01043)
(-18.98723, -106.4772, -23.5577)
(-33.00055, -163.8017, -14.57464)
(-21.87229, -104.7523, -17.93984)
(-36.08913, -148.9146, -34.95519)
(-4.352728, -64.03072, -8.458259)
(-5.625961, -58.9525, -8.722069)
(-5.057445, -163.6311, 2.418447)
(0, 0, 0)
