(18.43177, -3.470659, 151.101)
(18.43256, -3.448272, 151.1448)
(18.42881, -3.444886, 151.1757)
(18.43605, -3.456116, 151.1838)
(18.44744, -3.42629, 151.1921)
(18.43916, -3.424954, 151.176)
(18.43488, -3.423858, 151.1626)
(18.4472, -3.400302, 151.1798)
(18.42395, -3.397489, 151.205)
(18.42632, -3.404117, 151.22)
(18.41993, -3.399992, 151.2257)
(18.43698, -3.397846, 151.2051)
(18.42995, -3.395677, 151.2075)
(18.42002, -3.400803, 151.1955)
(18.40959, -3.400493, 151.1884)
(18.41689, -3.418398, 151.1832)
(18.41364, -3.396964, 151.2011)
(18.42179, -3.401637, 151.1897)
(18.42928, -3.413463, 151.1844)
(18.42468, -3.411388, 151.172)
(18.40954, -3.416967, 151.1732)
(18.41998, -3.442383, 151.1861)
(18.43336, -3.418946, 151.1954)
(18.40361, -3.416729, 151.2195)
(18.39041, -3.422642, 151.2225)
(18.40823, -3.396797, 151.2355)
(18.41441, -3.397512, 151.2186)
(18.41948, -3.389668, 151.1723)
(18.42216, -3.39613, 151.1585)
(18.40913, -3.395629, 151.1604)
(18.39784, -3.408456, 151.1858)
(18.39675, -3.399944, 151.1951)
(18.3905, -3.39992, 151.1972)
(18.38567, -3.409314, 151.1916)
(18.38671, -3.407717, 151.1802)
(18.38434, -3.407001, 151.1693)
(18.37546, -3.406954, 151.157)
(18.36439, -3.41084, 151.1511)
(18.34239, -3.414011, 151.172)
(18.35024, -3.428888, 151.1895)
(18.37281, -3.387547, 151.2231)
(18.35641, -3.394508, 151.2306)
(18.3421, -3.39067, 151.192)
(18.33158, -3.383517, 151.1884)
(18.33039, -3.383708, 151.1566)
(18.33411, -3.397632, 151.1598)
