(306.2971, 81.44064, 331.919)
(305.2227, 78.37888, 334.4734)
(304.9171, 75.54887, 336.8947)
(305.024, 73.09716, 338.9741)
(305.7878, 73.43508, 338.6145)
(306.5178, 76.25659, 336.0504)
(306.5001, 78.92304, 333.693)
(306.1868, 79.81425, 332.8904)
(305.386, 79.17042, 333.4067)
(305.1075, 77.82605, 334.6624)
(305.0981, 76.82697, 335.5481)
(305.1721, 76.07042, 336.1752)
(305.1446, 76.87154, 335.4877)
(305.0137, 78.10722, 334.5262)
(304.3588, 78.55595, 334.2099)
(303.7358, 78.73213, 333.9487)
(303.6883, 78.79045, 333.8805)
(303.9366, 78.25468, 334.4689)
(304.087, 77.72231, 334.8867)
(304.1461, 77.90266, 334.7009)
(303.9348, 78.14883, 334.4825)
(303.8115, 78.78725, 333.7896)
(303.9409, 78.89701, 333.7617)
(303.689, 78.4322, 334.1629)
(303.7187, 78.88149, 333.6861)
(303.744, 78.85992, 333.7944)
(303.3964, 78.6313, 333.9398)
(303.5601, 78.30553, 334.2607)
(303.8595, 78.30832, 334.2147)
(304.0729, 78.40886, 334.1234)
(303.9734, 78.76268, 333.7688)
(303.6064, 79.28224, 333.2878)
(303.6508, 79.23589, 333.4162)
(303.7552, 78.92368, 333.6724)
(304.1311, 79.37195, 333.3977)
(304.3535, 79.39265, 333.4243)
(304.0238, 79.3252, 333.3795)
(303.7248, 79.50287, 333.2343)
(303.7543, 79.72472, 333.0784)
(304.1207, 79.51647, 333.1833)
(304.3702, 79.70725, 332.9789)
(304.4117, 80.03101, 332.7972)
(304.4265, 80.45767, 332.4762)
(304.1948, 79.75506, 333.0714)
(304.219, 79.79829, 332.9494)
(304.4183, 80.00937, 332.8367)
(304.3649, 80.07195, 332.7665)
(304.3515, 79.99604, 332.7351)
(304.3284, 80.29522, 332.4807)
(304.3182, 80.24932, 332.5145)
(304.418, 80.42881, 332.3653)
(304.4153, 80.6259, 332.2587)
(304.2563, 80.17312, 332.6055)
