(-159.7612, 4.104519, 30.66914)
(-159.5964, 5.683208, 32.61378)
(-159.481, 6.950355, 33.93452)
(-159.42, 8.288884, 35.48505)
(-159.0204, 12.0755, 37.75726)
(-158.7992, 13.66782, 39.02819)
(-158.6359, 15.37642, 39.92593)
(-158.1745, 20.76571, 44.19588)
(-158.144, 22.6293, 45.56808)
(-157.9935, 24.49588, 46.76708)
(-157.4828, 28.05161, 49.05682)
(-157.3206, 29.81677, 50.1754)
(-157.1336, 31.42925, 51.27549)
(-156.9063, 32.8475, 52.31773)
(-156.7769, 34.38224, 53.2891)
(-156.5426, 35.59056, 54.21438)
(-156.2164, 37.84299, 55.92672)
(-155.8185, 39.05443, 57.46765)
(-155.7227, 39.53594, 58.13184)
(-155.4073, 39.62848, 59.45174)
(-155.3671, 39.79884, 60.07173)
(-155.2784, 39.68316, 60.7089)
(-155.2936, 38.68848, 61.72354)
(-155.3519, 37.62809, 62.13235)
(-155.3856, 36.58581, 62.52579)
(-155.5867, 34.16367, 63.21192)
(-155.7024, 32.54397, 63.45315)
(-156.0802, 28.90383, 63.96507)
(-156.3786, 25.22459, 64.40604)
(-156.5589, 23.42854, 64.60991)
(-156.7013, 21.51812, 64.7226)
(-156.6443, 19.69734, 64.98676)
(-156.3766, 16.26661, 65.48869)
(-156.4115, 14.64245, 65.67576)
(-156.3154, 13.24658, 65.82944)
(-156.214, 11.80985, 65.96359)
(-155.648, 10.48884, 66.31084)
(-154.2641, 7.475638, 67.31391)
(-154.2641, 7.475638, 67.31391)
(-153.7799, 6.301165, 68.04678)
(-153.7767, 5.618048, 68.35412)
(-153.6209, 4.973125, 68.54655)
(-153.6774, 4.420042, 68.88132)
(-153.7026, 4.224467, 68.77699)
(-153.6843, 4.118991, 68.74173)
(-153.6621, 3.97048, 68.64993)
(-153.5961, 3.470683, 68.33589)
(-153.5319, 2.672935, 68.03915)
