(-406.073, 313.4983, 12813.16)
(-64.36278, 178.8177, 15.30479)
(-51.71019, 167.4408, 31.94341)
(-67.95484, 155.12, 13.18567)
(-108.5589, 164.5359, 31.98563)
(-86.80425, 156.3226, 18.46811)
(-98.12427, 153.4802, 24.66414)
(-90.57986, 151.8496, 24.30545)
(-105.3299, 152.9099, 22.91344)
(-91.79751, 138.8111, 30.04321)
(-85.12635, 135.3796, 28.26529)
(-95.32532, 140.4457, 17.3585)
(-89.39704, 128.3695, 39.48066)
(-93.65529, 111.4429, 46.35839)
(-104.0607, 109.4551, 44.52517)
(-94.30688, 95.58456, 69.49284)
(-92.07247, 84.83775, 65.0373)
(-94.99957, 69.79897, 65.23126)
(-72.09537, 53.04401, 86.30527)
(-62.04326, 27.71959, 80.4439)
(-60.23646, 15.7421, 70.81953)
(-55.6312, 9.198367, 76.15942)
(-41.36205, -64.27718, 80.56513)
(-54.86168, -33.9016, 62.73033)
(-45.39873, -60.87397, 74.36783)
(-40.24979, -69.99687, 94.63042)
(-34.15133, -61.52577, 89.69114)
(-18.38074, -84.89199, 100.6139)
(-15.86045, -102.1061, 100.9418)
(-18.64893, -107.6729, 106.2867)
(-19.01675, -100.7913, 104.3387)
(-15.81398, -121.4368, 114.5287)
(-18.82744, -111.0119, 113.5558)
(-20.7203, -114.631, 110.0453)
(-14.77507, -121.7251, 107.1458)
(-3.517224, -118.8351, 124.4769)
(-12.12258, -117.1089, 110.0964)
(-11.14278, -118.1202, 112.1488)
(2.411285, -120.0687, 125.7374)
(-20.84174, -114.1477, 114.0365)
(-27.82112, -118.7838, 114.1486)
(-10.45431, -122.1779, 119.6482)
(-21.40913, -123.3657, 107.9482)
(-19.81183, -117.7319, 102.4907)
(-15.97347, -102.3925, 117.0786)
(-27.19476, -74.14287, 107.2956)
(-27.3974, -55.97613, 94.41209)
(-18.21108, -51.4157, 101.6942)
(-29.401, -77.70271, 80.93525)
(-15.90841, -57.18026, 72.88332)
