(5.451039, 0.1267157, 5.675437)
(5.451039, 0.1267157, 5.675437)
(5.451039, 0.1267157, 5.675437)
(5.451039, 0.1267157, 5.675437)
(5.451039, 0.1267157, 5.675437)
(5.451039, 0.1267157, 5.675437)
(5.451039, 0.1267157, 5.675437)
(5.451039, 0.1267157, 5.675437)
(5.451039, 0.1267157, 5.675437)
(5.451039, 0.1267157, 5.675437)
(5.451039, 0.1267157, 5.675437)
(5.451039, 0.1267157, 5.675437)
(5.451039, 0.1267157, 5.675437)
(5.451039, 0.1267157, 5.675437)
(5.451039, 0.1267157, 5.675437)
(5.451039, 0.1267157, 5.675437)
(5.451039, 0.1267157, 5.675437)
(5.451039, 0.1267157, 5.675437)
(5.451039, 0.1267157, 5.675437)
(5.451039, 0.1267157, 5.675437)
(5.451039, 0.1267157, 5.675437)
(5.451039, 0.1267157, 5.675437)
(5.451039, 0.1267157, 5.675437)
(5.451039, 0.1267157, 5.675437)
(5.451039, 0.1267157, 5.675437)
(5.451039, 0.1267157, 5.675437)
(5.451039, 0.1267157, 5.675437)
(5.451039, 0.1267157, 5.675437)
(5.451039, 0.1267157, 5.675437)
(5.451039, 0.1267157, 5.675437)
(5.451039, 0.1267157, 5.675437)
(5.451039, 0.1267157, 5.675437)
(5.451039, 0.1267157, 5.675437)
(5.451039, 0.1267157, 5.675437)
(5.451039, 0.1267157, 5.675437)
(5.451039, 0.1267157, 5.675437)
(5.451039, 0.1267157, 5.675437)
(5.451039, 0.1267157, 5.675437)
(5.451039, 0.1267157, 5.675437)
(5.451039, 0.1267157, 5.675437)
(5.451039, 0.1267157, 5.675437)
(5.451039, 0.1267157, 5.675437)
(5.451039, 0.1267157, 5.675437)
(5.451039, 0.1267157, 5.675437)
(5.451039, 0.1267157, 5.675437)
(5.451039, 0.1267157, 5.675437)
(5.451039, 0.1267157, 5.675437)
(5.451039, 0.1267157, 5.675437)
(5.451039, 0.1267157, 5.675437)
(5.451039, 0.1267157, 5.675437)
(5.451039, 0.1267157, 5.675437)
(5.451039, 0.1267157, 5.675437)
(5.451039, 0.1267157, 5.675437)
(5.451039, 0.1267157, 5.675437)
(5.451039, 0.1267157, 5.675437)
(5.451039, 0.1267157, 5.675437)
(5.451039, 0.1267157, 5.675437)
(5.451039, 0.1267157, 5.675437)
(5.451039, 0.1267157, 5.675437)
(5.451039, 0.1267157, 5.675437)
(5.451039, 0.1267157, 5.675437)
(5.451039, 0.1267157, 5.675437)
(5.451039, 0.1267157, 5.675437)
(5.451039, 0.1267157, 5.675437)
(5.451039, 0.1267157, 5.675437)
(5.451039, 0.1267157, 5.675437)
(5.451039, 0.1267157, 5.675437)
(5.451039, 0.1267157, 5.675437)
(5.451039, 0.1267157, 5.675437)
(5.451039, 0.1267157, 5.675437)
(5.451039, 0.1267157, 5.675437)
(5.451039, 0.1267157, 5.675437)
(5.451039, 0.1267157, 5.675437)
(5.451039, 0.1267157, 5.675437)
(5.451039, 0.1267157, 5.675437)
(5.451039, 0.1267157, 5.675437)
(5.451039, 0.1267157, 5.675437)
(5.28112, 0.09451168, 5.928332)
(5.281147, 0.09594601, 5.926761)
(5.278523, 0.09922425, 5.919038)
(5.283897, 0.09612301, 5.92432)
(5.284443, 0.0967569, 5.923624)
(5.28488, 0.09521545, 5.925143)
(5.284853, 0.09927261, 5.920768)
(5.284695, 0.1006347, 5.9197)
(5.283009, 0.09829083, 5.921727)
(5.283955, 0.1030062, 5.916716)
(5.283187, 0.1066432, 5.912922)
(5.281302, 0.1045537, 5.913946)
(5.279932, 0.1060779, 5.912195)
(5.280809, 0.10796, 5.910583)
(5.281798, 0.1048748, 5.913865)
(5.28406, 0.1060746, 5.913486)
(5.284947, 0.1055668, 5.914529)
(5.28472, 0.1026538, 5.917761)
(5.284117, 0.1027012, 5.917312)
(5.28638, 0.1046784, 5.916286)
(5.287893, 0.1021945, 5.91872)
(5.289085, 0.1013324, 5.919803)
(5.288927, 0.0981531, 5.923662)
(5.291994, 0.09523449, 5.92678)
(5.293718, 0.09427005, 5.928373)
(5.294758, 0.09567101, 5.926725)
(5.296204, 0.0947563, 5.927564)
(5.295045, 0.09475519, 5.926512)
(5.295241, 0.09598951, 5.924353)
(5.296588, 0.099828, 5.918343)
(5.296758, 0.09843481, 5.919294)
(5.299042, 0.09679209, 5.920312)
(5.300281, 0.09617451, 5.921287)
(5.303758, 0.09385109, 5.922836)
(5.305509, 0.09141787, 5.924355)
(5.306771, 0.0896885, 5.923785)
(5.310097, 0.08574712, 5.925988)
(5.317996, 0.08068598, 5.929298)
(5.326048, 0.07420538, 5.932701)
(5.33725, 0.06567439, 5.931332)
(5.362096, 0.07654829, 5.926516)
(5.419171, 0.09571654, 5.921153)
(5.488577, 0.1099003, 5.91571)
(5.530416, 0.1290787, 5.911647)
(5.563745, 0.1771619, 5.89095)
(5.586782, 0.191732, 5.90942)
(5.673175, 0.164467, 5.957201)
(5.75616, 0.1547686, 5.976928)
(5.824231, 0.1469336, 6.002944)
(5.859168, 0.1480331, 5.999184)
(5.912841, 0.1408624, 5.996913)
(5.95256, 0.1289864, 5.981626)
(5.92031, 0.1518196, 5.960389)
(5.884286, 0.1858214, 5.95455)
(5.959469, 0.2188857, 5.972995)
(6.159239, 0.06811725, 6.037921)
(6.075178, 0.1269251, 6.030053)
(6.028001, 0.2263294, 5.996913)
(6.000847, 0.3669547, 5.934978)
(6.103176, 0.307755, 5.971848)
(6.147529, 0.2863176, 6.004918)
(6.175315, 0.2505398, 6.017552)
(6.245147, 0.1989861, 6.015444)
(0.007936775, 0.1295034, 6.002193)
(0.05101427, 0.09191483, 5.974061)
(0.1109069, 0.09329895, 5.952827)
(0.1819305, 0.1277932, 5.935595)
(0.2493573, 0.1540822, 5.94995)
(0.2493573, 0.1540822, 5.94995)
(0.3251364, 0.1682976, 5.974831)
(0.3522215, 0.1659709, 5.973241)
(0.3746227, 0.155429, 5.962413)
(0.3918162, 0.1560933, 5.954113)
(0.4084791, 0.1612999, 5.94765)
(0.4219135, 0.1741866, 5.948259)
(0.4223854, 0.1993187, 5.946165)
(0.4080042, 0.2311592, 5.950223)
(0.3874176, 0.2557316, 5.957643)
(0.3341614, 0.276894, 5.960746)
(0.2389093, 0.2916203, 5.95472)
(0.1294827, 0.3024091, 5.948688)
(0.04305749, 0.3121743, 5.937494)
(6.231949, 0.3310058, 5.925257)
(6.164144, 0.3454681, 5.928286)
(6.102228, 0.3547541, 5.936069)
(6.042466, 0.3593842, 5.945683)
(5.974762, 0.3616822, 5.944393)
(5.889649, 0.3513598, 5.922416)
(5.819921, 0.3478432, 5.906544)
(5.761486, 0.3294186, 5.896562)
(5.701347, 0.3181186, 5.888144)
(5.651583, 0.3227223, 5.867579)
(5.591349, 0.3205477, 5.857905)
(5.527823, 0.3242634, 5.84299)
(5.463249, 0.3171995, 5.836185)
(5.398742, 0.30555, 5.833485)
(5.341218, 0.2984555, 5.822566)
(5.294472, 0.2830529, 5.814578)
(5.248022, 0.277301, 5.80344)
(5.216523, 0.2832397, 5.792923)
(5.188475, 0.2988356, 5.782037)
(5.162134, 0.3381881, 5.771036)
(5.120965, 0.352811, 5.793161)
(5.08597, 0.3706316, 5.80177)
(5.076345, 0.3398392, 5.840301)
(5.076571, 0.3233542, 5.853065)
(5.079429, 0.3281327, 5.850146)
(5.095617, 0.3574547, 5.822897)
(5.156301, 0.4739735, 5.733097)
(5.211415, 0.3276007, 5.897032)
(5.182654, 0.3392125, 5.882029)
(5.153822, 0.3489618, 5.801668)
(5.367914, 0.2832181, 5.802379)
(5.401753, 0.1796933, 5.891417)
(5.401753, 0.1796933, 5.891417)
(5.173981, 0.2406937, 5.908999)
(5.047599, 0.3159269, 5.804104)
(5.076297, 0.5028976, 5.609529)
(5.132924, 0.4167184, 5.719551)
(5.254968, 0.388246, 5.76654)
(5.282951, 0.2476885, 5.873367)
(5.315042, 0.2454169, 5.901515)
(5.222206, 0.3038239, 5.849739)
(5.190505, 0.273482, 5.853065)
(5.173698, 0.2518134, 5.866575)
(5.185656, 0.2422698, 5.877744)
(5.211197, 0.2145494, 5.912895)
(5.20808, 0.240565, 5.888818)
(5.205733, 0.2254625, 5.902948)
(5.225913, 0.2394072, 5.888056)
(5.241538, 0.2478344, 5.885436)
(5.259422, 0.238198, 5.901377)
(5.279845, 0.2384773, 5.908968)
(5.27725, 0.2357611, 5.91206)
(5.255666, 0.2238034, 5.916996)
(5.245526, 0.2292844, 5.910393)
(5.246604, 0.2408251, 5.899015)
(5.247777, 0.2446418, 5.897356)
(5.251692, 0.2269589, 5.914276)
(5.267408, 0.2309812, 5.914422)
(5.274036, 0.2308744, 5.916741)
(5.257287, 0.230948, 5.914646)
(5.253899, 0.2305887, 5.913978)
(5.253852, 0.2319704, 5.913783)
(5.256975, 0.2345219, 5.91174)
(5.263977, 0.2329209, 5.915154)
(5.266697, 0.2327641, 5.916718)
(5.263606, 0.2316958, 5.918644)
(5.258584, 0.2329006, 5.916381)
(5.260048, 0.2356913, 5.913732)
(5.261108, 0.2336552, 5.917896)
(5.263585, 0.2333359, 5.918864)
(5.263686, 0.230231, 5.924599)
(5.261391, 0.2285962, 5.926258)
(5.261707, 0.2281775, 5.928196)
(5.264064, 0.2287653, 5.929237)
(5.262885, 0.2283049, 5.9298)
(5.260046, 0.2238489, 5.935028)
(5.261151, 0.2210968, 5.938197)
(5.262671, 0.2256627, 5.935981)
(5.264058, 0.2226193, 5.939931)
(5.2641, 0.2179181, 5.946475)
(5.263495, 0.213995, 5.952016)
(5.26057, 0.2090102, 5.958479)
(5.257871, 0.2025639, 5.965113)
(5.255147, 0.2039839, 5.965953)
(5.252042, 0.2038131, 5.966784)
(5.249847, 0.1997745, 5.972737)
(5.247379, 0.1963917, 5.978369)
(5.240844, 0.1936569, 5.982091)
(5.233737, 0.1905481, 5.988909)
(5.22795, 0.2052219, 5.975587)
(5.215941, 0.2198106, 5.958001)
(5.204151, 0.219718, 5.95611)
(5.196796, 0.2258809, 5.944373)
(5.20045, 0.2207137, 5.951208)
(5.208948, 0.2128173, 5.957028)
(5.219134, 0.2150092, 5.957875)
(5.215076, 0.2138427, 5.95919)
(5.203688, 0.2080754, 5.957451)
(5.204152, 0.2091973, 5.956565)
(5.20939, 0.209707, 5.957851)
(5.214745, 0.2091471, 5.958932)
(5.211283, 0.2071304, 5.960276)
(5.20883, 0.2115722, 5.956188)
(5.207013, 0.2163213, 5.951124)
(5.203152, 0.2198465, 5.947058)
(5.200904, 0.2218658, 5.944437)
(5.205044, 0.2199268, 5.948331)
(5.207223, 0.2221236, 5.946218)
(5.206581, 0.2200007, 5.947753)
(5.205205, 0.2207232, 5.947327)
(5.205363, 0.2243271, 5.944279)
(5.205403, 0.2242932, 5.944364)
(5.204229, 0.2231628, 5.944593)
(5.204556, 0.225988, 5.941683)
(5.20572, 0.2280655, 5.937784)
(5.211926, 0.2306074, 5.934952)
(5.214534, 0.2257457, 5.938997)
(5.22192, 0.2238224, 5.938859)
(5.220721, 0.2126414, 5.942895)
(5.221461, 0.2227886, 5.933924)
(5.259509, 0.2328628, 5.924976)
(5.287124, 0.215729, 5.94689)
(5.281233, 0.202544, 5.948012)
(5.208946, 0.1919271, 5.951904)
(5.217594, 0.2216483, 5.92535)
(5.260972, 0.2174292, 5.933386)
(5.270445, 0.1988709, 5.954036)
(5.265481, 0.2003853, 5.949272)
(5.266336, 0.2204346, 5.930687)
(5.26831, 0.2294812, 5.920337)
(5.264588, 0.2224946, 5.926985)
(5.262833, 0.2176451, 5.932742)
(5.263498, 0.2074404, 5.942839)
(5.265069, 0.2108971, 5.940232)
(5.266573, 0.2196775, 5.931614)
(5.264565, 0.2196154, 5.931229)
(5.263431, 0.2160493, 5.934788)
(5.264937, 0.2136591, 5.937497)
(5.266461, 0.21446, 5.937196)
(5.267934, 0.2181494, 5.933891)
(5.268003, 0.2199101, 5.932618)
(5.265471, 0.2196812, 5.932546)
(5.264646, 0.2181538, 5.934268)
(5.266484, 0.2190451, 5.934211)
