(-4767.833, 211.0628, 3348.75)
(24.29638, 27.1475, -9.41639)
(8.387757, 22.72387, -4.708817)
(-24.85426, 96.86395, -27.01206)
(0, 0, 0)
(-87.97831, 209.4205, -21.35434)
(-56.52297, 100.8234, -11.82289)
(-15.59651, 80.05667, -14.90649)
(-25.10669, 70.78152, -2.098702)
(-26.24849, 32.64755, 5.044703)
(-38.4793, 28.62288, 5.06232)
(-49.32664, 34.14955, 1.866478)
(-69.36754, 40.15523, 20.10771)
(-64.0541, 56.86031, 12.94148)
(-89.8617, 64.39204, 37.25978)
(-89.89864, 62.38459, 23.88369)
(-93.68942, 57.36827, 11.7609)
(0, 0, 0)
(-187.6463, 99.38597, 32.04587)
(-135.2317, 64.19194, 13.21752)
(-173.7871, 42.91961, 14.14426)
(-127.3372, 23.25359, 16.72395)
(-120.2647, 17.42098, 8.403474)
(-123.3654, 20.43486, 3.208152)
(-129.3848, 34.52103, 5.667361)
(-129.7847, 42.0961, 1.229187)
(-129.5281, 27.57562, -17.03191)
(-123.1268, 28.83611, -9.114857)
(-115.6767, 17.46712, -13.49171)
(-111.0625, 10.82543, -16.49393)
(-43.42119, 2.147993, -3.649104)
(-187.6329, 2.913678, -15.30739)
(-72.39781, -1.314821, -2.534513)
(-78.52101, 8.305086, -4.72601)
(-70.47722, -6.776407, -7.829723)
(-54.54437, 1.593171, 0.6077613)
(-46.27901, 2.35816, 3.385889)
(-53.50678, -13.73126, -1.198111)
(-28.49952, -17.6384, 1.532256)
(-27.10248, -20.74681, 3.497588)
(-22.86929, -34.26451, 3.154827)
(-13.26482, -40.51766, 5.110781)
(-16.01175, -25.44526, 3.690403)
(-8.687617, -42.55966, 12.85064)
(0, 0, 0)
(-4.382923, -58.22249, 23.14578)
(2.179466, -37.95509, 8.345737)
