(0.05254615608506788, 1.2644283325791863, 0.7161958182805431)
(0.05254615608506788, 1.2645404740880974, 0.7162959477539941)
(0.05254615608506788, 1.2646467474859182, 0.7163956633591284)
(0.05254615608506788, 1.2647471527726482, 0.7164949650959462)
(0.05254615608506788, 1.2648416899482877, 0.7165938529644474)
(0.05254615608506788, 1.2649303590128365, 0.7166923269646321)
(0.05254615608506788, 1.2650131599662948, 0.7167903870965003)
(0.05254615608506788, 1.2650900928086626, 0.7168880333600519)
(0.05254615608506788, 1.2651611575399395, 0.7169852657552869)
(0.05254615608506788, 1.265226354160126, 0.7170820842822053)
(0.05254615608506788, 1.265285682669222, 0.7171784889408073)
(0.05254615608506788, 1.2653391430672274, 0.7172744797310926)
(0.05254615608506788, 1.2653867353541421, 0.7173700566530614)
(0.05254615608506788, 1.2654284595299663, 0.7174652197067136)
(0.05254615608506788, 1.2654643155946999, 0.7175599688920493)
(0.05254615608506788, 1.2654943035483428, 0.7176543042090684)
(0.05254615608506788, 1.2655184233908952, 0.717748225657771)
(0.05254615608506788, 1.2655366751223571, 0.7178417332381569)
(0.05254615608506788, 1.2655490587427283, 0.7179348269502264)
(0.05254615608506788, 1.2655555742520088, 0.7180275067939793)
(0.05254615608506788, 1.265556221650199, 0.7181197727694156)
(0.05254615608506788, 1.2655510009372983, 0.7182116248765353)
(0.05254615608506788, 1.2655399121133073, 0.7183030631153386)
(0.05254615608506788, 1.2655229551782254, 0.7183940874858252)
(0.05254615608506788, 1.2655001301320532, 0.7184846979879953)
(0.05254615608506788, 1.2654471489903114, 0.7186135846778431)
(0.05254615608506788, 1.265396751153773, 0.7186958006249584)
(0.05254615608506788, 1.2653428524999268, 0.7187838934038046)
(0.05254615608506788, 1.2652822653845421, 0.7188700502980356)
(0.05254615608506788, 1.2652163688941573, 0.7189559498605353)
(0.05254615608506788, 1.2651426583653111, 0.7190460936682278)
(0.05254615608506788, 1.2650621323076194, 0.7191326752018817)
(0.05254615608506788, 1.2649785113941574, 0.7192146813893815)
(0.05254615608506788, 1.2648937863460812, 0.7192931580768814)
(0.05254615608506788, 1.2648024731249272, 0.719367770817266)
(0.05254615608506788, 1.2647099793268497, 0.7194448287595738)
(0.05254615608506788, 1.2646090124518499, 0.7195258648172662)
(0.05254615608506788, 1.2645055973556965, 0.7196054913989968)
(0.05254615608506788, 1.264400620048004, 0.7196969972066893)
(0.05254615608506788, 1.2642907213460808, 0.7197873718028432)
(0.05254615608506788, 1.264180364999927, 0.719877225182651)
(0.05254615608506788, 1.2640683465383888, 0.7199674202211124)
(0.05254615608506788, 1.2639508610576198, 0.7200614677403433)
(0.05254615608506788, 1.2638357128845426, 0.7201580428701511)
(0.05254615608506788, 1.2637197064422345, 0.7202535920913048)
(0.05254615608506788, 1.2636121353845429, 0.7203526493268815)
(0.05254615608506788, 1.26350649182685, 0.7204556761778431)
(0.05254615608506788, 1.2634009514903115, 0.7205622124470739)
(0.05254615608506788, 1.2632962082691581, 0.7206756731201508)
(0.05254615608506788, 1.2631945178364659, 0.7207931803413047)
(0.05254615608506788, 1.2631025605287731, 0.7209257834086124)
(0.05254615608506788, 1.2630141637980035, 0.7210654161874583)
(0.05254615608506788, 1.2629301796153116, 0.7212153791105353)
(0.05254615608506788, 1.2628538565383889, 0.7213734460336121)
(0.05254615608506788, 1.2627782628845423, 0.721539276836497)
(0.05254615608506788, 1.2627073437499268, 0.7217122484038047)
(0.05254615608506788, 1.2626397034133885, 0.7218831138509197)
(0.05254615608506788, 1.262573378221081, 0.7220610090768812)
(0.05254615608506788, 1.2625084647595433, 0.7222430944903429)
(0.05254615608506788, 1.2624480577403117, 0.7224270010143813)
(0.05254615608506788, 1.2623915797595424, 0.722614353158612)
(0.05254615608506788, 1.2623390611056968, 0.722806597567266)
(0.05254615608506788, 1.262294379423004, 0.7230111637163047)
(0.05254615608506788, 1.2622502530287734, 0.7232263695913044)
(0.05254615608506788, 1.2622071837980036, 0.7234454868316892)
(0.05254615608506788, 1.262167367499927, 0.7236747442980352)
(0.05254615608506788, 1.2621303749518504, 0.7239122761922658)
(0.05254615608506788, 1.2620988804806965, 0.724159396298035)
(0.05254615608506788, 1.262070017596081, 0.7244099226105352)
(0.05254615608506788, 1.2620434083172347, 0.7246693421201502)
(0.05254615608506788, 1.2620160603845423, 0.724930138846112)
(0.05254615608506788, 1.2619888424518506, 0.7251954487403428)
(0.05254615608506788, 1.261963519423004, 0.7254670992595735)
(0.05254615608506788, 1.2619366876922349, 0.7257427664999581)
(0.05254615608506788, 1.261906186971081, 0.7260284511393813)
(0.05254615608506788, 1.2618742168268506, 0.726323307658612)
(0.05254615608506788, 1.2618438210095424, 0.7266228870864966)
(0.05254615608506788, 1.2618143237499273, 0.7269262184422658)
(0.05254615608506788, 1.261785414086466, 0.7272380125816889)
(0.05254615608506788, 1.2617563092306967, 0.7275552456105348)
(0.05254615608506788, 1.2617252144710815, 0.727873527091304)
(0.05254615608506788, 1.261696695673005, 0.7282000061682272)
(0.05254615608506788, 1.261668802115312, 0.7285326944999577)
(0.05254615608506788, 1.2616416521633882, 0.7288768517643813)
(0.05254615608506788, 1.2616097460095423, 0.7292312299518809)
(0.05254615608506788, 1.2615654486537735, 0.7295866976586116)
(0.05254615608506788, 1.2615244931730045, 0.729943407062458)
(0.05254615608506788, 1.2614842901922352, 0.7303090302259198)
(0.05254615608506788, 1.2614365174999271, 0.7306701690816885)
(0.05254615608506788, 1.2613913972114654, 0.731033571168227)
(0.05254615608506788, 1.2613422025480043, 0.7313987559951501)
(0.05254615608506788, 1.2612923988941578, 0.7317632137163038)
(0.05254615608506788, 1.2612518779326192, 0.732128850278804)
(0.05254615608506788, 1.2612108402883888, 0.7324911502403425)
(0.05254615608506788, 1.2611760739903117, 0.7328530079278424)
(0.05254615608506788, 1.2611390703845426, 0.7332066192259193)
(0.05254615608506788, 1.2610997391826198, 0.7335623482980345)
(0.05254615608506788, 1.261066485096081, 0.733917760552842)
(0.05254615608506788, 1.2610379312980045, 0.7342803631778423)
(0.05254615608506788, 1.261016023990312, 0.7346537456538037)
(0.05254615608506788, 1.2609947770191583, 0.7350286253172653)
(0.05254615608506788, 1.260974082548004, 0.7354103606057264)
(0.05254615608506788, 1.260949611634542, 0.735804910879765)
(0.05254615608506788, 1.2609185184133886, 0.7362027685816883)
(0.05254615608506788, 1.2608819635576196, 0.7366172660047652)
(0.05254615608506788, 1.2608387700960808, 0.7370528027547654)
(0.05254615608506788, 1.2607969465383886, 0.7375164624230345)
(0.05254615608506788, 1.2607537867787735, 0.7379989951538034)
(0.05254615608506788, 1.2607128065383888, 0.7385062141970725)
(0.05254615608506788, 1.2606710251922348, 0.739040907163419)
(0.05254615608506788, 1.2606279675480045, 0.7396109553701493)
(0.05254615608506788, 1.2605760929326197, 0.7402256390384192)
(0.05254615608506788, 1.2605158857210812, 0.7408675329759187)
(0.05254615608506788, 1.2604375300480042, 0.7415497233557264)
(0.05254615608506788, 1.2603325914903116, 0.7422682727211111)
(0.05254615608506788, 1.2602069109133887, 0.7430179590913034)
(0.05254615608506788, 1.260070024663389, 0.7438096440095725)
(0.05254615608506788, 1.2599219933172354, 0.7446445735480341)
(0.05254615608506788, 1.2597463287980046, 0.7455299100913033)
(0.05254615608506788, 1.2595130624999271, 0.7464500475384187)
(0.05254615608506788, 1.259211558942235, 0.7474150205624566)
(0.05254615608506788, 1.2588206773076196, 0.7484138405480337)
(0.05254615608506788, 1.258330857499927, 0.7494396037211106)
(0.05254615608506788, 1.2577817031249274, 0.7504827320143796)
(0.05254615608506788, 1.2571687744230045, 0.751555576072072)
(0.05254615608506788, 1.2565083476922356, 0.7526537363653413)
(0.05254615608506788, 1.2558248145191584, 0.7537650258749564)
(0.05254615608506788, 1.255126631586466, 0.7548996575239948)
(0.05254615608506788, 1.2544253184614662, 0.7560606361874562)
(0.05254615608506788, 1.25372974432685, 0.757249739211495)
(0.05254615608506788, 1.2530600315864664, 0.7584566445288022)
(0.05254615608506788, 1.2524240238460815, 0.7596860641393792)
(0.05254615608506788, 1.251822037451851, 0.7609615973605333)
(0.05254615608506788, 1.2512682000480047, 0.7622601872980327)
(0.05254615608506788, 1.2507758067306967, 0.7635974254566869)
(0.05254615608506788, 1.2503540411537744, 0.764989567264379)
(0.05254615608506788, 1.2500095917306975, 0.766430214778802)
(0.05254615608506788, 1.249736931298005, 0.7679166258749556)
(0.05254615608506788, 1.2495353067787742, 0.769455050648994)
(0.05254615608506788, 1.24939863793262, 0.7710550629518785)
(0.05254615608506788, 1.2493314960576203, 0.7727160232595708)
(0.05254615608506788, 1.249332260336467, 0.7744403027355324)
(0.05254615608506788, 1.2493956580768515, 0.7762214368509169)
(0.05254615608506788, 1.2495250194710816, 0.7780760702451472)
(0.05254615608506788, 1.2497199142787736, 0.7800094342547624)
(0.05254615608506788, 1.2499752270191586, 0.782027226216301)
(0.05254615608506788, 1.2502821899037735, 0.7841374420913007)
(0.05254615608506788, 1.250621019278774, 0.7863473079951467)
(0.05254615608506788, 1.2509630799999276, 0.7886348178701467)
(0.05254615608506788, 1.2512918501922352, 0.7910281660913007)
(0.05254615608506788, 1.2516106009133892, 0.7935205139951467)
(0.05254615608506788, 1.251889477932621, 0.7961267278316848)
(0.05254615608506788, 1.252122904951851, 0.7988602925095694)
(0.05254615608506788, 1.252327474038389, 0.8017019836489919)
(0.05254615608506788, 1.252430828798005, 0.8046629357643765)
(0.05254615608506788, 1.2524625454326197, 0.8077575384326459)
(0.05254615608506788, 1.2524483901922352, 0.8109421256393761)
(0.05254615608506788, 1.252343871105697, 0.8142154202307222)
(0.05254615608506788, 1.2521890442306973, 0.8176071085239912)
(0.05254615608506788, 1.2520257476441587, 0.821091043557645)
(0.05254615608506788, 1.2518391964903122, 0.8246719809037985)
(0.05254615608506788, 1.2516607100480046, 0.8283586905672599)
(0.05254615608506788, 1.2514809414903123, 0.8321623293701441)
(0.05254615608506788, 1.2513496623076197, 0.8360648296970673)
(0.05254615608506788, 1.2512828591826202, 0.8400786048605284)
(0.05254615608506788, 1.2512884557210815, 0.8442044949903357)
(0.05254615608506788, 1.251382595288389, 0.8484059906009124)
(0.05254615608506788, 1.2516246898076204, 0.85270032316822)
(0.05254615608506788, 1.2520382948076199, 0.8570879881874507)
(0.05254615608506788, 1.2527059969230045, 0.8615710479086043)
(0.05254615608506788, 1.2536541341345433, 0.8661366742595653)
(0.05254615608506788, 1.2549077648556974, 0.8708003160720651)
(0.05254615608506788, 1.2565460287980044, 0.8755390358364881)
(0.05254615608506788, 1.2585467742787733, 0.8803230655816802)
(0.05254615608506788, 1.2609265849518505, 0.8851292592355258)
(0.05254615608506788, 1.2636561063941583, 0.8899646366682179)
(0.05254615608506788, 1.2667660146153115, 0.8948200193220639)
(0.05254615608506788, 1.270260254999927, 0.8996763504278328)
(0.05254615608506788, 1.2741340501922338, 0.9045185896057172)
(0.05254615608506788, 1.2783938792787721, 0.9093294213268706)
(0.05254615608506788, 1.2830297448076184, 0.9141172224951395)
(0.05254615608506788, 1.2880159792787718, 0.9188645092162933)
(0.05254615608506788, 1.2933549529806945, 0.9235389250576391)
(0.05254615608506788, 1.2990176701922327, 0.9281656492836002)
(0.05254615608506788, 1.3049766492787709, 0.9327066322499463)
(0.05254615608506788, 1.3112257717787705, 0.9371657900432152)
(0.05254615608506788, 1.3177351799037704, 0.9415651902114842)
(0.05254615608506788, 1.3244853484133852, 0.9458764932114839)
(0.05254615608506788, 1.3314654945191535, 0.9501159440672527)
(0.05254615608506788, 1.3386433398076152, 0.9542865052643676)
(0.05254615608506788, 1.3459713373556919, 0.9583799883412909)
(0.05254615608506788, 1.3534170320672294, 0.9623904934374446)
(0.05254615608506788, 1.3609300002883826, 0.9663367530384055)
(0.05254615608506788, 1.3684709312499213, 0.9702039778268671)
(0.05254615608506788, 1.3759992618268435, 0.9740108389614822)
(0.05254615608506788, 1.3834686629806892, 0.97776621421629)
(0.05254615608506788, 1.390826222644151, 0.9814664831297509)
(0.05254615608506788, 1.3980314397114573, 0.9851136106826354)
(0.05254615608506788, 1.4050667672114574, 0.9887324090816734)
(0.05254615608506788, 1.4118849069710722, 0.9923121593076349)
(0.05254615608506788, 1.4184502387499176, 0.9958668212595577)
(0.05254615608506788, 1.4247444310095332, 0.9993843617691732)
(0.05254615608506788, 1.430747348365302, 1.0028336822787882)
(0.05254615608506788, 1.4364063003845324, 1.006250459408596)
(0.05254615608506788, 1.4417886325960707, 1.0096245898941727)
(0.05254615608506788, 1.446859962019147, 1.0129404242835947)
(0.05254615608506788, 1.451592037259532, 1.0162495117162875)
(0.05254615608506788, 1.4560373805287616, 1.0195732333797487)
(0.05254615608506788, 1.4601684885095312, 1.022894670019172)
(0.05254615608506788, 1.4639280725479928, 1.0262539844374412)
(0.05254615608506788, 1.4673538504806845, 1.0296594387259024)
(0.05254615608506788, 1.4704272362018382, 1.033068898927825)
(0.05254615608506788, 1.4731637328364535, 1.036508333091286)
(0.05254615608506788, 1.475577566490299, 1.040012343879748)
(0.05254615608506788, 1.4777503765864535, 1.043572070639363)
(0.05254615608506788, 1.4797256793268376, 1.0472300725720547)
(0.05254615608506788, 1.4815169235095298, 1.0510326054614774)
(0.05254615608506788, 1.483134213221068, 1.0549716997259002)
(0.05254615608506788, 1.4845853672114522, 1.0590517199422467)
(0.05254615608506788, 1.4858867663460682, 1.063277788365323)
(0.05254615608506788, 1.4870567179806833, 1.067633649442246)
(0.05254615608506788, 1.4881817637018373, 1.0721120755383997)
(0.05254615608506788, 1.4892781201922218, 1.0767078245816684)
(0.05254615608506788, 1.490415216922991, 1.0814301701249376)
(0.05254615608506788, 1.4916436021633757, 1.0862597701730137)
(0.05254615608506788, 1.4930560054326059, 1.091179913557629)
(0.05254615608506788, 1.4946567138460678, 1.0961848428653216)
(0.05254615608506788, 1.4964926106249132, 1.101272485528782)
(0.05254615608506788, 1.4985641735095292, 1.106417564855705)
(0.05254615608506788, 1.5009114847114517, 1.1116281826922436)
(0.05254615608506788, 1.5035617150479903, 1.116893223076859)
(0.05254615608506788, 1.5064748931729897, 1.122169177788396)
(0.05254615608506788, 1.5097022580768362, 1.1274984403364736)
(0.05254615608506788, 1.5132471211537586, 1.132813943461473)
(0.05254615608506788, 1.517128277019143, 1.138159979615319)
(0.05254615608506788, 1.5213674357691425, 1.1434895617307033)
(0.05254615608506788, 1.5259746247114512, 1.1487843841345489)
(0.05254615608506788, 1.5309566401922192, 1.154052463990318)
(0.05254615608506788, 1.5362858871633736, 1.1592519762018556)
(0.05254615608506788, 1.5419852116345265, 1.164371072355702)
(0.05254615608506788, 1.5480285634614492, 1.1694005753845476)
(0.05254615608506788, 1.5544089326441415, 1.1743243415864706)
(0.05254615608506788, 1.5611115714902941, 1.1791337385095473)
(0.05254615608506788, 1.5681062001922172, 1.1838243775480084)
(0.05254615608506788, 1.5753643461537552, 1.1883563191826234)
(0.05254615608506788, 1.582867949759524, 1.192732442884547)
(0.05254615608506788, 1.590580054759524, 1.1969336767307)
(0.05254615608506788, 1.598479723028754, 1.2009441087499308)
(0.05254615608506788, 1.6065364997114457, 1.2047606852883916)
(0.05254615608506788, 1.6147104754806758, 1.2083696188941613)
(0.05254615608506788, 1.622965916394137, 1.2117533927403146)
(0.05254615608506788, 1.631237975432598, 1.214918436394161)
(0.05254615608506788, 1.6394898135575977, 1.2178809330768527)
(0.05254615608506788, 1.647673492307597, 1.2206232307210834)
(0.05254615608506788, 1.6557339021152888, 1.2231517929806985)
(0.05254615608506788, 1.6636377964422113, 1.2254648601441598)
(0.05254615608506788, 1.6713404874999034, 1.2275735425480057)
(0.05254615608506788, 1.6788197496633646, 1.2294854390864676)
(0.05254615608506788, 1.686016436586441, 1.2312157326922366)
(0.05254615608506788, 1.6929297268749017, 1.2327682983653139)
(0.05254615608506788, 1.6995386036056712, 1.2341643672595441)
(0.05254615608506788, 1.7058395752402862, 1.2354541451922365)
(0.05254615608506788, 1.7118487620672092, 1.2366654574518516)
(0.05254615608506788, 1.7175561871152853, 1.2378056473556975)
(0.05254615608506788, 1.7229299450479776, 1.2389114421153127)
(0.05254615608506788, 1.7279631594710545, 1.2399729875480052)
(0.05254615608506788, 1.7326760338941307, 1.2410009308172354)
(0.05254615608506788, 1.7370597205287461, 1.2420114537018512)
(0.05254615608506788, 1.7411632120672071, 1.2430021953845434)
(0.05254615608506788, 1.745059935096053, 1.2440197956249284)
(0.05254615608506788, 1.7486718146633604, 1.245064856346082)
(0.05254615608506788, 1.7520290427402834, 1.246073487403774)
(0.05254615608506788, 1.7550314769710524, 1.2470608973076203)
(0.05254615608506788, 1.7577979746152834, 1.2480387675480047)
(0.05254615608506788, 1.760293302259514, 1.2490326349037741)
(0.05254615608506788, 1.7625452354806674, 1.250067107884543)
(0.05254615608506788, 1.7645751177402822, 1.2511003737980044)
(0.05254615608506788, 1.7663363083172057, 1.2521174199999274)
(0.05254615608506788, 1.7678642618748974, 1.2531347170672356)
(0.05254615608506788, 1.769129266826821, 1.2541457628364663)
(0.05254615608506788, 1.7701385803364362, 1.2551196055768508)
(0.05254615608506788, 1.7709837433172053, 1.2560834348076197)
(0.05254615608506788, 1.7716519057210514, 1.2569992049518508)
(0.05254615608506788, 1.772198467355667, 1.2578993859614656)
(0.05254615608506788, 1.772658394278744, 1.2587473910576195)
(0.05254615608506788, 1.7730187705768208, 1.2595745413460815)
(0.05254615608506788, 1.7732944995191282, 1.2603484419710813)
(0.05254615608506788, 1.773489996346051, 1.2610755804326195)
(0.05254615608506788, 1.7736165339422054, 1.2617811168749271)
(0.05254615608506788, 1.7736668694710513, 1.262433958317235)
(0.05254615608506788, 1.7736907668268205, 1.263046457836465)
(0.05254615608506788, 1.7736835794229744, 1.263624578124927)
(0.05254615608506788, 1.773666326586436, 1.2641447948556965)
(0.05254615608506788, 1.773662943124897, 1.2646211238941572)
(0.05254615608506788, 1.7736751991345123, 1.2650766173076193)
(0.05254615608506788, 1.7736985149998978, 1.2654895035095421)
(0.05254615608506788, 1.7737590767306668, 1.2658661647114655)
(0.05254615608506788, 1.7738508017306671, 1.2662212890864655)
(0.05254615608506788, 1.7739589448075896, 1.2665499429806963)
(0.05254615608506788, 1.774111700624897, 1.2668606846153112)
(0.05254615608506788, 1.7742795459614358, 1.2671535856730032)
(0.05254615608506788, 1.7744904583652823, 1.2674223318268507)
(0.05254615608506788, 1.7747400622114369, 1.2676617350960804)
(0.05254615608506788, 1.7750329393748974, 1.267893755913388)
(0.05254615608506788, 1.7753736947114358, 1.2681173037980034)
(0.05254615608506788, 1.7757561383172047, 1.2683430649518497)
(0.05254615608506788, 1.7761738543748973, 1.2685640815383883)
(0.05254615608506788, 1.776598785913359, 1.2687806769710808)
(0.05254615608506788, 1.7770422542306672, 1.268992147499927)
(0.05254615608506788, 1.7774943801441283, 1.2692026746153118)
(0.05254615608506788, 1.7779345012979744, 1.269402990961465)
(0.05254615608506788, 1.7783594924518202, 1.2696060165383887)
(0.05254615608506788, 1.7787638054806665, 1.2698019626441572)
(0.05254615608506788, 1.7791504171633585, 1.2699947458653118)
(0.05254615608506788, 1.7795032451922057, 1.2701855837980034)
(0.05254615608506788, 1.7798221682210509, 1.2703780227883885)
(0.05254615608506788, 1.7801077643268202, 1.2705757173556957)
(0.05254615608506788, 1.7803584488460513, 1.2707856024518498)
(0.05254615608506788, 1.7805675348556664, 1.2710115081730031)
(0.05254615608506788, 1.7806415299998968, 1.2711998877403112)
(0.05254615608506788, 1.7806865865383594, 1.2713565935095419)
(0.05254615608506788, 1.780677446105667, 1.2715173136537727)
(0.05254615608506788, 1.7807359445672046, 1.271674579086465)
(0.05254615608506788, 1.7807536198075897, 1.2718304834133884)
(0.05254615608506788, 1.7807769507691282, 1.271973706009542)
(0.05254615608506788, 1.7807758747114357, 1.2720579044230036)
(0.05254615608506788, 1.7807277928845122, 1.2721221467787722)
(0.05254615608506788, 1.7806632331729741, 1.272171898124927)
(0.05254615608506788, 1.7805864897595125, 1.2721956577883882)
(0.05254615608506788, 1.7805238928845128, 1.272179091442234)
(0.05254615608506788, 1.780469479471051, 1.2721452536537727)
(0.05254615608506788, 1.7804261169229743, 1.2720961121153112)
(0.05254615608506788, 1.7804370059543828, 1.2721043544777915)
(0.05254615608506788, 1.7804574696574025, 1.272112463172962)
(0.05254615608506788, 1.7804761808809688, 1.2721094038286087)
(0.05254615608506788, 1.780493139625082, 1.2720951764447321)
(0.05254615608506788, 1.7805083458897417, 1.272069781021332)
(0.05254615608506788, 1.780521799674948, 1.2720332175584084)
(0.05254615608506788, 1.7805335009807013, 1.2719854860559614)
(0.05254615608506788, 1.780543449807001, 1.2719265865139906)
(0.05254615608506788, 1.7805516461538475, 1.2718565189324966)
(0.05254615608506788, 1.7805580900212405, 1.271775283311479)
(0.05254615608506788, 1.7805627814091805, 1.2716828796509378)
(0.05254615608506788, 1.780565720317667, 1.2715793079508733)
(0.05254615608506788, 1.7805669067467003, 1.2714645682112853)
(0.05254615608506788, 1.78056634069628, 1.2713386604321737)
(0.05254615608506788, 1.7805640221664065, 1.2712015846135385)
(0.05254615608506788, 1.7805599511570798, 1.27105334075538)
(0.05254615608506788, 1.7805541276682997, 1.270893928857698)
(0.05254615608506788, 1.7805465517000663, 1.2707233489204923)
(0.05254615608506788, 1.7805372232523797, 1.2705416009437631)
(0.05254615608506788, 1.7805261423252396, 1.2703486849275105)
(0.05254615608506788, 1.7805133089186462, 1.2701446008717345)
(0.05254615608506788, 1.7804987230325995, 1.269929348776435)
(0.05254615608506788, 1.7804823846670996, 1.2697029286416117)
(0.05254615608506788, 1.7804642938221462, 1.2694653404672651)
(0.05254615608506788, 1.7804444504977397, 1.2692165842533951)
