(321.5456, 45.8615, 3.713351)
(315.1384, 40.60725, 8.303764)
(312.2852, 43.8491, 3.113811)
(321.5094, 59.52843, 352.106)
(322.2416, 64.07254, 348.9092)
(320.6917, 66.07471, 348.0896)
(319.9872, 61.96779, 356.2736)
(320.3659, 57.42972, 2.658025)
(322.5257, 50.60668, 11.62202)
(323.934, 48.12714, 15.74136)
(323.7538, 48.29791, 17.54668)
(323.3936, 50.80346, 17.11405)
(324.1277, 52.47605, 16.91567)
(325.0627, 52.73467, 18.06826)
(326.7789, 52.49841, 19.14403)
(328.8641, 50.88855, 20.3201)
(330.2931, 49.89907, 21.49856)
(332.2024, 48.69301, 22.25935)
(334.0701, 47.79937, 22.97022)
(336.1711, 46.89217, 23.47031)
(338.0426, 46.54904, 23.77365)
(339.5702, 46.71007, 23.9577)
(340.7089, 46.88525, 24.38655)
(341.537, 47.68999, 25.0218)
(342.0438, 48.94327, 25.85797)
(342.4523, 49.97958, 26.92461)
(343.4161, 51.18579, 28.11551)
(344.9443, 52.30694, 28.96435)
(347.1621, 53.32594, 29.66136)
(349.817, 53.8942, 30.42053)
(352.6798, 54.24878, 30.76158)
(355.1887, 54.69058, 31.12538)
(357.9865, 55.34666, 31.16829)
(0.2566887, 56.33142, 30.7634)
(1.496496, 57.22321, 30.18629)
(0.929475, 57.40009, 29.4096)
(0.09257898, 57.63859, 28.5461)
(358.2731, 58.53871, 27.28936)
(357.42, 59.7216, 25.74271)
(357.9227, 60.67759, 25.60305)
(358.7, 61.76717, 24.89663)
(359.5634, 63.11649, 23.288)
(358.0297, 63.83184, 21.06558)
(354.9685, 65.19376, 17.88192)
(353.5109, 66.10566, 14.97689)
(352.1633, 64.97524, 12.0674)
(351.5787, 62.56668, 9.933877)
(351.1294, 61.40675, 7.794981)
(350.6237, 60.15124, 5.87683)
(348.2345, 59.32504, 4.179413)
(343.106, 58.38067, 4.054938)
(338.3281, 58.72735, 3.181574)
(335.5065, 59.31707, 2.040765)
