(0.1795027, -0.1400141, 0.171513)
(0.1793245, -0.1400943, 0.1715505)
(0.1793581, -0.1398741, 0.1716313)
(0.1792662, -0.139709, 0.1715963)
(0.1791595, -0.1395022, 0.1713483)
(0.1791072, -0.1392994, 0.171253)
(0.1789972, -0.1392521, 0.1711215)
(0.1790011, -0.1391395, 0.1710903)
(0.1790367, -0.1388679, 0.1714174)
(0.1789732, -0.1388083, 0.1714759)
(0.1789225, -0.1387801, 0.1714539)
(0.1788832, -0.1387297, 0.1714164)
(0.1789246, -0.1388576, 0.1713663)
(0.1787375, -0.1389668, 0.1714426)
(0.1785595, -0.1390777, 0.1716083)
(0.1784601, -0.1391085, 0.1717599)
(0.178355, -0.1393163, 0.1718118)
(0.1783761, -0.1392931, 0.1718841)
(0.1782445, -0.1390886, 0.1720033)
(0.178197, -0.1390913, 0.1720295)
(0.1783278, -0.138896, 0.1720921)
(0.1783301, -0.1385154, 0.172161)
(0.1783891, -0.1381108, 0.1722198)
(0.1785675, -0.1373065, 0.1723049)
(0.1786981, -0.1363071, 0.1725863)
(0.1783891, -0.1345441, 0.1732461)
(0.1785191, -0.1321026, 0.1738747)
(0.1765758, -0.127195, 0.1752017)
(0.1757935, -0.1225224, 0.1764249)
(0.1753218, -0.1186379, 0.1775041)
(0.1759402, -0.1134009, 0.1786876)
(0.1761141, -0.1060636, 0.1808922)
(0.1761944, -0.09913707, 0.1826243)
(0.1764947, -0.091663, 0.1843022)
(0.176747, -0.08453763, 0.1863097)
(0.177381, -0.07682145, 0.1888644)
(0.178264, -0.06923878, 0.1916003)
(0.1794726, -0.06149304, 0.1947848)
(0.1810083, -0.0536108, 0.1986256)
(0.1825497, -0.0457691, 0.2027913)
(0.1841643, -0.03872907, 0.2070816)
(0.1859939, -0.03127587, 0.2119548)
(0.187328, -0.02467179, 0.2168581)
(0.1889362, -0.01881385, 0.2223624)
(0.1908917, -0.01228237, 0.2275052)
(0.1926478, -0.007780671, 0.2339456)
(0.1942689, -0.002627611, 0.2402179)
(0.1960036, 0.002276897, 0.246196)
(0.197096, 0.005839825, 0.2529811)
(0.1985683, 0.009153664, 0.2595641)
(0.2007692, 0.01094675, 0.2651218)
(0.2009455, 0.01359534, 0.2729146)
(0.2017845, 0.01586282, 0.279766)
(0.202364, 0.01776755, 0.2868338)
(0.2026943, 0.01890236, 0.2940975)
(0.2035266, 0.02027446, 0.3011303)
(0.2043533, 0.02034831, 0.3083279)
(0.204957, 0.02123231, 0.3155972)
(0.2057447, 0.0212552, 0.3221944)
(0.2060728, 0.0205934, 0.3292425)
(0.2064956, 0.02032584, 0.3354306)
(0.206737, 0.01897144, 0.3414878)
(0.2076536, 0.0180698, 0.3474101)
(0.2087101, 0.0164994, 0.3525695)
(0.2097155, 0.01506013, 0.3577071)
(0.2105422, 0.01300269, 0.3629227)
(0.2117082, 0.01161557, 0.3664027)
(0.2128798, 0.009921014, 0.3697205)
(0.213854, 0.007198453, 0.3733128)
(0.2151542, 0.005233169, 0.3762484)
(0.2158071, 0.003021002, 0.3790081)
(0.2164928, 0.001692176, 0.3815289)
(0.2170918, -2.980232E-05, 0.3828833)
(0.2158434, -0.002046585, 0.3858474)
(0.2169588, -0.004788399, 0.3877502)
(0.2178599, -0.008066773, 0.387828)
(0.2170687, -0.008943796, 0.3877816)
(0.2166997, -0.008132458, 0.384831)
(0.2161824, -0.005670309, 0.3832977)
(0.2164278, -0.004746199, 0.381363)
(0.218154, -0.00501442, 0.3817532)
(0.218773, -0.007851958, 0.3821882)
(0.2181185, -0.008951426, 0.3852373)
(0.2176129, -0.01006508, 0.388772)
(0.2168617, -0.01042712, 0.3911316)
(0.2172619, -0.0104084, 0.390837)
(0.2177144, -0.01102328, 0.3892043)
(0.2181526, -0.01161373, 0.387886)
(0.2189641, -0.01149809, 0.38631)
(0.2197841, -0.01162732, 0.3859461)
(0.2189671, -0.01098847, 0.3867151)
(0.2186971, -0.01048517, 0.3871517)
(0.2179898, -0.01060855, 0.3903204)
(0.2180313, -0.01159799, 0.3921725)
(0.2185576, -0.01195967, 0.3930566)
(0.2187353, -0.01078308, 0.3939764)
(0.2191586, -0.009630561, 0.3944485)
(0.2193426, -0.008779645, 0.3947856)
(0.2196046, -0.008122325, 0.3963059)
(0.2201431, -0.006248474, 0.3990991)
(0.220551, -0.004159689, 0.4015402)
(0.2212651, -0.001677752, 0.4040292)
(0.2221936, 0.001950741, 0.4063611)
(0.2229433, 0.007341862, 0.4096164)
(0.2234099, 0.01316178, 0.4131087)
(0.2244087, 0.01756966, 0.4157646)
(0.2262353, 0.02352393, 0.4178429)
(0.227785, 0.02979767, 0.4202123)
(0.2272398, 0.03596568, 0.421728)
(0.2262355, 0.04234791, 0.4223947)
(0.2245095, 0.0516516, 0.4234989)
(0.2232678, 0.06015503, 0.4258018)
(0.2230456, 0.06987655, 0.4298807)
(0.22324, 0.07963955, 0.4338849)
(0.2231574, 0.08836722, 0.4371088)
(0.2233254, 0.09827173, 0.4402493)
(0.2232933, 0.1086787, 0.443511)
(0.2234373, 0.1190205, 0.4473293)
(0.223508, 0.1296806, 0.4519393)
(0.2228942, 0.140493, 0.457422)
(0.2223589, 0.1512318, 0.4628938)
(0.2224692, 0.1613346, 0.4695083)
(0.2225305, 0.1720811, 0.4765693)
(0.2226386, 0.1820012, 0.4832741)
(0.2227948, 0.1908039, 0.4902972)
(0.2227248, 0.1989406, 0.497247)
(0.22317, 0.2072653, 0.5047382)
(0.2236271, 0.2148395, 0.5121253)
(0.2241626, 0.2213962, 0.5200795)
(0.2248144, 0.2282881, 0.5278209)
(0.2262861, 0.2343832, 0.5356293)
(0.2277396, 0.2402008, 0.5450763)
(0.2284038, 0.2460334, 0.5538429)
(0.2301793, 0.2504193, 0.5617607)
(0.2317982, 0.2544381, 0.5704404)
(0.2336112, 0.256957, 0.5797164)
(0.2360265, 0.2606292, 0.5878636)
(0.2380239, 0.262915, 0.597067)
(0.2397205, 0.2647955, 0.6063083)
(0.2415352, 0.2668717, 0.6152672)
(0.2433999, 0.267848, 0.62549)
(0.2454584, 0.267979, 0.6346211)
(0.2474942, 0.2678866, 0.6435801)
(0.2497745, 0.2677078, 0.6525021)
(0.252248, 0.2673029, 0.6612376)
(0.2543842, 0.2672044, 0.6704044)
(0.2569513, 0.2671314, 0.6788561)
(0.2597798, 0.2662218, 0.6864824)
(0.2619768, 0.2654552, 0.6947107)
(0.2644066, 0.264523, 0.7030666)
(0.2663852, 0.2630321, 0.710072)
(0.2675869, 0.2617791, 0.7174355)
(0.2688487, 0.2605717, 0.7239166)
(0.2707508, 0.2587368, 0.7297077)
(0.2721078, 0.2571899, 0.7351557)
(0.2738105, 0.256048, 0.7395767)
(0.2755194, 0.2547975, 0.7432126)
(0.2765647, 0.2532464, 0.7468419)
(0.2776746, 0.2514973, 0.7504576)
(0.2787292, 0.2496595, 0.753504)
(0.2790765, 0.2479214, 0.7564322)
(0.2799679, 0.246168, 0.7593352)
(0.281059, 0.2445771, 0.7611716)
(0.2813884, 0.242869, 0.7627995)
(0.2819924, 0.241309, 0.7632217)
(0.2818629, 0.2399775, 0.7638674)
(0.2815167, 0.2392026, 0.7634426)
(0.2813711, 0.2411019, 0.7597682)
(0.2801577, 0.2421159, 0.7579244)
(0.2782438, 0.2415901, 0.7569507)
(0.2775164, 0.2405259, 0.7562222)
(0.2775984, 0.2387927, 0.7562574)
(0.2786158, 0.239397, 0.7571933)
(0.2805018, 0.2397977, 0.7596948)
(0.2808485, 0.2383409, 0.7616432)
(0.2813989, 0.2386749, 0.7628878)
(0.2808704, 0.2388277, 0.7628875)
(0.2797766, 0.2390204, 0.7621855)
(0.2786125, 0.2388284, 0.7606412)
(0.277918, 0.2380244, 0.7599806)
(0.2777023, 0.2378135, 0.759253)
(0.2771671, 0.2375602, 0.7580125)
(0.2798179, 0.2389188, 0.7593557)
(0.2797179, 0.2389763, 0.7599969)
(0.2802682, 0.2384458, 0.7612128)
(0.2802088, 0.238374, 0.7622255)
(0.2801385, 0.2382956, 0.7631392)
(0.2799388, 0.2384636, 0.7640245)
(0.2800055, 0.2384865, 0.764594)
(0.2807356, 0.2384964, 0.7647512)
(0.2812283, 0.2388501, 0.7653693)
(0.2815862, 0.2387416, 0.7655165)
(0.2819797, 0.2392103, 0.7667105)
(0.2818071, 0.2395095, 0.7676297)
(0.2817371, 0.2401424, 0.7693251)
(0.2814226, 0.2405539, 0.7708535)
(0.2808591, 0.2414764, 0.772132)
(0.2805141, 0.2427228, 0.7730458)
(0.2807376, 0.2449437, 0.7735794)
(0.2804395, 0.2481968, 0.7744836)
(0.2808969, 0.2519007, 0.7748652)
(0.2814804, 0.2550691, 0.7748282)
(0.2820745, 0.2579702, 0.7732409)
(0.282079, 0.2623416, 0.7703353)
(0.2814847, 0.266589, 0.7678424)
(0.2797083, 0.2711923, 0.7657686)
(0.2796777, 0.2771414, 0.7633339)
(0.2789448, 0.2847716, 0.7601976)
(0.2781051, 0.2917425, 0.7586229)
(0.2787269, 0.3007302, 0.7580158)
(0.2793642, 0.3082554, 0.756875)
(0.279582, 0.3166535, 0.7572361)
(0.280089, 0.3261264, 0.7579533)
(0.2811836, 0.3351262, 0.7595843)
(0.2821528, 0.3445082, 0.7610852)
(0.2831692, 0.3531405, 0.7623107)
(0.2850057, 0.3607674, 0.7639639)
(0.2866635, 0.3680729, 0.7659178)
(0.2883363, 0.3744403, 0.769293)
(0.2899318, 0.3810469, 0.7730148)
(0.2920315, 0.3855014, 0.7772453)
(0.2936876, 0.390375, 0.7812233)
(0.2949166, 0.3934678, 0.786092)
(0.2968944, 0.3963426, 0.7900434)
(0.2982562, 0.3987148, 0.7946264)
(0.299394, 0.4001399, 0.8002647)
(0.3010292, 0.4014866, 0.8059595)
(0.3020746, 0.4018173, 0.8120905)
(0.303139, 0.4024795, 0.8183622)
(0.3038329, 0.4013609, 0.8256152)
(0.3046999, 0.4006592, 0.8330535)
(0.3054999, 0.3999646, 0.8398105)
(0.3056793, 0.3989188, 0.8472011)
(0.3058584, 0.3977374, 0.8545122)
(0.3064159, 0.3961846, 0.8613118)
(0.3063849, 0.3945572, 0.8687905)
(0.3058228, 0.3924327, 0.8764297)
(0.3060199, 0.3906502, 0.8830918)
(0.3065336, 0.3886564, 0.8898671)
(0.307318, 0.3869227, 0.896867)
(0.3088506, 0.3853199, 0.9027151)
(0.3097728, 0.3838051, 0.9086752)
(0.3105782, 0.3827726, 0.9132874)
(0.3113356, 0.3816079, 0.9174955)
(0.3113234, 0.3800387, 0.921772)
(0.3112237, 0.3788658, 0.9232379)
(0.3115188, 0.3778486, 0.9258389)
(0.3105232, 0.3767769, 0.9271681)
(0.3107659, 0.3752696, 0.9292651)
(0.3100687, 0.3730559, 0.9295831)
(0.3101096, 0.3707928, 0.9297378)
(0.309904, 0.3671734, 0.9296913)
(0.3092036, 0.3641801, 0.9297709)
(0.3080143, 0.3646132, 0.9293928)
(0.3068751, 0.3663157, 0.9292811)
(0.305914, 0.3654355, 0.9289203)
(0.3056065, 0.3634607, 0.9283848)
(0.3055366, 0.3636924, 0.9289191)
(0.3068595, 0.3652074, 0.9300706)
(0.3066115, 0.3649577, 0.9296472)
(0.3068874, 0.364602, 0.9302305)
(0.3064468, 0.3636907, 0.9308834)
(0.3049126, 0.3638518, 0.9304283)
(0.3045154, 0.3636423, 0.9305513)
(0.3043119, 0.3633884, 0.9300842)
(0.3046118, 0.3637068, 0.9290789)
(0.3049083, 0.3639688, 0.9287715)
(0.3050938, 0.3640709, 0.9285736)
(0.305146, 0.3641096, 0.928629)
(0.3051947, 0.3639563, 0.9287417)
(0.3050979, 0.3638874, 0.9287463)
(0.3050828, 0.3639444, 0.9286751)
(0.3052016, 0.3641135, 0.9286838)
(0.3051345, 0.3641549, 0.9286375)
(0.3049147, 0.3641417, 0.9285665)
(0.3047882, 0.3641363, 0.9284964)
(0.3047183, 0.3640167, 0.9284692)
(0.3047018, 0.3639835, 0.9285951)
(0.3047185, 0.3638186, 0.9288373)
(0.3048962, 0.3636546, 0.9288677)
(0.3050013, 0.3636405, 0.92889)
(0.3051835, 0.3637834, 0.9288127)
(0.3052313, 0.3637255, 0.9287651)
(0.3053591, 0.3637271, 0.9289919)
(0.3055012, 0.3635497, 0.9295081)
