(-51.36044, 14.49702, 7.158113)
(-51.68536, 15.24043, 6.920242)
(-52.25697, 15.83395, 6.828189)
(-52.95673, 17.40308, 6.342137)
(-52.95673, 17.40308, 6.342137)
(-53.19741, 18.44091, 6.13513)
(-53.20976, 19.57868, 5.871677)
(-53.23668, 20.61132, 5.609918)
(-53.17247, 21.59643, 5.347109)
(-53.33018, 22.6324, 5.423284)
(-53.66523, 23.59139, 5.340564)
(-53.88823, 24.45983, 5.205417)
(-54.22573, 25.50272, 4.976273)
(-54.59595, 26.51547, 4.691756)
(-55.01232, 27.58562, 4.509377)
(-55.51033, 28.32274, 4.337335)
(-55.9663, 29.01295, 4.167521)
(-57.07352, 30.16928, 4.326499)
(-57.07352, 30.16928, 4.326499)
(-57.79047, 30.52758, 4.415858)
(-58.32891, 30.98335, 4.475069)
(-59.16722, 30.98525, 4.651523)
(-60.00068, 31.20563, 4.735231)
(-60.76023, 31.35328, 4.959488)
(-61.7857, 31.15019, 5.208206)
(-62.72604, 31.14501, 5.357027)
(-63.77008, 31.01751, 5.572796)
(-64.88993, 30.81746, 5.776072)
(-66.00604, 30.55215, 5.981791)
(-67.13741, 30.318, 6.162691)
(-68.40079, 29.92963, 6.384563)
(-70.85037, 29.11226, 6.827557)
(-70.85037, 29.11226, 6.827557)
(-72.06798, 28.67523, 7.068956)
(-73.18552, 28.22431, 7.320249)
(-74.36488, 27.82502, 7.485712)
(-75.47736, 27.53434, 7.660174)
(-76.40726, 27.22747, 7.883465)
(-77.42877, 26.94205, 7.999015)
(-78.2831, 26.74516, 8.203149)
(-79.11358, 26.39231, 8.469093)
(-79.88264, 26.05257, 8.610355)
(-80.49901, 25.76843, 8.817148)
