(741.2503, 328.7096, 5756.111)
(21.30361, 71.36704, -158.0967)
(5.918613, 67.9043, -165.6238)
(-3.668694, 86.45636, -167.9581)
(0, 0, 0)
(-127.509, 269.334, -565.4643)
(-64.04927, 101.0557, -269.1253)
(-28.06985, 54.33819, -155.4681)
(-10.73755, 71.11984, -309.3491)
(-19.47285, 35.91066, -207.8811)
(-7.310604, 32.87585, -215.5596)
(-11.45827, 20.80374, -157.653)
(-14.83422, 20.92884, -258.7195)
(-10.01796, 13.11302, -182.3838)
(-11.44484, 11.01138, -187.9416)
(-2.639272, -4.102006, -111.1042)
(2.050885, -5.844554, -183.6085)
(-6.428625, -16.15995, -375.8343)
(-5.214331, -31.04749, -178.6958)
(-2.690305, -26.42354, -145.1183)
(-28.6698, -46.09071, -305.08)
(-28.61372, -39.84681, -186.4847)
(-18.84948, -35.89413, -202.0958)
(-27.95101, -35.33122, -153.443)
(-57.93347, -55.06533, -269.7188)
(-41.58198, -44.80435, -201.3771)
(-49.33204, -50.35712, -185.4196)
(-45.19459, -34.2949, -142.4391)
(-59.2178, -57.39379, -279.9528)
(-50.38963, -42.79236, -158.4163)
(-56.97923, -38.93267, -160.484)
(-25.88657, -19.7985, -91.37951)
(-85.62193, -70.4171, -244.6214)
(-83.87463, -68.06141, -198.2391)
(-45.44811, -38.03587, -129.3436)
(-36.67131, -31.14619, -98.8198)
(-74.65073, -51.65316, -173.8395)
(-45.85791, -40.84736, -130.2473)
(-46.51075, -21.95929, -95.24674)
(-41.56418, -17.93606, -77.85721)
(-53.85454, -11.78504, -96.11994)
(-43.80596, -13.99079, -73.45931)
(-46.31351, -7.405712, -40.93503)
(-35.61351, -0.6484395, -33.63329)
(-23.99998, 5.850276, -16.38347)
(-65.21573, 10.29206, -51.57245)
(-41.81095, -7.79288, -10.17373)
(-100.3597, -53.77126, -8.032857)
(-51.50562, -70.53571, -5.086182)
