(0.2604229, 1.912983, 1.120423)
(0.2608823, 1.912621, 1.12086)
(0.2614221, 1.912597, 1.121346)
(0.2618785, 1.912349, 1.122091)
(0.2624581, 1.909631, 1.12209)
(0.2622545, 1.901857, 1.121246)
(0.2622545, 1.901857, 1.121246)
(0.2612953, 1.889366, 1.12164)
(0.2594731, 1.88358, 1.123368)
(0.2602662, 1.88297, 1.127923)
(0.2567418, 1.867536, 1.129041)
(0.2554719, 1.863022, 1.134818)
(0.2553547, 1.859565, 1.140839)
(0.2569673, 1.857188, 1.148786)
(0.2562083, 1.853129, 1.156878)
(0.2569433, 1.844744, 1.164444)
(0.2564405, 1.832242, 1.170565)
(0.2579608, 1.81581, 1.176704)
(0.2618826, 1.805356, 1.181109)
(0.2638692, 1.794138, 1.184834)
(0.2661964, 1.782816, 1.188304)
(0.2690095, 1.773918, 1.189572)
(0.271854, 1.770128, 1.192098)
(0.2729945, 1.771821, 1.195132)
(0.2750711, 1.769532, 1.197772)
(0.277987, 1.758976, 1.196093)
(0.2795966, 1.750738, 1.195188)
(0.2811012, 1.749623, 1.194586)
(0.2872976, 1.749127, 1.191956)
(0.2888678, 1.745258, 1.193534)
(0.295053, 1.73594, 1.191397)
(0.3021182, 1.725555, 1.188021)
(0.305929, 1.720144, 1.187997)
(0.3086995, 1.719954, 1.188651)
(0.3071777, 1.725869, 1.190328)
(0.3080734, 1.724423, 1.19071)
(0.3075442, 1.728394, 1.192918)
(0.304789, 1.737105, 1.196334)
(0.3031644, 1.739889, 1.198851)
(0.3037681, 1.742848, 1.201736)
(0.301027, 1.744499, 1.20511)
(0.300737, 1.744478, 1.207189)
(0.2992431, 1.749676, 1.210768)
(0.2957208, 1.762527, 1.215337)
(0.2945551, 1.767224, 1.217353)
(0.293553, 1.776248, 1.219204)
(0.2914914, 1.787782, 1.221831)
(0.2902382, 1.794579, 1.223894)
(0.2923696, 1.796268, 1.223676)
(0.2921264, 1.794995, 1.224328)
(0.2919483, 1.792195, 1.224164)
(0.2910031, 1.794644, 1.224869)
(0.2885775, 1.795151, 1.224629)
(0.2873189, 1.797405, 1.225998)
(0.2884868, 1.799398, 1.228234)
(0.2873439, 1.80034, 1.230615)
(0.2862144, 1.799448, 1.233858)
(0.2860585, 1.798517, 1.237176)
(0.2862046, 1.796447, 1.240507)
(0.2847173, 1.798293, 1.245654)
(0.2842301, 1.802004, 1.251924)
(0.2825633, 1.801333, 1.257454)
(0.2815125, 1.801372, 1.263148)
(0.279014, 1.804209, 1.270257)
(0.2771053, 1.805815, 1.276291)
(0.2753073, 1.809153, 1.283428)
(0.2733975, 1.808005, 1.289803)
(0.2695518, 1.813956, 1.300322)
(0.2654083, 1.818572, 1.308984)
(0.2606128, 1.821837, 1.318214)
(0.2544071, 1.826603, 1.326361)
(0.2489354, 1.831939, 1.336642)
(0.2456594, 1.834605, 1.347174)
(0.241128, 1.832973, 1.357631)
(0.2297537, 1.836015, 1.367967)
(0.2194232, 1.842219, 1.379848)
(0.2082728, 1.860286, 1.394498)
(0.1988371, 1.887235, 1.407483)
(0.1892713, 1.912491, 1.415653)
(0.1761061, 1.922169, 1.428303)
(0.1646945, 1.939466, 1.439833)
(0.1577844, 1.960803, 1.455775)
(0.1491674, 1.977164, 1.473117)
(0.1455135, 1.990292, 1.49325)
(0.1430333, 2.002573, 1.513504)
(0.1501156, 2.003582, 1.544504)
(0.1615086, 1.992554, 1.580063)
(0.165322, 1.993352, 1.610568)
(0.1496143, 2.020659, 1.644987)
(0.1307901, 2.04596, 1.690194)
(0.09325601, 2.098636, 1.736923)
(0.05683994, 2.154262, 1.777968)
(0.02985229, 2.183981, 1.814121)
(-4.047155E-05, 2.212708, 1.835615)
(6.244291, 2.206464, 1.866293)
(6.21555, 2.2159, 1.896971)
(6.201146, 2.223683, 1.932084)
(6.222228, 2.207942, 1.954496)
(6.222228, 2.207942, 1.954496)
(6.243634, 2.158441, 1.992218)
(6.273172, 2.130911, 1.999855)
(0.01447526, 2.109032, 2.006445)
(0.0397419, 2.093242, 2.001523)
(0.04612707, 2.091349, 1.98457)
(0.05679737, 2.080883, 1.972152)
(0.07941066, 2.061049, 1.950724)
(0.1145368, 2.035853, 1.921909)
(0.1418275, 2.021693, 1.884379)
(0.1459578, 2.010741, 1.846812)
(0.1599059, 1.995528, 1.804568)
(0.1803434, 1.972602, 1.757031)
(0.1988758, 1.949895, 1.711259)
(0.2115466, 1.930133, 1.655051)
(0.2188647, 1.91367, 1.602615)
(0.2314323, 1.886994, 1.54885)
(0.2460083, 1.853537, 1.493992)
(0.2551502, 1.822695, 1.441377)
(0.2618338, 1.785811, 1.389012)
(0.2661797, 1.746819, 1.338922)
(0.2672027, 1.700509, 1.293594)
(0.2633623, 1.662162, 1.257799)
(0.254096, 1.640002, 1.232233)
(0.2422043, 1.634956, 1.214309)
(0.2303972, 1.641995, 1.209287)
(0.2186812, 1.649446, 1.20411)
(0.2069987, 1.670973, 1.214027)
(0.1952702, 1.693081, 1.227393)
(0.1873885, 1.701669, 1.23278)
(0.2101942, 1.688595, 1.228239)
(0.2329876, 1.635239, 1.242111)
(0.3522202, 1.476871, 1.230853)
(0.290534, 1.773227, 1.262877)
(0.1158155, 1.990133, 1.348455)
(0.03555686, 1.941748, 1.304624)
(0.1913974, 1.714409, 1.247882)
(0.377814, 1.483392, 1.273895)
(0.3401189, 1.560696, 1.25848)
(0.2306465, 1.68309, 1.286935)
(0.1947613, 1.805936, 1.31161)
(0.2084274, 1.768118, 1.296973)
(0.2552819, 1.678869, 1.272039)
(0.2633624, 1.647821, 1.262971)
(0.2392242, 1.697001, 1.268252)
(0.2368204, 1.704724, 1.26594)
(0.2503513, 1.698852, 1.256995)
(0.2564729, 1.689436, 1.248094)
(0.2582965, 1.691925, 1.240061)
(0.2615265, 1.706745, 1.234938)
(0.2637393, 1.725171, 1.230552)
(0.2668891, 1.736242, 1.226038)
(0.2720134, 1.738149, 1.219926)
(0.2754483, 1.739275, 1.215563)
(0.2794937, 1.732363, 1.205667)
(0.2825795, 1.72601, 1.196321)
(0.2870055, 1.731501, 1.193573)
(0.2910039, 1.741474, 1.190851)
(0.2935688, 1.750412, 1.189865)
(0.2940852, 1.74908, 1.186015)
(0.2960415, 1.741449, 1.180996)
(0.2975425, 1.741367, 1.178138)
(0.2987626, 1.744079, 1.177468)
(0.2999892, 1.746547, 1.175967)
(0.2976984, 1.746155, 1.176764)
(0.2989422, 1.743795, 1.175713)
(0.3003626, 1.739843, 1.174374)
(0.3010837, 1.739218, 1.174308)
(0.3003744, 1.740966, 1.175177)
(0.2997995, 1.74376, 1.176322)
(0.2996711, 1.744108, 1.177111)
(0.2986982, 1.742394, 1.177161)
(0.2982688, 1.742144, 1.17721)
(0.2986093, 1.747572, 1.179956)
(0.298072, 1.749931, 1.182657)
(0.2975728, 1.749331, 1.186687)
(0.2961637, 1.746523, 1.189267)
(0.2960149, 1.743025, 1.192072)
(0.2946312, 1.741637, 1.19435)
(0.2931387, 1.741634, 1.197027)
(0.2941636, 1.742261, 1.19802)
(0.2973326, 1.757706, 1.197331)
(0.2794714, 1.707434, 1.210779)
(0.288671, 1.763463, 1.197816)
(0.2766679, 1.744953, 1.217542)
(0.2880058, 1.766753, 1.208801)
(0.2819701, 1.751213, 1.20396)
(0.2775058, 1.753854, 1.204739)
(0.2770001, 1.761301, 1.198653)
(0.2774562, 1.769917, 1.196179)
(0.2762661, 1.779862, 1.192405)
(0.2750268, 1.780459, 1.186835)
(0.2736763, 1.782265, 1.182372)
(0.2708502, 1.782136, 1.17755)
(0.2681155, 1.783007, 1.174099)
(0.2655981, 1.784155, 1.170658)
(0.263795, 1.785911, 1.168969)
(0.2640218, 1.785754, 1.167467)
(0.2636128, 1.782209, 1.165217)
(0.2626815, 1.779866, 1.162817)
(0.2617255, 1.775319, 1.160586)
(0.2607926, 1.773242, 1.15845)
(0.2610411, 1.777334, 1.15722)
(0.2607175, 1.781451, 1.156015)
(0.2598495, 1.788547, 1.155941)
(0.2584218, 1.792678, 1.155335)
(0.2570924, 1.794663, 1.15445)
(0.2561248, 1.797235, 1.154158)
(0.2551126, 1.800282, 1.153881)
(0.2538133, 1.80192, 1.154265)
(0.2527715, 1.802082, 1.154529)
(0.2513843, 1.799698, 1.155005)
(0.2504244, 1.798288, 1.155807)
(0.2496182, 1.795872, 1.156263)
(0.2490191, 1.796682, 1.157256)
(0.2480079, 1.798224, 1.158088)
(0.2474249, 1.798813, 1.158656)
(0.2469676, 1.798205, 1.158701)
(0.2461022, 1.797673, 1.158384)
