(5.258916, 0.302137, 5.801792)
(5.258834, 0.3027914, 5.801358)
(5.259321, 0.3026433, 5.801442)
(5.259394, 0.3027704, 5.801339)
(5.258796, 0.3026558, 5.8013)
(5.259342, 0.3029373, 5.800962)
(5.259254, 0.3027793, 5.800989)
(5.259524, 0.3035158, 5.800343)
(5.259785, 0.3036122, 5.800203)
(5.259716, 0.3040677, 5.799594)
(5.259716, 0.3040677, 5.799594)
(5.259967, 0.3048689, 5.798692)
(5.259875, 0.3049128, 5.798508)
(5.259958, 0.3056155, 5.7974)
(5.260139, 0.3062391, 5.79651)
(5.259876, 0.3063468, 5.79613)
(5.259928, 0.306673, 5.795472)
(5.260017, 0.3068433, 5.795373)
(5.259938, 0.3065473, 5.796022)
(5.259686, 0.3066181, 5.79613)
(5.259934, 0.3071901, 5.79562)
(5.259604, 0.3075789, 5.795615)
(5.258857, 0.3069282, 5.79717)
(5.258822, 0.3054378, 5.799803)
(5.258054, 0.3058214, 5.800614)
(5.258247, 0.3055643, 5.801888)
(5.258537, 0.3051401, 5.803136)
(5.257679, 0.304919, 5.804164)
(5.257537, 0.306936, 5.802677)
(5.257225, 0.30521, 5.805422)
(5.256649, 0.3052326, 5.806383)
(5.255507, 0.3054755, 5.806799)
(5.255088, 0.3044062, 5.807963)
(5.255597, 0.3071156, 5.803681)
(5.253359, 0.3069057, 5.802359)
(5.252862, 0.3074674, 5.801553)
(5.252134, 0.3062248, 5.80268)
(5.250962, 0.305153, 5.804461)
(5.25019, 0.3040815, 5.805984)
(5.249685, 0.3027239, 5.807584)
(5.248989, 0.303276, 5.807098)
(5.249156, 0.3034707, 5.807272)
(5.248864, 0.3025174, 5.808243)
(5.248729, 0.3011178, 5.810431)
(5.248903, 0.3002394, 5.811548)
(5.251672, 0.2965215, 5.816623)
(5.252316, 0.2972396, 5.815996)
(5.251783, 0.2957453, 5.818319)
(5.252161, 0.293129, 5.821357)
(5.252621, 0.2911571, 5.82433)
(5.252582, 0.2881345, 5.828298)
(5.252885, 0.2860417, 5.831128)
(5.253373, 0.2854952, 5.832282)
(5.253598, 0.2832766, 5.834753)
(5.253663, 0.2829786, 5.83568)
(5.254558, 0.2802684, 5.838905)
(5.254567, 0.2779413, 5.841548)
(5.253982, 0.2776984, 5.842462)
(5.255105, 0.2781702, 5.843174)
(5.255887, 0.2746549, 5.847001)
(5.256145, 0.2738083, 5.848808)
(5.255798, 0.2724279, 5.850276)
(5.255674, 0.2723728, 5.850507)
(5.256439, 0.2713619, 5.851671)
(5.256625, 0.271175, 5.8522)
(5.257682, 0.2708757, 5.85301)
(5.258017, 0.2688853, 5.855205)
(5.259843, 0.2681711, 5.856658)
(5.260771, 0.2674091, 5.858494)
(5.259202, 0.2646372, 5.861495)
(5.260129, 0.2642256, 5.862061)
(5.26101, 0.2643736, 5.86248)
(5.260846, 0.2619726, 5.864674)
(5.261575, 0.2629712, 5.863377)
(5.262588, 0.2623667, 5.86411)
(5.263499, 0.2626354, 5.863549)
(5.264987, 0.262056, 5.864)
(5.264361, 0.2616899, 5.86441)
(5.264349, 0.2619674, 5.863492)
(5.265323, 0.2617939, 5.862482)
(5.265364, 0.2633147, 5.860223)
(5.265365, 0.2633682, 5.859154)
(5.264392, 0.2624797, 5.859348)
(5.26477, 0.2628195, 5.859175)
(5.265211, 0.2604926, 5.861582)
(5.265078, 0.2581973, 5.864075)
(5.266527, 0.2584701, 5.863493)
(5.267299, 0.2565923, 5.86451)
(5.269408, 0.2566992, 5.862799)
(5.273205, 0.2558089, 5.862546)
(5.275279, 0.2567777, 5.859814)
(5.280033, 0.257773, 5.856377)
(5.287317, 0.2603419, 5.851552)
(5.293922, 0.2603581, 5.84948)
(5.303772, 0.2567744, 5.852671)
(5.313776, 0.2485744, 5.862636)
(5.329807, 0.2423267, 5.875125)
(5.35538, 0.2366173, 5.889015)
(5.38806, 0.2287915, 5.904848)
(5.417396, 0.2129842, 5.928232)
(5.432437, 0.2011183, 5.944497)
(5.46091, 0.1950255, 5.956257)
(5.508165, 0.1846236, 5.978212)
(5.56426, 0.1792049, 5.997398)
(5.606324, 0.1778099, 6.009379)
(5.642502, 0.1773396, 6.017978)
(5.690393, 0.1679309, 6.038844)
(5.741281, 0.1584903, 6.05823)
(5.794405, 0.1384697, 6.080561)
(5.82817, 0.1248707, 6.085087)
(5.855563, 0.1291768, 6.065235)
(5.88816, 0.1346783, 6.054599)
(5.943024, 0.1222102, 6.046474)
(5.977625, 0.1635879, 5.97582)
(5.903477, 0.1572918, 5.937415)
(5.895709, 0.1135666, 5.949632)
(5.94166, 0.102654, 5.934684)
(5.956247, 0.09218061, 5.914441)
(5.987295, 0.08610144, 5.902416)
(6.024303, 0.09862919, 5.88015)
(6.051778, 0.1086594, 5.860883)
(6.07397, 0.1272995, 5.840976)
(6.088732, 0.1480985, 5.820236)
(6.101871, 0.1622318, 5.803055)
(6.092303, 0.1706101, 5.790804)
(6.091189, 0.1771707, 5.777338)
(6.090462, 0.1802511, 5.769413)
(6.089066, 0.1849825, 5.763305)
(6.084274, 0.1944884, 5.753083)
(6.071105, 0.2041773, 5.747996)
(6.050784, 0.2134418, 5.745138)
(6.037443, 0.2196577, 5.747108)
(6.028305, 0.2249466, 5.751756)
(6.012238, 0.232041, 5.752253)
(5.98214, 0.2393706, 5.749516)
(5.954232, 0.2395957, 5.751094)
(5.928927, 0.2369438, 5.755983)
(5.907136, 0.2383105, 5.757565)
(5.887414, 0.2424522, 5.757453)
(5.856467, 0.2516945, 5.756046)
(5.826475, 0.2564172, 5.75746)
(5.794733, 0.2596684, 5.762191)
(5.756285, 0.2598609, 5.772867)
(5.724084, 0.2614436, 5.780692)
(5.687518, 0.266073, 5.788222)
(5.651029, 0.2693111, 5.794767)
(5.614585, 0.2660491, 5.802111)
(5.579741, 0.2605649, 5.809065)
(5.547144, 0.2506695, 5.814652)
(5.524354, 0.2452568, 5.814666)
(5.500324, 0.2475938, 5.806734)
(5.475356, 0.2475598, 5.801037)
(5.447875, 0.2432164, 5.801624)
(5.417424, 0.2362791, 5.809868)
(5.393109, 0.2363227, 5.820556)
(5.372632, 0.2355876, 5.832718)
(5.358935, 0.2379701, 5.852575)
(5.342742, 0.2476066, 5.862251)
(5.330404, 0.2609231, 5.858814)
(5.319694, 0.2683492, 5.857095)
(5.314664, 0.2720703, 5.858434)
(5.308628, 0.2812524, 5.856202)
(5.305196, 0.2930156, 5.852158)
(5.303719, 0.3025638, 5.854572)
(5.306416, 0.3077425, 5.861499)
(5.31121, 0.3158939, 5.865427)
(5.314627, 0.3190442, 5.870052)
(5.318894, 0.3094734, 5.881988)
(5.322991, 0.2979898, 5.89765)
(5.337296, 0.2845939, 5.917013)
(5.345958, 0.2867562, 5.923702)
(5.416334, 0.3603081, 5.849702)
(5.393842, 0.423411, 5.739406)
(5.160261, 0.3910462, 5.760823)
(5.195088, 0.3678534, 5.724793)
(5.167889, 0.3626348, 5.798319)
(5.309891, 0.3120707, 5.841506)
(5.297957, 0.2868862, 5.865576)
(5.276419, 0.4114719, 5.744138)
(5.300288, 0.4429988, 5.724674)
(5.316861, 0.3834864, 5.790789)
(5.324179, 0.3634452, 5.794736)
(5.260863, 0.3941835, 5.768012)
(5.262948, 0.3839828, 5.767943)
(5.273181, 0.3679709, 5.777937)
(5.276506, 0.3830349, 5.765635)
(5.275822, 0.402648, 5.751879)
(5.284656, 0.3816576, 5.772452)
(5.28019, 0.3749145, 5.7801)
(5.269771, 0.3806843, 5.774134)
(5.273105, 0.3850699, 5.768839)
(5.277611, 0.3855701, 5.768818)
(5.278475, 0.3880888, 5.765366)
(5.27294, 0.3898486, 5.760887)
(5.272475, 0.3896746, 5.760062)
(5.273937, 0.3912576, 5.75871)
(5.272314, 0.3908921, 5.758565)
(5.272028, 0.3955852, 5.753791)
(5.270215, 0.3920172, 5.756452)
(5.271277, 0.3927925, 5.755652)
(5.27343, 0.3951213, 5.752944)
(5.274548, 0.3957153, 5.75238)
(5.273264, 0.3946214, 5.753605)
(5.271435, 0.3954711, 5.752923)
(5.271387, 0.395713, 5.753025)
(5.270309, 0.3953981, 5.753216)
(5.270347, 0.3968171, 5.751884)
(5.269629, 0.3963646, 5.752112)
(5.268499, 0.3961569, 5.751942)
(5.268275, 0.3969872, 5.751404)
(5.267979, 0.394159, 5.754152)
(5.26834, 0.397287, 5.751786)
(5.270159, 0.3963585, 5.752939)
(5.266923, 0.3934577, 5.75571)
(5.264306, 0.3961158, 5.753303)
(5.266059, 0.3956567, 5.753868)
(5.265989, 0.3933836, 5.755879)
(5.26461, 0.3964449, 5.753257)
(5.263736, 0.3935647, 5.755611)
(5.261702, 0.3945533, 5.754285)
(5.262808, 0.394661, 5.754334)
(5.264171, 0.3912781, 5.757708)
(5.262424, 0.3910806, 5.757774)
(5.261932, 0.3914125, 5.758414)
(5.262981, 0.3858612, 5.763807)
(5.26253, 0.3873448, 5.762956)
(5.262163, 0.3866618, 5.763706)
(5.262298, 0.3861899, 5.764372)
(5.263681, 0.3852021, 5.766166)
(5.262743, 0.3812526, 5.769927)
(5.260965, 0.3810885, 5.770288)
(5.260863, 0.3803106, 5.771762)
(5.261965, 0.3792601, 5.77293)
(5.262591, 0.3779456, 5.774995)
(5.261806, 0.3752339, 5.778095)
(5.261654, 0.3732285, 5.780727)
(5.262388, 0.3700932, 5.784538)
(5.263079, 0.3667718, 5.788986)
(5.263572, 0.3659375, 5.790066)
(5.26209, 0.366658, 5.788235)
(5.260179, 0.3645847, 5.790062)
(5.26125, 0.3650072, 5.789113)
(5.260904, 0.3660225, 5.787694)
(5.261822, 0.3673923, 5.786623)
(5.263288, 0.3642839, 5.789615)
(5.259099, 0.3612041, 5.791903)
(5.259283, 0.3648524, 5.787978)
(5.262893, 0.3648251, 5.788486)
(5.264, 0.3605215, 5.79275)
(5.261899, 0.3607818, 5.792014)
(5.261209, 0.3619552, 5.790565)
(5.262275, 0.3603571, 5.792037)
(5.262774, 0.3589867, 5.792988)
(5.261475, 0.3582534, 5.793185)
(5.262487, 0.3576345, 5.793248)
(5.266432, 0.3575649, 5.793327)
(5.269884, 0.3562611, 5.794776)
(5.268337, 0.3508053, 5.79971)
(5.269472, 0.3473014, 5.803095)
(5.273743, 0.3474635, 5.802892)
(5.27604, 0.3459902, 5.804212)
(5.275185, 0.3442906, 5.806733)
(5.277946, 0.3417194, 5.809416)
(5.281775, 0.3405856, 5.811856)
(5.286314, 0.3356246, 5.81791)
(5.290568, 0.335402, 5.818361)
(5.295186, 0.3348026, 5.820463)
(5.301143, 0.3339221, 5.823258)
(5.303678, 0.3255329, 5.832767)
(5.309036, 0.3203319, 5.838478)
(5.32706, 0.3247522, 5.833755)
(5.341882, 0.3064552, 5.852008)
(5.360142, 0.3053486, 5.862622)
(5.401314, 0.3192326, 5.856779)
(5.409601, 0.3051469, 5.875971)
(5.413321, 0.2903474, 5.894969)
(5.431723, 0.2891497, 5.904126)
(5.483079, 0.290388, 5.917269)
(5.506917, 0.269171, 5.947182)
(5.541974, 0.2624334, 5.960208)
(5.562479, 0.2676993, 5.967301)
(5.588153, 0.2590851, 5.984725)
(5.621496, 0.2426792, 6.006472)
(5.650391, 0.2323016, 6.022223)
(5.686815, 0.2093359, 6.036266)
(5.712161, 0.2073025, 6.026554)
(5.713033, 0.227716, 5.989806)
(5.746736, 0.2243474, 5.982989)
(5.753206, 0.2050955, 5.972936)
(5.773811, 0.2409711, 5.945535)
(5.778189, 0.2095149, 5.926588)
(5.68164, 0.180922, 5.973078)
(5.745404, 0.1609311, 5.995481)
(5.795886, 0.173923, 5.991271)
(5.816391, 0.1695627, 5.995794)
(5.858529, 0.1620567, 5.997849)
(5.894767, 0.1545412, 5.989756)
(5.923199, 0.1497667, 5.975093)
(5.953773, 0.1448512, 5.964634)
(5.978812, 0.1373906, 5.955671)
(5.970695, 0.1388379, 5.932775)
(5.981081, 0.1405058, 5.913346)
(5.997077, 0.1472676, 5.892672)
(6.009058, 0.1498923, 5.877167)
(6.012431, 0.1496569, 5.866535)
(6.018073, 0.1487735, 5.856964)
(6.017179, 0.1519041, 5.849021)
(6.020407, 0.1604739, 5.843637)
(6.026185, 0.1709152, 5.840539)
(6.025107, 0.1808807, 5.839599)
(6.019736, 0.1864995, 5.840484)
(6.00634, 0.1899555, 5.844723)
(5.996713, 0.1933437, 5.847908)
(5.982776, 0.1956024, 5.854641)
(5.971835, 0.2007608, 5.856979)
(5.953403, 0.2064571, 5.860201)
(5.92417, 0.2139513, 5.862291)
(5.8957, 0.2213409, 5.86328)
(5.853046, 0.2317547, 5.862651)
(5.821692, 0.2421995, 5.859423)
(5.791026, 0.257068, 5.851444)
(5.764356, 0.2720102, 5.843206)
(5.736551, 0.2955968, 5.827654)
(5.707556, 0.315432, 5.815689)
(5.670931, 0.3385613, 5.805792)
(5.622828, 0.3643172, 5.795377)
(5.582684, 0.3911465, 5.786917)
(5.546269, 0.4194293, 5.781925)
(5.513992, 0.4465257, 5.779769)
(5.481896, 0.47356, 5.78738)
(5.45386, 0.4972151, 5.795759)
(5.437496, 0.5112587, 5.819013)
(5.419645, 0.5281012, 5.830739)
(5.407261, 0.551537, 5.838099)
(5.394375, 0.5781038, 5.842016)
(5.378614, 0.6008622, 5.846023)
(5.374577, 0.6000701, 5.87583)
(5.382634, 0.5751878, 5.927958)
(5.3806, 0.5808633, 5.9457)
(5.413303, 0.6271126, 5.923196)
(5.550869, 0.6707963, 5.832463)
(5.400329, 0.654841, 5.815973)
(5.235557, 0.5908482, 5.838427)
(5.305075, 0.5918607, 5.839439)
(5.302402, 0.6388685, 5.813426)
(5.284338, 0.6192988, 5.815234)
(5.310176, 0.6258174, 5.816254)
(5.344199, 0.64371, 5.799798)
(5.304862, 0.6386948, 5.799644)
(5.250644, 0.620486, 5.804393)
(5.239633, 0.6194047, 5.81147)
(5.297393, 0.6154521, 5.826885)
(5.322448, 0.6179332, 5.833044)
(5.306711, 0.6230302, 5.824313)
(5.275297, 0.6302059, 5.810065)
(5.290505, 0.6289924, 5.814342)
(5.301464, 0.6242841, 5.821423)
(5.297588, 0.6150662, 5.831357)
(5.287734, 0.6204743, 5.824049)
(5.284543, 0.623254, 5.819986)
(5.289394, 0.6209122, 5.822032)
(5.289087, 0.6213688, 5.819916)
(5.285946, 0.6220393, 5.817215)
(5.283339, 0.6217905, 5.815904)
(5.284016, 0.6212612, 5.816247)
(5.285559, 0.620979, 5.81698)
(5.284986, 0.6218092, 5.81644)
(5.28463, 0.6218144, 5.816696)
(5.284949, 0.6203264, 5.818021)
(5.286855, 0.6199625, 5.818867)
(5.287463, 0.6210433, 5.818261)
(5.288446, 0.6206891, 5.818885)
(5.290344, 0.6200005, 5.820085)
(5.291, 0.619551, 5.820838)
(5.291265, 0.6203798, 5.819899)
(5.291726, 0.6187388, 5.821558)
(5.292047, 0.6187813, 5.821096)
(5.292853, 0.620043, 5.819709)
(5.292766, 0.6203898, 5.818902)
(5.292471, 0.6207815, 5.818318)
(5.292084, 0.6201745, 5.818608)
(5.292438, 0.6209654, 5.817846)
(5.291805, 0.6207147, 5.81819)
(5.291049, 0.6199287, 5.818872)
(5.289972, 0.6205695, 5.817969)
(5.288841, 0.6210204, 5.817228)
(5.288598, 0.6199369, 5.81778)
(5.288449, 0.6227156, 5.814874)
(5.28686, 0.6224214, 5.814918)
(5.28618, 0.6218072, 5.814993)
(5.285942, 0.6232046, 5.813471)
(5.2855, 0.6232949, 5.813248)
(5.284752, 0.6234677, 5.812854)
(5.284029, 0.6245573, 5.811595)
(5.283961, 0.6255498, 5.810448)
(5.283568, 0.6256693, 5.809921)
(5.282732, 0.6270847, 5.807986)
(5.282223, 0.6281111, 5.806426)
(5.281808, 0.6295485, 5.8045)
(5.281948, 0.6290243, 5.805124)
(5.282718, 0.6280682, 5.806228)
(5.282239, 0.6277314, 5.806811)
(5.282134, 0.6275405, 5.807138)
(5.282217, 0.6267428, 5.808251)
(5.282419, 0.6267983, 5.808259)
(5.282314, 0.6270458, 5.808137)
(5.282259, 0.6272281, 5.807918)
(5.282157, 0.6271737, 5.807804)
(5.282159, 0.6274503, 5.80759)
(5.281692, 0.627102, 5.807814)
(5.281066, 0.6275972, 5.807362)
(5.280928, 0.6273745, 5.807724)
(5.281166, 0.627398, 5.80775)
(5.280957, 0.6275223, 5.807695)
(5.280598, 0.628171, 5.807084)
(5.280043, 0.6273867, 5.80792)
(5.280037, 0.6277247, 5.807522)
(5.280056, 0.6281584, 5.807236)
(5.280046, 0.6282603, 5.807109)
(5.279737, 0.6283801, 5.807363)
(5.27948, 0.6281975, 5.807401)
(5.279309, 0.6280659, 5.807647)
(5.279032, 0.6281691, 5.807503)
(5.278788, 0.6281412, 5.807418)
(5.278859, 0.6289238, 5.806716)
(5.278785, 0.628739, 5.806762)
(5.2783, 0.6285542, 5.806957)
(5.278242, 0.628731, 5.806803)
(5.278229, 0.6288271, 5.806791)
(5.27787, 0.6289459, 5.806534)
(5.277734, 0.6294734, 5.805916)
(5.277894, 0.6301097, 5.805049)
(5.277575, 0.6304489, 5.804509)
(5.277227, 0.6306907, 5.803988)
(5.277317, 0.6305441, 5.804121)
(5.277155, 0.6304699, 5.804107)
(5.277219, 0.6310662, 5.803556)
(5.276883, 0.6309491, 5.80342)
