(53.02082, 2.71008, 288.4821)
(52.24092, 3.848648, 286.6241)
(51.76289, 4.583335, 285.4735)
(50.02892, 6.211162, 283.1109)
(50.02892, 6.211162, 283.1109)
(48.20001, 8.015084, 281.2537)
(47.34057, 8.999562, 280.6087)
(46.72478, 9.975815, 279.6076)
(46.01388, 10.95006, 278.7362)
(45.35208, 11.79674, 277.8243)
(44.7286, 12.68976, 276.5439)
(44.16887, 13.07631, 275.5424)
(43.57188, 13.56256, 274.5144)
(43.07517, 13.78486, 273.3363)
(42.36111, 14.28566, 272.0096)
(41.9483, 14.24639, 270.7972)
(41.33411, 14.46161, 269.6072)
(40.91321, 14.33482, 268.3981)
(40.46191, 14.04321, 267.1573)
(39.84244, 13.84242, 266.1192)
(39.41767, 13.19196, 265.2206)
(38.95903, 12.66892, 264.3259)
(38.40807, 11.74498, 263.6876)
(38.03162, 10.95364, 263.0689)
(37.6811, 9.969759, 262.4792)
(37.65206, 9.625697, 261.9568)
(37.14058, 8.027506, 261.5114)
(36.95964, 6.823659, 261.1241)
(36.7485, 5.877614, 260.7845)
(36.59377, 4.908514, 260.6239)
(36.51382, 3.897429, 260.3667)
(36.3652, 2.862215, 260.2074)
(36.16801, 1.808763, 259.9583)
(36.08967, 1.066089, 259.6966)
