0.3585303
0.3550147
0.3426
0.3285233
0.3350865
0.2939856
0.2648616
0.2761711
0.2665915
0.2585268
0.233006
0.2051483
0.178258
0.1705641
0.1686163
0.156097
0.1394179
0.1353358
0.1365902
0.1321456
0.06519477
0.02927557
0.03238783
0.05099886
0.04060774
0.02856231
0.03268163
0.02188045
0.006215872
0.01315674
0.009078421
0.02414369
0.01224224
0.03035357
0.03452057
0.02161712
0.03509287
0.04851432
0.04845107
0.05892906
0.06280581
0.05502224
0.06798296
0.07237705
0.05562593
0.05605626
0.06000644
MSE 0.1235926
total_moving_Distance 0.474367