(-41.7061, 3.854918, 141.2599)
(-41.35133, 4.737997, 142.4521)
(-40.89025, 7.902956, 144.9716)
(-39.86032, 11.29405, 147.1783)
(-38.518, 15.08787, 150.2118)
(-38.518, 15.08787, 150.2118)
(-37.4653, 18.22248, 153.9151)
(-37.07049, 19.24124, 155.3218)
(-36.64523, 20.35561, 156.6364)
(-36.2677, 21.15922, 157.9463)
(-35.7523, 22.25804, 159.3946)
(-35.55229, 22.6017, 160.2699)
(-35.13366, 23.41449, 162.4522)
(-34.95138, 23.69795, 163.5968)
(-34.75572, 23.73397, 164.8009)
(-34.8212, 23.58966, 165.8579)
(-34.98479, 23.16446, 167.8451)
(-35.06087, 22.87142, 168.8344)
(-35.27123, 22.28746, 169.7163)
(-35.4471, 21.77727, 170.5848)
(-35.6734, 20.92297, 171.3595)
(-35.91102, 20.01519, 172.0995)
(-36.15322, 19.15271, 172.8911)
(-36.41346, 18.03162, 173.4405)
(-36.77596, 16.59002, 174.1946)
(-36.98975, 15.61115, 174.723)
(-37.47141, 13.27116, 175.7573)
(-37.67855, 12.12127, 176.3526)
(-38.01218, 10.73427, 176.7717)
(-38.26219, 9.515095, 177.2201)
(-38.54654, 8.006382, 177.8201)
(-38.71704, 7.134748, 178.1617)
(-39.20194, 4.19724, 179.1117)
(-39.49842, 2.722836, 179.4602)
(-39.71014, 1.583672, 179.9239)
(-39.83327, 0.7016659, 180.4418)
