(335.8663, 175.9122, 348.0469)
(336.0011, 172.6081, 352.1376)
(336.145, 169.0961, 356.3169)
(331.9794, 163.2108, 357.254)
(336.9582, 162.1188, 358.3721)
(335.4882, 161.7809, 359.5342)
(335.269, 161.5919, 0.1271249)
(334.5182, 161.3739, 359.6593)
(333.9748, 161.3043, 359.7542)
(332.286, 161.7093, 359.3973)
(327.9979, 163.6468, 358.1963)
(326.497, 164.4999, 357.6302)
(323.7237, 166.3232, 355.8064)
(322.7213, 167.2346, 354.4084)
(319.907, 168.6908, 352.7091)
(317.1807, 170.9462, 350.1549)
(316.0718, 172.1201, 348.3572)
(313.89, 173.4374, 345.9341)
(311.4355, 173.8907, 346.1666)
(309.3216, 176.3897, 344.9463)
(308.4482, 177.8949, 343.5389)
(307.1366, 179.7774, 340.8083)
(306.7291, 180.4003, 339.4835)
(307.0138, 180.0105, 336.8457)
(307.0041, 180.3334, 335.4235)
(305.6106, 182.8126, 333.2348)
(303.2739, 187.9066, 328.3954)
(302.9267, 189.6894, 325.7589)
(303.1383, 191.24, 323.1453)
(301.6633, 192.4252, 318.5503)
(300.6438, 193.8469, 316.79)
(299.7453, 201.6561, 310.8484)
(299.5826, 205.9421, 307.0427)
(299.3672, 213.3728, 299.4873)
(298.9201, 214.923, 296.7612)
(296.1615, 210.2981, 296.5449)
(295.8088, 208.8897, 297.2952)
(296.4341, 210.217, 295.8951)
(296.433, 218.6575, 288.496)
(301.6337, 204.0968, 301.6549)
(300.8765, 209.1236, 296.4427)
(292.1656, 204.4255, 303.6635)
(296.2495, 204.0211, 303.2162)
(299.4584, 200.0979, 306.7101)
(301.6239, 193.8117, 313.2495)
(302.7298, 194.4504, 312.7645)
