0.1480483
0.1239187
0.08623754
0.1646757
0.1638772
0.1052554
0.1579966
0.1674771
0.08721582
0.06554776
0.07795393
0.0478585
0.0313354
0.007100796
0.06778455
0.1465162
0.1078825
0.06650466
0.1012829
0.103599
0.09971537
0.1117663
0.2093299
0.2192195
0.01990034
0.02826755
0.1101427
0.1144973
0.09873469
0.09268363
0.09163632
0.08290406
0.08741891
0.09046572
0.09147559
0.06852811
0.05293967
0.05184498
0.04504437
0.04010628
0.04456292
0.07362424
0.1065915
0.02420292
0.02062531
0.04881459
0.03719875
0.03577078
0.06253099
0.08010165
0.03069345
MSE 0.08626287
total_moving_Distance 0.4473755