(-0.5721326, 0.5980375, -1.848129)
(-0.572125, 0.5980483, -1.848165)
(-0.5720425, 0.5979501, -1.848258)
(-0.5720711, 0.5979285, -1.848234)
(-0.5720737, 0.5979421, -1.848243)
(-0.5720685, 0.5979462, -1.84823)
(-0.5720999, 0.5980057, -1.848277)
(-0.5720756, 0.5980262, -1.848313)
(-0.5720639, 0.5980376, -1.848347)
(-0.5721545, 0.5979328, -1.848337)
(-0.5721426, 0.5979363, -1.848313)
(-0.5721552, 0.5979521, -1.848335)
(-0.57216, 0.5979913, -1.848367)
(-0.5721579, 0.5979882, -1.848338)
(-0.5721743, 0.5980405, -1.848328)
(-0.5721636, 0.5980347, -1.848324)
(-0.5721636, 0.5980495, -1.848338)
(-0.572175, 0.5980676, -1.848362)
(-0.5721829, 0.598062, -1.848367)
(-0.5721717, 0.5980754, -1.848431)
(-0.5721374, 0.598065, -1.84848)
(-0.5723724, 0.5979725, -1.8485)
(-0.5723915, 0.5979633, -1.848481)
(-0.5723867, 0.597942, -1.848509)
(-0.5724087, 0.5978451, -1.848474)
(-0.5723944, 0.5978419, -1.848436)
(-0.5724597, 0.5978757, -1.848385)
(-0.5724955, 0.5978643, -1.848406)
(-0.5725112, 0.5978512, -1.848333)
(-0.5725722, 0.5978914, -1.848299)
(-0.5725698, 0.5978504, -1.848285)
(-0.5725946, 0.5978421, -1.848291)
(-0.5725608, 0.5977691, -1.848351)
(-0.5723608, 0.5979007, -1.848379)
(-0.5723572, 0.5979068, -1.848318)
(-0.572372, 0.5979033, -1.848304)
(-0.5722809, 0.5978929, -1.84828)
(-0.572289, 0.5978971, -1.848333)
(-0.5723317, 0.5979425, -1.848289)
(-0.5724449, 0.5980594, -1.848383)
(-0.5724568, 0.5980564, -1.848418)
(-0.5724247, 0.5979923, -1.848513)
(-0.5722289, 0.5979738, -1.848482)
(-0.5722179, 0.5979717, -1.848478)
(-0.5722475, 0.5979707, -1.848456)
(-0.5721183, 0.5978217, -1.848357)
(-0.5721273, 0.5977987, -1.848268)
(-0.5721655, 0.5978589, -1.84819)
(-0.5721378, 0.5978742, -1.848199)
(-0.5721567, 0.5978689, -1.848315)
(-0.5721352, 0.5978569, -1.848312)
(-0.5723352, 0.5977228, -1.848301)
(-0.5723219, 0.5977135, -1.848245)
(-0.5723598, 0.597687, -1.848211)
(-0.5722485, 0.5977635, -1.848228)
(-0.5722508, 0.597754, -1.848142)
(-0.5722592, 0.5977647, -1.848119)
(-0.5724516, 0.5977426, -1.848142)
(-0.5724535, 0.5977761, -1.848191)
(-0.5724454, 0.5977541, -1.848209)
(-0.5724354, 0.5977023, -1.848194)
(-0.5724473, 0.5976868, -1.848143)
(-0.5725162, 0.5977308, -1.848087)
(-0.5725615, 0.5978647, -1.848181)
(-0.5725942, 0.5978633, -1.848253)
(-0.5725925, 0.5977952, -1.848296)
(-0.5725834, 0.5977782, -1.848314)
(-0.5725121, 0.5979358, -1.848419)
(-0.5725634, 0.5979693, -1.848389)
(-0.5723333, 0.5980324, -1.848355)
(-0.5723248, 0.5980318, -1.848311)
(-0.5723071, 0.5980321, -1.848323)
(-0.5724328, 0.5979683, -1.848323)
(-0.5724635, 0.597964, -1.848307)
(-0.5724335, 0.5979522, -1.848342)
(-0.5722847, 0.5979375, -1.848302)
(-0.572329, 0.5978249, -1.848282)
(-0.5723069, 0.5977743, -1.848311)
(-0.5723794, 0.5977157, -1.848285)
(-0.5723786, 0.5977045, -1.848232)
(-0.5724378, 0.5977794, -1.848155)
(-0.5722575, 0.5979149, -1.848166)
(-0.5722511, 0.5979095, -1.848097)
(-0.5722151, 0.5978615, -1.848144)
(-0.5721531, 0.5978665, -1.848107)
(-0.5721335, 0.5979092, -1.848235)
(-0.5721452, 0.5979881, -1.848174)
(-0.5722589, 0.5980303, -1.848219)
(-0.5722437, 0.5980439, -1.848253)
(-0.5722275, 0.5979795, -1.848284)
(-0.5723031, 0.5978463, -1.848253)
(-0.5723338, 0.5978384, -1.848363)
(-0.5723467, 0.5978743, -1.848323)
(-0.5723631, 0.5978726, -1.84832)
(-0.5723965, 0.5978065, -1.848199)
(-0.5723681, 0.597734, -1.848244)
(-0.5722108, 0.5978817, -1.848289)
(-0.5721836, 0.5978739, -1.848242)
(-0.5721636, 0.597828, -1.848278)
(-0.57214, 0.5977563, -1.848233)
(-0.5721612, 0.5977458, -1.848194)
(-0.5722108, 0.5978318, -1.84809)
(-0.5722971, 0.5978286, -1.848088)
(-0.5722384, 0.5980148, -1.848225)
(-0.5722179, 0.5979741, -1.848259)
(-0.5721929, 0.5980029, -1.848274)
(-0.5721667, 0.5979929, -1.848151)
(-0.5721674, 0.5980043, -1.848134)
(-0.5723362, 0.5979319, -1.848137)
(-0.5723596, 0.5979179, -1.84824)
(-0.572299, 0.5978605, -1.848329)
(-0.5721719, 0.597847, -1.848306)
(-0.5721469, 0.5979134, -1.848283)
(-0.5721974, 0.5979583, -1.848184)
(-0.5722795, 0.5980107, -1.848236)
(-0.5722742, 0.597999, -1.848298)
(-0.572263, 0.5980011, -1.848312)
(-0.5721734, 0.5980731, -1.848305)
(-0.572166, 0.5980768, -1.848204)
(-0.5721636, 0.5981224, -1.848163)
(-0.5723109, 0.5981148, -1.848167)
(-0.5723991, 0.5979054, -1.848106)
(-0.5724082, 0.5979065, -1.848049)
(-0.5725443, 0.5979527, -1.848093)
(-0.5725589, 0.597945, -1.84813)
(-0.5725346, 0.5978521, -1.848163)
(-0.5725589, 0.5977981, -1.848135)
(-0.5725918, 0.5977949, -1.848281)
(-0.5726209, 0.5977963, -1.848272)
(-0.5723743, 0.5977825, -1.848201)
(-0.5723219, 0.597846, -1.848169)
(-0.5723019, 0.5977829, -1.848228)
(-0.5723236, 0.5978417, -1.848273)
(-0.572331, 0.5978336, -1.848264)
(-0.5723615, 0.5978557, -1.848202)
(-0.5721655, 0.597919, -1.848195)
(-0.5721593, 0.5979006, -1.848122)
(-0.5721016, 0.5978686, -1.84818)
(-0.5721664, 0.5978532, -1.848168)
(-0.5721545, 0.5979046, -1.848264)
(-0.5721664, 0.59791, -1.848239)
(-0.5720303, 0.5979946, -1.848266)
(-0.5719981, 0.5979869, -1.848298)
(-0.571949, 0.5979681, -1.848319)
(-0.5719619, 0.5978277, -1.848263)
(-0.5719204, 0.597824, -1.848359)
(-0.5719533, 0.597857, -1.848347)
(-0.5720415, 0.597841, -1.848365)
(-0.5720668, 0.5977167, -1.848423)
(-0.5720663, 0.5977222, -1.848435)
(-0.5722885, 0.5976019, -1.848447)
(-0.5723038, 0.597564, -1.848528)
(-0.5723109, 0.5975596, -1.848501)
(-0.5721893, 0.5976478, -1.848542)
(-0.5721977, 0.5976559, -1.848493)
(-0.5722609, 0.5977142, -1.84842)
(-0.5722275, 0.5977145, -1.848426)
(-0.5722308, 0.5976547, -1.848238)
(-0.5722804, 0.5977242, -1.848169)
(-0.5722497, 0.5977651, -1.848175)
(-0.5722585, 0.5977387, -1.848276)
(-0.5722523, 0.5977526, -1.848268)
(-0.5721505, 0.5978503, -1.848292)
(-0.5721445, 0.5978439, -1.848257)
(-0.5721192, 0.5978496, -1.848257)
(-0.5720387, 0.597852, -1.848237)
(-0.5720174, 0.5978357, -1.848282)
(-0.5720239, 0.5978699, -1.848261)
(-0.5722346, 0.5978487, -1.848297)
(-0.5722356, 0.5978467, -1.848276)
(-0.5722528, 0.5978602, -1.848238)
(-0.5722528, 0.5979782, -1.848295)
(-0.5722971, 0.5979841, -1.848338)
(-0.5722737, 0.5979474, -1.848346)
(-0.5723276, 0.5979278, -1.848369)
(-0.5723548, 0.59786, -1.848322)
(-0.5723591, 0.5978394, -1.848342)
(-0.5724134, 0.5978775, -1.848397)
(-0.5724382, 0.5978712, -1.848322)
(-0.5724459, 0.5978725, -1.848338)
(-0.5722401, 0.5978422, -1.848266)
(-0.5722475, 0.597822, -1.848183)
(-0.5722265, 0.5977662, -1.848243)
(-0.5723844, 0.597731, -1.848262)
(-0.5723963, 0.5977315, -1.848306)
(-0.5724099, 0.5977398, -1.848303)
(-0.5724921, 0.597762, -1.848337)
(-0.5724964, 0.5977569, -1.848324)
(-0.572474, 0.5977409, -1.848343)
(-0.5725596, 0.5977101, -1.848382)
(-0.5725703, 0.5977081, -1.848338)
(-0.5725896, 0.5976813, -1.848341)
(-0.5723431, 0.5976828, -1.848293)
(-0.5723443, 0.5976356, -1.848287)
(-0.5723748, 0.5976903, -1.848238)
(-0.5724649, 0.5977842, -1.848315)
(-0.5724833, 0.5977583, -1.848405)
(-0.5725372, 0.5978135, -1.848338)
(-0.5724306, 0.5977821, -1.848301)
(-0.5724463, 0.5977583, -1.848326)
(-0.5724578, 0.5977259, -1.848359)
(-0.5723042, 0.5977136, -1.848341)
(-0.572258, 0.5977966, -1.848342)
(-0.5722127, 0.5977535, -1.848375)
(-0.5722461, 0.597734, -1.848381)
(-0.5722394, 0.5977515, -1.848469)
(-0.5722806, 0.5978557, -1.848397)
(-0.5723619, 0.5977572, -1.848397)
(-0.5723667, 0.5977221, -1.848432)
(-0.5723572, 0.5977216, -1.848431)
(-0.5721946, 0.5977204, -1.848402)
(-0.5721676, 0.5977614, -1.84841)
(-0.5721936, 0.5977988, -1.848358)
(-0.5721674, 0.5977956, -1.848351)
(-0.572166, 0.5977454, -1.848377)
(-0.5721362, 0.5977001, -1.848415)
(-0.5720396, 0.597829, -1.848471)
(-0.5720172, 0.5978382, -1.848462)
(-0.5719979, 0.5978458, -1.848441)
(-0.5719514, 0.5978374, -1.848426)
(-0.5719323, 0.5978639, -1.848373)
(-0.5719249, 0.5979015, -1.848328)
(-0.5721636, 0.5978796, -1.848386)
(-0.5721769, 0.5978482, -1.848343)
(-0.5721912, 0.597886, -1.848293)
(-0.5720358, 0.597957, -1.848298)
(-0.5720279, 0.5979559, -1.848156)
(-0.5720162, 0.5979853, -1.848122)
(-0.5719881, 0.5979832, -1.848097)
(-0.5720015, 0.5978825, -1.848056)
(-0.5720119, 0.5978968, -1.848014)
(-0.5720248, 0.5978892, -1.848001)
(-0.5719628, 0.5980451, -1.848102)
(-0.571919, 0.5979935, -1.848145)
(-0.5722585, 0.5980111, -1.848222)
(-0.5722487, 0.5979934, -1.848155)
(-0.5722623, 0.5980201, -1.848124)
(-0.5721953, 0.598016, -1.848099)
(-0.572238, 0.5978873, -1.848153)
(-0.5722003, 0.5978129, -1.848178)
(-0.5721204, 0.5978059, -1.848163)
