(3595.909, 188.0143, 7027.818)
(-27.72452, 22.68827, -130.572)
(-29.9776, 27.98143, -147.9618)
(-36.58039, 90.68944, -141.4157)
(-51.13138, 108.8314, -126.9081)
(-67.83287, 93.46838, -104.422)
(-43.73796, 62.10795, -92.02005)
(-29.30027, 85.73338, -106.9677)
(-32.95018, 61.12579, -100.4363)
(-21.7431, 40.59137, -119.586)
(2.944643, 46.01974, -146.6051)
(-11.37005, 43.92137, -160.4205)
(-5.27727, 21.3216, -157.6746)
(-14.43312, 32.80275, -159.7144)
(-19.97356, 9.805403, -149.7149)
(-27.20695, 1.827568, -148.7518)
(-41.53241, 10.40255, -161.0428)
(-34.24868, 7.395669, -140.9149)
(-33.50883, -1.167405, -144.4749)
(-24.22469, -2.541365, -152.1247)
(-25.10047, -1.074521, -124.1839)
(-23.30488, -3.642529, -150.7829)
(-16.64695, -1.353365, -162.3706)
(-18.0461, -7.922678, -151.3229)
(-16.80366, -10.88495, -151.1706)
(-21.13231, -18.60431, -156.2388)
(-25.27512, -16.95958, -133.0723)
(-21.70276, -31.39245, -178.6632)
(-25.19684, -23.61644, -152.8782)
(-32.48434, -25.08343, -148.8685)
(-29.704, -27.52829, -157.8035)
(-30.0423, -29.58389, -146.9369)
(-42.6281, -26.83702, -144.2113)
(-38.95716, -28.98964, -151.3837)
(-41.51249, -23.17372, -140.0223)
(-41.83866, -20.57749, -132.2872)
(-38.86785, -24.61233, -140.5319)
(-37.18899, -26.696, -124.0791)
(-35.93007, -22.32664, -124.687)
(-32.65888, -20.7248, -119.4028)
(-22.70627, -26.41998, -116.469)
(-25.84306, -16.80782, -110.2519)
(-24.95729, -18.53339, -100.5882)
(-27.37877, -19.25551, -117.0432)
(-29.0508, -13.76599, -94.79186)
(-27.42053, -17.25275, -97.16222)
(-24.58413, -16.06688, -90.49593)
(-22.51397, -11.98743, -78.75493)
(-21.53101, -15.31337, -77.09269)
(-17.33223, -15.16789, -76.09034)
(-19.75689, -14.33426, -55.51238)
(-19.13288, -13.23825, -61.01366)
(-22.70195, -5.410015, -46.19287)
(-23.89215, -8.487103, -39.38491)
(-21.29867, -14.41575, -45.2666)
(-30.36665, -21.32813, -36.92726)
(-22.24923, -15.28561, -28.7738)
(-23.24632, -8.710376, -21.55428)
(-17.48555, -6.915061, -31.17798)
(-34.30428, -38.56591, -20.17678)
(-25.71517, -39.7768, -25.24899)
(-5.054029, -49.49821, 14.96352)
(5.169118, -28.36381, 45.92122)
