0.3791157
0.3567122
0.3322241
0.334138
0.2803456
0.2413221
0.2310813
0.218179
0.1703672
0.1124724
0.118267
0.1372103
0.10906
0.1074416
0.117419
0.0726575
0.07934569
0.09510794
0.07513282
0.0739121
0.08881635
0.08017665
0.0781732
0.08422213
0.08376919
0.08172456
0.08123749
0.09813777
0.07319929
0.06571843
0.08299087
0.1192411
0.1285702
0.05966671
0.06724853
0.1296597
0.1366057
0.1545304
0.1351367
0.1357889
0.1371774
0.1192569
0.1224016
0.1252985
0.1363795
0.1390135
0.1608297
0.1771783
0.1628528
MSE 0.1405411
total_moving_Distance 0.4782078