(5.327425, 1.332254, 5.616012)
(5.329302, 1.330204, 5.617707)
(5.328815, 1.325732, 5.620921)
(5.328063, 1.325011, 5.621455)
(5.326666, 1.327343, 5.619772)
(5.326784, 1.327034, 5.619788)
(5.326494, 1.325337, 5.621372)
(5.326456, 1.324259, 5.622002)
(5.327777, 1.324582, 5.621855)
(5.329432, 1.324512, 5.621278)
(5.330113, 1.325883, 5.619475)
(5.331764, 1.329878, 5.616024)
(5.330827, 1.324645, 5.621695)
(5.329514, 1.318551, 5.627267)
(5.329994, 1.318342, 5.627944)
(5.332711, 1.321019, 5.626051)
(5.334289, 1.322038, 5.625305)
(5.335788, 1.326053, 5.622633)
(5.336984, 1.328809, 5.621975)
(5.336726, 1.329977, 5.624113)
(5.34273, 1.333423, 5.624746)
(5.353618, 1.346012, 5.617886)
(5.3882, 1.380998, 5.595196)
(5.477879, 1.359081, 5.606699)
(5.515912, 1.286115, 5.675891)
(5.545824, 1.264989, 5.740179)
(5.503519, 1.314482, 5.743449)
(5.483773, 1.386234, 5.693319)
(5.315108, 1.34323, 5.837304)
(5.311385, 1.281649, 5.945321)
(5.31907, 1.26913, 5.976817)
(5.293548, 1.306968, 5.953506)
(5.261428, 1.299793, 5.979678)
(5.243657, 1.27093, 6.01585)
(5.226506, 1.242731, 6.043473)
(5.205207, 1.200593, 6.078269)
(5.190731, 1.162287, 6.111104)
(5.186165, 1.141231, 6.125844)
(5.188989, 1.140649, 6.111211)
(5.189201, 1.151827, 6.085734)
(5.20182, 1.182387, 6.035399)
(5.201569, 1.205744, 5.998593)
(5.201598, 1.243861, 5.943983)
(5.19815, 1.257671, 5.915125)
(5.186981, 1.279345, 5.877585)
(5.180615, 1.310492, 5.83253)
(5.179471, 1.349921, 5.776199)
(5.188501, 1.383515, 5.722083)
(5.211888, 1.422605, 5.655859)
(5.238732, 1.452699, 5.596904)
(5.260047, 1.475021, 5.547627)
(5.267536, 1.502642, 5.489843)
(5.251931, 1.523239, 5.441249)
(5.239873, 1.540172, 5.401115)
(5.228787, 1.540926, 5.387589)
(5.220197, 1.522385, 5.398652)
(5.220768, 1.525427, 5.394065)
(5.223321, 1.542494, 5.373855)
(5.232572, 1.556557, 5.35824)
(5.268256, 1.536563, 5.372395)
(5.314505, 1.534244, 5.34689)
(5.328703, 1.559975, 5.302762)
(5.285319, 1.5293, 5.321168)
(5.270932, 1.521821, 5.34804)
(5.264328, 1.452546, 5.413443)
(5.285645, 1.408072, 5.4692)
(5.31609, 1.351651, 5.53851)
(5.340707, 1.306007, 5.593614)
(5.345335, 1.266615, 5.647638)
(5.345293, 1.243802, 5.687783)
(5.363066, 1.183046, 5.746807)
(5.495114, 1.13205, 5.69242)
(5.532797, 1.084708, 5.724554)
(5.233735, 1.211638, 5.630339)
(5.180492, 1.67882, 5.298595)
(5.203983, 1.8449, 5.179869)
(5.326267, 1.214599, 5.671696)
(5.379881, 1.172868, 5.720683)
(5.402563, 1.209306, 5.712873)
(5.40504, 1.088648, 5.793078)
(5.370607, 1.093295, 5.774794)
(5.360405, 1.229881, 5.662928)
(5.330362, 1.383074, 5.542135)
(5.307918, 1.417992, 5.496663)
(5.315188, 1.412317, 5.50336)
(5.341055, 1.318523, 5.591662)
(5.333629, 1.24712, 5.655197)
(5.345047, 1.19019, 5.70734)
(5.344273, 1.1836, 5.712631)
(5.340719, 1.242516, 5.658522)
(5.344347, 1.305709, 5.599998)
(5.340393, 1.337878, 5.567987)
(5.337123, 1.331122, 5.572439)
(5.335448, 1.320577, 5.580783)
(5.341611, 1.285139, 5.610184)
(5.345983, 1.284954, 5.609491)
(5.350838, 1.295821, 5.601439)
(5.349738, 1.299048, 5.598516)
(5.34707, 1.300696, 5.596421)
(5.342787, 1.295817, 5.601835)
(5.335953, 1.294732, 5.601299)
(5.337835, 1.304058, 5.591645)
(5.339713, 1.313112, 5.582907)
(5.344932, 1.317243, 5.578331)
(5.34262, 1.314722, 5.580078)
(5.336701, 1.307911, 5.58357)
(5.335649, 1.309722, 5.582036)
(5.337463, 1.313274, 5.577182)
(5.342601, 1.315771, 5.572845)
(5.353398, 1.319461, 5.568361)
(5.359105, 1.319421, 5.564674)
(5.362426, 1.326463, 5.555932)
(5.363997, 1.336027, 5.545635)
(5.36236, 1.342366, 5.536005)
(5.364616, 1.349648, 5.527568)
(5.364184, 1.35368, 5.523766)
(5.365655, 1.353297, 5.521936)
(5.369815, 1.353592, 5.521771)
(5.37499, 1.354633, 5.521893)
(5.370702, 1.34505, 5.53048)
(5.367577, 1.336871, 5.538676)
(5.363066, 1.335212, 5.541588)
(5.363282, 1.335225, 5.540665)
(5.3657, 1.342797, 5.533038)
(5.368377, 1.353616, 5.52509)
(5.369189, 1.345915, 5.531213)
(5.36764, 1.333229, 5.542552)
(5.362593, 1.328876, 5.546872)
(5.361387, 1.339146, 5.537982)
(5.365831, 1.341708, 5.53461)
(5.369472, 1.342756, 5.5338)
(5.364371, 1.336602, 5.541044)
(5.361584, 1.321654, 5.555131)
(5.359492, 1.306868, 5.569613)
(5.358859, 1.296633, 5.581081)
(5.358198, 1.291736, 5.587665)
(5.357582, 1.286773, 5.592003)
(5.352745, 1.282671, 5.595391)
(5.349162, 1.281163, 5.597116)
(5.350111, 1.285163, 5.593911)
(5.354089, 1.286744, 5.593862)
(5.36256, 1.282185, 5.596906)
(5.364965, 1.279221, 5.598268)
(5.361111, 1.286262, 5.592345)
(5.354832, 1.28819, 5.592674)
(5.354694, 1.281392, 5.597496)
(5.354188, 1.279133, 5.599225)
(5.351229, 1.280111, 5.597506)
(5.348427, 1.288571, 5.589728)
(5.348868, 1.289858, 5.588184)
(5.352526, 1.291691, 5.58448)
(5.35137, 1.294459, 5.582163)
(5.347476, 1.296929, 5.580538)
(5.340299, 1.2891, 5.589665)
(5.338726, 1.285858, 5.594425)
(5.342436, 1.277753, 5.603114)
(5.346159, 1.277972, 5.602538)
(5.350543, 1.285872, 5.597029)
(5.348812, 1.284074, 5.600107)
(5.347666, 1.278522, 5.605722)
(5.344374, 1.262108, 5.620921)
(5.338275, 1.294332, 5.595918)
(5.353255, 1.282624, 5.602618)
(5.340384, 1.26501, 5.62321)
(5.347362, 1.276542, 5.612124)
(5.34903, 1.267496, 5.6207)
(5.344144, 1.27404, 5.619881)
(5.352921, 1.277, 5.614577)
(5.353206, 1.273374, 5.622762)
(5.362506, 1.267252, 5.62896)
(5.356197, 1.255561, 5.640898)
(5.359402, 1.258244, 5.639666)
(5.348663, 1.260874, 5.644423)
(5.363358, 1.261444, 5.643939)
(5.376799, 1.268254, 5.644404)
(5.388894, 1.27721, 5.64796)
(5.419705, 1.265768, 5.659945)
(5.464784, 1.236134, 5.697067)
(5.501185, 1.190718, 5.739957)
(5.548018, 1.088046, 5.832925)
(5.581868, 1.047127, 5.873767)
(5.620407, 1.055189, 5.866134)
(5.670613, 1.098604, 5.835957)
(5.687031, 1.103086, 5.837982)
(5.610384, 1.024127, 5.91067)
(5.593782, 0.9380759, 5.995193)
(5.645399, 0.8181066, 6.145271)
(5.579879, 0.7979503, 6.135583)
(5.492848, 0.6867542, 6.228558)
(5.342546, 0.8636354, 6.118028)
(5.419196, 1.052069, 6.001943)
(5.557244, 1.00047, 6.051062)
(5.572581, 0.9844619, 6.104564)
(5.598222, 0.9518698, 6.157938)
(5.570056, 0.939032, 6.209979)
(5.537672, 0.9352782, 6.259256)
(5.537294, 0.9306071, 0.01911886)
(5.535183, 0.9019132, 0.08249555)
(5.541654, 0.895969, 0.1196832)
(5.534718, 0.9017365, 0.1412576)
(5.532244, 0.8983439, 0.1594271)
(5.535932, 0.8949943, 0.1786727)
(5.551587, 0.8952675, 0.1759377)
(5.562575, 0.8963901, 0.1733568)
(5.578544, 0.9025047, 0.1526149)
(5.590909, 0.9039504, 0.1386533)
(5.601652, 0.9019575, 0.1292676)
(5.606609, 0.8961752, 0.1170664)
(5.608795, 0.8939884, 0.1075702)
(5.60283, 0.8957686, 0.09441217)
(5.592284, 0.8978536, 0.08193295)
(5.572432, 0.9065098, 0.06651588)
(5.562172, 0.9103809, 0.05400293)
(5.553819, 0.917814, 0.04266591)
(5.546545, 0.9289058, 0.02825625)
(5.534482, 0.9488465, 0.004175344)
(5.516409, 0.9725423, 6.260191)
(5.501679, 0.9964306, 6.234554)
(5.492822, 1.014459, 6.212481)
(5.48943, 1.034754, 6.18469)
(5.473126, 1.062754, 6.143806)
(5.45891, 1.079008, 6.114757)
(5.446934, 1.093836, 6.082739)
(5.4317, 1.105173, 6.052329)
(5.416997, 1.113274, 6.026753)
(5.409236, 1.125086, 5.996557)
(5.403856, 1.143716, 5.959912)
(5.407271, 1.172564, 5.910076)
(5.405193, 1.196416, 5.867426)
(5.400156, 1.220884, 5.823775)
(5.392072, 1.239844, 5.787682)
(5.37906, 1.253752, 5.758947)
(5.370562, 1.269508, 5.727521)
(5.360668, 1.272017, 5.711465)
(5.355955, 1.277511, 5.69111)
(5.350464, 1.275099, 5.678017)
(5.351574, 1.269121, 5.668793)
(5.352842, 1.263943, 5.656415)
(5.34795, 1.245512, 5.654617)
(5.338707, 1.222535, 5.659988)
(5.332602, 1.198489, 5.667284)
(5.331442, 1.178576, 5.670736)
(5.338459, 1.156551, 5.676606)
(5.353529, 1.133388, 5.685994)
(5.371792, 1.105818, 5.701576)
(5.493043, 1.059675, 5.702343)
(5.432223, 1.242547, 5.53592)
(5.245565, 1.402241, 5.464363)
(5.224735, 1.380152, 5.48466)
(5.258605, 1.368342, 5.480955)
(5.283276, 1.400559, 5.449521)
(5.340333, 1.289508, 5.539522)
(5.321996, 1.177573, 5.640068)
(5.34527, 1.16269, 5.666211)
(5.341748, 1.138294, 5.687729)
(5.33777, 1.102172, 5.710741)
(5.345223, 1.126165, 5.679236)
(5.363442, 1.238766, 5.582963)
(5.368599, 1.309727, 5.518676)
(5.368304, 1.327568, 5.500492)
(5.353562, 1.280285, 5.545471)
(5.33217, 1.205211, 5.617065)
(5.314638, 1.143651, 5.674161)
(5.30664, 1.131338, 5.683621)
(5.30635, 1.165441, 5.653106)
(5.323353, 1.217456, 5.602763)
(5.347547, 1.245797, 5.575623)
(5.357042, 1.236273, 5.583747)
(5.358517, 1.219249, 5.597969)
(5.34636, 1.199153, 5.61778)
(5.332129, 1.195022, 5.622407)
(5.327299, 1.203593, 5.614935)
(5.332154, 1.209694, 5.608611)
(5.338038, 1.209447, 5.608645)
