0.02062464
0.02239418
0.02403092
0.03516865
0.0477705
0.07608151
0.1067593
0.1067593
0.1266062
0.1493647
0.1679456
0.186904
0.2065958
0.2284607
0.2498698
0.2716907
0.293023
0.3135844
0.3329462
0.3503757
0.3798556
0.3929828
0.4073151
0.4196131
0.4277382
0.4336717
0.4405468
0.440927
0.439644
0.439656
0.4308718
0.4260054
0.417075
0.3946272
0.3946272
0.3820384
0.3695093
0.3535525
0.3361393
0.317328
0.2992399
0.2780877
0.256166
0.2338493
0.2126215
0.1910157
0.1747746
0.1387513
0.1387513
0.1207888
0.1033657
0.08821964
0.07505441
0.06127954
0.04956269
0.04160285
0.03308439
0.02539682
0.01998448
0.01547217
