(0.2089501, 0.5833501, -0.7848839)
(0.2076015, 0.5825689, -0.7858214)
(0.2066194, 0.5828125, -0.7858995)
(0.2061881, 0.5832809, -0.7856654)
(0.2063847, 0.5834801, -0.7854658)
(0.2073843, 0.5826484, -0.7858199)
(0.2085893, 0.5813276, -0.7864788)
(0.2096306, 0.5796909, -0.7874093)
(0.2105739, 0.5780452, -0.7883669)
(0.2109278, 0.5770291, -0.7890165)
(0.2109543, 0.5758699, -0.789856)
(0.2107118, 0.574496, -0.7909205)
(0.2110902, 0.5732595, -0.7917162)
(0.2116639, 0.5722061, -0.7923248)
(0.2122431, 0.5716065, -0.7926028)
(0.212339, 0.5724286, -0.7919833)
(0.211567, 0.5733373, -0.7915326)
(0.2107251, 0.5734579, -0.7916699)
(0.2104313, 0.5729082, -0.7921457)
(0.2098488, 0.5711138, -0.7935948)
(0.209686, 0.5682266, -0.7957075)
(0.2096208, 0.5663316, -0.7970746)
(0.209394, 0.5638453, -0.7988946)
(0.209099, 0.5608904, -0.8010491)
(0.2090339, 0.5584692, -0.8027558)
(0.208382, 0.5557961, -0.804778)
(0.2075747, 0.5537648, -0.8063853)
(0.2063539, 0.5515615, -0.8082066)
(0.2049526, 0.5479722, -0.811)
(0.2038764, 0.5442046, -0.8138033)
(0.2028682, 0.5394029, -0.8172449)
(0.2019528, 0.5348597, -0.8204514)
(0.201202, 0.5311397, -0.8230483)
(0.2003344, 0.5291488, -0.8245409)
(0.1990814, 0.5285209, -0.8252469)
(0.197719, 0.5282362, -0.8257567)
(0.1967362, 0.5272572, -0.8266164)
(0.1954735, 0.5255062, -0.82803)
(0.1948085, 0.5223908, -0.8301551)
(0.1944918, 0.5200093, -0.8317231)
(0.1941959, 0.5176049, -0.8332906)
(0.1940715, 0.5158157, -0.8344283)
(0.1934783, 0.5153336, -0.8348639)
(0.1925219, 0.5144489, -0.8356303)
(0.1917385, 0.5127795, -0.8368353)
(0.1913214, 0.5108382, -0.8381174)
(0.1903193, 0.5077639, -0.8402111)
(0.1895803, 0.5046724, -0.8422383)
(0.1890109, 0.5025441, -0.8436377)
(0.1879357, 0.5009311, -0.8448363)
(0.1872118, 0.4991734, -0.8460364)
(0.1867785, 0.4975596, -0.8470824)
(0.1862667, 0.495838, -0.8482037)
(0.1858827, 0.4942795, -0.8491969)
(0.1853499, 0.4932225, -0.8499278)
(0.1843584, 0.4925392, -0.8505395)
(0.1834323, 0.491575, -0.8512971)
(0.1828098, 0.4900921, -0.8522856)
(0.1820166, 0.4882891, -0.8534891)
(0.1812757, 0.4867702, -0.854514)
(0.1810306, 0.4853638, -0.8553655)
(0.1803678, 0.4839996, -0.8562779)
(0.1798367, 0.4830946, -0.8569005)
(0.1792835, 0.4822865, -0.8574715)
(0.1790238, 0.481296, -0.8580819)
(0.179633, 0.4797373, -0.8588274)
(0.1800048, 0.4782496, -0.8595789)
(0.180081, 0.4767457, -0.8603978)
(0.1797805, 0.4754659, -0.8611684)
(0.179397, 0.475976, -0.8609669)
(0.1785964, 0.4763483, -0.8609273)
(0.1781458, 0.4772881, -0.8604999)
(0.1776558, 0.4787842, -0.85977)
(0.1772469, 0.4822033, -0.8579416)
(0.1769864, 0.4865426, -0.8555422)
(0.1770701, 0.4894221, -0.8538806)
(0.1769643, 0.4910078, -0.8529918)
(0.176763, 0.4931532, -0.8517951)
(0.1763652, 0.4953679, -0.8505916)
(0.1753193, 0.4976268, -0.8494886)
(0.1739914, 0.5019071, -0.8472406)
(0.1717618, 0.5068058, -0.8447757)
(0.169384, 0.5117153, -0.8422924)
(0.1672295, 0.5137184, -0.8415034)
(0.1660454, 0.5159115, -0.8403955)
(0.1646557, 0.5212536, -0.8373671)
(0.1630823, 0.5293416, -0.8325874)
(0.1619474, 0.5356503, -0.8287652)
(0.1608216, 0.5399853, -0.8261673)
(0.1600801, 0.542782, -0.8244768)
(0.1584735, 0.5464964, -0.822331)
(0.1563956, 0.5505247, -0.8200384)
(0.1542815, 0.5539876, -0.8181046)
(0.1523994, 0.5575348, -0.8160449)
(0.1502441, 0.5589128, -0.8155019)
(0.1485207, 0.5606467, -0.814627)
(0.1468852, 0.5627092, -0.8135005)
(0.1454763, 0.5636193, -0.8131239)
(0.1445534, 0.564231, -0.8128638)
(0.1443781, 0.5636083, -0.8133268)
(0.1440181, 0.5627935, -0.8139548)
(0.1442117, 0.5616394, -0.8147172)
(0.1433638, 0.5621923, -0.8144857)
(0.1419717, 0.5628647, -0.814265)
(0.1404324, 0.564002, -0.8137448)
(0.1386808, 0.5652016, -0.8132127)
(0.1370214, 0.5666279, -0.8125011)
(0.1351032, 0.570274, -0.8102683)
(0.1329998, 0.5735595, -0.8082948)
(0.1303735, 0.576713, -0.8064768)
(0.1279155, 0.5786702, -0.8054679)
(0.1253385, 0.5804977, -0.8045574)
(0.122653, 0.5818899, -0.8039654)
(0.1199285, 0.5841577, -0.802731)
(0.1172349, 0.5865431, -0.8013884)
(0.1144022, 0.5874718, -0.8011174)
(0.1118089, 0.5866002, -0.8021215)
(0.1091159, 0.5844193, -0.8040822)
(0.1060732, 0.5816461, -0.8064963)
(0.1043025, 0.5783954, -0.8090612)
(0.1030313, 0.5758296, -0.8110518)
(0.1025628, 0.571868, -0.8139091)
(0.1030511, 0.5673068, -0.8170335)
(0.1039668, 0.5629941, -0.8198955)
(0.1044372, 0.558979, -0.8225785)
(0.1055532, 0.5549115, -0.825186)
(0.1060328, 0.5513077, -0.8275366)
(0.1061967, 0.5488272, -0.8291628)
(0.1064274, 0.5469974, -0.8303416)
(0.1069144, 0.5449132, -0.8316483)
(0.106922, 0.5436705, -0.8324603)
(0.106577, 0.5432017, -0.8328103)
(0.1058149, 0.5433254, -0.8328271)
(0.104962, 0.5430589, -0.8331086)
(0.1039039, 0.5435957, -0.8328913)
(0.1025034, 0.5445958, -0.8324112)
(0.1006283, 0.5454512, -0.83208)
(0.09861005, 0.5459759, -0.8319775)
(0.09690371, 0.5457367, -0.8323348)
(0.09462145, 0.5443432, -0.8335089)
(0.09275113, 0.5427964, -0.834727)
(0.09119218, 0.540299, -0.8365173)
(0.08938045, 0.5381456, -0.8380995)
(0.08786456, 0.5361801, -0.8395183)
(0.08609083, 0.5348042, -0.8405789)
(0.08362917, 0.5343276, -0.8411304)
(0.08150326, 0.5329089, -0.8422384)
(0.07941017, 0.5323218, -0.8428093)
(0.07684874, 0.5345075, -0.8416626)
(0.07469184, 0.5347337, -0.8417134)
(0.07232291, 0.5356388, -0.8413445)
(0.06957251, 0.5364158, -0.8410816)
(0.06696841, 0.5371201, -0.8408431)
(0.06460055, 0.5384437, -0.8401816)
(0.06218056, 0.5397171, -0.8395471)
(0.06052088, 0.5382125, -0.8406335)
(0.05916781, 0.5351532, -0.8426806)
(0.05801567, 0.5312698, -0.845214)
(0.05673669, 0.5356604, -0.8425254)
(0.05550122, 0.542594, -0.8381597)
(0.05511937, 0.5440279, -0.8372549)
(0.05746131, 0.5419683, -0.8384322)
(0.06025854, 0.5421245, -0.8381351)
(0.06280252, 0.5435978, -0.836993)
(0.0660814, 0.5442774, -0.8362988)
(0.06921162, 0.5441898, -0.8361026)
(0.07275681, 0.5442489, -0.835763)
(0.07544849, 0.5459169, -0.8344353)
(0.07779963, 0.5482858, -0.8326644)
(0.0798661, 0.5518537, -0.8301079)
(0.08265188, 0.5559639, -0.8270872)
(0.08592831, 0.5589699, -0.8247237)
(0.0898194, 0.5621945, -0.8221132)
(0.09364142, 0.5646256, -0.8200178)
(0.0970491, 0.5681207, -0.8172029)
(0.09879965, 0.5717461, -0.8144599)
(0.1008118, 0.5740393, -0.8125983)
(0.1023068, 0.5753182, -0.8115063)
(0.1035397, 0.5763835, -0.8105935)
(0.1047032, 0.5758732, -0.8108068)
(0.106174, 0.576842, -0.8099261)
(0.1074208, 0.578071, -0.8088849)
(0.1084909, 0.5789047, -0.8081454)
(0.1097971, 0.5791041, -0.8078263)
(0.110933, 0.5792599, -0.8075593)
(0.1122425, 0.5801526, -0.8067372)
(0.1132692, 0.5807832, -0.8061396)
(0.1137, 0.5798421, -0.8067561)
(0.1141081, 0.5774108, -0.8084407)
(0.114123, 0.5751079, -0.8100784)
(0.1135239, 0.5734991, -0.8113024)
(0.1130208, 0.5725479, -0.8120438)
(0.1118794, 0.571898, -0.8126597)
(0.1105566, 0.5702546, -0.8139945)
(0.1096397, 0.5684145, -0.8154044)
(0.1083568, 0.5657121, -0.8174525)
(0.10692, 0.5628617, -0.8196067)
(0.1052195, 0.5598922, -0.8218574)
(0.1040296, 0.5571097, -0.8238972)
(0.1025605, 0.5539289, -0.826223)
(0.1013891, 0.5509633, -0.8283476)
(0.1004439, 0.548536, -0.830072)
(0.09930561, 0.546466, -0.8315728)
(0.09845193, 0.5438342, -0.8333977)
(0.09763552, 0.5414457, -0.8350474)
(0.09654951, 0.5391638, -0.8366486)
(0.09590507, 0.5366379, -0.838345)
(0.09536689, 0.5343488, -0.8398672)
(0.09436832, 0.5323594, -0.841242)
(0.0938889, 0.5311694, -0.8420475)
(0.09341162, 0.5293991, -0.8432148)
(0.09326788, 0.5275832, -0.844368)
(0.09331663, 0.5261723, -0.8452424)
(0.09367324, 0.5247322, -0.8460977)
(0.0941883, 0.5233868, -0.8468735)
(0.09473924, 0.5218629, -0.8477523)
(0.09521552, 0.5210217, -0.8482161)
(0.09534317, 0.5198922, -0.8488945)
(0.09580144, 0.5184828, -0.8497046)
(0.09653792, 0.5185031, -0.8496089)
(0.09744711, 0.5184939, -0.8495105)
(0.09847496, 0.5192924, -0.8489041)
(0.09938379, 0.5208488, -0.8478441)
(0.09997565, 0.522023, -0.8470521)
(0.1011559, 0.5228874, -0.8463784)
(0.1025375, 0.5234867, -0.8458415)
(0.1035069, 0.5256968, -0.8443514)
(0.1042617, 0.5268953, -0.8435112)
(0.1053376, 0.5276248, -0.8429212)
(0.1057442, 0.5270755, -0.843214)
(0.1064632, 0.5254471, -0.8441393)
(0.1068573, 0.5251619, -0.844267)
(0.1064029, 0.5285963, -0.8421783)
(0.1039412, 0.534672, -0.838643)
(0.1031334, 0.5355758, -0.8381661)
(0.1007446, 0.5385454, -0.8365521)
(0.09714533, 0.5447626, -0.8329445)
(0.09397955, 0.5495801, -0.8301383)
(0.08970997, 0.5537757, -0.8278193)
(0.08662166, 0.5565676, -0.8262743)
(0.08425726, 0.5591968, -0.8247424)
(0.08162234, 0.563269, -0.8222323)
(0.07922634, 0.5694314, -0.8182123)
(0.07622212, 0.5755777, -0.814187)
(0.07334756, 0.5815437, -0.8102018)
(0.07027043, 0.5884333, -0.8054864)
(0.06722205, 0.5940335, -0.8016269)
(0.06445888, 0.5958178, -0.8005286)
(0.06204027, 0.5980169, -0.7990788)
(0.0595116, 0.6002628, -0.7975857)
(0.05610447, 0.6039407, -0.7950522)
(0.05357108, 0.6070171, -0.7928813)
(0.05082099, 0.6096474, -0.791042)
(0.04809175, 0.6125306, -0.7889826)
(0.04562877, 0.6160787, -0.786362)
(0.04336865, 0.6185842, -0.7845209)
(0.04129311, 0.6202012, -0.7833554)
(0.04022164, 0.6206362, -0.7830663)
(0.04012872, 0.6207956, -0.7829448)
(0.04021156, 0.6215123, -0.7823717)
(0.03989534, 0.6225482, -0.7815639)
(0.03998488, 0.6237732, -0.780582)
(0.03972664, 0.6247296, -0.77983)
(0.0391819, 0.626485, -0.7784482)
(0.03889847, 0.6277299, -0.7774589)
(0.0384655, 0.627279, -0.7778443)
(0.03863754, 0.6259938, -0.7788702)
(0.03955854, 0.6237769, -0.7806008)
(0.04015747, 0.62114, -0.7826702)
(0.04084346, 0.6181766, -0.7849773)
(0.04149571, 0.6152154, -0.7872663)
(0.04174202, 0.6116797, -0.7900035)
(0.04232051, 0.60758, -0.7931303)
(0.04305572, 0.6035445, -0.7961661)
(0.04406346, 0.5993914, -0.7992424)
(0.04576302, 0.5945243, -0.8027744)
(0.04750739, 0.5899041, -0.8060745)
(0.04840596, 0.5861052, -0.8087877)
(0.04905953, 0.5820854, -0.8116465)
(0.04945322, 0.5775328, -0.8148685)
(0.04883138, 0.5731604, -0.817987)
(0.04831149, 0.5683311, -0.8213804)
(0.04790589, 0.5629829, -0.825079)
(0.04710773, 0.5561092, -0.8297731)
(0.0464883, 0.550858, -0.8333033)
(0.04599492, 0.546536, -0.8361716)
(0.04516195, 0.5417187, -0.839346)
(0.04458088, 0.5356503, -0.8432624)
(0.04379378, 0.528035, -0.8480929)
(0.04275338, 0.5204954, -0.8527935)
(0.04160311, 0.5104433, -0.8589045)
(0.04032011, 0.5007321, -0.8646628)
(0.03902762, 0.4926386, -0.8693584)
(0.03734503, 0.4852008, -0.8736051)
(0.0360316, 0.4786834, -0.877248)
(0.0346293, 0.4734223, -0.8801548)
(0.03344356, 0.4676587, -0.8832763)
(0.03248122, 0.4634115, -0.8855478)
(0.03145067, 0.4583583, -0.888211)
(0.03076969, 0.453102, -0.8909276)
(0.02969967, 0.4502209, -0.8924233)
(0.02820837, 0.4481617, -0.8935074)
(0.02627555, 0.4493001, -0.8929945)
(0.02475289, 0.4495535, -0.8929105)
(0.02263747, 0.4506698, -0.8924038)
(0.02005989, 0.4556404, -0.8899379)
(0.01725582, 0.459623, -0.8879466)
(0.01575098, 0.4595586, -0.8880078)
(0.01440758, 0.4670159, -0.8841317)
(0.01257937, 0.4828109, -0.8756343)
(0.01238865, 0.491699, -0.8706772)
(0.01625405, 0.4975751, -0.8672686)
(0.01782919, 0.503888, -0.8635851)
(0.01922105, 0.5111135, -0.8592985)
(0.0205625, 0.5187251, -0.8546938)
(0.0225453, 0.5247675, -0.8509471)
(0.02453009, 0.5293429, -0.8480534)
(0.0277831, 0.5327682, -0.845805)
(0.03120364, 0.5361693, -0.8435335)
(0.03486572, 0.539368, -0.8413482)
(0.03890309, 0.5418498, -0.8395746)
(0.04360862, 0.5435178, -0.8382641)
(0.04777861, 0.5451838, -0.8369539)
(0.05147808, 0.5478234, -0.8350087)
(0.05458346, 0.551989, -0.8320631)
(0.05652665, 0.5569518, -0.8286191)
(0.05846438, 0.5611571, -0.8256421)
(0.05961158, 0.5650475, -0.8229023)
(0.06077856, 0.5682107, -0.8206354)
(0.06102538, 0.5701925, -0.8192413)
(0.06137285, 0.5705177, -0.8189892)
(0.06129545, 0.57051, -0.8190002)
(0.06220049, 0.5724694, -0.8175634)
(0.0638667, 0.5755001, -0.8153041)
(0.06535606, 0.5770476, -0.8140913)
(0.06699489, 0.5772564, -0.8138101)
(0.06806541, 0.5756017, -0.8148926)
(0.06858099, 0.5742661, -0.8157911)
(0.06859097, 0.5715284, -0.8177106)
(0.06812696, 0.5694373, -0.8192069)
(0.06659965, 0.5694351, -0.8193341)
(0.06504183, 0.5670059, -0.8211418)
(0.06400816, 0.5623558, -0.8244143)
(0.06214283, 0.5568581, -0.8282797)
(0.06044252, 0.5520232, -0.8316353)
(0.05759937, 0.5454403, -0.8361682)
(0.05482932, 0.5389289, -0.8405651)
(0.05140406, 0.5302698, -0.8462692)
(0.04868794, 0.5238497, -0.8504181)
(0.04545171, 0.5189545, -0.8535928)
(0.04278964, 0.5164884, -0.8552244)
(0.04049364, 0.5142085, -0.8567088)
(0.03879767, 0.5127339, -0.8576707)
(0.03737928, 0.51095, -0.8587976)
(0.0365565, 0.5101475, -0.8593097)
(0.03529656, 0.5092299, -0.8599066)
(0.03520086, 0.5072857, -0.8610588)
(0.03447624, 0.504598, -0.8626659)
(0.03347205, 0.502573, -0.8638866)
(0.03261758, 0.5009798, -0.8648441)
(0.0316609, 0.5004624, -0.8651792)
(0.03064549, 0.4993841, -0.8658386)
(0.03000964, 0.497669, -0.8668477)
(0.02984922, 0.4952081, -0.8682616)
(0.03011477, 0.4924994, -0.8697918)
(0.03145675, 0.4888825, -0.8717824)
(0.03271717, 0.4854745, -0.8736385)
(0.03467286, 0.4825672, -0.8751724)
(0.0370934, 0.4824213, -0.8751535)
(0.0396762, 0.484187, -0.8740646)
(0.04262598, 0.4867422, -0.8725052)
(0.04538475, 0.4880181, -0.8716528)
(0.04875548, 0.4889027, -0.8709749)
(0.0513652, 0.4887199, -0.8709276)
(0.05376763, 0.4883449, -0.8709928)
(0.05545929, 0.4880075, -0.8710759)
(0.05691426, 0.4887768, -0.8705505)
(0.05771671, 0.4914568, -0.8689874)
(0.05906268, 0.4925388, -0.8682842)
(0.0596519, 0.4928157, -0.8680867)
(0.06015997, 0.4966322, -0.8658738)
(0.06003126, 0.5009596, -0.8633861)
(0.05884971, 0.5128965, -0.8564309)
(0.0551773, 0.5341372, -0.8435953)
(0.05261714, 0.5454088, -0.836517)
(0.05077586, 0.5496413, -0.8338562)
(0.05065835, 0.5449126, -0.8369612)
(0.05082162, 0.5363023, -0.8424947)
(0.04838294, 0.5352346, -0.8433167)
(0.04513688, 0.5392491, -0.8409358)
(0.04032548, 0.5471752, -0.8360462)
(0.03627416, 0.5509657, -0.8337393)
(0.03334423, 0.5502654, -0.8343239)
(0.03118207, 0.5484278, -0.8356163)
(0.0301062, 0.5426619, -0.8394116)
(0.02941401, 0.5386244, -0.8420326)
(0.02710081, 0.5400602, -0.8411901)
(0.02371065, 0.5449421, -0.8381384)
(0.02030114, 0.5498561, -0.8350127)
(0.01688914, 0.5567193, -0.830529)
(0.01415315, 0.5612281, -0.8275402)
(0.01202753, 0.5640395, -0.8256603)
(0.009953126, 0.5665369, -0.8239763)
(0.00832843, 0.5676007, -0.8232619)
(0.007055573, 0.5696859, -0.8218321)
(0.005018421, 0.5742916, -0.8186355)
(0.003119715, 0.5782022, -0.8158875)
(0.001002423, 0.581502, -0.8135444)
(-0.001648687, 0.5837983, -0.8118972)
(-0.004655503, 0.5855933, -0.8105919)
(-0.007834397, 0.5865324, -0.809888)
(-0.01031497, 0.5877813, -0.8089542)
(-0.01291412, 0.5884517, -0.8084292)
(-0.01509044, 0.5890124, -0.8079831)
(-0.0174405, 0.5893798, -0.807668)
(-0.01970908, 0.5891885, -0.8077554)
(-0.02197951, 0.5889017, -0.8079059)
(-0.02436285, 0.5885952, -0.8080608)
(-0.02688826, 0.5880512, -0.8083767)
(-0.02899115, 0.5871229, -0.8089785)
(-0.03118751, 0.5859601, -0.8097395)
(-0.03327353, 0.5852627, -0.810161)
(-0.03524444, 0.5845452, -0.8105954)
(-0.03728756, 0.5832726, -0.8114203)
(-0.03897003, 0.5804853, -0.8133378)
(-0.04064003, 0.5773017, -0.8155189)
(-0.04212453, 0.572874, -0.8185602)
(-0.04318678, 0.5690614, -0.8211601)
(-0.04389489, 0.5657118, -0.8234341)
(-0.04456956, 0.5623363, -0.8257066)
(-0.04498921, 0.5583649, -0.8283749)
(-0.0451884, 0.5550091, -0.8306161)
(-0.0455413, 0.5524163, -0.8323234)
(-0.04565725, 0.5509556, -0.8332849)
(-0.04605502, 0.5492562, -0.834384)
(-0.04642788, 0.5484793, -0.8348743)
(-0.04687953, 0.5475836, -0.8354369)
(-0.04721632, 0.5464798, -0.8361404)
(-0.0476054, 0.5450252, -0.8370672)
(-0.04834833, 0.5434431, -0.8380526)
(-0.04919991, 0.5414675, -0.8392808)
(-0.05013619, 0.5380766, -0.8414035)
(-0.05135959, 0.5334085, -0.8442971)
(-0.05249871, 0.5285687, -0.8472658)
(-0.05441614, 0.5224438, -0.8509356)
(-0.05620129, 0.5159131, -0.8547953)
(-0.0575989, 0.5118064, -0.857168)
(-0.05889953, 0.5083696, -0.8591223)
(-0.06022145, 0.507165, -0.8597425)
(-0.0607288, 0.5048999, -0.861039)
(-0.06096204, 0.5024332, -0.8624642)
(-0.06102557, 0.5010115, -0.8632864)
(-0.0612026, 0.4991458, -0.8643539)
(-0.06154467, 0.4985316, -0.8646842)
(-0.0626193, 0.4996149, -0.8639814)
(-0.06433702, 0.5054797, -0.8604366)
(-0.0663151, 0.5111877, -0.8569069)
(-0.06860673, 0.516354, -0.8536227)
(-0.07018463, 0.5171131, -0.8530346)
(-0.07186001, 0.5188958, -0.8518119)
(-0.07421459, 0.5239689, -0.848498)
(-0.07619759, 0.5290647, -0.8451536)
(-0.07741085, 0.5355855, -0.8409257)
(-0.0783835, 0.5404218, -0.8377353)
(-0.07803152, 0.5440591, -0.8354107)
(-0.07785991, 0.5501822, -0.8314071)
(-0.07674816, 0.5612324, -0.8240923)
(-0.07511321, 0.5725229, -0.8164408)
(-0.07243194, 0.584353, -0.8082606)
(-0.06965834, 0.5947215, -0.8009082)
(-0.06657324, 0.6030522, -0.7949189)
(-0.06212948, 0.6110014, -0.7891878)
(-0.05803913, 0.6200699, -0.7823968)
(-0.05386457, 0.6289463, -0.7755806)
(-0.04976903, 0.6384755, -0.7680315)
(-0.04570691, 0.6481745, -0.7601189)
(-0.04138504, 0.6571022, -0.7526646)
(-0.03667548, 0.6653318, -0.7456463)
(-0.03296453, 0.6692377, -0.7423168)
(-0.02970182, 0.6748533, -0.737354)
(-0.02765252, 0.6799528, -0.7327343)
(-0.02714812, 0.6862866, -0.7268244)
(-0.02689307, 0.6932236, -0.7202208)
(-0.02621794, 0.6995283, -0.7141238)
(-0.02643356, 0.7043598, -0.7093509)
(-0.02661687, 0.7082067, -0.7055035)
(-0.02760194, 0.7110383, -0.7026116)
(-0.02975549, 0.7119708, -0.7015783)
(-0.03252572, 0.7116406, -0.7017905)
(-0.03528932, 0.7110706, -0.7022347)
(-0.03749691, 0.7110895, -0.7021011)
(-0.03981517, 0.7104967, -0.7025733)
(-0.04222319, 0.7098962, -0.7030398)
(-0.04560946, 0.7077972, -0.7049418)
(-0.0490404, 0.7049369, -0.7075728)
(-0.05312769, 0.7012541, -0.7109292)
(-0.05748772, 0.6975662, -0.7142106)
(-0.06218232, 0.6933984, -0.7178665)
(-0.06620759, 0.6891831, -0.7215562)
(-0.0706497, 0.6841114, -0.7259478)
(-0.07451379, 0.6794002, -0.7299747)
(-0.07814041, 0.6750548, -0.7336178)
(-0.0816554, 0.6705247, -0.7373798)
(-0.08524133, 0.6660051, -0.7410609)
(-0.08907539, 0.6612818, -0.7448302)
(-0.09278065, 0.6577219, -0.747525)
(-0.09609558, 0.6556349, -0.7489383)
(-0.09914568, 0.6546361, -0.7494143)
(-0.1022786, 0.6531808, -0.7502628)
(-0.105769, 0.6502485, -0.752323)
(-0.1091286, 0.6466161, -0.7549693)
(-0.112676, 0.6425972, -0.757874)
(-0.1161014, 0.638054, -0.7611883)
(-0.1195077, 0.6333708, -0.764565)
(-0.1224327, 0.6296762, -0.7671494)
(-0.1249181, 0.6268017, -0.7691003)
(-0.1273911, 0.623839, -0.7711008)
(-0.1294375, 0.6215082, -0.7726406)
(-0.1309128, 0.6189526, -0.7744414)
(-0.1322547, 0.6161361, -0.7764567)
(-0.1330697, 0.6134713, -0.778425)
(-0.1334274, 0.6105639, -0.7806466)
(-0.133151, 0.607879, -0.7827862)
(-0.1329618, 0.6058276, -0.7844069)
(-0.1325963, 0.6043756, -0.785588)
(-0.1324075, 0.6024998, -0.7870592)
(-0.1315775, 0.6007332, -0.7885474)
(-0.1305261, 0.5983869, -0.7905039)
(-0.1291144, 0.5954742, -0.7929313)
(-0.1272109, 0.5903067, -0.797092)
(-0.1252596, 0.5838583, -0.8021345)
(-0.123307, 0.5783377, -0.8064249)
(-0.1214441, 0.5746492, -0.809339)
(-0.1196767, 0.5724978, -0.8111251)
(-0.1174716, 0.5709773, -0.812518)
(-0.1152917, 0.5691863, -0.8140852)
(-0.1123377, 0.5683009, -0.8151163)
(-0.1094541, 0.5670907, -0.8163505)
(-0.1066792, 0.5654861, -0.8178296)
(-0.1033708, 0.5645168, -0.8189234)
(-0.1000756, 0.5639002, -0.8197572)
(-0.09707925, 0.5643276, -0.8198233)
(-0.09455117, 0.5644672, -0.8200225)
(-0.09181506, 0.5638711, -0.8207433)
(-0.08933911, 0.5637978, -0.8210667)
(-0.08674662, 0.5657589, -0.8199951)
(-0.08474955, 0.5690891, -0.8178967)
(-0.08290984, 0.5704095, -0.8171651)
(-0.08212367, 0.5700793, -0.8174751)
(-0.08208684, 0.5666161, -0.8198831)
(-0.0829051, 0.5614402, -0.8233539)
(-0.08332246, 0.5590809, -0.8249157)
(-0.0852465, 0.5615366, -0.823049)
(-0.08678051, 0.5634739, -0.8215635)
(-0.08936076, 0.5660057, -0.8195441)
(-0.09220564, 0.5674301, -0.8182427)
(-0.09515261, 0.5683698, -0.8172526)
(-0.09887867, 0.5687079, -0.8165748)
(-0.1028175, 0.5691659, -0.815769)
(-0.1062556, 0.5697721, -0.8149046)
(-0.1094055, 0.5700904, -0.8142651)
(-0.1126706, 0.5700272, -0.8138638)
(-0.1159057, 0.569608, -0.8137031)
(-0.1189249, 0.5682443, -0.8142207)
(-0.1220077, 0.5668405, -0.8147429)
