(0.2800388, 0.1658862, -0.6247046)
(0.2800386, 0.1659117, -0.6246917)
(0.2800705, 0.165894, -0.6245666)
(0.2800779, 0.1659753, -0.6244662)
(0.2801492, 0.1660883, -0.6244836)
(0.2801025, 0.1660967, -0.6244099)
(0.280272, 0.1660383, -0.6244457)
(0.2802558, 0.166091, -0.6244361)
(0.2801538, 0.166074, -0.6246464)
(0.280246, 0.1660731, -0.624655)
(0.2801206, 0.165894, -0.6245666)
(0.2800865, 0.1658745, -0.6245177)
(0.2800248, 0.1658523, -0.6245496)
(0.2800479, 0.1659381, -0.6245892)
(0.2800848, 0.1659305, -0.624517)
(0.2801895, 0.1659307, -0.6245165)
(0.2801654, 0.1658845, -0.6244931)
(0.2801461, 0.1658549, -0.6244283)
(0.2803452, 0.1656327, -0.6245942)
(0.2803712, 0.1656537, -0.6246154)
(0.2803974, 0.1656191, -0.6245849)
(0.2802145, 0.1657476, -0.6245012)
(0.2801752, 0.1657085, -0.6244841)
(0.2801542, 0.1656818, -0.624486)
(0.2800879, 0.1658032, -0.6243656)
(0.2801988, 0.1659534, -0.6244295)
(0.2802124, 0.1659639, -0.6243324)
(0.2801838, 0.1660199, -0.6242788)
(0.2802331, 0.1661053, -0.6242929)
(0.2802186, 0.1661, -0.6242201)
(0.2801535, 0.166203, -0.6241438)
(0.2799537, 0.1660039, -0.6239715)
(0.2798738, 0.1660101, -0.6239672)
(0.2799306, 0.1659749, -0.6239488)
(0.2798958, 0.1660788, -0.6239617)
(0.2798374, 0.1660707, -0.6238787)
(0.2798173, 0.1659989, -0.6239116)
(0.2799182, 0.1661699, -0.623929)
(0.2799368, 0.1661828, -0.6237295)
(0.2801976, 0.1660321, -0.623795)
(0.2801373, 0.1659429, -0.6236575)
(0.2801242, 0.1659276, -0.6235583)
(0.2800407, 0.1660247, -0.6234283)
(0.28004, 0.166121, -0.6234713)
(0.2799823, 0.1661041, -0.6234102)
(0.2797968, 0.1662469, -0.6232672)
(0.2796993, 0.1661632, -0.6231649)
(0.2796655, 0.1661599, -0.6230721)
(0.2797801, 0.1660726, -0.6231217)
(0.2798452, 0.166147, -0.6231642)
(0.2798448, 0.1661332, -0.6232069)
(0.2799044, 0.166101, -0.6231852)
(0.2798018, 0.1660297, -0.6231654)
(0.279804, 0.1660335, -0.6231174)
(0.2797277, 0.1660922, -0.6230884)
(0.2797506, 0.1660991, -0.6230145)
(0.279706, 0.1660838, -0.6230495)
(0.2797458, 0.1661196, -0.623009)
(0.279768, 0.1661544, -0.6229985)
(0.2796807, 0.1661236, -0.6231692)
(0.2797182, 0.1661053, -0.6232109)
(0.2799263, 0.1661515, -0.6231802)
(0.279968, 0.166141, -0.6232734)
(0.2800517, 0.1661205, -0.6233037)
(0.279933, 0.1659288, -0.6232033)
(0.2799437, 0.1659019, -0.623174)
(0.2799048, 0.1659279, -0.6231754)
(0.2797866, 0.1658533, -0.6232781)
(0.2799158, 0.1659694, -0.623492)
(0.2799883, 0.165906, -0.6235943)
(0.2799199, 0.1658504, -0.6237316)
(0.2800407, 0.1657917, -0.6236458)
(0.2801194, 0.16574, -0.6236489)
(0.2800734, 0.1656194, -0.6236451)
(0.2800465, 0.1655669, -0.6237786)
(0.2800093, 0.1655729, -0.6239169)
(0.2801862, 0.1655712, -0.6239345)
(0.2802374, 0.1654677, -0.6239176)
(0.2802682, 0.1654437, -0.623847)
(0.2802746, 0.1655717, -0.6239021)
(0.2801554, 0.1656048, -0.6239851)
(0.2800126, 0.1656718, -0.6240764)
(0.2798755, 0.165643, -0.6241171)
(0.2796772, 0.1656833, -0.6243978)
(0.2795913, 0.1657517, -0.6245978)
(0.279665, 0.1659255, -0.6248612)
(0.2796273, 0.1659269, -0.6250813)
(0.2797201, 0.1659005, -0.6252787)
(0.2798495, 0.166029, -0.6254053)
(0.2795851, 0.1660364, -0.625617)
(0.2793884, 0.1661055, -0.6257861)
(0.279062, 0.166018, -0.6258969)
(0.2788961, 0.1660511, -0.6259377)
(0.2787766, 0.1661038, -0.6260405)
(0.2784617, 0.1661212, -0.6261687)
(0.2779763, 0.1663198, -0.6260648)
(0.277894, 0.166678, -0.6257668)
(0.27738, 0.1670623, -0.6254125)
(0.2772377, 0.1679394, -0.6253347)
(0.2770736, 0.1687472, -0.6250942)
(0.2766678, 0.1699522, -0.6248603)
(0.2760839, 0.1710608, -0.624368)
(0.2753026, 0.173316, -0.6228802)
(0.2745643, 0.175137, -0.6215239)
(0.2742765, 0.1787474, -0.6191967)
(0.2734728, 0.1834843, -0.6193967)
(0.2714207, 0.1914835, -0.6205933)
(0.2683156, 0.2027664, -0.6233509)
(0.2664027, 0.2135739, -0.6255786)
(0.2634578, 0.2285016, -0.6266713)
(0.2634578, 0.2285016, -0.6266713)
(0.2589958, 0.2614636, -0.626189)
(0.2556057, 0.2769401, -0.6249611)
(0.2532728, 0.2948556, -0.6222978)
(0.2516713, 0.3122425, -0.6198714)
(0.2497959, 0.3288021, -0.617378)
(0.2491667, 0.3448882, -0.6123433)
(0.2483099, 0.3600183, -0.6086102)
(0.248456, 0.373713, -0.6038816)
(0.2482355, 0.3885405, -0.5992343)
(0.2479634, 0.4006836, -0.5924275)
(0.2482152, 0.4116914, -0.5863698)
(0.2480474, 0.4220475, -0.5803449)
(0.2467341, 0.4336394, -0.5733457)
(0.2465291, 0.4433193, -0.5666809)
(0.2457976, 0.4500871, -0.5594416)
(0.244401, 0.4591286, -0.5518403)
(0.2438478, 0.465089, -0.5439694)
(0.2432857, 0.4717422, -0.5355229)
(0.242156, 0.4743766, -0.5262911)
(0.2416968, 0.4763138, -0.5176115)
(0.241384, 0.478348, -0.5086353)
(0.2405887, 0.4781899, -0.4990282)
(0.2403643, 0.4775704, -0.4897821)
(0.2406855, 0.4725742, -0.4790912)
(0.2400837, 0.4698842, -0.4689376)
(0.2400651, 0.4639812, -0.4584312)
(0.2401445, 0.4565665, -0.4467521)
(0.2396364, 0.4486126, -0.4358871)
(0.2394423, 0.4407099, -0.4253271)
(0.239367, 0.430455, -0.4143088)
(0.2390988, 0.4191372, -0.4034128)
(0.2408447, 0.4101055, -0.3935778)
(0.2412415, 0.3960118, -0.3822348)
(0.2417357, 0.3832383, -0.3716285)
(0.2427378, 0.3702884, -0.3613007)
(0.2443395, 0.3532991, -0.3499806)
(0.2460575, 0.3379028, -0.3401897)
(0.2477233, 0.3234642, -0.3306365)
(0.2492809, 0.3081355, -0.3219707)
(0.2513385, 0.2929265, -0.3140981)
(0.2530978, 0.2789242, -0.3065088)
(0.2550209, 0.2654781, -0.2983413)
(0.2582672, 0.2530634, -0.2924998)
(0.2602301, 0.2408025, -0.285697)
(0.2633269, 0.2296443, -0.2803493)
(0.2672689, 0.2199156, -0.277812)
(0.2693229, 0.2098112, -0.2743709)
(0.271276, 0.2017415, -0.2741106)
(0.2738931, 0.1931813, -0.2770326)
(0.2734554, 0.1853645, -0.2803307)
(0.2746131, 0.1785493, -0.2831886)
(0.2764895, 0.1724415, -0.2892835)
(0.2763381, 0.1660576, -0.2990489)
(0.2754066, 0.162636, -0.3054655)
(0.2703557, 0.1601503, -0.3033679)
(0.2669387, 0.16221, -0.2979672)
(0.2685666, 0.1625247, -0.2956691)
(0.2716813, 0.1654034, -0.2930074)
(0.2751064, 0.166878, -0.2907135)
(0.2772119, 0.1677959, -0.2899415)
(0.2785885, 0.1668146, -0.2897325)
(0.278054, 0.1651943, -0.2910588)
(0.2771423, 0.1629519, -0.2927246)
(0.2749858, 0.1601949, -0.2957652)
(0.2755218, 0.1595154, -0.2976253)
(0.2763617, 0.1592574, -0.2973943)
(0.2763655, 0.1612275, -0.2960079)
(0.2779505, 0.1622789, -0.2950161)
(0.2788422, 0.1620846, -0.293138)
(0.2785795, 0.1618996, -0.2918875)
(0.2788467, 0.1618319, -0.2917523)
(0.2784381, 0.1615756, -0.2923453)
(0.2778878, 0.1617723, -0.293185)
(0.2783437, 0.162096, -0.2941079)
(0.2788255, 0.1621082, -0.2943316)
(0.2786212, 0.1624234, -0.2939711)
(0.2788272, 0.1628101, -0.2930775)
(0.2789798, 0.1630511, -0.2922823)
(0.2787261, 0.1632569, -0.2916968)
(0.2786252, 0.1633277, -0.2913811)
(0.278338, 0.163379, -0.2913969)
(0.2781291, 0.1634302, -0.2916694)
(0.2780538, 0.163553, -0.2918758)
(0.2779763, 0.1636431, -0.2919641)
(0.2779129, 0.1637166, -0.2917562)
(0.2776275, 0.1637712, -0.2915044)
(0.2774682, 0.1638987, -0.2911479)
(0.2773473, 0.1640131, -0.2909369)
(0.2774322, 0.1642327, -0.2904546)
(0.2774215, 0.1643927, -0.2901146)
(0.2772059, 0.1645184, -0.2895093)
(0.2771513, 0.1643703, -0.2890801)
(0.2772629, 0.1644647, -0.2887666)
(0.2774498, 0.1644561, -0.2884524)
(0.2774603, 0.1644819, -0.2880487)
(0.2776072, 0.1645296, -0.2873299)
(0.2775905, 0.1645269, -0.2867455)
(0.2776182, 0.1643977, -0.2861116)
(0.2774425, 0.1643465, -0.2856143)
(0.2772899, 0.1642926, -0.2848871)
(0.2770925, 0.1643307, -0.2840252)
(0.2768729, 0.164351, -0.2833962)
(0.2767875, 0.1644151, -0.2826645)
(0.2769256, 0.1644871, -0.2822299)
(0.2774596, 0.1647255, -0.2817831)
(0.2778888, 0.1650069, -0.2814279)
(0.278023, 0.1653931, -0.2806916)
(0.2777767, 0.1657758, -0.2796767)
(0.2774839, 0.1659172, -0.278769)
(0.2771626, 0.1660643, -0.2779045)
(0.2770336, 0.1661668, -0.277225)
(0.2768393, 0.1664088, -0.2764745)
(0.2768669, 0.1666937, -0.2760577)
(0.2772489, 0.1669092, -0.275655)
(0.2772274, 0.1671016, -0.2751496)
(0.2770905, 0.1673117, -0.2744715)
(0.2769434, 0.1676686, -0.2736874)
(0.2767265, 0.1682003, -0.2727823)
(0.2763851, 0.1690423, -0.2717116)
(0.2759936, 0.1701145, -0.2706466)
(0.2755804, 0.1714759, -0.2693503)
(0.2752416, 0.172823, -0.2680297)
(0.275322, 0.1748061, -0.2663221)
(0.2756994, 0.176626, -0.2644954)
(0.2764528, 0.1801031, -0.2607205)
(0.2766702, 0.1849189, -0.2555826)
(0.2768219, 0.190733, -0.2493672)
(0.2769516, 0.1980937, -0.2416124)
(0.2771876, 0.2066934, -0.2333138)
(0.2790232, 0.2155585, -0.2248843)
(0.2786012, 0.2261279, -0.2155814)
(0.2753592, 0.237675, -0.2049015)
(0.2742765, 0.2469709, -0.1960495)
(0.2711077, 0.2589011, -0.1876388)
(0.268137, 0.2703645, -0.1795855)
(0.2638865, 0.2822773, -0.174243)
(0.2599566, 0.2946944, -0.1688359)
(0.258369, 0.3069654, -0.1611669)
(0.2554364, 0.3196712, -0.1536012)
(0.2538047, 0.3310449, -0.1462398)
(0.2537398, 0.3417432, -0.1377053)
(0.2527382, 0.3527088, -0.1301625)
(0.2514503, 0.3621168, -0.1230397)
(0.2504325, 0.3717988, -0.1155248)
(0.2482786, 0.3821054, -0.1090982)
(0.2464912, 0.389962, -0.1031408)
(0.245405, 0.3975375, -0.09714222)
(0.2435265, 0.4064567, -0.09144831)
(0.2419078, 0.4133325, -0.08578205)
(0.2410593, 0.4188771, -0.07970881)
(0.2398317, 0.4247499, -0.07370734)
(0.2394707, 0.4289719, -0.06833482)
(0.2393286, 0.4318725, -0.06281662)
(0.2391469, 0.4352033, -0.05707312)
(0.2398376, 0.4373949, -0.05165315)
(0.2408772, 0.437301, -0.04672551)
(0.2414887, 0.4363575, -0.04171586)
(0.2425618, 0.4349749, -0.03690219)
(0.2428679, 0.4327546, -0.03316545)
(0.2423453, 0.4294331, -0.02867556)
(0.242604, 0.4265208, -0.02449536)
(0.2426991, 0.4214923, -0.02075052)
(0.2429693, 0.41504, -0.01663613)
(0.2437863, 0.4073684, -0.01243758)
(0.2442791, 0.3994956, -0.008119106)
(0.2458236, 0.3891988, -0.00383687)
(0.24753, 0.3774884, 0.0007779598)
(0.2485595, 0.3669019, 0.004635096)
(0.2497218, 0.3546247, 0.008928299)
(0.2507167, 0.3422463, 0.01355934)
(0.2517099, 0.329463, 0.01840091)
(0.2532816, 0.3161216, 0.02242756)
(0.25472, 0.3028295, 0.02708316)
(0.2551627, 0.2893066, 0.031914)
(0.2588141, 0.2775211, 0.03577471)
(0.2610426, 0.2659466, 0.04102755)
(0.2631593, 0.2533178, 0.0462544)
(0.2686443, 0.2439442, 0.04852152)
(0.2711942, 0.2333896, 0.05235481)
(0.2740214, 0.2247639, 0.05430722)
(0.2802892, 0.2172782, 0.05499148)
(0.268136, 0.1935849, 0.06772208)
(0.2711289, 0.1870742, 0.0683887)
(0.2749491, 0.1810048, 0.06682396)
(0.276582, 0.1764703, 0.0647769)
(0.2782717, 0.1720874, 0.06102324)
(0.280122, 0.1673982, 0.05256367)
(0.2770021, 0.1649659, 0.04227114)
(0.2821186, 0.164499, 0.0375793)
(0.2741127, 0.1614361, 0.03331971)
(0.2723091, 0.1585593, 0.03608727)
(0.2696893, 0.1568959, 0.03772044)
(0.2746923, 0.1590378, 0.04057503)
(0.2794561, 0.1633239, 0.04133582)
(0.2822824, 0.1653619, 0.04156756)
(0.2830694, 0.1649585, 0.04102707)
(0.283628, 0.1644185, 0.04066825)
(0.2825069, 0.1631818, 0.03953791)
(0.2811499, 0.1629565, 0.03880548)
(0.2808115, 0.1628046, 0.03718495)
(0.2810225, 0.1624115, 0.03637791)
(0.2808542, 0.1622133, 0.03583694)
(0.2814317, 0.1615486, 0.03594971)
(0.2827141, 0.1610558, 0.03776193)
(0.2825093, 0.1615162, 0.03947067)
(0.2832241, 0.1619234, 0.04017162)
(0.2832022, 0.1621916, 0.04050255)
(0.2831769, 0.1622324, 0.04080415)
(0.2831006, 0.1622581, 0.04052377)
(0.2829144, 0.1622596, 0.03998566)
(0.2826483, 0.1625495, 0.03974771)
(0.2825677, 0.1625698, 0.03988075)
(0.2830069, 0.1627514, 0.04054999)
(0.2832379, 0.1626804, 0.04092598)
(0.2833822, 0.162499, 0.04127455)
(0.2835162, 0.1623006, 0.04146266)
(0.2835162, 0.1623006, 0.04146266)
(0.2833431, 0.1624084, 0.04178977)
(0.2829499, 0.16202, 0.04211283)
(0.2828326, 0.1620324, 0.04208279)
(0.2827458, 0.162142, 0.04208469)
(0.2827454, 0.1621065, 0.04234314)
(0.2824163, 0.1621244, 0.04247141)
(0.2825236, 0.1622341, 0.04253864)
(0.2827702, 0.1622865, 0.04251528)
(0.2830117, 0.1621933, 0.04243088)
(0.2832549, 0.1622381, 0.04215646)
(0.2834404, 0.1622293, 0.04199982)
(0.2835073, 0.1622734, 0.04173374)
(0.2835851, 0.1621587, 0.04143381)
(0.2835858, 0.1620834, 0.04120326)
(0.2839246, 0.1618476, 0.04106236)
(0.2840147, 0.1616616, 0.04097819)
(0.2841473, 0.1616223, 0.04051232)
(0.2843795, 0.1615496, 0.04017711)
(0.2845042, 0.1615634, 0.03976989)
(0.284606, 0.1615613, 0.03934002)
(0.2845857, 0.1617091, 0.03902149)
(0.2845426, 0.1614928, 0.0387671)
(0.2845347, 0.1614511, 0.03846455)
(0.2849495, 0.1611571, 0.03816414)
(0.2851837, 0.1612558, 0.03788543)
(0.2854135, 0.1612422, 0.0376699)
(0.2852085, 0.1613793, 0.03740692)
(0.2852747, 0.1613812, 0.03707433)
(0.285331, 0.1614428, 0.03663683)
(0.2855878, 0.1614089, 0.0363493)
(0.2856359, 0.1613626, 0.0361042)
(0.2857513, 0.1613636, 0.0357511)
(0.285728, 0.1613717, 0.03549218)
(0.2858849, 0.161561, 0.03521204)
(0.2858989, 0.1616418, 0.03519392)
(0.2859833, 0.1617785, 0.03523302)
(0.2858808, 0.1616368, 0.03519607)
(0.2860198, 0.1617069, 0.03512931)
(0.2861273, 0.1616144, 0.03496051)
(0.2862275, 0.161603, 0.03500223)
(0.2861638, 0.1616235, 0.03491616)
(0.28615, 0.1617212, 0.03507471)
####
(0.1967153, 1.779266, 2.575214)
(0.1967267, 1.779544, 2.575677)
(0.1967396, 1.779663, 2.576178)
(0.1967233, 1.779878, 2.576615)
(0.196941, 1.779679, 2.576785)
(0.1968385, 1.779351, 2.576927)
(0.1969973, 1.778981, 2.576898)
(0.196924, 1.77915, 2.577091)
(0.197002, 1.779441, 2.577137)
(0.1968606, 1.779744, 2.577179)
(0.1969825, 1.779922, 2.5774)
(0.1971225, 1.779491, 2.577472)
(0.1970045, 1.779537, 2.577712)
(0.1969013, 1.779542, 2.577833)
(0.1970144, 1.779986, 2.577957)
(0.1968545, 1.780548, 2.5782)
(0.1969039, 1.780755, 2.578256)
(0.1968102, 1.780915, 2.57853)
(0.1969256, 1.780692, 2.578645)
(0.1968665, 1.780817, 2.578727)
(0.196703, 1.780927, 2.578913)
(0.1965688, 1.78133, 2.5791)
(0.196498, 1.781903, 2.57936)
(0.1962467, 1.782093, 2.57959)
(0.1962439, 1.782357, 2.579822)
(0.1963162, 1.782192, 2.579905)
(0.1963623, 1.78201, 2.580326)
(0.1961818, 1.782202, 2.580423)
(0.1961108, 1.782761, 2.580826)
(0.1960508, 1.783126, 2.581211)
(0.1959169, 1.783291, 2.581635)
(0.1957603, 1.783165, 2.581968)
(0.1956387, 1.782802, 2.582227)
(0.1954734, 1.782878, 2.58252)
(0.1951809, 1.783271, 2.583012)
(0.1950534, 1.783611, 2.583555)
(0.1947857, 1.784049, 2.584166)
(0.1946398, 1.783964, 2.584593)
(0.1945229, 1.784053, 2.585114)
(0.1942783, 1.783978, 2.585711)
(0.1941604, 1.784148, 2.586155)
(0.1937915, 1.784583, 2.586831)
(0.1935008, 1.785355, 2.587475)
(0.1932834, 1.785663, 2.587982)
(0.1931428, 1.785542, 2.588346)
(0.1930333, 1.78578, 2.588854)
(0.1927314, 1.78601, 2.589202)
(0.1925322, 1.78619, 2.589544)
(0.1925538, 1.787066, 2.59023)
(0.1925645, 1.787971, 2.590514)
(0.1926295, 1.788272, 2.590882)
(0.1928329, 1.788286, 2.591102)
(0.1926965, 1.788323, 2.591318)
(0.1926523, 1.787949, 2.591178)
(0.1925648, 1.788305, 2.5912)
(0.1924032, 1.789106, 2.591389)
(0.192252, 1.789493, 2.591503)
(0.1923905, 1.790024, 2.591431)
(0.1924372, 1.78999, 2.591691)
(0.1923125, 1.789632, 2.591624)
(0.1923388, 1.789789, 2.591557)
(0.1926446, 1.790472, 2.591569)
(0.1931079, 1.791093, 2.59147)
(0.1931641, 1.791496, 2.591438)
(0.1930611, 1.791044, 2.591144)
(0.1931348, 1.790866, 2.590973)
(0.1928002, 1.790813, 2.590583)
(0.1926768, 1.791881, 2.59051)
(0.1930819, 1.79356, 2.590346)
(0.1932348, 1.794882, 2.590159)
(0.1931007, 1.79661, 2.59003)
(0.1931402, 1.797082, 2.590066)
(0.1934282, 1.796468, 2.589699)
(0.193851, 1.794921, 2.589092)
(0.1938266, 1.793815, 2.588332)
(0.1935533, 1.795001, 2.587657)
(0.1936632, 1.796718, 2.587484)
(0.194244, 1.796679, 2.586902)
(0.1941155, 1.794515, 2.586246)
(0.193501, 1.792118, 2.585408)
(0.1925038, 1.792348, 2.584802)
(0.1916757, 1.793735, 2.584186)
(0.1906916, 1.796366, 2.58363)
(0.1899741, 1.797967, 2.582825)
(0.1886421, 1.800745, 2.582012)
(0.1879026, 1.803175, 2.580806)
(0.1879612, 1.803929, 2.579499)
(0.1877058, 1.802446, 2.577631)
(0.187285, 1.801214, 2.575877)
(0.1858572, 1.799453, 2.573584)
(0.1844649, 1.799786, 2.572033)
(0.182323, 1.801901, 2.570763)
(0.1803859, 1.803463, 2.569856)
(0.1787939, 1.803448, 2.568927)
(0.1767862, 1.803219, 2.567924)
(0.1752436, 1.79532, 2.566237)
(0.1735157, 1.78229, 2.564198)
(0.1697192, 1.779658, 2.566764)
(0.1624981, 1.772403, 2.57377)
(0.1550792, 1.778124, 2.582673)
(0.1456121, 1.79189, 2.597145)
(0.1344707, 1.805582, 2.613814)
(0.1189411, 1.830621, 2.644654)
(0.1060359, 1.844591, 2.669069)
(0.08832969, 1.863347, 2.703805)
(0.088434, 1.851559, 2.74931)
(0.09146752, 1.859508, 2.795642)
(0.07501944, 1.881952, 2.847345)
(0.05136003, 1.914927, 2.896187)
(0.009543132, 1.950432, 2.95614)
(0.009543132, 1.950432, 2.95614)
(6.253747, 1.976285, 3.060887)
(6.2331, 1.984906, 3.105427)
(6.214463, 1.989153, 3.149657)
(6.195818, 1.992963, 3.191004)
(6.178063, 1.993792, 3.229738)
(6.170671, 1.979279, 3.261327)
(6.168385, 1.963476, 3.295836)
(6.18071, 1.936107, 3.326676)
(6.191206, 1.912078, 3.360453)
(6.217533, 1.878431, 3.381065)
(6.235875, 1.854497, 3.400397)
(6.251188, 1.837052, 3.414503)
(6.259382, 1.822296, 3.428789)
(6.26701, 1.810625, 3.438519)
(6.264666, 1.811137, 3.435112)
(6.266212, 1.807818, 3.435376)
(6.261887, 1.810166, 3.426023)
(6.259602, 1.810826, 3.418617)
(6.258602, 1.813047, 3.398505)
(6.26391, 1.811859, 3.379743)
(6.270464, 1.809451, 3.362995)
(6.281015, 1.804909, 3.339236)
(0.008427042, 1.799467, 3.317065)
(0.02664334, 1.790145, 3.287553)
(0.04049406, 1.782405, 3.261374)
(0.05528896, 1.770941, 3.229668)
(0.06983712, 1.761058, 3.19372)
(0.08024072, 1.7558, 3.157881)
(0.08744384, 1.75175, 3.122547)
(0.08873552, 1.755249, 3.085014)
(0.08856527, 1.765426, 3.04667)
(0.09041226, 1.772996, 3.0095)
(0.0873598, 1.786652, 2.970225)
(0.09019759, 1.794128, 2.932633)
(0.09463696, 1.802134, 2.892514)
(0.1006104, 1.808725, 2.843263)
(0.1063165, 1.810601, 2.801595)
(0.1145683, 1.809647, 2.757608)
(0.1233254, 1.789687, 2.720265)
(0.135552, 1.770562, 2.684756)
(0.140481, 1.752309, 2.638522)
(0.1404532, 1.737143, 2.593725)
(0.1337524, 1.728661, 2.562921)
(0.1331118, 1.716449, 2.533131)
(0.1288491, 1.691622, 2.506503)
(0.1216688, 1.66572, 2.488239)
(0.1163275, 1.645023, 2.464533)
(0.1129298, 1.615412, 2.447989)
(0.1163536, 1.589674, 2.447789)
(0.1177361, 1.5831, 2.45324)
(0.1166855, 1.592337, 2.453708)
(0.1140964, 1.626024, 2.462171)
(0.1051998, 1.637282, 2.495683)
(0.1140064, 1.662272, 2.576946)
(0.1613664, 1.846166, 2.504013)
(0.1543635, 1.831388, 2.526444)
(0.1316576, 1.792561, 2.552688)
(0.142606, 1.728133, 2.547909)
(0.1322417, 1.717561, 2.556056)
(0.1484527, 1.672216, 2.567936)
(0.1536381, 1.649325, 2.574916)
(0.1583549, 1.643229, 2.576212)
(0.1626913, 1.639469, 2.569365)
(0.1618916, 1.677404, 2.559064)
(0.1602942, 1.703451, 2.554919)
(0.1639155, 1.721147, 2.55687)
(0.1670812, 1.72227, 2.555924)
(0.1704555, 1.691934, 2.557419)
(0.1756122, 1.66625, 2.564178)
(0.1780801, 1.64234, 2.565153)
(0.1769126, 1.626408, 2.564378)
(0.1705426, 1.630697, 2.563765)
(0.1666766, 1.64936, 2.565789)
(0.1658655, 1.660685, 2.566108)
(0.1642973, 1.668788, 2.565816)
(0.1640919, 1.667295, 2.566885)
(0.1639906, 1.666713, 2.568971)
(0.1637231, 1.653769, 2.572978)
(0.1620458, 1.647974, 2.575045)
(0.1599586, 1.645178, 2.576673)
(0.1582194, 1.645803, 2.578767)
(0.1563386, 1.654963, 2.581919)
(0.1566734, 1.653845, 2.582863)
(0.1556879, 1.655316, 2.586267)
(0.1536221, 1.651954, 2.589345)
(0.1522364, 1.651509, 2.593676)
(0.1508077, 1.657182, 2.598172)
(0.1501754, 1.659189, 2.602782)
(0.1512389, 1.65961, 2.607223)
(0.1507341, 1.658656, 2.61195)
(0.1493511, 1.659845, 2.616637)
(0.1492357, 1.664289, 2.622935)
(0.1492386, 1.670571, 2.629144)
(0.1489797, 1.677035, 2.635089)
(0.1487734, 1.681102, 2.641146)
(0.148507, 1.685234, 2.647522)
(0.1477946, 1.687106, 2.654478)
(0.1474943, 1.686823, 2.660502)
(0.1470048, 1.68668, 2.667108)
(0.1460353, 1.685658, 2.674046)
(0.1450217, 1.681374, 2.681698)
(0.1447236, 1.679986, 2.688386)
(0.1448514, 1.679726, 2.69629)
(0.1472337, 1.684957, 2.704539)
(0.1514434, 1.696672, 2.713551)
(0.1516482, 1.708974, 2.72234)
(0.1493014, 1.717629, 2.732478)
(0.1430853, 1.717909, 2.741123)
(0.1394362, 1.717789, 2.750032)
(0.1373181, 1.71734, 2.758718)
(0.1360956, 1.718578, 2.76539)
(0.1350879, 1.721804, 2.773631)
(0.1342081, 1.725921, 2.781224)
(0.1347232, 1.735664, 2.789153)
(0.1332913, 1.742493, 2.797261)
(0.1314971, 1.748387, 2.806237)
(0.1288808, 1.752711, 2.815464)
(0.1245817, 1.755248, 2.825028)
(0.1185765, 1.757536, 2.834579)
(0.1121728, 1.761572, 2.844663)
(0.1063522, 1.76722, 2.857089)
(0.1024346, 1.772986, 2.868806)
(0.09848482, 1.779789, 2.88238)
(0.09009588, 1.790206, 2.900017)
(0.07450172, 1.800869, 2.926983)
(0.06293689, 1.803114, 2.952634)
(0.05733334, 1.80242, 2.976948)
(0.05215176, 1.797021, 3.00959)
(0.0457133, 1.789776, 3.038358)
(0.04731508, 1.813963, 3.06306)
(0.02834626, 1.847586, 3.092024)
(6.273335, 1.867317, 3.12937)
(6.251364, 1.879352, 3.154057)
(6.243695, 1.875971, 3.183665)
(6.231788, 1.881763, 3.208763)
(6.210777, 1.901328, 3.231125)
(6.179062, 1.940181, 3.246667)
(6.139924, 1.963605, 3.2604)
(6.119832, 1.960503, 3.297907)
(6.127044, 1.938203, 3.328537)
(6.14991, 1.908352, 3.351251)
(6.177417, 1.874203, 3.378078)
(6.20226, 1.847775, 3.398756)
(6.212736, 1.834211, 3.416251)
(6.21628, 1.826942, 3.428779)
(6.211768, 1.827347, 3.438004)
(6.210338, 1.823747, 3.444652)
(6.208947, 1.82001, 3.449895)
(6.199383, 1.824066, 3.448087)
(6.192718, 1.828296, 3.447487)
(6.183618, 1.825775, 3.449224)
(6.180463, 1.821161, 3.451778)
(6.185969, 1.816655, 3.452054)
(6.193466, 1.806787, 3.453616)
(6.207793, 1.792472, 3.454511)
(6.230992, 1.772434, 3.451122)
(6.250833, 1.757131, 3.443111)
(6.265217, 1.747609, 3.430481)
(6.26193, 1.746528, 3.413607)
(6.250221, 1.755187, 3.394188)
(6.239588, 1.763321, 3.375314)
(6.222767, 1.778072, 3.351526)
(6.209517, 1.793336, 3.324673)
(6.203085, 1.803872, 3.297469)
(6.202863, 1.80884, 3.2729)
(6.212738, 1.808668, 3.243611)
(6.228863, 1.803237, 3.209135)
(6.239302, 1.802952, 3.175551)
(6.247582, 1.807998, 3.135937)
(6.249834, 1.818154, 3.094377)
(6.25219, 1.827931, 3.053618)
(6.260765, 1.835747, 3.012625)
(6.270163, 1.847658, 2.968873)
(6.277937, 1.858861, 2.927228)
(0.004208354, 1.873389, 2.882633)
(0.01051399, 1.882575, 2.840945)
(0.02102955, 1.879105, 2.800172)
(0.03692248, 1.858909, 2.769142)
(0.05276198, 1.844384, 2.735679)
(0.06704872, 1.812028, 2.700333)
(0.08053243, 1.78573, 2.66672)
(0.09316015, 1.752309, 2.635921)
(0.107668, 1.702298, 2.608729)
(0.1174347, 1.655794, 2.589217)
(0.1231757, 1.609018, 2.572296)
(0.1311901, 1.564601, 2.557265)
(0.1282115, 1.540272, 2.553062)
(0.1606962, 1.501953, 2.601093)
(0.09557582, 1.726399, 2.532568)
(0.1096042, 1.831164, 2.56612)
(0.1569331, 1.863242, 2.53505)
(0.1713665, 1.841502, 2.550437)
(0.1571619, 1.796599, 2.533832)
(0.1419634, 1.727579, 2.533899)
(0.1639893, 1.677039, 2.529913)
(0.1714342, 1.68709, 2.536)
(0.1683092, 1.681624, 2.5332)
(0.1693778, 1.692575, 2.534317)
(0.1710674, 1.700911, 2.534706)
(0.1669701, 1.725104, 2.536876)
(0.1662475, 1.746623, 2.538388)
(0.1686944, 1.767004, 2.541607)
(0.1710865, 1.767249, 2.543957)
(0.1763076, 1.747213, 2.54568)
(0.1793762, 1.71759, 2.545938)
(0.1819531, 1.696678, 2.545751)
(0.1793499, 1.683294, 2.547614)
(0.1787593, 1.679097, 2.548722)
(0.1796543, 1.684409, 2.550114)
(0.1788351, 1.691244, 2.5526)
(0.1777961, 1.702493, 2.555501)
(0.1772563, 1.707058, 2.557894)
(0.1775496, 1.704133, 2.560051)
(0.1775415, 1.699922, 2.562212)
(0.1782256, 1.695877, 2.563965)
(0.1795786, 1.693235, 2.566128)
(0.1795786, 1.693235, 2.566128)
(0.1794898, 1.69285, 2.568065)
(0.1788103, 1.694969, 2.571664)
(0.178031, 1.696704, 2.573194)
(0.1772263, 1.696918, 2.574523)
(0.1764442, 1.697143, 2.574606)
(0.1755888, 1.697033, 2.575054)
(0.175453, 1.695322, 2.575463)
(0.1768095, 1.688384, 2.572887)
(0.1782916, 1.684181, 2.571153)
(0.1799216, 1.6817, 2.568055)
(0.1811697, 1.680742, 2.565625)
(0.1822884, 1.679134, 2.561938)
(0.18405, 1.674541, 2.556896)
(0.1855446, 1.661192, 2.549656)
(0.1855087, 1.651171, 2.545821)
(0.1870425, 1.647934, 2.543682)
(0.1890568, 1.644009, 2.538683)
(0.1903411, 1.640725, 2.535099)
(0.1914312, 1.640165, 2.531481)
(0.1922666, 1.639207, 2.527679)
(0.1927742, 1.640659, 2.525149)
(0.1937719, 1.644348, 2.522543)
(0.1947475, 1.645619, 2.520193)
(0.1958804, 1.644193, 2.517542)
(0.1970868, 1.641755, 2.515007)
(0.1972352, 1.637131, 2.512018)
(0.1968668, 1.635151, 2.509585)
(0.1973981, 1.635494, 2.507677)
(0.1975715, 1.635805, 2.505617)
(0.1980499, 1.637626, 2.5039)
(0.1986133, 1.638518, 2.502631)
(0.1984351, 1.63792, 2.501618)
(0.1988991, 1.638423, 2.499985)
(0.1994417, 1.637396, 2.498581)
(0.1993792, 1.635193, 2.497103)
(0.1992644, 1.632613, 2.497281)
(0.1985475, 1.633413, 2.49754)
(0.1988848, 1.635401, 2.497172)
(0.1993595, 1.63758, 2.496861)
(0.2000681, 1.637636, 2.495955)
(0.2003079, 1.636705, 2.495211)
(0.2002632, 1.63646, 2.494973)
####
(0.2800388, 0.07445081, -0.6247046)
(0.2800386, 0.07447632, -0.6246917)
(0.2800705, 0.07445867, -0.6245666)
(0.2800779, 0.07453997, -0.6244662)
(0.2801492, 0.07465298, -0.6244836)
(0.2801025, 0.07466133, -0.6244099)
(0.280272, 0.07460292, -0.6244457)
(0.2802558, 0.07465561, -0.6244361)
(0.2801538, 0.07463868, -0.6246464)
(0.280246, 0.07463773, -0.624655)
(0.2801206, 0.07445867, -0.6245666)
(0.2800865, 0.07443912, -0.6245177)
(0.2800248, 0.07441695, -0.6245496)
(0.2800479, 0.07450278, -0.6245892)
(0.2800848, 0.07449515, -0.624517)
(0.2801895, 0.07449539, -0.6245165)
(0.2801654, 0.07444914, -0.6244931)
(0.2801461, 0.07441957, -0.6244283)
(0.2803452, 0.07419737, -0.6245942)
(0.2803712, 0.07421835, -0.6246154)
(0.2803974, 0.07418378, -0.6245849)
(0.2802145, 0.07431228, -0.6245012)
(0.2801752, 0.07427318, -0.6244841)
(0.2801542, 0.07424648, -0.624486)
(0.2800879, 0.07436784, -0.6243656)
(0.2801988, 0.07451804, -0.6244295)
(0.2802124, 0.07452853, -0.6243324)
(0.2801838, 0.07458456, -0.6242788)
(0.2802331, 0.07466991, -0.6242929)
(0.2802186, 0.07466467, -0.6242201)
(0.2801535, 0.07476766, -0.6241438)
(0.2799537, 0.07456858, -0.6239715)
(0.2798738, 0.07457478, -0.6239672)
(0.2799306, 0.0745395, -0.6239488)
(0.2798958, 0.07464345, -0.6239617)
(0.2798374, 0.07463534, -0.6238787)
(0.2798173, 0.07456358, -0.6239116)
(0.2799182, 0.07473452, -0.623929)
(0.2799368, 0.0747474, -0.6237295)
(0.2801976, 0.07459672, -0.623795)
(0.2801373, 0.07450755, -0.6236575)
(0.2801242, 0.07449229, -0.6235583)
(0.2800407, 0.07458933, -0.6234283)
(0.28004, 0.07468565, -0.6234713)
(0.2799823, 0.07466872, -0.6234102)
(0.2797968, 0.07481153, -0.6232672)
(0.2796993, 0.07472785, -0.6231649)
(0.2796655, 0.07472451, -0.6230721)
(0.2797801, 0.07463725, -0.6231217)
(0.2798452, 0.07471164, -0.6231642)
(0.2798448, 0.07469781, -0.6232069)
(0.2799044, 0.07466562, -0.6231852)
(0.2798018, 0.07459433, -0.6231654)
(0.279804, 0.07459815, -0.6231174)
(0.2797277, 0.0746568, -0.6230884)
(0.2797506, 0.07466371, -0.6230145)
(0.279706, 0.07464845, -0.6230495)
(0.2797458, 0.07468422, -0.623009)
(0.279768, 0.07471903, -0.6229985)
(0.2796807, 0.07468827, -0.6231692)
(0.2797182, 0.07466991, -0.6232109)
(0.2799263, 0.07471617, -0.6231802)
(0.279968, 0.07470568, -0.6232734)
(0.2800517, 0.07468517, -0.6233037)
(0.279933, 0.07449348, -0.6232033)
(0.2799437, 0.07446654, -0.623174)
(0.2799048, 0.07449253, -0.6231754)
(0.2797866, 0.0744179, -0.6232781)
(0.2799158, 0.07453401, -0.623492)
(0.2799883, 0.07447059, -0.6235943)
(0.2799199, 0.07441504, -0.6237316)
(0.2800407, 0.07435639, -0.6236458)
(0.2801194, 0.07430466, -0.6236489)
(0.2800734, 0.07418402, -0.6236451)
(0.2800465, 0.07413156, -0.6237786)
(0.2800093, 0.07413752, -0.6239169)
(0.2801862, 0.07413585, -0.6239345)
(0.2802374, 0.07403238, -0.6239176)
(0.2802682, 0.0740083, -0.623847)
(0.2802746, 0.07413633, -0.6239021)
(0.2801554, 0.07416947, -0.6239851)
(0.2800126, 0.07423647, -0.6240764)
(0.2798755, 0.07420762, -0.6241171)
(0.2796772, 0.07424791, -0.6243978)
(0.2795913, 0.07431634, -0.6245978)
(0.279665, 0.07449014, -0.6248612)
(0.2796273, 0.07449158, -0.6250813)
(0.2797201, 0.07446511, -0.6252787)
(0.2798495, 0.07459362, -0.6254053)
(0.2795851, 0.07460101, -0.625617)
(0.2793884, 0.07467015, -0.6257861)
(0.279062, 0.07458265, -0.6258969)
(0.2788961, 0.07461579, -0.6259377)
(0.2787766, 0.07466848, -0.6260405)
(0.2784617, 0.07468589, -0.6261687)
(0.2779763, 0.07488449, -0.6260648)
(0.277894, 0.07524259, -0.6257668)
(0.27738, 0.07562692, -0.6254125)
(0.2772377, 0.07650407, -0.6253347)
(0.2770736, 0.07731183, -0.6250942)
(0.2766678, 0.0785168, -0.6248603)
(0.2760839, 0.07962544, -0.624368)
(0.2753026, 0.08188064, -0.6228802)
(0.2745643, 0.08370169, -0.6215239)
(0.2742765, 0.08731206, -0.6191967)
(0.2734728, 0.09204896, -0.6193967)
(0.2714207, 0.1000481, -0.6205933)
(0.2683156, 0.1113311, -0.6233509)
(0.2664027, 0.1221386, -0.6255786)
(0.2634578, 0.1370662, -0.6266713)
(0.2634578, 0.1370662, -0.6266713)
(0.2589958, 0.1700283, -0.626189)
(0.2556057, 0.1855047, -0.6249611)
(0.2532728, 0.2034202, -0.6222978)
(0.2516713, 0.2208072, -0.6198714)
(0.2497959, 0.2373668, -0.617378)
(0.2491667, 0.2534528, -0.6123433)
(0.2483099, 0.2685829, -0.6086102)
(0.248456, 0.2822776, -0.6038816)
(0.2482355, 0.2971051, -0.5992343)
(0.2479634, 0.3092483, -0.5924275)
(0.2482152, 0.3202561, -0.5863698)
(0.2480474, 0.3306121, -0.5803449)
(0.2467341, 0.342204, -0.5733457)
(0.2465291, 0.3518839, -0.5666809)
(0.2457976, 0.3586517, -0.5594416)
(0.244401, 0.3676932, -0.5518403)
(0.2438478, 0.3736536, -0.5439694)
(0.2432857, 0.3803068, -0.5355229)
(0.242156, 0.3829412, -0.5262911)
(0.2416968, 0.3848785, -0.5176115)
(0.241384, 0.3869126, -0.5086353)
(0.2405887, 0.3867546, -0.4990282)
(0.2403643, 0.386135, -0.4897821)
(0.2406855, 0.3811389, -0.4790912)
(0.2400837, 0.3784488, -0.4689376)
(0.2400651, 0.3725458, -0.4584312)
(0.2401445, 0.3651311, -0.4467521)
(0.2396364, 0.3571772, -0.4358871)
(0.2394423, 0.3492746, -0.4253271)
(0.239367, 0.3439685, -0.4143088)
(0.2390988, 0.3381361, -0.4034128)
(0.2408447, 0.3334397, -0.3935778)
(0.2412415, 0.3262637, -0.3822348)
(0.2417357, 0.3197209, -0.3716285)
(0.2427378, 0.3130932, -0.3613007)
(0.2443395, 0.3045825, -0.3499806)
(0.2460575, 0.2967963, -0.3401897)
(0.2477233, 0.2894494, -0.3306365)
(0.2492809, 0.2816986, -0.3219707)
(0.2513385, 0.274001, -0.3140981)
(0.2530978, 0.2668365, -0.3065088)
(0.2550209, 0.2599177, -0.2983413)
(0.2582672, 0.2534535, -0.2924998)
(0.2602301, 0.2470563, -0.285697)
(0.2633269, 0.2411333, -0.2803493)
(0.2672689, 0.2358346, -0.277812)
(0.2693229, 0.2303763, -0.2743709)
(0.271276, 0.225768, -0.2741106)
(0.2738931, 0.2209624, -0.2770326)
(0.2734554, 0.2131457, -0.2803307)
(0.2746131, 0.2063305, -0.2831886)
(0.2764895, 0.2002227, -0.2892835)
(0.2763381, 0.1938388, -0.2990489)
(0.2754066, 0.1904172, -0.3054655)
(0.2703557, 0.1879315, -0.3033679)
(0.2669387, 0.1899912, -0.2979672)
(0.2685666, 0.1903059, -0.2956691)
(0.2716813, 0.1931845, -0.2930074)
(0.2751064, 0.1946592, -0.2907135)
(0.2772119, 0.1955771, -0.2899415)
(0.2785885, 0.1945957, -0.2897325)
(0.278054, 0.1929754, -0.2910588)
(0.2771423, 0.1907331, -0.2927246)
(0.2749858, 0.187976, -0.2957652)
(0.2755218, 0.1872966, -0.2976253)
(0.2763617, 0.1870386, -0.2973943)
(0.2763655, 0.1890086, -0.2960079)
(0.2779505, 0.1900601, -0.2950161)
(0.2788422, 0.1898658, -0.293138)
(0.2785795, 0.1896807, -0.2918875)
(0.2788467, 0.189613, -0.2917523)
(0.2784381, 0.1893567, -0.2923453)
(0.2778878, 0.1895534, -0.293185)
(0.2783437, 0.1898772, -0.2941079)
(0.2788255, 0.1898894, -0.2943316)
(0.2786212, 0.1902045, -0.2939711)
(0.2788272, 0.1905913, -0.2930775)
(0.2789798, 0.1908323, -0.2922823)
(0.2787261, 0.1910381, -0.2916968)
(0.2786252, 0.1911089, -0.2913811)
(0.278338, 0.1911601, -0.2913969)
(0.2781291, 0.1912114, -0.2916694)
(0.2780538, 0.1913342, -0.2918758)
(0.2779763, 0.1914243, -0.2919641)
(0.2779129, 0.1914977, -0.2917562)
(0.2776275, 0.1915523, -0.2915044)
(0.2774682, 0.1916799, -0.2911479)
(0.2773473, 0.1917943, -0.2909369)
(0.2774322, 0.1920139, -0.2904546)
(0.2774215, 0.1921739, -0.2901146)
(0.2772059, 0.1922995, -0.2895093)
(0.2771513, 0.1921515, -0.2890801)
(0.2772629, 0.1922459, -0.2887666)
(0.2774498, 0.1922373, -0.2884524)
(0.2774603, 0.1922631, -0.2880487)
(0.2776072, 0.1923107, -0.2873299)
(0.2775905, 0.1923081, -0.2867455)
(0.2776182, 0.1921789, -0.2861116)
(0.2774425, 0.1921276, -0.2856143)
(0.2772899, 0.1920737, -0.2848871)
(0.2770925, 0.1921119, -0.2840252)
(0.2768729, 0.1921322, -0.2833962)
(0.2767875, 0.1921963, -0.2826645)
(0.2769256, 0.1922683, -0.2822299)
(0.2774596, 0.1925067, -0.2817831)
(0.2778888, 0.192788, -0.2814279)
(0.278023, 0.1931743, -0.2806916)
(0.2777767, 0.1935569, -0.2796767)
(0.2774839, 0.1936983, -0.278769)
(0.2771626, 0.1938454, -0.2779045)
(0.2770336, 0.193948, -0.277225)
(0.2768393, 0.19419, -0.2764745)
(0.2768669, 0.1944749, -0.2760577)
(0.2772489, 0.1946904, -0.275655)
(0.2772274, 0.1948828, -0.2751496)
(0.2770905, 0.1950928, -0.2744715)
(0.2769434, 0.1954498, -0.2736874)
(0.2767265, 0.1959814, -0.2727823)
(0.2763851, 0.1968235, -0.2717116)
(0.2759936, 0.1978957, -0.2706466)
(0.2755804, 0.1992571, -0.2693503)
(0.2752416, 0.2006041, -0.2680297)
(0.275322, 0.2025873, -0.2663221)
(0.2756994, 0.2044071, -0.2644954)
(0.2764528, 0.2078842, -0.2607205)
(0.2766702, 0.2127001, -0.2555826)
(0.2768219, 0.2185141, -0.2493672)
(0.2769516, 0.2258748, -0.2416124)
(0.2771876, 0.2344746, -0.2333138)
(0.2790232, 0.2478144, -0.2248843)
(0.2786012, 0.2632482, -0.2155814)
(0.2753592, 0.2800159, -0.2049015)
(0.2742765, 0.2948434, -0.1960495)
(0.2711077, 0.3125595, -0.1876388)
(0.268137, 0.3299977, -0.1795855)
(0.2638865, 0.3480015, -0.174243)
(0.2599566, 0.3665489, -0.1688359)
(0.258369, 0.3849108, -0.1611669)
(0.2554364, 0.4035913, -0.1536012)
(0.2538047, 0.4207508, -0.1462398)
(0.2537398, 0.4369804, -0.1377053)
(0.2527382, 0.4531664, -0.1301625)
(0.2514503, 0.4674386, -0.1230397)
(0.2504325, 0.4815949, -0.1155248)
(0.2482786, 0.4959648, -0.1090982)
(0.2464912, 0.5074642, -0.1031408)
(0.245405, 0.5182639, -0.09714222)
(0.2435265, 0.5300003, -0.09144831)
(0.2419078, 0.5393062, -0.08578205)
(0.2410593, 0.5469204, -0.07970881)
(0.2398317, 0.554533, -0.07370734)
(0.2394707, 0.5601991, -0.06833482)
(0.2393286, 0.564283, -0.06281662)
(0.2391469, 0.5685711, -0.05707312)
(0.2398376, 0.5715271, -0.05165315)
(0.2408772, 0.5720359, -0.04672551)
(0.2414887, 0.5710924, -0.04171586)
(0.2425618, 0.5698348, -0.03690219)
(0.2428679, 0.567816, -0.03316545)
(0.2423453, 0.564797, -0.02867556)
(0.242604, 0.5621496, -0.02449536)
(0.2426991, 0.5575823, -0.02075052)
(0.2429693, 0.5517253, -0.01663613)
(0.2437863, 0.5447651, -0.01243758)
(0.2442791, 0.537623, -0.008119106)
(0.2458236, 0.5282925, -0.00383687)
(0.24753, 0.5176888, 0.0007779598)
(0.2485595, 0.5080968, 0.004635096)
(0.2497218, 0.4969838, 0.008928299)
(0.2507167, 0.4857797, 0.01355934)
(0.2517099, 0.4742123, 0.01840091)
(0.2532816, 0.4621448, 0.02242756)
(0.25472, 0.4501215, 0.02708316)
(0.2551627, 0.4378919, 0.031914)
(0.2588141, 0.427215, 0.03577471)
(0.2610426, 0.4167269, 0.04102755)
(0.2631593, 0.4052987, 0.0462544)
(0.2686443, 0.3967761, 0.04852152)
(0.2711942, 0.3871982, 0.05235481)
(0.2740214, 0.3793418, 0.05430722)
(0.2802892, 0.3725071, 0.05499148)
(0.268136, 0.3523821, 0.06772208)
(0.2711289, 0.3458713, 0.0683887)
(0.2749491, 0.3398019, 0.06682396)
(0.276582, 0.3352674, 0.0647769)
(0.2782717, 0.3308846, 0.06102324)
(0.280122, 0.3261954, 0.05256367)
(0.2770021, 0.323763, 0.04227114)
(0.2821186, 0.3232962, 0.0375793)
(0.2741127, 0.3202332, 0.03331971)
(0.2723091, 0.3173565, 0.03608727)
(0.2696893, 0.315693, 0.03772044)
(0.2746923, 0.317835, 0.04057503)
(0.2794561, 0.322121, 0.04133582)
(0.2822824, 0.324159, 0.04156756)
(0.2830694, 0.3237556, 0.04102707)
(0.283628, 0.3232156, 0.04066825)
(0.2825069, 0.3219789, 0.03953791)
(0.2811499, 0.3217536, 0.03880548)
(0.2808115, 0.3216017, 0.03718495)
(0.2810225, 0.3212086, 0.03637791)
(0.2808542, 0.3210105, 0.03583694)
(0.2814317, 0.3203458, 0.03594971)
(0.2827141, 0.3198529, 0.03776193)
(0.2825093, 0.3203133, 0.03947067)
(0.2832241, 0.3207206, 0.04017162)
(0.2832022, 0.3209888, 0.04050255)
(0.2831769, 0.3210295, 0.04080415)
(0.2831006, 0.3210553, 0.04052377)
(0.2829144, 0.3210567, 0.03998566)
(0.2826483, 0.3213466, 0.03974771)
(0.2825677, 0.3213669, 0.03988075)
(0.2830069, 0.3215486, 0.04054999)
(0.2832379, 0.3214775, 0.04092598)
(0.2833822, 0.3212961, 0.04127455)
(0.2835162, 0.3210977, 0.04146266)
(0.2835162, 0.3210977, 0.04146266)
(0.2833431, 0.3212055, 0.04178977)
(0.2829499, 0.3208171, 0.04211283)
(0.2828326, 0.3208295, 0.04208279)
(0.2827458, 0.3209392, 0.04208469)
(0.2827454, 0.3209037, 0.04234314)
(0.2824163, 0.3209215, 0.04247141)
(0.2825236, 0.3210312, 0.04253864)
(0.2827702, 0.3210837, 0.04251528)
(0.2830117, 0.3209904, 0.04243088)
(0.2832549, 0.3210353, 0.04215646)
(0.2834404, 0.3210264, 0.04199982)
(0.2835073, 0.3210706, 0.04173374)
(0.2835851, 0.3209559, 0.04143381)
(0.2835858, 0.3208805, 0.04120326)
(0.2839246, 0.3206447, 0.04106236)
(0.2840147, 0.3204588, 0.04097819)
(0.2841473, 0.3204194, 0.04051232)
(0.2843795, 0.3203467, 0.04017711)
(0.2845042, 0.3203605, 0.03976989)
(0.284606, 0.3203584, 0.03934002)
(0.2845857, 0.3205062, 0.03902149)
(0.2845426, 0.32029, 0.0387671)
(0.2845347, 0.3202482, 0.03846455)
(0.2849495, 0.3199543, 0.03816414)
(0.2851837, 0.320053, 0.03788543)
(0.2854135, 0.3200394, 0.0376699)
(0.2852085, 0.3201765, 0.03740692)
(0.2852747, 0.3201784, 0.03707433)
(0.285331, 0.3202399, 0.03663683)
(0.2855878, 0.320206, 0.0363493)
(0.2856359, 0.3201598, 0.0361042)
(0.2857513, 0.3201607, 0.0357511)
(0.285728, 0.3201689, 0.03549218)
(0.2858849, 0.3203582, 0.03521204)
(0.2858989, 0.320439, 0.03519392)
(0.2859833, 0.3205756, 0.03523302)
(0.2858808, 0.320434, 0.03519607)
(0.2860198, 0.3205041, 0.03512931)
(0.2861273, 0.3204116, 0.03496051)
(0.2862275, 0.3204001, 0.03500223)
(0.2861638, 0.3204206, 0.03491616)
(0.28615, 0.3205184, 0.03507471)
####
0.09143536
0.09143536
0.09143536
0.09143536
0.09143536
0.09143536
0.09143536
0.09143536
0.09143536
0.09143536
0.09143536
0.09143536
0.09143536
0.09143536
0.09143536
0.09143536
0.09143536
0.09143536
0.09143536
0.09143536
0.09143536
0.09143536
0.09143536
0.09143536
0.09143536
0.09143536
0.09143536
0.09143536
0.09143536
0.09143536
0.09143536
0.09143536
0.09143536
0.09143536
0.09143536
0.09143536
0.09143536
0.09143536
0.09143536
0.09143536
0.09143536
0.09143536
0.09143536
0.09143536
0.09143536
0.09143536
0.09143536
0.09143536
0.09143536
0.09143536
0.09143536
0.09143536
0.09143536
0.09143536
0.09143536
0.09143536
0.09143536
0.09143536
0.09143536
0.09143536
0.09143536
0.09143536
0.09143536
0.09143536
0.09143536
0.09143536
0.09143536
0.09143536
0.09143536
0.09143536
0.09143536
0.09143536
0.09143536
0.09143536
0.09143536
0.09143536
0.09143536
0.09143536
0.09143536
0.09143536
0.09143536
0.09143536
0.09143536
0.09143536
0.09143536
0.09143536
0.09143536
0.09143536
0.09143536
0.09143536
0.09143536
0.09143536
0.09143536
0.09143536
0.09143536
0.09143536
0.09143536
0.09143536
0.09143536
0.09143536
0.09143536
0.09143536
0.09143536
0.09143536
0.09143536
0.09143536
0.09143536
0.09143536
0.09143536
0.09143536
0.09143536
0.09143536
0.09143536
0.09143536
0.09143536
0.09143536
0.09143536
0.09143536
0.09143536
0.09143536
0.09143536
0.09143536
0.09143536
0.09143536
0.09143536
0.09143536
0.09143536
0.09143536
0.09143536
0.09143536
0.09143536
0.09143536
0.09143536
0.09143536
0.09143536
0.09143536
0.09143536
0.09143536
0.09143536
0.09143536
0.09143536
0.09143536
0.09143536
0.09143536
0.09143536
0.09143536
0.09143536
0.09143536
0.09143536
0.09143536
0.09143536
0.09143536
0.09143536
0.09143536
0.09143536
0.09143536
0.09143536
0.09143536
0.09143536
0.09143536
0.09143536
0.09143536
0.09143536
0.09143536
0.09143536
0.09143536
0.09143536
0.09143536
0.09143536
0.09143536
0.09143536
0.09143536
0.09143536
0.09143536
0.09143536
0.09143536
0.09143536
0.09143536
0.09143536
0.09143536
0.09143536
0.09143536
0.09143536
0.09143536
0.09143536
0.09143536
0.09143536
0.09143536
0.09143536
0.09143536
0.09143536
0.09143536
0.09143536
0.09143536
0.09143536
0.09143536
0.09143536
0.09143536
0.09143536
0.09143536
0.09143536
0.09143536
0.09143536
0.09143536
0.09143536
0.09143536
0.09143536
0.09143536
0.09143536
0.09143536
0.09143536
0.09143536
0.09143536
0.09143536
0.09143536
0.09143536
0.09143536
0.09143536
0.09143536
0.09143536
0.09143536
0.09143536
0.09143536
0.09143536
0.09143536
0.09143536
0.09143536
0.09143536
0.09143536
0.09143536
0.09143536
0.09143536
0.09143536
0.09143536
0.09143536
0.09143536
0.09143536
0.09143536
0.09143536
0.09143536
0.09143536
0.09143536
0.09143536
0.09143536
0.09143536
0.09143536
0.09143536
0.09143536
0.09143536
0.09143536
0.09143536
0.09143536
0.09143536
0.09143536
0.09143536
0.09143536
0.09143536
0.09143536
0.09143536
0.09143536
0.09143536
0.09143536
0.09143536
0.09143536
0.09143536
0.09143536
0.09143536
0.09143536
0.09143536
0.09143536
0.09143536
0.09143536
0.09143536
0.09143536
0.09143536
0.09143536
0.09143536
0.09143536
0.09143536
0.09143536
0.09143536
0.09143536
0.09143536
0.09143536
0.09143536
0.09143536
0.09143536
0.09143536
0.09143536
0.09143536
0.09143536
0.09143536
0.09143536
0.09143536
0.09143536
0.09143536
0.09143536
0.09143536
0.09143536
0.09143536
0.09143536
0.09143536
0.09143536
0.09143536
0.09143536
0.09143536
0.09143536
0.09143536
0.09143536
0.09143536
0.09143536
0.09143536
0.09143536
0.09143536
0.09143536
0.09143536
0.09143536
0.09143536
0.09143536
0.09143536
0.09143536
0.09143536
0.09143536
0.09143536
0.09143536
0.09143536
0.09143536
0.09143536
0.09143536
0.09143536
0.09143536
0.09143536
0.09143536
0.09143536
0.09143536
0.09143536
0.09143536
0.09143536
0.09143536
0.09143536
0.09143536
0.09143536
0.09143536
0.09143536
0.09143536
0.09143536
0.09143536
0.09143536
0.09143536
0.09143536
0.09143536
0.09143536
0.09143536
0.09143536
0.09143536
0.09143536
0.09143536
0.09143536
0.09143536
0.09143536
0.09143536
0.09143536
0.09143536
0.09143536
0.09143536
0.09143536
0.09143536
0.09143536
0.09143536
0.09143536
