(2375.495, -412.8379, 21613.93)
(0.3222141, -1.47921, -0.8585765)
(0.4195164, 2.233051, -1.173335)
(0.1073348, 0.8437883, -0.6737897)
(2.738493, -0.3091305, 1.260043)
(5.961952, 6.214829, 1.889141)
(1.359723, 0.1312836, 3.087041)
(7.712123, 1.064889, -3.30781)
(3.333353, 2.245174, -2.292486)
(-0.6895914, 1.160147, -0.4492089)
(4.391581, -0.4989362, 1.12496)
(2.390104, 3.827623, 0.2743274)
(-0.1477164, -0.6696475, -0.9344428)
(2.352554, -0.6871904, 0.1632077)
(1.346936, 2.348391, -1.233233)
(1.989266, 0.7595618, -2.365118)
(3.42189, 0.2948022, -1.819039)
(1.862662, 0.336314, -2.356354)
(1.309778, 1.439488, -1.384873)
(0.03913349, -0.8174551, 0.4109016)
(-0.06394448, 1.044077, -0.4884939)
(-2.097418, -0.3503231, 0.395526)
(-0.3443018, -0.5268363, 1.232928)
(-1.270844, -0.5109247, 0.183243)
(-2.507117, -1.224182, -0.664434)
(-2.031382, -0.01101617, 0.1718523)
(-0.6613822, 1.561896, 0.0818649)
(1.503677, -0.02791974, -1.641282)
(1.870352, 1.78509, -2.989541)
(0.6863206, -0.1271776, -1.988795)
(-1.744688, -0.03431471, -1.400469)
(0.5954337, 1.058549, -1.225574)
(-1.318723, -0.08351915, -0.4527617)
(-2.990681, -1.793342, 5.158258)
(-0.6033525, -2.525304, 5.80096)
(-3.237033, -1.691307, 1.642066)
(-4.319814, -0.05791706, 0.4912964)
(-8.939221, 1.907821, 2.041128)
(-7.114915, 0.9811465, 1.547603)
(-6.863255, 0.6555945, 1.276684)
(-0.8890474, -0.4923279, 4.470513)
(2.952662, -1.433874, -0.6879154)
(5.18114, 1.029123, -0.3983008)
(1.880037, -0.5274213, -0.8482692)
(-0.8253655, -0.2004151, -0.07758005)
(-9.662147, 1.353995, 4.273048)
(-9.077981, 4.017173, 0.08742488)
(-5.048616, 1.202461, 0.8152643)
(-1.942161, 0.3610778, 0.6762002)
(2.537722, -1.71698, 0.2890393)
(2.476035, -0.6647804, 0.9960808)
(3.142934, -0.5860798, 0.2898197)
(0.6792956, 0.2049881, -1.088181)
(0.5017843, 0.6930963, -0.2033374)
(-2.950837, 0.9288397, 1.696313)
(-3.008188, 1.106864, -0.4386079)
(-1.775386, -1.033769, -0.395529)
