(0.3022118, 0.1661565, -0.6152465)
(0.3022873, 0.1662443, -0.6152806)
(0.302223, 0.1662281, -0.6153452)
(0.3021879, 0.1662126, -0.6153626)
(0.3022957, 0.1664269, -0.6154585)
(0.3022516, 0.1664181, -0.6154418)
(0.3022027, 0.1663673, -0.6155272)
(0.3020945, 0.1662529, -0.6154797)
(0.3021967, 0.1661167, -0.6155047)
(0.3021963, 0.166096, -0.6155207)
(0.3022709, 0.1661768, -0.6155903)
(0.3022687, 0.1661394, -0.6155987)
(0.3023813, 0.1661611, -0.6155765)
(0.3022327, 0.1659257, -0.6154597)
(0.3021853, 0.1658843, -0.615495)
(0.3022413, 0.1659114, -0.6154633)
(0.3023674, 0.1660562, -0.6155982)
(0.3023305, 0.1660743, -0.6155791)
(0.3022969, 0.1660542, -0.6156294)
(0.3023117, 0.16606, -0.6156623)
(0.3022571, 0.1660626, -0.6156757)
(0.3022578, 0.1660547, -0.6157045)
(0.3023114, 0.166106, -0.615783)
(0.3023574, 0.1660726, -0.6157024)
(0.3024089, 0.1660957, -0.6156652)
(0.3022819, 0.1659486, -0.6155603)
(0.3020744, 0.1660421, -0.6154122)
(0.3019586, 0.1660318, -0.6154423)
(0.3019958, 0.1661196, -0.6154759)
(0.3021984, 0.1659172, -0.6155863)
(0.3020632, 0.1658595, -0.6156371)
(0.3019772, 0.1657286, -0.6155841)
(0.3019571, 0.1656868, -0.6154342)
(0.3019948, 0.1657536, -0.6153417)
(0.3018882, 0.1656218, -0.6152894)
(0.3017507, 0.1656134, -0.6152737)
(0.3018079, 0.1656277, -0.6152015)
(0.3018522, 0.16571, -0.6152198)
(0.3016531, 0.1657641, -0.6151347)
(0.3015819, 0.1657429, -0.6151352)
(0.3015983, 0.1658175, -0.6151552)
(0.3016965, 0.1657186, -0.6151559)
(0.3017368, 0.1657374, -0.6151578)
(0.3019786, 0.1661081, -0.6153915)
(0.3022082, 0.1659527, -0.6155446)
(0.3023002, 0.1659274, -0.6156588)
(0.3022878, 0.1656938, -0.6157198)
(0.3023505, 0.1656604, -0.6157424)
(0.3023496, 0.1656539, -0.615669)
(0.3025029, 0.1655428, -0.6155162)
(0.3025894, 0.1655385, -0.6154625)
(0.302752, 0.1655824, -0.6154749)
(0.3029675, 0.1659188, -0.615679)
(0.3029034, 0.1661777, -0.6157911)
(0.3028615, 0.1663177, -0.6159129)
(0.3027096, 0.1662257, -0.6160457)
(0.3026588, 0.1662266, -0.616183)
(0.3026803, 0.1662855, -0.6162758)
(0.3027298, 0.1664832, -0.6163988)
(0.3027151, 0.1665344, -0.6162825)
(0.3025587, 0.1666298, -0.6163642)
(0.3023913, 0.1666296, -0.6164913)
(0.3022609, 0.1666272, -0.6165028)
(0.3022473, 0.1666007, -0.6166155)
(0.3018994, 0.1664391, -0.6164417)
(0.3017192, 0.16643, -0.6164074)
(0.3013773, 0.1664319, -0.6160686)
(0.3012414, 0.1667008, -0.6160326)
(0.3008065, 0.1668537, -0.6156359)
(0.3001792, 0.1668596, -0.6154678)
(0.2997265, 0.1668975, -0.615104)
(0.2993612, 0.1669877, -0.6145191)
(0.2993741, 0.1669571, -0.6142037)
(0.2990992, 0.1671641, -0.6136563)
(0.2987413, 0.1678252, -0.6127465)
(0.298727, 0.1688008, -0.6118481)
(0.2987659, 0.1703463, -0.6109796)
(0.2982962, 0.1722047, -0.6096025)
(0.297646, 0.1739147, -0.6081994)
(0.2969043, 0.1766632, -0.6051705)
(0.2972667, 0.1799209, -0.6020057)
(0.2964742, 0.1857085, -0.5982797)
(0.2942293, 0.1941378, -0.5965745)
(0.2915156, 0.2057567, -0.5967917)
(0.2886705, 0.2211623, -0.5973816)
(0.2858739, 0.2376306, -0.5960927)
(0.2845328, 0.2547419, -0.5931211)
(0.2819533, 0.2709415, -0.5900669)
(0.2788947, 0.2874093, -0.5847905)
(0.2771857, 0.3035519, -0.5782475)
(0.2757261, 0.3180525, -0.5718713)
(0.2741549, 0.3321369, -0.5655389)
(0.2731838, 0.3459175, -0.5571187)
(0.2723289, 0.3569748, -0.5486317)
(0.2722218, 0.3662634, -0.5395689)
(0.2723072, 0.3742402, -0.530103)
(0.2710128, 0.3832355, -0.5202456)
(0.2713468, 0.3883514, -0.510258)
(0.2716718, 0.3921971, -0.5002308)
(0.270684, 0.3974345, -0.4893701)
(0.2712121, 0.398524, -0.4785416)
(0.2717338, 0.3985736, -0.4665673)
(0.2711902, 0.3982019, -0.4546406)
(0.2717936, 0.3954465, -0.4429715)
(0.2726557, 0.3915679, -0.43098)
(0.2724426, 0.3889487, -0.4187696)
(0.2734861, 0.3828099, -0.4067662)
(0.2749109, 0.3758464, -0.39465)
(0.275311, 0.3695989, -0.3824151)
(0.2786517, 0.3627894, -0.3715646)
(0.2803035, 0.3530073, -0.3583627)
(0.2817128, 0.3432043, -0.346766)
(0.2840366, 0.3337429, -0.3360009)
(0.2858822, 0.3240883, -0.3251431)
(0.2881463, 0.3129194, -0.3161151)
(0.289994, 0.3018713, -0.3078458)
(0.2921209, 0.2911541, -0.3002343)
(0.2944379, 0.2799692, -0.2939465)
(0.2961462, 0.2695439, -0.2875245)
(0.2978015, 0.2590261, -0.2820115)
(0.2993367, 0.2471333, -0.277791)
(0.2991335, 0.2367973, -0.2749262)
(0.300427, 0.2273693, -0.2736557)
(0.3010535, 0.2187221, -0.2723153)
(0.3013389, 0.2109301, -0.2736285)
(0.3024876, 0.2035921, -0.2765441)
(0.304383, 0.1953547, -0.2815285)
(0.304873, 0.1870997, -0.2853858)
(0.3057141, 0.1808023, -0.2915676)
(0.3046834, 0.1748891, -0.3013961)
(0.3040478, 0.1730306, -0.3073046)
(0.3012502, 0.1679876, -0.3075256)
(0.3024502, 0.1670969, -0.3027594)
(0.3003137, 0.1652315, -0.2984326)
(0.3001463, 0.1664145, -0.2974625)
(0.3017938, 0.1656158, -0.2984524)
(0.3034773, 0.1662521, -0.298979)
(0.3040178, 0.1659558, -0.3006423)
(0.3049483, 0.1655245, -0.3005211)
(0.3047926, 0.1656256, -0.299468)
(0.3048954, 0.1649196, -0.2999127)
(0.3049076, 0.1642911, -0.2995584)
(0.3049333, 0.1636665, -0.2992322)
(0.3051155, 0.1634529, -0.2991569)
(0.3050351, 0.1634536, -0.2987309)
(0.3052926, 0.1633945, -0.2986226)
(0.305274, 0.1633818, -0.2975781)
(0.3056812, 0.1630161, -0.2969291)
(0.3062274, 0.1631286, -0.2968242)
(0.3066325, 0.163213, -0.296082)
(0.3070307, 0.1630051, -0.296144)
(0.3072124, 0.1627691, -0.2962463)
(0.3078241, 0.1626461, -0.2958755)
(0.308177, 0.1627314, -0.2955859)
(0.3086121, 0.1627223, -0.2955029)
(0.3088465, 0.1627359, -0.2951345)
(0.3085644, 0.1628373, -0.2948613)
(0.3087547, 0.1628504, -0.2948749)
(0.3088348, 0.162852, -0.2946172)
(0.308881, 0.1628788, -0.2944858)
(0.3086181, 0.1629651, -0.2942762)
(0.3086071, 0.1630485, -0.294096)
(0.3087664, 0.1630285, -0.2939811)
(0.3087449, 0.1630454, -0.2938583)
(0.3088844, 0.1631024, -0.2936153)
(0.3088307, 0.1631272, -0.2935019)
(0.3089602, 0.1630073, -0.2934773)
(0.3090136, 0.1630292, -0.2939126)
(0.3091409, 0.1629629, -0.2941344)
(0.3092089, 0.1629217, -0.2943051)
(0.3093066, 0.1629219, -0.2944977)
(0.309268, 0.1630826, -0.2944856)
(0.309252, 0.1630659, -0.294529)
(0.3093781, 0.1631274, -0.2944787)
(0.3094058, 0.1630836, -0.2946322)
(0.3092854, 0.1627574, -0.2945709)
(0.3093221, 0.162786, -0.2947371)
(0.3094134, 0.1627126, -0.2948213)
(0.3096383, 0.1627724, -0.2948434)
(0.3097763, 0.1628249, -0.2949777)
(0.3099091, 0.1628549, -0.2949729)
(0.3099291, 0.1628413, -0.2948685)
(0.3099046, 0.1629131, -0.2947989)
(0.3097522, 0.1629477, -0.2945094)
(0.3098063, 0.1629729, -0.294425)
(0.3097074, 0.1631386, -0.2944422)
(0.3096738, 0.1632068, -0.2944341)
(0.3096805, 0.1633925, -0.2944648)
(0.3096833, 0.1635351, -0.2944813)
(0.309731, 0.1636183, -0.2944345)
(0.3097217, 0.1637499, -0.2943418)
(0.3096352, 0.1638823, -0.2942173)
(0.309474, 0.1639905, -0.2940485)
(0.30932, 0.163934, -0.2934787)
(0.3093638, 0.1639657, -0.293237)
(0.3093185, 0.1639874, -0.29298)
(0.3091855, 0.1640074, -0.2926626)
(0.30915, 0.1641212, -0.2925689)
(0.3091187, 0.1641793, -0.2924953)
(0.3090887, 0.1642048, -0.2924104)
(0.3091493, 0.1642723, -0.2923622)
(0.3089433, 0.1644571, -0.2920671)
(0.308763, 0.1644421, -0.2915537)
(0.3084743, 0.1646128, -0.2912943)
(0.3083313, 0.1646314, -0.2909951)
(0.3083229, 0.1646054, -0.2907174)
(0.3083582, 0.1645947, -0.2904317)
(0.3082156, 0.1645918, -0.2901354)
(0.3079996, 0.1644068, -0.2896435)
(0.3078554, 0.1644478, -0.2894292)
(0.307786, 0.1644397, -0.2891524)
(0.307725, 0.1644011, -0.2887948)
(0.3077352, 0.1643925, -0.2883186)
(0.3078182, 0.1642902, -0.2879276)
(0.3077836, 0.1642852, -0.2874823)
(0.3078139, 0.1643696, -0.287113)
(0.3078315, 0.1644051, -0.2867634)
(0.3077722, 0.1644533, -0.2863796)
(0.3076439, 0.1644447, -0.2861817)
(0.3075912, 0.164382, -0.2858057)
(0.3075948, 0.1642866, -0.2854085)
(0.3076675, 0.1642714, -0.2847607)
(0.307394, 0.1645105, -0.284152)
(0.3073752, 0.1646147, -0.2836249)
(0.3071778, 0.1648004, -0.2833972)
(0.3070483, 0.1649208, -0.2830143)
(0.3069086, 0.1650236, -0.282645)
(0.3069067, 0.1650696, -0.282414)
(0.3067505, 0.165169, -0.2819941)
(0.3065813, 0.1652632, -0.2814369)
(0.3062549, 0.1653969, -0.2808785)
(0.3059626, 0.1654711, -0.2801974)
(0.3055561, 0.1656144, -0.2793341)
(0.3050828, 0.1658709, -0.2786765)
(0.3045704, 0.1662488, -0.278003)
(0.3041644, 0.1665976, -0.2773077)
(0.3033528, 0.1677103, -0.2757392)
(0.3027093, 0.1685555, -0.2743161)
(0.3016157, 0.1697042, -0.2722456)
(0.3009722, 0.1703956, -0.2710404)
(0.30091, 0.1705837, -0.2698793)
(0.3005018, 0.1710157, -0.2685783)
(0.3002582, 0.1718595, -0.2671297)
(0.2994604, 0.1730344, -0.265537)
(0.2991765, 0.1745801, -0.2637608)
(0.2989786, 0.1762233, -0.2619534)
(0.2986672, 0.1786819, -0.2594657)
(0.2984612, 0.1811988, -0.2569995)
(0.2984238, 0.183964, -0.2543221)
(0.2981105, 0.1867025, -0.2516198)
(0.2979422, 0.1901283, -0.248683)
(0.2975459, 0.1934543, -0.2456594)
(0.297266, 0.1973705, -0.2420232)
(0.2966824, 0.2015665, -0.2378948)
(0.2960465, 0.2055337, -0.2334762)
(0.295017, 0.21015, -0.2285721)
(0.2939622, 0.2147064, -0.2240653)
(0.2923577, 0.2192266, -0.2194939)
(0.2910342, 0.2234039, -0.2153056)
(0.2891135, 0.2288516, -0.2113478)
(0.2869294, 0.234606, -0.2070818)
(0.2850251, 0.2395704, -0.2032301)
(0.2829797, 0.2467916, -0.2013812)
(0.2807915, 0.2532516, -0.1976194)
(0.278512, 0.2596684, -0.1941206)
(0.2765653, 0.2683735, -0.1903341)
(0.2744873, 0.2752507, -0.1858287)
(0.272233, 0.2830546, -0.1819067)
(0.2705374, 0.2911911, -0.1782246)
(0.268008, 0.2990661, -0.1738153)
(0.2659574, 0.3072805, -0.1700573)
(0.2642422, 0.315598, -0.1665132)
(0.2622857, 0.3236713, -0.1626787)
(0.2604885, 0.3319623, -0.1590102)
(0.2591136, 0.3409338, -0.1552665)
(0.2586083, 0.3497512, -0.1520646)
(0.2572312, 0.3575492, -0.1483364)
(0.2562089, 0.3653195, -0.1447818)
(0.2561555, 0.373194, -0.1415462)
(0.2549884, 0.3806336, -0.1377645)
(0.2543392, 0.3875935, -0.1339931)
(0.2547505, 0.3951128, -0.1307957)
(0.2536724, 0.4016736, -0.1266658)
(0.2532349, 0.4082458, -0.1224136)
(0.2533543, 0.4141185, -0.1184468)
(0.2525418, 0.4197056, -0.11414)
(0.2523484, 0.4245291, -0.1100655)
(0.2517321, 0.4284445, -0.1057043)
(0.2478695, 0.4294387, -0.09935284)
(0.2508721, 0.4347211, -0.0970397)
(0.2506039, 0.4377065, -0.09272218)
(0.2507894, 0.4390724, -0.0881393)
(0.2515337, 0.4403253, -0.08342791)
(0.2518106, 0.4400452, -0.07852221)
(0.2520828, 0.4389291, -0.0735991)
(0.2527959, 0.4384147, -0.06897235)
(0.2533319, 0.435032, -0.06361127)
(0.2535219, 0.4335567, -0.05860853)
(0.2540107, 0.4289496, -0.05342102)
(0.2543631, 0.4245459, -0.04834962)
(0.2547722, 0.4202319, -0.04326367)
(0.2552373, 0.414531, -0.03805208)
(0.2557611, 0.4078636, -0.03252459)
(0.2564771, 0.4009135, -0.02747059)
(0.2570524, 0.3943582, -0.02253628)
(0.2576632, 0.3865747, -0.01764679)
(0.2580163, 0.3793464, -0.01292658)
(0.2582483, 0.3714581, -0.008320093)
(0.2588172, 0.3633945, -0.003784895)
(0.25969, 0.3551435, 0.0005807877)
(0.260576, 0.346719, 0.004782438)
(0.2615438, 0.3376513, 0.008840084)
(0.2626266, 0.3292539, 0.01195931)
(0.2631147, 0.3214021, 0.01499939)
(0.2632976, 0.3134346, 0.01755381)
(0.2642267, 0.3051674, 0.0197463)
(0.2643065, 0.2970057, 0.02170372)
(0.2640247, 0.2883642, 0.02325559)
(0.2646306, 0.2795331, 0.02447605)
(0.2644238, 0.2707283, 0.02548003)
(0.2646384, 0.2611973, 0.02589679)
(0.2634485, 0.2519591, 0.02655959)
(0.2666984, 0.2471662, 0.02421808)
(0.2662354, 0.2390442, 0.0237143)
(0.2659681, 0.230732, 0.02260661)
(0.2656124, 0.2225206, 0.02165651)
(0.265275, 0.2145386, 0.02062082)
(0.2650564, 0.2068062, 0.01911998)
(0.2653878, 0.1994052, 0.01716661)
(0.2656834, 0.1921368, 0.01457977)
(0.266063, 0.1850007, 0.01221395)
(0.2669847, 0.1788495, 0.009288788)
(0.2675412, 0.1731155, 0.005820274)
(0.2661376, 0.1687665, -0.003890753)
(0.2641232, 0.1671898, -0.009316683)
(0.2633379, 0.1641638, -0.01726437)
(0.2643743, 0.163635, -0.01837516)
(0.261008, 0.1597538, -0.01731086)
(0.2609177, 0.1584563, -0.01596045)
(0.261447, 0.1587403, -0.01619887)
(0.2664502, 0.1670029, -0.01651382)
(0.2682755, 0.1699014, -0.01897717)
(0.2700846, 0.1710739, -0.02085924)
(0.2706246, 0.1693959, -0.02164865)
(0.2709348, 0.1677299, -0.02165198)
(0.271158, 0.1669314, -0.02070785)
(0.2714438, 0.1677697, -0.02065587)
(0.2707305, 0.1680324, -0.02110028)
(0.2700868, 0.1676836, -0.02157021)
(0.2691751, 0.166923, -0.02219176)
(0.2689981, 0.1664166, -0.02222753)
(0.268831, 0.1659343, -0.02200556)
(0.2689078, 0.1659636, -0.02203894)
(0.2692451, 0.1660247, -0.02113175)
(0.2691453, 0.1665866, -0.02010489)
(0.2694337, 0.1669135, -0.01966596)
(0.269551, 0.1673265, -0.01945734)
(0.2697756, 0.1675851, -0.01937222)
(0.2698305, 0.1676762, -0.01938868)
(0.2702582, 0.1677668, -0.01950479)
(0.2704971, 0.1678975, -0.01967025)
(0.2703252, 0.1674643, -0.01945782)
(0.2706363, 0.1674039, -0.01943922)
(0.2704043, 0.1673827, -0.01956058)
(0.2703302, 0.1670735, -0.01979995)
(0.2701929, 0.1670625, -0.01976943)
(0.2701809, 0.1668756, -0.01992869)
(0.270051, 0.1663923, -0.01998901)
(0.2699852, 0.1663771, -0.02006483)
(0.2701569, 0.1663144, -0.0201664)
(0.270505, 0.1665986, -0.02046227)
(0.2705481, 0.1666787, -0.0208621)
(0.2707543, 0.166748, -0.02106452)
(0.2707834, 0.1667421, -0.02112889)
(0.2707903, 0.1668253, -0.02134275)
(0.2707815, 0.1668036, -0.02144694)
(0.2706861, 0.1665671, -0.02135921)
(0.270751, 0.166527, -0.02135611)
(0.2709849, 0.1663375, -0.02146363)
(0.2711294, 0.1663897, -0.02153111)
(0.2712743, 0.1664023, -0.02163696)
(0.2714164, 0.1663961, -0.021667)
(0.2717071, 0.1665955, -0.02205181)
(0.2718208, 0.1665146, -0.02237606)
(0.2717957, 0.1664567, -0.02258492)
(0.2718678, 0.1664035, -0.0226686)
(0.2719903, 0.166369, -0.02272534)
(0.2720971, 0.166306, -0.02269006)
(0.2722082, 0.1661119, -0.02267408)
(0.2724056, 0.165972, -0.02288914)
(0.2727039, 0.1659267, -0.02301836)
(0.2729759, 0.166008, -0.02314568)
(0.2730484, 0.1661842, -0.02301002)
(0.2731435, 0.1661813, -0.02293777)
(0.2730947, 0.1661181, -0.0226388)
(0.2730618, 0.1660912, -0.02263784)
(0.2728884, 0.1661687, -0.0223279)
(0.2728753, 0.1660926, -0.02209234)
(0.2727704, 0.1660807, -0.02204323)
(0.2728121, 0.1660345, -0.02189445)
(0.2726879, 0.1658239, -0.02168036)
(0.272747, 0.1657946, -0.02176762)
(0.272893, 0.165766, -0.02159095)
(0.2728946, 0.1655905, -0.02138209)
(0.2730014, 0.1654949, -0.02142859)
(0.2730374, 0.1654551, -0.02138853)
(0.2730031, 0.1653233, -0.02129316)
(0.2729478, 0.1653192, -0.02132177)
(0.273042, 0.1652715, -0.02122641)
(0.2729745, 0.165076, -0.02111411)
(0.2730489, 0.1648908, -0.02127147)
(0.273077, 0.1648116, -0.02117586)
(0.273397, 0.1650777, -0.0212326)
(0.273387, 0.1651468, -0.02116632)
(0.2734489, 0.1651149, -0.02103424)
(0.2736816, 0.1652656, -0.02095675)
(0.2737176, 0.1653414, -0.02056026)
(0.2736077, 0.165314, -0.02037811)
(0.2735434, 0.1652462, -0.02009463)
(0.2735181, 0.1651475, -0.02008629)
(0.2734742, 0.1650758, -0.02004147)
(0.2734551, 0.1650615, -0.02012944)
(0.2735581, 0.16504, -0.02025008)
(0.2736616, 0.1650324, -0.02022099)
(0.2738476, 0.165092, -0.02026653)
(0.2740293, 0.1651242, -0.020087)
(0.2740142, 0.165009, -0.02020788)
(0.2741516, 0.1650057, -0.02024722)
(0.274332, 0.1649792, -0.02013707)
(0.2743716, 0.1649485, -0.02013326)
(0.2744746, 0.1649516, -0.02015972)
####
(0.2093898, 1.803053, 2.546352)
(0.2095454, 1.802958, 2.546342)
(0.2096284, 1.802738, 2.546358)
(0.2095965, 1.802437, 2.546154)
(0.2096822, 1.802225, 2.546303)
(0.209573, 1.80217, 2.546337)
(0.209469, 1.802393, 2.5462)
(0.209286, 1.802388, 2.546273)
(0.2092844, 1.802245, 2.546247)
(0.2090675, 1.802372, 2.546386)
(0.2091647, 1.802319, 2.546384)
(0.2091944, 1.802201, 2.546451)
(0.2093333, 1.802102, 2.54662)
(0.2093046, 1.80175, 2.54645)
(0.2091886, 1.801203, 2.546301)
(0.2092025, 1.801456, 2.54644)
(0.2092412, 1.801589, 2.546242)
(0.2091975, 1.801742, 2.546201)
(0.2091094, 1.801613, 2.54602)
(0.2089436, 1.801315, 2.545931)
(0.2089137, 1.801204, 2.545817)
(0.2088542, 1.801437, 2.545674)
(0.2090053, 1.801885, 2.545714)
(0.209337, 1.801893, 2.545593)
(0.2094551, 1.801545, 2.545564)
(0.2092436, 1.801162, 2.545692)
(0.2087418, 1.802112, 2.546096)
(0.208561, 1.803027, 2.546155)
(0.2087615, 1.803688, 2.546513)
(0.2087138, 1.803491, 2.54654)
(0.208618, 1.803063, 2.546454)
(0.2086277, 1.80264, 2.546548)
(0.2086445, 1.802564, 2.546779)
(0.2084256, 1.803052, 2.54674)
(0.2083909, 1.803774, 2.546881)
(0.2083666, 1.804191, 2.546853)
(0.2083353, 1.804527, 2.547041)
(0.2084291, 1.804245, 2.547231)
(0.2081903, 1.804346, 2.54736)
(0.2081034, 1.805216, 2.547653)
(0.2080314, 1.806442, 2.547989)
(0.2078548, 1.808308, 2.548365)
(0.2079341, 1.809284, 2.548249)
(0.2077224, 1.810825, 2.548275)
(0.2082182, 1.812513, 2.548334)
(0.2079193, 1.815488, 2.548691)
(0.2081645, 1.817992, 2.548621)
(0.2094654, 1.816476, 2.548635)
(0.2095763, 1.813649, 2.548383)
(0.208389, 1.806032, 2.547548)
(0.2080812, 1.804813, 2.548407)
(0.2077714, 1.804157, 2.548494)
(0.2067737, 1.803933, 2.548853)
(0.205213, 1.803483, 2.549095)
(0.2039372, 1.804894, 2.549664)
(0.2014708, 1.808417, 2.550728)
(0.2002953, 1.812958, 2.551798)
(0.1995819, 1.815167, 2.552097)
(0.1986046, 1.815877, 2.552178)
(0.197395, 1.815375, 2.551872)
(0.196021, 1.814093, 2.551003)
(0.1947718, 1.814721, 2.550615)
(0.1938115, 1.815556, 2.550569)
(0.1924701, 1.815637, 2.550412)
(0.1911288, 1.814896, 2.550729)
(0.1898694, 1.814428, 2.55075)
(0.1878808, 1.812942, 2.551943)
(0.1863437, 1.812419, 2.552518)
(0.1838159, 1.811866, 2.554416)
(0.1814826, 1.810572, 2.556397)
(0.1783597, 1.808608, 2.559052)
(0.1751491, 1.807435, 2.562285)
(0.1708616, 1.807082, 2.567258)
(0.1667056, 1.808657, 2.573455)
(0.1620832, 1.81124, 2.582905)
(0.1573246, 1.814081, 2.594963)
(0.1497197, 1.818893, 2.611304)
(0.1369975, 1.829245, 2.632519)
(0.1243673, 1.837865, 2.655381)
(0.1058757, 1.853124, 2.69056)
(0.08876359, 1.866174, 2.723466)
(0.08003306, 1.867707, 2.759698)
(0.09675016, 1.846884, 2.810423)
(0.08717428, 1.854367, 2.86231)
(0.06965262, 1.875916, 2.92555)
(0.02677746, 1.912666, 2.980915)
(0.006608258, 1.929628, 3.032302)
(6.276741, 1.942361, 3.07781)
(6.269277, 1.936907, 3.111403)
(6.261189, 1.932966, 3.144474)
(6.25888, 1.936148, 3.173858)
(6.252035, 1.937019, 3.199699)
(6.251483, 1.930178, 3.217516)
(6.261649, 1.920715, 3.226117)
(6.274874, 1.909001, 3.231077)
(0.005966282, 1.89407, 3.233366)
(0.01721276, 1.879586, 3.23632)
(0.03199643, 1.868613, 3.227352)
(0.04374765, 1.860279, 3.213899)
(0.05166531, 1.850761, 3.20136)
(0.05873694, 1.843034, 3.179474)
(0.06668512, 1.837555, 3.153168)
(0.07153039, 1.832832, 3.123612)
(0.07565478, 1.830582, 3.091856)
(0.08028258, 1.826834, 3.058641)
(0.08574581, 1.820745, 3.026581)
(0.09192988, 1.815835, 2.989752)
(0.09882643, 1.809922, 2.951689)
(0.1056517, 1.802692, 2.91456)
(0.1133263, 1.796656, 2.87481)
(0.1205503, 1.790231, 2.833606)
(0.1238136, 1.784357, 2.796052)
(0.1240607, 1.7774, 2.757859)
(0.1245898, 1.767071, 2.718668)
(0.1267689, 1.745373, 2.682525)
(0.1300872, 1.721639, 2.648491)
(0.1320144, 1.697428, 2.614289)
(0.1312634, 1.679735, 2.582757)
(0.1300861, 1.665008, 2.550164)
(0.1259803, 1.649454, 2.520232)
(0.1246111, 1.628011, 2.49548)
(0.1303104, 1.609198, 2.478941)
(0.1336573, 1.604834, 2.463104)
(0.1289197, 1.602114, 2.445186)
(0.1223859, 1.616496, 2.431093)
(0.1222049, 1.644452, 2.429581)
(0.1231594, 1.671595, 2.43386)
(0.1284853, 1.691928, 2.436937)
(0.1366524, 1.701355, 2.455032)
(0.1385146, 1.677411, 2.483999)
(0.1432738, 1.719164, 2.51938)
(0.1245921, 1.81572, 2.457658)
(0.1472376, 1.804782, 2.497136)
(0.1562721, 1.749486, 2.503416)
(0.1601939, 1.689803, 2.497944)
(0.1553862, 1.687078, 2.500558)
(0.1533517, 1.712534, 2.507438)
(0.1583588, 1.728348, 2.510812)
(0.1691944, 1.723235, 2.525112)
(0.1691404, 1.71117, 2.530366)
(0.1673159, 1.69385, 2.533325)
(0.169706, 1.68908, 2.535656)
(0.1736142, 1.694934, 2.539356)
(0.1737063, 1.69521, 2.544803)
(0.1739995, 1.695326, 2.548851)
(0.1729098, 1.690706, 2.551204)
(0.1728763, 1.679199, 2.552437)
(0.1751779, 1.662659, 2.552517)
(0.1767176, 1.644994, 2.55156)
(0.178753, 1.631431, 2.553215)
(0.180686, 1.635883, 2.557539)
(0.1833214, 1.648222, 2.560745)
(0.1848499, 1.650267, 2.563498)
(0.1868303, 1.646147, 2.566481)
(0.1947524, 1.643731, 2.567984)
(0.1966129, 1.644733, 2.57038)
(0.1952712, 1.645294, 2.572641)
(0.1956345, 1.645855, 2.573696)
(0.1905814, 1.643274, 2.573514)
(0.186936, 1.645003, 2.575129)
(0.1789644, 1.643619, 2.575366)
(0.179111, 1.644675, 2.578055)
(0.179379, 1.643754, 2.579308)
(0.1789552, 1.641055, 2.580217)
(0.177903, 1.639049, 2.581326)
(0.1774368, 1.637056, 2.582367)
(0.1779546, 1.634089, 2.582685)
(0.1802929, 1.631881, 2.581035)
(0.1814196, 1.631474, 2.580266)
(0.1809375, 1.630172, 2.578124)
(0.1821381, 1.628503, 2.577627)
(0.1819526, 1.625546, 2.576584)
(0.1822117, 1.623632, 2.57526)
(0.1820262, 1.620462, 2.574443)
(0.1826535, 1.619591, 2.574035)
(0.1831955, 1.620906, 2.57367)
(0.1846378, 1.619493, 2.573998)
(0.1855828, 1.618584, 2.573734)
(0.1879985, 1.617502, 2.574256)
(0.189927, 1.620134, 2.575889)
(0.1913774, 1.621988, 2.577193)
(0.1927026, 1.624766, 2.578977)
(0.1917008, 1.626239, 2.58081)
(0.1903806, 1.627587, 2.583005)
(0.1907074, 1.626662, 2.584077)
(0.1907344, 1.628243, 2.585004)
(0.1905273, 1.629889, 2.586264)
(0.1895553, 1.633163, 2.588151)
(0.1885584, 1.63936, 2.59111)
(0.1880435, 1.64387, 2.593818)
(0.1876939, 1.649087, 2.597034)
(0.1869688, 1.65399, 2.600966)
(0.1856194, 1.658051, 2.604848)
(0.1827502, 1.660959, 2.609133)
(0.1826841, 1.658917, 2.611908)
(0.1823406, 1.658756, 2.614077)
(0.1812826, 1.65786, 2.616731)
(0.1796865, 1.657972, 2.618735)
(0.1783414, 1.66083, 2.620405)
(0.1769722, 1.66395, 2.622695)
(0.1762086, 1.667677, 2.625398)
(0.1750011, 1.668971, 2.627722)
(0.1741589, 1.666118, 2.630603)
(0.1726538, 1.66391, 2.633706)
(0.171543, 1.663643, 2.636878)
(0.1704405, 1.665041, 2.640409)
(0.1702698, 1.66657, 2.644158)
(0.169569, 1.666228, 2.646982)
(0.1685365, 1.663937, 2.650001)
(0.1672868, 1.663111, 2.653229)
(0.1658867, 1.664498, 2.656856)
(0.1648664, 1.666126, 2.660996)
(0.1637402, 1.667096, 2.666352)
(0.1629852, 1.665987, 2.670572)
(0.1623912, 1.663744, 2.674543)
(0.1614665, 1.665096, 2.679323)
(0.1602067, 1.667303, 2.683779)
(0.1581997, 1.671526, 2.689205)
(0.1567287, 1.674204, 2.69478)
(0.1556848, 1.674238, 2.699405)
(0.15519, 1.67478, 2.704572)
(0.1540804, 1.675759, 2.710093)
(0.1526196, 1.676622, 2.715801)
(0.1506309, 1.677597, 2.721809)
(0.1489196, 1.679246, 2.727415)
(0.1468241, 1.680788, 2.733022)
(0.1445223, 1.683184, 2.738695)
(0.1421085, 1.689202, 2.744919)
(0.1400836, 1.692384, 2.750576)
(0.1373968, 1.692985, 2.756929)
(0.1338527, 1.692448, 2.764821)
(0.1307565, 1.692196, 2.771988)
(0.1278836, 1.690679, 2.780337)
(0.1251047, 1.688344, 2.789116)
(0.1219909, 1.692167, 2.798502)
(0.1181311, 1.694729, 2.807372)
(0.1064194, 1.700701, 2.82142)
(0.09774853, 1.700177, 2.833714)
(0.08679198, 1.693412, 2.849419)
(0.07995949, 1.692014, 2.862533)
(0.07554354, 1.691619, 2.874398)
(0.07126781, 1.692689, 2.886269)
(0.065813, 1.695295, 2.898555)
(0.06064597, 1.69762, 2.910243)
(0.0557383, 1.70226, 2.922743)
(0.05111141, 1.703808, 2.934445)
(0.04412116, 1.70491, 2.948257)
(0.04029506, 1.703413, 2.960366)
(0.03680151, 1.704671, 2.973346)
(0.03233581, 1.709058, 2.985664)
(0.02493612, 1.716283, 2.998208)
(0.01712136, 1.723572, 3.011088)
(0.01128826, 1.732582, 3.02414)
(0.005218399, 1.739721, 3.036981)
(0.0009837934, 1.744802, 3.051077)
(0.003603049, 1.744376, 3.064517)
(0.002927917, 1.7417, 3.077277)
(6.282701, 1.739285, 3.090399)
(6.275688, 1.74225, 3.104887)
(6.267432, 1.748441, 3.120574)
(6.256498, 1.75725, 3.139274)
(6.249016, 1.761724, 3.155941)
(6.240884, 1.769446, 3.181602)
(6.230639, 1.782924, 3.190447)
(6.218891, 1.793, 3.206089)
(6.212061, 1.791022, 3.232511)
(6.208102, 1.791444, 3.254213)
(6.206428, 1.790819, 3.276572)
(6.203894, 1.789131, 3.298088)
(6.202316, 1.784448, 3.320307)
(6.199634, 1.783517, 3.339786)
(6.195489, 1.784492, 3.359435)
(6.191834, 1.785008, 3.3785)
(6.188735, 1.784278, 3.3971)
(6.184363, 1.783494, 3.416314)
(6.181676, 1.782869, 3.434487)
(6.179558, 1.781653, 3.450563)
(6.17769, 1.779906, 3.467454)
(6.178866, 1.777577, 3.481646)
(6.177317, 1.775902, 3.49637)
(6.17636, 1.77501, 3.509947)
(6.17566, 1.77306, 3.522398)
(6.175614, 1.770729, 3.534456)
(6.175832, 1.768363, 3.544845)
(6.175643, 1.766563, 3.553456)
(6.176555, 1.763554, 3.561936)
(6.178371, 1.760599, 3.566479)
(6.177274, 1.759927, 3.569424)
(6.175544, 1.759017, 3.572678)
(6.174288, 1.758453, 3.569271)
(6.17479, 1.757323, 3.568427)
(6.178175, 1.755203, 3.563033)
(6.184756, 1.752456, 3.553526)
(6.188632, 1.751613, 3.541687)
(6.192229, 1.751498, 3.526972)
(6.195145, 1.750887, 3.512635)
(6.199138, 1.751125, 3.491007)
(6.202756, 1.750355, 3.475866)
(6.204985, 1.753479, 3.448664)
(6.203817, 1.756887, 3.423985)
(6.203255, 1.76017, 3.399469)
(6.201639, 1.76563, 3.370367)
(6.202351, 1.76957, 3.339944)
(6.206588, 1.770932, 3.311692)
(6.211804, 1.773166, 3.283543)
(6.216423, 1.778422, 3.25277)
(6.217969, 1.783514, 3.223831)
(6.218298, 1.792518, 3.19269)
(6.21941, 1.800629, 3.163127)
(6.224341, 1.804521, 3.134932)
(6.234537, 1.800953, 3.108965)
(6.251498, 1.792831, 3.081524)
(6.264407, 1.78791, 3.057292)
(6.273424, 1.783697, 3.035321)
(6.279934, 1.780582, 3.014146)
(0.00431571, 1.779054, 2.991779)
(0.01125176, 1.77987, 2.970527)
(0.01677806, 1.783032, 2.94799)
(0.02289873, 1.786534, 2.925683)
(0.03117219, 1.791526, 2.904545)
(0.04160076, 1.79192, 2.879655)
(0.05165464, 1.789007, 2.858898)
(0.06102194, 1.789252, 2.838092)
(0.06855138, 1.787766, 2.81735)
(0.07754089, 1.78851, 2.794811)
(0.08363727, 1.791642, 2.770979)
(0.0894011, 1.794134, 2.747439)
(0.09344436, 1.798733, 2.723494)
(0.09914855, 1.804897, 2.700294)
(0.1035591, 1.809926, 2.675065)
(0.1077615, 1.81084, 2.650526)
(0.1121455, 1.808572, 2.625598)
(0.1172658, 1.80248, 2.599272)
(0.1132944, 1.755657, 2.616489)
(0.1595769, 1.728787, 2.662121)
(0.08998865, 1.804773, 2.54827)
(0.09829199, 1.817683, 2.571564)
(0.1270713, 1.840673, 2.531521)
(0.1451085, 1.791752, 2.515597)
(0.1588252, 1.795893, 2.485919)
(0.1587667, 1.772131, 2.497506)
(0.1324153, 1.764725, 2.493526)
(0.1448412, 1.784148, 2.486515)
(0.1637187, 1.79379, 2.477857)
(0.1643532, 1.775175, 2.472602)
(0.1656414, 1.752874, 2.471602)
(0.1566534, 1.745395, 2.475556)
(0.1468058, 1.759317, 2.480854)
(0.1476125, 1.774579, 2.483267)
(0.1598737, 1.802475, 2.48579)
(0.1569024, 1.826497, 2.494565)
(0.1523801, 1.831076, 2.497407)
(0.154808, 1.834445, 2.499621)
(0.1566265, 1.826576, 2.501562)
(0.1544434, 1.814129, 2.503452)
(0.1535152, 1.80441, 2.50485)
(0.1528036, 1.793775, 2.505389)
(0.151811, 1.791525, 2.50654)
(0.1510448, 1.797093, 2.508257)
(0.1508226, 1.800145, 2.509609)
(0.1513897, 1.803415, 2.509672)
(0.1518224, 1.803651, 2.509359)
(0.1529173, 1.801047, 2.507544)
(0.1537688, 1.797823, 2.505029)
(0.1554079, 1.794546, 2.501434)
(0.1572741, 1.790172, 2.497259)
(0.1585792, 1.787372, 2.494107)
(0.1605889, 1.784427, 2.490568)
(0.1615306, 1.784374, 2.488767)
(0.1625869, 1.785157, 2.48754)
(0.1636432, 1.785879, 2.48657)
(0.1647425, 1.787326, 2.486089)
(0.1655102, 1.790164, 2.486176)
(0.1659948, 1.792547, 2.486095)
(0.1651935, 1.797583, 2.487215)
(0.1656796, 1.799972, 2.487306)
(0.1666673, 1.799271, 2.486784)
(0.1674176, 1.796511, 2.486171)
(0.1684505, 1.794246, 2.485319)
(0.1690207, 1.792688, 2.484385)
(0.169859, 1.793342, 2.484046)
(0.1707664, 1.793941, 2.483634)
(0.1721516, 1.79833, 2.483512)
(0.1733343, 1.801233, 2.483412)
(0.1744311, 1.802504, 2.482897)
(0.1751645, 1.80031, 2.48242)
(0.1758464, 1.795838, 2.481579)
(0.1770023, 1.793692, 2.481513)
(0.1781595, 1.790016, 2.481095)
(0.1783047, 1.786798, 2.481758)
(0.1782761, 1.783143, 2.482942)
(0.1779563, 1.784613, 2.484544)
(0.1783353, 1.788011, 2.485742)
(0.1790458, 1.788965, 2.487055)
(0.179776, 1.789566, 2.488807)
(0.1803653, 1.789309, 2.490204)
(0.1808687, 1.78875, 2.491507)
(0.1808026, 1.78826, 2.492666)
(0.1806731, 1.787712, 2.494021)
(0.1815075, 1.787896, 2.494855)
(0.1818746, 1.78868, 2.495958)
(0.1822084, 1.790622, 2.497193)
(0.1830213, 1.791094, 2.498116)
(0.1839894, 1.790873, 2.498367)
(0.1849641, 1.790035, 2.498673)
(0.1856576, 1.788049, 2.498332)
(0.1862978, 1.786984, 2.498366)
(0.1869671, 1.786839, 2.498199)
(0.1871685, 1.787166, 2.498644)
(0.1879552, 1.788846, 2.499109)
(0.1887469, 1.788074, 2.4994)
(0.1893038, 1.787389, 2.4998)
(0.1896843, 1.783916, 2.500898)
(0.1894559, 1.781502, 2.502226)
(0.1891448, 1.78103, 2.503753)
(0.1897835, 1.781254, 2.505331)
(0.189794, 1.780918, 2.507852)
(0.1897642, 1.779491, 2.509886)
(0.1896372, 1.778563, 2.511131)
(0.1895846, 1.778244, 2.512252)
(0.1894352, 1.778017, 2.513085)
(0.1895744, 1.778773, 2.513308)
(0.1898866, 1.780074, 2.513012)
(0.1900941, 1.78041, 2.513176)
(0.1905422, 1.780532, 2.512747)
(0.1911537, 1.779646, 2.512861)
(0.192142, 1.777659, 2.512044)
(0.1931663, 1.775782, 2.511201)
(0.193882, 1.774234, 2.510408)
(0.1942947, 1.772916, 2.509791)
(0.1943433, 1.771832, 2.509273)
####
(0.3022118, 0.07791765, -0.6152465)
(0.3022873, 0.07800539, -0.6152806)
(0.302223, 0.07798918, -0.6153452)
(0.3021879, 0.07797368, -0.6153626)
(0.3022957, 0.07818802, -0.6154585)
(0.3022516, 0.0781792, -0.6154418)
(0.3022027, 0.07812841, -0.6155272)
(0.3020945, 0.07801397, -0.6154797)
(0.3021967, 0.07787783, -0.6155047)
(0.3021963, 0.07785709, -0.6155207)
(0.3022709, 0.07793792, -0.6155903)
(0.3022687, 0.07790048, -0.6155987)
(0.3023813, 0.07792218, -0.6155765)
(0.3022327, 0.07768686, -0.6154597)
(0.3021853, 0.07764538, -0.615495)
(0.3022413, 0.07767256, -0.6154633)
(0.3023674, 0.07781728, -0.6155982)
(0.3023305, 0.0778354, -0.6155791)
(0.3022969, 0.07781537, -0.6156294)
(0.3023117, 0.07782109, -0.6156623)
(0.3022571, 0.07782371, -0.6156757)
(0.3022578, 0.07781585, -0.6157045)
(0.3023114, 0.07786711, -0.615783)
(0.3023574, 0.07783373, -0.6157024)
(0.3024089, 0.07785685, -0.6156652)
(0.3022819, 0.07770975, -0.6155603)
(0.3020744, 0.07780321, -0.6154122)
(0.3019586, 0.07779296, -0.6154423)
(0.3019958, 0.0778807, -0.6154759)
(0.3021984, 0.07767828, -0.6155863)
(0.3020632, 0.07762058, -0.6156371)
(0.3019772, 0.07748969, -0.6155841)
(0.3019571, 0.07744797, -0.6154342)
(0.3019948, 0.07751472, -0.6153417)
(0.3018882, 0.07738288, -0.6152894)
(0.3017507, 0.07737453, -0.6152737)
(0.3018079, 0.07738884, -0.6152015)
(0.3018522, 0.07747109, -0.6152198)
(0.3016531, 0.07752521, -0.6151347)
(0.3015819, 0.07750399, -0.6151352)
(0.3015983, 0.07757862, -0.6151552)
(0.3016965, 0.07747968, -0.6151559)
(0.3017368, 0.07749851, -0.6151578)
(0.3019786, 0.07786925, -0.6153915)
(0.3022082, 0.0777138, -0.6155446)
(0.3023002, 0.07768853, -0.6156588)
(0.3022878, 0.07745488, -0.6157198)
(0.3023505, 0.0774215, -0.6157424)
(0.3023496, 0.07741506, -0.615669)
(0.3025029, 0.07730396, -0.6155162)
(0.3025894, 0.07729967, -0.6154625)
(0.302752, 0.07734354, -0.6154749)
(0.3029675, 0.07767995, -0.615679)
(0.3029034, 0.07793887, -0.6157911)
(0.3028615, 0.07807882, -0.6159129)
(0.3027096, 0.07798679, -0.6160457)
(0.3026588, 0.07798775, -0.616183)
(0.3026803, 0.07804663, -0.6162758)
(0.3027298, 0.07824428, -0.6163988)
(0.3027151, 0.07829554, -0.6162825)
(0.3025587, 0.07839091, -0.6163642)
(0.3023913, 0.07839067, -0.6164913)
(0.3022609, 0.07838829, -0.6165028)
(0.3022473, 0.07836182, -0.6166155)
(0.3018994, 0.07820018, -0.6164417)
(0.3017192, 0.07819112, -0.6164074)
(0.3013773, 0.07819302, -0.6160686)
(0.3012414, 0.07846196, -0.6160326)
(0.3008065, 0.07861479, -0.6156359)
(0.3001792, 0.07862075, -0.6154678)
(0.2997265, 0.07865866, -0.615104)
(0.2993612, 0.07874878, -0.6145191)
(0.2993741, 0.07871826, -0.6142037)
(0.2990992, 0.07892521, -0.6136563)
(0.2987413, 0.07958634, -0.6127465)
(0.298727, 0.08056195, -0.6118481)
(0.2987659, 0.08210738, -0.6109796)
(0.2982962, 0.08396585, -0.6096025)
(0.297646, 0.08567579, -0.6081994)
(0.2969043, 0.08842428, -0.6051705)
(0.2972667, 0.09168203, -0.6020057)
(0.2964742, 0.09746964, -0.5982797)
(0.2942293, 0.1058989, -0.5965745)
(0.2915156, 0.1175178, -0.5967917)
(0.2886705, 0.1495958, -0.5973816)
(0.2858739, 0.1634194, -0.5960927)
(0.2845328, 0.1743887, -0.5931211)
(0.2819533, 0.1842359, -0.5900669)
(0.2788947, 0.2086117, -0.5847905)
(0.2771857, 0.2381443, -0.5782475)
(0.2757261, 0.2651948, -0.5718713)
(0.2741549, 0.2910204, -0.5655389)
(0.2731838, 0.3190055, -0.5571187)
(0.2723289, 0.3425393, -0.5486317)
(0.2722218, 0.3630415, -0.5395689)
(0.2723072, 0.3805184, -0.530103)
(0.2710128, 0.3972747, -0.5202456)
(0.2713468, 0.4083946, -0.510258)
(0.2716718, 0.4167584, -0.5002308)
(0.270684, 0.4255734, -0.4893701)
(0.2712121, 0.4292119, -0.4785416)
(0.2717338, 0.4312274, -0.4665673)
(0.2711902, 0.4321882, -0.4546406)
(0.2717936, 0.4303202, -0.4429715)
(0.2726557, 0.4270604, -0.43098)
(0.2724426, 0.4248639, -0.4187696)
(0.2734861, 0.4190034, -0.4067662)
(0.2749109, 0.4122282, -0.39465)
(0.275311, 0.4061076, -0.3824151)
(0.2786517, 0.3993747, -0.3715646)
(0.2803035, 0.3896552, -0.3583627)
(0.2817128, 0.3798884, -0.346766)
(0.2840366, 0.3704502, -0.3360009)
(0.2858822, 0.360812, -0.3251431)
(0.2881463, 0.3496528, -0.3161151)
(0.289994, 0.3386114, -0.3078458)
(0.2921209, 0.3278989, -0.3002343)
(0.2944379, 0.3167171, -0.2939465)
(0.2961462, 0.3062943, -0.2875245)
(0.2978015, 0.2957783, -0.2820115)
(0.2993367, 0.2838867, -0.277791)
(0.2991335, 0.2735514, -0.2749262)
(0.300427, 0.2641237, -0.2736557)
(0.3010535, 0.2554768, -0.2723153)
(0.3013389, 0.2476845, -0.2736285)
(0.3024876, 0.2403458, -0.2765441)
(0.304383, 0.2321071, -0.2815285)
(0.304873, 0.2238521, -0.2853858)
(0.3057141, 0.2175547, -0.2915676)
(0.3046834, 0.2116415, -0.3013961)
(0.3040478, 0.209783, -0.3073046)
(0.3012502, 0.20474, -0.3075256)
(0.3024502, 0.2038492, -0.3027594)
(0.3003137, 0.2019838, -0.2984326)
(0.3001463, 0.2031669, -0.2974625)
(0.3017938, 0.2023682, -0.2984524)
(0.3034773, 0.2030045, -0.298979)
(0.3040178, 0.2027082, -0.3006423)
(0.3049483, 0.2022769, -0.3005211)
(0.3047926, 0.2023779, -0.299468)
(0.3048954, 0.201672, -0.2999127)
(0.3049076, 0.2010435, -0.2995584)
(0.3049333, 0.2004189, -0.2992322)
(0.3051155, 0.2002052, -0.2991569)
(0.3050351, 0.200206, -0.2987309)
(0.3052926, 0.2001468, -0.2986226)
(0.305274, 0.2001342, -0.2975781)
(0.3056812, 0.1997685, -0.2969291)
(0.3062274, 0.199881, -0.2968242)
(0.3066325, 0.1999654, -0.296082)
(0.3070307, 0.1997575, -0.296144)
(0.3072124, 0.1995215, -0.2962463)
(0.3078241, 0.1993984, -0.2958755)
(0.308177, 0.1994838, -0.2955859)
(0.3086121, 0.1994747, -0.2955029)
(0.3088465, 0.1994883, -0.2951345)
(0.3085644, 0.1995896, -0.2948613)
(0.3087547, 0.1996028, -0.2948749)
(0.3088348, 0.1996044, -0.2946172)
(0.308881, 0.1996311, -0.2944858)
(0.3086181, 0.1997174, -0.2942762)
(0.3086071, 0.1998009, -0.294096)
(0.3087664, 0.1997809, -0.2939811)
(0.3087449, 0.1997978, -0.2938583)
(0.3088844, 0.1998548, -0.2936153)
(0.3088307, 0.1998796, -0.2935019)
(0.3089602, 0.1997596, -0.2934773)
(0.3090136, 0.1997816, -0.2939126)
(0.3091409, 0.1997153, -0.2941344)
(0.3092089, 0.199674, -0.2943051)
(0.3093066, 0.1996743, -0.2944977)
(0.309268, 0.199835, -0.2944856)
(0.309252, 0.1998183, -0.294529)
(0.3093781, 0.1998798, -0.2944787)
(0.3094058, 0.1998359, -0.2946322)
(0.3092854, 0.1995098, -0.2945709)
(0.3093221, 0.1995384, -0.2947371)
(0.3094134, 0.1994649, -0.2948213)
(0.3096383, 0.1995248, -0.2948434)
(0.3097763, 0.1995772, -0.2949777)
(0.3099091, 0.1996073, -0.2949729)
(0.3099291, 0.1995937, -0.2948685)
(0.3099046, 0.1996655, -0.2947989)
(0.3097522, 0.1997, -0.2945094)
(0.3098063, 0.1997253, -0.294425)
(0.3097074, 0.199891, -0.2944422)
(0.3096738, 0.1999592, -0.2944341)
(0.3096805, 0.2001449, -0.2944648)
(0.3096833, 0.2002875, -0.2944813)
(0.309731, 0.2003707, -0.2944345)
(0.3097217, 0.2005023, -0.2943418)
(0.3096352, 0.2006346, -0.2942173)
(0.309474, 0.2007429, -0.2940485)
(0.30932, 0.2006864, -0.2934787)
(0.3093638, 0.2007181, -0.293237)
(0.3093185, 0.2007398, -0.29298)
(0.3091855, 0.2007598, -0.2926626)
(0.30915, 0.2008735, -0.2925689)
(0.3091187, 0.2009317, -0.2924953)
(0.3090887, 0.2009572, -0.2924104)
(0.3091493, 0.2010247, -0.2923622)
(0.3089433, 0.2012095, -0.2920671)
(0.308763, 0.2011944, -0.2915537)
(0.3084743, 0.2013651, -0.2912943)
(0.3083313, 0.2013837, -0.2909951)
(0.3083229, 0.2013578, -0.2907174)
(0.3083582, 0.201347, -0.2904317)
(0.3082156, 0.2013442, -0.2901354)
(0.3079996, 0.2011591, -0.2896435)
(0.3078554, 0.2012002, -0.2894292)
(0.307786, 0.2011921, -0.2891524)
(0.307725, 0.2011534, -0.2887948)
(0.3077352, 0.2011448, -0.2883186)
(0.3078182, 0.2010426, -0.2879276)
(0.3077836, 0.2010376, -0.2874823)
(0.3078139, 0.201122, -0.287113)
(0.3078315, 0.2011575, -0.2867634)
(0.3077722, 0.2012056, -0.2863796)
(0.3076439, 0.2011971, -0.2861817)
(0.3075912, 0.2011344, -0.2858057)
(0.3075948, 0.201039, -0.2854085)
(0.3076675, 0.2010237, -0.2847607)
(0.307394, 0.2012629, -0.284152)
(0.3073752, 0.2013671, -0.2836249)
(0.3071778, 0.2015528, -0.2833972)
(0.3070483, 0.2016732, -0.2830143)
(0.3069086, 0.2017759, -0.282645)
(0.3069067, 0.201822, -0.282414)
(0.3067505, 0.2019214, -0.2819941)
(0.3065813, 0.2020155, -0.2814369)
(0.3062549, 0.2021493, -0.2808785)
(0.3059626, 0.2022234, -0.2801974)
(0.3055561, 0.2023667, -0.2793341)
(0.3050828, 0.2026233, -0.2786765)
(0.3045704, 0.2030012, -0.278003)
(0.3041644, 0.20335, -0.2773077)
(0.3033528, 0.2044627, -0.2757392)
(0.3027093, 0.2053079, -0.2743161)
(0.3016157, 0.2064566, -0.2722456)
(0.3009722, 0.207148, -0.2710404)
(0.30091, 0.2073361, -0.2698793)
(0.3005018, 0.2077681, -0.2685783)
(0.3002582, 0.2086119, -0.2671297)
(0.2994604, 0.2097868, -0.265537)
(0.2991765, 0.2113325, -0.2637608)
(0.2989786, 0.2129757, -0.2619534)
(0.2986672, 0.2154342, -0.2594657)
(0.2984612, 0.2179512, -0.2569995)
(0.2984238, 0.2207164, -0.2543221)
(0.2981105, 0.2234549, -0.2516198)
(0.2979422, 0.2268807, -0.248683)
(0.2975459, 0.2302066, -0.2456594)
(0.297266, 0.2341866, -0.2420232)
(0.2966824, 0.2383906, -0.2378948)
(0.2960465, 0.2423679, -0.2334762)
(0.295017, 0.2469971, -0.2285721)
(0.2939622, 0.2515675, -0.2240653)
(0.2923577, 0.2561041, -0.2194939)
(0.2910342, 0.2602988, -0.2153056)
(0.2891135, 0.2657653, -0.2113478)
(0.2869294, 0.2715431, -0.2070818)
(0.2850251, 0.2765315, -0.2032301)
(0.2829797, 0.2837654, -0.2013812)
(0.2807915, 0.2902538, -0.1976194)
(0.278512, 0.2967004, -0.1941206)
(0.2765653, 0.3054419, -0.1903341)
(0.2744873, 0.3123688, -0.1858287)
(0.272233, 0.3202226, -0.1819067)
(0.2705374, 0.3284121, -0.1782246)
(0.268008, 0.3363597, -0.1738153)
(0.2659574, 0.3446451, -0.1700573)
(0.2642422, 0.353038, -0.1665132)
(0.2622857, 0.3612036, -0.1626787)
(0.2604885, 0.3695946, -0.1590102)
(0.2591136, 0.3786813, -0.1552665)
(0.2586083, 0.3876094, -0.1520646)
(0.2572312, 0.3955518, -0.1483364)
(0.2562089, 0.4034774, -0.1447818)
(0.2561555, 0.4115099, -0.1415462)
(0.2549884, 0.419157, -0.1377645)
(0.2543392, 0.4263511, -0.1339931)
(0.2547505, 0.4340929, -0.1307957)
(0.2536724, 0.4409778, -0.1266658)
(0.2532349, 0.4479328, -0.1224136)
(0.2533543, 0.4542136, -0.1184468)
(0.2525418, 0.4603075, -0.11414)
(0.2523484, 0.4656799, -0.1100655)
(0.2517321, 0.4702682, -0.1057043)
(0.2478695, 0.4724265, -0.09935284)
(0.2508721, 0.4781946, -0.0970397)
(0.2506039, 0.4821869, -0.09272218)
(0.2507894, 0.4847812, -0.0881393)
(0.2515337, 0.4874923, -0.08342791)
(0.2518106, 0.488971, -0.07852221)
(0.2520828, 0.4899009, -0.0735991)
(0.2527959, 0.4916006, -0.06897235)
(0.2533319, 0.4911824, -0.06361127)
(0.2535219, 0.4929076, -0.05860853)
(0.2540107, 0.4921144, -0.05342102)
(0.2543631, 0.491977, -0.04834962)
(0.2547722, 0.4925241, -0.04326367)
(0.2552373, 0.4924542, -0.03805208)
(0.2557611, 0.4925192, -0.03252459)
(0.2564771, 0.4924323, -0.02747059)
(0.2570524, 0.4932341, -0.02253628)
(0.2576632, 0.493366, -0.01764679)
(0.2580163, 0.4943364, -0.01292658)
(0.2582483, 0.4949283, -0.008320093)
(0.2588172, 0.4956124, -0.003784895)
(0.25969, 0.4960832, 0.0005807877)
(0.260576, 0.4962555, 0.004782438)
(0.2615438, 0.4956031, 0.008840084)
(0.2626266, 0.4937025, 0.01195931)
(0.2631147, 0.492169, 0.01499939)
(0.2632976, 0.4894762, 0.01755381)
(0.2642267, 0.4856964, 0.0197463)
(0.2643065, 0.4814998, 0.02170372)
(0.2640247, 0.4759691, 0.02325559)
(0.2646306, 0.4695615, 0.02447605)
(0.2644238, 0.4627337, 0.02548003)
(0.2646384, 0.4540187, 0.02589679)
(0.2634485, 0.4460725, 0.02655959)
(0.2666984, 0.4366841, 0.02421808)
(0.2662354, 0.4275625, 0.0237143)
(0.2659681, 0.4170398, 0.02260661)
(0.2656124, 0.4069197, 0.02165651)
(0.265275, 0.3968444, 0.02062082)
(0.2650564, 0.3860577, 0.01911998)
(0.2653878, 0.3746501, 0.01716661)
(0.2656834, 0.3620335, 0.01457977)
(0.266063, 0.3548974, 0.01221395)
(0.2669847, 0.3487462, 0.009288788)
(0.2675412, 0.3430123, 0.005820274)
(0.2661376, 0.3386633, -0.003890753)
(0.2641232, 0.3370866, -0.009316683)
(0.2633379, 0.3340606, -0.01726437)
(0.2643743, 0.3335318, -0.01837516)
(0.261008, 0.3296506, -0.01731086)
(0.2609177, 0.3283531, -0.01596045)
(0.261447, 0.3286371, -0.01619887)
(0.2664502, 0.3368997, -0.01651382)
(0.2682755, 0.3397982, -0.01897717)
(0.2700846, 0.3409707, -0.02085924)
(0.2706246, 0.3392927, -0.02164865)
(0.2709348, 0.3376266, -0.02165198)
(0.271158, 0.3368282, -0.02070785)
(0.2714438, 0.3376665, -0.02065587)
(0.2707305, 0.3379292, -0.02110028)
(0.2700868, 0.3375804, -0.02157021)
(0.2691751, 0.3368198, -0.02219176)
(0.2689981, 0.3363134, -0.02222753)
(0.268831, 0.3358311, -0.02200556)
(0.2689078, 0.3358604, -0.02203894)
(0.2692451, 0.3359215, -0.02113175)
(0.2691453, 0.3364834, -0.02010489)
(0.2694337, 0.3368103, -0.01966596)
(0.269551, 0.3372232, -0.01945734)
(0.2697756, 0.3374819, -0.01937222)
(0.2698305, 0.337573, -0.01938868)
(0.2702582, 0.3376636, -0.01950479)
(0.2704971, 0.3377942, -0.01967025)
(0.2703252, 0.337361, -0.01945782)
(0.2706363, 0.3373007, -0.01943922)
(0.2704043, 0.3372795, -0.01956058)
(0.2703302, 0.3369703, -0.01979995)
(0.2701929, 0.3369593, -0.01976943)
(0.2701809, 0.3367724, -0.01992869)
(0.270051, 0.3362891, -0.01998901)
(0.2699852, 0.3362738, -0.02006483)
(0.2701569, 0.3362111, -0.0201664)
(0.270505, 0.3364953, -0.02046227)
(0.2705481, 0.3365754, -0.0208621)
(0.2707543, 0.3366448, -0.02106452)
(0.2707834, 0.3366389, -0.02112889)
(0.2707903, 0.3367221, -0.02134275)
(0.2707815, 0.3367004, -0.02144694)
(0.2706861, 0.3364639, -0.02135921)
(0.270751, 0.3364238, -0.02135611)
(0.2709849, 0.3362343, -0.02146363)
(0.2711294, 0.3362865, -0.02153111)
(0.2712743, 0.3362991, -0.02163696)
(0.2714164, 0.3362929, -0.021667)
(0.2717071, 0.3364922, -0.02205181)
(0.2718208, 0.3364114, -0.02237606)
(0.2717957, 0.3363535, -0.02258492)
(0.2718678, 0.3363003, -0.0226686)
(0.2719903, 0.3362657, -0.02272534)
(0.2720971, 0.3362028, -0.02269006)
(0.2722082, 0.3360087, -0.02267408)
(0.2724056, 0.3358688, -0.02288914)
(0.2727039, 0.3358235, -0.02301836)
(0.2729759, 0.3359048, -0.02314568)
(0.2730484, 0.336081, -0.02301002)
(0.2731435, 0.3360781, -0.02293777)
(0.2730947, 0.3360149, -0.0226388)
(0.2730618, 0.335988, -0.02263784)
(0.2728884, 0.3360655, -0.0223279)
(0.2728753, 0.3359894, -0.02209234)
(0.2727704, 0.3359775, -0.02204323)
(0.2728121, 0.3359312, -0.02189445)
(0.2726879, 0.3357207, -0.02168036)
(0.272747, 0.3356914, -0.02176762)
(0.272893, 0.3356628, -0.02159095)
(0.2728946, 0.3354873, -0.02138209)
(0.2730014, 0.3353917, -0.02142859)
(0.2730374, 0.3353519, -0.02138853)
(0.2730031, 0.33522, -0.02129316)
(0.2729478, 0.335216, -0.02132177)
(0.273042, 0.3351683, -0.02122641)
(0.2729745, 0.3349728, -0.02111411)
(0.2730489, 0.3347875, -0.02127147)
(0.273077, 0.3347084, -0.02117586)
(0.273397, 0.3349745, -0.0212326)
(0.273387, 0.3350436, -0.02116632)
(0.2734489, 0.3350117, -0.02103424)
(0.2736816, 0.3351623, -0.02095675)
(0.2737176, 0.3352382, -0.02056026)
(0.2736077, 0.3352107, -0.02037811)
(0.2735434, 0.335143, -0.02009463)
(0.2735181, 0.3350443, -0.02008629)
(0.2734742, 0.3349726, -0.02004147)
(0.2734551, 0.3349583, -0.02012944)
(0.2735581, 0.3349368, -0.02025008)
(0.2736616, 0.3349292, -0.02022099)
(0.2738476, 0.3349888, -0.02026653)
(0.2740293, 0.335021, -0.020087)
(0.2740142, 0.3349058, -0.02020788)
(0.2741516, 0.3349025, -0.02024722)
(0.274332, 0.334876, -0.02013707)
(0.2743716, 0.3348452, -0.02013326)
(0.2744746, 0.3348483, -0.02015972)
####
0.08823888
0.08823888
0.08823888
0.08823888
0.08823888
0.08823888
0.08823888
0.08823888
0.08823888
0.08823888
0.08823888
0.08823888
0.08823888
0.08823888
0.08823888
0.08823888
0.08823888
0.08823888
0.08823888
0.08823888
0.08823888
0.08823888
0.08823888
0.08823888
0.08823888
0.08823888
0.08823888
0.08823888
0.08823888
0.08823888
0.08823888
0.08823888
0.08823888
0.08823888
0.08823888
0.08823888
0.08823888
0.08823888
0.08823888
0.08823888
0.08823888
0.08823888
0.08823888
0.08823888
0.08823888
0.08823888
0.08823888
0.08823888
0.08823888
0.08823888
0.08823888
0.08823888
0.08823888
0.08823888
0.08823888
0.08823888
0.08823888
0.08823888
0.08823888
0.08823888
0.08823888
0.08823888
0.08823888
0.08823888
0.08823888
0.08823888
0.08823888
0.08823888
0.08823888
0.08823888
0.08823888
0.08823888
0.08823888
0.08823888
0.08823888
0.08823888
0.08823888
0.08823888
0.08823888
0.08823888
0.08823888
0.08823888
0.08823888
0.08823888
0.08823888
0.08823888
0.08823888
0.08823888
0.08823888
0.08823888
0.08823888
0.08823888
0.08823888
0.08823888
0.08823888
0.08823888
0.08823888
0.08823888
0.08823888
0.08823888
0.08823888
0.08823888
0.08823888
0.08823888
0.08823888
0.08823888
0.08823888
0.08823888
0.08823888
0.08823888
0.08823888
0.08823888
0.08823888
0.08823888
0.08823888
0.08823888
0.08823888
0.08823888
0.08823888
0.08823888
0.08823888
0.08823888
0.08823888
0.08823888
0.08823888
0.08823888
0.08823888
0.08823888
0.08823888
0.08823888
0.08823888
0.08823888
0.08823888
0.08823888
0.08823888
0.08823888
0.08823888
0.08823888
0.08823888
0.08823888
0.08823888
0.08823888
0.08823888
0.08823888
0.08823888
0.08823888
0.08823888
0.08823888
0.08823888
0.08823888
0.08823888
0.08823888
0.08823888
0.08823888
0.08823888
0.08823888
0.08823888
0.08823888
0.08823888
0.08823888
0.08823888
0.08823888
0.08823888
0.08823888
0.08823888
0.08823888
0.08823888
0.08823888
0.08823888
0.08823888
0.08823888
0.08823888
0.08823888
0.08823888
0.08823888
0.08823888
0.08823888
0.08823888
0.08823888
0.08823888
0.08823888
0.08823888
0.08823888
0.08823888
0.08823888
0.08823888
0.08823888
0.08823888
0.08823888
0.08823888
0.08823888
0.08823888
0.08823888
0.08823888
0.08823888
0.08823888
0.08823888
0.08823888
0.08823888
0.08823888
0.08823888
0.08823888
0.08823888
0.08823888
0.08823888
0.08823888
0.08823888
0.08823888
0.08823888
0.08823888
0.08823888
0.08823888
0.08823888
0.08823888
0.08823888
0.08823888
0.08823888
0.08823888
0.08823888
0.08823888
0.08823888
0.08823888
0.08823888
0.08823888
0.08823888
0.08823888
0.08823888
0.08823888
0.08823888
0.08823888
0.08823888
0.08823888
0.08823888
0.08823888
0.08823888
0.08823888
0.08823888
0.08823888
0.08823888
0.08823888
0.08823888
0.08823888
0.08823888
0.08823888
0.08823888
0.08823888
0.08823888
0.08823888
0.08823888
0.08823888
0.08823888
0.08823888
0.08823888
0.08823888
0.08823888
0.08823888
0.08823888
0.08823888
0.08823888
0.08823888
0.08823888
0.08823888
0.08823888
0.08823888
0.08823888
0.08823888
0.08823888
0.08823888
0.08823888
0.08823888
0.08823888
0.08823888
0.08823888
0.08823888
0.08823888
0.08823888
0.08823888
0.08823888
0.08823888
0.08823888
0.08823888
0.08823888
0.08823888
0.08823888
0.08823888
0.08823888
0.08823888
0.08823888
0.08823888
0.08823888
0.08823888
0.08823888
0.08823888
0.08823888
0.08823888
0.08823888
0.08823888
0.08823888
0.08823888
0.08823888
0.08823888
0.08823888
0.08823888
0.08823888
0.08823888
0.08823888
0.08823888
0.08823888
0.08823888
0.08823888
0.08823888
0.08823888
0.08823888
0.08823888
0.08823888
0.08823888
0.08823888
0.08823888
0.08823888
0.08823888
0.08823888
0.08823888
0.08823888
0.08823888
0.08823888
0.08823888
0.08823888
0.08823888
0.08823888
0.08823888
0.08823888
0.08823888
0.08823888
0.08823888
0.08823888
0.08823888
0.08823888
0.08823888
0.08823888
0.08823888
0.08823888
0.08823888
0.08823888
0.08823888
0.08823888
0.08823888
0.08823888
0.08823888
0.08823888
0.08823888
0.08823888
0.08823888
0.08823888
0.08823888
0.08823888
0.08823888
0.08823888
0.08823888
0.08823888
0.08823888
0.08823888
0.08823888
0.08823888
0.08823888
0.08823888
0.08823888
0.08823888
0.08823888
0.08823888
0.08823888
0.08823888
0.08823888
0.08823888
0.08823888
0.08823888
0.08823888
0.08823888
0.08823888
0.08823888
0.08823888
0.08823888
0.08823888
0.08823888
0.08823888
0.08823888
0.08823888
0.08823888
0.08823888
0.08823888
0.08823888
0.08823888
0.08823888
0.08823888
0.08823888
0.08823888
0.08823888
0.08823888
0.08823888
0.08823888
0.08823888
0.08823888
0.08823888
0.08823888
0.08823888
0.08823888
0.08823888
0.08823888
0.08823888
0.08823888
0.08823888
0.08823888
0.08823888
0.08823888
0.08823888
0.08823888
0.08823888
0.08823888
0.08823888
0.08823888
0.08823888
0.08823888
0.08823888
0.08823888
0.08823888
0.08823888
0.08823888
0.08823888
0.08823888
0.08823888
0.08823888
0.08823888
