(0.2176485, 1.362039, -0.8446553)
(0.2176836, 1.362036, -0.8447109)
(0.2176645, 1.362157, -0.8447751)
(0.2177191, 1.362146, -0.8448284)
(0.2177432, 1.362142, -0.8448783)
(0.2174668, 1.362152, -0.8447169)
(0.217494, 1.362143, -0.8447715)
(0.2175088, 1.362144, -0.8448305)
(0.2175078, 1.36219, -0.8447144)
(0.2175407, 1.362163, -0.8447691)
(0.2175884, 1.362144, -0.844817)
(0.2175694, 1.36218, -0.8446934)
(0.2175953, 1.362154, -0.8447347)
(0.2176204, 1.362157, -0.8447977)
(0.2177689, 1.36209, -0.8448669)
(0.2176168, 1.361963, -0.8446556)
(0.217658, 1.361935, -0.8446882)
(0.216979, 1.362435, -0.8436232)
(0.2170227, 1.362415, -0.8436441)
(0.2170677, 1.362405, -0.8436894)
(0.217257, 1.362444, -0.8440349)
(0.2173126, 1.36245, -0.8440595)
(0.2173522, 1.362457, -0.8440975)
(0.2166803, 1.36289, -0.8431916)
(0.2165043, 1.362793, -0.8429058)
(0.2165411, 1.362772, -0.8429462)
(0.2166028, 1.362851, -0.8429709)
(0.2166183, 1.362834, -0.8429985)
(0.2166522, 1.362815, -0.8430232)
(0.2163775, 1.362876, -0.8429894)
(0.2163985, 1.362872, -0.8430315)
(0.2164235, 1.362846, -0.8430651)
(0.2160745, 1.363003, -0.8428332)
(0.2159116, 1.362996, -0.8426167)
(0.2159009, 1.362982, -0.8426552)
(0.2159019, 1.362896, -0.8427913)
(0.2159121, 1.362887, -0.8427987)
(0.2159081, 1.362864, -0.8428364)
(0.2159388, 1.362887, -0.8426419)
(0.2159278, 1.362889, -0.8426684)
(0.2159421, 1.362871, -0.8426927)
(0.2161007, 1.362865, -0.8429075)
(0.2161245, 1.362848, -0.8429378)
(0.2161193, 1.362834, -0.8429566)
(0.2161057, 1.362911, -0.8429905)
(0.2161007, 1.362912, -0.8430435)
(0.2161179, 1.362906, -0.8430731)
(0.2163937, 1.362948, -0.8429905)
(0.2164152, 1.362955, -0.8430104)
(0.216433, 1.362968, -0.8430542)
(0.2163038, 1.363066, -0.8425165)
(0.216331, 1.363062, -0.8425438)
(0.2163622, 1.36306, -0.8425667)
(0.2163858, 1.363034, -0.8428195)
(0.2164009, 1.363017, -0.8428288)
(0.2164359, 1.363027, -0.8428566)
(0.216445, 1.362918, -0.8430737)
(0.2164617, 1.36292, -0.8431336)
(0.2164745, 1.362913, -0.8431517)
(0.2164426, 1.362846, -0.84325)
(0.2164462, 1.362845, -0.8432886)
(0.2164643, 1.362834, -0.8433214)
(0.2165008, 1.362865, -0.8430837)
(0.2165058, 1.362864, -0.8431012)
(0.2165086, 1.362866, -0.843119)
(0.2167423, 1.362824, -0.8435175)
(0.2167761, 1.36282, -0.8435538)
(0.2167697, 1.362829, -0.8436077)
(0.2166493, 1.363005, -0.8431226)
(0.216547, 1.363046, -0.8429626)
(0.2165608, 1.36306, -0.8429751)
(0.2160716, 1.363205, -0.842257)
(0.2160838, 1.363196, -0.8422474)
(0.2160861, 1.363173, -0.8422616)
(0.2158632, 1.363099, -0.8419733)
(0.2158437, 1.363114, -0.8419902)
(0.2158563, 1.363106, -0.8419923)
(0.2159081, 1.363098, -0.8418869)
(0.215941, 1.362937, -0.8419772)
(0.2159424, 1.362932, -0.8419602)
(0.2159796, 1.362848, -0.8423928)
(0.2159963, 1.362819, -0.8423905)
(0.2159679, 1.362806, -0.8423966)
(0.216054, 1.362879, -0.8427203)
(0.2160387, 1.362891, -0.8427566)
(0.2160294, 1.362894, -0.8427672)
(0.2160797, 1.362847, -0.8429013)
(0.2160225, 1.362742, -0.8428425)
(0.2159934, 1.36273, -0.8428747)
(0.2162702, 1.362741, -0.8431096)
(0.2162697, 1.362757, -0.8431461)
(0.2162583, 1.362761, -0.8431609)
(0.2163363, 1.362772, -0.843058)
(0.2163215, 1.362769, -0.8430531)
(0.2163329, 1.362761, -0.8430791)
(0.2166076, 1.362699, -0.8437275)
(0.216614, 1.36271, -0.8437625)
(0.2166209, 1.36272, -0.8438027)
(0.2162547, 1.362862, -0.843403)
(0.2162523, 1.362864, -0.8434331)
(0.2162497, 1.3629, -0.8434663)
(0.2165852, 1.362829, -0.8439504)
(0.2165806, 1.362845, -0.8439906)
(0.2165861, 1.362866, -0.8440313)
(0.2164955, 1.362676, -0.8439257)
(0.2164865, 1.362689, -0.843946)
(0.2164655, 1.362711, -0.8439639)
(0.2165117, 1.36278, -0.8438079)
(0.216507, 1.362786, -0.8438246)
(0.2164979, 1.362792, -0.8438287)
(0.2167237, 1.362762, -0.8437636)
(0.2167287, 1.362782, -0.8437728)
(0.2167358, 1.362789, -0.8437987)
(0.2165079, 1.362841, -0.8435304)
(0.2165155, 1.362857, -0.843528)
(0.2165112, 1.362865, -0.8435342)
(0.2164156, 1.362978, -0.843192)
(0.2164083, 1.363001, -0.8432088)
(0.216409, 1.363032, -0.8432094)
(0.2161436, 1.363334, -0.8424653)
(0.2161524, 1.363361, -0.8424693)
(0.2161508, 1.363363, -0.8424402)
(0.2162528, 1.363375, -0.8423916)
(0.2159812, 1.363409, -0.8419611)
(0.2159832, 1.363428, -0.8419269)
(0.215657, 1.363423, -0.8415537)
(0.215647, 1.363443, -0.8415216)
(0.2156253, 1.363464, -0.8414772)
(0.2158594, 1.363365, -0.8418966)
(0.2158504, 1.363375, -0.8418893)
(0.2158427, 1.363389, -0.8418694)
(0.2158022, 1.363356, -0.842037)
(0.2158587, 1.363355, -0.8421313)
(0.2158403, 1.36339, -0.8421265)
(0.2159762, 1.363219, -0.8424639)
(0.2159705, 1.363217, -0.8424368)
(0.2159431, 1.363233, -0.8424187)
(0.2158885, 1.363014, -0.8426396)
(0.2158771, 1.363012, -0.8426332)
(0.2158484, 1.363009, -0.8425888)
(0.2158096, 1.363081, -0.8423179)
(0.2159138, 1.362985, -0.8425369)
(0.2158959, 1.362982, -0.8424911)
(0.2162113, 1.362884, -0.8430066)
(0.2161901, 1.362896, -0.8429832)
(0.2161503, 1.362919, -0.8429527)
(0.2160194, 1.362971, -0.8423916)
(0.2159958, 1.362981, -0.8423221)
(0.2159839, 1.362986, -0.8422869)
(0.2159548, 1.362882, -0.8420904)
(0.2159247, 1.362889, -0.8420302)
(0.2159021, 1.362906, -0.8419604)
(0.2158921, 1.362804, -0.8421733)
(0.2158625, 1.362812, -0.8421323)
(0.2158198, 1.362815, -0.8420709)
(0.2159591, 1.362684, -0.8423696)
(0.2159336, 1.362686, -0.8423339)
(0.2158887, 1.362675, -0.8422822)
(0.2162437, 1.362708, -0.8427398)
(0.216228, 1.362713, -0.8427151)
(0.2162087, 1.362718, -0.8427131)
(0.2164044, 1.362745, -0.8428847)
(0.2163658, 1.362756, -0.8428395)
(0.2163622, 1.362782, -0.8428372)
(0.2167573, 1.362702, -0.8436025)
(0.2167585, 1.362723, -0.8436108)
(0.2167628, 1.362725, -0.8435787)
(0.2159059, 1.363542, -0.8417158)
(0.21592, 1.363546, -0.8417128)
(0.2159328, 1.363565, -0.8416947)
(0.2155437, 1.363702, -0.8409852)
(0.2155499, 1.36371, -0.8409672)
(0.2155504, 1.363726, -0.8409213)
(0.2154269, 1.363659, -0.8405757)
(0.2154284, 1.363661, -0.8405321)
(0.2154164, 1.363668, -0.8404829)
(0.2155452, 1.363562, -0.8407323)
(0.2154188, 1.363526, -0.8404928)
(0.2154083, 1.363525, -0.8404549)
(0.2153099, 1.363477, -0.8407835)
(0.215297, 1.363468, -0.8407443)
(0.2152827, 1.363463, -0.840686)
(0.2153885, 1.36357, -0.8412304)
(0.2153819, 1.363597, -0.8412328)
(0.215369, 1.363613, -0.8412034)
(0.2156434, 1.363457, -0.8415077)
(0.2156844, 1.36339, -0.8415954)
(0.2156687, 1.363399, -0.8415855)
(0.2159061, 1.363376, -0.8418354)
(0.2159004, 1.363402, -0.8418508)
(0.2158997, 1.363405, -0.8418329)
(0.2156191, 1.36356, -0.8416646)
(0.2156148, 1.363561, -0.8416829)
(0.2155857, 1.363568, -0.8416595)
(0.2156084, 1.363603, -0.8415489)
(0.2154777, 1.363616, -0.8413386)
(0.2154648, 1.36362, -0.8413399)
(0.2156501, 1.363541, -0.8416477)
(0.215631, 1.363538, -0.8416335)
(0.2156167, 1.363549, -0.841629)
(0.2161281, 1.363278, -0.8423365)
(0.2161188, 1.363289, -0.8423354)
(0.2161255, 1.363293, -0.842349)
(0.2161102, 1.363246, -0.8422975)
(0.2161069, 1.363239, -0.8423002)
(0.216094, 1.363235, -0.8423062)
(0.215749, 1.363218, -0.8419648)
(0.2157433, 1.363199, -0.8419492)
(0.2157059, 1.363203, -0.8419576)
(0.2157235, 1.36302, -0.8419948)
(0.2157061, 1.363011, -0.8419651)
(0.2156773, 1.363003, -0.8419716)
(0.2155783, 1.362853, -0.8419819)
(0.2155335, 1.362855, -0.8419581)
(0.2155299, 1.362834, -0.8419177)
(0.2158704, 1.362805, -0.8422582)
(0.2158585, 1.362793, -0.8422417)
(0.215827, 1.362778, -0.8422025)
(0.2161002, 1.362945, -0.8424034)
(0.2160826, 1.362952, -0.8423914)
(0.2160964, 1.362936, -0.8423859)
(0.2161074, 1.362832, -0.8422109)
(0.2160957, 1.362835, -0.8421983)
(0.2161021, 1.362817, -0.8421956)
(0.2162461, 1.362794, -0.8427017)
(0.2162313, 1.362799, -0.8427155)
(0.2162349, 1.362785, -0.8427034)
(0.2164536, 1.362777, -0.842899)
(0.216433, 1.362777, -0.8429142)
(0.2164435, 1.362786, -0.8429143)
(0.216362, 1.362772, -0.8431496)
(0.2164204, 1.362847, -0.8432394)
(0.2164235, 1.362837, -0.8432719)
(0.216306, 1.362825, -0.8431698)
(0.216285, 1.36283, -0.8431918)
(0.216265, 1.362822, -0.8432166)
(0.2163427, 1.362681, -0.8430691)
(0.2163301, 1.362665, -0.8430552)
(0.2163239, 1.362659, -0.8430727)
(0.2163601, 1.362668, -0.8429469)
(0.2163963, 1.362578, -0.8430449)
(0.2163966, 1.362545, -0.8430257)
(0.2164364, 1.362561, -0.8431444)
(0.216444, 1.362543, -0.8431265)
(0.2164369, 1.362522, -0.8431403)
(0.2168107, 1.362432, -0.8436617)
(0.2168307, 1.362411, -0.8436707)
(0.2168567, 1.362409, -0.8437024)
(0.2168834, 1.362434, -0.8435422)
(0.2167153, 1.362464, -0.8433011)
(0.2167585, 1.362454, -0.8433121)
(0.2169478, 1.362202, -0.8440345)
(0.2169261, 1.362213, -0.8440705)
(0.2169619, 1.362174, -0.844079)
(0.2171259, 1.362198, -0.8445439)
(0.2171314, 1.362188, -0.8445682)
(0.2171247, 1.36218, -0.8446076)
(0.2172306, 1.362246, -0.8445822)
(0.2172618, 1.362226, -0.8446215)
(0.2172754, 1.362211, -0.8446754)
(0.2174101, 1.3623, -0.8445821)
(0.2174277, 1.3623, -0.8446006)
(0.2174602, 1.36228, -0.8446536)
(0.217407, 1.362336, -0.8446432)
(0.2174478, 1.362323, -0.8446764)
(0.2174706, 1.36231, -0.844687)
(0.2170928, 1.362485, -0.8441641)
(0.2171221, 1.362473, -0.8441997)
(0.2171326, 1.36248, -0.8442354)
(0.2171586, 1.36249, -0.8442132)
(0.2171969, 1.362457, -0.8442297)
(0.2172151, 1.362428, -0.8442426)
(0.2170129, 1.362569, -0.8438131)
(0.2170441, 1.362548, -0.8438189)
(0.2170506, 1.362538, -0.8438401)
(0.2171409, 1.36255, -0.843912)
(0.217169, 1.362547, -0.8439401)
(0.2171986, 1.362528, -0.8439584)
(0.2169805, 1.362437, -0.8436626)
(0.2169986, 1.362409, -0.8436629)
(0.217005, 1.362407, -0.843687)
(0.2168424, 1.362245, -0.8436511)
(0.2168436, 1.362241, -0.8436722)
(0.216855, 1.362201, -0.8436776)
(0.2168365, 1.362152, -0.8437631)
(0.2171211, 1.36223, -0.8441742)
(0.2171323, 1.362206, -0.8441866)
(0.2173247, 1.362172, -0.8445503)
(0.2173276, 1.362145, -0.8445582)
(0.2173433, 1.362134, -0.8445942)
