(18.84274, -0.06754398, 268.7527)
(18.83529, -0.07133484, 268.7673)
(18.82873, -0.07679462, 268.7684)
(18.82349, -0.08969307, 268.7743)
(18.84081, -0.1196146, 268.7741)
(18.83572, -0.1242399, 268.7816)
(18.41825, 0.3252983, 268.0778)
(18.42552, 0.3565311, 268.0991)
(18.42748, 0.3564596, 268.1098)
(18.40529, 0.3603935, 268.0846)
(18.37852, 0.3538132, 268.1142)
(18.35191, 0.383234, 268.0386)
(18.3561, 0.4117727, 268.0209)
(18.36429, 0.4204273, 268.001)
(18.39031, 0.4046202, 268.036)
(18.3867, 0.4004717, 268.028)
(18.4311, 0.3925323, 268.0105)
(18.42461, 0.3819227, 267.9837)
(18.44246, 0.3926277, 267.9784)
(18.40507, 0.4115343, 268.0044)
(18.37946, 0.4042149, 268.0347)
(18.34565, 0.4144669, 268.083)
(18.36581, 0.4092216, 268.0767)
(18.38873, 0.4179239, 268.0539)
(18.38728, 0.4097462, 268.0235)
(18.39987, 0.4107714, 268.0058)
(18.40507, 0.4272223, 268.0251)
(18.39895, 0.4253864, 268.0439)
(18.42663, 0.4341602, 268.0366)
(18.44526, 0.4123449, 268.0082)
(18.47695, 0.3943682, 267.9677)
(18.4922, 0.3816128, 267.9389)
(18.44426, 0.3893137, 267.9642)
(18.39531, 0.4047871, 268.0087)
(18.36712, 0.3999949, 268.0322)
(18.35825, 0.4023314, 268.0424)
(18.35427, 0.3988028, 268.0505)
(18.3941, 0.3994226, 268.0285)
(18.42274, 0.3943205, 267.9875)
(18.42653, 0.3825426, 267.9662)
(18.40908, 0.3559828, 268.077)
(18.39703, 0.3702879, 268.0957)
(18.3848, 0.3782749, 268.1273)
(18.39291, 0.379467, 268.1278)
(18.44618, 0.3927708, 268.1027)
(18.41415, 0.4031181, 268.0689)
(18.39223, 0.3934145, 268.0797)
(18.37144, 0.4006624, 268.1096)
(18.37016, 0.425005, 268.1349)
