(5.285769, 3.388135, 5.764623)
(5.285573, 3.388031, 5.764774)
(5.285608, 3.387195, 5.765779)
(5.285571, 3.38701, 5.76634)
(5.286044, 3.38729, 5.766126)
(5.28546, 3.386923, 5.7667)
(5.285195, 3.38626, 5.767334)
(5.286091, 3.38701, 5.766729)
(5.286212, 3.386627, 5.767155)
(5.285704, 3.386313, 5.767379)
(5.2863, 3.386657, 5.767263)
(5.285905, 3.385902, 5.768306)
(5.285843, 3.385262, 5.768903)
(5.286019, 3.385431, 5.768926)
(5.285819, 3.385187, 5.769343)
(5.285547, 3.384834, 5.769845)
(5.285311, 3.384173, 5.770468)
(5.285346, 3.384027, 5.770692)
(5.285822, 3.384937, 5.769949)
(5.28594, 3.38453, 5.77072)
(5.285019, 3.382894, 5.772375)
(5.284738, 3.381964, 5.773257)
(5.285913, 3.382382, 5.77316)
(5.285783, 3.381975, 5.773436)
(5.28544, 3.382129, 5.773475)
(5.284998, 3.382406, 5.772987)
(5.284511, 3.380769, 5.774932)
(5.284913, 3.379123, 5.776399)
(5.283379, 3.377423, 5.777824)
(5.285431, 3.37869, 5.776819)
(5.287105, 3.377136, 5.779013)
(5.285605, 3.377554, 5.777997)
(5.28416, 3.372413, 5.783841)
(5.283825, 3.361613, 5.796343)
(5.283156, 3.357364, 5.801037)
(5.282688, 3.362142, 5.795708)
(5.28171, 3.366327, 5.789547)
(5.282873, 3.36712, 5.788244)
(5.28553, 3.365747, 5.791043)
(5.28688, 3.359323, 5.797868)
(5.285898, 3.361656, 5.795387)
(5.283224, 3.362687, 5.792866)
(5.283784, 3.363551, 5.791193)
(5.286108, 3.373208, 5.781076)
(5.286506, 3.380985, 5.772428)
(5.286401, 3.377247, 5.776549)
(5.284713, 3.367826, 5.786043)
(5.28493, 3.367499, 5.786653)
(5.285693, 3.379288, 5.773674)
(5.28618, 3.386695, 5.765616)
(5.286425, 3.382531, 5.769928)
(5.286532, 3.375188, 5.777656)
(5.287116, 3.376322, 5.777227)
(5.288167, 3.379088, 5.775162)
(5.287501, 3.371698, 5.783077)
(5.287134, 3.366481, 5.789001)
(5.290553, 3.357975, 5.799441)
(5.29077, 3.357721, 5.799974)
(5.291201, 3.363743, 5.793895)
(5.289633, 3.36319, 5.793097)
(5.289852, 3.360095, 5.795983)
(5.290033, 3.368476, 5.788127)
(5.29085, 3.369429, 5.786807)
(5.289922, 3.360389, 5.796443)
(5.289418, 3.358442, 5.798304)
(5.292984, 3.367647, 5.788409)
(5.294591, 3.368949, 5.787559)
(5.293975, 3.359893, 5.796352)
(5.291871, 3.353526, 5.803319)
(5.292667, 3.355348, 5.800591)
(5.294594, 3.365505, 5.790499)
(5.295039, 3.365829, 5.789902)
(5.294352, 3.359843, 5.795338)
(5.293663, 3.360322, 5.794221)
(5.296405, 3.361125, 5.793597)
(5.29698, 3.361021, 5.793836)
(5.296822, 3.358965, 5.796505)
(5.295705, 3.356244, 5.799982)
(5.296879, 3.355502, 5.801605)
(5.297764, 3.353739, 5.804037)
(5.299002, 3.351843, 5.806684)
(5.300955, 3.351068, 5.807341)
(5.302297, 3.346471, 5.812165)
(5.301493, 3.344278, 5.813448)
(5.300714, 3.346037, 5.80983)
(5.30332, 3.338763, 5.818828)
(5.306626, 3.34532, 5.809581)
(5.305589, 3.356122, 5.798255)
(5.308254, 3.355671, 5.797172)
(5.308455, 3.349778, 5.803174)
(5.309752, 3.353575, 5.796751)
(5.314941, 3.350996, 5.799508)
(5.318265, 3.346396, 5.803761)
(5.318549, 3.343158, 5.804298)
(5.320909, 3.361386, 5.782789)
(5.331826, 3.367299, 5.777574)
(5.337591, 3.365068, 5.779609)
(5.342854, 3.348284, 5.796453)
(5.348166, 3.345908, 5.798583)
(5.354702, 3.355708, 5.788857)
(5.358613, 3.35665, 5.787539)
(5.368797, 3.347823, 5.797294)
(5.380308, 3.347258, 5.798532)
(5.393296, 3.352576, 5.792989)
(5.400828, 3.359442, 5.78634)
(5.408558, 3.365222, 5.781658)
(5.41794, 3.369569, 5.779482)
(5.429957, 3.371308, 5.779269)
(5.447303, 3.374339, 5.779331)
(5.468072, 3.377711, 5.781135)
(5.491355, 3.379505, 5.784986)
(5.513649, 3.377916, 5.794069)
(5.528456, 3.372942, 5.804617)
(5.549036, 3.37044, 5.811837)
(5.565967, 3.361341, 5.826872)
(5.600841, 3.341994, 5.85226)
(5.629524, 3.325646, 5.87085)
(5.669927, 3.312079, 5.887818)
(5.70536, 3.298955, 5.904076)
(5.78463, 3.288478, 5.911407)
(5.832967, 3.283007, 5.921352)
(5.910718, 3.265412, 5.938679)
(5.989338, 3.228076, 5.971851)
(6.066434, 3.184289, 6.007469)
(6.160316, 3.104203, 6.04449)
(6.194083, 3.051455, 6.031981)
(6.19943, 3.05476, 5.991421)
(6.227203, 3.066817, 5.979564)
(6.230016, 3.124326, 5.94441)
(0.01372529, 3.174503, 5.885999)
(0.00889796, 3.271571, 5.865484)
(6.189973, 3.281571, 5.812861)
(6.147774, 3.275838, 5.773217)
(6.111377, 3.246554, 5.79845)
(6.12161, 3.230691, 5.788094)
(6.109232, 3.233549, 5.779006)
(6.070191, 3.257398, 5.759612)
(6.003655, 3.2795, 5.748518)
(5.956984, 3.30148, 5.738363)
(5.912354, 3.331559, 5.730383)
(5.876643, 3.354563, 5.725592)
(5.834999, 3.37331, 5.721498)
(5.788387, 3.389562, 5.714605)
(5.745046, 3.404987, 5.705928)
(5.704952, 3.407931, 5.697685)
(5.666553, 3.413911, 5.686757)
(5.62652, 3.414952, 5.677742)
(5.584577, 3.420489, 5.671251)
(5.531143, 3.423688, 5.669725)
(5.480069, 3.428881, 5.669325)
(5.429894, 3.43596, 5.671125)
(5.384002, 3.445553, 5.671419)
(5.342895, 3.448701, 5.677913)
(5.303428, 3.446542, 5.696052)
(5.264729, 3.440119, 5.721347)
(5.227344, 3.43783, 5.74356)
(5.192372, 3.437825, 5.757537)
(5.162851, 3.436549, 5.771315)
(5.141655, 3.424317, 5.789932)
(5.119048, 3.399626, 5.822176)
(5.098735, 3.336503, 5.886487)
(5.071536, 3.28918, 5.936839)
(5.045203, 3.266269, 5.957524)
(5.02369, 3.257333, 5.960918)
(5.016993, 3.28652, 5.908042)
(5.052361, 3.372077, 5.830032)
(5.042606, 3.420102, 5.780432)
(5.052137, 3.505146, 5.69259)
(5.060411, 3.573923, 5.620075)
(5.083525, 3.562349, 5.655863)
(5.092428, 3.554725, 5.680946)
(5.070303, 3.558017, 5.70316)
(5.082331, 3.47974, 5.790159)
(5.11356, 3.547312, 5.709012)
(5.122884, 3.632655, 5.622005)
(5.114921, 3.690916, 5.564873)
(5.124396, 3.475227, 5.762208)
(5.188263, 3.443255, 5.803459)
(5.239875, 3.44097, 5.803786)
(5.265909, 3.430913, 5.814552)
(5.293555, 3.428516, 5.810603)
(5.320404, 3.432167, 5.800778)
(5.301624, 3.454437, 5.784858)
(5.292943, 3.428123, 5.801781)
(5.297968, 3.39369, 5.830302)
(5.324182, 3.361568, 5.87254)
(5.340877, 3.35543, 5.871474)
(5.323205, 3.385345, 5.833279)
(5.3249, 3.389894, 5.822687)
(5.326329, 3.39523, 5.812249)
(5.329686, 3.386691, 5.816554)
(5.348819, 3.357565, 5.841385)
(5.368399, 3.33734, 5.863235)
(5.377097, 3.346647, 5.859635)
(5.359012, 3.372974, 5.827951)
(5.341426, 3.372219, 5.823881)
(5.338641, 3.358174, 5.840064)
(5.344854, 3.357629, 5.84237)
(5.356129, 3.351783, 5.850443)
(5.357784, 3.344086, 5.858883)
(5.354208, 3.344467, 5.859394)
(5.349336, 3.350641, 5.85094)
(5.346834, 3.351584, 5.84973)
(5.351462, 3.346176, 5.856158)
(5.352084, 3.344049, 5.858647)
(5.351388, 3.348204, 5.852523)
(5.348855, 3.348358, 5.851496)
(5.349511, 3.348318, 5.849007)
(5.349456, 3.350408, 5.845683)
(5.351436, 3.34334, 5.856694)
(5.352462, 3.336424, 5.864068)
(5.349864, 3.335011, 5.866312)
(5.35132, 3.336168, 5.865537)
(5.348688, 3.340502, 5.858832)
(5.35089, 3.347086, 5.852667)
(5.351512, 3.344095, 5.856114)
(5.349386, 3.334541, 5.86542)
(5.350441, 3.332327, 5.865739)
(5.354111, 3.352163, 5.842618)
(5.356133, 3.361491, 5.832013)
(5.353848, 3.358622, 5.832791)
(5.350352, 3.3502, 5.839537)
(5.349554, 3.354517, 5.834773)
(5.350013, 3.361345, 5.825626)
(5.349702, 3.367563, 5.818428)
(5.348707, 3.366734, 5.817243)
(5.350726, 3.3671, 5.815573)
(5.355472, 3.372674, 5.811076)
(5.35464, 3.371761, 5.811891)
(5.348448, 3.365977, 5.815912)
(5.350819, 3.36511, 5.816682)
(5.350693, 3.365724, 5.815811)
(5.350754, 3.363721, 5.814684)
(5.353947, 3.365366, 5.812725)
(5.353793, 3.371317, 5.805877)
(5.354116, 3.375626, 5.800285)
(5.355857, 3.363009, 5.815423)
(5.357352, 3.357256, 5.821596)
(5.359801, 3.354481, 5.823217)
(5.360716, 3.359245, 5.817463)
(5.361567, 3.364279, 5.811384)
(5.365355, 3.363872, 5.812227)
(5.369532, 3.358704, 5.81704)
(5.37078, 3.358757, 5.816775)
(5.369884, 3.362513, 5.812838)
(5.370036, 3.362113, 5.812084)
(5.371902, 3.363921, 5.810191)
(5.379169, 3.365233, 5.807723)
(5.381214, 3.363072, 5.809635)
(5.380854, 3.365693, 5.806455)
(5.378082, 3.36856, 5.80357)
(5.376061, 3.360277, 5.81061)
(5.376885, 3.358643, 5.812539)
(5.378199, 3.360324, 5.811455)
(5.379545, 3.362987, 5.808013)
(5.379806, 3.36416, 5.806885)
(5.378403, 3.361714, 5.809267)
(5.377771, 3.359146, 5.812032)
(5.376172, 3.362806, 5.807477)
(5.371858, 3.367127, 5.80276)
(5.370901, 3.361378, 5.807276)
(5.372327, 3.365276, 5.803622)
(5.373556, 3.366045, 5.804612)
(5.374384, 3.365003, 5.806713)
(5.370172, 3.354201, 5.818856)
(5.368592, 3.355246, 5.816252)
(5.378305, 3.366722, 5.808721)
(5.377724, 3.369839, 5.804759)
(5.377952, 3.365496, 5.80874)
(5.374297, 3.357505, 5.813877)
(5.383596, 3.368999, 5.800964)
(5.391007, 3.378835, 5.791497)
(5.39915, 3.379842, 5.791042)
(5.401226, 3.378305, 5.79386)
(5.406441, 3.365366, 5.807591)
(5.417224, 3.366931, 5.811057)
(5.428985, 3.369261, 5.813255)
(5.435065, 3.363164, 5.820815)
(5.434368, 3.35019, 5.833564)
(5.439001, 3.337891, 5.845679)
(5.449252, 3.332145, 5.852768)
(5.455078, 3.335803, 5.849832)
(5.462344, 3.337026, 5.849496)
(5.470419, 3.340713, 5.846236)
(5.477909, 3.34273, 5.845174)
(5.485297, 3.343369, 5.845004)
(5.492819, 3.342467, 5.846356)
(5.500871, 3.339883, 5.849569)
(5.512968, 3.33788, 5.854128)
(5.522727, 3.331828, 5.865482)
(5.538027, 3.319013, 5.878569)
(5.560812, 3.315446, 5.88489)
(5.584813, 3.316145, 5.891322)
(5.629841, 3.311611, 5.906514)
(5.666012, 3.30231, 5.922983)
(5.716424, 3.293849, 5.939034)
(5.772914, 3.28045, 5.958072)
(5.833172, 3.221359, 6.015069)
(5.90201, 3.162455, 6.044421)
(5.992404, 3.114426, 6.062733)
(6.049517, 3.095286, 6.053317)
(6.069413, 3.103956, 6.024019)
(6.131775, 3.105363, 6.010551)
(6.183244, 3.09951, 6.008157)
(6.207816, 3.16477, 5.957873)
(6.188163, 3.224732, 5.913321)
(6.076352, 3.223204, 5.889665)
(6.033451, 3.228514, 5.852705)
(6.073719, 3.238765, 5.836909)
(6.081158, 3.22825, 5.821271)
(6.056235, 3.226762, 5.807494)
(6.013642, 3.241986, 5.796774)
(5.982871, 3.254344, 5.784713)
(5.938889, 3.277992, 5.777564)
(5.896119, 3.304562, 5.773405)
(5.85738, 3.324348, 5.775384)
(5.82221, 3.338128, 5.776867)
(5.781528, 3.342129, 5.790592)
(5.742623, 3.348818, 5.795791)
(5.701926, 3.350995, 5.80167)
(5.66665, 3.349161, 5.808317)
(5.629216, 3.349257, 5.813162)
(5.590151, 3.360974, 5.812006)
(5.552108, 3.374259, 5.810041)
(5.514713, 3.396118, 5.80336)
(5.47692, 3.416928, 5.797668)
(5.435059, 3.439897, 5.790993)
(5.395891, 3.453558, 5.787998)
(5.354376, 3.459497, 5.791124)
(5.324635, 3.441516, 5.813222)
(5.295282, 3.417288, 5.841712)
(5.270031, 3.369523, 5.890932)
(5.249233, 3.318822, 5.951437)
(5.217603, 3.290784, 5.988336)
(5.180015, 3.297399, 5.989419)
(5.136886, 3.352022, 5.936763)
(5.097908, 3.390349, 5.891484)
(5.06835, 3.421549, 5.850179)
(5.054612, 3.420561, 5.837997)
(5.047974, 3.384379, 5.860572)
(5.039647, 3.344955, 5.889435)
(5.034379, 3.284416, 5.943002)
(5.047265, 3.160202, 6.071074)
(5.08554, 3.184817, 6.062998)
(5.083893, 3.34046, 5.896726)
(5.114649, 3.555029, 5.632765)
(5.125546, 3.681229, 5.512053)
(5.147862, 3.536208, 5.691483)
(5.185011, 3.461274, 5.783145)
(5.183661, 3.452897, 5.782768)
(5.174308, 3.406088, 5.835979)
(5.216852, 3.415333, 5.821463)
(5.310473, 3.395477, 5.822849)
(5.447487, 3.394746, 5.857359)
(5.501337, 3.389418, 5.845484)
(5.559547, 3.323413, 5.870914)
(5.586149, 3.230466, 5.983755)
(5.458006, 3.278611, 5.958658)
(5.321219, 3.443075, 5.71457)
(5.352191, 3.49348, 5.680007)
(5.379315, 3.456524, 5.732941)
(5.415512, 3.397853, 5.778324)
(5.461342, 3.334261, 5.848944)
(5.446751, 3.358275, 5.826447)
(5.403004, 3.413353, 5.760003)
(5.381209, 3.424914, 5.747451)
(5.391953, 3.42564, 5.747696)
(5.415063, 3.401857, 5.769764)
(5.422422, 3.393677, 5.784301)
(5.415428, 3.399903, 5.774763)
(5.404088, 3.397219, 5.775229)
(5.401293, 3.407619, 5.766847)
(5.407065, 3.404164, 5.767875)
(5.407794, 3.400019, 5.771506)
(5.405233, 3.420167, 5.751783)
(5.402297, 3.420589, 5.749257)
(5.399453, 3.411836, 5.755454)
(5.402217, 3.411784, 5.756093)
(5.403757, 3.40946, 5.757606)
(5.4025, 3.40812, 5.757899)
(5.400181, 3.413835, 5.75514)
(5.402559, 3.407427, 5.76241)
(5.402387, 3.394474, 5.777888)
(5.402953, 3.40565, 5.769917)
(5.403532, 3.403958, 5.769537)
(5.399918, 3.39978, 5.773326)
(5.402958, 3.406249, 5.766801)
(5.40493, 3.401328, 5.770057)
(5.40336, 3.400012, 5.771157)
(5.402627, 3.409091, 5.763421)
(5.405136, 3.403537, 5.769661)
(5.403994, 3.391605, 5.783775)
(5.405768, 3.395644, 5.78138)
(5.406569, 3.393388, 5.780829)
(5.40355, 3.405754, 5.767288)
(5.40576, 3.412191, 5.7596)
(5.409153, 3.399608, 5.772574)
(5.40876, 3.394295, 5.777365)
(5.407272, 3.402573, 5.768726)
(5.408066, 3.406516, 5.764659)
(5.410107, 3.402591, 5.767561)
(5.408243, 3.403708, 5.765855)
(5.406905, 3.405997, 5.761943)
(5.402689, 3.403173, 5.762337)
(5.401276, 3.410453, 5.75179)
(5.401033, 3.415039, 5.745091)
(5.400797, 3.415472, 5.74374)
(5.396471, 3.413038, 5.745902)
(5.397807, 3.40995, 5.74872)
(5.397917, 3.410731, 5.749256)
(5.400286, 3.414092, 5.745539)
(5.400438, 3.412196, 5.748003)
(5.399338, 3.406105, 5.753261)
(5.39849, 3.412954, 5.745733)
(5.399309, 3.414054, 5.743106)
(5.399018, 3.415204, 5.741092)
(5.401388, 3.416025, 5.739296)
(5.401183, 3.414196, 5.74167)
(5.400507, 3.407376, 5.747775)
(5.401766, 3.413293, 5.739758)
(5.400933, 3.418371, 5.733622)
(5.402978, 3.422736, 5.727252)
(5.404121, 3.419564, 5.730071)
(5.402464, 3.415849, 5.734263)
(5.401947, 3.415297, 5.734617)
(5.402673, 3.414663, 5.735615)
(5.401376, 3.411692, 5.738108)
(5.402956, 3.412477, 5.736878)
(5.401006, 3.411573, 5.736417)
(5.403272, 3.411337, 5.737171)
(5.405271, 3.411271, 5.737979)
(5.40315, 3.406198, 5.743738)
(5.402515, 3.403601, 5.748083)
(5.402342, 3.398807, 5.753148)
(5.400376, 3.391145, 5.759857)
(5.403543, 3.400291, 5.752456)
(5.401812, 3.399599, 5.752309)
(5.409754, 3.405667, 5.747476)
(5.411683, 3.405274, 5.748974)
(5.416514, 3.399729, 5.755453)
(5.422443, 3.407752, 5.749325)
(5.429803, 3.406821, 5.752412)
(5.438559, 3.408455, 5.752461)
(5.445157, 3.409657, 5.754465)
(5.446097, 3.405719, 5.760303)
(5.444882, 3.4085, 5.759348)
(5.434052, 3.406433, 5.755569)
(5.43804, 3.400386, 5.760989)
(5.453171, 3.41065, 5.751011)
(5.452829, 3.409026, 5.753068)
(5.450598, 3.408811, 5.750969)
(5.451008, 3.408601, 5.750668)
(5.453173, 3.406343, 5.75666)
(5.454515, 3.404729, 5.761142)
(5.448476, 3.403042, 5.766538)
(5.438264, 3.403248, 5.766377)
(5.434049, 3.398339, 5.771585)
(5.436853, 3.398921, 5.772756)
(5.44556, 3.39252, 5.776057)
(5.468499, 3.398299, 5.775554)
(5.483434, 3.398645, 5.777926)
(5.485672, 3.391276, 5.786479)
(5.487696, 3.384296, 5.790647)
(5.508392, 3.36984, 5.809757)
(5.533546, 3.346779, 5.836323)
(5.555454, 3.329184, 5.855597)
(5.583022, 3.316295, 5.871085)
(5.614862, 3.309907, 5.877004)
(5.65489, 3.308865, 5.882584)
(5.702435, 3.30656, 5.89222)
(5.773459, 3.284321, 5.918152)
(5.834556, 3.233488, 5.961009)
(5.856009, 3.19409, 5.976384)
(5.896525, 3.161484, 5.98659)
(5.937222, 3.137779, 5.996974)
(5.983642, 3.115085, 5.9864)
(6.012117, 3.137599, 5.9444)
(5.9968, 3.162483, 5.915993)
(5.939469, 3.190784, 5.875817)
(5.943494, 3.209845, 5.849106)
(5.954332, 3.222657, 5.834651)
(5.959062, 3.227926, 5.817088)
(5.954333, 3.229412, 5.806857)
(5.938068, 3.234057, 5.795904)
(5.921663, 3.242701, 5.783856)
(5.886265, 3.265924, 5.769768)
(5.862825, 3.286334, 5.755663)
(5.831767, 3.311196, 5.74169)
(5.79917, 3.332407, 5.728008)
(5.756207, 3.34863, 5.72007)
(5.713786, 3.362045, 5.712294)
(5.661869, 3.356797, 5.718209)
(5.616992, 3.353437, 5.718918)
(5.577732, 3.357665, 5.712605)
(5.53562, 3.364132, 5.704643)
(5.496613, 3.381122, 5.692612)
(5.465026, 3.399807, 5.684673)
(5.434579, 3.415726, 5.681026)
(5.411687, 3.433999, 5.683317)
(5.391037, 3.452633, 5.677481)
(5.370356, 3.467956, 5.673371)
(5.374589, 3.453751, 5.699841)
(5.365332, 3.437892, 5.726212)
(5.357185, 3.395579, 5.783567)
(5.351963, 3.354878, 5.848899)
(5.345922, 3.321228, 5.912518)
(5.34395, 3.301726, 5.956956)
(5.366113, 3.311418, 5.964427)
(5.413379, 3.330598, 5.951305)
(5.452342, 3.342168, 5.94769)
(5.471445, 3.321888, 5.97402)
(5.482003, 3.296998, 6.01094)
(5.475676, 3.275994, 6.047541)
(5.472516, 3.255171, 6.079614)
(5.458571, 3.241929, 6.099156)
(5.44394, 3.225342, 6.11854)
(5.44754, 3.190268, 6.167839)
(5.622271, 3.304182, 6.012447)
(5.597229, 3.388805, 5.853273)
(5.425702, 3.399387, 5.870353)
(5.378456, 3.43276, 5.848855)
(5.242032, 3.561295, 5.699411)
(5.247683, 3.477337, 5.767781)
(5.239057, 3.455202, 5.76208)
(5.303771, 3.447369, 5.770979)
(5.329728, 3.47416, 5.745515)
(5.290996, 3.495073, 5.715957)
(5.231201, 3.48926, 5.723989)
(5.265165, 3.45388, 5.769012)
(5.280765, 3.44685, 5.780344)
(5.304538, 3.449396, 5.795517)
(5.281646, 3.444898, 5.797662)
(5.266504, 3.44819, 5.796477)
(5.267754, 3.444706, 5.799193)
(5.277693, 3.442636, 5.803545)
(5.283911, 3.438451, 5.805381)
(5.280303, 3.435873, 5.804929)
(5.269584, 3.441949, 5.794247)
(5.268659, 3.453765, 5.776014)
(5.269834, 3.458506, 5.766023)
(5.267769, 3.453018, 5.771753)
(5.275927, 3.459723, 5.765442)
(5.278803, 3.464128, 5.759841)
(5.272431, 3.456624, 5.769949)
(5.271078, 3.456529, 5.768032)
(5.269812, 3.459054, 5.765448)
(5.269917, 3.457556, 5.76453)
(5.26851, 3.458849, 5.75985)
(5.267187, 3.459937, 5.752315)
(5.267445, 3.46908, 5.737096)
(5.260414, 3.471252, 5.73377)
(5.264844, 3.476682, 5.728266)
(5.270278, 3.470216, 5.740016)
(5.270099, 3.456733, 5.760259)
(5.264259, 3.450457, 5.771622)
(5.265792, 3.444859, 5.779599)
(5.267124, 3.447737, 5.777456)
(5.266715, 3.449508, 5.774715)
(5.265347, 3.446436, 5.776772)
(5.267996, 3.447671, 5.77593)
(5.270133, 3.449405, 5.776347)
(5.268947, 3.442879, 5.783988)
(5.269532, 3.439502, 5.789454)
(5.270769, 3.440683, 5.789647)
(5.270516, 3.441181, 5.789387)
(5.272728, 3.443859, 5.788477)
(5.274198, 3.442092, 5.791645)
(5.274878, 3.436505, 5.799095)
(5.276254, 3.436983, 5.800184)
(5.27901, 3.438375, 5.799963)
(5.280515, 3.440026, 5.799334)
(5.280552, 3.438044, 5.802437)
(5.280507, 3.433913, 5.80722)
(5.28236, 3.435338, 5.806668)
(5.283597, 3.435454, 5.807527)
(5.283365, 3.437163, 5.806379)
(5.283831, 3.436543, 5.807519)
(5.285442, 3.434791, 5.809831)
(5.288414, 3.437675, 5.80789)
(5.287794, 3.438046, 5.80806)
(5.286884, 3.436063, 5.810768)
(5.287725, 3.435521, 5.811627)
(5.289181, 3.436007, 5.811361)
(5.288645, 3.4358, 5.811087)
(5.287427, 3.436974, 5.808805)
(5.287707, 3.43726, 5.807321)
(5.289232, 3.438704, 5.805171)
(5.28995, 3.440284, 5.802495)
(5.288712, 3.438591, 5.803301)
(5.2883, 3.438448, 5.802369)
(5.288255, 3.43954, 5.800543)
(5.288004, 3.44002, 5.798938)
(5.287616, 3.439512, 5.798328)
(5.286431, 3.440058, 5.795481)
(5.285906, 3.442344, 5.791181)
(5.28668, 3.444256, 5.787757)
(5.286311, 3.443955, 5.786067)
(5.28442, 3.4442, 5.783324)
(5.283097, 3.444454, 5.781117)
(5.281617, 3.445311, 5.778566)
(5.281682, 3.445014, 5.780341)
(5.282462, 3.443223, 5.7822)
(5.282343, 3.441766, 5.78299)
(5.282362, 3.443074, 5.781472)
(5.282496, 3.443949, 5.779237)
(5.280657, 3.443795, 5.775152)
(5.27878, 3.443971, 5.768284)
(5.273203, 3.44105, 5.761314)
(5.265249, 3.439932, 5.758601)
(5.274153, 3.460733, 5.731999)
(5.276118, 3.470886, 5.72175)
(5.275593, 3.455427, 5.737224)
(5.268947, 3.451055, 5.7367)
(5.26365, 3.453114, 5.733537)
(5.26282, 3.457059, 5.728092)
(5.269216, 3.456449, 5.727384)
(5.269584, 3.459538, 5.726005)
(5.273536, 3.460051, 5.725811)
(5.272088, 3.457353, 5.729015)
(5.274354, 3.45696, 5.730011)
(5.277214, 3.453889, 5.734534)
(5.275916, 3.453503, 5.734504)
(5.275489, 3.454494, 5.733465)
(5.276171, 3.453858, 5.734111)
(5.276464, 3.452641, 5.734785)
(5.277066, 3.454293, 5.732712)
(5.275657, 3.453012, 5.733503)
(5.276495, 3.453406, 5.733054)
(5.276311, 3.453085, 5.733438)
(5.276444, 3.45175, 5.73469)
(5.275707, 3.452118, 5.733952)
(5.276031, 3.45275, 5.73275)
(5.27679, 3.453568, 5.731572)
(5.277057, 3.453145, 5.731448)
(5.277341, 3.45338, 5.73095)
(5.277712, 3.453757, 5.730288)
(5.277919, 3.45379, 5.729981)
(5.278183, 3.454218, 5.729106)
(5.278254, 3.454597, 5.728435)
(5.278228, 3.454374, 5.728182)
(5.278242, 3.45476, 5.72716)
(5.277841, 3.455181, 5.726281)
(5.277346, 3.455251, 5.725813)
(5.276824, 3.455203, 5.725559)
(5.27668, 3.455833, 5.724226)
(5.276289, 3.457322, 5.722073)
(5.27599, 3.457981, 5.720835)
