0.07503159
0.07590273
0.05669271
0.07542817
0.0753168
0.08111782
0.1002119
0.08955182
0.1096055
0.101763
0.08401794
0.1136814
0.08644163
0.07969853
0.07770881
0.02912674
0.006228589
0.05899086
0.0688079
0.05139725
0.05632868
0.06109026
0.06011186
0.06573348
0.06913322
0.06740523
0.06865344
0.07008305
0.06959087
0.06721392
0.05943532
0.05647857
0.05526099
0.04505505
0.05064454
0.05564452
0.05278082
0.05931202
0.03459515
0.03629963
0.03973491
0.08631229
0.1087854
0.07972094
0.05982
MSE 0.06737658
total_moving_Distance 0.3486204