(308.4214, 71.57796, 331.649)
(308.4136, 72.62112, 330.66)
(309.0178, 74.34016, 329.1828)
(309.5352, 74.36594, 328.9788)
(309.5352, 74.36594, 328.9788)
(308.8441, 72.71855, 330.2874)
(308.8633, 72.59576, 330.0998)
(309.0526, 73.56606, 329.3028)
(309.3533, 73.14178, 329.6473)
(309.2045, 72.38837, 330.0506)
(309.373, 71.71229, 330.4524)
(309.8264, 72.19771, 330.1657)
(310.4782, 72.15617, 330.0096)
(310.1902, 72.28183, 330.0207)
(310.1855, 71.96367, 330.21)
(310.4005, 71.82902, 330.2423)
(310.5515, 72.0307, 330.1354)
(310.5043, 72.21219, 330.0583)
(309.9681, 72.78849, 329.9448)
(309.5771, 72.85348, 330.0067)
(308.8055, 72.47449, 331.1066)
(308.9158, 72.44859, 331.0861)
(309.5029, 73.35941, 330.3692)
(309.0738, 72.97488, 330.4736)
(309.4063, 73.13837, 330.4063)
(309.5887, 73.26838, 330.3325)
(309.3741, 73.62971, 330.2353)
(309.0716, 73.7999, 330.2203)
(308.6907, 73.45503, 330.542)
(308.4387, 73.26091, 330.7014)
(308.1133, 73.18981, 330.6976)
(308.2349, 73.32083, 330.4988)
(308.6159, 73.6069, 330.274)
(309.4297, 73.68091, 330.2827)
(309.2042, 73.45353, 330.5004)
(308.538, 73.40021, 330.5568)
