(-0.00963217, 0.4197263, 0.1796683)
(-0.009512901, 0.4197624, 0.1796056)
(-0.009426355, 0.4198141, 0.179543)
(-0.009448171, 0.4198249, 0.1796321)
(-0.009496212, 0.4198178, 0.1797535)
(-0.009534717, 0.4198686, 0.1798068)
(-0.009476542, 0.4197908, 0.1797392)
(-0.009476542, 0.4197908, 0.1797392)
(-0.009293854, 0.419843, 0.1796548)
(-0.009179235, 0.419853, 0.1795444)
(-0.009222209, 0.4198604, 0.1795233)
(-0.009204507, 0.4198324, 0.1794471)
(-0.009206176, 0.4198317, 0.1793926)
(-0.009027719, 0.4199769, 0.1794287)
(-0.008932292, 0.4199232, 0.1795404)
(-0.00878042, 0.4200092, 0.1795856)
(-0.008715093, 0.4201245, 0.179711)
(-0.008672953, 0.4201364, 0.1797048)
(-0.008532703, 0.4202509, 0.1796945)
(-0.008515537, 0.4202775, 0.1797363)
(-0.008331418, 0.4202558, 0.1798435)
(-0.008257091, 0.420299, 0.1799536)
(-0.008234918, 0.4202217, 0.1799052)
(-0.008035421, 0.4200527, 0.1800526)
(-0.00799799, 0.4200722, 0.1800473)
(-0.008055687, 0.4200646, 0.1799905)
(-0.008062005, 0.4200926, 0.179939)
(-0.008186817, 0.4200336, 0.1798835)
(-0.008132517, 0.4199464, 0.1798429)
(-0.008313537, 0.4199377, 0.1798102)
(-0.008530915, 0.4199542, 0.1795379)
(-0.008489251, 0.4200105, 0.1792591)
(-0.008687198, 0.4197806, 0.1786802)
(-0.008966625, 0.4198072, 0.1783766)
(-0.009248555, 0.4200481, 0.1784309)
(-0.00941968, 0.4200397, 0.1785402)
(-0.009730816, 0.4199699, 0.1784962)
(-0.01015031, 0.4202864, 0.1783296)
(-0.01087791, 0.4208491, 0.1781965)
(-0.01174641, 0.4216504, 0.1779181)
(-0.01221913, 0.422322, 0.177097)
(-0.01338238, 0.4238969, 0.1761724)
(-0.01532161, 0.4251931, 0.1757485)
(-0.01776367, 0.4263472, 0.175626)
(-0.02087659, 0.4278306, 0.1760551)
(-0.02307689, 0.4291041, 0.1759295)
(-0.02630597, 0.4303229, 0.1758629)
(-0.03040534, 0.4317746, 0.1756524)
(-0.03432947, 0.4336643, 0.1755632)
(-0.0380547, 0.4353846, 0.1755488)
(-0.04290748, 0.4373075, 0.1749806)
(-0.04751652, 0.4383822, 0.1748214)
(-0.05249274, 0.4391696, 0.1747541)
(-0.05877376, 0.4394677, 0.1744821)
(-0.06481737, 0.4393869, 0.1743116)
(-0.07100719, 0.4388708, 0.1742655)
(-0.07712048, 0.4385331, 0.1738114)
(-0.08356327, 0.4369228, 0.1732111)
(-0.08972567, 0.4360536, 0.1729329)
(-0.09607399, 0.4344704, 0.1721742)
(-0.102541, 0.4328716, 0.1712394)
(-0.1087981, 0.4312424, 0.1708114)
(-0.1155794, 0.4289595, 0.1699473)
(-0.1216577, 0.4266334, 0.1689315)
(-0.1278529, 0.4237356, 0.1680124)
(-0.1337668, 0.4208117, 0.1669859)
(-0.139519, 0.4176749, 0.1660743)
(-0.145197, 0.4145038, 0.1651891)
(-0.1497896, 0.411116, 0.1644899)
(-0.1544449, 0.4076346, 0.1637462)
(-0.1587732, 0.4046381, 0.1633146)
(-0.1632222, 0.4013408, 0.1629567)
(-0.1675492, 0.3981436, 0.1621197)
(-0.1703483, 0.3955129, 0.1617413)
(-0.173113, 0.3927757, 0.1613394)
(-0.1754392, 0.3900819, 0.1610022)
(-0.1778917, 0.3872907, 0.1605356)
(-0.1787373, 0.3841994, 0.1607075)
(-0.1806444, 0.3811449, 0.1605364)
(-0.1815766, 0.3775266, 0.1604137)
(-0.1816085, 0.3736612, 0.1607008)
(-0.1816624, 0.3700541, 0.1608034)
(-0.1805307, 0.3662024, 0.1607554)
(-0.1794444, 0.3623486, 0.1606034)
(-0.1784985, 0.3588469, 0.1601013)
(-0.1780006, 0.3552263, 0.1591682)
(-0.1767775, 0.3514552, 0.1580963)
(-0.1762745, 0.3522301, 0.1557628)
(-0.1739765, 0.3588098, 0.1536235)
(-0.1698372, 0.359132, 0.154721)
(-0.1690279, 0.3574859, 0.1561064)
(-0.1691379, 0.355494, 0.158145)
(-0.1697735, 0.3528264, 0.1588076)
(-0.1712497, 0.3518919, 0.157398)
(-0.1713298, 0.3529539, 0.1557987)
(-0.1699456, 0.3549058, 0.1542071)
(-0.1694097, 0.355737, 0.1548923)
(-0.1684377, 0.3542145, 0.1555883)
(-0.167328, 0.3530026, 0.1562173)
(-0.1679236, 0.3529837, 0.1569673)
(-0.1692286, 0.3545824, 0.1581327)
(-0.1705473, 0.3549622, 0.1577355)
(-0.1715444, 0.3563556, 0.157107)
(-0.1728702, 0.3574218, 0.1574894)
(-0.1745674, 0.3579884, 0.1570268)
(-0.1760443, 0.3593596, 0.1570935)
(-0.178733, 0.3606995, 0.1570644)
(-0.1818288, 0.3631672, 0.1566038)
(-0.1854264, 0.3661532, 0.1571783)
(-0.1889305, 0.3683271, 0.1577258)
(-0.1930689, 0.3703595, 0.1586702)
(-0.1978898, 0.3727077, 0.15958)
(-0.2029508, 0.3751437, 0.1604403)
(-0.2096164, 0.3780622, 0.1614258)
(-0.216637, 0.3813785, 0.1615398)
(-0.2240232, 0.382543, 0.1605958)
(-0.2308919, 0.3826721, 0.1593726)
(-0.2373979, 0.3825019, 0.1585584)
(-0.2447391, 0.3815945, 0.1577616)
(-0.2524021, 0.3811502, 0.1563791)
(-0.2614824, 0.3792391, 0.1552652)
(-0.2700176, 0.3770078, 0.1545807)
(-0.2793814, 0.3741393, 0.152473)
(-0.2885735, 0.371101, 0.1510226)
(-0.2978953, 0.367618, 0.1497128)
(-0.3086605, 0.3632455, 0.147336)
(-0.3189458, 0.3585997, 0.1450913)
(-0.3286465, 0.3542354, 0.1430409)
(-0.3387759, 0.3488166, 0.139966)
(-0.3486794, 0.3426164, 0.1370935)
(-0.35852, 0.336919, 0.1345099)
(-0.368982, 0.3304937, 0.131488)
(-0.3792142, 0.3248913, 0.1289059)
(-0.389706, 0.319481, 0.1264383)
(-0.4007043, 0.3143932, 0.12397)
(-0.4105747, 0.3101156, 0.1219476)
(-0.4203571, 0.3053396, 0.1192046)
(-0.4297044, 0.3010656, 0.1170578)
(-0.4381968, 0.2969548, 0.1149437)
(-0.4465667, 0.2920458, 0.1122301)
(-0.4526376, 0.288415, 0.1104411)
(-0.4592907, 0.2847041, 0.1084548)
(-0.4652507, 0.280726, 0.1062026)
(-0.4701179, 0.277477, 0.1041048)
(-0.4756008, 0.2740716, 0.1020795)
(-0.4799588, 0.2698569, 0.09990442)
(-0.48399, 0.2660677, 0.09835804)
(-0.486967, 0.2617837, 0.09723437)
(-0.4895809, 0.2575884, 0.09637737)
(-0.4918311, 0.2533855, 0.09605944)
(-0.4937336, 0.2491738, 0.09528387)
(-0.4954611, 0.2453557, 0.09473217)
(-0.4965518, 0.2417473, 0.09468019)
(-0.4964401, 0.2392762, 0.0949192)
(-0.4961628, 0.2370183, 0.09525788)
(-0.4957416, 0.2340679, 0.09584522)
(-0.4942675, 0.2311393, 0.09607828)
(-0.4927061, 0.2271603, 0.09659541)
(-0.4901999, 0.2250509, 0.09832573)
(-0.4882376, 0.2257369, 0.1001188)
(-0.487115, 0.2287571, 0.1039311)
(-0.4852531, 0.23041, 0.1081759)
(-0.4849288, 0.2308624, 0.1059601)
(-0.4837185, 0.2286972, 0.1041023)
(-0.4844002, 0.2289168, 0.1019816)
(-0.4852582, 0.2273173, 0.1027285)
(-0.4871154, 0.226413, 0.1037228)
(-0.4870422, 0.226877, 0.1055745)
(-0.4855837, 0.2286096, 0.1060375)
(-0.4845319, 0.2297381, 0.105539)
(-0.4833564, 0.2286642, 0.1050215)
(-0.4831357, 0.2287852, 0.1050529)
(-0.4844207, 0.2292747, 0.1046309)
(-0.4855611, 0.229687, 0.1042646)
(-0.4872322, 0.2305794, 0.1045135)
(-0.4884412, 0.2310348, 0.1045814)
(-0.4895709, 0.2318062, 0.1047819)
(-0.4910384, 0.2323539, 0.1049914)
(-0.493302, 0.233446, 0.1051435)
(-0.4965446, 0.2346843, 0.1050392)
(-0.4998115, 0.2360516, 0.1047845)
(-0.5033529, 0.2380116, 0.1044143)
(-0.5071653, 0.2396299, 0.1037354)
(-0.5107678, 0.2408767, 0.1029661)
(-0.5149277, 0.2416581, 0.1022694)
(-0.5195518, 0.2425081, 0.1013887)
(-0.5245521, 0.2434436, 0.1003641)
(-0.5302699, 0.2459102, 0.0993638)
(-0.5365829, 0.2484614, 0.09782791)
(-0.541351, 0.2501628, 0.09637749)
(-0.546203, 0.2514736, 0.09538591)
(-0.5528252, 0.2518919, 0.09549654)
(-0.5596715, 0.2510353, 0.09538758)
(-0.5665107, 0.2491459, 0.09492445)
(-0.5734888, 0.248476, 0.0943433)
(-0.5810131, 0.2462761, 0.09343243)
(-0.5882509, 0.2443709, 0.09281576)
(-0.5967585, 0.242548, 0.09189737)
(-0.60429, 0.240502, 0.09111762)
(-0.612554, 0.2377145, 0.09024477)
(-0.6209491, 0.234761, 0.08940053)
(-0.6292918, 0.2314095, 0.08878541)
(-0.6381071, 0.2276644, 0.08829761)
(-0.6466669, 0.2238728, 0.08767259)
(-0.6555586, 0.2188853, 0.08685803)
(-0.6643623, 0.2142781, 0.08594668)
(-0.6740366, 0.2087234, 0.08470237)
(-0.6828579, 0.2035551, 0.08372974)
(-0.6919177, 0.1978291, 0.08313537)
(-0.7004752, 0.1921713, 0.08233845)
(-0.708562, 0.1866732, 0.08157504)
(-0.716513, 0.1813092, 0.08065093)
(-0.7242403, 0.1759667, 0.07999635)
(-0.7319635, 0.1709303, 0.07915723)
(-0.7392622, 0.1658419, 0.07823575)
(-0.7463874, 0.1604244, 0.07773674)
(-0.7525157, 0.1555123, 0.07672048)
(-0.758382, 0.1508498, 0.07606864)
(-0.7626249, 0.1467028, 0.07532465)
(-0.767786, 0.1423745, 0.074682)
(-0.7728448, 0.1379465, 0.07452428)
(-0.7774655, 0.1337167, 0.07459009)
(-0.7819567, 0.1294527, 0.07442093)
(-0.785493, 0.1254689, 0.07415068)
(-0.7888978, 0.1210818, 0.07381105)
(-0.7920954, 0.1170369, 0.07304323)
(-0.79522, 0.1133984, 0.07264674)
(-0.7970846, 0.1100308, 0.07206988)
(-0.7983354, 0.1073295, 0.07123899)
(-0.7995663, 0.1050692, 0.07069838)
(-0.8010125, 0.1021711, 0.07035506)
(-0.8009988, 0.09949648, 0.07011724)
(-0.8000437, 0.09584975, 0.06978691)
(-0.7971065, 0.09421968, 0.06778443)
(-0.7944813, 0.09454393, 0.06648123)
(-0.7916903, 0.09972811, 0.06498349)
(-0.787954, 0.09872007, 0.06666899)
(-0.7871654, 0.09849393, 0.06859887)
(-0.7885689, 0.09738672, 0.06837201)
(-0.7909348, 0.09520423, 0.06850445)
(-0.7910817, 0.09612858, 0.06727517)
(-0.7891055, 0.09669018, 0.06615746)
(-0.7865484, 0.09702563, 0.06590092)
(-0.7856748, 0.09767401, 0.06575859)
(-0.7858185, 0.09725249, 0.06532836)
(-0.7877347, 0.09718144, 0.06681597)
(-0.7883728, 0.09678853, 0.06750715)
(-0.7894638, 0.09701681, 0.06779933)
(-0.7901467, 0.09758854, 0.06769407)
(-0.7893817, 0.09842467, 0.06693065)
(-0.7899622, 0.09885883, 0.06631029)
(-0.7916193, 0.0995059, 0.06556439)
(-0.7936568, 0.1002659, 0.06594408)
(-0.7957994, 0.1010677, 0.0661248)
(-0.7978343, 0.1021953, 0.06586957)
(-0.7996632, 0.103143, 0.06580651)
(-0.8019397, 0.10408, 0.06576943)
(-0.8044056, 0.1050875, 0.06571567)
(-0.8067633, 0.106056, 0.06605208)
(-0.8088949, 0.107116, 0.0664295)
(-0.8117664, 0.1087826, 0.06694794)
(-0.8151276, 0.1100658, 0.06731451)
(-0.8184475, 0.1124549, 0.0671078)
(-0.8216158, 0.114202, 0.0664748)
(-0.8246555, 0.1152029, 0.06584895)
(-0.8277171, 0.1155882, 0.0652529)
(-0.8309302, 0.1155807, 0.06453061)
(-0.8343837, 0.1156341, 0.06427324)
(-0.837988, 0.1152743, 0.06396329)
(-0.8422774, 0.1148078, 0.06317973)
(-0.8458869, 0.1139716, 0.06272483)
(-0.8498023, 0.1123413, 0.06203759)
(-0.8538692, 0.1107761, 0.06114042)
(-0.8577318, 0.1090657, 0.06027567)
(-0.8619829, 0.1072946, 0.0592165)
(-0.8663589, 0.1058648, 0.05799627)
(-0.8707643, 0.1039414, 0.056633)
(-0.8752789, 0.1018474, 0.05527687)
(-0.880302, 0.09954095, 0.05371749)
(-0.8844697, 0.09701049, 0.05224681)
(-0.8890504, 0.0939517, 0.05089033)
(-0.8936411, 0.0909903, 0.04933369)
(-0.8980795, 0.08747888, 0.0477457)
(-0.9027721, 0.08420849, 0.04643285)
(-0.9079623, 0.08111215, 0.04528618)
(-0.9124786, 0.07808232, 0.04396772)
(-0.9174594, 0.0748626, 0.04255307)
(-0.9223772, 0.07131004, 0.04115558)
(-0.9266311, 0.06760299, 0.0394733)
(-0.9303737, 0.06405222, 0.03822422)
(-0.933246, 0.06059575, 0.03732657)
(-0.9365927, 0.05754352, 0.03633118)
(-0.9393514, 0.05490935, 0.03577888)
(-0.9415523, 0.05292892, 0.03515685)
(-0.9436332, 0.05105805, 0.03432655)
(-0.9453487, 0.04949152, 0.03320038)
(-0.9466192, 0.04813325, 0.03237641)
(-0.9476498, 0.04663587, 0.03082681)
(-0.9486589, 0.04543269, 0.02979648)
(-0.9492149, 0.04408228, 0.0283376)
(-0.9494137, 0.042431, 0.02701747)
(-0.9497852, 0.0407815, 0.0257709)
(-0.9498229, 0.0388279, 0.02476192)
(-0.9494673, 0.03717315, 0.02390814)
(-0.9497296, 0.03501594, 0.02324021)
(-0.949843, 0.03256238, 0.02281344)
(-0.9491999, 0.03152692, 0.02245402)
(-0.9478525, 0.0312562, 0.02394235)
(-0.9464405, 0.03409839, 0.02369797)
(-0.9434808, 0.03272986, 0.02414143)
(-0.9434681, 0.03536832, 0.02224588)
(-0.941394, 0.0333997, 0.0224719)
(-0.9419131, 0.03280413, 0.02353108)
(-0.9424043, 0.03222966, 0.02448988)
(-0.943872, 0.03328693, 0.02449441)
(-0.9439579, 0.03393114, 0.02394032)
(-0.9446098, 0.03444278, 0.02315569)
(-0.9435807, 0.03335333, 0.02257121)
(-0.9430236, 0.03248107, 0.02225041)
(-0.9429021, 0.03272104, 0.02287507)
(-0.9431682, 0.0332253, 0.02329314)
(-0.9436821, 0.03366911, 0.02416754)
(-0.9437975, 0.03377426, 0.02437472)
(-0.9437906, 0.03379965, 0.02413332)
(-0.9435897, 0.03361654, 0.02357101)
(-0.9434447, 0.0334686, 0.02330494)
(-0.9433384, 0.03348589, 0.02292073)
(-0.9434198, 0.03362119, 0.02306736)
(-0.9436008, 0.0337342, 0.0234102)
(-0.9436318, 0.03382874, 0.02347279)
(-0.9434735, 0.03372741, 0.0232271)
(-0.9434885, 0.03369045, 0.02324533)
(-0.9432713, 0.0335021, 0.02324736)
(-0.9430443, 0.03364515, 0.02326238)
(-0.9431871, 0.03364301, 0.02341676)
