0.03620148
0.03620148
0.0456357
0.06367708
0.07659316
0.09540511
0.1104195
0.1242027
0.1372354
0.1494417
0.1769741
0.1912615
0.1912615
0.2058355
0.2295804
0.2295804
0.241792
0.2523665
0.2613912
0.2719423
0.1583471
0.1632067
0.1681728
0.1713021
0.1741821
0.1795089
0.1834053
0.1848698
0.1865851
0.1884122
0.1877326
0.1878521
0.188051
0.1863617
0.1853999
0.1835815
0.1835815
0.06121674
0.05842425
0.05614831
0.05614831
0.05453731
0.05228259
0.04946056
0.04638149
0.04317142
0.0388297
0.03592195
0.03348234
0.03090003
0.0287365
0.02640309
0.02042069
0.02042069
0.01648916
0.01388802
