(289.9019, 13.85323, 347.2777)
(287.8398, 338.878, 21.86327)
(290.4013, 316.4998, 43.70915)
(290.4013, 316.4998, 43.70915)
(288.9304, 313.8124, 41.99627)
(301.5004, 330.3881, 28.96799)
(300.2546, 333.8759, 26.51417)
(299.6315, 338.6661, 21.73785)
(301.1735, 344.3086, 14.94136)
(302.3442, 345.5888, 12.33625)
(304.7307, 341.7001, 13.34082)
(305.7144, 340.9112, 12.87319)
(305.8634, 340.353, 11.7658)
(305.8634, 340.353, 11.7658)
(306.3069, 349.4223, 359.7244)
(306.3069, 349.4223, 359.7244)
(307.2699, 359.0477, 348.4412)
(308.3336, 2.60674, 343.9321)
(309.3434, 5.407292, 338.7333)
(309.2001, 4.02178, 338.9589)
(308.2029, 2.394873, 339.7238)
(308.1132, 2.823153, 338.8392)
(308.9189, 5.140603, 336.5674)
(308.6056, 7.132318, 334.3079)
(308.6056, 7.132318, 334.3079)
(306.4497, 12.99127, 325.0456)
(306.2658, 17.88737, 318.0706)
(306.2658, 17.88737, 318.0706)
(305.8166, 22.5328, 313.0993)
(306.6429, 23.61384, 313.7086)
(306.6429, 23.61384, 313.7086)
(306.2779, 22.49237, 315.9226)
(304.0424, 27.62975, 312.2836)
(304.3472, 29.72837, 310.7769)
(305.4675, 32.99501, 311.5589)
(305.8217, 32.71985, 312.895)
(306.106, 32.3917, 314.5126)
(306.106, 32.3917, 314.5126)
(306.1779, 30.81218, 317.7623)
(306.1779, 30.81218, 317.7623)
