(-0.08562683878371045, -0.06794877951292581, 0.3175781813651487)
(-0.08562683878371045, -0.0681672402104175, 0.31759935613516693)
(-0.08562683878371045, -0.06837891995584809, 0.3176198214508937)
(-0.08562683878371045, -0.06858381874921757, 0.31763957731232906)
(-0.08562683878371045, -0.06878193659052592, 0.31765862371947295)
(-0.08562683878371045, -0.06897327347977317, 0.3176769606723254)
(-0.08562683878371045, -0.0691578294169593, 0.31769458817088647)
(-0.08562683878371045, -0.06933560440208432, 0.31771150621515604)
(-0.08562683878371045, -0.06950659843514824, 0.31772771480513423)
(-0.08562683878371045, -0.06967081151615104, 0.31774321394082095)
(-0.08562683878371045, -0.06982824364509273, 0.31775800362221623)
(-0.08562683878371045, -0.06997889482197331, 0.31777208384932004)
(-0.08562683878371045, -0.07012276504679277, 0.3177854546221325)
(-0.08562683878371045, -0.07025985431955112, 0.31779811594065344)
(-0.08562683878371045, -0.07039016264024836, 0.31781006780488297)
(-0.08562683878371045, -0.0705136900088845, 0.3178213102148211)
(-0.08562683878371045, -0.0706304364254595, 0.31783184317046775)
(-0.08562683878371045, -0.07074040188997341, 0.31784166667182295)
(-0.08562683878371045, -0.0708435864024262, 0.3178507807188867)
(-0.08562683878371045, -0.07093998996281789, 0.3178591853116591)
(-0.08562683878371045, -0.07102961257114847, 0.31786688045014)
(-0.08562683878371045, -0.07111245422741792, 0.3178738661343295)
(-0.08562683878371045, -0.07118851493162627, 0.3178801423642275)
(-0.08562683878371045, -0.07125779468377351, 0.3178857091398341)
(-0.08562683878371045, -0.07132029348385963, 0.31789056646114927)
(-0.08562683878371045, -0.07136753444205102, 0.31788602342555444)
(-0.08562683878371045, -0.07137865835243302, 0.31787958399181304)
(-0.08562683878371045, -0.07138306927854575, 0.3178735915545325)
(-0.08562683878371045, -0.07138150974147497, 0.3178681971539255)
(-0.08562683878371045, -0.07137476646304845, 0.3178635200851276)
(-0.08562683878371045, -0.0713636695660163, 0.3178596458922353)
(-0.08562683878371045, -0.07134909177423124, 0.31785662436234396)
(-0.08562683878371045, -0.07133194761282893, 0.31785446751958574)
(-0.08562683878371045, -0.07131319260840834, 0.31785314761916755)
(-0.08562683878371045, -0.07129382248921193, 0.31785259514140884)
(-0.08562683878371045, -0.0712748723853061, 0.3178526967857799)
(-0.08562683878371045, -0.07125741602876137, 0.3178532934649393)
(-0.08562683878371045, -0.07124256495383284, 0.31785417829877244)
(-0.08562683878371045, -0.07123146769714037, 0.317855094608429)
(-0.08562683878371045, -0.07122530899784892, 0.31785573391036104)
(-0.08562683878371045, -0.07122530899784892, 0.31785573391036104)
(-0.08562683878371045, -0.07122530899784892, 0.31785573391036104)
(-0.08562683878371045, -0.07122530899784892, 0.31785573391036104)
(-0.08562683878371045, -0.07122530899784892, 0.31785573391036104)
(-0.08562683878371045, -0.07122530899784892, 0.31785573391036104)
(-0.08562683878371045, -0.07122530899784892, 0.31785573391036104)
(-0.08562683878371045, -0.07122530899784892, 0.31785573391036104)
(-0.08562683878371045, -0.07122530899784892, 0.31785573391036104)
(-0.08562683878371045, -0.07122530899784892, 0.31785573391036104)
(-0.08562683878371045, -0.07122530899784892, 0.31785573391036104)
(-0.08562683878371045, -0.07122530899784892, 0.31785573391036104)
(-0.08562683878371045, -0.07122530899784892, 0.31785573391036104)
(-0.08562683878371045, -0.07122530899784892, 0.31785573391036104)
(-0.08562683878371045, -0.07122530899784892, 0.31785573391036104)
(-0.08562683878371045, -0.07122530899784892, 0.31785573391036104)
(-0.08562683878371045, -0.07122530899784892, 0.31785573391036104)
(-0.08562683878371045, -0.07122530899784892, 0.31785573391036104)
(-0.08562683878371045, -0.07113524754320043, 0.3177096356059187)
(-0.08562683878371045, -0.0711008496367296, 0.3175435721244563)
(-0.08562683878371045, -0.07112237368603004, 0.3173615334457552)
(-0.08562683878371045, -0.07119975719641164, 0.31716795138874837)
(-0.08562683878371045, -0.07133226612162412, 0.31696785715052683)
(-0.08562683878371045, -0.07151718763018342, 0.31676714770053566)
(-0.08562683878371045, -0.0717516512584971, 0.3165712455591908)
(-0.08562683878371045, -0.07203234590882496, 0.3163861817256003)
(-0.08562683878371045, -0.07235592547838698, 0.31621953845599904)
(-0.08562683878371045, -0.07271617844001482, 0.31607914287378874)
(-0.08562683878371045, -0.07310983896981926, 0.3159672744046091)
(-0.08562683878371045, -0.07352695445538861, 0.3158916923647798)
(-0.08562683878371045, -0.07395522042292736, 0.3158619002409179)
(-0.08562683878371045, -0.07437950795752292, 0.31588685303819175)
(-0.08562683878371045, -0.07478229563676589, 0.3159774438421421)
(-0.08562683878371045, -0.07514500276484669, 0.31614482815843864)
(-0.08562683878371045, -0.07544667987116281, 0.3163993668601351)
(-0.08562683878371045, -0.07566441616073233, 0.31675290275844037)
(-0.08562683878371045, -0.07577202349348833, 0.31721777782710214)
(-0.08562683878371045, -0.07574045197708876, 0.31780597044759384)
(-0.08562683878371045, -0.07553945136144873, 0.3185303503660822)
(-0.08562683878371045, -0.07513921916858834, 0.31940465444589405)
(-0.08562683878371045, -0.07450640393017496, 0.3204423250202986)
(-0.08562683878371045, -0.07360810219605948, 0.32165816852383605)
(-0.08562683878371045, -0.0724105006684647, 0.32306562139991873)
(-0.08562683878371045, -0.07087969170985019, 0.3246789551140515)
(-0.08562683878371045, -0.06898158058526188, 0.3265120524299207)
(-0.08562683878371045, -0.06668275820171952, 0.3285784669095113)
(-0.08562683878371045, -0.06395125505321463, 0.3308918975717218)
(-0.08562683878371045, -0.060757278220442676, 0.333466031317492)
(-0.08562683878371045, -0.05707267918702995, 0.3363137097911954)
(-0.08562683878371045, -0.052872827560136525, 0.3394473383117831)
(-0.08562683878371045, -0.04813768556326601, 0.34288108009779505)
(-0.08562683878371045, -0.042849376077845905, 0.346624325360175)
(-0.08562683878371045, -0.0369970305850277, 0.35068952717169827)
(-0.08562683878371045, -0.030573478835163148, 0.3550860302466624)
(-0.08562683878371045, -0.023576501129784204, 0.35982378542675114)
(-0.08562683878371045, -0.016010294544283113, 0.3649126721716653)
(-0.08562683878371045, -0.007885889977664253, 0.3703629841604011)
(-0.08562683878371045, 0.0007816677107148036, 0.3761829001345213)
(-0.08562683878371045, 0.009970281912616372, 0.3823795079869985)
(-0.08562683878371045, 0.01965109219223251, 0.38896225625884473)
(-0.08562683878371045, 0.02978945776765355, 0.3959328811288081)
(-0.08562683878371045, 0.04034564892079718, 0.40329558715526453)
(-0.08562683878371045, 0.05127440722954869, 0.4110504890252733)
(-0.08562683878371045, 0.06252558349180172, 0.4191997033390708)
(-0.08562683878371045, 0.07403969620616628, 0.42774325220746345)
(-0.08562683878371045, 0.08574954956387364, 0.43668156162843624)
(-0.08562683878371045, 0.0975818484157336, 0.4460136892587463)
(-0.08562683878371045, 0.10945590301309552, 0.4557362443320596)
(-0.08562683878371045, 0.12117629497142374, 0.4660187992790934)
(-0.08562683878371045, 0.1327878042126158, 0.4767642061597058)
(-0.08562683878371045, 0.1442179363607717, 0.4879711925272494)
(-0.08562683878371045, 0.15539657654929806, 0.4996340847825713)
(-0.08562683878371045, 0.16625436586668588, 0.5117424523471888)
(-0.08562683878371045, 0.1767210254931492, 0.5242803273949467)
(-0.08562683878371045, 0.18673045414836714, 0.5372317415513678)
(-0.08562683878371045, 0.1962209498111854, 0.5505785662755924)
(-0.08562683878371045, 0.2051406226142006, 0.5642976775061451)
(-0.08562683878371045, 0.21344080896830137, 0.5783619927179824)
(-0.08562683878371045, 0.22108433104241804, 0.5927503273675461)
(-0.08562683878371045, 0.22803680847406474, 0.6074323540996523)
(-0.08562683878371045, 0.23427075003774944, 0.6223722713853073)
(-0.08562683878371045, 0.23976482564426146, 0.6375337079674427)
(-0.08562683878371045, 0.2445042143984521, 0.6528747783553228)
(-0.08562683878371045, 0.24848422819872754, 0.6683516905225484)
(-0.08562683878371045, 0.25170794272321395, 0.6839212860722743)
(-0.08562683878371045, 0.2541865313044888, 0.6995363581557594)
(-0.08562683878371045, 0.25588117088276074, 0.7152315567749055)
(-0.08562683878371045, 0.2568341893417405, 0.7309239490172652)
(-0.08562683878371045, 0.2570919675537897, 0.7465345073738837)
(-0.08562683878371045, 0.2567063545208729, 0.7619879914768332)
(-0.08562683878371045, 0.25572982094860003, 0.777214157221903)
(-0.08562683878371045, 0.25421838135961955, 0.7921460043055614)
(-0.08562683878371045, 0.2522294805737148, 0.8067225931951536)
(-0.08562683878371045, 0.24982174513563954, 0.8208870170373093)
(-0.08562683878371045, 0.24705373951547005, 0.834587580877133)
(-0.08562683878371045, 0.24398360445910408, 0.8477779030592072)
(-0.08562683878371045, 0.24066867332409983, 0.8604164745593033)
(-0.08562683878371045, 0.23716516970043353, 0.8724667433206541)
(-0.08562683878371045, 0.23352648001688853, 0.8838980336576958)
(-0.08562683878371045, 0.22980390421262864, 0.8946852921246442)
(-0.08562683878371045, 0.22604706138064687, 0.9048064594835961)
(-0.08562683878371045, 0.22230039548115682, 0.9142493906751639)
(-0.08562683878371045, 0.21860732600104266, 0.9230041594429959)
(-0.08562683878371045, 0.21500649779928346, 0.9310689854244074)
(-0.08562683878371045, 0.21153211507270378, 0.9384467212581087)
(-0.08562683878371045, 0.20821497149579285, 0.9451450568316491)
(-0.08562683878371045, 0.20508283905138588, 0.9511754558108398)
(-0.08562683878371045, 0.2021571685272426, 0.9565553946413273)
(-0.08562683878371045, 0.19945568128394173, 0.9613072830118355)
(-0.08562683878371045, 0.19699224149503755, 0.9654539186274393)
(-0.08562683878371045, 0.1947758806992367, 0.9690286672515236)
(-0.08562683878371045, 0.19280983908313146, 0.9720653635239662)
(-0.08562683878371045, 0.19109171938279537, 0.9746041399518692)
(-0.08562683878371045, 0.18961255480973302, 0.9766845280471272)
(-0.08562683878371045, 0.18836183582118612, 0.9783481141190569)
(-0.08562683878371045, 0.18732732928095994, 0.9796346355279958)
(-0.08562683878371045, 0.186494586307852, 0.9805818879438436)
(-0.08562683878371045, 0.1858496120590508, 0.9812251886277558)
(-0.08562683878371045, 0.1853776099338301, 0.9815994306440842)
(-0.08562683878371045, 0.18506292741618133, 0.9817389303809111)
(-0.08562683878371045, 0.18488778104651396, 0.9816777850607193)
(-0.08562683878371045, 0.18483219551285965, 0.9814498046690366)
(-0.08562683878371045, 0.18487646901836816, 0.9810887921057859)
(-0.08562683878371045, 0.18500314017648364, 0.9806292798121229)
(-0.08562683878371045, 0.1851952251028566, 0.9801021105510462)
(-0.08562683878371045, 0.18543725002248165, 0.9795347581942094)
(-0.08562683878371045, 0.18571120980698794, 0.9789525898524372)
(-0.08562683878371045, 0.18600089905897568, 0.9783789293574039)
(-0.08562683878371045, 0.18629138375918994, 0.9778318256004772)
(-0.08562683878371045, 0.18656905611459276, 0.9773283985800763)
(-0.08562683878371045, 0.18682160621312385, 0.9768845507392223)
(-0.08562683878371045, 0.18703863387542344, 0.9765125454203398)
(-0.08562683878371045, 0.18721206826721218, 0.9762236996000224)
(-0.08562683878371045, 0.18733405981851856, 0.9760266956134054)
(-0.08562683878371045, 0.18739791405767073, 0.9759263364854645)
(-0.08562683878371045, 0.18739791405767073, 0.9759263364854645)
(-0.08562683878371045, 0.18739791405767073, 0.9759263364854645)
(-0.08562683878371045, 0.18739791405767073, 0.9759263364854645)
(-0.08562683878371045, 0.18739791405767073, 0.9759263364854645)
(-0.08562683878371045, 0.18739791405767073, 0.9759263364854645)
(-0.08562683878371045, 0.18739791405767073, 0.9759263364854645)
(-0.08562683878371045, 0.18739791405767073, 0.9759263364854645)
(-0.08562683878371045, 0.18739791405767073, 0.9759263364854645)
(-0.08562683878371045, 0.18739791405767073, 0.9759263364854645)
(-0.08562683878371045, 0.18739791405767073, 0.9759263364854645)
(-0.08562683878371045, 0.18739791405767073, 0.9759263364854645)
(-0.08562683878371045, 0.18739791405767073, 0.9759263364854645)
(-0.08562683878371045, 0.18739791405767073, 0.9759263364854645)
(-0.08562683878371045, 0.18739791405767073, 0.9759263364854645)
(-0.08562683878371045, 0.18739791405767073, 0.9759263364854645)
(-0.08562683878371045, 0.18739791405767073, 0.9759263364854645)
(-0.08562683878371045, 0.18739791405767073, 0.9759263364854645)
(-0.08562683878371045, 0.18739791405767073, 0.9759263364854645)
(-0.08562683878371045, 0.18739791405767073, 0.9759263364854645)
(-0.08562683878371045, 0.18739791405767073, 0.9759263364854645)
(-0.08562683878371045, 0.18739791405767073, 0.9759263364854645)
(-0.08562683878371045, 0.18739791405767073, 0.9759263364854645)
(-0.08562683878371045, 0.18739791405767073, 0.9759263364854645)
(-0.08562683878371045, 0.18739791405767073, 0.9759263364854645)
(-0.08562683878371045, 0.18739791405767073, 0.9759263364854645)
(-0.08562683878371045, 0.18739791405767073, 0.9759263364854645)
(-0.08562683878371045, 0.18739791405767073, 0.9759263364854645)
(-0.08562683878371045, 0.18739791405767073, 0.9759263364854645)
(-0.08562683878371045, 0.18739791405767073, 0.9759263364854645)
(-0.08562683878371045, 0.18739791405767073, 0.9759263364854645)
(-0.08562683878371045, 0.18739791405767073, 0.9759263364854645)
(-0.08562683878371045, 0.18739791405767073, 0.9759263364854645)
(-0.08562683878371045, 0.18739791405767073, 0.9759263364854645)
(-0.08562683878371045, 0.18739791405767073, 0.9759263364854645)
(-0.08562683878371045, 0.18739791405767073, 0.9759263364854645)
(-0.08562683878371045, 0.18739791405767073, 0.9759263364854645)
(-0.08562683878371045, 0.18739791405767073, 0.9759263364854645)
(-0.08562683878371045, 0.18739791405767073, 0.9759263364854645)
(-0.08562683878371045, 0.18739791405767073, 0.9759263364854645)
(-0.08562683878371045, 0.18739791405767073, 0.9759263364854645)
(-0.08562683878371045, 0.18739791405767073, 0.9759263364854645)
(-0.08562683878371045, 0.18739791405767073, 0.9759263364854645)
(-0.08562683878371045, 0.18739791405767073, 0.9759263364854645)
(-0.08562683878371045, 0.18739791405767073, 0.9759263364854645)
(-0.08562683878371045, 0.18739791405767073, 0.9759263364854645)
(-0.08562683878371045, 0.18739791405767073, 0.9759263364854645)
(-0.08562683878371045, 0.18739791405767073, 0.9759263364854645)
(-0.08562683878371045, 0.18739791405767073, 0.9759263364854645)
(-0.08562683878371045, 0.18739791405767073, 0.9759263364854645)
(-0.08562683878371045, 0.18739791405767073, 0.9759263364854645)
(-0.08562683878371045, 0.18739791405767073, 0.9759263364854645)
(-0.08562683878371045, 0.18739791405767073, 0.9759263364854645)
(-0.08562683878371045, 0.18739791405767073, 0.9759263364854645)
(-0.08562683878371045, 0.18739791405767073, 0.9759263364854645)
(-0.08562683878371045, 0.18739791405767073, 0.9759263364854645)
(-0.08562683878371045, 0.18739791405767073, 0.9759263364854645)
(-0.08562683878371045, 0.18739791405767073, 0.9759263364854645)
(-0.08562683878371045, 0.18739791405767073, 0.9759263364854645)
(-0.08562683878371045, 0.18739791405767073, 0.9759263364854645)
(-0.08562683878371045, 0.18739791405767073, 0.9759263364854645)
(-0.08562683878371045, 0.18739791405767073, 0.9759263364854645)
(-0.08562683878371045, 0.18739791405767073, 0.9759263364854645)
(-0.08562683878371045, 0.18739791405767073, 0.9759263364854645)
(-0.08562683878371045, 0.18739791405767073, 0.9759263364854645)
(-0.08562683878371045, 0.18739791405767073, 0.9759263364854645)
(-0.08562683878371045, 0.18739791405767073, 0.9759263364854645)
(-0.08562683878371045, 0.18739791405767073, 0.9759263364854645)
(-0.08562683878371045, 0.18739791405767073, 0.9759263364854645)
(-0.08562683878371045, 0.18739791405767073, 0.9759263364854645)
(-0.08562683878371045, 0.18739791405767073, 0.9759263364854645)
(-0.08562683878371045, 0.18739791405767073, 0.9759263364854645)
(-0.08562683878371045, 0.18739791405767073, 0.9759263364854645)
(-0.08562683878371045, 0.18739791405767073, 0.9759263364854645)
(-0.08562683878371045, 0.18739791405767073, 0.9759263364854645)
(-0.08562683878371045, 0.18739791405767073, 0.9759263364854645)
(-0.08562683878371045, 0.18739791405767073, 0.9759263364854645)
(-0.08562683878371045, 0.18739791405767073, 0.9759263364854645)
(-0.08562683878371045, 0.18739791405767073, 0.9759263364854645)
(-0.08562683878371045, 0.18739791405767073, 0.9759263364854645)
(-0.08562683878371045, 0.18739791405767073, 0.9759263364854645)
(-0.08562683878371045, 0.18739791405767073, 0.9759263364854645)
(-0.08562683878371045, 0.18739791405767073, 0.9759263364854645)
(-0.08562683878371045, 0.18739791405767073, 0.9759263364854645)
(-0.08562683878371045, 0.18739791405767073, 0.9759263364854645)
(-0.08562683878371045, 0.18739791405767073, 0.9759263364854645)
(-0.08562683878371045, 0.18739791405767073, 0.9759263364854645)
(-0.08562683878371045, 0.18739791405767073, 0.9759263364854645)
(-0.08562683878371045, 0.18739791405767073, 0.9759263364854645)
(-0.08562683878371045, 0.18739791405767073, 0.9759263364854645)
(-0.08562683878371045, 0.18739791405767073, 0.9759263364854645)
(-0.08562683878371045, 0.18739791405767073, 0.9759263364854645)
(-0.08562683878371045, 0.18739791405768155, 0.9759263364855204)
(-0.08562683878371045, 0.18739791405768155, 0.9759263364855204)
(-0.08562683878371045, 0.18739791405768155, 0.9759263364855204)
(-0.08562683878371045, 0.18739791405768155, 0.9759263364855204)
(-0.08562683878371045, 0.18739791405768155, 0.9759263364855204)
(-0.08562683878371045, 0.18739791405768155, 0.9759263364855204)
(-0.08562683878371045, 0.18739791405768155, 0.9759263364855204)
(-0.08562683878371045, 0.18739791405768155, 0.9759263364855204)
(-0.08562683878371045, 0.18739791405768158, 0.9759263364855204)
(-0.08562683878371045, 0.18739791405768158, 0.9759263364855205)
(-0.08562683878371045, 0.18739791405768158, 0.9759263364855205)
(-0.08562683878371045, 0.18739791405768158, 0.9759263364855205)
(-0.08562683878371045, 0.18739791405768158, 0.9759263364855205)
(-0.08562683878371045, 0.18739791405768158, 0.9759263364855205)
(-0.08562683878371045, 0.18739791405768158, 0.9759263364855206)
(-0.08562683878371045, 0.18739791405768158, 0.9759263364855206)
(-0.08562683878371045, 0.1873979140576816, 0.9759263364855206)
(-0.08562683878371045, 0.1873979140576816, 0.9759263364855207)
(-0.08562683878371045, 0.1873979140576816, 0.9759263364855207)
(-0.08562683878371045, 0.1873979140576816, 0.9759263364855207)
(-0.08562683878371045, 0.1873979140576816, 0.9759263364855209)
(-0.08562683878371045, 0.1873979140576816, 0.9759263364855209)
(-0.08562683878371045, 0.1873979140576816, 0.9759263364855209)
(-0.08562683878371045, 0.18739791405768164, 0.975926336485521)
(-0.08562683878371045, 0.18739791405768164, 0.975926336485521)
