(5.279293, 0.1625174, 5.918363)
(5.279632, 0.1637241, 5.91707)
(5.279729, 0.1647767, 5.916043)
(5.280187, 0.1650456, 5.9158)
(5.279827, 0.163765, 5.917087)
(5.279644, 0.1633772, 5.917299)
(5.279835, 0.1636049, 5.917033)
(5.280163, 0.1641837, 5.9165)
(5.280275, 0.1643055, 5.916521)
(5.279962, 0.1639028, 5.91679)
(5.279582, 0.163087, 5.917237)
(5.280023, 0.1637268, 5.916852)
(5.280374, 0.1641148, 5.91631)
(5.280104, 0.1640752, 5.916357)
(5.280077, 0.1639777, 5.916443)
(5.280218, 0.1636262, 5.916733)
(5.280106, 0.1638296, 5.916614)
(5.280006, 0.1636162, 5.916673)
(5.280227, 0.1637255, 5.916718)
(5.280069, 0.1636444, 5.916502)
(5.280289, 0.1644771, 5.915809)
(5.279879, 0.1640092, 5.91602)
(5.280129, 0.1641596, 5.916082)
(5.279791, 0.1635258, 5.916715)
(5.28011, 0.1630289, 5.917461)
(5.280241, 0.1630152, 5.917507)
(5.280031, 0.1630339, 5.917486)
(5.280241, 0.163518, 5.916879)
(5.28073, 0.1632644, 5.917153)
(5.2806, 0.1634237, 5.917184)
(5.280851, 0.1634611, 5.917399)
(5.28068, 0.1622447, 5.91894)
(5.280738, 0.1614957, 5.919844)
(5.280709, 0.1610936, 5.920533)
(5.281604, 0.1607057, 5.921268)
(5.281385, 0.1608218, 5.921355)
(5.280951, 0.1603689, 5.921934)
(5.280532, 0.1592752, 5.923069)
(5.280174, 0.1584982, 5.923296)
(5.280924, 0.1597023, 5.922229)
(5.281234, 0.1606364, 5.921314)
(5.280978, 0.160654, 5.921422)
(5.280371, 0.1588246, 5.923173)
(5.280288, 0.158777, 5.923228)
(5.280172, 0.1592613, 5.92262)
(5.28055, 0.1603451, 5.92185)
(5.28075, 0.1602112, 5.921581)
(5.280683, 0.1603753, 5.921496)
(5.280908, 0.1601566, 5.92195)
(5.280156, 0.1594158, 5.92277)
(5.280094, 0.1588953, 5.923401)
(5.28056, 0.1588569, 5.923351)
(5.280531, 0.1592778, 5.922625)
(5.281104, 0.1610032, 5.921071)
(5.281264, 0.1611318, 5.921069)
(5.280914, 0.1595279, 5.92252)
(5.28063, 0.1591265, 5.922915)
(5.280567, 0.1598058, 5.922218)
(5.280649, 0.1605059, 5.921598)
(5.280839, 0.1597773, 5.922158)
(5.280764, 0.1588685, 5.923053)
(5.280233, 0.1590613, 5.922645)
(5.279765, 0.1598225, 5.921697)
(5.27984, 0.1609374, 5.920106)
(5.280307, 0.1624194, 5.918696)
(5.281543, 0.162758, 5.918761)
(5.280799, 0.1603091, 5.921094)
(5.279431, 0.1586634, 5.922573)
(5.279295, 0.1585166, 5.922705)
(5.279731, 0.160433, 5.920704)
(5.279864, 0.1620747, 5.918747)
(5.280625, 0.1632917, 5.917861)
(5.280651, 0.1632668, 5.918181)
(5.279856, 0.1613517, 5.920263)
(5.279586, 0.1588894, 5.922838)
(5.279464, 0.158765, 5.923167)
(5.279914, 0.1590421, 5.923074)
(5.280002, 0.159491, 5.922493)
(5.280034, 0.1593785, 5.922296)
(5.280308, 0.1602972, 5.921396)
(5.28021, 0.1604923, 5.921107)
(5.280128, 0.1600811, 5.921591)
(5.280137, 0.1595129, 5.922181)
(5.280076, 0.159232, 5.922578)
(5.280004, 0.1591678, 5.922597)
(5.28, 0.1592058, 5.922528)
(5.280464, 0.1598212, 5.922185)
(5.280101, 0.1590137, 5.922774)
(5.279676, 0.158755, 5.922993)
(5.280301, 0.1584733, 5.923353)
(5.280014, 0.1593303, 5.92239)
(5.2799, 0.1591893, 5.922327)
(5.280325, 0.1597246, 5.921817)
(5.280696, 0.1599428, 5.921663)
(5.28007, 0.1596975, 5.921925)
(5.279941, 0.1592437, 5.922409)
(5.279882, 0.1595685, 5.922098)
(5.280008, 0.1594148, 5.922188)
(5.28014, 0.1595734, 5.922074)
(5.280005, 0.1593025, 5.92216)
(5.28029, 0.1592702, 5.922225)
(5.279996, 0.1595191, 5.921982)
(5.279936, 0.1599362, 5.921569)
(5.280229, 0.1597713, 5.921711)
(5.280313, 0.1596713, 5.921901)
(5.279836, 0.1599278, 5.921477)
(5.280506, 0.1597469, 5.921757)
(5.280593, 0.1608428, 5.920771)
(5.28032, 0.160368, 5.92117)
(5.279581, 0.160072, 5.921318)
(5.27999, 0.1597363, 5.921364)
(5.279833, 0.1604451, 5.920495)
(5.280466, 0.1616055, 5.919542)
(5.279934, 0.1616867, 5.919327)
(5.279903, 0.1602682, 5.92066)
(5.279792, 0.15981, 5.920954)
(5.27971, 0.1604984, 5.920189)
(5.279703, 0.1616914, 5.918958)
(5.280883, 0.1624954, 5.918334)
(5.280145, 0.1624076, 5.918098)
(5.279473, 0.1618221, 5.918554)
(5.279853, 0.1616171, 5.918903)
(5.280056, 0.1622236, 5.918286)
(5.280104, 0.16227, 5.918115)
(5.280077, 0.162497, 5.917936)
(5.280111, 0.1627214, 5.91767)
(5.280146, 0.162949, 5.917403)
(5.28018, 0.1631737, 5.917137)
(5.280214, 0.1634004, 5.91687)
(5.280238, 0.1635514, 5.916691)
(5.280238, 0.1635514, 5.916691)
(5.280238, 0.1635514, 5.916691)
(5.280238, 0.1635514, 5.916691)
(5.280191, 0.1637225, 5.916145)
(5.280032, 0.162317, 5.917517)
(5.27987, 0.1620986, 5.917702)
(5.279753, 0.1618467, 5.917848)
(5.280434, 0.1661562, 5.915444)
(5.280448, 0.1662832, 5.915309)
(5.280462, 0.1664017, 5.915178)
(5.280477, 0.1665289, 5.915043)
(5.280385, 0.1642036, 5.917873)
(5.280385, 0.1640112, 5.918123)
(5.280385, 0.1638158, 5.918375)
(5.280386, 0.1636242, 5.918624)
(5.281527, 0.1600318, 5.922707)
(5.283258, 0.1623651, 5.921835)
(5.283357, 0.1619904, 5.922433)
(5.283448, 0.1612821, 5.922912)
(5.283536, 0.1607741, 5.923437)
(5.282668, 0.1565603, 5.924366)
(5.282909, 0.1568833, 5.924153)
(5.283219, 0.157879, 5.923205)
(5.282056, 0.151865, 5.928277)
(5.282255, 0.1514755, 5.928551)
(5.282343, 0.1508968, 5.929182)
(5.282432, 0.1503227, 5.92981)
(5.28252, 0.1497471, 5.930438)
(5.282609, 0.1491718, 5.931066)
(5.282596, 0.1584012, 5.921545)
(5.28007, 0.1486965, 5.932208)
(5.279717, 0.1476994, 5.933338)
(5.279365, 0.146703, 5.934465)
(5.279014, 0.1457026, 5.935597)
(5.281542, 0.160657, 5.922839)
(5.281511, 0.1614136, 5.922327)
(5.28148, 0.1621723, 5.921813)
(5.283481, 0.1633779, 5.921422)
(5.28375, 0.1642701, 5.920881)
(5.283997, 0.1650873, 5.920387)
(5.284244, 0.1659057, 5.919892)
(5.28449, 0.1667206, 5.9194)
(5.274438, 0.1388588, 5.946886)
(5.277638, 0.1433807, 5.943115)
(5.281224, 0.1511513, 5.935692)
(5.281561, 0.1564987, 5.930559)
(5.282468, 0.1590476, 5.928298)
(5.283459, 0.1618118, 5.925847)
(5.284372, 0.164345, 5.923602)
(5.27928, 0.1392867, 5.947463)
(5.280269, 0.1334414, 5.95213)
(5.281284, 0.1356777, 5.952074)
(5.282373, 0.1414593, 5.94662)
(5.283118, 0.1426174, 5.94562)
(5.280311, 0.1376035, 5.951341)
(5.280557, 0.1387353, 5.950345)
(5.280159, 0.1376314, 5.951254)
(5.282635, 0.1439004, 5.944548)
(5.282792, 0.1449332, 5.942847)
(5.284306, 0.1435492, 5.941639)
(5.28494, 0.1412874, 5.943195)
(5.284902, 0.1477123, 5.938468)
(5.284497, 0.1409807, 5.943704)
(5.280378, 0.1326734, 5.949745)
(5.280471, 0.1350926, 5.947404)
(5.281457, 0.1349069, 5.947811)
(5.282773, 0.1329281, 5.94705)
(5.2828, 0.1306859, 5.949267)
(5.283659, 0.1343039, 5.948348)
(5.283341, 0.1330393, 5.948637)
(5.282596, 0.1391497, 5.942513)
(5.282483, 0.144449, 5.936718)
(5.281866, 0.1473503, 5.933714)
(5.281896, 0.1462918, 5.933779)
(5.281946, 0.1482467, 5.931428)
(5.281994, 0.1500363, 5.929275)
(5.28402, 0.1388238, 5.939353)
(5.283432, 0.1435219, 5.933836)
(5.281758, 0.1516972, 5.924809)
(5.282331, 0.1575554, 5.917898)
(5.284168, 0.1616453, 5.914431)
(5.282882, 0.1599745, 5.915542)
(5.280334, 0.1596705, 5.913993)
(5.280624, 0.1580934, 5.915215)
(5.280736, 0.1540426, 5.917337)
(5.281898, 0.1561332, 5.914941)
(5.282209, 0.1601433, 5.91051)
(5.281845, 0.1607625, 5.907778)
(5.282907, 0.1628844, 5.905204)
(5.28443, 0.1635729, 5.904488)
(5.286484, 0.1604033, 5.906932)
(5.288184, 0.1532912, 5.914022)
(5.289268, 0.1445784, 5.921375)
(5.291919, 0.1385671, 5.926541)
(5.298113, 0.1312454, 5.934327)
(5.30683, 0.1249163, 5.941896)
(5.320765, 0.1212861, 5.949261)
(5.340516, 0.1165213, 5.958385)
(5.362834, 0.1148116, 5.965937)
(5.402776, 0.1321017, 5.96119)
(5.443499, 0.1577439, 5.942112)
(5.472658, 0.1833452, 5.931508)
(5.531533, 0.2160624, 5.91823)
(5.606201, 0.2537828, 5.900931)
(5.671567, 0.2707267, 5.900694)
(5.74143, 0.2217357, 5.9531)
(5.79479, 0.1215732, 6.014173)
(5.765606, 0.07208037, 6.054362)
(5.66156, 0.1001282, 5.941368)
(5.690584, 0.08925139, 5.931551)
(5.797283, 0.08221941, 5.819836)
(5.729964, 0.128427, 5.741404)
(5.716162, 0.1037432, 5.716582)
(5.705997, 0.1037644, 5.706737)
(5.722786, 0.1274224, 5.683033)
(5.758763, 0.1680073, 5.652849)
(5.767807, 0.2000302, 5.621004)
(5.737941, 0.2357315, 5.595328)
(5.71802, 0.2729283, 5.57676)
(5.706204, 0.3103074, 5.556977)
(5.68509, 0.2999684, 5.581669)
(5.662522, 0.26363, 5.616635)
(5.6307, 0.2581297, 5.626)
(5.598071, 0.2741461, 5.611016)
(5.583464, 0.2997102, 5.580882)
(5.556465, 0.3122013, 5.563828)
(5.524802, 0.3126343, 5.556129)
(5.488915, 0.3085235, 5.551191)
(5.451851, 0.317218, 5.534218)
(5.422809, 0.3265554, 5.518393)
(5.390875, 0.3343841, 5.504763)
(5.350782, 0.329055, 5.510438)
(5.313728, 0.3262376, 5.512944)
(5.275149, 0.3284186, 5.51595)
(5.242084, 0.3369586, 5.514345)
(5.207382, 0.3487717, 5.516104)
(5.171381, 0.3646574, 5.515492)
(5.13832, 0.3683541, 5.533579)
(5.108344, 0.3835276, 5.542162)
(5.078375, 0.3775599, 5.569608)
(5.04758, 0.3402243, 5.638787)
(5.017546, 0.3396178, 5.663861)
(5.00062, 0.3511063, 5.669186)
(4.984894, 0.3671599, 5.670258)
(4.976974, 0.4030937, 5.644897)
(4.972442, 0.4043206, 5.656746)
(4.969099, 0.4146419, 5.660543)
(4.940029, 0.1457655, 6.030264)
(5.028812, 0.07404838, 6.129814)
(5.11524, 0.2863391, 5.879859)
(5.134592, 0.3631845, 5.816691)
(5.14498, 0.3859577, 5.765122)
(5.176633, 0.4284767, 5.707683)
(5.113971, 0.3221923, 5.807713)
(5.07261, 0.1240507, 5.975246)
(5.02459, 0.3264599, 5.739949)
(5.065814, 0.6485342, 5.438669)
(5.095473, 0.6025798, 5.507618)
(5.135957, 0.3023261, 5.775285)
(5.195685, 0.1952551, 5.863711)
(5.166944, 0.1372998, 5.942307)
(5.232959, 0.0501979, 6.019441)
(5.386002, 0.01757029, 6.035974)
(5.279012, 0.01845151, 6.084479)
(5.212727, 0.1608163, 5.904164)
(5.195186, 0.09138574, 5.921823)
(5.159499, 0.1254927, 5.900639)
(5.189854, 0.1440634, 5.901958)
(5.215597, 0.1387605, 5.90703)
(5.264368, 0.1168501, 5.933477)
(5.2953, 0.1004747, 5.953656)
(5.311172, 0.09775697, 5.955523)
(5.2959, 0.1337119, 5.917709)
(5.285692, 0.1718028, 5.877975)
(5.261666, 0.1762003, 5.867236)
(5.252362, 0.1474287, 5.892612)
(5.256243, 0.1305642, 5.909195)
(5.27, 0.1335861, 5.910666)
(5.276968, 0.1429939, 5.903103)
(5.27843, 0.1471904, 5.899224)
(5.273997, 0.1418283, 5.904785)
(5.268661, 0.1331466, 5.91153)
(5.270586, 0.1391166, 5.90654)
(5.273697, 0.1378911, 5.908062)
(5.273919, 0.1320396, 5.91336)
(5.274413, 0.128688, 5.916474)
(5.27367, 0.1269041, 5.915908)
(5.275612, 0.139788, 5.904116)
(5.277856, 0.1430528, 5.899762)
(5.280921, 0.1454193, 5.898971)
(5.280638, 0.1366834, 5.905737)
(5.277004, 0.1310429, 5.910657)
(5.275949, 0.1357686, 5.904977)
(5.276858, 0.1424998, 5.897711)
(5.276977, 0.1379973, 5.90121)
(5.277043, 0.1342059, 5.904957)
(5.279775, 0.1357628, 5.903871)
(5.2817, 0.1420118, 5.896805)
(5.283096, 0.151946, 5.888445)
(5.281193, 0.1391322, 5.900848)
(5.282346, 0.1329854, 5.907369)
(5.278398, 0.1292233, 5.910882)
(5.276612, 0.135211, 5.903657)
(5.280081, 0.1412184, 5.898417)
(5.283598, 0.1400653, 5.900283)
(5.282628, 0.1349417, 5.904772)
(5.281547, 0.1377384, 5.902008)
(5.280579, 0.1441068, 5.895715)
(5.281253, 0.1418751, 5.897954)
(5.281604, 0.1299752, 5.909442)
(5.280198, 0.1297682, 5.908705)
(5.28361, 0.1377382, 5.901019)
(5.284307, 0.143292, 5.896028)
(5.286057, 0.1428258, 5.896058)
(5.284636, 0.1426258, 5.896935)
(5.283237, 0.1474333, 5.891239)
(5.278282, 0.1504717, 5.888765)
(5.282593, 0.1164475, 5.924701)
(5.276403, 0.1096415, 5.927685)
(5.281339, 0.13962, 5.897858)
(5.281873, 0.156081, 5.882712)
(5.297545, 0.1337329, 5.90732)
(5.292051, 0.1269294, 5.912591)
(5.286032, 0.1164976, 5.92159)
(5.282028, 0.1252202, 5.911996)
(5.286763, 0.1436401, 5.892495)
(5.296196, 0.1615353, 5.878236)
(5.298243, 0.1573541, 5.882707)
(5.289659, 0.1331081, 5.904801)
(5.285717, 0.1243877, 5.912013)
(5.284879, 0.132004, 5.904671)
(5.293101, 0.1418141, 5.896836)
(5.296041, 0.1388527, 5.900523)
(5.293097, 0.130006, 5.90873)
(5.290781, 0.1290326, 5.90924)
(5.288284, 0.1323015, 5.905322)
(5.290844, 0.1352312, 5.902523)
(5.293785, 0.1367499, 5.901736)
(5.292695, 0.1360404, 5.901844)
(5.292792, 0.1350905, 5.902878)
(5.292508, 0.1341794, 5.90487)
(5.289038, 0.1307165, 5.907866)
(5.285192, 0.1263648, 5.910025)
(5.286846, 0.1260151, 5.910791)
(5.297523, 0.1358194, 5.903347)
(5.296485, 0.1381864, 5.900944)
(5.29161, 0.1340239, 5.904015)
(5.289702, 0.1290762, 5.908594)
(5.289878, 0.126973, 5.910561)
(5.290684, 0.1279429, 5.909502)
(5.295855, 0.1342593, 5.903903)
