(308.4763, 93.90128, 330.0648)
(308.6519, 94.25835, 329.8348)
(308.7059, 94.58577, 329.6405)
(308.3306, 94.4163, 329.7333)
(308.1432, 94.86691, 329.3068)
(308.2114, 95.30447, 329.0416)
(308.2354, 95.07039, 329.288)
(308.0677, 94.67149, 329.6841)
(308.0043, 94.46021, 329.9709)
(307.9983, 94.17609, 330.1996)
(308.0109, 94.19831, 330.2038)
(307.9709, 94.39233, 330.0566)
(307.8879, 94.71101, 329.8128)
(307.8517, 94.74783, 329.7698)
(307.9636, 94.73747, 329.7831)
(308.1006, 94.76193, 329.7995)
(307.9596, 94.55799, 330.0013)
(307.8704, 94.5494, 330.0013)
(307.8029, 94.56084, 330.0155)
(307.8167, 94.44623, 330.109)
(307.8563, 94.44556, 330.1078)
(307.7542, 94.4017, 330.1579)
(307.7898, 94.48734, 329.9955)
(308.1479, 94.91229, 329.6842)
(308.1268, 94.84369, 329.7886)
(307.8659, 94.56688, 330.0367)
(307.7624, 94.37585, 330.2422)
(307.64, 94.35165, 330.2774)
(307.8736, 94.32229, 330.3291)
(308.05, 94.51237, 330.1832)
(307.8317, 94.52857, 330.1674)
(307.8402, 94.67468, 329.972)
(307.8645, 94.77678, 329.9429)
(307.8392, 94.5158, 330.1461)
(307.7152, 94.52098, 330.1404)
(307.7936, 94.56942, 330.1123)
(307.9827, 94.33395, 330.2599)
(308.1349, 94.33466, 330.2325)
(308.3724, 94.3541, 330.3332)
(308.1691, 94.1686, 330.5099)
(307.7964, 94.01588, 330.6207)
(307.6791, 94.05833, 330.5968)
(307.6808, 94.05923, 330.5306)
(308.0826, 94.32452, 330.3774)
(308.1565, 94.30007, 330.404)
(308.1904, 94.13548, 330.4855)
(308.403, 94.13758, 330.6198)
(308.1132, 93.80157, 330.9825)
(307.8773, 93.53558, 331.1689)
(307.7509, 93.56136, 331.1735)
(307.7294, 93.64172, 331.1746)
(307.7773, 93.53728, 331.2088)
(308.113, 93.55009, 331.1989)
(308.2767, 93.55315, 331.2252)
(308.3195, 93.66843, 331.1959)
(308.2678, 93.77852, 331.1664)
(307.78, 93.20404, 331.6784)
(307.5954, 92.86791, 331.9352)
(307.7939, 93.07508, 331.7713)
(308.0309, 93.30503, 331.6356)
(308.1053, 93.22778, 331.763)
(308.032, 93.08162, 331.9565)
(308.0596, 92.924, 332.2042)
(308.0664, 92.58974, 332.568)
