(5.379357, 1.238712, 5.676707)
(5.379909, 1.240384, 5.675228)
(5.379161, 1.241654, 5.674247)
(5.378348, 1.241838, 5.674704)
(5.377955, 1.240332, 5.676395)
(5.378495, 1.239498, 5.677072)
(5.379437, 1.24165, 5.674893)
(5.379411, 1.244666, 5.672034)
(5.379691, 1.246652, 5.6696)
(5.380252, 1.246556, 5.669639)
(5.380147, 1.243631, 5.671776)
(5.380715, 1.243528, 5.671435)
(5.384069, 1.243664, 5.67088)
(5.38664, 1.241481, 5.673311)
(5.392327, 1.236768, 5.678605)
(5.399216, 1.230696, 5.688131)
(5.410469, 1.222026, 5.704424)
(5.434664, 1.204341, 5.72932)
(5.461068, 1.190808, 5.751367)
(5.490424, 1.15784, 5.7899)
(5.524589, 1.15538, 5.81067)
(5.570114, 1.208717, 5.775575)
(5.557338, 1.247577, 5.763482)
(5.509823, 1.242142, 5.806201)
(5.468716, 1.202064, 5.908018)
(5.471412, 1.172258, 5.973696)
(5.466687, 1.209535, 5.977634)
(5.466547, 1.227434, 5.986883)
(5.471527, 1.224416, 6.002418)
(5.471756, 1.208252, 6.020695)
(5.473446, 1.190843, 6.029979)
(5.47584, 1.184107, 6.032406)
(5.483207, 1.175205, 6.028327)
(5.487576, 1.171116, 6.024064)
(5.490779, 1.177028, 6.012969)
(5.487878, 1.187752, 5.998084)
(5.481589, 1.199769, 5.979609)
(5.476871, 1.209913, 5.962887)
(5.47351, 1.218186, 5.946971)
(5.465839, 1.228166, 5.929174)
(5.463945, 1.238312, 5.911372)
(5.459677, 1.253808, 5.883748)
(5.448457, 1.266624, 5.858375)
(5.441367, 1.277875, 5.832455)
(5.437171, 1.293582, 5.800313)
(5.432349, 1.311369, 5.769704)
(5.425504, 1.328126, 5.74306)
(5.422028, 1.341761, 5.720726)
(5.415171, 1.356164, 5.700929)
(5.408299, 1.36952, 5.681059)
(5.40583, 1.373695, 5.669539)
(5.408189, 1.369172, 5.661648)
(5.426018, 1.345794, 5.640426)
(5.426018, 1.345794, 5.640426)
(5.435762, 1.332102, 5.630867)
(5.442526, 1.315798, 5.622584)
(5.426816, 1.302859, 5.625235)
(5.414538, 1.283719, 5.643918)
(5.41401, 1.265175, 5.659005)
(5.426271, 1.249715, 5.670378)
(5.445902, 1.241062, 5.66552)
(5.45476, 1.238191, 5.658136)
(5.45696, 1.222092, 5.665125)
(5.426669, 1.079563, 5.800244)
(5.423394, 0.9671939, 6.013126)
(5.369399, 0.8571942, 6.068414)
(5.331195, 1.267143, 5.653303)
(5.3649, 1.41765, 5.53381)
(5.440056, 1.461188, 5.526421)
(5.388735, 1.218253, 5.757397)
(5.428948, 1.215862, 5.779275)
(5.417821, 1.107344, 5.807973)
(5.395963, 1.082276, 5.834171)
(5.329704, 1.12139, 5.834222)
(5.302393, 1.16196, 5.810134)
(5.362448, 1.264663, 5.698913)
(5.414397, 1.306853, 5.655447)
(5.407894, 1.253054, 5.689312)
(5.3808, 1.204466, 5.743019)
(5.358429, 1.18326, 5.771474)
(5.363914, 1.197335, 5.756003)
(5.387292, 1.225109, 5.725348)
(5.390868, 1.23314, 5.713632)
(5.380341, 1.229083, 5.718054)
(5.376677, 1.22491, 5.722871)
(5.379925, 1.224036, 5.722803)
(5.3879, 1.21976, 5.724645)
(5.391278, 1.218711, 5.72322)
(5.388268, 1.227114, 5.71578)
(5.389881, 1.229544, 5.712416)
(5.392207, 1.226513, 5.714412)
(5.394454, 1.225279, 5.714427)
(5.395842, 1.225105, 5.713463)
(5.397348, 1.226829, 5.71069)
(5.398251, 1.226654, 5.710755)
(5.398624, 1.224835, 5.712031)
(5.400127, 1.225175, 5.711607)
(5.40426, 1.223552, 5.711554)
(5.407107, 1.224838, 5.708925)
(5.408553, 1.226325, 5.706945)
(5.408257, 1.223724, 5.708625)
(5.409535, 1.224971, 5.707108)
(5.412278, 1.228322, 5.70221)
(5.415073, 1.232057, 5.698251)
(5.415666, 1.227387, 5.702196)
(5.414119, 1.223419, 5.705344)
(5.41493, 1.226164, 5.702931)
(5.416914, 1.227709, 5.700132)
(5.417466, 1.232713, 5.693913)
(5.418756, 1.237198, 5.689215)
(5.417435, 1.234707, 5.692038)
(5.415223, 1.229084, 5.697322)
(5.414399, 1.231118, 5.694962)
(5.412714, 1.239742, 5.686216)
(5.412883, 1.249901, 5.676571)
(5.411613, 1.251048, 5.672215)
(5.40333, 1.256251, 5.667704)
(5.399554, 1.264212, 5.661349)
(5.397892, 1.264962, 5.661515)
(5.395359, 1.261972, 5.664757)
(5.391479, 1.258162, 5.671718)
(5.388885, 1.257457, 5.674338)
(5.385838, 1.25882, 5.675786)
(5.384918, 1.255752, 5.680673)
(5.382756, 1.253361, 5.686137)
(5.382987, 1.251313, 5.690147)
(5.384186, 1.25047, 5.692701)
(5.388093, 1.247984, 5.696905)
(5.387768, 1.239632, 5.701779)
(5.379984, 1.249522, 5.694888)
(5.378052, 1.256276, 5.690252)
(5.380258, 1.251892, 5.693291)
(5.382898, 1.246553, 5.698295)
(5.383341, 1.249151, 5.696003)
(5.380818, 1.247874, 5.698603)
(5.37976, 1.250164, 5.697917)
(5.379535, 1.246553, 5.704256)
(5.381619, 1.246549, 5.705875)
(5.383867, 1.23788, 5.714554)
(5.388846, 1.23933, 5.712335)
(5.387142, 1.240212, 5.7153)
(5.401419, 1.242656, 5.710011)
(5.384497, 1.227852, 5.73722)
(5.411165, 1.223522, 5.732405)
(5.405859, 1.227587, 5.743348)
(5.425233, 1.217593, 5.750764)
(5.435944, 1.213158, 5.762452)
(5.461692, 1.19681, 5.780584)
(5.486192, 1.17715, 5.802151)
(5.510372, 1.142552, 5.834301)
(5.53274, 1.113881, 5.86479)
(5.569356, 1.081272, 5.901331)
(5.618599, 1.068055, 5.912033)
(5.669407, 1.053643, 5.925725)
(5.732528, 1.032161, 5.948377)
(5.777974, 1.036349, 5.958411)
(5.818858, 1.058813, 5.955214)
(5.83949, 1.085292, 5.944541)
(5.833124, 1.129449, 5.931498)
(5.841864, 1.15434, 5.959408)
(5.870313, 1.147684, 6.004032)
(5.803699, 1.118468, 6.014163)
(5.778883, 1.10252, 6.039974)
(5.765546, 1.066255, 6.078843)
(5.76404, 1.030648, 6.110956)
(5.771426, 1.029081, 6.124654)
(5.775125, 1.030177, 6.133976)
(5.77808, 1.029939, 6.140368)
(5.759814, 1.038596, 6.140645)
(5.741332, 1.02852, 6.159254)
(5.733226, 0.9991518, 6.189741)
(5.72999, 0.9802462, 6.206755)
(5.726524, 0.9669824, 6.2163)
(5.723464, 0.9620788, 6.209737)
(5.719594, 0.9563916, 6.205131)
(5.711935, 0.952956, 6.191203)
(5.700206, 0.9465804, 6.180948)
(5.690271, 0.9402256, 6.173878)
(5.681445, 0.9378368, 6.162925)
(5.666318, 0.9464151, 6.147841)
(5.649772, 0.9512527, 6.136065)
(5.626444, 0.9625744, 6.11903)
(5.599646, 0.9750736, 6.099755)
(5.576946, 0.9846209, 6.082614)
(5.559387, 0.9949014, 6.063877)
(5.547712, 1.009774, 6.035255)
(5.535881, 1.026601, 5.996985)
(5.517169, 1.041356, 5.949777)
(5.499969, 1.053435, 5.91066)
(5.47498, 1.06403, 5.862583)
(5.455885, 1.077414, 5.821737)
(5.438492, 1.091454, 5.783816)
(5.413754, 1.090653, 5.770077)
(5.390042, 1.08421, 5.780869)
(5.368543, 1.093677, 5.775655)
(5.357434, 1.132938, 5.745123)
(5.352168, 1.161019, 5.706723)
(5.348295, 1.167823, 5.692332)
(5.344613, 1.178739, 5.677729)
(5.390943, 1.124066, 5.721867)
(5.395156, 1.122174, 5.716486)
(5.456294, 0.5829654, 6.099365)
(5.479562, 0.4387881, 6.189411)
(5.43959, 0.1901262, 0.08455338)
(5.475046, 0.0339897, 0.1822666)
(5.42767, 1.597412, 5.398274)
(5.420516, 1.054324, 5.880821)
(5.4956, 1.185161, 5.747337)
(5.544734, 1.212941, 5.626352)
(5.443727, 1.044584, 5.780328)
(5.390033, 1.008707, 5.861096)
(5.36344, 1.065314, 5.80101)
(5.367216, 1.125758, 5.749783)
(5.423165, 1.143257, 5.725855)
(5.451193, 1.139164, 5.715821)
(5.419349, 1.112995, 5.740025)
(5.410959, 1.105683, 5.749767)
(5.409675, 1.102197, 5.752202)
(5.415888, 1.104718, 5.749214)
(5.415418, 1.121235, 5.736282)
(5.407527, 1.120325, 5.739576)
(5.404428, 1.11241, 5.746991)
(5.405619, 1.112664, 5.747696)
(5.406491, 1.115876, 5.74434)
(5.406527, 1.115337, 5.745138)
(5.406565, 1.1148, 5.745929)
(5.410608, 1.119809, 5.738306)
(5.410182, 1.120573, 5.737433)
(5.407903, 1.122627, 5.737095)
(5.406026, 1.12352, 5.737628)
(5.404164, 1.127399, 5.735782)
(5.403215, 1.129936, 5.734654)
(5.403358, 1.126997, 5.737674)
(5.402296, 1.127232, 5.738136)
(5.402882, 1.129638, 5.735795)
(5.404151, 1.135434, 5.730933)
(5.40414, 1.134061, 5.732127)
(5.402975, 1.132351, 5.733866)
(5.401834, 1.134896, 5.732296)
(5.402072, 1.135857, 5.731969)
(5.402866, 1.135507, 5.732301)
(5.401462, 1.135242, 5.732868)
