(0.1827582, -0.6940882, 0.6963053)
(0.1818652, -0.6950658, 0.6955635)
(0.1805422, -0.6959599, 0.6950139)
(0.1798993, -0.6965579, 0.6945813)
(0.179282, -0.696598, 0.6947008)
(0.1786787, -0.6966212, 0.6948329)
(0.1778858, -0.6969855, 0.694671)
(0.1770162, -0.6972779, 0.6945997)
(0.1756716, -0.6976864, 0.694531)
(0.1748255, -0.6983703, 0.6940569)
(0.173945, -0.6985558, 0.6940915)
(0.1728033, -0.6987649, 0.6941662)
(0.1718027, -0.6996562, 0.6935164)
(0.1711489, -0.7000158, 0.6933152)
(0.1705085, -0.6996781, 0.6938137)
(0.1690831, -0.6990677, 0.6947771)
(0.1669371, -0.6983888, 0.6959778)
(0.163333, -0.6965458, 0.6986747)
(0.1598916, -0.6951235, 0.7008837)
(0.1576567, -0.6954483, 0.7010677)
(0.1556535, -0.6969309, 0.7000424)
(0.1536595, -0.7031934, 0.6941959)
(0.150719, -0.7078452, 0.6901008)
(0.1471669, -0.7115093, 0.6870928)
(0.1441368, -0.7135528, 0.6856143)
(0.1425508, -0.7149848, 0.6844531)
(0.1419341, -0.716364, 0.6831378)
(0.1412035, -0.7187139, 0.6808172)
(0.13864, -0.7213237, 0.6785802)
(0.1356519, -0.7235422, 0.67682)
(0.1326121, -0.7246211, 0.6762679)
(0.1308435, -0.7238507, 0.6774365)
(0.1300925, -0.7239688, 0.6774549)
(0.1290972, -0.7247325, 0.6768284)
(0.1281793, -0.7253391, 0.6763529)
(0.1268948, -0.7266146, 0.6752251)
(0.1255175, -0.7280085, 0.6739799)
(0.1245069, -0.7294819, 0.6725729)
(0.1232773, -0.7314759, 0.6706308)
(0.1217681, -0.7348905, 0.6671646)
(0.120519, -0.737155, 0.6648892)
(0.1189869, -0.7391332, 0.6629663)
(0.1175486, -0.7405486, 0.661642)
(0.1168187, -0.7408556, 0.6614275)
(0.1160117, -0.7414598, 0.6608923)
(0.1153501, -0.7418749, 0.6605422)
(0.114323, -0.7431322, 0.6593063)
(0.1132374, -0.7448258, 0.6575804)
(0.112115, -0.7468292, 0.6554971)
(0.1110888, -0.7478557, 0.6545007)
(0.111013, -0.7483551, 0.6539425)
(0.1109833, -0.7486063, 0.6536599)
(0.1107313, -0.7485653, 0.6537497)
(0.1103428, -0.7492194, 0.6530656)
(0.1105941, -0.7499812, 0.652148)
(0.1115217, -0.7506591, 0.6512095)
(0.112304, -0.7510864, 0.6505821)
(0.1140862, -0.7508554, 0.6505387)
(0.1158828, -0.7505855, 0.6505325)
(0.1175792, -0.7504485, 0.6503862)
(0.1193489, -0.7504194, 0.6500973)
(0.1205123, -0.7494211, 0.6510336)
(0.1209997, -0.7478572, 0.6527394)
(0.1207059, -0.7461506, 0.6547438)
(0.1184558, -0.7436342, 0.6580095)
(0.1181685, -0.7419683, 0.6599389)
(0.1182283, -0.7407755, 0.6612667)
(0.1181816, -0.7412066, 0.6607919)
(0.1176271, -0.7417765, 0.6602511)
(0.1172152, -0.740563, 0.661685)
(0.1172702, -0.7391379, 0.6632668)
(0.1170553, -0.7383, 0.6642374)
(0.1168516, -0.7374586, 0.6652071)
(0.1166442, -0.7366179, 0.6661742)
(0.1301873, -0.7226571, 0.6788358)
(0.1298295, -0.7276856, 0.6735117)
(0.1342906, -0.7277999, 0.6725128)
(0.1358365, -0.7265192, 0.6735861)
(0.138782, -0.7213748, 0.6784968)
(0.1432442, -0.7125986, 0.6867929)
(0.147903, -0.7053272, 0.6932808)
(0.1532469, -0.69639, 0.7011107)
(0.1562007, -0.6877823, 0.7089124)
(0.1577284, -0.6829122, 0.713269)
(0.1596385, -0.6796735, 0.7159326)
(0.1625049, -0.6778837, 0.7169839)
(0.1665018, -0.678152, 0.7158121)
(0.1694575, -0.6827175, 0.7107608)
(0.1717833, -0.6882631, 0.7048294)
(0.175804, -0.6922936, 0.6998732)
(0.1805865, -0.6956064, 0.6953562)
(0.1873764, -0.6944689, 0.6946964)
(0.1921429, -0.6925241, 0.6953355)
(0.1966201, -0.6906322, 0.6959653)
(0.2002387, -0.6889988, 0.6965523)
(0.2033882, -0.6880673, 0.6965605)
(0.2050671, -0.6881108, 0.6960251)
(0.2057058, -0.6891963, 0.6947615)
(0.2062448, -0.6905167, 0.693289)
(0.2068523, -0.6918532, 0.691774)
(0.2056553, -0.6935828, 0.6903976)
(0.2055886, -0.6946107, 0.6893833)
(0.2051705, -0.6965036, 0.6875957)
(0.205505, -0.6984579, 0.6855102)
(0.2069555, -0.7006775, 0.6828034)
(0.2075726, -0.7025566, 0.6806819)
(0.2076154, -0.7037775, 0.6794064)
(0.2085307, -0.7047251, 0.6781427)
(0.2098742, -0.7059137, 0.67649)
(0.2112696, -0.7064654, 0.6754789)
(0.2119334, -0.706504, 0.6752306)
(0.2112287, -0.7065203, 0.6754344)
(0.2109747, -0.7066448, 0.6753834)
(0.2113279, -0.7061337, 0.6758075)
(0.2106605, -0.7067986, 0.6753206)
(0.2097076, -0.7086433, 0.673682)
(0.209369, -0.7098167, 0.672551)
(0.2091331, -0.7110615, 0.6713083)
(0.2086727, -0.7115558, 0.6709278)
(0.2085591, -0.7114305, 0.6710959)
(0.2082073, -0.7116209, 0.6710032)
(0.2070793, -0.7127718, 0.6701303)
(0.2052948, -0.7148143, 0.6685017)
(0.2034054, -0.717203, 0.6665179)
(0.2017013, -0.7194194, 0.6646445)
(0.2001402, -0.7207741, 0.6636479)
(0.1980956, -0.7217611, 0.6631885)
(0.1966171, -0.7214888, 0.6639244)
(0.1963171, -0.7216159, 0.663875)
(0.1968191, -0.7230998, 0.6621095)
(0.196153, -0.7246411, 0.6606203)
(0.1953562, -0.7261137, 0.6592382)
(0.1939952, -0.7264432, 0.659277)
(0.1931833, -0.7256784, 0.6603568)
(0.1930108, -0.7246053, 0.6615844)
(0.1934766, -0.7222092, 0.6640638)
(0.1937365, -0.7216135, 0.6646353)
(0.193759, -0.7211857, 0.6650929)
(0.1937068, -0.7218225, 0.6644171)
(0.1934744, -0.7223458, 0.6639158)
(0.1930885, -0.7229013, 0.6634234)
(0.192284, -0.7214941, 0.6651865)
(0.1918142, -0.7185722, 0.6684768)
(0.1921673, -0.7152787, 0.6718988)
(0.1928155, -0.7102932, 0.6769829)
(0.1917149, -0.7072524, 0.68047)
(0.189464, -0.7055864, 0.6828259)
(0.1869939, -0.7063381, 0.6827297)
(0.1847438, -0.7079495, 0.6816725)
(0.1831088, -0.7103093, 0.6796557)
(0.182092, -0.7079858, 0.6823479)
(0.1824502, -0.7026845, 0.6877111)
(0.1839378, -0.6977474, 0.6923261)
(0.1839977, -0.6953856, 0.6946824)
(0.1823117, -0.6955934, 0.6949189)
(0.1801741, -0.6958433, 0.6952261)
(0.1757841, -0.6951082, 0.6970829)
(0.1732086, -0.6917306, 0.701076)
(0.1715727, -0.6860479, 0.7070369)
(0.1703155, -0.681789, 0.7114468)
(0.1679571, -0.6801239, 0.7135979)
(0.1646413, -0.680086, 0.7144063)
(0.1609122, -0.6798128, 0.7155151)
(0.1567205, -0.6818777, 0.7144799)
(0.1533214, -0.6849875, 0.7122392)
(0.1490815, -0.6879072, 0.7103227)
(0.1441903, -0.6892631, 0.710018)
(0.1392696, -0.6891938, 0.7110667)
(0.1364429, -0.6892698, 0.7115409)
(0.1338981, -0.6890237, 0.7122624)
(0.1319885, -0.6865326, 0.7150189)
(0.1294488, -0.684529, 0.7174002)
(0.1273276, -0.682265, 0.719932)
(0.1250003, -0.68117, 0.7213753)
(0.1229327, -0.6829951, 0.7200036)
(0.1211609, -0.6868678, 0.716612)
(0.1204707, -0.6911641, 0.712586)
(0.1237806, -0.6962875, 0.7070093)
(0.1253036, -0.6987138, 0.7043422)
(0.1269884, -0.6990133, 0.7037432)
(0.1272829, -0.6984559, 0.7042432)
(0.1266649, -0.6963159, 0.7064703)
(0.1263497, -0.6950238, 0.7077977)
(0.127025, -0.6949568, 0.7077427)
(0.127156, -0.696674, 0.7060288)
(0.1266478, -0.6984915, 0.7043223)
(0.1253589, -0.7003765, 0.7026791)
(0.1252706, -0.7011529, 0.7019202)
(0.1259743, -0.7013186, 0.7016286)
(0.1269602, -0.700468, 0.7023003)
(0.1273858, -0.7002863, 0.7024044)
(0.1274315, -0.6993997, 0.703279)
(0.127832, -0.6989437, 0.7036595)
(0.1286142, -0.6981956, 0.7042593)
(0.1295375, -0.6981551, 0.7041303)
(0.1308559, -0.6992532, 0.7027956)
(0.1315249, -0.7000726, 0.7018544)
(0.1320613, -0.7011402, 0.700687)
(0.1327784, -0.7015027, 0.7001885)
(0.1343092, -0.701072, 0.7003279)
(0.1368881, -0.7000229, 0.7008777)
(0.1390184, -0.6990282, 0.701451)
(0.141356, -0.6983234, 0.7016858)
(0.1435108, -0.6980547, 0.7015157)
(0.1462829, -0.6961191, 0.7028651)
(0.1490144, -0.6942418, 0.7041471)
(0.1526913, -0.6942647, 0.7033363)
(0.1559853, -0.6970497, 0.6998503)
(0.1570518, -0.7032542, 0.6933746)
(0.1574666, -0.708594, 0.6878219)
(0.1589009, -0.7136567, 0.6822351)
(0.1604532, -0.7170171, 0.6783371)
(0.1620697, -0.7191113, 0.675731)
(0.1641863, -0.7164532, 0.6780396)
(0.166863, -0.7155355, 0.6783551)
(0.1698398, -0.7138796, 0.6793603)
(0.1715871, -0.7131575, 0.6796796)
(0.1715018, -0.7130157, 0.6798498)
(0.1712766, -0.7129316, 0.6799947)
(0.1714991, -0.7113084, 0.6816366)
(0.1718305, -0.7081005, 0.6848854)
(0.1722967, -0.7056762, 0.6872662)
(0.1726357, -0.703883, 0.6890179)
(0.1726283, -0.7026007, 0.6903272)
(0.1726253, -0.7025128, 0.6904175)
(0.1721532, -0.7027172, 0.6903273)
(0.1711635, -0.7039673, 0.689299)
(0.1711231, -0.7056637, 0.6875722)
(0.1717758, -0.7066507, 0.6863948)
(0.1723583, -0.7068205, 0.686074)
(0.1728832, -0.7065021, 0.6862699)
(0.1723213, -0.7054567, 0.6874855)
(0.1721011, -0.7047316, 0.6882838)
(0.1730435, -0.7038644, 0.6889346)
(0.1741163, -0.7033202, 0.6892201)
(0.1751972, -0.7034011, 0.6888635)
(0.1756386, -0.7043468, 0.6877838)
(0.1760869, -0.7047812, 0.687224)
(0.1764478, -0.7046215, 0.6872953)
(0.1770583, -0.7038053, 0.6879742)
(0.1770912, -0.702812, 0.6889805)
(0.17632, -0.702053, 0.6899514)
(0.1757953, -0.7023289, 0.6898044)
(0.1750646, -0.7020237, 0.6903007)
(0.1740486, -0.7020739, 0.6905066)
(0.1732568, -0.7012441, 0.6915481)
(0.1725884, -0.7005379, 0.6924304)
(0.172018, -0.7003107, 0.6928021)
(0.1710053, -0.7001993, 0.6931653)
(0.1700064, -0.7003141, 0.6932951)
(0.168976, -0.7002801, 0.6935812)
(0.1680728, -0.7003388, 0.6937413)
(0.167335, -0.7004758, 0.6937814)
(0.1667911, -0.7015913, 0.6927845)
(0.1661403, -0.7025334, 0.6919857)
(0.1653074, -0.7038763, 0.6908196)
(0.1644382, -0.7047705, 0.690115)
(0.1638148, -0.7056921, 0.689321)
