(0.08719227, -0.7063875, 0.7024345)
(0.08831452, -0.7080494, 0.7006187)
(0.08813249, -0.7084692, 0.7002171)
(0.08546177, -0.7078204, 0.7012037)
(0.08379796, -0.7074082, 0.7018201)
(0.08302447, -0.7081336, 0.7011803)
(0.08268911, -0.7093518, 0.6999875)
(0.08268911, -0.7093518, 0.6999875)
(0.08212276, -0.7102496, 0.6991434)
(0.08175457, -0.7111168, 0.6983045)
(0.08153336, -0.7110128, 0.6984362)
(0.08122944, -0.7110655, 0.698418)
(0.0811849, -0.7114319, 0.6980499)
(0.08127722, -0.7120046, 0.697455)
(0.08079109, -0.7131203, 0.6963707)
(0.08079109, -0.7131203, 0.6963707)
(0.08041567, -0.7140473, 0.6954638)
(0.07916873, -0.7157353, 0.6938699)
(0.07916873, -0.7157353, 0.6938699)
(0.07892231, -0.7162744, 0.6933414)
(0.07941583, -0.7175506, 0.691964)
(0.07980751, -0.7185888, 0.6908408)
(0.08023587, -0.719979, 0.689342)
(0.08001535, -0.7211723, 0.6881192)
(0.08001535, -0.7211723, 0.6881192)
(0.07967349, -0.7224393, 0.6868286)
(0.07972702, -0.7233891, 0.685822)
(0.08159188, -0.724351, 0.6845863)
(0.08162766, -0.7248966, 0.6840043)
(0.08118504, -0.7257364, 0.683166)
(0.08082027, -0.7268445, 0.6820301)
(0.08061691, -0.7277825, 0.6810533)
(0.08061691, -0.7277825, 0.6810533)
(0.08174458, -0.72836, 0.680301)
(0.0833512, -0.7296677, 0.6787029)
(0.08356914, -0.7307017, 0.6775627)
(0.08319131, -0.7319052, 0.676309)
(0.08267436, -0.7331475, 0.6750257)
(0.08247942, -0.7339396, 0.6741883)
(0.08273883, -0.7347824, 0.6732378)
(0.08290764, -0.7353972, 0.6725454)
(0.08290764, -0.7353972, 0.6725454)
(0.08291476, -0.7370369, 0.6707472)
(0.08291476, -0.7370369, 0.6707472)
(0.0821919, -0.7386417, 0.6690687)
(0.08223129, -0.7394834, 0.6681334)
(0.08218949, -0.7402853, 0.66725)
(0.08232823, -0.7410058, 0.6664327)
(0.08217338, -0.741894, 0.6654629)
(0.08217338, -0.741894, 0.6654629)
(0.08166483, -0.7426871, 0.6646403)
(0.08036469, -0.7442703, 0.6630259)
(0.08011641, -0.7446861, 0.6625888)
(0.07983538, -0.7451614, 0.6620882)
(0.07921945, -0.7458827, 0.6613495)
(0.07912299, -0.7461618, 0.6610463)
(0.07912299, -0.7461618, 0.6610463)
(0.07920542, -0.7463753, 0.6607953)
(0.07827238, -0.7468237, 0.6603997)
(0.07844165, -0.7457447, 0.6615978)
(0.07949151, -0.747565, 0.6594146)
(0.07994747, -0.7479603, 0.658911)
(0.07936011, -0.7476211, 0.6593669)
(0.07823409, -0.7471966, 0.6599823)
(0.07732727, -0.7470693, 0.6602333)
(0.07732727, -0.7470693, 0.6602333)
(0.07678551, -0.7488255, 0.6583042)
(0.0772708, -0.748957, 0.6580977)
(0.07790542, -0.748735, 0.6582755)
(0.07764643, -0.7481799, 0.6589369)
(0.07645603, -0.7481687, 0.6590889)
(0.07573007, -0.7481424, 0.6592025)
(0.07557917, -0.7484636, 0.6588551)
(0.0763685, -0.7489089, 0.6582578)
(0.0763685, -0.7489089, 0.6582578)
(0.0768754, -0.7492743, 0.6577828)
(0.07679729, -0.7489997, 0.6581047)
(0.07679729, -0.7489997, 0.6581047)
(0.07517578, -0.7497572, 0.6574289)
(0.0753753, -0.750013, 0.6571142)
(0.07612436, -0.7503228, 0.656674)
(0.07734578, -0.7504832, 0.6563479)
(0.07731022, -0.7505785, 0.6562433)
(0.07731022, -0.7505785, 0.6562433)
(0.07707468, -0.7508792, 0.6559268)
(0.07606457, -0.7519265, 0.654844)
(0.0768542, -0.7522733, 0.6543534)
(0.07755147, -0.7525738, 0.6539254)
(0.07781217, -0.7528293, 0.6536003)
(0.07823644, -0.7530915, 0.6532475)
(0.07811955, -0.7532901, 0.6530325)
(0.07779947, -0.7536954, 0.6526029)
(0.07779947, -0.7536954, 0.6526029)
(0.07794171, -0.7538549, 0.6524017)
(0.07820787, -0.75438, 0.6517625)
(0.07863303, -0.754696, 0.6513454)
(0.07875194, -0.7550309, 0.6509428)
(0.07864881, -0.7554542, 0.6504639)
(0.07878564, -0.7558421, 0.6499966)
(0.07915158, -0.7564093, 0.6492919)
(0.07962917, -0.757025, 0.6485155)
(0.07962917, -0.757025, 0.6485155)
(0.07988281, -0.7576519, 0.6477517)
(0.07987878, -0.7600525, 0.6449338)
(0.08077502, -0.7611615, 0.6435127)
(0.08173496, -0.7622051, 0.6421548)
(0.08294611, -0.7631931, 0.6408247)
(0.08405035, -0.7643054, 0.6393535)
(0.0843063, -0.7657962, 0.6375332)
(0.08424504, -0.767408, 0.6356003)
(0.08424504, -0.767408, 0.6356003)
(0.08492612, -0.7687725, 0.6338584)
(0.08664785, -0.7717202, 0.6300318)
(0.08813713, -0.7736197, 0.6274906)
(0.08813713, -0.7736197, 0.6274906)
(0.09185752, -0.7766333, 0.6232198)
(0.09245968, -0.7787654, 0.620464)
(0.0933494, -0.7806765, 0.617924)
(0.09498633, -0.7831603, 0.6145222)
(0.09498633, -0.7831603, 0.6145222)
(0.1005257, -0.7895876, 0.6053479)
(0.1016328, -0.7918403, 0.6022124)
(0.1016192, -0.7948925, 0.5981801)
(0.102017, -0.7982726, 0.5935936)
(0.1022811, -0.8023244, 0.5880597)
(0.103592, -0.8057845, 0.583078)
(0.1070339, -0.8088162, 0.5782389)
(0.110489, -0.8114801, 0.5738398)
(0.110489, -0.8114801, 0.5738398)
(0.1123954, -0.8146369, 0.5689763)
(0.1136198, -0.8215249, 0.5587373)
(0.1157789, -0.8238395, 0.5548728)
(0.1178527, -0.8263264, 0.5507228)
(0.1212492, -0.8278025, 0.5477605)
(0.1236732, -0.8300269, 0.5438385)
(0.1246169, -0.8328697, 0.5392576)
(0.1256497, -0.8348148, 0.5360004)
(0.1256497, -0.8348148, 0.5360004)
(0.1270924, -0.8368613, 0.5324572)
(0.1309858, -0.8409162, 0.5250739)
(0.1336581, -0.8428253, 0.5213262)
(0.1363261, -0.8445634, 0.5178107)
(0.1394795, -0.8459953, 0.5146236)
(0.1418744, -0.847314, 0.5117916)
(0.1439747, -0.8481911, 0.5097482)
(0.1459785, -0.8492357, 0.5074338)
(0.1459785, -0.8492357, 0.5074338)
(0.1497835, -0.8511052, 0.5031747)
(0.1519941, -0.8521445, 0.500747)
(0.1550701, -0.8530539, 0.4982494)
(0.1582857, -0.8538663, 0.4958408)
(0.1608319, -0.8544753, 0.4939687)
(0.1623672, -0.8541512, 0.4940269)
(0.1649172, -0.8545206, 0.4925413)
(0.1676039, -0.854848, 0.4910639)
(0.1676039, -0.854848, 0.4910639)
(0.1734484, -0.8554686, 0.4879438)
(0.1734484, -0.8554686, 0.4879438)
(0.1794804, -0.8565937, 0.4837707)
(0.1818081, -0.8572432, 0.4817466)
(0.1835059, -0.8577192, 0.4802535)
(0.1849643, -0.8581044, 0.4790044)
(0.1866988, -0.8585294, 0.4775675)
(0.1882154, -0.8591738, 0.4758102)
(0.1882154, -0.8591738, 0.4758102)
(0.1912369, -0.8606184, 0.4719793)
(0.1927442, -0.8614411, 0.4698606)
(0.1938398, -0.8621952, 0.4680231)
(0.1948344, -0.8627014, 0.4666753)
(0.1951339, -0.8642103, 0.4637492)
(0.1965091, -0.8650979, 0.4615082)
(0.198228, -0.8667831, 0.4575945)
(0.197967, -0.8681031, 0.4551991)
(0.197967, -0.8681031, 0.4551991)
(0.1986686, -0.8683584, 0.4544056)
(0.1985937, -0.8691088, 0.4530016)
(0.1990857, -0.8714662, 0.4482318)
(0.1990941, -0.872752, 0.4457193)
(0.1987791, -0.8740231, 0.4433628)
(0.1985319, -0.8749991, 0.4415446)
(0.1982134, -0.8757928, 0.440112)
(0.1978213, -0.8764529, 0.4389727)
(0.1973427, -0.8772734, 0.4375469)
(0.1967252, -0.8779263, 0.4365141)
(0.1961006, -0.8785352, 0.435569)
(0.1950726, -0.8792171, 0.4346537)
(0.1944046, -0.8799148, 0.4335399)
(0.1944046, -0.8799148, 0.4335399)
(0.1937122, -0.8804767, 0.4327081)
(0.192628, -0.8813112, 0.4314916)
(0.1912083, -0.8820891, 0.4305327)
(0.189544, -0.8825387, 0.4303471)
(0.1878681, -0.8828598, 0.4304233)
(0.1864123, -0.8832475, 0.4302607)
(0.1848462, -0.8836911, 0.4300256)
(0.1829939, -0.8841321, 0.4299112)
(0.1829939, -0.8841321, 0.4299112)
(0.1807631, -0.884659, 0.4297711)
(0.1772262, -0.8862873, 0.4278851)
(0.1755665, -0.8868126, 0.4274808)
(0.1736355, -0.8872359, 0.427391)
(0.1706049, -0.8874627, 0.4281403)
(0.1675881, -0.8877455, 0.428745)
(0.1675881, -0.8877455, 0.428745)
(0.1652569, -0.8877613, 0.4296161)
(0.159883, -0.8889195, 0.4292547)
(0.1583993, -0.8902913, 0.4269557)
(0.1564085, -0.8912573, 0.4256721)
(0.1542373, -0.8922195, 0.424447)
(0.1518065, -0.8927821, 0.4241402)
(0.1491073, -0.8931049, 0.4244182)
(0.1453842, -0.8936464, 0.4245699)
(0.1453842, -0.8936464, 0.4245699)
(0.1427889, -0.8948021, 0.4230136)
(0.1407766, -0.8962173, 0.4206856)
(0.1381027, -0.8971753, 0.4195285)
(0.1313693, -0.8998854, 0.4158707)
(0.127751, -0.9012757, 0.413983)
(0.1245342, -0.9026842, 0.411889)
(0.1210787, -0.9042504, 0.4094767)
(0.1174459, -0.9059699, 0.4067246)
(0.1174459, -0.9059699, 0.4067246)
(0.1143751, -0.9075568, 0.4040532)
(0.108243, -0.9100289, 0.4001636)
(0.1052395, -0.9110887, 0.3985499)
(0.1026422, -0.9112074, 0.3989558)
(0.09780544, -0.9115615, 0.3993617)
(0.09139895, -0.9118823, 0.4001461)
(0.08467951, -0.911384, 0.4027511)
(0.07803842, -0.9116005, 0.4036019)
(0.07803842, -0.9116005, 0.4036019)
(0.07397192, -0.9118518, 0.4038002)
(0.07011387, -0.9117437, 0.4047313)
(0.06137036, -0.9115065, 0.406681)
(0.05777155, -0.9114166, 0.4074091)
(0.05573936, -0.9109954, 0.4086325)
(0.05373922, -0.9106584, 0.4096504)
(0.0533414, -0.910293, 0.4105135)
(0.05321031, -0.9100047, 0.4111691)
(0.05321031, -0.9100047, 0.4111691)
(0.05239322, -0.9095567, 0.412264)
(0.05084504, -0.9087254, 0.4142861)
(0.05001465, -0.9081491, 0.4156486)
(0.04896886, -0.9071801, 0.4178831)
(0.04794187, -0.906463, 0.4195552)
(0.04631484, -0.9057943, 0.4211791)
(0.04420875, -0.9052957, 0.4224752)
(0.04277416, -0.9047149, 0.4238648)
(0.04277416, -0.9047149, 0.4238648)
(0.04096611, -0.9042041, 0.4251313)
(0.03743078, -0.9031934, 0.4275987)
(0.03743078, -0.9031934, 0.4275987)
(0.03423107, -0.9020405, 0.430292)
(0.03307327, -0.9015728, 0.4313613)
(0.03144791, -0.9011735, 0.4323162)
(0.03060497, -0.9008958, 0.4329552)
(0.02979938, -0.9002743, 0.4343019)
(0.02979938, -0.9002743, 0.4343019)
(0.02821325, -0.8989428, 0.4371565)
(0.02821325, -0.8989428, 0.4371565)
(0.02757689, -0.897212, 0.4407384)
(0.02801226, -0.8964674, 0.4422233)
(0.02859013, -0.8960055, 0.4431217)
(0.02869622, -0.8954449, 0.4442465)
(0.02840594, -0.895102, 0.4449556)
(0.02799862, -0.8943681, 0.4464547)
(0.02799862, -0.8943681, 0.4464547)
(0.02610298, -0.8927826, 0.4497309)
(0.02595383, -0.8919224, 0.4514431)
(0.02595383, -0.8919224, 0.4514431)
(0.0257777, -0.8904993, 0.4542539)
(0.02597643, -0.8900585, 0.4551057)
(0.02595367, -0.8898164, 0.4555803)
(0.02595367, -0.8898164, 0.4555803)
(0.02558542, -0.8893232, 0.4565629)
(0.02463509, -0.8873758, 0.4603882)
(0.02391333, -0.8863649, 0.4623695)
(0.02392009, -0.8850123, 0.4649528)
(0.02511406, -0.8846915, 0.4655)
(0.02626375, -0.8844616, 0.4658734)
(0.02842344, -0.8843961, 0.4658709)
(0.03050698, -0.8836994, 0.4670597)
(0.03050698, -0.8836994, 0.4670597)
(0.03167094, -0.8828167, 0.4686488)
(0.03474875, -0.8806422, 0.4725059)
(0.03615262, -0.8797708, 0.4740216)
(0.03814883, -0.8794125, 0.4745297)
(0.04164126, -0.8795155, 0.4740448)
(0.04466082, -0.8798741, 0.4731035)
(0.04653186, -0.879819, 0.4730257)
(0.04759841, -0.8792402, 0.4739949)
(0.04759841, -0.8792402, 0.4739949)
(0.04873652, -0.8784117, 0.4754132)
(0.05242866, -0.8757395, 0.4799289)
(0.05583197, -0.8748882, 0.4810961)
(0.05981582, -0.8747341, 0.4808974)
(0.06325089, -0.8742564, 0.4813263)
(0.06580381, -0.8742833, 0.4809352)
(0.06808859, -0.8738205, 0.4814579)
(0.07106422, -0.873242, 0.4820771)
(0.07106422, -0.873242, 0.4820771)
(0.07396099, -0.8723384, 0.4832759)
(0.076757, -0.8716707, 0.484044)
(0.08036403, -0.871471, 0.4838181)
(0.08286415, -0.8712822, 0.4837366)
(0.08539157, -0.871488, 0.4829254)
(0.09087907, -0.8711302, 0.4825693)
(0.09459673, -0.8710276, 0.48204)
(0.09459673, -0.8710276, 0.48204)
(0.09958498, -0.8705319, 0.4819304)
(0.1037773, -0.8702685, 0.4815216)
(0.1080105, -0.8700742, 0.4809416)
(0.1143439, -0.8713129, 0.4772205)
(0.1152736, -0.8717198, 0.4762528)
(0.117128, -0.8714506, 0.4762929)
(0.1197158, -0.871568, 0.4754339)
(0.1236553, -0.8716556, 0.4742635)
(0.1280473, -0.8716906, 0.4730321)
(0.1280473, -0.8716906, 0.4730321)
(0.132391, -0.8720681, 0.4711368)
(0.1416252, -0.8718671, 0.4688177)
(0.1464077, -0.8713422, 0.4683242)
(0.1502773, -0.8705398, 0.4685907)
(0.1539831, -0.8696642, 0.4690133)
(0.1582412, -0.8692847, 0.4682988)
(0.1625923, -0.8686033, 0.4680727)
(0.1667082, -0.8682535, 0.4672733)
(0.1667082, -0.8682535, 0.4672733)
(0.1714326, -0.867471, 0.467017)
(0.1714326, -0.867471, 0.467017)
(0.1750656, -0.8671765, 0.4662156)
(0.1773648, -0.8670502, 0.465581)
(0.1776661, -0.8664181, 0.4666416)
(0.1777698, -0.8654613, 0.4683745)
(0.1782217, -0.8643988, 0.4701614)
(0.1795946, -0.8638085, 0.4707236)
(0.1795946, -0.8638085, 0.4707236)
(0.1819736, -0.8630985, 0.4711121)
(0.1819736, -0.8630985, 0.4711121)
(0.1847784, -0.8610138, 0.4738272)
(0.1856849, -0.8597859, 0.4756989)
(0.1861468, -0.8584393, 0.4779449)
(0.1864993, -0.8573376, 0.4797815)
(0.1873286, -0.8560497, 0.481754)
(0.1883525, -0.8546011, 0.4839218)
(0.1883525, -0.8546011, 0.4839218)
(0.1893447, -0.8532625, 0.4858926)
(0.1907399, -0.8518445, 0.4878312)
(0.1925757, -0.8492343, 0.491646)
(0.1921114, -0.8476934, 0.4944787)
(0.1918367, -0.8458155, 0.49779)
(0.1915215, -0.8447378, 0.4997375)
(0.1902676, -0.8436617, 0.5020291)
(0.1900518, -0.8417746, 0.5052681)
(0.1900518, -0.8417746, 0.5052681)
(0.1897288, -0.8403596, 0.5077388)
(0.189209, -0.838939, 0.5102758)
(0.1878507, -0.8360924, 0.5154237)
(0.1860545, -0.8346386, 0.5184228)
(0.1841881, -0.8326405, 0.5222878)
(0.1825249, -0.8308115, 0.5257727)
(0.1809419, -0.8292158, 0.5288301)
(0.1789581, -0.8276626, 0.5319291)
(0.1789581, -0.8276626, 0.5319291)
(0.1768678, -0.8264188, 0.5345557)
(0.1744036, -0.824904, 0.5376958)
(0.169824, -0.8215325, 0.5442831)
(0.1668118, -0.8201024, 0.5473627)
(0.164473, -0.8184618, 0.5505171)
(0.1619476, -0.8173001, 0.5529859)
(0.1601836, -0.8161954, 0.5551274)
(0.1582415, -0.8147997, 0.5577285)
(0.1582415, -0.8147997, 0.5577285)
(0.1559973, -0.8134261, 0.5603595)
(0.1536972, -0.8116508, 0.5635602)
(0.1493385, -0.8081579, 0.5697183)
(0.1476412, -0.8064315, 0.5725996)
(0.1460607, -0.8048865, 0.5751731)
(0.1438811, -0.8035127, 0.577638)
(0.1420132, -0.8018017, 0.5804707)
(0.1397594, -0.8000896, 0.5833728)
(0.1397594, -0.8000896, 0.5833728)
(0.1372607, -0.7971838, 0.5879265)
(0.1372607, -0.7971838, 0.5879265)
(0.131566, -0.79517, 0.5919417)
(0.1290392, -0.7937205, 0.5944381)
(0.1272418, -0.7934817, 0.5951439)
(0.1257178, -0.7934931, 0.5954525)
(0.1245935, -0.7934651, 0.5957262)
(0.122413, -0.7931727, 0.596567)
(0.122413, -0.7931727, 0.596567)
(0.1193402, -0.7931876, 0.5971695)
(0.1159018, -0.793757, 0.5970901)
(0.111242, -0.7937019, 0.5980489)
(0.1094105, -0.7934248, 0.5987539)
(0.1078176, -0.7929704, 0.5996443)
(0.1057674, -0.7925963, 0.6005034)
(0.1040601, -0.7917475, 0.6019198)
(0.1022994, -0.7905278, 0.6038216)
(0.1022994, -0.7905278, 0.6038216)
(0.101376, -0.7895168, 0.6052984)
(0.1015313, -0.7884483, 0.6066636)
(0.1014976, -0.7860557, 0.6097661)
(0.1015376, -0.784143, 0.6122172)
(0.1000909, -0.7838367, 0.6128473)
(0.09878925, -0.783025, 0.614095)
(0.09841586, -0.7824565, 0.6148789)
(0.09908535, -0.78237, 0.6148815)
(0.09908535, -0.78237, 0.6148815)
(0.09919085, -0.7821455, 0.61515)
(0.09879926, -0.78218, 0.6151692)
(0.09879926, -0.78218, 0.6151692)
