(15.04648, -3.755379, 25.05856)
(15.06171, -3.730035, 25.07181)
(15.0027, -3.665686, 25.0124)
(14.98415, -3.665972, 25.00076)
(14.99099, -3.641009, 25.00343)
(14.99099, -3.641009, 25.00343)
(15.04279, -3.638768, 25.01683)
(15.04445, -3.638291, 25.01826)
(15.04039, -3.637695, 24.98384)
(15.02688, -3.619266, 24.98641)
(15.02671, -3.623748, 24.99142)
(15.01398, -3.621197, 25.01772)
(15.0189, -3.608131, 25.03085)
(15.04679, -3.645873, 25.06189)
(15.06023, -3.635597, 25.07443)
(15.07809, -3.617859, 25.10257)
(15.10391, -3.629947, 25.14811)
(15.11753, -3.61557, 25.16847)
(15.12442, -3.604198, 25.18806)
(15.10775, -3.604317, 25.17552)
(15.10415, -3.604579, 25.1497)
(15.10217, -3.597188, 25.13819)
(15.10297, -3.59776, 25.13814)
(15.09745, -3.600073, 25.15073)
(15.11629, -3.579473, 25.17333)
(15.11334, -3.579092, 25.17529)
(15.07198, -3.585243, 25.17619)
(15.07449, -3.564477, 25.18001)
(15.06877, -3.561497, 25.17753)
(15.08069, -3.564692, 25.17486)
(15.09849, -3.545332, 25.19102)
(15.09669, -3.547001, 25.19431)
(15.0907, -3.54898, 25.17638)
(15.06734, -3.542018, 25.15368)
(15.19566, -3.718066, 25.23851)
(15.16643, -3.729844, 25.23692)
(15.14165, -3.721499, 25.24056)
