(-0.4503078, 0.5962392, -1.801672)
(-0.4503303, 0.5962932, -1.801646)
(-0.4504499, 0.5963427, -1.801706)
(-0.4504433, 0.5963454, -1.801765)
(-0.4504042, 0.5962678, -1.801842)
(-0.4501653, 0.5962963, -1.801803)
(-0.4501488, 0.5962826, -1.801729)
(-0.4501634, 0.5963278, -1.801684)
(-0.4500513, 0.5963922, -1.80169)
(-0.4500422, 0.5964113, -1.801802)
(-0.4500327, 0.5964234, -1.801782)
(-0.4500761, 0.5963378, -1.801738)
(-0.4500885, 0.5963668, -1.801878)
(-0.4501066, 0.5963888, -1.80185)
(-0.4501619, 0.5963743, -1.801854)
(-0.4501407, 0.5963656, -1.801885)
(-0.4500914, 0.5962873, -1.801952)
(-0.4502754, 0.5963129, -1.802028)
(-0.4502668, 0.5962998, -1.801986)
(-0.4502974, 0.5963179, -1.801971)
(-0.4502773, 0.5962515, -1.801918)
(-0.450253, 0.5962399, -1.80182)
(-0.4502769, 0.596285, -1.801764)
(-0.4502416, 0.5963774, -1.801816)
(-0.4502392, 0.596375, -1.801834)
(-0.4502621, 0.5963856, -1.801828)
(-0.450181, 0.5964528, -1.801853)
(-0.4501612, 0.5964552, -1.801803)
(-0.4501543, 0.5964524, -1.801789)
(-0.4502325, 0.5964859, -1.801808)
(-0.4502254, 0.5964962, -1.801772)
(-0.4501729, 0.5964043, -1.801837)
(-0.4502697, 0.5962994, -1.801806)
(-0.450285, 0.5963097, -1.801825)
(-0.4502745, 0.5962886, -1.80184)
(-0.4502153, 0.5962746, -1.801805)
(-0.4502048, 0.5962508, -1.801708)
(-0.4502339, 0.5962878, -1.801664)
(-0.4503126, 0.5962789, -1.801704)
(-0.4503305, 0.5962794, -1.801673)
(-0.4502831, 0.5961884, -1.801736)
(-0.4504781, 0.5961477, -1.801754)
(-0.4504757, 0.5961152, -1.801772)
(-0.4504519, 0.5960548, -1.801814)
(-0.4501843, 0.5961791, -1.801818)
(-0.4501843, 0.5961818, -1.801893)
(-0.4502115, 0.5962389, -1.801834)
(-0.450098, 0.5962714, -1.801837)
(-0.4501138, 0.5962813, -1.801913)
(-0.4501469, 0.5963187, -1.801896)
(-0.4501987, 0.5962394, -1.801869)
(-0.4501781, 0.5962344, -1.801796)
(-0.4502177, 0.5962909, -1.801731)
(-0.4503899, 0.5961951, -1.801719)
(-0.4504032, 0.5961944, -1.801746)
(-0.4503956, 0.596141, -1.801764)
(-0.4504023, 0.5961072, -1.801767)
(-0.4504285, 0.5961185, -1.801849)
(-0.4504876, 0.5961804, -1.801827)
(-0.4503641, 0.5962164, -1.80181)
(-0.4504061, 0.5962313, -1.801877)
(-0.4504223, 0.5962313, -1.801876)
(-0.4506745, 0.5960697, -1.801825)
(-0.4507065, 0.596054, -1.801794)
(-0.4507098, 0.5959963, -1.80182)
(-0.4506574, 0.5960836, -1.801856)
(-0.4506764, 0.5960803, -1.801905)
(-0.4507456, 0.5961001, -1.801888)
(-0.4507329, 0.596102, -1.801884)
(-0.4507828, 0.5961057, -1.801962)
(-0.4508197, 0.5961308, -1.801949)
(-0.4508066, 0.5960929, -1.801929)
(-0.4508033, 0.5960714, -1.801875)
(-0.4508281, 0.5960629, -1.801876)
(-0.4505243, 0.5961608, -1.801868)
(-0.4505324, 0.5961626, -1.80195)
(-0.4505367, 0.5961604, -1.801957)
(-0.4506276, 0.5961877, -1.802006)
(-0.4505963, 0.5961673, -1.801957)
(-0.4505789, 0.5961392, -1.802004)
(-0.4502714, 0.5962499, -1.802006)
(-0.4502335, 0.5962332, -1.801873)
(-0.4502397, 0.5962784, -1.80184)
(-0.4501247, 0.5962929, -1.801807)
(-0.4500957, 0.5962945, -1.80177)
(-0.4500654, 0.5963103, -1.801738)
(-0.4502659, 0.5962746, -1.801761)
(-0.4502606, 0.5962828, -1.801826)
(-0.4502168, 0.5962231, -1.801871)
(-0.4504204, 0.5961052, -1.801867)
(-0.4504042, 0.5960928, -1.801801)
(-0.4504371, 0.5961435, -1.80174)
(-0.4502604, 0.596262, -1.801735)
(-0.4502628, 0.5962712, -1.801834)
(-0.4502239, 0.596229, -1.80185)
(-0.4501777, 0.5962442, -1.801837)
(-0.4501615, 0.5962448, -1.801787)
(-0.4501967, 0.5963002, -1.801724)
(-0.4503927, 0.5963391, -1.801751)
(-0.4504037, 0.5963287, -1.801788)
(-0.4503465, 0.5962292, -1.801829)
(-0.4503951, 0.5960416, -1.801709)
(-0.4504173, 0.5960413, -1.801809)
(-0.4504859, 0.596121, -1.80174)
(-0.4505134, 0.5961752, -1.801766)
(-0.4505205, 0.5961493, -1.801674)
(-0.4505167, 0.5960938, -1.801669)
(-0.45051, 0.5961882, -1.801712)
(-0.4504786, 0.5961876, -1.801626)
(-0.4504883, 0.5961477, -1.801617)
(-0.450597, 0.5961323, -1.801608)
(-0.4506412, 0.5961729, -1.801743)
(-0.4506121, 0.596108, -1.801773)
(-0.450485, 0.596149, -1.801773)
(-0.4504945, 0.5961257, -1.801675)
(-0.4504912, 0.5960475, -1.801745)
(-0.4503102, 0.596172, -1.801753)
(-0.4503179, 0.5961885, -1.801809)
(-0.4503245, 0.5961846, -1.801829)
(-0.4504004, 0.5961256, -1.801833)
(-0.4504173, 0.5961293, -1.801875)
(-0.4504461, 0.5961641, -1.801829)
(-0.4502873, 0.5962635, -1.801888)
(-0.4503102, 0.5962996, -1.801923)
(-0.4502835, 0.5962753, -1.801985)
(-0.4504151, 0.596204, -1.801971)
(-0.4504147, 0.5962, -1.801987)
(-0.4504244, 0.5961814, -1.802011)
(-0.4503031, 0.5961801, -1.801993)
(-0.4502871, 0.5961636, -1.801928)
(-0.4502697, 0.5961561, -1.801955)
(-0.4504337, 0.596068, -1.801977)
(-0.4504457, 0.5960603, -1.801988)
(-0.4504859, 0.5961168, -1.801959)
(-0.4504952, 0.5961607, -1.802016)
(-0.4504955, 0.5961305, -1.80193)
(-0.4505196, 0.5961403, -1.801928)
(-0.4505229, 0.5961217, -1.801936)
(-0.4505496, 0.5961158, -1.801951)
(-0.4505906, 0.5961388, -1.801918)
(-0.4504824, 0.5960821, -1.801876)
(-0.4505157, 0.5960915, -1.801926)
(-0.4505529, 0.5961024, -1.801893)
(-0.4504409, 0.5961922, -1.801943)
(-0.4504306, 0.5961848, -1.801926)
(-0.450458, 0.5961965, -1.801928)
(-0.4503074, 0.5962932, -1.801983)
(-0.4502797, 0.5962664, -1.801862)
(-0.450242, 0.5962316, -1.801919)
(-0.4503012, 0.5961756, -1.801882)
(-0.4502935, 0.5961741, -1.801901)
(-0.4503126, 0.5961812, -1.801908)
(-0.4503105, 0.5961372, -1.801901)
(-0.450326, 0.5961459, -1.801972)
(-0.4503727, 0.5962199, -1.801899)
(-0.4502144, 0.5962934, -1.801896)
(-0.4502282, 0.5963113, -1.801942)
(-0.4502115, 0.5963068, -1.801973)
(-0.4503121, 0.5962989, -1.801988)
(-0.4502716, 0.5962839, -1.801964)
(-0.4502723, 0.596256, -1.802009)
(-0.4502683, 0.5962383, -1.801996)
(-0.4502482, 0.5962298, -1.801921)
(-0.4502783, 0.596253, -1.801864)
(-0.450223, 0.5962412, -1.801845)
(-0.450233, 0.5962616, -1.80189)
(-0.450196, 0.5961938, -1.801904)
(-0.4502935, 0.5962509, -1.801945)
(-0.4502709, 0.596244, -1.801897)
(-0.4502635, 0.5962414, -1.801913)
(-0.4501755, 0.5962566, -1.801879)
(-0.4501569, 0.596235, -1.801887)
(-0.4501872, 0.5962647, -1.801817)
(-0.4504786, 0.5961848, -1.801825)
(-0.4504976, 0.5961955, -1.801839)
(-0.4505243, 0.596213, -1.801802)
(-0.4506319, 0.5961009, -1.801752)
(-0.4506502, 0.5961121, -1.801805)
(-0.4507227, 0.5961841, -1.801756)
(-0.4506826, 0.5962253, -1.801759)
(-0.4507036, 0.5962437, -1.801817)
(-0.4507117, 0.5962447, -1.80182)
(-0.4504268, 0.5963007, -1.801754)
(-0.4504118, 0.5962934, -1.801677)
(-0.450351, 0.5962329, -1.801743)
(-0.4501452, 0.5963461, -1.801756)
(-0.4501407, 0.5963731, -1.801794)
(-0.4501195, 0.596384, -1.801779)
(-0.4503243, 0.596346, -1.801798)
(-0.4503105, 0.596351, -1.801786)
(-0.4502578, 0.5962931, -1.801824)
(-0.450429, 0.5962448, -1.801829)
(-0.4504204, 0.59623, -1.801773)
(-0.4504552, 0.5962758, -1.801754)
(-0.4505429, 0.5962077, -1.801732)
(-0.4505546, 0.596228, -1.801813)
(-0.4505181, 0.5961831, -1.801829)
(-0.4504731, 0.596205, -1.801835)
(-0.4504867, 0.5962263, -1.801836)
(-0.4504623, 0.5961785, -1.801877)
(-0.4504638, 0.5961839, -1.801896)
(-0.4504683, 0.5962099, -1.801908)
(-0.4504294, 0.5961561, -1.801931)
(-0.4502506, 0.5961319, -1.801859)
(-0.4502258, 0.5961295, -1.801882)
(-0.4502707, 0.5962161, -1.801779)
(-0.4504223, 0.596156, -1.801772)
(-0.4504414, 0.5961725, -1.801787)
(-0.450418, 0.5961317, -1.801809)
(-0.4504256, 0.5961491, -1.801806)
(-0.4504309, 0.5961621, -1.801877)
(-0.4504304, 0.5961879, -1.801853)
(-0.4502921, 0.5962352, -1.80187)
(-0.4502659, 0.5962265, -1.801847)
(-0.4502366, 0.5961926, -1.801838)
(-0.4502568, 0.5960805, -1.801763)
(-0.4502411, 0.5960789, -1.801728)
(-0.4502063, 0.5960464, -1.801737)
(-0.4501092, 0.5961462, -1.801796)
(-0.4500868, 0.5961335, -1.801766)
(-0.4501004, 0.596195, -1.801705)
(-0.4501448, 0.5960898, -1.801596)
(-0.4501519, 0.5961057, -1.80171)
(-0.450187, 0.5961945, -1.801616)
(-0.4503937, 0.5962654, -1.801695)
(-0.4503682, 0.596269, -1.801667)
(-0.450366, 0.5962962, -1.801642)
(-0.4502604, 0.596341, -1.801631)
(-0.4502673, 0.5963635, -1.801713)
(-0.4502311, 0.5963638, -1.80172)
(-0.4505219, 0.5962559, -1.801731)
(-0.4505363, 0.5962522, -1.801759)
(-0.4504879, 0.5961672, -1.801797)
(-0.4505701, 0.5961968, -1.801857)
(-0.4505658, 0.5962069, -1.801795)
(-0.4505785, 0.5961901, -1.801801)
(-0.4504461, 0.5962504, -1.801806)
(-0.450444, 0.5962507, -1.801722)
(-0.450418, 0.5962466, -1.801714)
(-0.4503169, 0.5963309, -1.801751)
(-0.4502952, 0.5963397, -1.801737)
(-0.4502711, 0.5963286, -1.801756)
(-0.4504027, 0.5963296, -1.801829)
(-0.4503899, 0.5963404, -1.801745)
(-0.4503756, 0.5963504, -1.801729)
(-0.45033, 0.5962552, -1.801669)
(-0.4503398, 0.5962592, -1.801783)
(-0.4503098, 0.5961938, -1.801837)
(-0.4502814, 0.5961818, -1.801848)
(-0.4502842, 0.5961882, -1.80183)
(-0.4502668, 0.5961776, -1.801843)
(-0.4504113, 0.5962123, -1.8019)
(-0.4503937, 0.5962099, -1.801938)
(-0.4503894, 0.5961884, -1.80195)
(-0.450192, 0.5962523, -1.801978)
(-0.4501743, 0.5962565, -1.801945)
(-0.4501386, 0.5962454, -1.801987)
(-0.4501555, 0.596105, -1.801924)
(-0.4501405, 0.5961, -1.801944)
(-0.4501176, 0.5961016, -1.801926)
(-0.4501081, 0.5961077, -1.801952)
(-0.450068, 0.5960906, -1.801913)
(-0.4500732, 0.5961472, -1.801885)
(-0.449996, 0.5961837, -1.801894)
(-0.4499831, 0.5962037, -1.801925)
(-0.4500213, 0.5963042, -1.80184)
(-0.4502749, 0.5962501, -1.801897)
(-0.4502401, 0.5962318, -1.801825)
(-0.4502459, 0.5962391, -1.801835)
(-0.4501052, 0.5962889, -1.801849)
(-0.4500895, 0.5962846, -1.8019)
(-0.4500494, 0.5962627, -1.801931)
(-0.450104, 0.5962404, -1.801936)
(-0.4501061, 0.596234, -1.801966)
(-0.4500873, 0.5962063, -1.801987)
(-0.4502406, 0.5961044, -1.801985)
(-0.4502416, 0.5961064, -1.802077)
(-0.4502616, 0.5961434, -1.802049)
(-0.450309, 0.5962267, -1.802145)
(-0.4503064, 0.5962193, -1.802136)
(-0.4503922, 0.5963507, -1.80207)
(-0.4503005, 0.5963273, -1.802079)
(-0.4502864, 0.5963298, -1.802014)
(-0.450243, 0.5963134, -1.802035)
(-0.4502921, 0.5962521, -1.80202)
(-0.4502645, 0.5962214, -1.801905)
(-0.4503202, 0.5963048, -1.801863)
(-0.4504318, 0.5962732, -1.801866)
(-0.450439, 0.596274, -1.801898)
(-0.4504194, 0.5962437, -1.80194)
(-0.4501781, 0.5963397, -1.801952)
(-0.4501634, 0.5963424, -1.801907)
(-0.4501367, 0.5963097, -1.801918)
(-0.4502742, 0.5963036, -1.801964)
(-0.4502478, 0.5962844, -1.801886)
(-0.4502516, 0.5962751, -1.801889)
(-0.4502373, 0.5961825, -1.801819)
(-0.450264, 0.5961965, -1.801909)
(-0.4502482, 0.5961596, -1.801936)
(-0.450171, 0.596169, -1.801926)
(-0.4501729, 0.5961591, -1.801919)
(-0.4502063, 0.5962316, -1.801869)
(-0.4504428, 0.5961944, -1.801904)
(-0.4504576, 0.5961912, -1.801907)
(-0.4505002, 0.5962422, -1.801894)
(-0.4505048, 0.5962609, -1.801894)
(-0.4504952, 0.5962448, -1.801827)
(-0.4504833, 0.5962158, -1.801845)
(-0.4504619, 0.5962727, -1.801865)
(-0.4504499, 0.5962502, -1.801834)
(-0.4504085, 0.5961683, -1.801899)
(-0.4502621, 0.5962093, -1.801869)
(-0.4502559, 0.5962031, -1.801896)
(-0.4502549, 0.596172, -1.801922)
(-0.4504378, 0.5960463, -1.801899)
(-0.450433, 0.5960373, -1.801863)
(-0.4504828, 0.5960907, -1.801813)
(-0.45047, 0.5961651, -1.801872)
(-0.4504843, 0.5961494, -1.801847)
(-0.4505267, 0.5961939, -1.801831)
(-0.4504232, 0.5961783, -1.801802)
(-0.4504337, 0.5961818, -1.801788)
(-0.4504628, 0.5962089, -1.801782)
(-0.4503126, 0.5961964, -1.801727)
(-0.4503131, 0.5961984, -1.801754)
(-0.4503331, 0.5962006, -1.801759)
(-0.4503427, 0.5962635, -1.801777)
(-0.4503241, 0.5962676, -1.801719)
(-0.4503422, 0.5962697, -1.801722)
(-0.4502392, 0.5962266, -1.801668)
(-0.4502549, 0.5962495, -1.80174)
(-0.4502597, 0.5962737, -1.801719)
(-0.4501581, 0.5963291, -1.801711)
(-0.450151, 0.596334, -1.801655)
(-0.4500675, 0.5962149, -1.801718)
(-0.4503133, 0.5960517, -1.80168)
(-0.4503603, 0.5960814, -1.801817)
(-0.4503419, 0.5960504, -1.801828)
(-0.4503984, 0.5961447, -1.801913)
(-0.4504185, 0.5961367, -1.80192)
(-0.4504578, 0.5961756, -1.801898)
(-0.4503183, 0.5962149, -1.801868)
(-0.4502916, 0.5962093, -1.8018)
(-0.4503059, 0.5962428, -1.801774)
(-0.4504805, 0.5961828, -1.801807)
(-0.450489, 0.5961848, -1.801815)
(-0.4504979, 0.5961877, -1.801832)
(-0.4505234, 0.5961032, -1.801775)
(-0.4505296, 0.5960982, -1.801777)
