(0.741035, 0.1742523, 0.09722116)
(0.739289, 0.1746411, 0.09707274)
(0.7376409, 0.1764882, 0.09851483)
(0.7365485, 0.1773586, 0.09924481)
(0.7365479, 0.1758997, 0.0984868)
(0.7370994, 0.1746209, 0.09801666)
(0.7387432, 0.1735948, 0.09786524)
(0.7400777, 0.1743326, 0.09931295)
(0.7404553, 0.1756069, 0.1008946)
(0.7391874, 0.1786996, 0.1029832)
(0.7372956, 0.1808786, 0.1050479)
(0.7365161, 0.1817401, 0.1064366)
(0.7364644, 0.1819641, 0.1078679)
(0.7376672, 0.1815954, 0.1090868)
(0.7391209, 0.1817392, 0.110483)
(0.7408645, 0.1821727, 0.1119904)
(0.7417077, 0.1836935, 0.1146498)
(0.7410707, 0.1846831, 0.1174005)
(0.7395323, 0.1858083, 0.1186946)
(0.7342836, 0.1884512, 0.1187947)
(0.7323984, 0.1913576, 0.1216068)
(0.7320873, 0.1964177, 0.1268803)
(0.7323026, 0.1963777, 0.1292828)
(0.7327604, 0.1950812, 0.1298517)
(0.7327023, 0.1940838, 0.1299771)
(0.7325057, 0.1957106, 0.1317531)
(0.7328006, 0.1980361, 0.1348625)
(0.7333122, 0.2019004, 0.1396223)
(0.7337998, 0.2040203, 0.1429762)
(0.7344056, 0.2030109, 0.1445227)
(0.7346969, 0.20137, 0.1462927)
(0.7350128, 0.2006808, 0.1485803)
(0.7354556, 0.200199, 0.150564)
(0.7353616, 0.2011164, 0.1533043)
(0.7342368, 0.2020513, 0.1562697)
(0.733248, 0.2019642, 0.1591726)
(0.7324942, 0.2013226, 0.1610968)
(0.7308199, 0.2001184, 0.1616919)
(0.7299105, 0.2006407, 0.163119)
(0.7295532, 0.2053092, 0.1673746)
(0.7290946, 0.2085558, 0.1718594)
(0.7284733, 0.2111279, 0.1752452)
(0.7271173, 0.2119811, 0.1755237)
(0.7264992, 0.2138298, 0.1769137)
(0.7271566, 0.2164002, 0.1789742)
(0.7303686, 0.2196814, 0.1814386)
(0.7349392, 0.2223743, 0.1831309)
(0.7378634, 0.2262074, 0.1849553)
(0.7389019, 0.2322944, 0.1881163)
(0.7382792, 0.2375001, 0.1914939)
(0.7369847, 0.2399799, 0.1925665)
(0.7329905, 0.2400463, 0.1910992)
(0.7316714, 0.2431296, 0.1922905)
(0.7302259, 0.2481197, 0.1948465)
(0.729423, 0.2534384, 0.19779)
(0.7312908, 0.2589672, 0.2010522)
(0.7371647, 0.264582, 0.2043592)
(0.7446827, 0.2713342, 0.208134)
(0.7508314, 0.2786098, 0.2120179)
(0.7533329, 0.285221, 0.2155406)
(0.7465691, 0.2905824, 0.2189573)
(0.7416239, 0.2935333, 0.2212377)
(0.7348922, 0.2920992, 0.2191994)
(0.7295642, 0.2927271, 0.2175262)
(0.7278041, 0.2951962, 0.2188656)
(0.7295404, 0.3022442, 0.2244083)
(0.7312268, 0.3065596, 0.2280242)
(0.7328907, 0.3071771, 0.2288681)
(0.7350443, 0.3044567, 0.2263162)
(0.7355334, 0.3036931, 0.2245115)
(0.735039, 0.3060388, 0.2261004)
(0.7333262, 0.3107069, 0.2287939)
(0.7320145, 0.3146941, 0.2307439)
(0.731391, 0.3175114, 0.2321358)
(0.7310447, 0.3190807, 0.2323705)
(0.7322281, 0.3201219, 0.2324754)
(0.7345761, 0.3204826, 0.2322344)
(0.7367053, 0.3206926, 0.2316548)
(0.7374379, 0.319563, 0.2305382)
(0.7368318, 0.3178248, 0.2289699)
(0.7348872, 0.3170556, 0.2267287)
(0.7310831, 0.3176269, 0.2251778)
(0.7288609, 0.3194025, 0.224511)
(0.7290308, 0.3201432, 0.2237396)
(0.731679, 0.318899, 0.2217504)
(0.7361531, 0.3168684, 0.21831)
(0.7394414, 0.3157615, 0.215479)
(0.7413408, 0.3164942, 0.2134525)
(0.7414373, 0.3170465, 0.2117535)
(0.7401867, 0.3168265, 0.2092943)
(0.7393516, 0.3160928, 0.2064163)
(0.7398592, 0.3151412, 0.203387)
(0.7429478, 0.314231, 0.2014256)
(0.7518315, 0.3118882, 0.1999271)
(0.7576475, 0.3091472, 0.1968435)
(0.7609636, 0.3047981, 0.1923146)
(0.7613062, 0.300827, 0.1876965)
(0.7600874, 0.2975669, 0.1839192)
(0.7598535, 0.29491, 0.1804315)
(0.7589011, 0.29194, 0.1761043)
(0.7595021, 0.2873752, 0.1709945)
(0.7612615, 0.2824704, 0.1661421)
(0.764744, 0.2764267, 0.1606825)
(0.765129, 0.2702748, 0.1547324)
(0.7636693, 0.265041, 0.1493658)
(0.7587733, 0.2615747, 0.1448234)
(0.7551473, 0.2574181, 0.13949)
(0.7502465, 0.2561107, 0.132164)
(0.7500301, 0.2551937, 0.1276154)
(0.7567195, 0.2566702, 0.1252571)
(0.7636684, 0.2562748, 0.1223389)
(0.7740911, 0.251001, 0.1166914)
(0.7767346, 0.2454115, 0.1085381)
(0.7722344, 0.2399271, 0.0979282)
(0.7662278, 0.2377887, 0.08972936)
(0.7650899, 0.2381799, 0.08547647)
(0.7680444, 0.2371376, 0.08065638)
(0.7765667, 0.2341925, 0.07447808)
(0.7859668, 0.2264321, 0.06474037)
(0.7916248, 0.2166967, 0.05378132)
(0.7941455, 0.2079619, 0.04303009)
(0.7946377, 0.2009634, 0.03318975)
(0.7943393, 0.196271, 0.0257958)
(0.7940851, 0.1959515, 0.02265429)
(0.7972064, 0.1962842, 0.01896408)
(0.8006622, 0.1924797, 0.01215476)
(0.8026984, 0.1891127, 0.005122647)
(0.8017938, 0.185491, 6.281742)
(0.7961686, 0.1810959, 6.276584)
(0.7866001, 0.1757292, 6.271537)
(0.7773775, 0.1705608, 6.26643)
(0.7648913, 0.1664446, 6.264458)
(0.7566174, 0.1609969, 6.260726)
(0.7518112, 0.1540094, 6.256138)
(0.7546081, 0.145009, 6.25146)
(0.7613021, 0.1362077, 6.246903)
(0.7750087, 0.1256283, 6.243872)
(0.7826492, 0.1144656, 6.239349)
(0.7841466, 0.1050449, 6.236888)
(0.7815738, 0.09593178, 6.234825)
(0.7773784, 0.08793561, 6.232645)
(0.7747876, 0.08285151, 6.231312)
(0.7738308, 0.07768483, 6.230804)
(0.7742495, 0.07243762, 6.230165)
(0.7783512, 0.06670208, 6.229497)
(0.7839266, 0.06049502, 6.228663)
(0.7870206, 0.05608768, 6.228924)
(0.7880668, 0.05570517, 6.232624)
(0.7861367, 0.05603503, 6.237896)
(0.7831529, 0.05562724, 6.241178)
(0.7755641, 0.05181507, 6.241205)
(0.7720968, 0.04814985, 6.240379)
(0.7711045, 0.04780944, 6.241608)
(0.7721235, 0.05010711, 6.246451)
(0.7735642, 0.0558662, 6.254258)
(0.7714211, 0.05638305, 6.257999)
(0.7666349, 0.05418662, 6.260215)
(0.7623876, 0.0517052, 6.262416)
(0.7591894, 0.04983572, 6.263339)
(0.7585747, 0.05127313, 6.265929)
(0.758975, 0.05242706, 6.268923)
(0.7605299, 0.05498663, 6.273001)
(0.7614103, 0.05698154, 6.277368)
(0.7624803, 0.05837127, 6.282168)
(0.7620263, 0.05664359, -5.086084E-05)
(0.760058, 0.05554774, 6.282923)
(0.7562533, 0.05805302, 0.00320852)
(0.7527263, 0.06159978, 0.008925272)
(0.7513102, 0.06252906, 0.01252155)
(0.7515602, 0.06081209, 0.01404186)
(0.7554029, 0.05570949, 0.01316279)
(0.7582595, 0.05309172, 0.01308777)
(0.7604032, 0.05290223, 0.01398248)
(0.7598105, 0.0540361, 0.01644157)
(0.755498, 0.05697697, 0.01935327)
(0.7521328, 0.0580927, 0.02108715)
(0.750277, 0.05801211, 0.02197926)
(0.7500435, 0.05719963, 0.02153986)
(0.7495114, 0.05666164, 0.02229258)
(0.7490647, 0.05605377, 0.02240997)
(0.7474658, 0.05643815, 0.02213797)
(0.7452265, 0.05841059, 0.0228366)
(0.7446437, 0.06097308, 0.02460509)
(0.7462499, 0.06343862, 0.02643636)
(0.7472867, 0.06453693, 0.02783983)
(0.746731, 0.06687554, 0.02987871)
(0.7446767, 0.06982355, 0.03155631)
(0.7430015, 0.07241994, 0.03349395)
(0.7399077, 0.07537557, 0.03507853)
(0.7373388, 0.07798244, 0.03625423)
(0.7365557, 0.08124161, 0.03758907)
(0.7390972, 0.08497766, 0.03983)
(0.7442453, 0.0897127, 0.04300872)
(0.7485316, 0.09387329, 0.04723071)
(0.7505686, 0.09632821, 0.04875892)
(0.7497421, 0.09829951, 0.04788952)
(0.7492831, 0.1005834, 0.04878176)
(0.7481774, 0.1090781, 0.05360182)
(0.7472327, 0.1172947, 0.05952616)
(0.7474297, 0.1209204, 0.06506854)
(0.7505058, 0.1210289, 0.06653909)
(0.7564984, 0.1237369, 0.06783625)
(0.7631823, 0.129783, 0.07175115)
(0.7695608, 0.1349802, 0.07613771)
(0.7719932, 0.1375207, 0.07885507)
(0.7716808, 0.1401221, 0.08163827)
(0.7647339, 0.1465192, 0.08708138)
(0.7594997, 0.1529428, 0.09273335)
(0.7592717, 0.1574617, 0.09883396)
(0.7611951, 0.1618677, 0.1036935)
(0.7684376, 0.1624192, 0.1060456)
(0.773162, 0.1647616, 0.1097114)
(0.7697512, 0.1689615, 0.1128448)
(0.7640933, 0.1734495, 0.114785)
(0.7515007, 0.1784285, 0.1151111)
(0.7374282, 0.1805077, 0.113179)
(0.7275521, 0.181681, 0.1118761)
(0.7262845, 0.1800998, 0.110462)
(0.7301308, 0.1797247, 0.1118997)
(0.7448603, 0.1826642, 0.1178445)
(0.7575893, 0.1873454, 0.1222473)
(0.7597293, 0.1927207, 0.1235887)
(0.7535098, 0.2007907, 0.125525)
(0.7482028, 0.2082762, 0.1287635)
(0.742458, 0.2144057, 0.1315797)
(0.7403124, 0.2192435, 0.133525)
(0.7421927, 0.2213801, 0.1342368)
(0.744139, 0.2247083, 0.1348567)
(0.7470078, 0.2270373, 0.1353236)
(0.7485065, 0.2289757, 0.1351738)
(0.7482951, 0.231961, 0.1351048)
(0.7448888, 0.2377488, 0.1366248)
(0.7414189, 0.2429139, 0.1386489)
(0.7373794, 0.2470362, 0.1406699)
(0.7347518, 0.2503815, 0.1417925)
(0.7337926, 0.2511675, 0.1415368)
(0.7335275, 0.2530644, 0.1424591)
(0.7333858, 0.2530791, 0.1428545)
(0.7323123, 0.2525985, 0.1400073)
(0.7300271, 0.2536085, 0.1388601)
(0.7262565, 0.2596157, 0.1409883)
(0.7230328, 0.2638503, 0.1429276)
(0.7209468, 0.2640187, 0.1432137)
(0.7193007, 0.2625832, 0.1418951)
(0.7185165, 0.2599741, 0.1390092)
(0.7184016, 0.2613038, 0.138301)
(0.7178233, 0.2642669, 0.1387531)
(0.7167825, 0.2658227, 0.1376035)
(0.7152354, 0.2654895, 0.1361485)
(0.7125823, 0.2652053, 0.1352274)
(0.710372, 0.2651534, 0.1346274)
(0.7096688, 0.2649674, 0.134314)
(0.7098894, 0.2638779, 0.133012)
(0.7097818, 0.2617512, 0.1307702)
(0.7089994, 0.2607933, 0.1290488)
(0.7070888, 0.2605206, 0.1274002)
(0.7040935, 0.2614615, 0.1256791)
(0.7012959, 0.2631308, 0.1248097)
(0.6987734, 0.2643513, 0.1238329)
(0.6960347, 0.2632784, 0.1230862)
(0.6938986, 0.2605441, 0.1214569)
(0.6922448, 0.2579317, 0.119737)
(0.6922796, 0.2535167, 0.1179142)
(0.6914729, 0.2510593, 0.1165385)
(0.6897163, 0.2479366, 0.1143748)
(0.6866971, 0.2453251, 0.1125995)
(0.6821182, 0.2431635, 0.1113433)
(0.6785222, 0.2405945, 0.1100391)
(0.6763299, 0.2368784, 0.1085367)
(0.6759209, 0.2330711, 0.1072758)
(0.6759881, 0.2297837, 0.1062156)
(0.6779208, 0.226211, 0.105005)
(0.6774903, 0.22299, 0.1039538)
(0.6743537, 0.2211352, 0.102784)
(0.6723337, 0.2181688, 0.1016064)
(0.6731752, 0.2148984, 0.10119)
(0.675503, 0.211716, 0.1003504)
(0.6775094, 0.2084344, 0.09896742)
(0.6796917, 0.2059399, 0.09832017)
(0.6801816, 0.2043777, 0.0979544)
(0.680988, 0.2010895, 0.09575244)
(0.681061, 0.1994104, 0.09328592)
(0.6823536, 0.2003534, 0.09192008)
(0.6857736, 0.2054781, 0.09501405)
(0.6861169, 0.2099701, 0.09771155)
(0.6825302, 0.2094073, 0.09642675)
(0.6792647, 0.2076122, 0.09418933)
(0.6765524, 0.2063477, 0.09150662)
(0.6785692, 0.2055903, 0.08901911)
(0.6890434, 0.2040245, 0.08670352)
(0.7041996, 0.2021058, 0.08421168)
(0.7150259, 0.2018116, 0.08292154)
(0.7243078, 0.2036725, 0.08359906)
(0.7250109, 0.2029039, 0.08340422)
(0.7203637, 0.1987376, 0.07972331)
(0.7164498, 0.1925135, 0.07394059)
(0.7176044, 0.1878189, 0.0700938)
(0.7229016, 0.1835093, 0.06689927)
(0.7283387, 0.1789837, 0.06394564)
(0.7345918, 0.1730064, 0.06085657)
(0.738849, 0.1679204, 0.05779662)
(0.7412646, 0.1646837, 0.05608109)
(0.7398455, 0.1649698, 0.05690262)
(0.7359806, 0.1665752, 0.05928862)
(0.7335947, 0.1653093, 0.0597332)
(0.7309182, 0.1630269, 0.05955755)
(0.7299785, 0.1581954, 0.05755649)
(0.7307013, 0.1538348, 0.05528536)
(0.7309299, 0.1531176, 0.05600379)
(0.7296283, 0.1568373, 0.06026466)
(0.7276599, 0.1572519, 0.06214431)
(0.7255629, 0.1582863, 0.06447664)
(0.723749, 0.1583338, 0.06633676)
(0.7229959, 0.1579379, 0.06779332)
(0.7231155, 0.1578426, 0.06979638)
(0.7232077, 0.1565186, 0.07034605)
(0.7226875, 0.154997, 0.07047828)
(0.7218947, 0.1524553, 0.06978691)
(0.7212746, 0.1498113, 0.06839407)
(0.7204494, 0.146968, 0.06746262)
(0.7197093, 0.1460119, 0.06817479)
(0.7191927, 0.1456341, 0.06916849)
(0.7180661, 0.144589, 0.07029045)
(0.7154897, 0.1450135, 0.07260124)
(0.7120556, 0.1424925, 0.07194554)
(0.7057332, 0.1400345, 0.06936856)
(0.70327, 0.1402051, 0.07059524)
(0.7044331, 0.1436772, 0.07425521)
(0.7048385, 0.1436148, 0.07563522)
(0.7044188, 0.1392921, 0.07443431)
(0.7031042, 0.1362495, 0.07264867)
(0.7017198, 0.1348628, 0.07203893)
(0.6997681, 0.1360459, 0.07309148)
(0.6978229, 0.138585, 0.07539541)
(0.6963599, 0.1391338, 0.07641692)
(0.6953989, 0.1382114, 0.07672274)
(0.6938906, 0.136592, 0.07620007)
(0.6925077, 0.1345747, 0.0753099)
(0.6918267, 0.1343144, 0.07547275)
(0.6923457, 0.1348557, 0.07541903)
(0.6925672, 0.1348429, 0.07544373)
(0.6921465, 0.1358426, 0.07651001)
(0.6918397, 0.1355981, 0.07705814)
(0.6908026, 0.1326236, 0.07534657)
(0.6895627, 0.1306964, 0.07420468)
(0.6893128, 0.13127, 0.07389608)
(0.6890898, 0.1315437, 0.07423145)
(0.689684, 0.1315559, 0.07524273)
(0.6899254, 0.1307707, 0.07502156)
(0.6904468, 0.1288142, 0.07347152)
(0.6905187, 0.1285355, 0.07303749)
(0.6902416, 0.129201, 0.07339142)
(0.6896915, 0.1294296, 0.07380302)
