(-34.66698, 2.130175, 18.46132)
(-34.29862, 2.455926, 18.30199)
(-33.74987, 3.023815, 18.34591)
(-33.64655, 3.108883, 18.46642)
(-32.5216, 3.252053, 18.69857)
(-31.2556, 3.255582, 18.99865)
(-30.25024, 3.254795, 19.13942)
(-27.97238, 3.435493, 19.31543)
(-26.70702, 3.533936, 19.34402)
(-25.3217, 3.636599, 19.35)
(-22.59082, 3.750587, 19.25113)
(-21.22551, 3.84717, 19.20748)
(-18.13813, 3.993869, 19.0047)
(-14.99242, 4.124975, 18.88244)
(-13.44911, 4.180455, 18.81401)
(-11.96402, 4.251266, 18.67261)
(-9.006369, 4.16069, 18.37413)
(-7.589507, 4.048276, 18.21556)
(-7.589507, 4.048276, 18.21556)
(-4.802525, 3.748631, 18.00516)
(-3.513408, 3.511119, 17.87572)
(-2.253485, 3.278947, 17.79119)
(1.137316, 2.415466, 17.39931)
(2.090132, 2.054858, 17.31812)
(2.912927, 1.675391, 17.19539)
(4.386556, 0.6431818, 16.90281)
(4.895723, 0.3723145, 16.75427)
