(0.1462483, -0.1872571, 0.3022065)
(0.1457131, -0.1874051, 0.3023973)
(0.1457136, -0.1874695, 0.3025596)
(0.1456869, -0.1873727, 0.3028636)
(0.1456869, -0.1873727, 0.3028636)
(0.1459427, -0.1877711, 0.3023288)
(0.1460156, -0.1877964, 0.3023062)
(0.1462667, -0.187711, 0.302367)
(0.146143, -0.187762, 0.3022537)
(0.1462145, -0.187753, 0.3020506)
(0.1463311, -0.1878302, 0.3015003)
(0.1457188, -0.1880519, 0.3009062)
(0.1446314, -0.1885664, 0.300755)
(0.1447401, -0.1889346, 0.3001921)
(0.1452594, -0.1893389, 0.3000069)
(0.1455081, -0.1891642, 0.3002777)
(0.1452279, -0.1895123, 0.2997057)
(0.1449053, -0.1896079, 0.2995977)
(0.1446993, -0.1897156, 0.2994864)
(0.1448619, -0.189852, 0.2994833)
(0.1450772, -0.1899803, 0.2991972)
(0.1452751, -0.1900373, 0.2992194)
(0.1454477, -0.1902378, 0.2989802)
(0.145124, -0.1906042, 0.2991776)
(0.1397934, -0.1837926, 0.306448)
(0.139466, -0.1837966, 0.3066027)
(0.1395738, -0.1834149, 0.3066618)
(0.1393871, -0.1837287, 0.3060553)
(0.1393681, -0.1836095, 0.3062184)
(0.1392756, -0.1836703, 0.3063548)
(0.1396134, -0.1840765, 0.3059628)
(0.139832, -0.1840236, 0.3061957)
(0.1399152, -0.184047, 0.3063049)
(0.1399155, -0.1844058, 0.3057947)
(0.1399164, -0.1843898, 0.3058712)
(0.1399336, -0.1844778, 0.3059726)
(0.1396117, -0.1844006, 0.3058381)
(0.139626, -0.1843994, 0.305881)
(0.1396644, -0.1842494, 0.3057263)
(0.1394131, -0.1841421, 0.3055775)
(0.1394713, -0.184047, 0.3056114)
(0.1394575, -0.1841033, 0.3056595)
(0.1392772, -0.1840742, 0.3055644)
(0.139514, -0.1839814, 0.305697)
(0.1391926, -0.184124, 0.3058908)
(0.1387644, -0.1838653, 0.3058081)
(0.1388195, -0.1837795, 0.3058138)
(0.1387675, -0.1835763, 0.3058178)
(0.1387634, -0.1836865, 0.3055413)
(0.1388934, -0.1836145, 0.3056266)
(0.1388402, -0.1836412, 0.3055685)
(0.1387286, -0.1837664, 0.3051953)
(0.1387713, -0.1837301, 0.3052046)
(0.1387539, -0.1838324, 0.305182)
(0.1387222, -0.1837788, 0.3054283)
(0.1389973, -0.1838794, 0.3057141)
(0.1390982, -0.1842206, 0.3061404)
(0.139015, -0.1844056, 0.3063376)
(0.1391592, -0.1847222, 0.3065705)
(0.1388798, -0.1850374, 0.3068013)
(0.1389554, -0.1852767, 0.3069975)
(0.1393116, -0.185504, 0.3073163)
(0.1395798, -0.1856375, 0.3074982)
(0.1397946, -0.1857095, 0.3077774)
(0.1398184, -0.1857777, 0.3076575)
(0.1398997, -0.1857731, 0.3073666)
(0.1397896, -0.1858265, 0.3071785)
(0.139641, -0.1860642, 0.3072948)
(0.1394312, -0.1862621, 0.307682)
(0.1394465, -0.1864862, 0.3078163)
(0.1395097, -0.1865187, 0.308347)
(0.1392789, -0.1868925, 0.3089552)
(0.1394498, -0.1869555, 0.3093116)
(0.1395271, -0.1863515, 0.3101408)
(0.1404617, -0.1847832, 0.3115933)
(0.1411202, -0.1835721, 0.3140197)
(0.1422386, -0.1819434, 0.3197935)
(0.1412566, -0.1833012, 0.3231988)
(0.1390896, -0.1833992, 0.3312707)
(0.1355512, -0.1844788, 0.3385296)
(0.1337559, -0.1809518, 0.3449228)
(0.1310873, -0.1731834, 0.3489056)
(0.1258883, -0.1615467, 0.3567567)
(0.1236477, -0.1502841, 0.3569224)
(0.1271968, -0.141602, 0.3593326)
(0.123868, -0.1146793, 0.3684554)
(0.1310096, -0.09302497, 0.3705409)
(0.1292393, -0.06104684, 0.3727138)
(0.1261976, -0.03766489, 0.3787284)
(0.1224706, -0.01664901, 0.3867307)
(0.1230402, 0.01120758, 0.3935809)
(0.1249614, 0.04021645, 0.4036117)
(0.1293781, 0.07277131, 0.4191239)
(0.1332388, 0.104172, 0.4361997)
(0.1363196, 0.1389346, 0.4606612)
(0.1396885, 0.1714518, 0.4808512)
(0.1422384, 0.2013069, 0.5040064)
(0.1432648, 0.2301888, 0.5273557)
(0.1474359, 0.2563598, 0.5469496)
(0.1511338, 0.2752371, 0.5689871)
(0.156589, 0.2907916, 0.5915101)
(0.1651592, 0.3078133, 0.6125605)
(0.1706254, 0.3251423, 0.638345)
(0.1800034, 0.3341589, 0.6648901)
(0.1886263, 0.3478128, 0.6875854)
(0.1946416, 0.358117, 0.7147095)
(0.203563, 0.3652592, 0.7431741)
(0.2120261, 0.3726664, 0.7677245)
(0.2185202, 0.3754236, 0.7933743)
(0.2257717, 0.3772488, 0.8199277)
(0.2324789, 0.3787203, 0.8455663)
(0.2395029, 0.3798691, 0.8705564)
(0.246747, 0.3761572, 0.8957784)
(0.2518709, 0.3735925, 0.9196479)
(0.2551372, 0.3696887, 0.9406974)
(0.2592452, 0.3641438, 0.9634013)
(0.2606182, 0.35578, 0.9820209)
(0.2643268, 0.3490328, 0.9991436)
(0.2669275, 0.3420316, 1.015312)
(0.2657132, 0.3337198, 1.027665)
(0.2643263, 0.3291891, 1.033561)
(0.2650371, 0.3226352, 1.041085)
(0.2637372, 0.31364, 1.049575)
(0.2686806, 0.3101631, 1.054014)
(0.2745523, 0.3161269, 1.049037)
(0.2730296, 0.3212039, 1.039721)
(0.2709618, 0.3243881, 1.032266)
(0.2724354, 0.3223479, 1.030643)
(0.2700484, 0.3135924, 1.039316)
(0.2734728, 0.3117441, 1.038866)
(0.2741137, 0.3097495, 1.034786)
(0.2728062, 0.3108782, 1.030604)
(0.2754867, 0.3103412, 1.033953)
(0.2747505, 0.3091617, 1.040997)
(0.2723293, 0.3083224, 1.04328)
(0.2705636, 0.3071811, 1.039642)
(0.2681475, 0.304258, 1.036216)
(0.2680607, 0.3067251, 1.033395)
(0.2688851, 0.3060836, 1.031107)
(0.2705343, 0.3071525, 1.036071)
(0.2715061, 0.3074379, 1.036514)
(0.2716479, 0.3053823, 1.037481)
(0.2699332, 0.3056712, 1.034601)
(0.269731, 0.305866, 1.032569)
(0.2695713, 0.3067222, 1.032155)
(0.2703724, 0.306181, 1.032542)
(0.270611, 0.3059449, 1.033368)
(0.2710094, 0.305831, 1.033362)
(0.2712109, 0.3061775, 1.032408)
(0.2711718, 0.3062525, 1.032382)
(0.2708535, 0.3063143, 1.032299)
(0.2712073, 0.3063956, 1.032818)
(0.2709212, 0.3060633, 1.032673)
(0.2708547, 0.3064513, 1.032684)
(0.271035, 0.3065566, 1.032576)
(0.2709913, 0.3064333, 1.032573)
(0.2707756, 0.3067437, 1.032739)
(0.2707443, 0.3067771, 1.032662)
(0.2707922, 0.3070226, 1.03257)
(0.2705843, 0.307247, 1.032524)
(0.2708237, 0.3073361, 1.032497)
(0.2707832, 0.307273, 1.032429)
(0.2710171, 0.3073921, 1.032212)
(0.2712011, 0.3075086, 1.032042)
(0.2711444, 0.3074298, 1.032067)
(0.2710085, 0.3076583, 1.03229)
(0.2709641, 0.3076295, 1.032287)
(0.270843, 0.3075562, 1.032403)
(0.2708006, 0.3074737, 1.032458)
(0.2708857, 0.3074299, 1.032408)
(0.2706721, 0.307161, 1.032307)
(0.2706399, 0.307078, 1.032186)
(0.2707713, 0.3070598, 1.032386)
(0.2706983, 0.3069708, 1.032557)
(0.2704909, 0.3067197, 1.032681)
(0.2705402, 0.3066844, 1.032374)
(0.2703676, 0.3065795, 1.032274)
(0.270016, 0.3067503, 1.032357)
(0.2700155, 0.3066761, 1.032314)
(0.2699006, 0.3066679, 1.032253)
(0.269681, 0.3065839, 1.032178)
(0.2697263, 0.3066396, 1.031987)
(0.2696483, 0.3067337, 1.031543)
(0.2699838, 0.3067002, 1.031415)
(0.2702494, 0.3064085, 1.031297)
(0.270294, 0.3061436, 1.031612)
(0.2700644, 0.3064878, 1.03217)
(0.2703652, 0.3064431, 1.032217)
(0.2707133, 0.3063122, 1.032779)
(0.2708354, 0.3067224, 1.032547)
(0.2704322, 0.3071773, 1.031492)
(0.2701614, 0.3068976, 1.031069)
(0.2699289, 0.307636, 1.032061)
(0.2709188, 0.3075624, 1.033802)
(0.2715187, 0.3074232, 1.032948)
(0.2725351, 0.3076605, 1.032615)
(0.2734416, 0.3082364, 1.032887)
(0.2745297, 0.3079289, 1.03324)
(0.2749205, 0.3079484, 1.03309)
(0.2749085, 0.3081411, 1.033106)
(0.2746329, 0.3082794, 1.033489)
(0.2741656, 0.308242, 1.033577)
(0.2732508, 0.3080152, 1.033487)
(0.2728908, 0.3081024, 1.03343)
(0.2723696, 0.3081383, 1.033239)
(0.2722263, 0.3080711, 1.033189)
(0.2726803, 0.3079675, 1.033321)
(0.2732027, 0.3082155, 1.033207)
(0.2735634, 0.3082896, 1.033184)
(0.2737217, 0.3082557, 1.032834)
(0.273839, 0.3082319, 1.032753)
(0.2737525, 0.3081607, 1.032442)
(0.2733316, 0.3081017, 1.031958)
(0.2729757, 0.307997, 1.03214)
(0.2727637, 0.3079382, 1.032434)
(0.2727199, 0.3078221, 1.032458)
(0.272562, 0.3077242, 1.032643)
(0.2725916, 0.307636, 1.032703)
(0.2725892, 0.3075444, 1.032787)
(0.2726951, 0.3074906, 1.032905)
(0.2728252, 0.3075035, 1.032859)
(0.2728524, 0.3072721, 1.032285)
(0.2727778, 0.3072914, 1.032371)
(0.2727799, 0.3072801, 1.032366)
(0.2729847, 0.3070749, 1.032202)
(0.2727532, 0.3070005, 1.032302)
(0.2726262, 0.3069456, 1.032298)
(0.2727895, 0.3067541, 1.032418)
(0.2724581, 0.3065901, 1.032635)
(0.2723076, 0.3064795, 1.032443)
(0.2723794, 0.306102, 1.031904)
(0.2719841, 0.3060522, 1.032108)
(0.2723064, 0.3060083, 1.032189)
(0.2727556, 0.3056223, 1.031713)
(0.2722573, 0.3057919, 1.031921)
(0.2721195, 0.3057271, 1.031775)
(0.2723744, 0.3057936, 1.031774)
(0.2723191, 0.3058037, 1.031799)
(0.2721708, 0.3056453, 1.031907)
(0.2722456, 0.3053348, 1.031766)
(0.2719119, 0.3053238, 1.03217)
(0.2718225, 0.3053337, 1.032207)
(0.2718244, 0.305041, 1.031729)
(0.2716208, 0.3051646, 1.031784)
(0.2715859, 0.305097, 1.031871)
