(0.5829747, 6.087424, 0.07966432)
(0.5837281, 6.086768, 0.07910807)
(0.5840199, 6.085847, 0.07872873)
(0.5840756, 6.084887, 0.07891246)
(0.5840054, 6.084269, 0.07894588)
(0.583646, 6.084482, 0.07896037)
(0.583646, 6.084482, 0.07896037)
(0.5829237, 6.084317, 0.07901683)
(0.5835541, 6.083787, 0.07854678)
(0.5843457, 6.083555, 0.07847165)
(0.5848528, 6.082877, 0.07841229)
(0.5848135, 6.083128, 0.07862771)
(0.584958, 6.082926, 0.07861276)
(0.5846909, 6.082899, 0.07870542)
(0.5846341, 6.082236, 0.0784581)
(0.5845861, 6.081976, 0.07864345)
(0.5844958, 6.081748, 0.07870262)
(0.5841492, 6.081875, 0.07883251)
(0.5841044, 6.081629, 0.07871253)
(0.5842963, 6.081471, 0.0785966)
(0.5843199, 6.081298, 0.07853968)
(0.5853654, 6.081891, 0.07794317)
(0.5858522, 6.081994, 0.07784811)
(0.5862066, 6.081708, 0.07808122)
(0.5868319, 6.08199, 0.07746348)
(0.5870093, 6.082266, 0.07759519)
(0.5878565, 6.082449, 0.07691906)
(0.5883613, 6.082524, 0.07690845)
(0.5890659, 6.082181, 0.0770183)
(0.5897763, 6.082397, 0.07692421)
(0.5904132, 6.082235, 0.0768401)
(0.5904247, 6.08259, 0.07740633)
(0.5895786, 6.083227, 0.07857876)
(0.5899487, 6.083738, 0.07927837)
(0.5911621, 6.083783, 0.07904615)
(0.5915254, 6.084007, 0.07929069)
(0.5918893, 6.084232, 0.07953633)
(0.5922334, 6.084445, 0.07976919)
(0.5932161, 6.08576, 0.07936554)
(0.595288, 6.08513, 0.07875954)
(0.5944445, 6.084193, 0.07645407)
(0.5951171, 6.08535, 0.07687805)
(0.595716, 6.086067, 0.0772953)
(0.5959813, 6.087081, 0.07928455)
(0.5965889, 6.087727, 0.07935836)
(0.5981505, 6.088042, 0.07777492)
(0.5995506, 6.08746, 0.07712042)
(0.6006256, 6.088099, 0.07718359)
(0.6011536, 6.088885, 0.0780615)
(0.6018506, 6.089415, 0.07844281)
(0.6025937, 6.089863, 0.07862723)
(0.6033164, 6.090087, 0.07871196)
(0.6037905, 6.090724, 0.07891518)
(0.6049851, 6.090742, 0.07853384)
(0.6057562, 6.090832, 0.07864751)
(0.6059875, 6.090898, 0.079165)
(0.6064602, 6.091176, 0.07931224)
(0.6069072, 6.091468, 0.07956506)
(0.6069565, 6.091456, 0.0793319)
(0.6073188, 6.091197, 0.07904967)
(0.6076844, 6.090613, 0.07856934)
(0.6081288, 6.090488, 0.07845398)
(0.6085708, 6.090365, 0.07833891)
(0.6090143, 6.090241, 0.07822361)
(0.6101702, 6.088447, 0.07760939)
(0.6104794, 6.087881, 0.07738622)
(0.6106189, 6.087232, 0.07780708)
(0.6113387, 6.086608, 0.07749667)
(0.611644, 6.085994, 0.07683333)
(0.6117973, 6.085306, 0.07689859)
(0.6122621, 6.085102, 0.0768612)
(0.6126127, 6.08469, 0.07663037)
(0.6126435, 6.084121, 0.07699486)
(0.6129794, 6.083513, 0.07681816)
(0.6131579, 6.083074, 0.07641745)
(0.6127656, 6.083397, 0.07697282)
(0.6115106, 6.083286, 0.07751127)
(0.6114581, 6.083416, 0.07784113)
(0.6128105, 6.082058, 0.07702487)
(0.6114579, 6.082156, 0.07528025)
(0.6126814, 6.080264, 0.07305247)
(0.6116647, 6.08065, 0.07368492)
(0.6107121, 6.081253, 0.07491227)
(0.6132028, 6.080141, 0.07491044)
(0.6134098, 6.079406, 0.07347425)
(0.6129481, 6.078956, 0.07276732)
(0.6130471, 6.07874, 0.07285747)
(0.6130217, 6.078639, 0.07329199)
(0.6133945, 6.07831, 0.073441)
(0.614447, 6.07755, 0.07276708)
(0.6150134, 6.075977, 0.07170437)
(0.6152331, 6.075158, 0.0713062)
(0.6156929, 6.074309, 0.07095598)
(0.6169637, 6.072514, 0.07017592)
(0.6180086, 6.070997, 0.0691128)
(0.6180499, 6.07031, 0.06885683)
(0.618593, 6.069382, 0.06837692)
(0.6196809, 6.068414, 0.06782531)
(0.6205064, 6.067696, 0.0672026)
(0.6208594, 6.067532, 0.0674933)
(0.6215759, 6.067639, 0.06726254)
(0.6221758, 6.067864, 0.06696623)
(0.6222762, 6.068122, 0.06671978)
(0.6224153, 6.069363, 0.06686975)
(0.6228106, 6.070321, 0.06680678)
(0.6232601, 6.071323, 0.06672951)
(0.6237493, 6.072528, 0.06645647)
(0.6243488, 6.073549, 0.06603135)
(0.6249533, 6.074857, 0.06593785)
(0.6257122, 6.076303, 0.06604882)
(0.626761, 6.07725, 0.06548505)
(0.6278026, 6.078135, 0.06498159)
(0.6286597, 6.079496, 0.06475931)
(0.6291587, 6.080925, 0.06479116)
(0.6301448, 6.082004, 0.06465352)
(0.631331, 6.082991, 0.06433396)
(0.6326882, 6.083623, 0.06384822)
(0.6337458, 6.08413, 0.06343383)
(0.6347473, 6.084752, 0.06326501)
(0.6358102, 6.085033, 0.0626733)
(0.6371245, 6.084943, 0.06212999)
(0.6383325, 6.084776, 0.06132622)
(0.6392211, 6.084606, 0.06045206)
(0.6385694, 6.084806, 0.06049603)
(0.6397748, 6.083481, 0.06004366)
(0.6400114, 6.083836, 0.05956478)
(0.641919, 6.082276, 0.05713297)
(0.642881, 6.081233, 0.05627676)
(0.641952, 6.081258, 0.0575865)
(0.6430903, 6.079862, 0.05786374)
(0.6446564, 6.077665, 0.05761998)
(0.6457579, 6.074523, 0.05596242)
(0.6468328, 6.071558, 0.05479477)
(0.6477863, 6.067697, 0.0539295)
(0.6487827, 6.064666, 0.05331031)
(0.6496091, 6.060601, 0.05226294)
(0.6503595, 6.057155, 0.05113047)
(0.6509663, 6.053002, 0.04902073)
(0.6509812, 6.04961, 0.04743996)
(0.6500782, 6.046473, 0.04583691)
(0.6490673, 6.045362, 0.04546781)
(0.6485544, 6.043833, 0.04470204)
(0.6467456, 6.043644, 0.04328186)
(0.6458955, 6.042795, 0.04145285)
(0.645332, 6.042654, 0.03968469)
(0.6452044, 6.043046, 0.03868354)
(0.6457322, 6.046721, 0.03924588)
(0.6467672, 6.048306, 0.0385632)
(0.6478369, 6.049953, 0.03712162)
(0.6453393, 6.054359, 0.03889759)
(0.6435048, 6.058136, 0.04052389)
(0.6483132, 6.062454, 0.04089996)
(0.6539813, 6.065013, 0.03933194)
(0.6602423, 6.067961, 0.03693806)
(0.662461, 6.071774, 0.03625906)
(0.6605561, 6.080937, 0.04088071)
(0.6554657, 6.089782, 0.0467614)
(0.6529482, 6.097504, 0.05033421)
(0.6555948, 6.103669, 0.0523093)
(0.657662, 6.109056, 0.05376366)
(0.6586402, 6.113747, 0.05440042)
(0.658092, 6.119318, 0.05581749)
(0.6565543, 6.125075, 0.05786086)
(0.654727, 6.131187, 0.06027394)
(0.6533382, 6.136421, 0.06228019)
(0.6518093, 6.141593, 0.06507218)
(0.6511195, 6.146822, 0.06758894)
(0.6508988, 6.150901, 0.06876188)
(0.6503502, 6.154404, 0.06971293)
(0.6492674, 6.156405, 0.06990936)
(0.6473044, 6.159827, 0.07101633)
(0.6451145, 6.162978, 0.07235579)
(0.6471801, 6.162739, 0.07108951)
(0.6476409, 6.163871, 0.06965635)
(0.6476998, 6.16221, 0.06776525)
(0.6463908, 6.162098, 0.06908871)
(0.6471494, 6.163761, 0.07163028)
(0.6483355, 6.164313, 0.07208868)
(0.6476412, 6.164113, 0.07128929)
(0.6475896, 6.16321, 0.07003415)
(0.6490949, 6.162577, 0.06971953)
(0.6512917, 6.162106, 0.06998681)
(0.6520185, 6.161669, 0.06960266)
(0.6516832, 6.161263, 0.06948976)
(0.6502041, 6.16236, 0.07020006)
(0.6479383, 6.164161, 0.07077464)
(0.6458787, 6.165335, 0.07075585)
(0.6451201, 6.167412, 0.07076589)
(0.6463681, 6.169323, 0.07095768)
(0.6502213, 6.171488, 0.07111765)
(0.6530836, 6.173604, 0.07096458)
(0.654672, 6.175657, 0.07063956)
(0.655493, 6.177378, 0.07070123)
(0.6567897, 6.179337, 0.07113566)
(0.6578933, 6.181018, 0.07148465)
(0.6590384, 6.181489, 0.0711471)
(0.6604837, 6.182132, 0.07104628)
(0.6619657, 6.18147, 0.07040768)
(0.661518, 6.180685, 0.07010113)
(0.6593516, 6.180237, 0.06990826)
(0.6577938, 6.179784, 0.06882388)
(0.656953, 6.179276, 0.06762645)
(0.6569318, 6.179494, 0.06654183)
(0.6579279, 6.18019, 0.06494475)
(0.6585108, 6.180184, 0.06285819)
(0.6597926, 6.180332, 0.05959722)
(0.6611217, 6.181887, 0.05683104)
(0.6615542, 6.182961, 0.05380888)
(0.6594715, 6.185345, 0.05097636)
(0.6531024, 6.190283, 0.05106127)
(0.6481379, 6.194555, 0.05168923)
(0.6464421, 6.196322, 0.04819526)
(0.6502879, 6.195149, 0.04065258)
(0.6549103, 6.193874, 0.03360107)
(0.6623703, 6.189118, 0.02381772)
(0.666085, 6.188221, 0.01922489)
(0.664782, 6.189392, 0.01906855)
(0.6624408, 6.192553, 0.01988473)
(0.661624, 6.194623, 0.02085289)
(0.6604641, 6.192139, 0.01832679)
(0.659606, 6.186121, 0.01519026)
(0.6552824, 6.181973, 0.01618152)
(0.6483908, 6.180318, 0.01966225)
(0.6395113, 6.177581, 0.02189039)
(0.6329681, 6.174856, 0.02348455)
(0.6265973, 6.172271, 0.02656881)
(0.6228153, 6.168893, 0.02867426)
(0.6240113, 6.163648, 0.02883543)
(0.6256673, 6.158338, 0.02910446)
(0.6300156, 6.152522, 0.02992851)
(0.6323172, 6.146664, 0.03023048)
(0.6339782, 6.141137, 0.03042231)
(0.6370825, 6.136958, 0.0313582)
(0.6396815, 6.13336, 0.03252416)
(0.6421784, 6.128124, 0.03253935)
(0.6459721, 6.120522, 0.03136292)
(0.6501439, 6.111556, 0.02881996)
(0.6529894, 6.103141, 0.02720178)
(0.6538848, 6.093679, 0.02570045)
(0.6530895, 6.086634, 0.02466114)
(0.6537606, 6.079473, 0.02301786)
(0.6533631, 6.072171, 0.02096615)
(0.6538451, 6.064799, 0.01832055)
(0.6555247, 6.056369, 0.01326148)
(0.6572707, 6.048303, 0.008830829)
(0.6590343, 6.042535, 0.006048154)
(0.6598131, 6.036857, 0.004349008)
(0.6600096, 6.032035, 0.0038095)
(0.6595499, 6.029622, 0.003655192)
(0.6597719, 6.02636, 0.002893995)
(0.6605373, 6.025441, 0.004115574)
(0.6617146, 6.02424, 0.005603322)
(0.6633685, 6.021374, 0.006382699)
(0.6645947, 6.017874, 0.006171806)
(0.6660101, 6.013376, 0.005003257)
(0.6668913, 6.00803, 0.003549649)
(0.6677752, 6.004197, 0.003711287)
(0.6677445, 6.000412, 0.004569972)
(0.6670606, 5.996566, 0.005118692)
(0.6651564, 5.992953, 0.004802669)
(0.6634517, 5.990044, 0.005315285)
(0.6627346, 5.987153, 0.005800457)
(0.6612594, 5.984936, 0.008015691)
(0.6632748, 5.98206, 0.008058517)
(0.6630862, 5.977269, 0.00450162)
(0.6628496, 5.971951, 0.001554539)
(0.6623116, 5.969241, 0.001299787)
(0.6615719, 5.970393, 0.004597222)
(0.6614759, 5.970663, 0.006480962)
(0.6604496, 5.970249, 0.007127269)
(0.6599841, 5.968709, 0.006320042)
(0.6612684, 5.967485, 0.006878078)
(0.6624737, 5.965727, 0.007789067)
(0.6626804, 5.962794, 0.007814727)
(0.6625047, 5.96075, 0.007878908)
(0.6626204, 5.958524, 0.007377539)
(0.6623062, 5.956711, 0.007340405)
(0.6608434, 5.955768, 0.008436266)
(0.6579275, 5.955598, 0.01062617)
(0.6568359, 5.954298, 0.01140124)
(0.6571367, 5.952289, 0.01086293)
(0.6588031, 5.9501, 0.009501658)
(0.6589284, 5.948471, 0.008774264)
(0.6587498, 5.946901, 0.007620797)
(0.6580245, 5.946682, 0.008287262)
(0.6567994, 5.946791, 0.009471005)
(0.6556624, 5.948163, 0.0110194)
(0.654789, 5.948548, 0.0116263)
(0.6550968, 5.948043, 0.01076773)
(0.6566325, 5.947884, 0.01024929)
(0.6578618, 5.947293, 0.009871038)
(0.6580153, 5.946256, 0.009653296)
(0.6584021, 5.945588, 0.009228847)
(0.6575908, 5.947627, 0.010662)
(0.6563208, 5.949322, 0.01198061)
(0.6546224, 5.952706, 0.01429495)
(0.6535752, 5.955449, 0.01577482)
(0.6530421, 5.95762, 0.01656963)
(0.6551905, 5.956845, 0.01377135)
(0.6584449, 5.955722, 0.0106771)
(0.6602988, 5.956987, 0.009985689)
(0.661256, 5.959075, 0.01045365)
(0.6567789, 5.963492, 0.01528757)
(0.6534708, 5.966702, 0.01779336)
(0.6508191, 5.97017, 0.02000988)
(0.6495866, 5.971849, 0.02048404)
(0.6488184, 5.971868, 0.01931756)
(0.6491182, 5.97087, 0.01773078)
(0.6539661, 5.96996, 0.01709959)
(0.6561521, 5.971137, 0.01768846)
(0.654385, 5.973245, 0.0189982)
(0.650419, 5.971839, 0.02065586)
(0.6489747, 5.972385, 0.02267723)
(0.652365, 5.975918, 0.03134)
(0.6575451, 5.976815, 0.03714725)
(0.6611057, 5.975097, 0.0397652)
(0.6641462, 5.967793, 0.03774972)
(0.6641818, 5.961104, 0.03681163)
(0.6629778, 5.957798, 0.04011396)
(0.660381, 5.954693, 0.04793932)
(0.6578799, 5.953535, 0.05266953)
(0.6570325, 5.952359, 0.05559251)
(0.6518047, 5.956206, 0.05664309)
(0.6482762, 5.958427, 0.05780293)
(0.6464368, 5.961144, 0.06120075)
(0.646979, 5.96693, 0.06628159)
(0.649671, 5.971487, 0.06972897)
(0.652629, 5.975891, 0.0717921)
(0.6561003, 5.980219, 0.07181334)
(0.654466, 5.987336, 0.07523197)
(0.6536467, 5.992828, 0.07843584)
(0.6513128, 6.000271, 0.08278022)
(0.651184, 6.004606, 0.08426131)
(0.6543481, 6.004722, 0.08087073)
(0.6556099, 6.007224, 0.08027024)
(0.6549657, 6.010596, 0.08129564)
(0.650618, 6.014379, 0.08439159)
(0.6490251, 6.019363, 0.08789662)
(0.65089, 6.025388, 0.09325299)
(0.6531506, 6.029697, 0.09611297)
(0.6552872, 6.0344, 0.09931852)
(0.6563495, 6.039641, 0.1030345)
(0.6557451, 6.044463, 0.106762)
(0.6540919, 6.049199, 0.1108201)
(0.6532031, 6.052828, 0.1142067)
(0.6537001, 6.056837, 0.1175806)
(0.657963, 6.05939, 0.1195864)
(0.6609838, 6.061698, 0.1209258)
(0.6620194, 6.065051, 0.1232328)
(0.6636033, 6.068171, 0.1254743)
(0.6635324, 6.071035, 0.1270795)
(0.662666, 6.074595, 0.1292747)
(0.6610916, 6.076768, 0.130684)
(0.6602804, 6.078173, 0.1319012)
(0.6605345, 6.079412, 0.1327344)
(0.6604558, 6.080906, 0.133223)
(0.6626372, 6.08044, 0.1302862)
(0.6636639, 6.080459, 0.1288261)
(0.6636318, 6.081532, 0.1278428)
(0.6652524, 6.083378, 0.127809)
(0.6663051, 6.08605, 0.1283947)
(0.6669924, 6.088667, 0.1283738)
(0.6670881, 6.091801, 0.1278056)
(0.6668466, 6.095568, 0.1272684)
(0.666374, 6.099386, 0.1276301)
(0.6659176, 6.103371, 0.1280284)
(0.6659463, 6.107451, 0.1284279)
(0.6665907, 6.111875, 0.1285733)
(0.6666666, 6.116684, 0.1285192)
(0.6659684, 6.120792, 0.1281355)
(0.6657076, 6.124415, 0.1278465)
(0.6657279, 6.128175, 0.1276068)
(0.665248, 6.131822, 0.1273208)
(0.6643067, 6.135322, 0.1268917)
(0.6618699, 6.139129, 0.1273023)
(0.660836, 6.142797, 0.1272835)
(0.66109, 6.14483, 0.1256198)
(0.6610788, 6.146204, 0.1239724)
(0.6610644, 6.14893, 0.123246)
(0.6600195, 6.150291, 0.1214082)
(0.6586405, 6.152638, 0.1216131)
(0.6585815, 6.155362, 0.1211674)
(0.6593499, 6.155544, 0.119064)
(0.6606357, 6.154718, 0.116883)
(0.6611115, 6.154503, 0.1155012)
(0.6606571, 6.153794, 0.1142304)
(0.6592725, 6.153555, 0.1140974)
(0.6579775, 6.153675, 0.1139983)
(0.6560811, 6.15349, 0.1145904)
(0.6542341, 6.152721, 0.1142867)
(0.6523155, 6.150755, 0.1128408)
(0.650867, 6.148594, 0.1113113)
(0.6497172, 6.146037, 0.1100608)
(0.6491262, 6.143103, 0.1087047)
(0.6479735, 6.139945, 0.1071669)
(0.6462014, 6.137275, 0.1058147)
(0.6444765, 6.135119, 0.1050318)
(0.6430875, 6.132872, 0.1038225)
(0.6427664, 6.130964, 0.1025806)
(0.6397924, 6.128696, 0.1018688)
(0.6383819, 6.126143, 0.1010759)
(0.6398249, 6.127688, 0.09997036)
(0.6395245, 6.12559, 0.09757087)
(0.6386514, 6.123126, 0.09566973)
(0.6355278, 6.123423, 0.09746296)
(0.6353734, 6.124514, 0.0996224)
(0.6349807, 6.122746, 0.09826463)
(0.634563, 6.119012, 0.09505054)
(0.6337373, 6.116216, 0.09433611)
(0.63313, 6.114668, 0.09483205)
(0.6383268, 6.111808, 0.09460074)
(0.6359503, 6.111056, 0.09629909)
(0.6342748, 6.111938, 0.09848112)
(0.6419749, 6.109946, 0.0950632)
(0.6510667, 6.1055, 0.08842723)
(0.6593651, 6.101157, 0.08182311)
(0.6442217, 6.108401, 0.09331094)
(0.6370537, 6.114676, 0.1007997)
(0.6372211, 6.114344, 0.09823318)
(0.6377146, 6.112233, 0.090211)
(0.6362848, 6.112446, 0.08465465)
(0.6354195, 6.114942, 0.07990415)
(0.6332079, 6.119033, 0.07919791)
(0.6308644, 6.123206, 0.08023403)
(0.6280517, 6.129066, 0.08488207)
(0.6263551, 6.132907, 0.08712979)
(0.6259447, 6.135822, 0.08700231)
(0.6264056, 6.136928, 0.08503264)
(0.6275921, 6.1368, 0.08286948)
(0.62796, 6.137443, 0.08121381)
(0.6293513, 6.134365, 0.07785714)
(0.6290082, 6.134117, 0.07647948)
(0.6291098, 6.132541, 0.0758896)
(0.6288491, 6.130495, 0.07554977)
(0.6272098, 6.128831, 0.07496108)
(0.6241468, 6.127705, 0.07496686)
(0.6221572, 6.126458, 0.07516927)
(0.6216704, 6.124525, 0.07523682)
(0.6219822, 6.122741, 0.07469453)
(0.6232189, 6.120865, 0.07413973)
(0.6242908, 6.119216, 0.07401665)
(0.6248894, 6.117598, 0.07396419)
(0.6257452, 6.116132, 0.073627)
(0.6267511, 6.114676, 0.07286355)
(0.6272759, 6.113021, 0.07269521)
(0.6272107, 6.111682, 0.07313072)
(0.6282442, 6.111065, 0.07310618)
(0.6280236, 6.110651, 0.07223891)
(0.6297713, 6.10719, 0.06900056)
(0.6268471, 6.107811, 0.07088099)
(0.6262602, 6.1085, 0.07379581)
(0.6268729, 6.107349, 0.07403416)
(0.6272118, 6.106004, 0.07232127)
(0.6270152, 6.10485, 0.07070288)
(0.6276388, 6.104281, 0.07049658)
(0.6283555, 6.103952, 0.0712349)
(0.6287476, 6.103117, 0.07123516)
(0.6286777, 6.102244, 0.07041686)
(0.6288787, 6.101207, 0.06958971)
(0.62931, 6.099601, 0.06809575)
(0.6295351, 6.098767, 0.06785581)
(0.6289619, 6.098385, 0.06863005)
(0.6280131, 6.098044, 0.06935039)
(0.6274973, 6.097464, 0.06950797)
(0.6264597, 6.09718, 0.06925429)
(0.6265558, 6.096461, 0.06895652)
(0.6269451, 6.096119, 0.06922525)
(0.6266921, 6.095918, 0.06975631)
(0.6262897, 6.095423, 0.06995849)
(0.6260616, 6.0954, 0.07033942)
(0.6259821, 6.095097, 0.07024774)
(0.6257685, 6.094595, 0.0700158)
(0.6255243, 6.094431, 0.07014282)
(0.6251833, 6.094263, 0.07052182)
(0.6246969, 6.094026, 0.07085305)
(0.6241763, 6.094068, 0.07107116)
(0.6235098, 6.093832, 0.07111926)
(0.6230533, 6.093762, 0.0712842)
(0.6226631, 6.093555, 0.07148544)
(0.6223588, 6.093457, 0.07166376)
(0.6218702, 6.093454, 0.07186519)
(0.6215142, 6.093473, 0.0720297)
(0.621411, 6.093515, 0.07216617)
(0.6208887, 6.093715, 0.07252888)
(0.6204146, 6.093542, 0.07276532)
(0.619954, 6.093527, 0.07291372)
(0.6193427, 6.093576, 0.07338303)
(0.6191139, 6.093424, 0.07355679)
(0.6189978, 6.093234, 0.07365499)
(0.6184193, 6.093241, 0.07370093)
(0.6171581, 6.093432, 0.07454842)
(0.6172312, 6.093154, 0.07488873)
(0.6166359, 6.093439, 0.07505907)
