(329.0176, 152.1033, 14.06973)
(330.4532, 152.548, 12.40218)
(331.9624, 153.7195, 11.21525)
(334.383, 157.3079, 8.476562)
(339.1213, 163.3066, 4.343993)
(342.2874, 167.0849, 4.60938)
(345.2592, 170.0332, 4.384053)
(340.9457, 172.0371, 1.764553)
(335.7936, 172.1612, 1.164889)
(332.2808, 169.658, 1.877647)
(329.4132, 167.0994, 2.73704)
(329.142, 162.8623, 5.798446)
(330.1605, 161.9834, 7.165209)
(331.7923, 162.3805, 7.858621)
(332.0806, 162.1472, 7.970756)
(331.6709, 162.3764, 7.722037)
(330.746, 162.7426, 7.796858)
(329.4402, 163.1462, 7.948168)
(328.6662, 163.3138, 8.505629)
(327.8971, 163.4027, 9.175771)
(326.5111, 163.3963, 10.48234)
(325.2849, 163.0721, 11.79163)
(323.5543, 162.2395, 13.49044)
(321.7296, 161.7521, 14.48085)
(319.793, 161.1382, 15.16318)
(318.0442, 160.2515, 16.00902)
(316.3709, 158.9099, 17.04992)
(315.0814, 157.3052, 18.85132)
(314.4015, 155.3069, 21.28347)
(313.6194, 153.1967, 23.93915)
(313.3012, 150.9687, 26.9926)
(312.9464, 149.0624, 30.0288)
(312.2225, 147.2798, 32.79331)
(311.1275, 145.7177, 35.47385)
(309.7591, 145.0489, 37.18156)
(308.0977, 144.9794, 38.07998)
(306.9653, 144.3626, 39.42887)
(306.3632, 144.2662, 40.29562)
(306.1542, 144.4056, 41.02151)
(306.2727, 144.4155, 41.37934)
(306.5458, 143.989, 41.52588)
(306.4946, 142.8488, 42.56501)
(306.0641, 140.4302, 44.44161)
(306.1689, 136.466, 47.98782)
(306.7543, 132.4862, 52.07672)
(307.6053, 128.0276, 56.75824)
(309.1165, 123.3512, 61.691)
(310.3773, 120.7039, 64.50072)
(312.0199, 120.0912, 65.35885)
(312.9189, 122.4349, 64.07841)
(313.2428, 121.9261, 65.51061)
(312.0938, 120.6845, 67.2897)
(309.9955, 118.3135, 69.64216)
