0.0104725
0.0107423
0.0117639
0.0110704
0.0114502
0.0106146
0.0111206
0.0110241
0.0118343
0.0099414
0.0112058
0.0117981
0.0111832
0.0110493
0.0111135
0.0106928
0.0119532
0.0120447
0.0089381
0.0111268
0.0122557
0.010695
0.0111004
0.0109616
0.0110676
0.010898
0.0123835
0.0096283
0.0113268
0.0119056
0.0105684
0.0111506
0.0109384
0.0114656
0.0110053
0.0136935
0.008163
0.0108332
0.0118607
0.011307
0.0107736
0.0109211
0.0110915
0.011733
0.0133957
0.0077506
0.011127
0.0118341
0.0112189
0.0111671
0.0105783
0.0113696
0.0108762
0.0117921
0.0101266
0.0113337
0.0118958
0.0109213
0.0109686
0.0110852
