(310.5487, 91.7179, 331.5625)
(310.421, 91.74252, 331.5775)
(310.2354, 91.62382, 331.7864)
(310.2203, 91.55403, 331.8541)
(310.2362, 92.26324, 331.4102)
(310.2915, 92.49697, 331.395)
(309.8088, 92.26525, 331.4493)
(309.8096, 92.41207, 331.4726)
(309.8072, 92.23791, 331.5076)
(309.9763, 92.29395, 331.417)
(309.9617, 92.37679, 331.3379)
(309.7823, 92.25365, 331.3651)
(309.6926, 92.16871, 331.4096)
(309.6003, 91.89395, 331.547)
(309.6843, 92.20267, 331.3549)
(309.7215, 92.15514, 331.4028)
(309.6072, 92.00072, 331.4616)
(309.5915, 92.20193, 331.3993)
(309.3573, 92.2216, 331.3682)
(309.2139, 92.22401, 331.3481)
(309.3023, 92.5541, 331.172)
(309.2553, 92.44323, 331.2407)
(309.2215, 92.33085, 331.2941)
(309.2758, 92.58661, 331.1028)
(309.1805, 92.67043, 331.0363)
(309.1364, 93.12997, 330.7436)
(309.2338, 92.99889, 330.926)
(309.1935, 92.84204, 330.911)
(309.1275, 92.97095, 330.8927)
(309.1401, 93.11333, 330.7249)
(309.1401, 93.11333, 330.7249)
(309.1447, 93.09414, 330.772)
(309.2817, 93.07578, 330.7525)
(309.3267, 93.65694, 330.3541)
(309.2863, 93.82925, 330.3364)
(308.825, 93.33368, 330.616)
(308.8795, 93.32084, 330.6864)
(309.1328, 93.28647, 330.6753)
(309.4885, 93.14037, 330.6929)
(309.4208, 93.06697, 330.7132)
(309.4321, 93.20316, 330.6574)
(309.3326, 93.08366, 330.7344)
(309.4396, 93.75512, 330.3309)
(309.3417, 93.52284, 330.6267)
(309.1872, 93.24912, 330.701)
(309.3061, 93.40363, 330.6383)
(309.3907, 93.28706, 330.6405)
(309.5238, 93.32152, 330.5663)
(309.4244, 93.319, 330.5845)
(309.3891, 93.1491, 330.7101)
(309.4266, 92.96117, 330.8376)
(309.5384, 93.22801, 330.618)
(309.5749, 93.32481, 330.6635)
(309.4704, 93.37878, 330.5156)
(309.4888, 93.64394, 330.4526)
(309.4187, 93.41196, 330.5631)
(309.5869, 93.28217, 330.5934)
