(0.1609244, -0.9078993, 0.3870689)
(0.162766, -0.908232, 0.3855151)
(0.165034, -0.9088162, 0.3831669)
(0.1666564, -0.9093524, 0.3811873)
(0.1681723, -0.910219, 0.3784434)
(0.1706616, -0.9107043, 0.3761545)
(0.1734104, -0.9107768, 0.3747192)
(0.1760452, -0.9107369, 0.3735861)
(0.1789087, -0.910236, 0.3734463)
(0.1822134, -0.909495, 0.3736539)
(0.1849201, -0.909101, 0.3732826)
(0.187968, -0.90865, 0.3728582)
(0.1916994, -0.9080108, 0.3725154)
(0.1969284, -0.9068579, 0.3725963)
(0.202103, -0.9056718, 0.3727103)
(0.2095516, -0.903879, 0.372949)
(0.2153682, -0.9026541, 0.3726019)
(0.2209508, -0.9016773, 0.3716972)
(0.2266535, -0.900705, 0.3706197)
(0.2322036, -0.8996993, 0.3696249)
(0.2380625, -0.8985161, 0.368775)
(0.2438034, -0.897639, 0.3671569)
(0.2497422, -0.896732, 0.3653774)
(0.2552399, -0.8954418, 0.3647419)
(0.2602639, -0.8937597, 0.3653169)
(0.2654348, -0.8925225, 0.3646204)
(0.2703467, -0.8914812, 0.3635573)
(0.2753355, -0.8903334, 0.3626248)
(0.2796696, -0.8891141, 0.3622997)
(0.2840396, -0.8879897, 0.3616571)
(0.289119, -0.8865345, 0.3612018)
(0.2946305, -0.8843816, 0.3620252)
(0.3006094, -0.8820407, 0.3628199)
(0.3068351, -0.8796858, 0.3633254)
(0.3126477, -0.8775015, 0.3636519)
(0.3181453, -0.8755931, 0.3634836)
(0.3257632, -0.87304, 0.3628767)
(0.3345472, -0.8700935, 0.3619604)
(0.3420739, -0.8675807, 0.3609561)
(0.3481958, -0.8655617, 0.3599482)
(0.3539836, -0.8632445, 0.3598673)
(0.3604306, -0.8604766, 0.360097)
(0.3676834, -0.8569365, 0.3612046)
(0.3749298, -0.8533721, 0.362193)
(0.3813454, -0.8506988, 0.3617836)
(0.3873541, -0.8485798, 0.3603734)
(0.392031, -0.8467903, 0.3595245)
(0.3966012, -0.8447361, 0.3593443)
(0.3998961, -0.8432243, 0.3592434)
(0.4029147, -0.8421349, 0.3584253)
(0.4057046, -0.8409743, 0.3580026)
(0.4073167, -0.8405684, 0.3571247)
(0.4096237, -0.8396962, 0.3565373)
(0.409122, -0.8396779, 0.3571557)
(0.4111208, -0.8401175, 0.3538113)
(0.4140939, -0.8400033, 0.3506007)
(0.4156963, -0.840089, 0.3484927)
(0.416233, -0.8408687, 0.3459623)
(0.4158417, -0.8420466, 0.3435597)
(0.4149762, -0.8430926, 0.3420376)
(0.4122941, -0.8451409, 0.3402214)
(0.4088276, -0.8474348, 0.338695)
(0.4057027, -0.8495761, 0.3370845)
(0.4024337, -0.8522857, 0.3341501)
(0.3989078, -0.8550039, 0.3314225)
(0.3949928, -0.8574638, 0.3297522)
(0.3898813, -0.8603455, 0.3283262)
(0.3848609, -0.8631486, 0.3268893)
(0.3797611, -0.8658341, 0.3257497)
(0.3746568, -0.868425, 0.3247619)
(0.3693211, -0.8707941, 0.3245299)
(0.3632613, -0.873768, 0.3233738)
(0.3561288, -0.8771906, 0.3220385)
(0.3488941, -0.8803365, 0.3213728)
(0.340726, -0.8833616, 0.3218355)
(0.3335274, -0.8862539, 0.321424)
(0.3245942, -0.8896136, 0.3212885)
(0.3160868, -0.8932417, 0.3197005)
(0.3060406, -0.8976433, 0.3171366)
(0.2958186, -0.9013941, 0.3161962)
(0.2866365, -0.9039703, 0.3172967)
(0.2757336, -0.9063101, 0.3202702)
(0.2657078, -0.90852, 0.3224757)
(0.2546766, -0.911531, 0.3228793)
(0.2433181, -0.9145017, 0.3232384)
(0.2300557, -0.9174798, 0.3245076)
(0.2164268, -0.9200985, 0.3264629)
(0.2038472, -0.9223229, 0.3282788)
(0.1904873, -0.9240388, 0.3314618)
(0.177155, -0.9242039, 0.3383241)
(0.1634529, -0.9237528, 0.3463581)
(0.1509604, -0.9259199, 0.3462419)
(0.1382055, -0.9295198, 0.3418949)
(0.1251048, -0.9324574, 0.3389279)
(0.1106002, -0.9357769, 0.3347971)
(0.09859499, -0.9373643, 0.3341064)
(0.09060472, -0.9380953, 0.3343172)
(0.08256577, -0.9386276, 0.3349046)
(0.07163309, -0.9393154, 0.3354926)
(0.0556356, -0.9401251, 0.336258)
(0.04265168, -0.9405094, 0.3370801)
(0.03308497, -0.9411021, 0.3365)
(0.02463707, -0.9418346, 0.3351728)
(0.01559052, -0.9421554, 0.3348137)
(0.00549683, -0.9416195, 0.3366343)
(-0.004584134, -0.9403303, 0.3402321)
(-0.01394731, -0.938997, 0.3436425)
(-0.02231441, -0.9376904, 0.3467548)
(-0.03160635, -0.9371103, 0.3475996)
(-0.04080787, -0.9369583, 0.3470504)
(-0.04966044, -0.9364606, 0.3472399)
(-0.05839339, -0.9354873, 0.348502)
(-0.0664518, -0.9342041, 0.3504954)
(-0.0736187, -0.9330482, 0.352138)
(-0.08030811, -0.9321445, 0.3530684)
(-0.08722512, -0.931028, 0.3543708)
(-0.09317111, -0.929932, 0.3557326)
(-0.1000619, -0.9290341, 0.3562068)
(-0.1063033, -0.9283758, 0.3561153)
(-0.1123658, -0.9277697, 0.3558332)
(-0.1181295, -0.9273375, 0.3550927)
(-0.1238411, -0.926675, 0.3548758)
(-0.1282176, -0.9260332, 0.354997)
(-0.1310225, -0.9254412, 0.3555161)
(-0.1344347, -0.9248031, 0.3559023)
(-0.1364841, -0.9242449, 0.356572)
(-0.13924, -0.9236408, 0.3570713)
(-0.1418671, -0.9229693, 0.357773)
(-0.1434293, -0.9226809, 0.357894)
(-0.1454698, -0.9222456, 0.3581925)
(-0.1471294, -0.9213828, 0.3597316)
(-0.147581, -0.9207664, 0.3611219)
(-0.1484009, -0.9196153, 0.3637098)
(-0.1492885, -0.9184496, 0.366283)
(-0.1479514, -0.9176297, 0.3688717)
(-0.1459362, -0.9170883, 0.3710145)
(-0.1450654, -0.9164885, 0.3728338)
(-0.1457458, -0.9162549, 0.3731423)
(-0.14657, -0.9159254, 0.3736279)
(-0.1489142, -0.9168599, 0.3703949)
(-0.1499212, -0.9171091, 0.3693706)
(-0.1497377, -0.9173754, 0.3687832)
(-0.149601, -0.9178966, 0.3675397)
(-0.1494731, -0.9184786, 0.3661351)
(-0.1491396, -0.9193107, 0.3641774)
(-0.1490963, -0.9196505, 0.3633364)
(-0.1482067, -0.9202361, 0.3622159)
(-0.1473019, -0.921459, 0.3594655)
(-0.1460023, -0.9237626, 0.3540425)
(-0.1449926, -0.9251205, 0.3508979)
(-0.1427611, -0.9267749, 0.3474303)
(-0.1403832, -0.9277863, 0.3456953)
(-0.1370562, -0.9280702, 0.346268)
(-0.1341774, -0.9281651, 0.3471395)
(-0.1320016, -0.9286811, 0.3465936)
(-0.1295233, -0.9299347, 0.3441588)
(-0.126864, -0.9312015, 0.3417153)
(-0.1223067, -0.9320953, 0.3409391)
(-0.1176847, -0.9327866, 0.3406752)
(-0.1122034, -0.9329921, 0.3419593)
(-0.1070319, -0.9333466, 0.3426489)
(-0.09916474, -0.9340617, 0.3430672)
(-0.08993535, -0.9347269, 0.3437981)
(-0.0817092, -0.9350186, 0.3450564)
(-0.07320151, -0.935683, 0.3451653)
(-0.06410731, -0.9365679, 0.3445733)
(-0.05295923, -0.9370573, 0.3451362)
(-0.04412563, -0.9371493, 0.3461273)
(-0.03318071, -0.9370866, 0.3475166)
(-0.02278029, -0.9373333, 0.3476887)
(-0.0127623, -0.9368161, 0.3495894)
(-0.002405401, -0.9362122, 0.3514272)
(0.007822767, -0.9378856, 0.3468565)
(0.01771924, -0.9402171, 0.3401146)
(0.02509703, -0.94074, 0.3381989)
(0.02741921, -0.9399647, 0.3401687)
(0.03326161, -0.9414064, 0.3356304)
(0.04073638, -0.9455974, 0.3227787)
(0.04948962, -0.9484885, 0.3129222)
(0.05980264, -0.9499435, 0.3066446)
(0.07203299, -0.9495615, 0.3051956)
(0.08221549, -0.9487119, 0.3052643)
(0.09267169, -0.9488174, 0.3019231)
(0.1026228, -0.9497777, 0.2956195)
(0.1119407, -0.9519797, 0.2849631)
(0.1212048, -0.9528576, 0.2781579)
(0.1319342, -0.9533454, 0.2715255)
(0.1437228, -0.9533478, 0.2654653)
(0.1573755, -0.9522132, 0.2617691)
(0.1728058, -0.9510401, 0.2562436)
(0.1866866, -0.9502419, 0.2493761)
(0.1986103, -0.9493159, 0.2436253)
(0.2095187, -0.9484569, 0.2377637)
(0.2201228, -0.9475406, 0.2317606)
(0.2312656, -0.9463384, 0.2257431)
(0.2424039, -0.9446257, 0.2211848)
(0.2526254, -0.9428037, 0.2174891)
(0.2622669, -0.9401369, 0.2176207)
(0.2716435, -0.937505, 0.2174722)
(0.2809111, -0.9356116, 0.213822)
(0.2868944, -0.934878, 0.2090329)
(0.2937365, -0.9335749, 0.2053216)
(0.2982537, -0.9328079, 0.2022732)
(0.3036311, -0.9316293, 0.1996874)
(0.3076901, -0.9306237, 0.1981576)
(0.3114594, -0.9295132, 0.1974801)
(0.3153576, -0.9284098, 0.1964815)
(0.3178313, -0.927573, 0.1964479)
(0.3208462, -0.9267876, 0.1952496)
(0.3227238, -0.9261186, 0.1953298)
(0.3251362, -0.9252772, 0.1953167)
(0.3264317, -0.9247845, 0.1954891)
(0.3278885, -0.9241911, 0.1958572)
(0.3294517, -0.9234818, 0.1965787)
(0.3318783, -0.9225533, 0.1968559)
(0.3341622, -0.9216541, 0.1972043)
(0.3365288, -0.9206917, 0.1976743)
(0.3376658, -0.9205033, 0.1966103)
(0.3382668, -0.9204618, 0.1957697)
(0.3381377, -0.920389, 0.1963338)
(0.3375733, -0.9204829, 0.1968641)
(0.3366814, -0.9209546, 0.1961842)
(0.3346035, -0.9221454, 0.1941351)
(0.3322393, -0.9231557, 0.1933922)
(0.3302466, -0.9239587, 0.1929708)
(0.327029, -0.9252974, 0.1920338)
(0.3239709, -0.9265714, 0.191072)
(0.3193277, -0.92832, 0.1903993)
(0.3146876, -0.9299687, 0.1900789)
(0.3103147, -0.9313057, 0.190721)
(0.3072828, -0.9322911, 0.1908156)
(0.3047269, -0.9329816, 0.1915382)
(0.3030484, -0.9332273, 0.1929991)
(0.3001578, -0.933804, 0.1947192)
(0.2952498, -0.9348015, 0.1974177)
(0.291248, -0.9357066, 0.1990674)
(0.2867502, -0.9363688, 0.2024546)
(0.2826637, -0.9367268, 0.2065047)
(0.2780434, -0.9370357, 0.2113198)
(0.2738266, -0.9370504, 0.2166927)
(0.2682357, -0.937006, 0.2237622)
(0.262616, -0.9367233, 0.2314785)
(0.2574169, -0.9358311, 0.2407424)
(0.2524001, -0.9349063, 0.2494884)
(0.2464182, -0.9332364, 0.2614342)
(0.2399495, -0.9316074, 0.2730054)
(0.2344561, -0.9289412, 0.2865284)
(0.2281571, -0.9268346, 0.2981978)
(0.2224774, -0.9246191, 0.3091657)
(0.2153954, -0.9225569, 0.3201464)
(0.2053718, -0.920214, 0.3332096)
(0.1972852, -0.91763, 0.3450129)
(0.191187, -0.9164069, 0.3516334)
(0.1827905, -0.9194785, 0.3480619)
(0.1714204, -0.9189174, 0.3552547)
(0.1585882, -0.9137687, 0.3740008)
(0.1456918, -0.910252, 0.3875762)
(0.1355408, -0.9083019, 0.3957477)
(0.1286005, -0.9062431, 0.4027223)
(0.1214356, -0.9039572, 0.4100182)
(0.11622, -0.9006076, 0.4188065)
(0.1085083, -0.8967429, 0.4290431)
(0.101427, -0.8929163, 0.4386492)
(0.09576738, -0.8887441, 0.4482886)
(0.08987124, -0.8846507, 0.457511)
(0.086424, -0.8810378, 0.4650843)
(0.0828094, -0.8775924, 0.4722015)
(0.08153658, -0.8749248, 0.477345)
(0.07814816, -0.8721197, 0.4830115)
(0.07527751, -0.869429, 0.4882894)
(0.07250591, -0.8669861, 0.4930295)
(0.06876537, -0.8652269, 0.4966425)
(0.06503023, -0.863317, 0.5004546)
(0.06126639, -0.8617501, 0.5036201)
(0.05748053, -0.8606217, 0.5059905)
(0.05422834, -0.8593421, 0.508518)
(0.04997753, -0.8583673, 0.5105956)
(0.04261635, -0.8574989, 0.5127178)
(0.03759032, -0.8560972, 0.5154461)
(0.03107525, -0.8550537, 0.5176076)
(0.02516658, -0.854103, 0.5194947)
(0.01914272, -0.85219, 0.5228821)
(0.01333839, -0.8505671, 0.5256972)
(0.007607877, -0.8495885, 0.5273912)
(0.002260067, -0.8487138, 0.5288476)
(-0.003434777, -0.8481054, 0.5298164)
(-0.009094186, -0.8479369, 0.5300192)
(-0.01359878, -0.8478318, 0.5300908)
(-0.01852864, -0.8472961, 0.5307975)
(-0.02071256, -0.8474256, 0.5305101)
(-0.02359994, -0.8467131, 0.5315261)
(-0.02671786, -0.8462358, 0.5321382)
(-0.02960405, -0.8464693, 0.5316139)
(-0.03227299, -0.8468664, 0.5308256)
(-0.03519838, -0.8474585, 0.5296935)
(-0.03836156, -0.8482585, 0.5281911)
(-0.0412118, -0.848546, 0.5275142)
(-0.04339775, -0.8486508, 0.5271702)
(-0.04516082, -0.8486294, 0.5270567)
(-0.0469555, -0.8487024, 0.5267822)
(-0.04804619, -0.8489088, 0.526351)
(-0.04920428, -0.8487898, 0.5264361)
(-0.04993039, -0.8490751, 0.5259074)
(-0.05130895, -0.8496077, 0.5249135)
(-0.05307004, -0.8500661, 0.5239953)
(-0.0544923, -0.850291, 0.5234843)
(-0.05580664, -0.8503738, 0.5232112)
(-0.05583338, -0.8509001, 0.522352)
(-0.05611335, -0.8511348, 0.5219396)
(-0.05617213, -0.8516449, 0.5211004)
(-0.05600482, -0.8522477, 0.520132)
(-0.05576101, -0.8531623, 0.5186567)
(-0.0554188, -0.8537747, 0.5176848)
(-0.05425845, -0.8544919, 0.5166232)
(-0.05193627, -0.8550243, 0.5159807)
(-0.04952653, -0.8556014, 0.5152605)
(-0.0443983, -0.8567613, 0.5137985)
(-0.04012606, -0.8578156, 0.5123889)
(-0.03678523, -0.8585677, 0.5113789)
(-0.03288443, -0.8587771, 0.5112929)
(-0.02911031, -0.8592542, 0.5107199)
(-0.02499247, -0.8591031, 0.511192)
(-0.0209906, -0.8594224, 0.5108352)
(-0.01595137, -0.8600905, 0.509892)
(-0.01172646, -0.8604949, 0.509324)
(-0.008136652, -0.8605432, 0.5093126)
(-0.005831428, -0.8611637, 0.5082943)
(-0.002879165, -0.8619426, 0.5069976)
(-0.000203751, -0.8627643, 0.5056063)
(0.003246166, -0.8635079, 0.5043248)
(0.00719174, -0.8643662, 0.5028114)
(0.01078219, -0.865028, 0.5016077)
(0.01414034, -0.8658522, 0.5001)
