(308.6345, 70.89371, 330.7248)
(309.46, 72.29375, 329.5467)
(309.987, 73.84883, 328.2129)
(309.5451, 74.22887, 327.9961)
(308.1971, 73.25324, 328.8798)
(307.5225, 71.73015, 330.1302)
(307.7317, 71.27735, 330.5278)
(308.4764, 71.48144, 330.3284)
(308.9726, 72.65563, 329.2792)
(308.8076, 73.13479, 328.9267)
(308.4495, 73.05952, 328.9015)
(308.2207, 72.5546, 329.4186)
(308.2054, 72.07568, 329.8184)
(308.075, 71.73941, 330.0726)
(307.7316, 72.13109, 329.7591)
(307.4656, 72.89021, 329.0038)
(307.5155, 73.51283, 328.3971)
(307.6597, 73.66084, 328.3197)
(307.6296, 73.23373, 328.663)
(307.4845, 72.82325, 329.0078)
(307.1546, 72.14487, 329.621)
(307.0624, 71.81599, 329.8424)
(307.5182, 71.92144, 329.7023)
(307.8808, 72.30372, 329.411)
(307.7801, 72.78276, 328.9517)
(307.4825, 73.45568, 328.5132)
(307.3704, 71.40814, 330.2483)
(307.0791, 71.35577, 330.2232)
(307.7273, 71.584, 330.2254)
(307.9246, 72.2745, 329.6139)
(308.3186, 73.06726, 329.3382)
(308.311, 72.53826, 329.8573)
(307.4682, 71.00983, 331.028)
(307.5365, 71.09632, 330.958)
(307.7747, 71.77975, 330.3887)
(307.8879, 72.14434, 330.0215)
(308.0329, 72.26754, 329.9212)
(308.0302, 72.40884, 329.8648)
(307.914, 72.31381, 330.1271)
(307.7466, 72.79303, 329.9058)
