(0.6810971, -0.07365704, 0.3085322)
(0.6811776, -0.07366574, 0.3086277)
(0.6810998, -0.07357919, 0.3087293)
(0.6810667, -0.07359314, 0.3086594)
(0.6810292, -0.07372868, 0.3087659)
(0.6810706, -0.07379711, 0.3087199)
(0.6811057, -0.07383704, 0.3087518)
(0.6810812, -0.07383776, 0.3086545)
(0.6809985, -0.0737586, 0.3087201)
(0.681076, -0.07377791, 0.3086997)
(0.6811852, -0.0737505, 0.308619)
(0.6811923, -0.07374072, 0.3086653)
(0.6812496, -0.0737716, 0.3087405)
(0.6813179, -0.07382476, 0.3087734)
(0.6813881, -0.07400715, 0.3085461)
(0.6813615, -0.07403958, 0.3084491)
(0.6813436, -0.0740509, 0.3083392)
(0.6813695, -0.07408166, 0.308323)
(0.6813387, -0.07415187, 0.3082002)
(0.6814554, -0.07422245, 0.3082414)
(0.6814895, -0.07424808, 0.3082258)
(0.6817118, -0.07430756, 0.3082798)
(0.6817021, -0.07451606, 0.3084155)
(0.6816868, -0.07444525, 0.3085746)
(0.6814231, -0.07455909, 0.3083078)
(0.6815549, -0.07443142, 0.3080902)
(0.681546, -0.07446873, 0.3080175)
(0.6816807, -0.07442415, 0.3080891)
(0.6817456, -0.07437766, 0.3081868)
(0.6818163, -0.0744884, 0.3080404)
(0.6817203, -0.07452083, 0.3079084)
(0.6816161, -0.07461631, 0.3079258)
(0.6815366, -0.07457983, 0.3079576)
(0.6812488, -0.07462227, 0.3077914)
(0.6810953, -0.07482409, 0.3080267)
(0.6810029, -0.07489848, 0.3080343)
(0.6809702, -0.07490802, 0.3081123)
(0.6809572, -0.0747304, 0.3078958)
(0.6809042, -0.07470655, 0.3079126)
(0.6805968, -0.07473028, 0.3077962)
(0.6804177, -0.0747385, 0.3078717)
(0.680229, -0.07482946, 0.3077793)
(0.6800392, -0.07473254, 0.307825)
(0.679894, -0.07459915, 0.30783)
(0.6797012, -0.07455742, 0.3079787)
(0.6793747, -0.07446361, 0.3082045)
(0.6790773, -0.07452273, 0.3084093)
(0.6791722, -0.07446694, 0.3084843)
(0.6795883, -0.07435966, 0.3085908)
(0.6797526, -0.07413125, 0.3086615)
(0.6798753, -0.0739187, 0.308562)
(0.6800216, -0.07349968, 0.3085966)
(0.6801579, -0.07297277, 0.3088551)
(0.6798619, -0.07194662, 0.3093116)
(0.6795882, -0.07095158, 0.3096522)
(0.678812, -0.06975555, 0.3105463)
(0.6776475, -0.06834316, 0.3116372)
(0.6767488, -0.06661844, 0.3123612)
(0.675772, -0.06447363, 0.3128715)
(0.6745544, -0.06103528, 0.3120619)
(0.6733057, -0.05753291, 0.3110489)
(0.672153, -0.05352437, 0.3103189)
(0.6709806, -0.04940641, 0.3103014)
(0.6698037, -0.04508257, 0.3101543)
(0.6683294, -0.04164624, 0.3112794)
(0.6670628, -0.03753185, 0.3122047)
(0.6660252, -0.03366852, 0.3131143)
(0.6650243, -0.02985942, 0.3146379)
(0.6640407, -0.02614009, 0.3159528)
(0.6631228, -0.02262294, 0.3174462)
(0.6623664, -0.01892161, 0.3193247)
(0.6609731, -0.01518846, 0.3213918)
(0.6603118, -0.01210856, 0.3236498)
(0.6597388, -0.009072185, 0.3259081)
(0.6591286, -0.006054521, 0.3288342)
(0.6589391, -0.003399372, 0.3318303)
(0.658751, -0.0005859137, 0.3344934)
(0.6585557, 0.001615763, 0.3376715)
(0.6584367, 0.003598094, 0.3410617)
(0.6586809, 0.005828619, 0.3447229)
(0.6586182, 0.007712364, 0.3483208)
(0.6588539, 0.009142995, 0.3520297)
(0.6593564, 0.0102489, 0.3561889)
(0.6597393, 0.01129889, 0.3604172)
(0.660344, 0.01216328, 0.3646955)
(0.6612833, 0.01231623, 0.3693019)
(0.662109, 0.01265943, 0.3738227)
(0.6632733, 0.01270151, 0.3786385)
(0.6646589, 0.01255333, 0.3839585)
(0.6658687, 0.01200545, 0.3887256)
(0.666984, 0.01171005, 0.3936502)
(0.6680093, 0.0117656, 0.3983226)
(0.6690354, 0.01182747, 0.4031783)
(0.6713038, 0.008330941, 0.4088503)
(0.6729738, 0.006801128, 0.4145794)
(0.6748981, 0.005813241, 0.4191568)
(0.6764303, 0.00459075, 0.4240696)
(0.6776717, 0.003149509, 0.4289411)
(0.6791609, 0.001799703, 0.4332693)
(0.6805708, 0.0005589724, 0.437324)
(0.6816182, -0.0009746552, 0.4413224)
(0.6831738, -0.002353072, 0.4446484)
(0.6844103, -0.003476501, 0.4479606)
(0.685294, -0.004812121, 0.4512137)
(0.6861486, -0.005875468, 0.45421)
(0.6868961, -0.006798387, 0.4567131)
(0.6873612, -0.008004189, 0.4591113)
(0.688054, -0.009065509, 0.4609786)
(0.6886401, -0.009930849, 0.4624639)
(0.6892518, -0.01049089, 0.4634434)
(0.6891779, -0.01068771, 0.4630177)
(0.6884052, -0.008738875, 0.4612473)
(0.6884766, -0.007551789, 0.4601535)
(0.6882544, -0.006626248, 0.4596591)
(0.688679, -0.006869674, 0.4603055)
(0.6885039, -0.008132458, 0.4618378)
(0.6887382, -0.008983612, 0.4630495)
(0.6886079, -0.009702325, 0.4639441)
(0.6882364, -0.01012433, 0.4646821)
(0.6880425, -0.01023865, 0.4650464)
(0.6877028, -0.01047421, 0.4652469)
(0.6878849, -0.01019645, 0.464501)
(0.687835, -0.0103724, 0.4648159)
(0.68815, -0.01070857, 0.4653628)
(0.688474, -0.01059413, 0.4656938)
(0.6884877, -0.0105834, 0.4664117)
(0.6882875, -0.01039183, 0.4671117)
(0.688249, -0.009970307, 0.4677384)
(0.6884264, -0.009785056, 0.4681118)
(0.688391, -0.009643555, 0.4685556)
(0.6884624, -0.009609342, 0.4689008)
(0.6886991, -0.009760976, 0.4694244)
(0.6887808, -0.0096066, 0.4700906)
(0.6888523, -0.00931263, 0.4707574)
(0.6887984, -0.008998275, 0.4715539)
(0.6889175, -0.008579373, 0.4721801)
(0.6891558, -0.008095264, 0.4729289)
(0.689506, -0.007665038, 0.4733938)
(0.689796, -0.007137418, 0.4742402)
(0.6897708, -0.006770134, 0.4751937)
(0.6899334, -0.006058931, 0.4763548)
(0.6901963, -0.005353093, 0.4776478)
(0.6903589, -0.004376888, 0.4787078)
(0.6907631, -0.003698111, 0.4795445)
(0.6909776, -0.002581477, 0.4806756)
(0.6910889, -0.001174927, 0.4822906)
(0.6912972, 0.0004487038, 0.4839209)
(0.6911421, 0.002145886, 0.4853247)
(0.6912544, 0.003926396, 0.4866167)
(0.6912699, 0.005956888, 0.4881953)
(0.6910288, 0.008529186, 0.4901812)
(0.6909587, 0.01091731, 0.4929215)
(0.6912734, 0.01299345, 0.4950564)
(0.6916984, 0.01510799, 0.4971021)
(0.6923997, 0.01757133, 0.4990035)
(0.693103, 0.02027929, 0.500788)
(0.6943293, 0.02396333, 0.5012122)
(0.6952333, 0.02756381, 0.5016085)
(0.696202, 0.03265905, 0.5004607)
(0.6973906, 0.03791189, 0.4996138)
(0.698786, 0.04393625, 0.4996052)
(0.6998488, 0.04928589, 0.5000082)
(0.7013271, 0.05483866, 0.5012381)
(0.7025307, 0.0602268, 0.5027348)
(0.7035956, 0.06576645, 0.5045677)
(0.7047595, 0.07125723, 0.5066552)
(0.7059585, 0.07678688, 0.5085866)
(0.7070134, 0.08223855, 0.5110879)
(0.7081342, 0.0874778, 0.5136369)
(0.709652, 0.09351909, 0.5161406)
(0.7107954, 0.09837592, 0.5191733)
(0.7121322, 0.1028322, 0.5224317)
(0.7137564, 0.1076601, 0.5252938)
(0.7147806, 0.1116601, 0.5288057)
(0.7161444, 0.1156465, 0.5324296)
(0.7175748, 0.1197639, 0.5360256)
(0.7184436, 0.1234096, 0.5403119)
(0.7192053, 0.1264661, 0.5446566)
(0.7199882, 0.1296893, 0.5493861)
(0.7208151, 0.1325771, 0.5538269)
(0.7219878, 0.1350434, 0.5586319)
(0.7228873, 0.1374985, 0.5632288)
(0.7238718, 0.1397915, 0.5682192)
(0.7251401, 0.1418257, 0.5735509)
(0.7260304, 0.1437094, 0.5788797)
(0.7266492, 0.1455638, 0.5842314)
(0.7275605, 0.1466084, 0.5897826)
(0.7284222, 0.1469972, 0.5963168)
(0.7291345, 0.1478461, 0.6020892)
(0.730049, 0.1482127, 0.6083249)
(0.7307993, 0.1483809, 0.6146498)
(0.7318326, 0.1483272, 0.6208562)
(0.7328128, 0.1483884, 0.6271796)
(0.7337754, 0.1479662, 0.6337014)
(0.734427, 0.1476087, 0.6403834)
(0.7352693, 0.1470119, 0.647086)
(0.736216, 0.146107, 0.654592)
(0.7371165, 0.1454692, 0.661437)
(0.7381019, 0.1445768, 0.6685004)
(0.7387887, 0.1434089, 0.6756427)
(0.7396149, 0.1423977, 0.6824573)
(0.740406, 0.1412835, 0.6890093)
(0.7409281, 0.1395996, 0.6959835)
(0.7418436, 0.1381097, 0.7022072)
(0.7426368, 0.1369346, 0.7087318)
(0.7431893, 0.1354555, 0.7159349)
(0.7438186, 0.134371, 0.7217704)
(0.7445407, 0.13318, 0.7271757)
(0.7449058, 0.1318552, 0.7322768)
(0.745296, 0.1306542, 0.7372268)
(0.7457072, 0.1294983, 0.7411968)
(0.7458135, 0.1282927, 0.7445159)
(0.7460692, 0.1274052, 0.7470511)
(0.7466139, 0.1265472, 0.7492481)
(0.7470452, 0.1255946, 0.7512611)
(0.7474958, 0.1247292, 0.752941)
(0.7480991, 0.1238396, 0.7532203)
(0.7483509, 0.1225637, 0.7544053)
(0.7489241, 0.1213254, 0.7547624)
(0.7497132, 0.1200705, 0.755337)
(0.7501928, 0.1184779, 0.7554926)
(0.7507066, 0.117167, 0.7554808)
(0.751101, 0.1155546, 0.7551333)
(0.7516858, 0.1136895, 0.7550093)
(0.752306, 0.1121874, 0.7553334)
(0.7539353, 0.111156, 0.7566704)
(0.7554755, 0.1110768, 0.7568119)
(0.7549024, 0.113606, 0.7573434)
(0.7541696, 0.1152995, 0.7570673)
(0.7535457, 0.1159543, 0.7576289)
(0.7530785, 0.1161626, 0.7579985)
(0.7526978, 0.1161382, 0.758274)
(0.7527007, 0.1158879, 0.7586129)
(0.7532222, 0.115125, 0.7590905)
(0.7536668, 0.1142181, 0.7592393)
(0.7542468, 0.113973, 0.7592784)
(0.7542759, 0.1137503, 0.7594543)
(0.7540907, 0.1137225, 0.759496)
(0.7539549, 0.1137464, 0.7594837)
(0.7535461, 0.1139609, 0.7596319)
(0.7534732, 0.1139563, 0.7600309)
(0.7533314, 0.1139159, 0.7603229)
(0.7534111, 0.1138675, 0.7609415)
(0.7534911, 0.1136225, 0.7616223)
(0.7535427, 0.1134057, 0.762218)
(0.7535506, 0.1133003, 0.7626485)
(0.7534894, 0.1132787, 0.7629483)
(0.7535639, 0.1134702, 0.7630875)
(0.7535528, 0.1136122, 0.7632769)
(0.753637, 0.113816, 0.7636199)
(0.7537974, 0.1138909, 0.7640791)
(0.7538823, 0.1141205, 0.7646095)
(0.7542754, 0.1142734, 0.7656958)
(0.7543514, 0.1142859, 0.7667165)
(0.7544844, 0.1144816, 0.7675351)
(0.7545838, 0.1149688, 0.7682749)
(0.7546917, 0.1154844, 0.7689795)
(0.7548264, 0.1162841, 0.7696551)
(0.7546948, 0.1172265, 0.7703818)
(0.7548362, 0.1184718, 0.7711687)
(0.7548454, 0.1196995, 0.7720903)
(0.7547981, 0.1210458, 0.7729458)
(0.7549036, 0.1223167, 0.7739142)
(0.7551237, 0.1236679, 0.7752358)
(0.7557841, 0.1248143, 0.7767595)
(0.7562229, 0.1261239, 0.7780941)
(0.7566465, 0.1279113, 0.7795974)
(0.7571151, 0.1295229, 0.7807499)
(0.7575764, 0.1312816, 0.7825093)
(0.7578468, 0.1328442, 0.7843221)
(0.7579026, 0.1347397, 0.7859727)
(0.7581677, 0.1364225, 0.7876606)
(0.7580687, 0.1382362, 0.789021)
(0.7575898, 0.1402603, 0.7906078)
(0.7571406, 0.1422511, 0.7919486)
(0.7562115, 0.1446937, 0.793033)
(0.754955, 0.1472507, 0.7934064)
(0.7542139, 0.1498342, 0.7937839)
(0.7531047, 0.1523852, 0.7941225)
(0.7518945, 0.1550746, 0.7943625)
(0.7511441, 0.1575913, 0.7943839)
(0.7500114, 0.1602513, 0.7943546)
(0.7489254, 0.1630237, 0.7945223)
(0.7478088, 0.1656497, 0.7943988)
(0.7463879, 0.1686545, 0.7942766)
(0.7446053, 0.1719768, 0.7942544)
(0.7427817, 0.1752756, 0.7941861)
(0.7411889, 0.1783867, 0.7942351)
(0.7393939, 0.181522, 0.7946023)
(0.7382221, 0.1844197, 0.7948434)
(0.7369881, 0.1873026, 0.7952148)
(0.7353692, 0.1903654, 0.7957044)
(0.7343651, 0.1931065, 0.7965716)
(0.7332636, 0.1957886, 0.7975804)
(0.7319327, 0.198756, 0.7989538)
(0.731082, 0.2012202, 0.8001213)
(0.7302347, 0.2035625, 0.8014805)
(0.7296684, 0.2056913, 0.8033825)
(0.7294931, 0.2075758, 0.805156)
(0.7289434, 0.2091352, 0.8071277)
(0.7284822, 0.2107816, 0.8093011)
(0.7285477, 0.2115907, 0.8120457)
(0.7283202, 0.2127724, 0.8146621)
(0.7285548, 0.2136655, 0.818037)
(0.729176, 0.2139928, 0.8210328)
(0.7294984, 0.2144135, 0.8244154)
(0.7305003, 0.2142391, 0.827638)
(0.7314175, 0.2140532, 0.8307291)
(0.7327643, 0.2134273, 0.8343875)
(0.7338339, 0.2128454, 0.8378104)
(0.7355125, 0.2114152, 0.8415667)
(0.7371475, 0.2104684, 0.8454531)
(0.7387695, 0.2089725, 0.8495413)
(0.7404197, 0.2074762, 0.8532233)
(0.7419388, 0.2058736, 0.856819)
(0.7434829, 0.2042442, 0.8605787)
(0.7451241, 0.2024371, 0.8644624)
(0.7471745, 0.2007616, 0.8684288)
(0.7490276, 0.198778, 0.872048)
(0.7508872, 0.1968457, 0.8758638)
(0.7533075, 0.1944966, 0.8792927)
(0.7551785, 0.1923841, 0.8835008)
(0.7576082, 0.191576, 0.8860526)
(0.759711, 0.18989, 0.889343)
(0.7612995, 0.1886162, 0.8925345)
(0.762827, 0.1871096, 0.8959349)
(0.7646915, 0.1856392, 0.8988119)
(0.7664303, 0.1843225, 0.9019578)
(0.7682053, 0.1828874, 0.9051666)
(0.7699085, 0.1813681, 0.9083347)
(0.7717049, 0.1797134, 0.9117094)
(0.7735816, 0.1783934, 0.9147588)
(0.7753366, 0.1769764, 0.9179746)
(0.7745358, 0.1796826, 0.9158366)
(0.7758784, 0.1790117, 0.9175402)
(0.7778234, 0.1769742, 0.9172814)
(0.7790727, 0.1761006, 0.9190036)
(0.7804932, 0.1752952, 0.9208219)
(0.7819401, 0.1744763, 0.9225934)
(0.7835279, 0.1735434, 0.9245493)
(0.7798415, 0.1757275, 0.9113288)
(0.7752023, 0.1724939, 0.9175942)
(0.7752865, 0.170823, 0.9194735)
(0.7758504, 0.1694921, 0.9212223)
(0.7743738, 0.1712764, 0.9250387)
(0.7723665, 0.17015, 0.9267727)
(0.775475, 0.1682206, 0.9334142)
(0.776881, 0.1679322, 0.9407417)
(0.7745915, 0.1738535, 0.9102433)
(0.7749375, 0.1737777, 0.9096079)
(0.7750437, 0.1736721, 0.9090164)
(0.7752792, 0.1717347, 0.9199557)
(0.7766814, 0.1739706, 0.9175512)
(0.7768956, 0.1737399, 0.9176371)
(0.7769333, 0.1734908, 0.9176345)
(0.7770391, 0.1732499, 0.9177328)
(0.7771541, 0.1729602, 0.9177785)
(0.7761918, 0.1733485, 0.917887)
(0.7763181, 0.1730757, 0.9178107)
(0.7773772, 0.1738785, 0.9169134)
(0.7775067, 0.1740182, 0.9167062)
(0.778529, 0.174827, 0.9157772)
(0.7786812, 0.1754333, 0.9159356)
(0.7790846, 0.1755875, 0.9158534)
(0.7790049, 0.175554, 0.9159991)
(0.7787975, 0.175404, 0.9156798)
(0.7787994, 0.1753886, 0.9158348)
(0.7790106, 0.1754785, 0.915877)
(0.7790159, 0.1755728, 0.9158672)
(0.779204, 0.1757561, 0.9160755)
(0.7791241, 0.1755539, 0.9163393)
(0.7790818, 0.1755403, 0.9163132)
(0.779102, 0.1755973, 0.9164289)
(0.7791582, 0.1756335, 0.9164325)
(0.7791725, 0.1756536, 0.9165637)
(0.7790797, 0.1756442, 0.9165937)
(0.779012, 0.1755898, 0.9167011)
(0.7792972, 0.1752563, 0.9164596)
(0.7791316, 0.1752215, 0.9162219)
(0.7791979, 0.1752369, 0.916068)
(0.7791222, 0.175279, 0.9159827)
(0.7791514, 0.1752722, 0.915899)
(0.7790682, 0.1751532, 0.9158989)
(0.7788844, 0.1752948, 0.9160171)
