(0.6697348, 1.104268, 0.4249439)
(0.6696844, 1.104254, 0.4247158)
(0.6694797, 1.104213, 0.4244292)
(0.669185, 1.104163, 0.4241359)
(0.6688145, 1.10389, 0.4240179)
(0.6686149, 1.103771, 0.4238119)
(0.6683136, 1.103631, 0.4235904)
(0.6680197, 1.103575, 0.4232402)
(0.6677425, 1.103432, 0.4229565)
(0.6674321, 1.103367, 0.4227173)
(0.6671237, 1.103305, 0.4223723)
(0.6667304, 1.103252, 0.4221158)
(0.6663339, 1.10323, 0.4219449)
(0.6658981, 1.10323, 0.4218309)
(0.6655591, 1.103105, 0.4216938)
(0.665035, 1.103066, 0.4216323)
(0.6645745, 1.103075, 0.4216444)
(0.6642362, 1.102923, 0.4216228)
(0.6637232, 1.102817, 0.4216611)
(0.6633438, 1.102741, 0.4217103)
(0.6629617, 1.102644, 0.4217775)
(0.6626337, 1.102578, 0.4219928)
(0.6621792, 1.102504, 0.4222801)
(0.6615694, 1.10259, 0.4226201)
(0.660849, 1.102562, 0.4225988)
(0.6602546, 1.102611, 0.4227436)
(0.6596603, 1.102571, 0.4229732)
(0.6590852, 1.102661, 0.4234309)
(0.6583942, 1.102777, 0.4238915)
(0.657689, 1.102835, 0.4242005)
(0.6568028, 1.102958, 0.4246111)
(0.6558627, 1.102985, 0.4250979)
(0.6548382, 1.102994, 0.4255245)
(0.6537886, 1.102948, 0.425967)
(0.6524384, 1.102615, 0.426722)
(0.6512593, 1.102497, 0.4272373)
(0.6499738, 1.102402, 0.4278762)
(0.6485442, 1.102615, 0.4280989)
(0.64695, 1.102639, 0.4286785)
(0.6452496, 1.102639, 0.4292207)
(0.643427, 1.102524, 0.429857)
(0.6416419, 1.102342, 0.4303932)
(0.6395578, 1.102083, 0.4310904)
(0.6372707, 1.101949, 0.4316554)
(0.6349494, 1.10178, 0.432313)
(0.6325022, 1.101586, 0.4329824)
(0.6300493, 1.101459, 0.4335341)
(0.6271962, 1.101354, 0.4339178)
(0.6246642, 1.101307, 0.4344845)
(0.6219866, 1.101351, 0.4348896)
(0.6193609, 1.101418, 0.4353075)
(0.6168486, 1.101431, 0.4356008)
(0.6139804, 1.101276, 0.4360054)
(0.6117347, 1.101091, 0.4361718)
(0.6094155, 1.101062, 0.4364796)
(0.6068949, 1.100861, 0.436816)
(0.6047616, 1.100804, 0.4370446)
(0.6027783, 1.10095, 0.4373276)
(0.6009836, 1.101243, 0.4375048)
(0.5992844, 1.101519, 0.4374712)
(0.5976851, 1.101872, 0.4374602)
(0.5961354, 1.102478, 0.4372871)
(0.594659, 1.103071, 0.4373727)
(0.5935664, 1.103848, 0.4374957)
(0.5923684, 1.104496, 0.4379327)
(0.5912982, 1.105243, 0.4381173)
(0.5902824, 1.105926, 0.4383278)
(0.5891804, 1.106496, 0.4385998)
(0.5881679, 1.107157, 0.4389219)
(0.5874426, 1.107627, 0.4392316)
(0.5866498, 1.108332, 0.4395297)
(0.5858983, 1.108972, 0.4401729)
(0.5853029, 1.10953, 0.4407425)
(0.5847788, 1.110044, 0.4414358)
(0.5842969, 1.110525, 0.4421608)
(0.5838379, 1.110942, 0.4428561)
(0.5835458, 1.11132, 0.4437151)
(0.5833117, 1.111549, 0.4444377)
(0.5828967, 1.111818, 0.4451959)
(0.5826136, 1.11227, 0.4459944)
(0.5824158, 1.112571, 0.4469602)
(0.5822374, 1.112931, 0.4479153)
(0.5822854, 1.113267, 0.4491019)
(0.5821716, 1.113612, 0.4501624)
(0.5821174, 1.113885, 0.4512756)
(0.582119, 1.114106, 0.4524689)
(0.5821205, 1.114295, 0.45366)
(0.5821832, 1.114453, 0.4548788)
(0.5823903, 1.114787, 0.4560328)
(0.5827767, 1.114703, 0.4572411)
(0.5830961, 1.114672, 0.4586592)
(0.583366, 1.114639, 0.4600029)
(0.5835907, 1.114614, 0.4614146)
(0.5839196, 1.11448, 0.4627879)
(0.5844001, 1.114333, 0.4640822)
(0.5850139, 1.114002, 0.4655006)
(0.5855482, 1.113632, 0.4668972)
(0.5859483, 1.113373, 0.4681704)
(0.5864896, 1.113032, 0.4696481)
(0.5872557, 1.112649, 0.4712064)
(0.5876685, 1.112007, 0.4727492)
(0.5886632, 1.111287, 0.4740219)
(0.589705, 1.110774, 0.4757814)
(0.5904952, 1.110319, 0.4772687)
(0.5915922, 1.10982, 0.4789283)
(0.5929283, 1.109461, 0.4810169)
(0.5939988, 1.109027, 0.4828918)
(0.5953948, 1.108409, 0.4847722)
(0.596864, 1.107825, 0.4870174)
(0.5982869, 1.107231, 0.4890802)
(0.5999298, 1.106352, 0.4911582)
(0.6017749, 1.105538, 0.4937611)
(0.603613, 1.104828, 0.4963994)
(0.6053047, 1.104316, 0.4992962)
(0.6073611, 1.103796, 0.5022061)
(0.6096113, 1.103371, 0.5053179)
(0.6117933, 1.102815, 0.5082068)
(0.6138581, 1.102178, 0.5113616)
(0.6161815, 1.101689, 0.5146804)
(0.6185524, 1.101262, 0.5181515)
(0.621178, 1.100845, 0.5216854)
(0.6237161, 1.100485, 0.525007)
(0.626295, 1.100061, 0.5285008)
(0.6291193, 1.099578, 0.5321782)
(0.632046, 1.09906, 0.5360136)
(0.6349323, 1.098729, 0.5397012)
(0.6377738, 1.098529, 0.5434315)
(0.6406053, 1.098282, 0.5473883)
(0.6434629, 1.098194, 0.551203)
(0.6463748, 1.098022, 0.554914)
(0.6494116, 1.097805, 0.5586288)
(0.6526148, 1.09752, 0.5621552)
(0.6559424, 1.097407, 0.566)
(0.6596174, 1.097489, 0.5702252)
(0.6628249, 1.09778, 0.5741878)
(0.6660872, 1.098363, 0.5780945)
(0.6692815, 1.098779, 0.5822864)
(0.6728165, 1.099401, 0.5862687)
(0.6764462, 1.100172, 0.5904653)
(0.6800133, 1.100947, 0.5946069)
(0.6836283, 1.101856, 0.5986917)
(0.6875229, 1.103288, 0.6027031)
(0.6917833, 1.105043, 0.6070125)
(0.6957982, 1.106751, 0.610707)
(0.6996875, 1.109306, 0.614238)
(0.7035384, 1.112067, 0.6179867)
(0.7078501, 1.115295, 0.6214123)
(0.7119706, 1.11867, 0.6251419)
(0.7158333, 1.122669, 0.6285834)
(0.719944, 1.126843, 0.6315784)
(0.7234987, 1.131437, 0.6348221)
(0.7271233, 1.136205, 0.6384249)
(0.7304828, 1.140655, 0.6414349)
(0.7335017, 1.14536, 0.6444523)
(0.7366138, 1.149973, 0.6469452)
(0.7394954, 1.154119, 0.6492591)
(0.7423725, 1.158178, 0.6518712)
(0.7452117, 1.16204, 0.6539178)
(0.7478088, 1.165577, 0.6560595)
(0.7503868, 1.169047, 0.6581807)
(0.7534322, 1.173323, 0.6599867)
(0.755563, 1.176723, 0.6619027)
(0.7577248, 1.179887, 0.6636267)
(0.7601124, 1.183417, 0.6648593)
(0.7620107, 1.186388, 0.6665144)
(0.7639725, 1.189064, 0.6679876)
(0.7659063, 1.191586, 0.6692302)
(0.767684, 1.194158, 0.6706498)
(0.7694669, 1.196395, 0.6718392)
(0.771461, 1.198812, 0.673178)
(0.7732208, 1.201131, 0.674567)
(0.7750014, 1.203147, 0.6758888)
(0.7767596, 1.205041, 0.6770539)
(0.7785897, 1.206594, 0.678092)
(0.7802323, 1.208281, 0.6792142)
(0.7816489, 1.209801, 0.6803186)
(0.7830268, 1.211267, 0.6816032)
(0.7842168, 1.212626, 0.6824753)
(0.7855015, 1.213991, 0.6838126)
(0.7867885, 1.215331, 0.6849384)
(0.7880299, 1.216499, 0.686229)
(0.7890141, 1.217446, 0.6873906)
(0.7900747, 1.218441, 0.6885197)
(0.7910932, 1.219459, 0.6898148)
(0.7920282, 1.220436, 0.6910496)
(0.7929094, 1.221403, 0.6923063)
(0.7936943, 1.222337, 0.6935215)
(0.7944541, 1.22324, 0.6948214)
(0.7952242, 1.224046, 0.6959772)
(0.7957807, 1.224631, 0.6969924)
(0.7965221, 1.225296, 0.6981955)
(0.7973524, 1.225844, 0.6993237)
(0.7980561, 1.226477, 0.700676)
(0.7988403, 1.227231, 0.7018583)
(0.7994694, 1.227794, 0.7032378)
(0.7999821, 1.228204, 0.7044861)
(0.8006005, 1.228571, 0.7059755)
(0.8011121, 1.228903, 0.707382)
(0.801638, 1.229121, 0.7090986)
(0.8021863, 1.229414, 0.7106025)
(0.8026011, 1.229715, 0.7123084)
(0.8029299, 1.229946, 0.7139819)
(0.8031369, 1.229942, 0.7158093)
(0.8035297, 1.229919, 0.7173405)
(0.8037587, 1.22993, 0.7190347)
(0.8039258, 1.229699, 0.7208118)
(0.8040481, 1.229691, 0.7225065)
(0.804081, 1.229564, 0.7241578)
(0.804265, 1.229708, 0.7256777)
(0.8040775, 1.22972, 0.727447)
(0.8039029, 1.229558, 0.7291203)
(0.8037442, 1.229348, 0.7305601)
(0.8034682, 1.22906, 0.7320776)
(0.8030785, 1.228606, 0.7335405)
(0.8027697, 1.228261, 0.7351272)
(0.8024726, 1.227821, 0.7367213)
(0.8018963, 1.227482, 0.7387843)
(0.8013468, 1.227075, 0.7408211)
(0.8008181, 1.226596, 0.742939)
(0.8002298, 1.225942, 0.7453241)
(0.7993724, 1.224957, 0.7478347)
(0.7985628, 1.223821, 0.750576)
(0.7976263, 1.222544, 0.7532036)
(0.7968005, 1.221306, 0.7562482)
(0.7959611, 1.220295, 0.7591517)
(0.7951735, 1.219368, 0.762244)
(0.7945324, 1.218578, 0.7651017)
(0.7937859, 1.217788, 0.7682798)
(0.7930264, 1.217056, 0.7716966)
(0.7925458, 1.21621, 0.7752156)
(0.7917936, 1.21563, 0.7790446)
(0.790828, 1.214871, 0.7825661)
(0.7897691, 1.213607, 0.7868679)
(0.7891411, 1.212472, 0.7903926)
(0.7880797, 1.211404, 0.7943349)
(0.7871628, 1.210683, 0.7981834)
(0.7859946, 1.210207, 0.8025217)
(0.7849597, 1.210019, 0.8068984)
(0.7839011, 1.209726, 0.8111742)
(0.7828171, 1.20978, 0.8156559)
(0.7818222, 1.209517, 0.8201745)
(0.7804229, 1.208806, 0.8252029)
(0.7792032, 1.208321, 0.8296695)
(0.7778115, 1.207755, 0.8343701)
(0.7764878, 1.207274, 0.8390241)
(0.7749401, 1.207105, 0.8439765)
(0.7734689, 1.207086, 0.8489838)
(0.7719028, 1.207251, 0.8538761)
(0.770246, 1.207508, 0.8588562)
(0.768651, 1.207951, 0.8638787)
(0.7667425, 1.208496, 0.8693717)
(0.7650015, 1.209098, 0.874424)
(0.7630816, 1.210124, 0.8795733)
(0.7611463, 1.210776, 0.8848155)
(0.7591085, 1.21192, 0.8899548)
(0.7570578, 1.213027, 0.8950498)
(0.7551007, 1.214375, 0.9001324)
(0.75288, 1.215948, 0.9051309)
(0.7506407, 1.21773, 0.9099905)
(0.748282, 1.219956, 0.9153042)
(0.7463477, 1.222233, 0.9200861)
(0.7443746, 1.225005, 0.9252446)
(0.7425051, 1.227634, 0.9304292)
(0.7405277, 1.230744, 0.9356592)
(0.7383574, 1.233826, 0.9404614)
(0.736522, 1.236627, 0.9454446)
(0.7343074, 1.239867, 0.950021)
(0.7322633, 1.242998, 0.9539478)
(0.7303214, 1.246528, 0.9584281)
(0.7286942, 1.249816, 0.9625492)
(0.7275013, 1.253439, 0.9662435)
(0.7261209, 1.256837, 0.970032)
(0.7247735, 1.26048, 0.9733477)
(0.7234514, 1.26409, 0.9765801)
(0.7220222, 1.267591, 0.9795437)
(0.7202392, 1.271227, 0.9827504)
(0.7188249, 1.274663, 0.9852827)
(0.7173879, 1.278538, 0.9876435)
(0.7158611, 1.282208, 0.9900358)
(0.714865, 1.285955, 0.9919128)
(0.7137837, 1.289869, 0.9937396)
(0.7125965, 1.293815, 0.9955215)
(0.7116187, 1.297727, 0.9974508)
(0.7105489, 1.301586, 0.9992077)
(0.7094759, 1.305263, 1.001016)
(0.7084762, 1.308665, 1.002651)
(0.7074456, 1.312087, 1.004538)
(0.7060837, 1.315439, 1.006605)
(0.7052903, 1.317895, 1.008071)
(0.7044902, 1.320717, 1.00946)
(0.7037516, 1.323049, 1.010784)
(0.7029364, 1.325206, 1.011726)
(0.7023892, 1.327617, 1.012758)
(0.7017286, 1.329589, 1.013824)
(0.7009932, 1.33161, 1.015008)
(0.7004306, 1.333371, 1.015943)
(0.6997924, 1.334804, 1.016818)
(0.6992666, 1.336188, 1.017828)
(0.6987798, 1.337729, 1.018587)
(0.6982725, 1.33891, 1.019323)
(0.6979203, 1.340119, 1.020233)
(0.6973903, 1.341285, 1.021109)
(0.697084, 1.34242, 1.021923)
(0.6967525, 1.343388, 1.02284)
(0.6964359, 1.344307, 1.023622)
(0.696157, 1.344964, 1.024213)
(0.6960618, 1.345392, 1.024902)
(0.6960495, 1.346065, 1.025488)
(0.6961559, 1.346493, 1.026105)
(0.6961561, 1.346958, 1.026663)
(0.6963606, 1.347491, 1.027203)
(0.6964159, 1.347936, 1.027804)
(0.6965503, 1.348364, 1.028486)
(0.6967113, 1.348662, 1.028997)
(0.6968118, 1.348932, 1.029471)
(0.6970898, 1.349231, 1.030089)
(0.6972313, 1.349345, 1.030736)
(0.6975975, 1.3496, 1.031197)
(0.6979817, 1.34985, 1.031744)
(0.6980351, 1.350027, 1.03228)
(0.6986321, 1.35004, 1.032556)
(0.6991796, 1.350201, 1.033212)
(0.6996486, 1.350337, 1.033654)
(0.7002367, 1.3503, 1.033886)
(0.7009037, 1.350325, 1.034292)
(0.7014022, 1.350455, 1.034492)
(0.7021852, 1.350466, 1.034575)
(0.7028959, 1.350558, 1.034806)
(0.7036029, 1.350771, 1.0348)
(0.7043839, 1.350855, 1.034879)
(0.7053137, 1.350909, 1.034977)
(0.7063076, 1.351034, 1.034898)
(0.70727, 1.350968, 1.034834)
(0.708364, 1.350678, 1.034629)
(0.709242, 1.350338, 1.034517)
(0.7103202, 1.34991, 1.034287)
(0.7115939, 1.349391, 1.034199)
(0.7130067, 1.348438, 1.033794)
(0.7142105, 1.347855, 1.033692)
(0.7157288, 1.346983, 1.03338)
(0.7172534, 1.346416, 1.032921)
(0.7186005, 1.345768, 1.032465)
(0.7200181, 1.345378, 1.032028)
(0.721231, 1.344798, 1.031799)
(0.7223754, 1.345129, 1.031529)
(0.7234459, 1.345615, 1.031131)
(0.7245978, 1.346214, 1.030839)
(0.725791, 1.346663, 1.030471)
(0.7267921, 1.347452, 1.030139)
(0.727694, 1.347832, 1.030071)
(0.7288834, 1.348239, 1.029953)
(0.7300045, 1.348665, 1.030119)
(0.7312241, 1.348988, 1.030135)
(0.7323542, 1.349135, 1.030268)
(0.7333882, 1.349167, 1.030358)
(0.7344618, 1.349185, 1.030475)
(0.7354882, 1.349137, 1.030645)
(0.7362629, 1.349021, 1.030779)
(0.7371923, 1.349107, 1.030735)
(0.7380426, 1.349086, 1.030851)
(0.738542, 1.348964, 1.030679)
(0.7392044, 1.349007, 1.030695)
(0.7397964, 1.349195, 1.030697)
(0.7403712, 1.349538, 1.03073)
(0.7409658, 1.349956, 1.030643)
(0.7417347, 1.350187, 1.030528)
(0.7423826, 1.35047, 1.030734)
(0.7429584, 1.35063, 1.030737)
(0.7436042, 1.350716, 1.030768)
(0.7442646, 1.35073, 1.030934)
(0.7446024, 1.350624, 1.030987)
(0.7450635, 1.350644, 1.031014)
(0.7456217, 1.350597, 1.030952)
(0.7461435, 1.350619, 1.030796)
(0.7465945, 1.350678, 1.03076)
(0.7469037, 1.350679, 1.030588)
(0.7472117, 1.350664, 1.030517)
(0.7477734, 1.350497, 1.030171)
(0.7480597, 1.350538, 1.029892)
(0.7482923, 1.350572, 1.029677)
(0.7485757, 1.350573, 1.029427)
(0.7487612, 1.350592, 1.02923)
(0.7487321, 1.350564, 1.029048)
(0.7487895, 1.350618, 1.028894)
