(5.22255, 0.2313091, 5.882008)
(5.221981, 0.2305649, 5.882657)
(5.222692, 0.2309495, 5.882469)
(5.222412, 0.2308596, 5.882497)
(5.221387, 0.2297771, 5.883288)
(5.221095, 0.2295259, 5.883596)
(5.220947, 0.2278063, 5.88513)
(5.220617, 0.227042, 5.885777)
(5.220644, 0.2255265, 5.887362)
(5.220794, 0.2258748, 5.887204)
(5.221007, 0.226197, 5.887155)
(5.221151, 0.2268164, 5.886516)
(5.222054, 0.2282024, 5.885192)
(5.22261, 0.2303416, 5.882977)
(5.222575, 0.233384, 5.879644)
(5.223021, 0.2381926, 5.874531)
(5.224377, 0.2439477, 5.868942)
(5.225914, 0.2513554, 5.862852)
(5.226277, 0.2557897, 5.858655)
(5.226501, 0.2582528, 5.856351)
(5.226971, 0.257724, 5.856652)
(5.229225, 0.2545744, 5.8601)
(5.231204, 0.250146, 5.865063)
(5.232795, 0.2460081, 5.870197)
(5.237051, 0.2433231, 5.875001)
(5.241111, 0.2358823, 5.883823)
(5.245028, 0.2150456, 5.903036)
(5.253443, 0.2027485, 5.915327)
(5.269518, 0.2015292, 5.917207)
(5.286611, 0.2073449, 5.913875)
(5.306795, 0.2206854, 5.898567)
(5.312969, 0.2263377, 5.885727)
(5.291587, 0.2403868, 5.874893)
(5.311173, 0.2583218, 5.86464)
(5.285164, 0.05372833, 5.97909)
(5.250982, 6.148394, 6.15091)
(5.263999, 0.0307095, 6.001969)
(5.292259, 0.1562624, 5.819543)
(5.308208, 0.185998, 5.763607)
(5.324865, 0.1795198, 5.756978)
(5.330892, 0.165537, 5.75353)
(5.329267, 0.08090428, 5.818988)
(5.331355, 0.04419329, 5.842206)
(5.332589, 0.02677734, 5.853539)
(5.325666, 0.02046055, 5.869244)
(5.316579, 0.03951362, 5.866777)
(5.309508, 0.05485657, 5.868888)
(5.312238, 0.06185992, 5.877956)
(5.322989, 0.07357936, 5.883963)
(5.329363, 0.08285832, 5.886917)
(5.319963, 0.0969195, 5.880913)
(5.303904, 0.1065527, 5.87478)
(5.286998, 0.1099173, 5.873846)
(5.26016, 0.1276341, 5.850751)
(5.233517, 0.1520716, 5.824718)
(5.211088, 0.1676636, 5.806059)
(5.197051, 0.1456004, 5.824768)
(5.189972, 0.06275393, 5.906521)
(5.180948, 0.008238008, 5.96817)
(5.158737, 0.05191045, 5.952741)
(5.150824, 0.1297423, 5.8894)
(5.142718, 0.1616304, 5.87346)
(5.138428, 0.2313687, 5.821362)
(5.135109, 0.2732498, 5.789126)
(5.124714, 0.2662398, 5.794299)
(5.119442, 0.2727403, 5.797022)
(5.121946, 0.2932564, 5.782077)
(5.120784, 0.3187673, 5.755595)
(5.10458, 0.2898718, 5.769039)
(5.094354, 0.2835929, 5.775696)
(5.078476, 0.2559717, 5.798608)
(5.074034, 0.209164, 5.846143)
(5.071464, 0.1955293, 5.867299)
(5.082524, 0.2660967, 5.756052)
(5.084215, 0.3488416, 5.671198)
(5.229564, 0.5268847, 5.588142)
(5.36752, 0.4241406, 5.608667)
(5.464771, 0.287656, 5.76039)
(5.299099, 0.1974378, 5.936559)
(5.171322, 0.2344871, 5.79683)
(5.023035, 0.6011168, 5.391257)
(4.954459, 0.8401242, 5.1552)
(4.954533, 0.4521936, 5.564815)
(5.036364, 0.327987, 5.698567)
(5.227007, 0.2645976, 5.778659)
(5.269794, 0.2380757, 5.811366)
(5.335017, 0.3581426, 5.731899)
(5.363877, 0.3334896, 5.750237)
(5.337523, 0.3109511, 5.767533)
(5.243515, 0.3249564, 5.738374)
(5.178792, 0.3498659, 5.70469)
(5.136945, 0.349263, 5.693674)
(5.139282, 0.3281137, 5.717601)
(5.181717, 0.2875714, 5.762517)
(5.222724, 0.2638485, 5.791478)
(5.240712, 0.2728608, 5.79093)
(5.256441, 0.279119, 5.786609)
(5.247486, 0.2732434, 5.790487)
(5.222784, 0.2797991, 5.778636)
(5.205503, 0.2832019, 5.772294)
(5.204387, 0.276682, 5.776699)
(5.214038, 0.2690638, 5.782278)
(5.232401, 0.2667287, 5.786673)
(5.23882, 0.2791202, 5.775399)
(5.237922, 0.2841446, 5.76847)
(5.23445, 0.2973895, 5.755338)
(5.229887, 0.298741, 5.751196)
(5.230611, 0.291026, 5.758288)
(5.234013, 0.2859877, 5.762942)
(5.233891, 0.2851384, 5.763285)
(5.233398, 0.2809293, 5.766243)
(5.235501, 0.2873542, 5.75971)
(5.236788, 0.2946483, 5.751668)
(5.234581, 0.3017501, 5.743688)
(5.232732, 0.3072117, 5.737238)
(5.229692, 0.310952, 5.733304)
(5.225092, 0.3175949, 5.726381)
(5.227623, 0.3172203, 5.727568)
(5.230559, 0.3166146, 5.728351)
(5.229138, 0.3167306, 5.72742)
(5.227388, 0.3133235, 5.730583)
(5.225411, 0.3129683, 5.729616)
(5.227831, 0.3161094, 5.726756)
(5.232359, 0.3246768, 5.718609)
(5.233086, 0.3297626, 5.713485)
(5.231894, 0.3348556, 5.707884)
(5.23068, 0.336429, 5.705439)
(5.229631, 0.3395637, 5.702066)
(5.231081, 0.3418793, 5.699876)
(5.234075, 0.3419505, 5.699844)
(5.236719, 0.3426721, 5.699605)
(5.235204, 0.3478242, 5.694851)
(5.232696, 0.3478464, 5.695473)
(5.2332, 0.3491919, 5.694123)
(5.233609, 0.3457697, 5.697852)
(5.235412, 0.3456443, 5.69842)
(5.23835, 0.350488, 5.693176)
(5.242512, 0.3539465, 5.690393)
(5.248949, 0.3611428, 5.682831)
(5.249636, 0.3688959, 5.673994)
(5.249251, 0.3726609, 5.66892)
(5.250935, 0.3696586, 5.671997)
(5.254101, 0.3731308, 5.669281)
(5.258718, 0.3726944, 5.671137)
(5.260132, 0.3695272, 5.675605)
(5.263195, 0.3689372, 5.676924)
(5.267466, 0.3639212, 5.682707)
(5.271677, 0.3615484, 5.685792)
(5.280972, 0.3582388, 5.691304)
(5.289458, 0.3548199, 5.697709)
(5.294972, 0.3487727, 5.706338)
(5.304188, 0.3293304, 5.728332)
(5.315355, 0.3149114, 5.745929)
(5.326146, 0.3079289, 5.757418)
(5.341352, 0.2926726, 5.778449)
(5.357641, 0.2720524, 5.801137)
(5.374181, 0.2578597, 5.818543)
(5.406092, 0.2376149, 5.837761)
(5.450802, 0.199192, 5.870422)
(5.474513, 0.2615843, 5.814904)
(5.518967, 0.2598084, 5.803277)
(5.601521, 0.267468, 5.805943)
(5.660232, 0.2846778, 5.817273)
(5.683754, 0.2788641, 5.89239)
(5.739001, 0.2474019, 5.938023)
(5.746561, 0.2516338, 5.925183)
(5.678848, 0.2420627, 5.887586)
(5.607751, 0.247169, 5.812105)
(5.539225, 0.2571535, 5.77172)
(5.480586, 0.2161192, 5.784084)
(5.43713, 0.1723395, 5.804004)
(5.403878, 0.1816283, 5.781459)
(5.394091, 0.2253121, 5.719907)
(5.408204, 0.2220599, 5.705482)
(5.443938, 0.208041, 5.725396)
(5.485007, 0.2069397, 5.733443)
(5.498174, 0.2153981, 5.731073)
(5.498666, 0.2204324, 5.739911)
(5.485797, 0.2193076, 5.749187)
(5.461693, 0.2266798, 5.747121)
(5.438368, 0.2325945, 5.742468)
(5.398793, 0.241996, 5.729887)
(5.373544, 0.259165, 5.711671)
(5.348704, 0.2797307, 5.688623)
(5.329258, 0.2869981, 5.680508)
(5.311066, 0.2883355, 5.679364)
(5.308228, 0.315308, 5.664962)
(5.312285, 0.3169482, 5.673452)
(5.342758, 0.2581023, 5.742054)
(5.355157, 0.2368037, 5.76853)
(5.35167, 0.2561404, 5.756038)
(5.324374, 0.289288, 5.725977)
(5.23455, 0.3654779, 5.645331)
(5.206787, 0.4276767, 5.578901)
(5.197519, 0.4597627, 5.545632)
(5.177518, 0.4425012, 5.578756)
(5.144133, 0.4447061, 5.581441)
(5.130202, 0.471071, 5.54866)
(5.143637, 0.4711299, 5.552157)
(5.169433, 0.4624006, 5.566821)
(5.198651, 0.4632029, 5.57035)
(5.186021, 0.466599, 5.564624)
(5.182101, 0.4256516, 5.614777)
(5.210469, 0.3829831, 5.664746)
(5.232369, 0.3443674, 5.712669)
(5.235003, 0.3560123, 5.72412)
(5.217628, 0.3992979, 5.707951)
(5.198757, 0.4496835, 5.633992)
(5.220588, 0.5362535, 5.506454)
(5.34188, 0.4057899, 5.637212)
(5.308026, 0.4258203, 5.668535)
(5.251064, 0.3239924, 5.7578)
(5.212316, 0.2674138, 5.786862)
(5.136573, 0.2344231, 5.799445)
(5.106967, 0.1415731, 5.88875)
(5.153656, 0.218469, 5.828526)
(5.19331, 0.2631125, 5.799444)
(5.242352, 0.3228737, 5.757952)
(5.288579, 0.3467999, 5.746228)
(5.318568, 0.3643027, 5.724761)
(5.313492, 0.3512281, 5.733353)
(5.242698, 0.2921461, 5.782586)
(5.198635, 0.2749049, 5.792031)
(5.181377, 0.2455947, 5.814878)
(5.19275, 0.20926, 5.853611)
(5.210936, 0.1950662, 5.870547)
(5.237675, 0.2208231, 5.851939)
(5.238338, 0.2559282, 5.821321)
(5.225268, 0.2710981, 5.805222)
(5.214681, 0.2758859, 5.798865)
(5.217744, 0.2713402, 5.80398)
(5.220779, 0.260145, 5.815702)
(5.224545, 0.2477242, 5.828233)
(5.223129, 0.2503406, 5.826057)
