(-103.8935, 3.334832, 166.5672)
(-105.2997, 6.522655, 164.8031)
(-106.0078, 8.15382, 164.1747)
(-107.0404, 14.69378, 161.9765)
(-107.4779, 21.71334, 159.0357)
(-108.0011, 23.98415, 158.1211)
(-108.6474, 26.43559, 157.0073)
(-110.7217, 35.26341, 153.065)
(-110.7217, 35.26341, 153.065)
(-110.9435, 37.12532, 152.159)
(-111.7416, 40.28461, 150.1081)
(-111.9339, 41.6156, 149.3055)
(-112.221, 42.77522, 148.4343)
(-112.7465, 43.97552, 146.7321)
(-112.6703, 44.27544, 146.0223)
(-112.8583, 44.38629, 145.1975)
(-112.772, 43.95386, 143.8969)
(-112.7082, 42.47396, 142.6007)
(-112.6291, 41.37215, 142.0357)
(-112.5563, 38.76472, 140.9646)
(-112.4853, 37.43837, 140.4575)
(-112.38, 35.82398, 140.0272)
(-112.0606, 32.57873, 139.0854)
(-111.7174, 30.80562, 138.7179)
(-111.4914, 28.94487, 138.252)
(-110.7044, 25.17277, 137.5376)
(-110.4257, 23.21301, 137.1248)
(-109.573, 19.76417, 136.528)
(-109.0083, 16.64932, 135.9842)
(-108.563, 15.22362, 135.8881)
(-108.3447, 13.84671, 135.6776)
(-107.1768, 11.04863, 135.6548)
(-106.9327, 9.82554, 135.5121)
(-106.649, 8.806181, 135.4337)
(-106.6059, 7.349396, 135.3143)
(-106.4719, 6.74336, 135.2282)
(-106.3448, 6.036806, 135.1814)
(-106.1411, 4.960132, 135.4494)
(-106.1172, 4.794049, 135.6215)
(-106.0714, 4.471254, 135.6887)
(-105.8807, 4.141378, 136.1758)
(-105.7224, 4.020214, 136.3327)
(-105.7616, 3.871083, 136.4024)
(-105.6382, 3.642344, 136.975)
(-105.5665, 3.392243, 137.2326)
(-105.453, 3.264499, 137.5167)
(-105.4601, 3.046846, 137.7776)
(-105.3074, 2.56567, 138.1727)
(-105.3356, 2.205253, 138.5897)
