(-0.05844982407782808, 0.17052816179248909, -0.1887226901021438)
(-0.05844982407782808, 0.16827832600812778, -0.19188818861650642)
(-0.05844982407782808, 0.1663178826613104, -0.19481073443618713)
(-0.05844982407782808, 0.16464683175203693, -0.19749032756118595)
(-0.05844982407782808, 0.16326517328030737, -0.19992696799150286)
(-0.05844982407782808, 0.16217290724612174, -0.20212065572713786)
(-0.05844982407782808, 0.16137003364948002, -0.20407139076809097)
(-0.05844982407782808, 0.16085655249038222, -0.2057791731143622)
(-0.05844982407782808, 0.16063246376882834, -0.2072440027659515)
(-0.05844982407782808, 0.16069776748481837, -0.2084658797228589)
(-0.05844982407782808, 0.16105246363835235, -0.20944480398508442)
(-0.05844982407782808, 0.16169655222943022, -0.210180775552628)
(-0.05844982407782808, 0.162630033258052, -0.21067379442548972)
(-0.05844982407782808, 0.16385290672421773, -0.21092386060366952)
(-0.05844982407782808, 0.16536517262792735, -0.21093097408716743)
(-0.05844982407782808, 0.16716683096918092, -0.21069513487598343)
(-0.05844982407782808, 0.16925788174797837, -0.21021634297011754)
(-0.05844982407782808, 0.17163832496431977, -0.20949459836956974)
(-0.05844982407782808, 0.1743081606182051, -0.20852990107434005)
(-0.05844982407782808, 0.1772673887096343, -0.20732225108442845)
(-0.05844982407782808, 0.18051600923860744, -0.20587164839983493)
(-0.05844982407782808, 0.1840540222051245, -0.20417809302055953)
(-0.05844982407782808, 0.18788142760918547, -0.20224158494660222)
(-0.05844982407782808, 0.1919982254507904, -0.200062124177963)
(-0.05844982407782808, 0.19640441572993922, -0.19763971071464193)
(-0.05844982407782808, 0.20474044195736926, -0.1938711762870384)
(-0.05844982407782808, 0.21112841908694513, -0.1911510928905535)
(-0.05844982407782808, 0.21785666973789714, -0.1881666451212793)
(-0.05844982407782808, 0.22489652677433708, -0.18490815304160071)
(-0.05844982407782808, 0.2322149933593075, -0.18136344709164545)
(-0.05844982407782808, 0.23977567547383982, -0.17752056450280806)
(-0.05844982407782808, 0.2475361337087051, -0.17336796124824871)
(-0.05844982407782808, 0.2554561169521321, -0.1688982514151225)
(-0.05844982407782808, 0.2634953375316225, -0.16410410068873318)
(-0.05844982407782808, 0.27161542982393777, -0.15897677176201466)
(-0.05844982407782808, 0.2797697369562183, -0.15350308756611916)
(-0.05844982407782808, 0.2879071064645985, -0.147675940091007)
(-0.05844982407782808, 0.2959713565791625, -0.1414985722385932)
(-0.05844982407782808, 0.3039062821272751, -0.13497837858646725)
(-0.05844982407782808, 0.31165622697637463, -0.12812466800443909)
(-0.05844982407782808, 0.31916983086556766, -0.12094659926989854)
(-0.05844982407782808, 0.3263975023617756, -0.11345478942678426)
(-0.05844982407782808, 0.3332925248798483, -0.1056617500128007)
(-0.05844982407782808, 0.3398080195310709, -0.09758344409660649)
(-0.05844982407782808, 0.345901880938484, -0.08923974334621179)
(-0.05844982407782808, 0.3515326957935243, -0.08065183681522044)
(-0.05844982407782808, 0.3566635266103301, -0.07184327870390639)
(-0.05844982407782808, 0.3612612213124412, -0.0628395644332148)
(-0.05844982407782808, 0.3652961905360413, -0.05366848224961829)
(-0.05844982407782808, 0.36863934593513514, -0.04428339345531543)
(-0.05844982407782808, 0.37139654031627006, -0.03472435983085877)
(-0.05844982407782808, 0.3735214748352684, -0.025082298147587764)
(-0.05844982407782808, 0.37503356466294097, -0.015413045947653416)
(-0.05844982407782808, 0.3759709583559675, -0.005774601787981209)
(-0.05844982407782808, 0.3763632103896513, 0.0037817407409895137)
(-0.05844982407782808, 0.376243397051028, 0.013207806131988816)
(-0.05844982407782808, 0.3756473323801681, 0.02245767260382057)
(-0.05844982407782808, 0.37461348065219885, 0.031489632281787285)
(-0.05844982407782808, 0.37317789236611476, 0.040262821553494456)
(-0.05844982407782808, 0.37138219564157426, 0.04874342339989469)
(-0.05844982407782808, 0.3692689680610623, 0.05690008968835755)
(-0.05844982407782808, 0.36688272885822615, 0.06470434707776683)
(-0.05844982407782808, 0.36426910928052686, 0.07213128106568209)
(-0.05844982407782808, 0.36147309428625274, 0.07916039545879926)
(-0.05844982407782808, 0.35853919838841647, 0.08577585112623419)
(-0.05844982407782808, 0.35551151520010355, 0.09196427808888047)
(-0.05844982407782808, 0.35243220942411296, 0.0977169055695999)
(-0.05844982407782808, 0.349341249094322, 0.10302927116464909)
(-0.05844982407782808, 0.3462765261362462, 0.10789901523691871)
(-0.05844982407782808, 0.34327249836248913, 0.11232848847816945)
(-0.05844982407782808, 0.340360060684643, 0.11632194261825769)
(-0.05844982407782808, 0.33756784252533123, 0.11988752664046401)
(-0.05844982407782808, 0.3349209389237131, 0.12303782531311423)
(-0.05844982407782808, 0.3324389013554421, 0.12578941109319194)
(-0.05844982407782808, 0.3301395697023437, 0.12816038614338182)
(-0.05844982407782808, 0.3280360425816515, 0.13017152697453555)
(-0.05844982407782808, 0.32613804488347886, 0.13184682091632058)
(-0.05844982407782808, 0.3244502208946051, 0.13321108447501867)
(-0.05844982407782808, 0.32297516420971, 0.13429182244175702)
(-0.05844982407782808, 0.3217131133729542, 0.13511507977445858)
(-0.05844982407782808, 0.3206615732011406, 0.13570698771179152)
(-0.05844982407782808, 0.3198191052290942, 0.13609323417079927)
(-0.05844982407782808, 0.31917732749263644, 0.13630279907218365)
(-0.05844982407782808, 0.318722167507661, 0.13636378810868302)
(-0.05844982407782808, 0.31843085938210447, 0.1363007002591141)
(-0.05844982407782808, 0.31828280486251476, 0.136128873817226)
(-0.05844982407782808, 0.3182580802898169, 0.13586363825810577)
(-0.05844982407782808, 0.31834012957944335, 0.13552629103857808)
(-0.05844982407782808, 0.3185124558177094, 0.13513960399523817)
(-0.05844982407782808, 0.3187589227288754, 0.13472584510576396)
(-0.05844982407782808, 0.31906014765750934, 0.13430412072899175)
(-0.05844982407782808, 0.3193959580603151, 0.1338912071623967)
(-0.05844982407782808, 0.31974454458104756, 0.13350154753075325)
(-0.05844982407782808, 0.3200862714879866, 0.13314877470229794)
(-0.05844982407782808, 0.3203992873638193, 0.13284663462597412)
(-0.05844982407782808, 0.3206641033394824, 0.1326065496049054)
(-0.05844982407782808, 0.32086049705079434, 0.13243856965085923)
(-0.05844982407782808, 0.32096836706727083, 0.13235102728710013)
(-0.05844982407782808, 0.32096836706727083, 0.13235102728710013)
(-0.05844982407782808, 0.32096836706727083, 0.13235102728710013)
(-0.05844982407782808, 0.32096836706727083, 0.13235102728710013)
(-0.05844982407782808, 0.32096836706727083, 0.13235102728710013)
(-0.05844982407782808, 0.32096836706727083, 0.13235102728710013)
(-0.05844982407782808, 0.32096836706727083, 0.13235102728710013)
(-0.05844982407782808, 0.32096836706727083, 0.13235102728710013)
(-0.05844982407782808, 0.32096836706727083, 0.13235102728710013)
(-0.05844982407782808, 0.32096836706727083, 0.13235102728710013)
(-0.05844982407782808, 0.32096836706727083, 0.13235102728710013)
(-0.05844982407782808, 0.32096836706727083, 0.13235102728710013)
(-0.05844982407782808, 0.32096836706727083, 0.13235102728710013)
(-0.05844982407782808, 0.32096836706727083, 0.13235102728710013)
(-0.05844982407782808, 0.32096836706727083, 0.13235102728710013)
(-0.05844982407782808, 0.32096836706727083, 0.13235102728710013)
(-0.05844982407782808, 0.32096836706727083, 0.13235102728710013)
(-0.05844982407782808, 0.32096836706727083, 0.13235102728710013)
(-0.05844982407782808, 0.32096836706727083, 0.13235102728710013)
(-0.05844982407782808, 0.32096836706727083, 0.13235102728710013)
(-0.05844982407782808, 0.32096836706727083, 0.13235102728710013)
(-0.05844982407782808, 0.32096836706727083, 0.13235102728710013)
(-0.05844982407782808, 0.32096836706727083, 0.13235102728710013)
(-0.05844982407782808, 0.32096836706727083, 0.13235102728710013)
(-0.05844982407782808, 0.32096836706727083, 0.13235102728710013)
(-0.05844982407782808, 0.32096836706727083, 0.13235102728710013)
(-0.05844982407782808, 0.32096836706727083, 0.13235102728710013)
(-0.05844982407782808, 0.32096836706727083, 0.13235102728710013)
(-0.05844982407782808, 0.3201327865220832, 0.13121039949744745)
(-0.05844982407782808, 0.31928526853806244, 0.13018632786433174)
(-0.05844982407782808, 0.31844593814044164, 0.12929221002643956)
(-0.05844982407782808, 0.3176401050745363, 0.12854086784562874)
(-0.05844982407782808, 0.3168925308191516, 0.12794476303872698)
(-0.05844982407782808, 0.31622920434713775, 0.12751551950407056)
(-0.05844982407782808, 0.3156785130646491, 0.12726445744096282)
(-0.05844982407782808, 0.3152698244066557, 0.12720193954811654)
(-0.05844982407782808, 0.3150318604553692, 0.12733838222696472)
(-0.05844982407782808, 0.314995002686628, 0.12768397822003352)
(-0.05844982407782808, 0.3151906392105733, 0.128247674332585)
(-0.05844982407782808, 0.31564756629136476, 0.12904018311144672)
(-0.05844982407782808, 0.3163950627203852, 0.13007102935305853)
(-0.05844982407782808, 0.3174618550029264, 0.1313483170172858)
(-0.05844982407782808, 0.31887278769312155, 0.13287843045771006)
(-0.05844982407782808, 0.32065110552407994, 0.13466788356991402)
(-0.05844982407782808, 0.3228173732426767, 0.13672368668613802)
(-0.05844982407782808, 0.3253886351598047, 0.13905077299272867)
(-0.05844982407782808, 0.3283791271790051, 0.1416537717327412)
(-0.05844982407782808, 0.33179843559122846, 0.14453255849861485)
(-0.05844982407782808, 0.3356681728604397, 0.14767157779871762)
(-0.05844982407782808, 0.3399846451990734, 0.15107554076575117)
(-0.05844982407782808, 0.3447545531037989, 0.15475183711414028)
(-0.05844982407782808, 0.34996002021316036, 0.15869854546778947)
(-0.05844982407782808, 0.3555804250645283, 0.16291962103422472)
(-0.05844982407782808, 0.3615872156306561, 0.16741609449127093)
(-0.05844982407782808, 0.3679493799056154, 0.1721931172958993)
(-0.05844982407782808, 0.37463715346830084, 0.17725182960135466)
(-0.05844982407782808, 0.3816225817962372, 0.182581792796005)
(-0.05844982407782808, 0.38886499204147756, 0.18817349148731402)
(-0.05844982407782808, 0.396320225756605, 0.19401837441321085)
(-0.05844982407782808, 0.40394273736400216, 0.20010003006820704)
(-0.05844982407782808, 0.4116779833728984, 0.20640727194651712)
(-0.05844982407782808, 0.41946843060750383, 0.2129288463197411)
(-0.05844982407782808, 0.42725545037523593, 0.2196468646621202)
(-0.05844982407782808, 0.434976208746558, 0.22654545938829526)
(-0.05844982407782808, 0.4425667944390151, 0.2336048516540062)
(-0.05844982407782808, 0.44996320347965624, 0.2408005858505344)
(-0.05844982407782808, 0.45709865646972964, 0.24810610832097982)
(-0.05844982407782808, 0.46390579459473086, 0.2554917444897672)
(-0.05844982407782808, 0.47031724731030816, 0.26292300659636664)
(-0.05844982407782808, 0.476263831514668, 0.270363733975554)
(-0.05844982407782808, 0.48167854298487034, 0.27777536455152285)
(-0.05844982407782808, 0.48649564823818686, 0.28511649268795186)
(-0.05844982407782808, 0.49065104164682954, 0.29234417106435406)
(-0.05844982407782808, 0.49408277668581524, 0.2994124006832616)
(-0.05844982407782808, 0.496731407668742, 0.30627223189919617)
(-0.05844982407782808, 0.49853955654303306, 0.31287231850120334)
(-0.05844982407782808, 0.49945342502265716, 0.3191581283334173)
(-0.05844982407782808, 0.4994222877643935, 0.3250722315805815)
(-0.05844982407782808, 0.4994179212753629, 0.3319473467281538)
(-0.05844982407782808, 0.4987926242557722, 0.3387298225386671)
(-0.05844982407782808, 0.49760688218617954, 0.3453800839764634)
(-0.05844982407782808, 0.49588922699496957, 0.35188293646580104)
(-0.05844982407782808, 0.4936745901144696, 0.35822363871774143)
(-0.05844982407782808, 0.49100235130590925, 0.36438850591298266)
(-0.05844982407782808, 0.4879142794162681, 0.37036449136581434)
(-0.05844982407782808, 0.4844549068561183, 0.3761399826651186)
(-0.05844982407782808, 0.4806725494111032, 0.38170385868215634)
(-0.05844982407782808, 0.4766161111011176, 0.38704566097877174)
(-0.05844982407782808, 0.47233429038855085, 0.39215674941833967)
(-0.05844982407782808, 0.46787837331597043, 0.3970269864312803)
(-0.05844982407782808, 0.4632983176648159, 0.4016472832654826)
(-0.05844982407782808, 0.4586423409033095, 0.406010022955878)
(-0.05844982407782808, 0.45395949503895616, 0.4101096888198436)
(-0.05844982407782808, 0.44929674612612064, 0.41394105188762337)
(-0.05844982407782808, 0.4446990648916429, 0.4174983350411211)
(-0.05844982407782808, 0.44020954893301706, 0.42077768484123745)
(-0.05844982407782808, 0.435867932477019, 0.423775434815765)
(-0.05844982407782808, 0.4317118042829844, 0.42649317645531115)
(-0.05844982407782808, 0.4277559647216308, 0.4289525267130877)
(-0.05844982407782808, 0.4240296067274257, 0.431158824178889)
(-0.05844982407782808, 0.420540909452164, 0.4331139114077684)
(-0.05844982407782808, 0.4173123215523339, 0.43482880056448064)
(-0.05844982407782808, 0.4143621339628139, 0.43630858863461636)
(-0.05844982407782808, 0.41171021549134956, 0.4375599541546016)
(-0.05844982407782808, 0.4108332993640074, 0.43820723730663286)
(-0.05844982407782808, 0.4092473498012323, 0.43933910954560895)
(-0.05844982407782808, 0.40788524382773367, 0.44025405636453696)
(-0.05844982407782808, 0.4067469814435115, 0.44095207776341694)
(-0.05844982407782808, 0.4058325626485659, 0.4414331737422489)
(-0.05844982407782808, 0.4051419874428967, 0.4416973443010328)
(-0.05844982407782808, 0.404675255826504, 0.4417445894397687)
(-0.05844982407782808, 0.40443236779938774, 0.4415749091584565)
(-0.05844982407782808, 0.404413323361548, 0.44118830345709625)
(-0.05844982407782808, 0.40461812251298473, 0.44058477233568805)
(-0.05844982407782808, 0.405046765253698, 0.4397643157942317)
(-0.05844982407782808, 0.4056992515836877, 0.4387269338327274)
(-0.05844982407782808, 0.4065755815029539, 0.43747262645117496)
(-0.05844982407782808, 0.40767575501149655, 0.4360013936495746)
(-0.05844982407782808, 0.4089997721093157, 0.4343132354279261)
(-0.05844982407782808, 0.4105476327964114, 0.4324081517862296)
(-0.05844982407782808, 0.4123193370727835, 0.430286142724485)
(-0.05844982407782808, 0.4143148849384321, 0.4279472082426924)
(-0.05844982407782808, 0.41653427639335716, 0.4253913483408518)
(-0.05844982407782808, 0.4189775114375588, 0.4226185630189631)
(-0.05844982407782808, 0.4216445900710368, 0.41962885227702634)
(-0.05844982407782808, 0.42453551229379133, 0.4164222161150416)
(-0.05844982407782808, 0.42765027810582235, 0.41299865453300877)
(-0.05844982407782808, 0.4309888875071298, 0.40935816753092796)
(-0.05844982407782808, 0.4345513404977138, 0.405500755108799)
