(298.0829, 286.3776, 43.15806)
(299.2258, 286.9292, 42.58009)
(299.9371, 286.9562, 42.67701)
(300.5771, 285.8031, 44.20382)
(300.4568, 284.6025, 45.42517)
(299.645, 284.2221, 45.70646)
(299.0302, 285.0407, 44.77086)
(298.9099, 285.6729, 44.06555)
(298.9878, 285.9508, 43.6476)
(299.043, 286.2794, 43.23496)
(299.2862, 285.9873, 43.59821)
(299.4783, 285.6167, 43.98273)
(299.214, 285.6213, 43.94854)
(299.2802, 285.5382, 44.08074)
(299.2617, 285.7271, 43.75739)
(299.3563, 285.9981, 43.58209)
(299.4836, 285.8427, 43.65801)
(299.5212, 285.7498, 43.70161)
(299.4081, 285.5155, 43.91524)
(299.2362, 285.4343, 43.84891)
(298.8371, 285.7642, 43.47573)
(298.7587, 285.8344, 43.33365)
(298.9325, 285.6711, 43.5243)
(299.1429, 285.2761, 43.9284)
(299.1497, 285.1812, 43.93424)
(298.9102, 285.637, 43.50237)
(298.7576, 285.7454, 43.37325)
(298.7945, 285.6045, 43.46594)
(298.939, 285.3977, 43.71632)
(299.0209, 285.2982, 43.78395)
(299.0328, 285.2139, 43.86213)
(298.9539, 285.0881, 43.83839)
(298.7666, 285.2365, 43.58677)
(298.7267, 285.3298, 43.50866)
(298.8056, 285.1081, 43.65634)
(298.8802, 285.5223, 43.31268)
(299.1706, 285.8039, 43.16525)
(299.4466, 285.6392, 43.2893)
(299.6307, 285.6309, 43.32528)
(299.6414, 285.8653, 42.98733)
(299.7612, 286.3936, 42.31688)
(300.0195, 287.1791, 41.56314)
(300.2529, 287.4915, 41.24774)
(300.9272, 287.6003, 41.18614)
(301.3536, 287.5846, 41.1723)
(301.5883, 287.4786, 41.23558)
(301.7631, 287.6982, 41.00186)
(301.8525, 288.1084, 40.54254)
(302.1991, 288.6291, 39.93068)
(302.6344, 288.7916, 39.62128)
(303.0861, 288.8061, 39.47917)
