0.0109117
0.011057
0.0109369
0.0192805
0.0126442
0.0069472
0.006091
0.0110383
0.0109971
0.0112049
0.0106717
0.0111147
0.0109909
0.0109804
0.0120467
0.0109861
0.0111245
0.0107635
0.0111991
0.0109104
0.011
0.0110014
0.0109259
0.0121614
0.0108168
0.0110721
0.0110783
0.0109988
0.0109076
0.0110239
0.0111687
0.0109059
0.0119351
0.010994
0.0111156
0.011412
0.0106689
0.0109301
0.0108066
0.0110916
0.0109469
0.0120838
0.0110388
0.0108528
0.0111124
0.0108994
0.0109879
0.011181
0.0110181
0.0108764
0.0119805
0.0111376
0.0107908
0.0110852
0.0110403
0.011024
0.0108634
0.011026
0.0109997
