(-41.07636, 2.003336, 4.974222)
(-40.90325, 2.678585, 5.270338)
(-41.01938, 4.242754, 5.836868)
(-41.10128, 5.814219, 6.465805)
(-40.94302, 7.680488, 7.093358)
(-40.97828, 9.038782, 7.630301)
(-40.99137, 10.31752, 8.14352)
(-41.16031, 11.45179, 8.582354)
(-41.39773, 12.16321, 8.957696)
(-41.58202, 12.50379, 9.32591)
(-41.77936, 12.84444, 9.704065)
(-43.04696, 13.80873, 10.06267)
(-43.90479, 14.5726, 10.15179)
(-43.90479, 14.5726, 10.15179)
(-44.85175, 15.38675, 10.22151)
(-45.93004, 16.25609, 10.33548)
(-46.95219, 17.07069, 10.49296)
(-48.19587, 17.85386, 10.68822)
(-49.47668, 18.46516, 10.96095)
(-50.64579, 19.16389, 11.17068)
(-52.33144, 19.79672, 11.39414)
(-53.91222, 20.51044, 11.5335)
(-55.7217, 21.20255, 11.53215)
(-57.4628, 21.90089, 11.50913)
(-59.17097, 22.62783, 11.49691)
(-60.95969, 23.28441, 11.38687)
(-62.80297, 24.04406, 11.23158)
(-64.61269, 24.7872, 11.13889)
(-66.45902, 25.43083, 10.96988)
(-68.48969, 26.20028, 10.78535)
(-70.36837, 26.88268, 10.67204)
(-72.20546, 27.43512, 10.48443)
(-74.02126, 27.89192, 10.29503)
(-75.8017, 28.39695, 10.16327)
(-77.26706, 29.0183, 10.246)
(-78.95142, 29.29109, 10.12849)
(-80.64252, 29.66384, 9.941685)
(-82.12355, 29.82258, 9.77577)
(-83.53492, 30.07779, 9.763122)
(-84.90526, 30.08965, 9.506011)
(-86.20712, 30.11119, 9.272612)
(-87.61021, 30.10366, 9.05999)
(-88.77448, 30.08609, 8.741307)
(-89.96559, 29.92604, 8.456492)
(-91.14975, 29.57995, 8.199048)
(-92.20272, 29.37346, 7.989144)
(-93.13816, 29.02397, 7.815826)
(-94.14588, 28.52688, 7.567036)
(-94.98164, 28.1392, 7.344103)
(-95.73232, 27.73118, 7.073665)
(-96.51612, 27.23849, 6.650686)
(-97.16946, 26.84742, 6.360304)
(-97.78112, 26.45293, 6.052744)
(-98.37173, 25.99773, 5.716383)
(-98.86633, 25.50423, 5.550671)
(-99.31661, 24.98058, 5.423069)
