(0.2874641, 1.193441, 0.1108937)
(0.2879252, 1.193272, 0.1112585)
(0.2882454, 1.193203, 0.1116626)
(0.2888114, 1.193097, 0.1118704)
(0.2893307, 1.192934, 0.1122568)
(0.289984, 1.192677, 0.112438)
(0.2905147, 1.192487, 0.1127676)
(0.2912233, 1.192359, 0.1132705)
(0.2917905, 1.192263, 0.1136544)
(0.2923286, 1.191975, 0.1141245)
(0.2929318, 1.191783, 0.1143516)
(0.2933252, 1.191719, 0.1147621)
(0.2939301, 1.191412, 0.115141)
(0.2946205, 1.191238, 0.1154485)
(0.2953463, 1.191181, 0.1159472)
(0.2961514, 1.19119, 0.1161401)
(0.2968976, 1.191014, 0.1163787)
(0.2976279, 1.190818, 0.1166592)
(0.2983434, 1.190545, 0.1170195)
(0.2991359, 1.190314, 0.1172589)
(0.300005, 1.190104, 0.11757)
(0.3009224, 1.189847, 0.1179471)
(0.301918, 1.189706, 0.1182296)
(0.30302, 1.189682, 0.1186748)
(0.3040721, 1.189501, 0.1190093)
(0.3054233, 1.189302, 0.1193463)
(0.3065825, 1.189159, 0.1197051)
(0.3077705, 1.188948, 0.1200475)
(0.3090422, 1.188836, 0.1204221)
(0.3102589, 1.188769, 0.1208065)
(0.3115621, 1.1887, 0.121204)
(0.3128872, 1.188671, 0.1216112)
(0.3142555, 1.188452, 0.1218308)
(0.3156123, 1.188351, 0.1221738)
(0.3170979, 1.188116, 0.1226704)
(0.3184488, 1.187874, 0.1230062)
(0.3197837, 1.187602, 0.1234)
(0.321085, 1.187299, 0.1237698)
(0.3224902, 1.186962, 0.1240659)
(0.3237889, 1.186614, 0.1244557)
(0.3250921, 1.186259, 0.1249369)
(0.3262665, 1.185835, 0.1253779)
(0.3273563, 1.185202, 0.1259079)
(0.3284721, 1.18455, 0.126433)
(0.3295739, 1.183955, 0.1267967)
(0.3306637, 1.183632, 0.127018)
(0.3315566, 1.183187, 0.1275748)
(0.3323803, 1.182752, 0.1279875)
(0.3329384, 1.182347, 0.1284522)
(0.3336043, 1.181955, 0.1289747)
(0.3342934, 1.181515, 0.1293598)
(0.3348255, 1.18121, 0.1298643)
(0.3353426, 1.181012, 0.1307251)
(0.3357301, 1.180807, 0.131284)
(0.3363159, 1.180705, 0.1319368)
(0.3368337, 1.180703, 0.1328877)
(0.3375731, 1.180501, 0.1334141)
(0.3382094, 1.180805, 0.1343664)
(0.338717, 1.180795, 0.1354215)
(0.3391182, 1.180638, 0.1362549)
(0.3395863, 1.180659, 0.1374689)
(0.3399587, 1.180759, 0.1392635)
(0.3403282, 1.180789, 0.1407799)
(0.3405924, 1.18071, 0.142397)
(0.3409474, 1.180648, 0.1443136)
(0.3411503, 1.180386, 0.1458039)
(0.3414247, 1.180323, 0.1473631)
(0.3414946, 1.180013, 0.1492748)
(0.3412914, 1.179553, 0.150791)
(0.3413658, 1.179342, 0.1525131)
(0.3413405, 1.179002, 0.1547495)
(0.3413115, 1.178598, 0.1565192)
(0.3411851, 1.178304, 0.1585846)
(0.3408408, 1.177982, 0.1608491)
(0.3405826, 1.177748, 0.1630304)
(0.3405588, 1.177674, 0.1652396)
(0.3404012, 1.1774, 0.1674489)
(0.3402326, 1.177099, 0.169706)
(0.3400927, 1.176709, 0.1721039)
(0.3398454, 1.176401, 0.1745173)
(0.3396337, 1.176089, 0.1768821)
(0.3393207, 1.175753, 0.1792362)
(0.3390846, 1.175136, 0.1819379)
(0.3389139, 1.174742, 0.1843683)
(0.3386624, 1.174584, 0.1867211)
(0.3384669, 1.174207, 0.1891745)
(0.3382766, 1.173794, 0.1917337)
(0.338052, 1.17342, 0.1943597)
(0.3377857, 1.173043, 0.1970128)
(0.3375089, 1.172647, 0.1996883)
(0.3370936, 1.172129, 0.2027234)
(0.336741, 1.171659, 0.2054586)
(0.3363354, 1.171199, 0.2082425)
(0.3357778, 1.170873, 0.211044)
(0.3353539, 1.170516, 0.213888)
(0.3348954, 1.170257, 0.2168534)
(0.3343084, 1.169993, 0.2200195)
(0.3337967, 1.169704, 0.2230637)
(0.3331795, 1.169444, 0.2262182)
(0.3323479, 1.168984, 0.2300981)
(0.3314974, 1.16877, 0.2334862)
(0.3305552, 1.168574, 0.2369244)
(0.3294649, 1.168427, 0.2404809)
(0.3284473, 1.16819, 0.2440624)
(0.3272917, 1.167943, 0.2478731)
(0.3261147, 1.16769, 0.2519819)
(0.324954, 1.167464, 0.2559305)
(0.3236024, 1.16714, 0.2602398)
(0.3219941, 1.166769, 0.2648835)
(0.3204098, 1.166327, 0.2693901)
(0.3187125, 1.165817, 0.27408)
(0.3169599, 1.165329, 0.2788277)
(0.3150489, 1.164727, 0.2838376)
(0.3130949, 1.164191, 0.288933)
(0.3108144, 1.163724, 0.2942576)
(0.3088017, 1.163256, 0.2992144)
(0.3065498, 1.162872, 0.3043611)
(0.3037109, 1.162803, 0.3103712)
(0.3008592, 1.162997, 0.3159852)
(0.2978776, 1.16342, 0.3216064)
(0.2949433, 1.163959, 0.3273211)
(0.2916384, 1.164848, 0.3332038)
(0.2883842, 1.166268, 0.3390856)
(0.2851887, 1.168126, 0.3451569)
(0.2819295, 1.170182, 0.3510845)
(0.2786911, 1.172369, 0.3569081)
(0.2747555, 1.17522, 0.3633833)
(0.2713208, 1.178603, 0.369009)
(0.2678289, 1.182434, 0.3746412)
(0.2641442, 1.186447, 0.3803747)
(0.2607374, 1.190749, 0.3859124)
(0.2575135, 1.195779, 0.3913133)
(0.2542515, 1.200658, 0.3968554)
(0.2513397, 1.205669, 0.4021761)
(0.2485263, 1.210593, 0.4072993)
(0.245151, 1.215689, 0.4130847)
(0.2426131, 1.22, 0.4178226)
(0.2401936, 1.223942, 0.4222829)
(0.237474, 1.228189, 0.4265666)
(0.2350717, 1.231978, 0.4304826)
(0.2329328, 1.235681, 0.4338567)
(0.2306063, 1.240257, 0.437659)
(0.2291088, 1.244424, 0.4410715)
(0.227752, 1.24881, 0.4444492)
(0.2259817, 1.253705, 0.4481745)
(0.2246459, 1.258595, 0.4517193)
(0.2235203, 1.262788, 0.4548578)
(0.2220974, 1.266965, 0.4581373)
(0.2211287, 1.270615, 0.4610434)
(0.2201347, 1.27428, 0.4639754)
(0.2190123, 1.277859, 0.4672832)
(0.2183175, 1.281406, 0.469965)
(0.2176805, 1.284546, 0.4726315)
(0.2165916, 1.28794, 0.4757516)
(0.2160461, 1.291063, 0.4785359)
(0.2156978, 1.293657, 0.481046)
(0.2153068, 1.296281, 0.4837539)
(0.2152145, 1.298412, 0.4861782)
(0.2145479, 1.30081, 0.4893727)
(0.2149699, 1.302497, 0.4913692)
(0.215071, 1.304222, 0.4937398)
(0.2153337, 1.305528, 0.4961216)
(0.2149739, 1.307216, 0.4991958)
(0.2152841, 1.308367, 0.5018342)
(0.215672, 1.309281, 0.5042717)
(0.2154913, 1.3104, 0.5074999)
(0.2161171, 1.310921, 0.5100706)
(0.2166522, 1.311603, 0.5126202)
(0.2167516, 1.312368, 0.5161655)
(0.2179732, 1.312839, 0.5183792)
(0.2188787, 1.313197, 0.5212073)
(0.2192945, 1.313714, 0.524859)
(0.2202945, 1.314152, 0.5280859)
(0.2213898, 1.314496, 0.5312579)
(0.2219262, 1.31491, 0.5348322)
(0.2230999, 1.3153, 0.5379741)
(0.224391, 1.315631, 0.5412321)
(0.2254229, 1.315884, 0.5442724)
(0.227011, 1.316089, 0.5474107)
(0.2286325, 1.316192, 0.5507662)
(0.2303843, 1.316286, 0.5541694)
(0.2322552, 1.316259, 0.5579193)
(0.2340488, 1.316157, 0.5614998)
(0.2361317, 1.315812, 0.5652127)
(0.2380164, 1.315611, 0.5687997)
(0.240092, 1.315172, 0.572458)
(0.2426565, 1.314496, 0.5759397)
(0.2448518, 1.313837, 0.579711)
(0.247088, 1.31317, 0.5835824)
(0.2495975, 1.312526, 0.5873327)
(0.2520912, 1.311854, 0.5916212)
(0.2546563, 1.311178, 0.5958755)
(0.2575986, 1.310269, 0.5998561)
(0.2603035, 1.30956, 0.6043928)
(0.2630825, 1.308902, 0.6090467)
(0.2664194, 1.307944, 0.6133618)
(0.2692947, 1.307375, 0.6181479)
(0.2723181, 1.306936, 0.623153)
(0.2757225, 1.306552, 0.6280465)
(0.279083, 1.30624, 0.633532)
(0.2823215, 1.306258, 0.6386752)
(0.2856381, 1.306295, 0.6438124)
(0.2891033, 1.306734, 0.6490412)
(0.2925806, 1.307199, 0.6542115)
(0.2961571, 1.308085, 0.6595533)
(0.2995524, 1.308671, 0.664917)
(0.3032746, 1.309689, 0.6699128)
(0.3067577, 1.310813, 0.675374)
(0.3107505, 1.312255, 0.6806409)
(0.3143175, 1.314204, 0.6859465)
(0.3179243, 1.315629, 0.6907973)
(0.3213892, 1.317873, 0.6951857)
(0.3247139, 1.320265, 0.6996496)
(0.3273859, 1.323086, 0.7052307)
(0.3305967, 1.325789, 0.7094579)
(0.33355, 1.329088, 0.7137458)
(0.3360658, 1.33258, 0.7187827)
(0.3391228, 1.336293, 0.7233422)
(0.3416042, 1.340148, 0.7273011)
(0.3450174, 1.343681, 0.7303119)
(0.3471258, 1.34764, 0.7339921)
(0.3492653, 1.351492, 0.7376833)
(0.3510158, 1.355386, 0.7414136)
(0.3528681, 1.359259, 0.7447309)
(0.3544605, 1.363275, 0.7476437)
(0.3563395, 1.367628, 0.7505085)
(0.3580787, 1.37213, 0.7536855)
(0.3594387, 1.376508, 0.7562244)
(0.3612878, 1.3811, 0.7581947)
(0.3625748, 1.385457, 0.7604151)
(0.3638673, 1.389664, 0.7625473)
(0.3657286, 1.393616, 0.7641215)
(0.3673456, 1.397591, 0.7657008)
(0.368619, 1.401328, 0.7674985)
(0.370095, 1.40484, 0.7688973)
(0.3718801, 1.408533, 0.7703061)
(0.3729036, 1.411453, 0.7717669)
(0.3736885, 1.414516, 0.7730875)
(0.3749361, 1.417223, 0.7740862)
(0.3758025, 1.419596, 0.7754025)
(0.3767486, 1.421635, 0.776547)
(0.3780026, 1.424039, 0.777354)
(0.3786402, 1.42572, 0.7785778)
(0.3790591, 1.427478, 0.7799273)
(0.3800144, 1.428845, 0.7807207)
(0.3803048, 1.429969, 0.7818365)
(0.3804293, 1.430996, 0.7828598)
(0.3810122, 1.432032, 0.7834167)
(0.3811555, 1.432838, 0.7843878)
(0.3811958, 1.433573, 0.7852845)
(0.3816066, 1.43434, 0.7859604)
(0.381546, 1.435035, 0.7868955)
(0.3815429, 1.435603, 0.7874434)
(0.3816838, 1.436164, 0.7882137)
(0.3813574, 1.436713, 0.7891102)
(0.38096, 1.437105, 0.7895851)
(0.3807824, 1.437317, 0.7900929)
(0.3803146, 1.437756, 0.7908752)
(0.3795118, 1.438206, 0.7916837)
(0.3793542, 1.438421, 0.7920964)
(0.3788328, 1.438859, 0.7927291)
(0.378391, 1.439152, 0.7931406)
(0.3779809, 1.439092, 0.7935593)
(0.3772228, 1.439229, 0.7940788)
(0.3763673, 1.439301, 0.7945292)
(0.3758454, 1.439171, 0.7945366)
(0.3749075, 1.439191, 0.794816)
(0.3739095, 1.43913, 0.7948472)
(0.3732433, 1.439036, 0.7946568)
(0.372191, 1.43901, 0.7945988)
(0.3711746, 1.439011, 0.7944567)
(0.3704238, 1.438847, 0.7939708)
(0.3691518, 1.439032, 0.7936735)
(0.3679664, 1.439105, 0.7932608)
(0.3669653, 1.439092, 0.792614)
(0.3656249, 1.439229, 0.7922971)
(0.3641851, 1.439252, 0.7916331)
(0.3629436, 1.438877, 0.7909379)
(0.3611689, 1.438855, 0.7904787)
(0.3592925, 1.438788, 0.7901695)
(0.3577418, 1.438599, 0.7892222)
(0.3557024, 1.438458, 0.7886662)
(0.3537912, 1.438364, 0.7881675)
(0.3521037, 1.438437, 0.7871079)
(0.3499641, 1.438608, 0.7865486)
(0.3478694, 1.438787, 0.7859902)
(0.3460104, 1.438884, 0.7852278)
(0.3437767, 1.439288, 0.7848091)
(0.3414137, 1.439803, 0.7843707)
(0.339314, 1.440297, 0.7838261)
(0.3370578, 1.440793, 0.7836866)
(0.3345242, 1.441391, 0.7836258)
(0.3325288, 1.441728, 0.7832808)
(0.330188, 1.442163, 0.783226)
(0.3278294, 1.442615, 0.7831485)
(0.3257914, 1.442952, 0.7825811)
(0.323482, 1.44347, 0.7825432)
(0.3210847, 1.443982, 0.7823722)
(0.3191302, 1.444437, 0.7820032)
(0.3170831, 1.444934, 0.7820203)
(0.3150516, 1.445384, 0.7819777)
(0.3134074, 1.445544, 0.7817049)
(0.3114374, 1.445885, 0.7817192)
(0.3095102, 1.446018, 0.7815762)
(0.3079588, 1.44618, 0.7811916)
(0.3061013, 1.446307, 0.781276)
(0.3042054, 1.446472, 0.7813399)
(0.3026414, 1.446673, 0.7809653)
(0.3009422, 1.446759, 0.7810271)
(0.2992644, 1.446782, 0.7810283)
(0.2979362, 1.446626, 0.7807412)
(0.2962463, 1.446635, 0.780849)
(0.2948818, 1.446543, 0.7807357)
(0.2932963, 1.446568, 0.7808368)
(0.2918124, 1.446621, 0.7809789)
(0.2903113, 1.446698, 0.781126)
(0.2889967, 1.446663, 0.7810473)
(0.287564, 1.446731, 0.7812443)
(0.286411, 1.446694, 0.7813139)
(0.2851343, 1.446537, 0.7813966)
(0.2837131, 1.446543, 0.781667)
(0.2822926, 1.446619, 0.7817736)
(0.2808559, 1.446688, 0.781991)
(0.2794182, 1.446788, 0.7822008)
(0.278383, 1.446683, 0.7820048)
(0.2768278, 1.446783, 0.7822123)
(0.2754321, 1.446855, 0.7824101)
(0.2742746, 1.446871, 0.7825086)
(0.273267, 1.446816, 0.7823415)
(0.2719646, 1.446846, 0.7824967)
(0.2707033, 1.446907, 0.7829194)
(0.2697942, 1.446915, 0.7827883)
(0.2686272, 1.446957, 0.7829413)
(0.2676182, 1.446903, 0.7831595)
(0.2663746, 1.446975, 0.783421)
(0.2652273, 1.44701, 0.7836299)
(0.2642314, 1.447053, 0.7837298)
(0.2631111, 1.44706, 0.7839496)
(0.2619848, 1.447053, 0.7841425)
(0.2612309, 1.446918, 0.7840056)
(0.2601256, 1.446923, 0.7842107)
(0.2589869, 1.446904, 0.7843893)
(0.2581267, 1.446692, 0.7842016)
(0.2568178, 1.446579, 0.7843814)
