(1.011199, 6.184012, 5.569289)
(1.01296, 6.185994, 5.570175)
(1.01296, 6.185994, 5.570175)
(1.015604, 6.190855, 5.572324)
(1.018338, 6.191234, 5.572441)
(1.020611, 6.189029, 5.570837)
(1.023198, 6.184268, 5.567582)
(1.023198, 6.184268, 5.567582)
(1.025478, 6.179707, 5.565447)
(1.027852, 6.175143, 5.563107)
(1.031431, 6.162731, 5.557539)
(1.031689, 6.155714, 5.554678)
(1.031818, 6.148116, 5.550812)
(1.032099, 6.140752, 5.546413)
(1.032379, 6.136516, 5.543713)
(1.032598, 6.136143, 5.543362)
(1.032598, 6.136143, 5.543362)
(1.033037, 6.136316, 5.543725)
(1.032453, 6.13814, 5.544683)
(1.029664, 6.143001, 5.550319)
(1.028271, 6.148841, 5.557152)
(1.027686, 6.155308, 5.564257)
(1.028088, 6.159965, 5.569366)
(1.029495, 6.162423, 5.573104)
(1.032013, 6.16489, 5.577151)
(1.032013, 6.16489, 5.577151)
(1.034048, 6.167089, 5.580997)
(1.035748, 6.167533, 5.584095)
(1.036316, 6.167003, 5.590147)
(1.035714, 6.166205, 5.594424)
(1.034625, 6.166995, 5.600121)
(1.034345, 6.167295, 5.605066)
(1.035509, 6.166621, 5.609041)
(1.038515, 6.163552, 5.610516)
(1.038515, 6.163552, 5.610516)
(1.040633, 6.159936, 5.610791)
(1.041991, 6.157633, 5.612389)
(1.042935, 6.15764, 5.620526)
(1.043038, 6.157903, 5.625979)
(1.043694, 6.158195, 5.631366)
(1.044503, 6.157043, 5.634833)
(1.044989, 6.156704, 5.638902)
(1.045418, 6.157392, 5.643679)
(1.045418, 6.157392, 5.643679)
(1.045288, 6.158864, 5.64871)
(1.044854, 6.161418, 5.655427)
(1.044101, 6.165154, 5.668939)
(1.045046, 6.162927, 5.672711)
(1.04537, 6.160684, 5.676381)
(1.046414, 6.159649, 5.680916)
(1.050229, 6.159211, 5.68591)
(1.056991, 6.160345, 5.691688)
(1.056991, 6.160345, 5.691688)
(1.06483, 6.162481, 5.695453)
(1.071779, 6.163226, 5.697163)
(1.083999, 6.167001, 5.697405)
(1.086515, 6.176076, 5.704523)
(1.086613, 6.188826, 5.716643)
(1.087721, 6.202071, 5.729505)
(1.091054, 6.213042, 5.739014)
(1.095712, 6.221493, 5.744644)
(1.095712, 6.221493, 5.744644)
(1.099734, 6.226709, 5.747163)
(1.102407, 6.230011, 5.746969)
(1.101406, 6.228671, 5.740134)
(1.101406, 6.228671, 5.740134)
(1.092169, 6.23368, 5.74381)
(1.08797, 6.236829, 5.745819)
(1.086051, 6.238723, 5.744682)
(1.086564, 6.242522, 5.74291)
(1.086564, 6.242522, 5.74291)
(1.08753, 6.244607, 5.740638)
(1.088792, 6.242836, 5.734074)
(1.084324, 6.240114, 5.724308)
(1.081032, 6.242606, 5.724206)
(1.076958, 6.247385, 5.726141)
(1.074113, 6.251815, 5.726668)
(1.073815, 6.256559, 5.726701)
(1.074531, 6.260376, 5.725494)
(1.074531, 6.260376, 5.725494)
(1.078423, 6.262927, 5.723497)
(1.082291, 6.262385, 5.719866)
(1.085828, 6.256021, 5.708853)
(1.085557, 6.253978, 5.705263)
(1.084697, 6.25414, 5.703837)
(1.083658, 6.256204, 5.704763)
(1.08458, 6.256858, 5.704074)
(1.086971, 6.256774, 5.703094)
(1.086971, 6.256774, 5.703094)
(1.091261, 6.255991, 5.701036)
(1.095891, 6.253427, 5.697402)
(1.105245, 6.247799, 5.690355)
(1.107379, 6.246524, 5.690349)
(1.108944, 6.246185, 5.691015)
(1.10917, 6.247066, 5.69355)
(1.110995, 6.248861, 5.698433)
(1.118174, 6.246231, 5.697981)
(1.118174, 6.246231, 5.697981)
(1.125755, 6.241203, 5.695119)
(1.133692, 6.232463, 5.688966)
(1.138976, 6.218567, 5.683149)
(1.142552, 6.216535, 5.685919)
(1.148368, 6.210666, 5.68407)
(1.156299, 6.197408, 5.673827)
(1.162358, 6.181894, 5.661754)
(1.165799, 6.171182, 5.654408)
(1.165799, 6.171182, 5.654408)
(1.166741, 6.165623, 5.652047)
(1.163485, 6.163079, 5.651985)
(1.180117, 6.133583, 5.617807)
(1.189328, 6.114751, 5.593737)
(1.197722, 6.093883, 5.566607)
(1.205244, 6.073466, 5.541512)
(1.210508, 6.053779, 5.516781)
(1.213255, 6.038845, 5.497158)
(1.213255, 6.038845, 5.497158)
(1.207156, 6.036829, 5.491298)
(1.201673, 6.031229, 5.481917)
(1.201361, 6.016459, 5.463394)
(1.204058, 5.982466, 5.419408)
(1.206888, 5.962611, 5.393972)
(1.209553, 5.939519, 5.364008)
(1.210086, 5.924431, 5.342712)
(1.210699, 5.91698, 5.328379)
(1.210699, 5.91698, 5.328379)
(1.212053, 5.907804, 5.313071)
(1.214674, 5.875878, 5.26985)
(1.214467, 5.856106, 5.247183)
(1.212205, 5.836873, 5.227739)
(1.208291, 5.820351, 5.210886)
(1.200247, 5.806502, 5.197619)
(1.189221, 5.800149, 5.190166)
(1.17388, 5.804084, 5.192968)
(1.17388, 5.804084, 5.192968)
(1.157841, 5.806796, 5.195031)
(1.141658, 5.802694, 5.190786)
(1.107997, 5.782114, 5.172876)
(1.104327, 5.790856, 5.181946)
(1.102295, 5.80275, 5.191541)
(1.109251, 5.811593, 5.196868)
(1.112954, 5.79859, 5.184375)
(1.115054, 5.771502, 5.160155)
(1.115054, 5.771502, 5.160155)
(1.119274, 5.748945, 5.138141)
(1.123993, 5.738371, 5.125825)
(1.126676, 5.72803, 5.118608)
(1.123806, 5.719956, 5.115925)
(1.121298, 5.717658, 5.117747)
(1.116783, 5.729873, 5.13427)
(1.112423, 5.744495, 5.154545)
(1.109377, 5.753677, 5.171777)
(1.109377, 5.753677, 5.171777)
(1.106559, 5.759826, 5.18424)
(1.104491, 5.762869, 5.193914)
(1.104049, 5.759758, 5.203408)
(1.105313, 5.761154, 5.210857)
(1.10774, 5.763422, 5.219347)
(1.109086, 5.766909, 5.228259)
(1.109558, 5.766986, 5.232553)
(1.105609, 5.768624, 5.242792)
(1.105609, 5.768624, 5.242792)
(1.103673, 5.770652, 5.254098)
(1.101769, 5.774544, 5.266575)
(1.101132, 5.790898, 5.29895)
(1.102131, 5.802807, 5.317221)
(1.105718, 5.809139, 5.328052)
(1.109891, 5.811301, 5.336051)
(1.115162, 5.803849, 5.33417)
(1.117172, 5.799735, 5.333433)
(1.117172, 5.799735, 5.333433)
(1.117392, 5.802611, 5.339468)
(1.118866, 5.806476, 5.346315)
(1.120843, 5.820729, 5.369275)
(1.120801, 5.835349, 5.385804)
(1.12129, 5.842928, 5.395908)
(1.123099, 5.84671, 5.400516)
(1.127508, 5.848222, 5.402124)
(1.134591, 5.846555, 5.400251)
(1.134591, 5.846555, 5.400251)
(1.14079, 5.843831, 5.397484)
(1.148893, 5.836424, 5.388821)
(1.148598, 5.838112, 5.390811)
(1.144634, 5.848536, 5.400686)
(1.14309, 5.86295, 5.415267)
(1.145598, 5.870502, 5.422648)
(1.152801, 5.866492, 5.416942)
(1.161154, 5.850628, 5.398997)
(1.161154, 5.850628, 5.398997)
(1.165737, 5.836927, 5.382998)
(1.167738, 5.831237, 5.375928)
(1.164913, 5.85496, 5.398777)
(1.166203, 5.870183, 5.413298)
(1.170091, 5.87399, 5.415572)
(1.175236, 5.868864, 5.409056)
(1.185505, 5.84058, 5.38049)
(1.200316, 5.80525, 5.345377)
(1.200316, 5.80525, 5.345377)
(1.212959, 5.788294, 5.330295)
(1.22117, 5.794099, 5.339842)
(1.226293, 5.82556, 5.380095)
(1.22701, 5.82365, 5.380078)
(1.229721, 5.79661, 5.352147)
(1.235141, 5.770688, 5.326121)
(1.245821, 5.740406, 5.295788)
(1.245821, 5.740406, 5.295788)
(1.254885, 5.736157, 5.294658)
(1.254365, 5.747245, 5.310859)
(1.24775, 5.750243, 5.317633)
(1.246661, 5.747723, 5.315652)
(1.253299, 5.745839, 5.31597)
(1.260845, 5.731699, 5.305993)
(1.264059, 5.716966, 5.292377)
(1.265745, 5.705568, 5.281791)
(1.265745, 5.705568, 5.281791)
(1.264564, 5.695852, 5.274472)
(1.262115, 5.700449, 5.283434)
(1.255387, 5.724966, 5.312102)
(1.244061, 5.752675, 5.343537)
(1.242886, 5.745845, 5.336808)
(1.248705, 5.72418, 5.313879)
(1.255692, 5.704148, 5.292254)
(1.271092, 5.671005, 5.254351)
(1.271092, 5.671005, 5.254351)
(1.284974, 5.657393, 5.238079)
(1.284525, 5.672054, 5.252563)
(1.266911, 5.718934, 5.296433)
(1.261057, 5.784266, 5.35528)
(1.2676, 5.809997, 5.375572)
(1.27412, 5.828815, 5.387866)
(1.276867, 5.85282, 5.40613)
(1.277646, 5.883096, 5.428981)
(1.273587, 5.924903, 5.460964)
(1.273587, 5.924903, 5.460964)
(1.266726, 5.959441, 5.485817)
(1.259905, 5.976054, 5.494875)
(1.257965, 5.975189, 5.480166)
(1.265219, 5.964366, 5.461217)
(1.273805, 5.96292, 5.449221)
(1.278267, 5.968923, 5.445729)
(1.278852, 5.975763, 5.444255)
(1.278852, 5.975763, 5.444255)
(1.273075, 5.987494, 5.448703)
(1.264716, 6.01087, 5.462573)
(1.256133, 6.03805, 5.481469)
(1.242743, 6.064969, 5.497309)
(1.238264, 6.066216, 5.493074)
(1.236396, 6.063109, 5.484757)
(1.234378, 6.060804, 5.477363)
(1.233214, 6.054071, 5.465022)
(1.233214, 6.054071, 5.465022)
(1.231302, 6.04968, 5.456043)
(1.22593, 6.049462, 5.451289)
(1.218141, 6.054974, 5.452232)
(1.203258, 6.068303, 5.455297)
(1.197945, 6.074595, 5.455029)
(1.194776, 6.080857, 5.455715)
(1.194927, 6.087085, 5.455609)
(1.196017, 6.090071, 5.45194)
(1.196017, 6.090071, 5.45194)
(1.193863, 6.094696, 5.450723)
(1.192289, 6.099952, 5.450431)
(1.189324, 6.105555, 5.452148)
(1.17878, 6.116341, 5.455959)
(1.176254, 6.117112, 5.453671)
(1.175009, 6.117197, 5.449926)
(1.176119, 6.116536, 5.445503)
(1.176775, 6.117352, 5.443649)
(1.176775, 6.117352, 5.443649)
(1.17365, 6.119438, 5.442959)
(1.168434, 6.120624, 5.442205)
(1.160645, 6.111472, 5.431566)
(1.160915, 6.106443, 5.424385)
(1.164254, 6.100132, 5.415975)
(1.164921, 6.096419, 5.411643)
(1.162303, 6.093585, 5.41033)
(1.150558, 6.095707, 5.417195)
(1.150558, 6.095707, 5.417195)
(1.138456, 6.098961, 5.425627)
(1.119431, 6.099824, 5.426916)
(1.120196, 6.086373, 5.411529)
(1.11176, 6.083221, 5.408334)
(1.108375, 6.075114, 5.395855)
(1.109185, 6.063028, 5.381958)
(1.109262, 6.066401, 5.386121)
(1.1059, 6.080921, 5.397865)
(1.1059, 6.080921, 5.397865)
(1.104282, 6.079501, 5.394545)
(1.101883, 6.079721, 5.393816)
(1.091423, 6.068262, 5.383459)
(1.091423, 6.068262, 5.383459)
(1.087997, 6.07026, 5.38495)
(1.086874, 6.068552, 5.383531)
(1.087619, 6.060987, 5.377454)
(1.089609, 6.059097, 5.376252)
(1.089609, 6.059097, 5.376252)
(1.090453, 6.058222, 5.376409)
(1.090607, 6.060081, 5.377806)
(1.090868, 6.06394, 5.379772)
(1.091988, 6.062643, 5.375642)
(1.093948, 6.06091, 5.372178)
(1.095308, 6.06007, 5.37022)
(1.097011, 6.058692, 5.367047)
(1.099197, 6.054123, 5.360992)
(1.099197, 6.054123, 5.360992)
(1.10046, 6.049771, 5.356467)
(1.101069, 6.046442, 5.353634)
(1.103196, 6.048754, 5.354627)
(1.103858, 6.051364, 5.356462)
(1.105042, 6.055193, 5.359163)
(1.106198, 6.058699, 5.361663)
(1.10763, 6.063667, 5.365952)
(1.110067, 6.067627, 5.36929)
(1.110067, 6.067627, 5.36929)
(1.112582, 6.068586, 5.369605)
(1.114805, 6.067737, 5.368938)
(1.1163, 6.067759, 5.36888)
(1.117764, 6.073874, 5.373848)
(1.117559, 6.076924, 5.376419)
(1.11813, 6.079655, 5.378469)
(1.118797, 6.082432, 5.380902)
(1.120382, 6.085914, 5.38392)
(1.120382, 6.085914, 5.38392)
(1.121257, 6.089492, 5.38711)
(1.12282, 6.094791, 5.390861)
(1.123911, 6.10014, 5.394619)
(1.12554, 6.107696, 5.400319)
(1.126544, 6.109625, 5.401853)
(1.127256, 6.114217, 5.405855)
(1.127691, 6.119134, 5.409804)
(1.128112, 6.124758, 5.414227)
(1.128112, 6.124758, 5.414227)
(1.128091, 6.131648, 5.4201)
(1.129737, 6.133601, 5.421372)
(1.129951, 6.134246, 5.421918)
(1.129967, 6.132899, 5.420778)
(1.129614, 6.130718, 5.417862)
(1.12914, 6.131662, 5.417859)
(1.128574, 6.132146, 5.417599)
(1.128157, 6.131122, 5.415999)
(1.128157, 6.131122, 5.415999)
(1.127996, 6.12968, 5.414311)
(1.127874, 6.127157, 5.412008)
(1.128051, 6.124565, 5.409363)
(1.128737, 6.119786, 5.404583)
(1.12956, 6.117518, 5.402572)
(1.129706, 6.115199, 5.400438)
(1.129699, 6.112355, 5.398289)
(1.130937, 6.114541, 5.399755)
(1.130937, 6.114541, 5.399755)
(1.13094, 6.114166, 5.399353)
(1.131399, 6.114286, 5.399186)
(1.13282, 6.116895, 5.40148)
(1.133988, 6.117441, 5.401884)
(1.13594, 6.118568, 5.402688)
(1.138579, 6.12019, 5.403349)
(1.141177, 6.122863, 5.404902)
