(-8860.614, 280.7755, 21005.69)
(-3.473871, 1.478766, 1.057265)
(-1.359148, -0.6938413, -0.5721937)
(-3.921261, 0.2440389, 1.695331)
(0.9871845, 1.115654, -1.555154)
(0.3095787, 0.604345, 0.1096116)
(0.9500666, 0.1782489, -0.9874988)
(0.8789805, -0.7509315, 0.3993393)
(-0.3938806, 0.4786588, -0.1035343)
(-1.656858, -0.5176582, -0.3134121)
(0.4462119, -1.388473, 1.681697)
(0.2755306, 0.4744044, 0.4570481)
(-1.942879, 0.2683916, 2.461901)
(1.955767, -0.8905418, 0.714146)
(1.065812, -0.2030119, -1.244173)
(-0.1748172, 0.03567698, 0.3264444)
(-2.833945, 1.383523, 0.3743483)
(-0.4558687, -0.2275601, 0.009731187)
(-5.163026, -0.7334709, 1.701855)
(0.725054, -0.115914, 0.9474197)
(-0.493459, -0.3517286, -0.1921893)
(3.140333, -0.9388447, -3.27739)
(1.914999, -1.590704, 2.085432)
(1.114148, 0.8388168, 0.4940872)
(0.1319005, 0.1285184, -0.6476652)
(-1.894015, 1.111099, -0.2627598)
(-0.3203617, 0.3026947, 0.4228303)
(0.779299, -0.4424407, -0.4642276)
(-2.892482, 0.3599028, -2.468176)
(0.5463468, 0.6864935, 0.296781)
(-0.9692098, 1.113187, 1.402896)
(1.020497, -2.050999, 0.6265551)
(0.4274586, 0.6288358, 0.108549)
(-2.546384, 0.3417515, 2.687105)
(1.082739, -0.26387, 0)
(-1.095703, -1.195992, -0.3540077)
(0.5767148, -0.2838658, -0.5731215)
(-0.8787737, 0.6351758, -0.476951)
(0.2271906, -0.2899669, -0.4775486)
(-0.2842159, 2.164953, -1.145636)
(-0.4150548, -0.1280375, -0.2475391)
(0.4079294, 0.308013, -0.3177793)
(-2.520232, 0.1466707, 1.777935)
(-0.8257563, 1.130566, -0.7492769)
(0.1816461, -0.41498, 0.01476797)
(-2.315076, -0.1028923, 1.191836)
(-0.7888197, -0.9974433, 1.044353)
(1.085175, 0.6024615, -0.5481656)
(-0.4167071, 1.198947, -0.1955599)
(0.3676392, -1.720188, 1.755364)
(0.1992985, 0.4743758, 0.7267196)
(-0.5345635, -0.9076275, -1.135342)
(-0.6467744, 1.354938, -1.157617)
(-0.9278891, 0.06716428, -0.706685)
(-0.2786892, 0.217462, -0.1467341)
(5.386079, -3.510821, 0.7455207)
(0.9826093, 1.246784, 0.8853213)
(0.7025706, -0.1835863, -0.7166926)
(-0.1849134, -2.056663, 2.930678)
(0.08311625, 0.09912947, -0.2379107)
(0.453114, -0.04837516, -0.6175895)
