(306.2188, 149.6683, 308.6609)
(302.1386, 153.7847, 304.3055)
(301.3696, 156.3838, 301.2499)
(300.733, 162.331, 294.2766)
(300.363, 165.5997, 290.794)
(298.8676, 173.7195, 283.2017)
(298.3795, 175.8531, 281.6093)
(299.6013, 172.967, 287.3857)
(302.9457, 168.1449, 294.1822)
(305.9728, 171.7031, 294.1002)
(304.6351, 167.7506, 301.7836)
(305.2137, 162.3641, 307.2242)
(306.416, 156.5743, 313.2958)
(306.7986, 152.8647, 318.8277)
(310.5638, 146.3694, 326.2962)
(311.923, 142.5648, 332.257)
(314.9632, 138.53, 338.3166)
(317.2933, 134.4501, 344.3805)
(320.7051, 129.9595, 349.4794)
(323.0088, 127.7528, 351.693)
(327.9628, 124.6089, 353.6769)
(330.1752, 123.4953, 354.5354)
(335.4138, 121.4302, 355.3866)
(338.0337, 120.6366, 355.3238)
(342.1963, 119.8869, 354.4565)
(343.85, 119.389, 354.3612)
(348.0279, 120.5086, 352.3999)
(348.3197, 123.6043, 349.2034)
(346.5094, 127.6781, 343.2925)
(334.4474, 127.3484, 337.525)
