0.07036284
0.04098065
0.04749467
0.03573322
0.04261458
0.07040838
0.05427885
0.3208701
0.1167414
0.1022599
0.04173661
0.05863312
0.1460076
0.12298
0.1562826
0.1564472
0.1051731
0.1112549
0.04829735
0.05348774
0.05157191
0.06129647
0.1448909
0.05031392
0.0586818
0.05447756
0.07879179
0.04999825
0.1676216
0.09279151
0.08081193
0.09210208
0.1055824
0.109497
0.09603843
0.1427328
0.1494762
0.1767598
0.1679969
0.1772206
0.1864673
0.157275
0.1615423
0.2106887
0.2003369
0.1564268
MSE 0.1105095
total_moving_Distance 0.7374082