0.1527923
0.1711714
0.1872345
0.2170557
0.2372847
0.2548411
0.2265415
0.1819072
0.184531
0.1698405
0.1528949
0.1691701
0.1988256
0.1891488
0.1847844
0.1396346
0.1030948
0.1609492
0.1367568
0.135315
0.1306518
0.1446398
0.1320515
0.1213478
0.1092541
0.1082592
0.1166876
0.1242405
0.1158926
0.135069
0.1419123
0.09510255
0.08884308
0.1318948
0.1740498
0.183053
0.3269488
0.2400695
0.1980669
0.1635692
0.1809571
0.1913945
0.2106787
0.2216451
0.2253693
0.2317417
0.2277622
0.2489273
0.2245655
0.2114505
0.2092631
0.1374937
MSE 0.1741659
total_moving_Distance 0.6461829