(-14.74514, 14.67428, 28.55189)
(-14.74514, 14.67428, 28.55189)
(-16.36135, 16.17408, 28.36249)
(-20.5492, 22.37671, 28.73471)
(-22.10486, 24.46927, 29.72031)
(-22.10486, 24.46927, 29.72031)
(-23.81284, 25.87836, 30.2474)
(-27.42965, 26.08566, 30.75895)
(-30.14846, 26.75567, 31.30032)
(-32.45091, 27.85859, 31.63656)
(-35.42142, 28.18341, 31.42336)
(-35.42142, 28.18341, 31.42336)
(-37.12347, 28.03242, 30.99241)
(-39.59579, 28.03216, 30.27564)
(-39.59579, 28.03216, 30.27564)
(-40.95433, 28.20314, 29.529)
(-42.27109, 27.75209, 28.49364)
(-42.27109, 27.75209, 28.49364)
(-43.88485, 26.62241, 27.48618)
(-45.61432, 26.05643, 26.52341)
(-45.83368, 25.97492, 26.36446)
