(313.8473, 270.6437, 359.9)
(314.3362, 267.6945, 359.1718)
(316.166, 268.1606, 356.8429)
(323.2095, 266.9274, 354.7705)
(323.4614, 267.2784, 352.2567)
(321.6407, 267.7695, 351.4808)
(320.3126, 267.9268, 350.5054)
(317.7946, 269.2377, 348.0486)
(317.1566, 270.3979, 346.8246)
(319.6476, 271.2559, 347.2456)
(319.3836, 273.8412, 346.0422)
(319.3836, 273.8412, 346.0422)
(318.8045, 276.6183, 344.0522)
(318.4724, 279.5086, 341.4897)
(318.0854, 281.8685, 339.3259)
(317.4724, 283.3489, 338.0358)
(315.4884, 283.0975, 338.4883)
(313.6931, 281.7365, 340.1378)
(312.8152, 279.267, 342.9178)
(312.3535, 278.3739, 344.3133)
(312.2781, 278.7639, 344.437)
(312.1949, 280.2762, 343.5938)
(309.8806, 284.4243, 341.5157)
(308.3263, 286.1567, 340.9215)
(308.3263, 286.1567, 340.9215)
(306.3971, 288.528, 340.3682)
(305.0033, 290.0615, 340.2334)
(303.295, 291.3703, 340.7729)
(301.7355, 292.6207, 341.0906)
(299.6567, 294.001, 341.4579)
(297.6297, 295.6667, 341.2113)
(296.1876, 297.8509, 340.043)
(295.134, 300.1176, 338.5341)
(293.971, 303.0459, 336.2914)
(292.9032, 306.0746, 333.528)
(291.8381, 309.1173, 330.8645)
(290.7888, 312.2524, 328.0518)
(289.9751, 315.0401, 325.2928)
(289.2516, 316.6905, 323.5345)
(288.5464, 317.9966, 322.1303)
(287.3424, 317.0855, 322.3174)
(287.4741, 317.393, 321.2829)
(286.5614, 317.8757, 319.1541)
(286.4653, 318.8242, 316.9997)
(285.9553, 319.4601, 314.6536)
(285.2604, 320.4864, 312.2454)
(284.4993, 321.982, 309.3445)
(283.9347, 324.0022, 306.0888)
(287.2557, 325.7386, 302.1816)
(287.9435, 314.1621, 315.4812)
(288.9344, 305.3013, 323.6559)
