(-0.07536777804796385, -0.0720416111636522, 0.28877559699224775)
(-0.07536777804796385, -0.07212181492387407, 0.28878140959550386)
(-0.07536777804796385, -0.0721996410240401, 0.2887870071742501)
(-0.07536777804796385, -0.0722750894641503, 0.2887923897284865)
(-0.07536777804796385, -0.07234816024420465, 0.28879755725821304)
(-0.07536777804796385, -0.07241885336420317, 0.28880250976342975)
(-0.07536777804796385, -0.07248716882414585, 0.2888072472441366)
(-0.07536777804796385, -0.07255310662403269, 0.2888117697003336)
(-0.07536777804796385, -0.07261666676386369, 0.28881607713202073)
(-0.07536777804796385, -0.07267784924363886, 0.28882016953919804)
(-0.07536777804796385, -0.07273665406335818, 0.28882404692186553)
(-0.07536777804796385, -0.07279308122302167, 0.2888277092800231)
(-0.07536777804796385, -0.07284713072262931, 0.28883115661367087)
(-0.07536777804796385, -0.07289880256218112, 0.28883438892280877)
(-0.07536777804796385, -0.07294809674167708, 0.28883740620743686)
(-0.07536777804796385, -0.07299501326111722, 0.28884020846755504)
(-0.07536777804796385, -0.0730395521205015, 0.2888427957031634)
(-0.07536777804796385, -0.07308171331982996, 0.2888451679142619)
(-0.07536777804796385, -0.07312149685910257, 0.2888473251008506)
(-0.07536777804796385, -0.07315890273831935, 0.28884926726292937)
(-0.07536777804796385, -0.07319393095748028, 0.28885099440049833)
(-0.07536777804796385, -0.07322658151658537, 0.2888525065135575)
(-0.07536777804796385, -0.07325685441563463, 0.2888538036021067)
(-0.07536777804796385, -0.07328474965462806, 0.28885488566614614)
(-0.07536777804796385, -0.07331026723356562, 0.2888557527056757)
(-0.07536777804796385, -0.07333725501352634, 0.2888527178304129)
(-0.07536777804796385, -0.07334968762194972, 0.28884941224383476)
(-0.07536777804796385, -0.0733595691141306, 0.2888462599250543)
(-0.07536777804796385, -0.07336705008436822, 0.2888433237033119)
(-0.07536777804796385, -0.07337229464263718, 0.28884065754435106)
(-0.07536777804796385, -0.07337548022431449, 0.2888383059512374)
(-0.07536777804796385, -0.07337679739990677, 0.2888363033651773)
(-0.07536777804796385, -0.07337644968477741, 0.2888346735663371)
(-0.07536777804796385, -0.07337465334887378, 0.28883342907466214)
(-0.07536777804796385, -0.07337163722645429, 0.2888325705506951)
(-0.07536777804796385, -0.07336764252581562, 0.28883208619639544)
(-0.07536777804796385, -0.07336292263901995, 0.2888319511559585)
(-0.07536777804796385, -0.07335774295162195, 0.2888321269166335)
(-0.07536777804796385, -0.0733523806523961, 0.2888325607095438)
(-0.07536777804796385, -0.07334712454306382, 0.28883318491050436)
(-0.07536777804796385, -0.07334227484802056, 0.2888339164408421)
(-0.07536777804796385, -0.07333814302406305, 0.2888346561682137)
(-0.07536777804796385, -0.07333505157011642, 0.288835288307425)
(-0.07536777804796385, -0.07333333383696139, 0.28883567982125025)
(-0.07536777804796385, -0.07333333383696139, 0.28883567982125025)
(-0.07536777804796385, -0.07333333383696139, 0.28883567982125025)
(-0.07536777804796385, -0.07333333383696139, 0.28883567982125025)
(-0.07536777804796385, -0.07333333383696139, 0.28883567982125025)
(-0.07536777804796385, -0.07333333383696139, 0.28883567982125025)
(-0.07536777804796385, -0.07333333383696139, 0.28883567982125025)
(-0.07536777804796385, -0.07333333383696139, 0.28883567982125025)
(-0.07536777804796385, -0.07333333383696139, 0.28883567982125025)
(-0.07536777804796385, -0.07333333383696139, 0.28883567982125025)
(-0.07536777804796385, -0.07333333383696139, 0.28883567982125025)
(-0.07536777804796385, -0.07333333383696139, 0.28883567982125025)
(-0.07536777804796385, -0.07333333383696139, 0.28883567982125025)
(-0.07536777804796385, -0.07333333383696139, 0.28883567982125025)
(-0.07536777804796385, -0.07333333383696139, 0.28883567982125025)
(-0.07536777804796385, -0.07333333383696139, 0.28883567982125025)
(-0.07536777804796385, -0.07333333383696139, 0.28883567982125025)
(-0.07536777804796385, -0.07333333383696139, 0.28883567982125025)
(-0.07536777804796385, -0.07333333383696139, 0.28883567982125025)
(-0.07536777804796385, -0.07333333383696139, 0.28883567982125025)
(-0.07536777804796385, -0.07356440059348779, 0.28834403040307777)
(-0.07536777804796385, -0.07381286626206597, 0.28788797253895143)
(-0.07536777804796385, -0.07407761873605802, 0.2874712043675184)
(-0.07536777804796385, -0.07435782927248472, 0.2870959398896463)
(-0.07536777804796385, -0.07464937816215013, 0.28676761181289045)
(-0.07536777804796385, -0.07494869488288669, 0.2864905187843517)
(-0.07536777804796385, -0.07525165423700483, 0.2862701475839026)
(-0.07536777804796385, -0.07555243110205288, 0.2861128785427066)
(-0.07536777804796385, -0.07584237830119488, 0.28602464800024163)
(-0.07536777804796385, -0.07611267858692032, 0.2860131929285599)
(-0.07536777804796385, -0.07635130364570474, 0.2860873736994967)
(-0.07536777804796385, -0.07654318218375711, 0.28625497480321327)
(-0.07536777804796385, -0.07667384662544324, 0.2865262061692656)
(-0.07536777804796385, -0.07672387736135451, 0.28691190229512487)
(-0.07536777804796385, -0.07667342111767407, 0.28742195063584086)
(-0.07536777804796385, -0.07650084060338415, 0.2880675207196927)
(-0.07536777804796385, -0.07618211296786555, 0.2888601988538046)
(-0.07536777804796385, -0.07569166904665375, 0.28981151752317885)
(-0.07536777804796385, -0.07500183568881258, 0.2909333444547113)
(-0.07536777804796385, -0.07408446647378213, 0.29223825520060454)
(-0.07536777804796385, -0.07291083894640946, 0.2937392469592388)
(-0.07536777804796385, -0.07145149587182834, 0.2954492756810997)
(-0.07536777804796385, -0.0696765804321858, 0.29738249924197624)
(-0.07536777804796385, -0.06755703674605161, 0.29955196209904)
(-0.07536777804796385, -0.06506447988958865, 0.30196997791452)
(-0.07536777804796385, -0.06217146325233718, 0.30464816602892486)
(-0.07536777804796385, -0.05885256176510084, 0.3075978133081322)
(-0.07536777804796385, -0.05508392945626887, 0.3108309067416678)
(-0.07536777804796385, -0.050844138749287456, 0.31435805669700795)
(-0.07536777804796385, -0.046114557225093944, 0.3181884690162138)
(-0.07536777804796385, -0.040880963872047246, 0.3223320668558358)
(-0.07536777804796385, -0.03513340199223512, 0.32679825554880443)
(-0.07536777804796385, -0.028865731248822135, 0.3315954029415813)
(-0.07536777804796385, -0.02207753712727044, 0.33673300384196847)
(-0.07536777804796385, -0.014772184535938612, 0.3422174440943259)
(-0.07536777804796385, -0.006957845752508135, 0.348056453271298)
(-0.07536777804796385, 0.0013504765177303835, 0.35425752974706126)
(-0.07536777804796385, 0.010133560892117486, 0.3608257115191552)
(-0.07536777804796385, 0.0193664607008831, 0.3677667361697577)
(-0.07536777804796385, 0.02901714131626329, 0.3750871029746575)
(-0.07536777804796385, 0.03904807129678908, 0.38278996264843446)
(-0.07536777804796385, 0.049417436077528666, 0.39087913774770433)
(-0.07536777804796385, 0.060077712427236245, 0.3993568248826914)
(-0.07536777804796385, 0.07097670361797864, 0.40822430502719204)
(-0.07536777804796385, 0.08205949862649028, 0.41748307204488094)
(-0.07536777804796385, 0.09326184070309776, 0.4271307806987049)
(-0.07536777804796385, 0.10451058355388519, 0.4371637743589791)
(-0.07536777804796385, 0.11572292079623482, 0.4475752512824033)
(-0.07536777804796385, 0.12681193927971546, 0.45835294188853576)
(-0.07536777804796385, 0.13769019503915583, 0.4694781768441697)
(-0.07536777804796385, 0.14855015258627133, 0.48152354406749637)
(-0.07536777804796385, 0.15915263885799508, 0.494051828468815)
(-0.07536777804796385, 0.1694314741973294, 0.5070514471314201)
(-0.07536777804796385, 0.17932603675751196, 0.5205135838537676)
(-0.07536777804796385, 0.18877588104076617, 0.534421606542837)
(-0.07536777804796385, 0.1977267210649313, 0.5487592576244705)
(-0.07536777804796385, 0.20613041347926797, 0.5635043584818011)
(-0.07536777804796385, 0.21394441830739594, 0.5786300908052323)
(-0.07536777804796385, 0.2211304517634525, 0.5941094709744055)
(-0.07536777804796385, 0.2276600925546057, 0.6099100775950854)
(-0.07536777804796385, 0.2335096583916975, 0.6259948959271229)
(-0.07536777804796385, 0.23865953785597088, 0.64232689670754)
(-0.07536777804796385, 0.2431025810152752, 0.6588627406784013)
(-0.07536777804796385, 0.24683283815644494, 0.6755555727040137)
(-0.07536777804796385, 0.2498542005913503, 0.6923589566198304)
(-0.07536777804796385, 0.25217788370338234, 0.7092229898910485)
(-0.07536777804796385, 0.2537662076020001, 0.7261931825287037)
(-0.07536777804796385, 0.2546607220892173, 0.7431787215536745)
(-0.07536777804796385, 0.25490545720724256, 0.7600933800624102)
(-0.07536777804796385, 0.2545478038899121, 0.7768551243491031)
(-0.07536777804796385, 0.2536377995454287, 0.7933863126938585)
(-0.07536777804796385, 0.2522271355705766, 0.8096141748411958)
(-0.07536777804796385, 0.2503684919539923, 0.825469373331635)
(-0.07536777804796385, 0.24811584349548976, 0.8408882765610963)
(-0.07536777804796385, 0.24552347020921672, 0.855812912139164)
(-0.07536777804796385, 0.24264520823267277, 0.8701912042852737)
(-0.07536777804796385, 0.23953460291645268, 0.8839768121492577)
(-0.07536777804796385, 0.23624349261192726, 0.897127984797375)
(-0.07536777804796385, 0.23282177546980382, 0.9096096851456217)
(-0.07536777804796385, 0.22931678416127854, 0.9213940946490253)
(-0.07536777804796385, 0.22577416724018004, 0.9324585582939462)
(-0.07536777804796385, 0.22223722393662995, 0.9427866527245592)
(-0.07536777804796385, 0.2187457500125148, 0.9523688401431707)
(-0.07536777804796385, 0.21533747332468153, 0.9612000514708172)
(-0.07536777804796385, 0.21204558940359594, 0.969284023439442)
(-0.07536777804796385, 0.20889902669588115, 0.9766288709431326)
(-0.07536777804796385, 0.20592429452486702, 0.9832480040296381)
(-0.07536777804796385, 0.2031426089625469, 0.9891623515394641)
(-0.07536777804796385, 0.20057091830239646, 0.994396943243196)
(-0.07536777804796385, 0.19822340247150863, 0.998979776003057)
(-0.07536777804796385, 0.1961100856756112, 1.0029454789084022)
(-0.07536777804796385, 0.1942353355974614, 1.0063307399042147)
(-0.07536777804796385, 0.1925990732660778, 1.0091755220627416)
(-0.07536777804796385, 0.19119565096181243, 1.0115213692732357)
(-0.07536777804796385, 0.19001121397833118, 1.0134086621896914)
(-0.07536777804796385, 0.1890306348530921, 1.014879353000494)
(-0.07536777804796385, 0.18823888985772572, 1.0159731864932067)
(-0.07536777804796385, 0.18762421595334686, 1.016727882623239)
(-0.07536777804796385, 0.18717446950338942, 1.0171804091688397)
(-0.07536777804796385, 0.18687390257020922, 1.0173674073218035)
(-0.07536777804796385, 0.18670508401408012, 1.017328452007452)
(-0.07536777804796385, 0.18664857015281097, 1.0171032880538204)
(-0.07536777804796385, 0.1866879969403528, 1.0167310475539686)
(-0.07536777804796385, 0.18680573182286273, 1.0162455115915918)
(-0.07536777804796385, 0.18698549402700146, 1.0156801990366275)
(-0.07536777804796385, 0.1872112393680975, 1.0150639881422445)
(-0.07536777804796385, 0.18746740622142263, 1.0144250351862536)
(-0.07536777804796385, 0.18773929172351558, 1.0137900626305774)
(-0.07536777804796385, 0.18801392442139944, 1.0131811161268243)
(-0.07536777804796385, 0.18827762390463518, 1.012618382747099)
(-0.07536777804796385, 0.18851845829546401, 1.01212008516896)
(-0.07536777804796385, 0.1887274066404547, 1.0117003244043896)
(-0.07536777804796385, 0.18889385289041635, 1.0113720874898755)
(-0.07536777804796385, 0.18901128388493924, 1.0111465297153137)
(-0.07536777804796385, 0.18907301805286272, 1.0110309949710368)
(-0.07536777804796385, 0.18907301805286272, 1.0110309949710368)
(-0.07536777804796385, 0.18907301805286272, 1.0110309949710368)
(-0.07536777804796385, 0.18907301805286272, 1.0110309949710368)
(-0.07536777804796385, 0.18907301805286272, 1.0110309949710368)
(-0.07536777804796385, 0.18907301805286272, 1.0110309949710368)
(-0.07536777804796385, 0.18907301805286272, 1.0110309949710368)
(-0.07536777804796385, 0.18907301805286272, 1.0110309949710368)
(-0.07536777804796385, 0.18907301805286272, 1.0110309949710368)
(-0.07536777804796385, 0.18907301805286272, 1.0110309949710368)
(-0.07536777804796385, 0.18907301805286272, 1.0110309949710368)
(-0.07536777804796385, 0.18907301805286272, 1.0110309949710368)
(-0.07536777804796385, 0.18907301805286272, 1.0110309949710368)
(-0.07536777804796385, 0.18907301805286272, 1.0110309949710368)
(-0.07536777804796385, 0.18907301805286272, 1.0110309949710368)
(-0.07536777804796385, 0.18907301805286272, 1.0110309949710368)
(-0.07536777804796385, 0.18907301805286272, 1.0110309949710368)
(-0.07536777804796385, 0.18907301805286272, 1.0110309949710368)
(-0.07536777804796385, 0.18907301805286272, 1.0110309949710368)
(-0.07536777804796385, 0.18907301805286272, 1.0110309949710368)
(-0.07536777804796385, 0.18907301805286272, 1.0110309949710368)
(-0.07536777804796385, 0.18907301805286272, 1.0110309949710368)
(-0.07536777804796385, 0.18907301805286272, 1.0110309949710368)
(-0.07536777804796385, 0.18907301805286272, 1.0110309949710368)
(-0.07536777804796385, 0.18907301805286272, 1.0110309949710368)
(-0.07536777804796385, 0.18907301805286272, 1.0110309949710368)
(-0.07536777804796385, 0.18907301805286272, 1.0110309949710368)
(-0.07536777804796385, 0.18907301805286272, 1.0110309949710368)
(-0.07536777804796385, 0.18907301805286272, 1.0110309949710368)
(-0.07536777804796385, 0.18907301805286272, 1.0110309949710368)
(-0.07536777804796385, 0.18907301805286272, 1.0110309949710368)
(-0.07536777804796385, 0.18907301805286272, 1.0110309949710368)
(-0.07536777804796385, 0.18907301805286272, 1.0110309949710368)
(-0.07536777804796385, 0.18907301805286272, 1.0110309949710368)
(-0.07536777804796385, 0.18907301805286272, 1.0110309949710368)
(-0.07536777804796385, 0.18907301805286272, 1.0110309949710368)
(-0.07536777804796385, 0.18907301805286272, 1.0110309949710368)
(-0.07536777804796385, 0.18907301805286272, 1.0110309949710368)
(-0.07536777804796385, 0.18907301805286272, 1.0110309949710368)
(-0.07536777804796385, 0.18907301805286272, 1.0110309949710368)
(-0.07536777804796385, 0.18907301805286272, 1.0110309949710368)
(-0.07536777804796385, 0.18907301805286272, 1.0110309949710368)
(-0.07536777804796385, 0.18907301805286272, 1.0110309949710368)
(-0.07536777804796385, 0.18907301805286272, 1.0110309949710368)
(-0.07536777804796385, 0.18907301805286272, 1.0110309949710368)
(-0.07536777804796385, 0.18907301805286272, 1.0110309949710368)
(-0.07536777804796385, 0.18907301805286272, 1.0110309949710368)
(-0.07536777804796385, 0.18907301805286272, 1.0110309949710368)
(-0.07536777804796385, 0.18907301805286272, 1.0110309949710368)
(-0.07536777804796385, 0.18907301805286272, 1.0110309949710368)
(-0.07536777804796385, 0.18907301805286272, 1.0110309949710368)
(-0.07536777804796385, 0.18907301805286272, 1.0110309949710368)
(-0.07536777804796385, 0.18907301805286272, 1.0110309949710368)
(-0.07536777804796385, 0.18907301805286272, 1.0110309949710368)
(-0.07536777804796385, 0.18907301805286272, 1.0110309949710368)
(-0.07536777804796385, 0.18907301805286272, 1.0110309949710368)
(-0.07536777804796385, 0.18907301805286272, 1.0110309949710368)
(-0.07536777804796385, 0.18907301805286272, 1.0110309949710368)
(-0.07536777804796385, 0.18907301805286272, 1.0110309949710368)
(-0.07536777804796385, 0.18907301805286272, 1.0110309949710368)
(-0.07536777804796385, 0.18907301805286272, 1.0110309949710368)
(-0.07536777804796385, 0.18907301805286272, 1.0110309949710368)
(-0.07536777804796385, 0.18907301805286272, 1.0110309949710368)
(-0.07536777804796385, 0.18907301805286272, 1.0110309949710368)
(-0.07536777804796385, 0.18907301805286272, 1.0110309949710368)
(-0.07536777804796385, 0.18907301805286272, 1.0110309949710368)
(-0.07536777804796385, 0.18907301805286272, 1.0110309949710368)
(-0.07536777804796385, 0.18907301805286272, 1.0110309949710368)
(-0.07536777804796385, 0.18907301805286272, 1.0110309949710368)
(-0.07536777804796385, 0.18907301805286272, 1.0110309949710368)
(-0.07536777804796385, 0.18907301805286272, 1.0110309949710368)
(-0.07536777804796385, 0.18907301805286272, 1.0110309949710368)
(-0.07536777804796385, 0.18907301805286272, 1.0110309949710368)
(-0.07536777804796385, 0.18907301805286272, 1.0110309949710368)
(-0.07536777804796385, 0.18907301805286272, 1.0110309949710368)
(-0.07536777804796385, 0.18907301805286272, 1.0110309949710368)
(-0.07536777804796385, 0.18907301805286272, 1.0110309949710368)
(-0.07536777804796385, 0.18907301805286272, 1.0110309949710368)
(-0.07536777804796385, 0.18907301805286272, 1.0110309949710368)
(-0.07536777804796385, 0.18907301805286272, 1.0110309949710368)
(-0.07536777804796385, 0.18907301805286272, 1.0110309949710368)
(-0.07536777804796385, 0.18907301805286272, 1.0110309949710368)
(-0.07536777804796385, 0.18907301805286272, 1.0110309949710368)
(-0.07536777804796385, 0.18907301805286272, 1.0110309949710368)
(-0.07536777804796385, 0.18907301805286272, 1.0110309949710368)
(-0.07536777804796385, 0.18907301805286272, 1.0110309949710368)
(-0.07536777804796385, 0.18907301805286272, 1.0110309949710368)
(-0.07536777804796385, 0.18907301805286272, 1.0110309949710368)
(-0.07536777804796385, 0.18907301805286272, 1.0110309949710368)
(-0.07536777804796385, 0.18907301805286272, 1.0110309949710368)
(-0.07536777804796385, 0.18907301805286272, 1.0110309949710368)
(-0.07536777804796385, 0.18907301805287371, 1.0110309949710952)
(-0.07536777804796385, 0.18907301805287371, 1.0110309949710952)
(-0.07536777804796385, 0.1890730180528737, 1.0110309949710952)
(-0.07536777804796385, 0.1890730180528737, 1.0110309949710952)
(-0.07536777804796385, 0.1890730180528737, 1.0110309949710952)
(-0.07536777804796385, 0.1890730180528737, 1.0110309949710952)
(-0.07536777804796385, 0.1890730180528737, 1.0110309949710952)
(-0.07536777804796385, 0.1890730180528737, 1.0110309949710952)
(-0.07536777804796385, 0.1890730180528737, 1.011030994971095)
(-0.07536777804796385, 0.1890730180528737, 1.011030994971095)
(-0.07536777804796385, 0.1890730180528737, 1.011030994971095)
(-0.07536777804796385, 0.18907301805287366, 1.011030994971095)
(-0.07536777804796385, 0.18907301805287366, 1.011030994971095)
(-0.07536777804796385, 0.18907301805287366, 1.011030994971095)
(-0.07536777804796385, 0.18907301805287366, 1.011030994971095)
(-0.07536777804796385, 0.18907301805287366, 1.011030994971095)
(-0.07536777804796385, 0.18907301805287366, 1.011030994971095)
(-0.07536777804796385, 0.18907301805287366, 1.011030994971095)
(-0.07536777804796385, 0.18907301805287366, 1.0110309949710947)
(-0.07536777804796385, 0.18907301805287363, 1.0110309949710947)
(-0.07536777804796385, 0.18907301805287363, 1.0110309949710947)
(-0.07536777804796385, 0.18907301805287363, 1.0110309949710947)
(-0.07536777804796385, 0.18907301805287363, 1.0110309949710947)
(-0.07536777804796385, 0.18907301805287363, 1.0110309949710947)
(-0.07536777804796385, 0.18907301805287363, 1.0110309949710947)
