(-9651.911, 48.62011, -2774.919)
(166.4824, 62.21464, 5.224614)
(88.33794, 54.34554, 4.648293)
(200.7954, 70.43891, 28.67798)
(198.0069, 15.8934, 24.05466)
(90.66326, 7.211034, 8.715194)
(201.6818, 3.01851, 23.78244)
(318.3915, 1.316611, 21.21242)
(0, 0, 0)
(212.982, -12.13214, -1.602505)
(284.2267, -18.71355, 1.272874)
(354.0403, -30.10466, 2.144433)
(235.6492, -17.03163, -0.4071466)
(159.4791, -9.960662, 2.252549)
(178.1793, -6.483432, 1.340863)
(454.0092, 5.452692, 18.51472)
(144.6561, 3.813776, 9.729696)
(267.9657, 19.05237, 31.38154)
(139.6086, 17.44888, 14.49928)
(173.2769, 24.27841, 9.475583)
(190.2633, 21.87279, 10.36877)
(129.8294, 13.03319, -1.565853)
(81.53084, 11.00827, 0.833058)
(150.2599, 7.371287, 16.6258)
(91.68797, 2.605097, 9.48722)
(26.41537, -13.60429, 21.82414)
(51.96556, -9.468994, 18.99577)
(39.32486, -55.29546, 43.96288)
(-0.09579276, -41.15393, 20.57218)
(-20.18839, -131.8078, 31.46792)
(11.00738, -53.69044, 3.438599)
(43.71406, -13.09702, -9.490723)
(60.80613, -5.859724, -7.125512)
(21.6129, -63.33907, 1.275362)
(-24.46517, -11.5066, 30.72484)
