(-2.446076, 0.8231921, -0.09267987)
(-2.446035, 0.8231766, -0.09266724)
(-2.445996, 0.8230879, -0.09270085)
(-2.44594, 0.8230668, -0.09271683)
(-2.445885, 0.8230648, -0.09270443)
(-2.445909, 0.8232342, -0.09263672)
(-2.446023, 0.823137, -0.09258665)
(-2.446007, 0.8231235, -0.09254946)
(-2.445969, 0.8231063, -0.09253849)
(-2.446014, 0.8230771, -0.09250034)
(-2.44606, 0.8230579, -0.09265436)
(-2.446058, 0.8231398, -0.09262456)
(-2.446208, 0.8231277, -0.09262003)
(-2.446299, 0.8230704, -0.09266843)
(-2.446346, 0.8231817, -0.09264387)
(-2.446463, 0.8231716, -0.09265603)
(-2.44644, 0.8232279, -0.09280623)
(-2.446498, 0.8233125, -0.09277953)
(-2.446411, 0.8233325, -0.09280957)
(-2.446349, 0.8233522, -0.09256138)
(-2.446358, 0.8233393, -0.09256186)
(-2.446401, 0.8233579, -0.09255423)
(-2.446467, 0.8233515, -0.0927421)
(-2.446463, 0.8233362, -0.0927688)
(-2.446384, 0.8233516, -0.09275259)
(-2.446328, 0.8233938, -0.0927967)
(-2.446264, 0.823185, -0.09286822)
(-2.44614, 0.8232388, -0.09291328)
(-2.446067, 0.8232309, -0.09278382)
(-2.446071, 0.8233112, -0.09274854)
(-2.446038, 0.8233178, -0.09275831)
(-2.446098, 0.8232911, -0.09282483)
(-2.446122, 0.8233331, -0.09281267)
(-2.446016, 0.8233417, -0.09280123)
(-2.446021, 0.8233248, -0.09279217)
(-2.446019, 0.8233232, -0.09282173)
(-2.445963, 0.8233279, -0.09279121)
(-2.446012, 0.8232807, -0.09271349)
(-2.445962, 0.8232081, -0.09274949)
(-2.446002, 0.8232073, -0.09272732)
(-2.445974, 0.8232113, -0.09278502)
(-2.446014, 0.8233421, -0.09270872)
(-2.446239, 0.8233404, -0.09272636)
(-2.446246, 0.8233448, -0.09274353)
(-2.446182, 0.8231962, -0.09276785)
(-2.446268, 0.8232014, -0.09278239)
(-2.44612, 0.8232658, -0.09260811)
(-2.446082, 0.8232188, -0.09260119)
(-2.44626, 0.823209, -0.0926062)
(-2.446322, 0.8231846, -0.09264673)
(-2.446392, 0.8233442, -0.09260286)
(-2.446399, 0.823349, -0.09259523)
(-2.446461, 0.8233213, -0.09256472)
(-2.446479, 0.8233566, -0.09254231)
(-2.446462, 0.8233509, -0.0925342)
(-2.446594, 0.8232908, -0.09254421)
(-2.446618, 0.8233523, -0.09254517)
(-2.446438, 0.8233542, -0.09251799)
(-2.446502, 0.8233287, -0.09252848)
(-2.446459, 0.8231926, -0.09255065)
(-2.446382, 0.8231075, -0.09248365)
(-2.446389, 0.8231312, -0.09249009)
(-2.44641, 0.8231956, -0.09245695)
(-2.446253, 0.8231895, -0.09241809)
(-2.446263, 0.8231864, -0.09246363)
(-2.446289, 0.8232875, -0.09240736)
(-2.445977, 0.8233155, -0.09237255)
(-2.445953, 0.8233625, -0.09256805)
(-2.44595, 0.8234292, -0.09251775)
(-2.445928, 0.8235166, -0.0926)
(-2.445953, 0.8235261, -0.09273972)
(-2.445898, 0.8234496, -0.09278931)
(-2.446039, 0.8235681, -0.09290899)
(-2.446064, 0.8235825, -0.09300174)
(-2.446004, 0.8234713, -0.09307875)
(-2.446364, 0.8234671, -0.09310879)
(-2.446197, 0.8236026, -0.09314264)
(-2.446199, 0.8235632, -0.09318389)
(-2.446546, 0.8235633, -0.09322371)
(-2.446438, 0.8236519, -0.09307803)
(-2.446431, 0.8236129, -0.0931374)
(-2.4466, 0.8236759, -0.09316458)
(-2.446487, 0.8237144, -0.09277286)
(-2.446481, 0.8235776, -0.09280242)
(-2.446443, 0.8235813, -0.09283079)
(-2.446442, 0.82356, -0.09257282)
(-2.446424, 0.8234755, -0.09259333)
(-2.446283, 0.8234863, -0.09259047)
(-2.446399, 0.8233558, -0.09233202)
(-2.446354, 0.8231888, -0.09236969)
(-2.446058, 0.8231516, -0.09229816)
(-2.446141, 0.8230593, -0.09218849)
(-2.446149, 0.8231611, -0.09211697)
(-2.445829, 0.8231726, -0.09206547)
(-2.446057, 0.8230191, -0.09221782)
(-2.44605, 0.8230302, -0.09219278)
(-2.445834, 0.822993, -0.09215416)
(-2.446039, 0.8227948, -0.09195985)
(-2.446135, 0.8227828, -0.09231342)
(-2.445891, 0.8227485, -0.09227385)
(-2.445994, 0.822656, -0.0923468)
(-2.446065, 0.822929, -0.09223427)
(-2.446226, 0.8228997, -0.09220566)
(-2.446096, 0.8229876, -0.09223928)
(-2.446105, 0.8230072, -0.09220566)
(-2.446425, 0.8229746, -0.09218563)
(-2.4463, 0.8231187, -0.0926372)
(-2.446311, 0.8231442, -0.09263529)
(-2.446598, 0.8231266, -0.09264101)
(-2.446401, 0.8232772, -0.09274544)
(-2.446384, 0.8232223, -0.09277023)
(-2.446562, 0.8232305, -0.09281482)
(-2.446349, 0.8233694, -0.09274115)
(-2.446354, 0.8233784, -0.092739)
(-2.446375, 0.8234713, -0.09282888)
(-2.44638, 0.8234718, -0.09282817)
(-2.446387, 0.8235165, -0.09285273)
(-2.446313, 0.8235189, -0.09284891)
(-2.446229, 0.8235871, -0.09277977)
(-2.446146, 0.8234333, -0.09284939)
(-2.446049, 0.8234261, -0.09287657)
(-2.446076, 0.8233798, -0.0926701)
(-2.446094, 0.8234957, -0.09265293)
(-2.446107, 0.8234211, -0.09255375)
(-2.446101, 0.8234516, -0.09260191)
(-2.446048, 0.8233144, -0.09265245)
(-2.445837, 0.8233014, -0.09264959)
(-2.445995, 0.8231499, -0.09257902)
(-2.445933, 0.8229679, -0.09264292)
(-2.445815, 0.8229622, -0.09262432)
(-2.44608, 0.8227416, -0.09265675)
(-2.446164, 0.822916, -0.09258808)
(-2.44622, 0.8229122, -0.09257735)
(-2.446257, 0.8228881, -0.09267892)
(-2.446321, 0.8229523, -0.09263767)
(-2.446263, 0.8229468, -0.09264006)
(-2.446354, 0.8228865, -0.09264101)
(-2.446451, 0.8231088, -0.09254684)
(-2.446529, 0.823099, -0.09255804)
(-2.446565, 0.8231142, -0.09260453)
(-2.446616, 0.8231422, -0.09260382)
(-2.446647, 0.8232441, -0.09270634)
(-2.446634, 0.8232496, -0.09255804)
(-2.446603, 0.8231075, -0.09260811)
(-2.446711, 0.8231046, -0.09258856)
(-2.446554, 0.8232021, -0.09239997)
(-2.446507, 0.8230131, -0.09246363)
(-2.446425, 0.8231349, -0.09256305)
(-2.446457, 0.8231423, -0.09265102)
(-2.446454, 0.8230866, -0.09265722)
(-2.44652, 0.8230774, -0.09266867)
(-2.446389, 0.8232079, -0.09277643)
(-2.446383, 0.8231401, -0.09290351)
(-2.446285, 0.8231299, -0.09293427)
(-2.446165, 0.8232218, -0.09297003)
(-2.446143, 0.8231823, -0.09302081)
(-2.446219, 0.823217, -0.09305204)
(-2.446227, 0.8231885, -0.0929376)
(-2.446278, 0.8233522, -0.09291114)
(-2.44616, 0.8232838, -0.09281863)
(-2.446153, 0.8233024, -0.09284939)
(-2.446157, 0.8233417, -0.09285702)
(-2.445966, 0.8233562, -0.09286751)
(-2.4462, 0.8232075, -0.09278978)
(-2.446257, 0.8233511, -0.0927483)
(-2.446262, 0.8233635, -0.09273399)
(-2.446353, 0.8232958, -0.09257092)
(-2.446355, 0.8233484, -0.09255804)
(-2.446462, 0.8232599, -0.09245314)
(-2.446516, 0.8232561, -0.09253992)
(-2.44651, 0.8231596, -0.09252514)
(-2.446476, 0.8231602, -0.09251656)
(-2.446372, 0.8231701, -0.09228481)
(-2.446374, 0.8231694, -0.09226646)
(-2.446483, 0.8231382, -0.0922481)
(-2.446362, 0.8232298, -0.09223188)
(-2.446303, 0.8230604, -0.09224619)
(-2.446287, 0.823135, -0.0923139)
(-2.446381, 0.823119, -0.09253801)
(-2.44641, 0.8232017, -0.0925137)
(-2.446398, 0.8232096, -0.09252132)
(-2.446301, 0.8232476, -0.09244384)
(-2.446269, 0.823144, -0.09245934)
(-2.446318, 0.8231679, -0.09245457)
(-2.446307, 0.8232008, -0.09259237)
(-2.446323, 0.8233163, -0.09256805)
(-2.446283, 0.8233494, -0.09258451)
(-2.446265, 0.8233593, -0.09254135)
(-2.446218, 0.8231822, -0.09259118)
(-2.446233, 0.8231703, -0.09260215)
(-2.446208, 0.8231804, -0.09258617)
(-2.446202, 0.8232512, -0.09258761)
(-2.446277, 0.8231882, -0.09251203)
(-2.446264, 0.8231801, -0.09249176)
(-2.446269, 0.8232187, -0.0924436)
(-2.446217, 0.8231747, -0.09240974)
(-2.446211, 0.8231694, -0.09232511)
(-2.446142, 0.822989, -0.0923778)
(-2.446091, 0.8229638, -0.0923592)
(-2.446197, 0.8229131, -0.09253635)
(-2.446261, 0.8231364, -0.09246148)
(-2.446234, 0.8231429, -0.09244598)
(-2.446141, 0.8232033, -0.0925404)
(-2.446176, 0.8233546, -0.09248342)
(-2.44616, 0.8234473, -0.09254898)
(-2.446198, 0.8234582, -0.09268869)
(-2.446181, 0.8234141, -0.09270634)
(-2.44633, 0.8234076, -0.09271683)
(-2.446227, 0.8235104, -0.09273829)
(-2.446174, 0.8233393, -0.09280457)
(-2.446239, 0.8233517, -0.09281482)
(-2.446145, 0.8234025, -0.09273781)
(-2.44615, 0.8234383, -0.09275879)
(-2.446246, 0.8234248, -0.0927607)
(-2.446283, 0.8234001, -0.09272803)
(-2.446295, 0.8233798, -0.0928122)
(-2.446441, 0.8233666, -0.09283413)
(-2.446501, 0.823323, -0.09273113)
(-2.446513, 0.8233224, -0.09273042)
(-2.446543, 0.8233045, -0.09273781)
(-2.446604, 0.8232321, -0.09257664)
(-2.446611, 0.8231585, -0.09256853)
(-2.446614, 0.8230827, -0.09251608)
(-2.446676, 0.8230604, -0.09257282)
(-2.44671, 0.8230449, -0.09257092)
(-2.446559, 0.8230242, -0.0925342)
(-2.44656, 0.8230584, -0.09264387)
(-2.446563, 0.8229953, -0.09266724)
(-2.446528, 0.8229822, -0.09268679)
(-2.446469, 0.8230319, -0.09274639)
(-2.446499, 0.8230982, -0.092703)
(-2.446331, 0.8231527, -0.09274925)
(-2.446318, 0.8231456, -0.09280147)
(-2.446354, 0.8232622, -0.09274973)
(-2.446316, 0.8232492, -0.09277429)
(-2.446371, 0.823209, -0.09270634)
(-2.446349, 0.8231384, -0.09274353)
(-2.446361, 0.8231195, -0.09275879)
(-2.446163, 0.823258, -0.09274949)
(-2.446152, 0.8231966, -0.09274711)
(-2.446123, 0.8233495, -0.09286918)
(-2.446113, 0.8233509, -0.09285106)
(-2.446083, 0.8232608, -0.09287538)
(-2.446166, 0.8232801, -0.09289755)
(-2.446028, 0.8233716, -0.09292759)
(-2.446019, 0.8233874, -0.09294309)
(-2.446218, 0.8234016, -0.09295)
(-2.446205, 0.8234143, -0.09297098)
(-2.446189, 0.8234383, -0.09296931)
(-2.446198, 0.8234241, -0.09296717)
(-2.446071, 0.8234521, -0.09263243)
(-2.446076, 0.8234986, -0.09260239)
(-2.446107, 0.823518, -0.09258951)
(-2.446165, 0.8234631, -0.09243073)
(-2.446132, 0.8233902, -0.09244265)
(-2.446336, 0.8231881, -0.09225143)
(-2.446421, 0.8231797, -0.09248461)
(-2.446426, 0.823145, -0.0924982)
(-2.446475, 0.8230312, -0.09240283)
(-2.446488, 0.8230207, -0.09243311)
(-2.446456, 0.8228569, -0.09245957)
(-2.446315, 0.8228327, -0.09241499)
(-2.446343, 0.8227664, -0.09236635)
(-2.446306, 0.8226811, -0.09236588)
(-2.446214, 0.8226656, -0.09235682)
(-2.446125, 0.8227535, -0.09261955)
(-2.446185, 0.8230232, -0.09254111)
(-2.446095, 0.8230703, -0.09255423)
(-2.446064, 0.8230467, -0.09248079)
(-2.446043, 0.8230393, -0.09246601)
(-2.446138, 0.8230133, -0.09246649)
(-2.446108, 0.8230832, -0.0927688)
(-2.446131, 0.8231483, -0.0927545)
(-2.446239, 0.8231438, -0.09278406)
(-2.446246, 0.8231742, -0.09279694)
(-2.44627, 0.8232857, -0.09276976)
(-2.446413, 0.8233017, -0.09277262)
(-2.446357, 0.8233678, -0.09282793)
(-2.44637, 0.823424, -0.09277119)
(-2.446476, 0.8234512, -0.09278335)
(-2.446461, 0.8234642, -0.0926701)
(-2.446464, 0.8233916, -0.09269108)
