(0.1095006, -0.166762, 0.3123701)
(0.109454, -0.1668227, 0.3123832)
(0.1094937, -0.1667809, 0.3127135)
(0.1095651, -0.1667933, 0.3127509)
(0.109723, -0.1669112, 0.3127441)
(0.109679, -0.1668752, 0.3127882)
(0.1097442, -0.1668887, 0.312804)
(0.1098509, -0.166947, 0.3126312)
(0.1099827, -0.1667379, 0.3125577)
(0.1100401, -0.1667385, 0.3125079)
(0.110031, -0.1668994, 0.3122749)
(0.1099112, -0.1667922, 0.3125024)
(0.1099834, -0.1668098, 0.3125114)
(0.1102263, -0.1669147, 0.312413)
(0.110301, -0.1666507, 0.3124919)
(0.110353, -0.1666608, 0.3124626)
(0.1106113, -0.1668676, 0.3122051)
(0.1106929, -0.1667969, 0.312209)
(0.1107029, -0.1668336, 0.3121427)
(0.110679, -0.166888, 0.3121699)
(0.1104813, -0.1668636, 0.3123)
(0.1104677, -0.1668789, 0.3122921)
(0.1104515, -0.1667255, 0.3124037)
(0.1104548, -0.1665539, 0.3124079)
(0.1104555, -0.1665668, 0.3123802)
(0.1104009, -0.1665581, 0.312371)
(0.1104016, -0.1665663, 0.3123717)
(0.1103005, -0.1664394, 0.3124493)
(0.1103911, -0.1665423, 0.3123717)
(0.1103296, -0.1663778, 0.3125629)
(0.1103563, -0.1663619, 0.3125519)
(0.1104444, -0.1666508, 0.312346)
(0.1103058, -0.16662, 0.3124987)
(0.1102748, -0.1666327, 0.3124813)
(0.1103936, -0.166906, 0.312187)
(0.1101823, -0.1667631, 0.3123059)
(0.1100299, -0.1667726, 0.3122568)
(0.1099313, -0.1668384, 0.3120584)
(0.1099367, -0.1666876, 0.3120992)
(0.1098882, -0.1666325, 0.3121018)
(0.1098076, -0.1665912, 0.3120744)
(0.1095402, -0.1663659, 0.3122823)
(0.1094307, -0.1663502, 0.3122581)
(0.1094559, -0.1666454, 0.312149)
(0.1093609, -0.1666416, 0.3123792)
(0.1093892, -0.1665148, 0.3123621)
(0.1095074, -0.1665847, 0.3118924)
(0.1093543, -0.166062, 0.3120723)
(0.1091093, -0.165192, 0.3124293)
(0.1086559, -0.1644408, 0.3127902)
(0.107398, -0.1623238, 0.3138522)
(0.1073756, -0.1604364, 0.3144718)
(0.1080742, -0.1567129, 0.315533)
(0.1084549, -0.1511806, 0.3166544)
(0.1087421, -0.1470228, 0.3183959)
(0.1091516, -0.1424376, 0.321486)
(0.1098399, -0.138984, 0.3232619)
(0.1106161, -0.1349202, 0.3254141)
(0.1115291, -0.1303042, 0.3280499)
(0.1120913, -0.125459, 0.3317711)
(0.1127224, -0.1212065, 0.3352708)
(0.1137846, -0.1171626, 0.3395308)
(0.114527, -0.1132281, 0.3439015)
(0.115028, -0.1092467, 0.3490238)
(0.1162541, -0.1053092, 0.3540268)
(0.1168007, -0.1015182, 0.3595581)
(0.11779, -0.09869003, 0.3653044)
(0.1190223, -0.09571981, 0.3708042)
(0.1195625, -0.09239221, 0.3779397)
(0.1197002, -0.0887301, 0.3850029)
(0.1209592, -0.08651316, 0.3909707)
(0.122229, -0.08494949, 0.3972266)
(0.1234037, -0.08348477, 0.4036797)
(0.1248649, -0.08229923, 0.4101748)
(0.1262584, -0.08153749, 0.4162656)
(0.1278199, -0.08153105, 0.4224144)
(0.1291125, -0.08198845, 0.4284555)
(0.130567, -0.08240759, 0.4345982)
(0.1315935, -0.08264041, 0.4403901)
(0.1325703, -0.08351171, 0.4457681)
(0.1338178, -0.08442557, 0.4508284)
(0.134872, -0.08565807, 0.4554452)
(0.1357412, -0.08745182, 0.460651)
(0.1370097, -0.08899605, 0.4651774)
(0.1377832, -0.09089482, 0.4691622)
(0.1381639, -0.09345794, 0.4731859)
(0.1389678, -0.095613, 0.4770533)
(0.1395019, -0.09841633, 0.479708)
(0.1391314, -0.1011096, 0.482118)
(0.1393466, -0.1033876, 0.4845783)
(0.1384624, -0.1047952, 0.4872652)
(0.1382498, -0.1070383, 0.4889443)
(0.1380483, -0.1091591, 0.4906138)
(0.1398146, -0.1062648, 0.4896709)
(0.1423513, -0.1032531, 0.4862427)
(0.141535, -0.1051942, 0.481822)
(0.1413527, -0.1057051, 0.480041)
(0.1404939, -0.1070842, 0.479697)
(0.1403302, -0.1064821, 0.480422)
(0.1396484, -0.1058694, 0.4819773)
(0.1401885, -0.1057087, 0.4859519)
(0.1405852, -0.1058962, 0.4868238)
(0.1398962, -0.1064686, 0.4862217)
(0.1402617, -0.1065212, 0.4851288)
(0.1397729, -0.1066003, 0.4842317)
(0.1393528, -0.106596, 0.4834803)
(0.1395913, -0.1066984, 0.4820867)
(0.1400235, -0.1066586, 0.4816389)
(0.1402545, -0.1062948, 0.4819335)
(0.1404383, -0.1065915, 0.4826657)
(0.1403472, -0.1062422, 0.4834254)
(0.1403426, -0.1057243, 0.483724)
(0.1401526, -0.1057391, 0.4836721)
(0.1399651, -0.1061141, 0.4836987)
(0.1402853, -0.1061684, 0.4834507)
(0.1404542, -0.1060444, 0.48312)
(0.1406077, -0.1061128, 0.4831327)
(0.140478, -0.1062926, 0.4831243)
(0.1403745, -0.1062266, 0.4832149)
(0.1403009, -0.1061008, 0.4834316)
(0.1403726, -0.1064281, 0.4839301)
(0.1405764, -0.106474, 0.4842411)
(0.1408445, -0.1062716, 0.4846402)
(0.1408783, -0.1062647, 0.4852868)
(0.1410369, -0.1062373, 0.4863131)
(0.141417, -0.1062742, 0.4872558)
(0.1416814, -0.1057589, 0.4883285)
(0.1418135, -0.1055378, 0.4898692)
(0.1416613, -0.1054248, 0.4915069)
(0.1416218, -0.1056072, 0.493418)
(0.1416364, -0.1062278, 0.4954127)
(0.1414872, -0.1061423, 0.4972765)
(0.1412759, -0.1046472, 0.4991249)
(0.1411203, -0.1011198, 0.5015162)
(0.1412541, -0.09796417, 0.5034888)
(0.1415678, -0.09271955, 0.5051577)
(0.1422251, -0.08671868, 0.5081416)
(0.1428034, -0.08044159, 0.5111556)
(0.1426834, -0.07210457, 0.5146184)
(0.1424876, -0.06597984, 0.5178261)
(0.1432488, -0.05866015, 0.521377)
(0.1440969, -0.05127335, 0.5243402)
(0.1450549, -0.04464591, 0.5284995)
(0.1459651, -0.03803003, 0.5328147)
(0.1475378, -0.03188765, 0.538128)
(0.1494378, -0.02453518, 0.5432185)
(0.1511647, -0.01850641, 0.5492314)
(0.1524409, -0.01255786, 0.5557197)
(0.1542513, -0.006326556, 0.5614381)
(0.1554755, -0.001057625, 0.5687572)
(0.1566262, 0.00334847, 0.5758651)
(0.1586938, 0.007866621, 0.583024)
(0.1599439, 0.01221251, 0.5911019)
(0.1614549, 0.01486504, 0.5997487)
(0.1634229, 0.01895869, 0.6083001)
(0.1645823, 0.02235746, 0.6177945)
(0.1659896, 0.02527845, 0.6271982)
(0.1678056, 0.02819073, 0.6365925)
(0.1695131, 0.03061962, 0.6460729)
(0.1710594, 0.03214931, 0.6558602)
(0.172851, 0.03373909, 0.6656983)
(0.1743993, 0.03436041, 0.6756465)
(0.1759531, 0.03484142, 0.6855564)
(0.1775787, 0.03538334, 0.6963984)
(0.1790394, 0.0361979, 0.7060353)
(0.1804912, 0.03704917, 0.7155598)
(0.181815, 0.03757846, 0.7253742)
(0.1833143, 0.03848922, 0.7344753)
(0.18462, 0.03923643, 0.7428551)
(0.1855047, 0.03938556, 0.7510803)
(0.1862985, 0.04043305, 0.7592896)
(0.1876314, 0.04028916, 0.7659578)
(0.18846, 0.03917611, 0.7732983)
(0.1896958, 0.03844535, 0.7792857)
(0.1908035, 0.03708279, 0.7829756)
(0.191174, 0.03616667, 0.7873331)
(0.191806, 0.03593624, 0.7912006)
(0.1924008, 0.03581309, 0.7938995)
(0.1923245, 0.03477025, 0.7967014)
(0.1926521, 0.03387582, 0.7991432)
(0.1928154, 0.03236771, 0.800855)
(0.1925398, 0.02897203, 0.8036689)
(0.1929202, 0.02691042, 0.8051665)
(0.1929718, 0.02448392, 0.8058226)
(0.1939684, 0.02288187, 0.806758)
(0.1945255, 0.02145422, 0.8063639)
(0.1952925, 0.01996124, 0.8056769)
(0.1958718, 0.01839912, 0.8059314)
(0.1960766, 0.01627553, 0.8061998)
(0.1948094, 0.0152297, 0.8066169)
(0.1928449, 0.01781809, 0.8070313)
(0.1922204, 0.01929891, 0.806753)
(0.1930122, 0.01876712, 0.8075827)
(0.1937568, 0.01690531, 0.8081743)
(0.1948398, 0.01561499, 0.8082333)
(0.194418, 0.01611066, 0.8082142)
(0.1944324, 0.01649761, 0.8080086)
(0.1945069, 0.01619065, 0.8077646)
(0.1946627, 0.01564288, 0.8075401)
(0.1944128, 0.01533628, 0.8074741)
(0.194038, 0.01522052, 0.8076108)
(0.1938555, 0.01517642, 0.8079611)
(0.1937379, 0.01515305, 0.8079275)
(0.1936599, 0.01504362, 0.8080512)
(0.1939476, 0.01498067, 0.8081783)
(0.1944062, 0.0151875, 0.8078827)
(0.1945435, 0.01518774, 0.8080077)
(0.1946453, 0.01511931, 0.8081688)
(0.1946994, 0.0150547, 0.8081504)
(0.1948075, 0.01476192, 0.8082088)
(0.1946845, 0.01458752, 0.8082037)
(0.1947032, 0.01449084, 0.8083619)
(0.1947885, 0.01453209, 0.8084978)
(0.1945932, 0.01459765, 0.8086036)
(0.1944886, 0.01484394, 0.8089335)
(0.1943475, 0.01493669, 0.8092196)
(0.1943612, 0.01516318, 0.8099743)
(0.1941178, 0.01545858, 0.8107378)
(0.1938461, 0.01578403, 0.8113813)
(0.1931322, 0.01665127, 0.8124925)
(0.1925232, 0.01765835, 0.8137547)
(0.1921816, 0.01850498, 0.8154016)
(0.1919194, 0.0191381, 0.8172598)
(0.192048, 0.01943064, 0.8192832)
(0.1920524, 0.02026272, 0.8213797)
(0.1918617, 0.02176499, 0.8234873)
(0.191857, 0.02522945, 0.825636)
(0.1913146, 0.02871037, 0.8277837)
(0.1909049, 0.03325951, 0.8302741)
(0.1899989, 0.03609645, 0.8336507)
(0.1891694, 0.04001403, 0.8361678)
(0.1879768, 0.04433179, 0.8383766)
(0.1871506, 0.04869163, 0.8406816)
(0.1860012, 0.05256438, 0.8421391)
(0.1846355, 0.0563736, 0.8430459)
(0.1835121, 0.06050122, 0.8440335)
(0.1828818, 0.06461418, 0.8461882)
(0.1828964, 0.06812525, 0.8484709)
(0.1826653, 0.07174468, 0.850484)
(0.1825088, 0.07529914, 0.8530312)
(0.1816952, 0.07920587, 0.8555706)
(0.1815457, 0.08281004, 0.8581287)
(0.1811173, 0.08638239, 0.8609077)
(0.1809533, 0.09011638, 0.8643622)
(0.1810808, 0.09349668, 0.8682872)
(0.1811988, 0.09578788, 0.8715374)
(0.1819273, 0.09782481, 0.8750045)
(0.1828756, 0.09885168, 0.8788096)
(0.183483, 0.09970796, 0.8825438)
(0.1841851, 0.101027, 0.8867629)
(0.18515, 0.1019636, 0.8915052)
(0.1860753, 0.1023148, 0.8961073)
(0.1874685, 0.1021745, 0.9010059)
(0.1891849, 0.1017265, 0.9063076)
(0.1903092, 0.101612, 0.9111387)
(0.1916364, 0.1007837, 0.916285)
(0.1952162, 0.1013798, 0.919605)
(0.197405, 0.09980524, 0.92495)
(0.1994482, 0.09837091, 0.9302284)
(0.2018871, 0.09610832, 0.9357836)
(0.2040428, 0.09413242, 0.941465)
(0.2063147, 0.09187245, 0.9472314)
(0.2084976, 0.09008491, 0.9536524)
(0.2107248, 0.08857536, 0.9590807)
(0.2120706, 0.08803737, 0.9644803)
(0.2132536, 0.0869838, 0.9694817)
(0.215335, 0.0849607, 0.9735488)
(0.2172772, 0.0833112, 0.9780238)
(0.2186806, 0.08113432, 0.9811945)
(0.2204021, 0.07924616, 0.9845726)
(0.2212658, 0.07784462, 0.9873425)
(0.2221673, 0.076774, 0.989624)
(0.2240025, 0.07581699, 0.9905533)
(0.2246914, 0.07676554, 0.9909743)
(0.2248802, 0.07615054, 0.9904213)
(0.2266805, 0.07531261, 0.9890993)
(0.2280996, 0.07448685, 0.9882129)
(0.2279506, 0.07342458, 0.9877261)
(0.2282919, 0.07296622, 0.9879034)
(0.2283373, 0.07345176, 0.9881709)
(0.2273842, 0.07403243, 0.9875921)
(0.2265061, 0.0743525, 0.9876233)
(0.2259158, 0.07446098, 0.9880199)
(0.2263319, 0.07427633, 0.9880199)
(0.2271422, 0.07372642, 0.9877909)
(0.2274686, 0.0735836, 0.9874852)
(0.2283527, 0.07351601, 0.9874626)
(0.228531, 0.07346332, 0.9874793)
(0.2282267, 0.07344806, 0.9872416)
(0.2287081, 0.07382572, 0.9869074)
(0.2287072, 0.073928, 0.9870187)
(0.228431, 0.07392871, 0.9869759)
(0.2283676, 0.07415533, 0.9866854)
(0.2281449, 0.07412672, 0.9865847)
(0.2279303, 0.07414114, 0.9865203)
(0.2280145, 0.07430363, 0.9864284)
(0.2280924, 0.07432306, 0.9864382)
(0.2282835, 0.07440186, 0.9865903)
(0.2282275, 0.07419586, 0.9867712)
(0.228269, 0.07426584, 0.9868156)
(0.2281268, 0.07425785, 0.9866256)
(0.2281955, 0.07434928, 0.986553)
(0.228372, 0.07426286, 0.9865011)
(0.2283916, 0.07424343, 0.9864169)
(0.2284156, 0.0742209, 0.9864296)
(0.2284746, 0.07413006, 0.9863787)
(0.2284052, 0.07408917, 0.9863238)
(0.2282916, 0.07391191, 0.9865181)
(0.2282411, 0.07406998, 0.986782)
