(0.1814308, 2.090441, 5.334764)
(0.1814308, 2.090441, 5.334764)
(0.1810144, 2.088001, 5.335147)
(0.180925, 2.086643, 5.335244)
(0.1811683, 2.086168, 5.335006)
(0.1808468, 2.087061, 5.334718)
(0.1798182, 2.089121, 5.335012)
(0.1788851, 2.091345, 5.33499)
(0.1778329, 2.093191, 5.335351)
(0.1766587, 2.092821, 5.335864)
(0.1759834, 2.090702, 5.335977)
(0.175139, 2.088834, 5.336584)
(0.1739959, 2.088317, 5.337197)
(0.1726791, 2.088862, 5.338269)
(0.1726791, 2.088862, 5.338269)
(0.1696254, 2.089272, 5.340784)
(0.1680307, 2.089043, 5.34213)
(0.1656594, 2.088002, 5.344244)
(0.1626725, 2.087605, 5.347617)
(0.1626725, 2.087605, 5.347617)
(0.1587143, 2.088368, 5.352022)
(0.1539309, 2.090184, 5.357938)
(0.1490267, 2.091317, 5.363356)
(0.1344387, 2.090021, 5.380642)
(0.1240333, 2.088184, 5.397812)
(0.1124267, 2.088297, 5.416093)
(0.1022817, 2.090449, 5.43839)
(0.0874907, 2.091585, 5.463904)
(0.07381901, 2.096598, 5.485641)
(0.08212972, 2.077014, 5.533391)
(0.07248226, 2.056942, 5.571424)
(0.05952875, 2.029554, 5.615774)
(0.05513139, 2.022605, 5.651587)
(0.05002916, 2.015841, 5.6853)
(0.02930463, 2.018604, 5.713864)
(6.282959, 2.045159, 5.746765)
(6.264311, 2.0613, 5.776663)
(6.264311, 2.0613, 5.776663)
(6.200253, 2.112278, 5.817691)
(6.175413, 2.125385, 5.833962)
(6.155986, 2.132724, 5.850517)
(6.149515, 2.125561, 5.863788)
(6.150559, 2.111758, 5.87506)
(6.154531, 2.098752, 5.885184)
(6.179406, 2.074763, 5.886754)
(6.192764, 2.05991, 5.891602)
(6.207866, 2.047391, 5.891337)
(6.207866, 2.047391, 5.891337)
(6.227245, 2.040373, 5.870204)
(6.235818, 2.041306, 5.852359)
(6.244744, 2.040909, 5.833288)
(6.253916, 2.03937, 5.815626)
(6.264737, 2.038876, 5.792563)
(6.275666, 2.038045, 5.76823)
(0.004928952, 2.040034, 5.737377)
(0.004928952, 2.040034, 5.737377)
(0.02311757, 2.057432, 5.674446)
(0.0312392, 2.067457, 5.644733)
(0.03916302, 2.078915, 5.613914)
(0.05005915, 2.084878, 5.586613)
(0.06269144, 2.088293, 5.561009)
(0.07917511, 2.083636, 5.539496)
(0.09749032, 2.067385, 5.524169)
(0.111471, 2.057778, 5.50589)
(0.111471, 2.057778, 5.50589)
(0.1232769, 2.04028, 5.496839)
(0.1420808, 2.020185, 5.480505)
(0.1388802, 2.028474, 5.481281)
(0.1348706, 2.042931, 5.485365)
(0.1347194, 2.053471, 5.492242)
(0.1369271, 2.059681, 5.498205)
(0.1399684, 2.061488, 5.512653)
(0.1470855, 2.060345, 5.5213)
(0.1470855, 2.060345, 5.5213)
(0.1719202, 2.03902, 5.532067)
(0.1462173, 2.079919, 5.538118)
(0.1104127, 2.116588, 5.539719)
(0.138668, 2.103935, 5.545595)
(0.1424443, 2.06523, 5.550763)
(0.143022, 2.045456, 5.556976)
(0.1328644, 2.036058, 5.564729)
(0.1396261, 2.023713, 5.565876)
(0.1396261, 2.023713, 5.565876)
(0.1436134, 2.015231, 5.565059)
(0.1426369, 2.025471, 5.558838)
(0.1471609, 2.04212, 5.555557)
(0.1409888, 2.048001, 5.55237)
(0.139833, 2.043472, 5.550222)
(0.1407318, 2.036966, 5.545063)
(0.1544211, 2.022673, 5.537363)
(0.1609252, 2.01757, 5.530982)
(0.1609252, 2.01757, 5.530982)
(0.1645185, 2.019273, 5.515909)
(0.1690632, 2.018303, 5.507246)
(0.1749806, 2.017136, 5.49786)
(0.1793712, 2.016033, 5.490891)
(0.1823512, 2.0158, 5.485424)
(0.1866892, 2.016672, 5.479784)
(0.1931517, 2.015921, 5.473843)
(0.2010013, 2.012118, 5.466178)
(0.2045279, 2.014877, 5.460983)
(0.2076829, 2.019253, 5.455324)
(0.2103156, 2.02595, 5.449701)
(0.2117751, 2.035799, 5.444922)
(0.2158424, 2.039999, 5.43804)
(0.2161603, 2.052889, 5.434523)
(0.2195157, 2.06143, 5.43099)
(0.2216722, 2.068541, 5.426497)
(0.2233045, 2.075601, 5.42132)
(0.2281967, 2.081104, 5.414448)
(0.228701, 2.088365, 5.406859)
(0.2301306, 2.093653, 5.40116)
(0.2318207, 2.097768, 5.39496)
(0.231824, 2.103223, 5.388776)
(0.2327767, 2.105932, 5.382608)
(0.2339207, 2.102454, 5.375022)
(0.2353877, 2.103229, 5.367049)
(0.2367788, 2.105066, 5.35912)
(0.2381454, 2.107855, 5.350955)
(0.2384549, 2.116595, 5.345921)
(0.2395202, 2.124805, 5.342053)
(0.2421009, 2.131496, 5.338263)
(0.2434804, 2.133945, 5.336744)
(0.2445723, 2.132648, 5.333608)
(0.2457431, 2.131008, 5.32923)
(0.2470753, 2.129181, 5.328434)
(0.2478956, 2.131771, 5.327281)
(0.2478956, 2.131771, 5.327281)
(0.2478646, 2.13536, 5.32812)
(0.2469944, 2.138249, 5.329372)
(0.2449185, 2.135855, 5.331317)
(0.2452126, 2.134633, 5.333194)
(0.2435054, 2.138844, 5.3373)
(0.2416667, 2.142821, 5.341414)
(0.238656, 2.14684, 5.347863)
(0.2360176, 2.149059, 5.353209)
(0.2318485, 2.151929, 5.359172)
(0.2253279, 2.156323, 5.367873)
(0.2207978, 2.16021, 5.375768)
(0.2145469, 2.161095, 5.386344)
(0.2092659, 2.160151, 5.394466)
(0.2032023, 2.15833, 5.403139)
(0.1968422, 2.158128, 5.412326)
(0.1874045, 2.161488, 5.421374)
(0.1774844, 2.164357, 5.430949)
(0.1675223, 2.167509, 5.440273)
(0.1580039, 2.167701, 5.450226)
(0.1507558, 2.165174, 5.459697)
(0.1438843, 2.161514, 5.468953)
(0.1384671, 2.159913, 5.479167)
(0.1299753, 2.165289, 5.489368)
(0.1218878, 2.173657, 5.50027)
(0.1114274, 2.190471, 5.510859)
(0.1007737, 2.20182, 5.523688)
(0.1007737, 2.20182, 5.523688)
(0.08418117, 2.222104, 5.552465)
(0.07667578, 2.229241, 5.564203)
(0.0692009, 2.226655, 5.578544)
(0.06131525, 2.221107, 5.59815)
(0.05646075, 2.207847, 5.626596)
(0.05624243, 2.192981, 5.649987)
(0.06344341, 2.175216, 5.676361)
(0.05321788, 2.167278, 5.707594)
(0.05321788, 2.167278, 5.707594)
(0.0305578, 2.151515, 5.764638)
(0.001842202, 2.16961, 5.7913)
(6.242985, 2.203837, 5.815805)
(6.193413, 2.247504, 5.829066)
(6.151566, 2.266737, 5.844993)
(6.120106, 2.274518, 5.860554)
(6.103966, 2.266204, 5.879966)
(6.084819, 2.263088, 5.897976)
(6.084819, 2.263088, 5.897976)
(6.07002, 2.244709, 5.922008)
(6.062317, 2.23591, 5.932495)
(6.06925, 2.222227, 5.933495)
(6.067875, 2.214025, 5.935781)
(6.072122, 2.203948, 5.931563)
(6.078163, 2.192132, 5.928868)
(6.097383, 2.172202, 5.922784)
(6.111096, 2.155121, 5.917922)
(6.129903, 2.14031, 5.905317)
(6.143651, 2.131226, 5.889597)
(6.154933, 2.124288, 5.8734)
(6.166309, 2.123317, 5.850463)
(6.178086, 2.12184, 5.826064)
(6.191608, 2.120778, 5.797991)
(6.204912, 2.118961, 5.769574)
(6.217979, 2.122677, 5.730807)
(6.232199, 2.12396, 5.69527)
(6.232199, 2.12396, 5.69527)
(6.255385, 2.130381, 5.622429)
(6.269815, 2.127664, 5.589825)
(0.004258944, 2.117997, 5.560402)
(0.02240792, 2.103693, 5.533902)
(0.0405777, 2.089356, 5.508203)
(0.06034134, 2.065188, 5.488795)
(0.08143264, 2.033255, 5.476136)
(0.09966501, 2.007677, 5.458434)
(0.1090232, 1.99179, 5.45032)
(0.1136487, 1.993581, 5.444564)
(0.1136487, 1.993581, 5.444564)
(0.1198763, 2.016721, 5.440397)
(0.1196088, 2.034642, 5.443281)
(0.1196328, 2.054258, 5.453444)
(0.119825, 2.066755, 5.464678)
(0.09751108, 2.134797, 5.448669)
(0.09759079, 2.167644, 5.446713)
(0.1005918, 2.189779, 5.437959)
(0.1206107, 2.130947, 5.440569)
(0.1374023, 2.072822, 5.437366)
(0.1485948, 2.02399, 5.431157)
(0.1439121, 2.029569, 5.427762)
(0.1489824, 2.051746, 5.426619)
(0.1566777, 2.05204, 5.423629)
(0.1570002, 2.061573, 5.416574)
(0.1534144, 2.082021, 5.410952)
(0.1534144, 2.082021, 5.410952)
(0.148002, 2.111286, 5.402112)
(0.1470482, 2.117551, 5.400792)
(0.1496555, 2.109128, 5.396176)
(0.1534808, 2.098031, 5.392511)
(0.1574548, 2.085554, 5.390659)
(0.159769, 2.080662, 5.388433)
(0.1616239, 2.081444, 5.387724)
(0.1630585, 2.083166, 5.385661)
(0.1630585, 2.083166, 5.385661)
(0.1636402, 2.089727, 5.384393)
(0.1639269, 2.100491, 5.383752)
(0.1652631, 2.099366, 5.383554)
(0.1652631, 2.099366, 5.383554)
(0.1666718, 2.091666, 5.382789)
(0.1673689, 2.090292, 5.382677)
(0.166733, 2.093149, 5.382815)
(0.1665026, 2.095301, 5.383082)
(0.1661854, 2.097461, 5.383482)
(0.1660554, 2.0967, 5.384094)
(0.1666145, 2.095953, 5.384141)
(0.1663566, 2.095982, 5.38517)
(0.1657694, 2.095201, 5.38606)
(0.1653789, 2.093542, 5.386941)
(0.1648316, 2.093127, 5.387363)
(0.1636626, 2.094581, 5.388391)
(0.1626145, 2.095696, 5.389474)
(0.1617088, 2.096607, 5.390565)
(0.1607225, 2.097011, 5.392066)
(0.1602614, 2.096544, 5.393346)
(0.1597434, 2.097015, 5.394479)
(0.1590485, 2.097445, 5.395692)
(0.1580952, 2.098818, 5.396592)
(0.1571836, 2.099895, 5.397392)
