(0.0881834, -0.1875901, 0.3502893)
(0.08813405, -0.1874497, 0.350219)
(0.08808303, -0.1873162, 0.3501098)
(0.08806062, -0.1874983, 0.3499019)
(0.08807039, -0.1874681, 0.349925)
(0.08802199, -0.1875143, 0.3497813)
(0.08798122, -0.1872168, 0.3501401)
(0.08811665, -0.1872377, 0.3502688)
(0.08823419, -0.1871884, 0.3501377)
(0.0883522, -0.1872065, 0.3501465)
(0.08839726, -0.1872809, 0.3500943)
(0.08842802, -0.1874154, 0.350276)
(0.0884583, -0.1875472, 0.3502862)
(0.08841324, -0.1875584, 0.3503275)
(0.08839178, -0.187526, 0.3502877)
(0.08831787, -0.1874845, 0.3502851)
(0.0883081, -0.1875532, 0.3502347)
(0.08822918, -0.18765, 0.3500268)
(0.08811378, -0.1874626, 0.3500757)
(0.08828688, -0.1874149, 0.3500512)
(0.08829379, -0.1877918, 0.3501322)
(0.08884215, -0.1879549, 0.3498225)
(0.08907986, -0.1883943, 0.3496175)
(0.08926129, -0.1881869, 0.3495991)
(0.08905578, -0.188308, 0.3495736)
(0.08910251, -0.1884029, 0.3497791)
(0.08934522, -0.1884246, 0.3498642)
(0.08934402, -0.1885109, 0.3496454)
(0.08935499, -0.1884947, 0.3495605)
(0.08906817, -0.1886234, 0.3497522)
(0.08892679, -0.1886237, 0.3499777)
(0.08887339, -0.1886692, 0.3500743)
(0.08892226, -0.1885853, 0.3499277)
(0.08901381, -0.1885693, 0.3499591)
(0.08907056, -0.188611, 0.3499532)
(0.08918667, -0.1886058, 0.3497217)
(0.08939505, -0.188868, 0.3495359)
(0.089463, -0.1888695, 0.3495777)
(0.08936787, -0.1887145, 0.3495636)
(0.08919382, -0.1885357, 0.3496823)
(0.08921862, -0.1885571, 0.3496199)
(0.08914971, -0.1886075, 0.3494785)
(0.08900785, -0.1884639, 0.3494093)
(0.08909178, -0.1883655, 0.3494878)
(0.08904409, -0.1882985, 0.3494799)
(0.08886671, -0.1881626, 0.349503)
(0.08885264, -0.1880312, 0.3494925)
(0.0887301, -0.1879876, 0.3494794)
(0.08876657, -0.1879323, 0.3495378)
(0.08856297, -0.1879714, 0.3494914)
(0.0884881, -0.1879547, 0.3495219)
(0.08847308, -0.1878924, 0.3493412)
(0.08871841, -0.1878724, 0.3492193)
(0.08868241, -0.1878879, 0.3491371)
(0.08865976, -0.187691, 0.3491359)
(0.08855343, -0.1876519, 0.3490126)
(0.08862591, -0.1878045, 0.3493292)
(0.08844733, -0.1880431, 0.3490744)
(0.08854508, -0.1879711, 0.3491445)
(0.08846855, -0.1881638, 0.3491843)
(0.08859015, -0.1881032, 0.3490703)
(0.08870888, -0.1880844, 0.3489573)
(0.08862329, -0.1879587, 0.3487492)
(0.08861351, -0.1879556, 0.3488288)
(0.08857632, -0.1879292, 0.3489406)
(0.08842921, -0.1878965, 0.3489759)
(0.08837032, -0.1879709, 0.3489459)
(0.0882082, -0.1881657, 0.3488662)
(0.0884881, -0.1879437, 0.3484669)
(0.08839726, -0.1876101, 0.3486035)
(0.08832908, -0.187578, 0.3486135)
(0.08825612, -0.1874552, 0.3486371)
(0.08804345, -0.187319, 0.3487866)
(0.08778334, -0.1872804, 0.3487318)
(0.0876348, -0.1872094, 0.3487592)
(0.08740997, -0.1871824, 0.3488874)
(0.08741784, -0.1873152, 0.349179)
(0.08721256, -0.1872666, 0.3494058)
(0.08718753, -0.1874747, 0.3497314)
(0.08734989, -0.1874902, 0.349925)
(0.08781958, -0.1877806, 0.3496742)
(0.08779407, -0.1877975, 0.3496585)
(0.08749986, -0.1879818, 0.3500073)
(0.08739281, -0.1879318, 0.3505077)
(0.08690476, -0.1880577, 0.3507383)
(0.08652258, -0.1879246, 0.3510327)
(0.08634448, -0.1879895, 0.3509829)
(0.08636928, -0.1880755, 0.3511477)
(0.0868113, -0.1881983, 0.3515279)
(0.08717394, -0.1886146, 0.3516634)
(0.08775496, -0.1890187, 0.3517237)
(0.08801913, -0.1895401, 0.3517354)
(0.08783674, -0.189647, 0.3521993)
(0.08796072, -0.1897933, 0.3524716)
(0.08930588, -0.1900761, 0.3534689)
(0.09035802, -0.1904945, 0.3546064)
(0.09101796, -0.1903508, 0.3560569)
(0.09130788, -0.1902821, 0.3572533)
(0.09196424, -0.189467, 0.3588939)
(0.09319425, -0.1887987, 0.3608999)
(0.09430337, -0.1882341, 0.3632734)
(0.09526563, -0.1876254, 0.3662398)
(0.09639144, -0.1868711, 0.3690619)
(0.09815454, -0.186451, 0.3729322)
(0.1001136, -0.185194, 0.3775427)
(0.1010265, -0.1834357, 0.384567)
(0.102706, -0.1795712, 0.3899627)
(0.1054657, -0.1721447, 0.3932252)
(0.1049285, -0.1661935, 0.3935037)
(0.1026568, -0.1587985, 0.3925564)
(0.09468985, -0.1409836, 0.3908126)
(0.09278083, -0.1263099, 0.3931193)
(0.09018564, -0.1053321, 0.391279)
(0.0872438, -0.08175683, 0.3897069)
(0.08966041, -0.05822349, 0.3877587)
(0.08827639, -0.03467798, 0.3861156)
(0.08527946, -0.006577253, 0.3877556)
(0.08418918, 0.02213407, 0.3911905)
(0.08119988, 0.05129075, 0.3976021)
(0.07895231, 0.080369, 0.4070058)
(0.07407498, 0.1077518, 0.4152539)
(0.07050395, 0.1334295, 0.42891)
(0.0691402, 0.1592268, 0.4438224)
(0.06363916, 0.1845514, 0.4597027)
(0.06090021, 0.2082937, 0.4748006)
(0.06126809, 0.2347978, 0.4906464)
(0.05858183, 0.2582041, 0.5069447)
(0.05873561, 0.2781522, 0.521739)
(0.06103706, 0.2981558, 0.5347559)
(0.06207204, 0.3187823, 0.5512803)
(0.06462741, 0.3351908, 0.566956)
(0.06785512, 0.3504747, 0.5833862)
(0.07127571, 0.3649217, 0.6019006)
(0.07477498, 0.3778667, 0.6184773)
(0.07978439, 0.3884307, 0.6365368)
(0.08538675, 0.3968306, 0.6546848)
(0.09096169, 0.4051354, 0.6721392)
(0.09668612, 0.4078367, 0.6910925)
(0.1029141, 0.4124411, 0.7093377)
(0.1089234, 0.4141406, 0.7279513)
(0.1147738, 0.4146136, 0.7472115)
(0.1216407, 0.4153181, 0.7655053)
(0.1280746, 0.4147389, 0.7838507)
(0.1344914, 0.4132693, 0.8049998)
(0.1424706, 0.4101598, 0.8210416)
(0.1488972, 0.4084909, 0.8375921)
(0.1542559, 0.4036638, 0.854773)
(0.1614125, 0.3964971, 0.8678384)
(0.1667302, 0.3897572, 0.8815305)
(0.1697576, 0.3806837, 0.8961344)
(0.1752484, 0.371793, 0.9068749)
(0.1790273, 0.3629422, 0.9159231)
(0.1813703, 0.350301, 0.9265552)
(0.1859772, 0.3358983, 0.9315133)
(0.1886301, 0.3231312, 0.9377928)
(0.1888449, 0.3045093, 0.942522)
(0.1920424, 0.286432, 0.9462848)
(0.1957617, 0.2733442, 0.9530997)
(0.197787, 0.2573136, 0.9597356)
(0.1986403, 0.2754955, 0.9318902)
(0.1910768, 0.3033774, 0.9363365)
(0.2077141, 0.3343378, 0.9305053)
(0.2158401, 0.3251183, 0.9371147)
(0.2009706, 0.3167853, 0.9267008)
(0.2049112, 0.3127029, 0.9417663)
(0.1948514, 0.307326, 0.9426103)
(0.1852291, 0.3001029, 0.9400055)
(0.1915154, 0.302707, 0.9401145)
(0.1884694, 0.3101573, 0.9355257)
(0.1783383, 0.3157586, 0.923707)
(0.1721098, 0.3116982, 0.922646)
(0.1741858, 0.3092328, 0.9181035)
(0.1776214, 0.3101282, 0.9170895)
(0.1842408, 0.3093249, 0.9191577)
(0.1884427, 0.3094954, 0.9197652)
(0.1857879, 0.3058772, 0.9199619)
(0.1861053, 0.3065655, 0.921376)
(0.1832383, 0.3093807, 0.9228587)
(0.1810436, 0.3088784, 0.9221365)
(0.1813879, 0.3080966, 0.9201257)
(0.1819775, 0.3078836, 0.9187546)
(0.1836436, 0.3075521, 0.9179003)
(0.1856685, 0.3072686, 0.9171116)
(0.1861386, 0.3076652, 0.917635)
(0.1869147, 0.3075289, 0.9180624)
(0.1861732, 0.3072231, 0.9191413)
(0.1851888, 0.3074602, 0.9205167)
(0.1847415, 0.3075429, 0.9208393)
(0.1842573, 0.3074468, 0.9207282)
(0.1844661, 0.3075472, 0.9199326)
(0.1855814, 0.3073969, 0.9189162)
(0.1864653, 0.3069293, 0.9179389)
(0.186945, 0.3076394, 0.9177949)
(0.1876235, 0.3074852, 0.9177048)
(0.1874514, 0.3072969, 0.9186378)
(0.187263, 0.30765, 0.9196486)
(0.186574, 0.3076472, 0.9204915)
(0.1861174, 0.3076309, 0.9206865)
(0.1857915, 0.3074543, 0.9198267)
(0.1857131, 0.3075238, 0.9188592)
(0.1860657, 0.3075948, 0.9180603)
(0.1861506, 0.3078512, 0.9177299)
(0.1867473, 0.30783, 0.917768)
(0.1867216, 0.3076138, 0.9182124)
(0.1866455, 0.3077576, 0.9191375)
(0.1866105, 0.3077748, 0.9194262)
(0.1864839, 0.3075023, 0.9195166)
(0.1865337, 0.3073401, 0.9189622)
(0.1867902, 0.3071591, 0.9183135)
(0.1873186, 0.3071219, 0.9177499)
(0.1877775, 0.3070791, 0.9178226)
(0.1882646, 0.3070518, 0.9183352)
(0.1883774, 0.3068851, 0.9190772)
(0.1880007, 0.3070506, 0.9196308)
(0.1878328, 0.3070309, 0.9194939)
(0.1874399, 0.3070525, 0.9185908)
(0.1872535, 0.3071154, 0.9179635)
(0.1873984, 0.307295, 0.917824)
(0.1875246, 0.3071721, 0.9181168)
(0.1879294, 0.3070885, 0.9184244)
(0.1882372, 0.3069652, 0.9188006)
(0.1882253, 0.306787, 0.9187212)
(0.1878324, 0.3068101, 0.9182401)
(0.1877773, 0.306779, 0.9178102)
(0.1876118, 0.3067635, 0.9172871)
(0.1875415, 0.3070101, 0.9173265)
(0.1878312, 0.3068067, 0.9172301)
(0.1881034, 0.306577, 0.9171479)
(0.1884089, 0.306399, 0.9167967)
(0.1887233, 0.3062137, 0.9165559)
(0.189054, 0.3063784, 0.9162962)
(0.1889303, 0.3063463, 0.9163432)
(0.1888421, 0.3063096, 0.9164634)
(0.1886146, 0.3063804, 0.9166646)
(0.1883717, 0.3062898, 0.9166729)
(0.1881475, 0.3063095, 0.916554)
(0.1880848, 0.3063076, 0.9159932)
(0.1879988, 0.3065736, 0.9159415)
(0.1882188, 0.3066387, 0.915781)
(0.1883948, 0.3065264, 0.9156146)
(0.1883783, 0.3065683, 0.9153609)
(0.1882784, 0.3066268, 0.9150925)
(0.1879487, 0.3067769, 0.914999)
(0.1873021, 0.3071467, 0.9151978)
(0.1868794, 0.3074292, 0.9158154)
(0.1865761, 0.30759, 0.9163771)
(0.186523, 0.3073913, 0.9167817)
(0.1868799, 0.3065238, 0.9179368)
(0.1875165, 0.3069001, 0.9199269)
(0.1870012, 0.307191, 0.9214721)
(0.1850185, 0.3076699, 0.9198124)
(0.1840606, 0.3075519, 0.9147973)
(0.183639, 0.3080208, 0.9145393)
(0.1842582, 0.3088264, 0.9179668)
(0.1828847, 0.3091924, 0.9234526)
(0.1820126, 0.3100405, 0.9260228)
(0.1781814, 0.3081746, 0.9257426)
(0.1782377, 0.3085854, 0.9230199)
(0.1785226, 0.3087965, 0.9200943)
(0.1811457, 0.3092273, 0.9180722)
(0.1834486, 0.3085312, 0.9176741)
(0.1852989, 0.309023, 0.9185631)
(0.1850128, 0.308298, 0.9191058)
(0.1860912, 0.3081759, 0.9201374)
(0.1861849, 0.3075582, 0.9202793)
(0.1856041, 0.3072476, 0.9192162)
(0.1847608, 0.3078103, 0.9181311)
(0.183656, 0.3079863, 0.917845)
(0.183234, 0.3082033, 0.9180615)
(0.1828845, 0.3085457, 0.9181361)
(0.1826131, 0.3084024, 0.9184332)
(0.1826251, 0.3085483, 0.9190428)
(0.1831739, 0.3085654, 0.9193926)
(0.1836922, 0.3082941, 0.9193661)
(0.1842778, 0.3080981, 0.9189677)
(0.1844871, 0.3079289, 0.9185143)
(0.1844394, 0.3079933, 0.9185066)
(0.1842737, 0.3080289, 0.9188073)
(0.18413, 0.3082542, 0.9194753)
(0.18402, 0.3081148, 0.9197645)
(0.1837432, 0.308217, 0.9198356)
(0.1835895, 0.3083572, 0.9191444)
(0.1833475, 0.3085053, 0.9188647)
(0.1836205, 0.3084073, 0.9186187)
(0.183712, 0.3080751, 0.9186425)
(0.1838515, 0.3081599, 0.9184995)
(0.1838136, 0.3080987, 0.9181132)
(0.1840045, 0.3082674, 0.9175317)
(0.1840718, 0.3083012, 0.9174452)
(0.1838841, 0.3083589, 0.9174688)
(0.1838667, 0.3085327, 0.9174428)
(0.1838727, 0.3085058, 0.9176686)
(0.1836808, 0.3085641, 0.9179225)
(0.1836312, 0.3086245, 0.9177787)
(0.1833475, 0.3085815, 0.9174833)
(0.1834037, 0.3084255, 0.9172266)
(0.1836536, 0.3085086, 0.9172072)
(0.1836081, 0.3084906, 0.9177494)
(0.183707, 0.3085132, 0.9182594)
(0.1839893, 0.3084931, 0.918498)
(0.1839933, 0.3084546, 0.9185233)
(0.1840808, 0.3084775, 0.9184279)
(0.1841853, 0.3086048, 0.918488)
(0.1842191, 0.3085729, 0.9186883)
