(-4602.813, -113.4036, 12510.15)
(8.62903, -3.678354, -2.60257)
(6.479589, 0.7775507, 1.491147)
(-0.376796, 1.002613, 0.2135799)
(0, 0, 0)
(2.351887, 1.598178, 3.804059)
(5.708736, -1.616542, -1.396975)
(3.402144, 1.197639, -4.303023)
(3.148049, -4.058032, 5.324629)
(-0.0454141, -0.8174538, 1.013643)
(-0.7781839, 0.6873299, -0.1520816)
(2.251363, -3.894833, 4.915996)
(-1.480164, 1.490952, 0.8112852)
(-1.758312, 1.395285, 0.795502)
(2.065879, -3.241944, 3.998083)
(0, 0, 0)
(-3.07054, -0.5695884, -3.227668)
(0.2656258, -6.500371, 6.261607)
(-0.6112885, -0.3513706, 0.9081084)
(0.2267654, -4.18676, 6.907945)
(0, 0, 0)
(-3.292572, -0.744027, 1.104257)
(0.04790347, 0.461071, -0.9490876)
(0.01978767, -2.80376, 4.172153)
(17.30968, -46.54612, 65.73336)
(-11.19874, 12.71247, -12.9193)
(-4.879167, -1.892068, 3.949289)
(-5.659383, -1.309509, 3.898215)
(-3.160566, 1.549392, 0.2689328)
