0.0108918
0.0122023
0.0108043
0.0111732
0.0109053
0.0109342
0.0110783
0.0120696
0.0108886
0.0109754
0.0111481
0.0110448
0.0107487
0.0111926
0.010931
0.0108258
0.012236
0.011131
0.0106828
0.0110951
0.011118
0.010866
0.0110164
0.0111103
0.0110498
0.0118968
0.0110301
0.0108732
0.0110721
0.0109357
0.011113
0.0110437
0.0110243
0.011812
0.0110396
0.0110626
0.0108028
0.0111717
0.0110539
0.0109911
0.0108906
0.0110851
0.011868
0.0111494
0.010947
0.0108414
0.0114469
0.0106579
0.0111919
0.0109055
0.0109143
0.0119602
0.0111479
