(-15.07161, 13.28864, 3.774273)
(-14.53955, 13.75077, 3.354776)
(-14.57872, 13.81691, 3.231859)
(-14.47945, 14.49044, 3.058553)
(-14.72697, 15.5957, 3.000891)
(-15.44023, 17.81014, 2.860475)
(-15.4767, 19.30567, 3.232324)
(-15.3888, 20.05729, 3.348064)
(-15.40606, 20.90415, 3.628182)
(-15.40606, 20.90415, 3.628182)
(-15.64002, 23.7204, 4.061568)
(-16.02187, 25.01019, 4.139745)
(-16.61856, 26.18653, 4.028738)
(-16.9698, 27.31209, 3.860581)
(-17.12701, 28.11469, 3.748322)
(-17.30774, 28.68053, 3.740811)
(-17.78653, 29.16955, 3.688598)
(-18.42408, 30.67498, 3.656876)
(-18.78769, 31.58401, 3.750205)
(-18.78769, 31.58401, 3.750205)
(-20.14155, 33.0348, 3.776586)
(-20.80119, 33.82337, 3.813887)
(-21.46649, 34.42968, 3.842103)
(-22.35937, 34.91333, 4.051578)
(-23.17059, 35.40207, 4.141581)
(-25.15135, 36.04773, 4.486656)
(-26.22535, 36.3552, 4.542542)
(-27.42858, 36.61045, 4.592133)
(-27.42858, 36.61045, 4.592133)
(-28.80931, 36.8449, 4.526138)
(-30.15783, 37.10573, 4.418337)
(-31.82077, 37.47031, 4.327285)
(-35.2026, 38.26039, 4.138708)
(-38.77766, 39.00534, 3.828776)
(-38.77766, 39.00534, 3.828776)
(-40.61213, 39.23952, 3.805125)
(-42.41884, 39.54044, 3.743875)
(-44.37175, 39.78873, 3.621233)
(-46.28112, 39.96813, 3.383827)
(-48.35832, 40.17547, 3.072655)
(-50.18873, 40.45299, 2.757847)
(-53.73583, 41.0976, 2.161765)
(-53.73583, 41.0976, 2.161765)
(-55.36189, 41.45285, 1.990795)
(-56.9824, 41.53307, 1.779771)
(-60.31124, 41.5066, 1.42417)
(-61.8834, 41.50674, 1.306105)
(-61.8834, 41.50674, 1.306105)
(-63.2148, 41.44518, 1.241279)
(-64.43208, 41.40785, 1.177311)
(-65.66344, 41.45937, 1.04928)
(-66.66834, 41.42593, 0.9262204)
(-67.76197, 41.39563, 0.8668423)
(-68.60263, 41.21338, 0.7715106)
(-69.6193, 41.0251, 0.6957531)
(-70.55309, 40.68352, 0.6624699)
(-71.58053, 40.27424, 0.6793499)
(-72.42107, 39.9086, 0.6804585)
(-73.20106, 39.64292, 0.6135821)
(-74.51024, 39.24482, 0.3305912)
(-75.2383, 39.02554, 0.2210736)
(-75.2383, 39.02554, 0.2210736)
(-75.86577, 38.71745, 0.199151)
(-76.54841, 38.40455, 0.240624)
(-77.24657, 38.05654, 0.3251553)
(-78.36156, 37.51712, 0.4677892)
(-78.36156, 37.51712, 0.4677892)
(-78.81012, 37.33849, 0.4181504)
(-79.17912, 37.23721, 0.4720926)
(-79.36292, 37.76873, 0.6076574)
(-80.01122, 37.66994, 0.7351995)
(-80.20213, 37.33805, 1.016295)
(-80.42657, 36.88885, 1.239622)
(-81.06816, 36.29643, 1.535058)
