0.6546978
0.5751038
0.5059806
0.5040382
0.5132402
0.5282857
0.5452285
0.5423635
0.5313578
0.5028485
0.4695311
0.4514156
0.4198761
0.4292537
0.4195495
0.4077526
0.4015019
0.3913576
0.3791579
0.3533737
0.3302804
0.3153644
0.2849505
0.2580355
0.2272343
0.2056286
0.1774804
0.1719724
0.1420543
0.1201428
0.1162162
0.1080289
0.1017411
0.1008845
0.06347744
0.04291731
0.03940893
0.03055798
0.01840189
0.01144103
0.003362051
0.001772434
0.003059367
0.002649965
0.009768472
0.02023442
0.04019775
0.05246328
0.05922336
0.05928809
0.06845419
0.07632441
0.08096102
0.0878434
0.08825888
0.07858766
0.07428529
0.08424309
0.1077929
MSE 0.2269644
total_moving_Distance 0.7436969