0.3141193
0.2720954
0.2402743
0.2185232
0.2091985
0.179239
0.1488541
0.1601551
0.146965
0.1456623
0.1253979
0.1069386
0.1124839
0.1084396
0.09939465
0.06385405
0.07101376
0.06386984
0.04862727
0.04774067
0.04909083
0.05383623
0.01632886
0.02110685
0.02993311
0.02730543
0.02699865
0.03235956
0.03807016
0.04358214
0.04839996
0.04953119
0.05025672
0.05508915
0.05984268
0.06047475
0.0617912
0.06381847
0.05997963
0.05983412
0.05623125
0.05262472
0.05632317
0.06036276
0.05712966
0.06054953
0.0537438
MSE 0.08909452
total_moving_Distance 0.6928962