(-0.008359745340452493, 0.1728538688797936, -0.030495293815837446)
(-0.008359745340452493, 0.17280847463902127, -0.030608596286435683)
(-0.008359745340452493, 0.1727676317920413, -0.03071565221541592)
(-0.008359745340452493, 0.1727313403388537, -0.03081646160277816)
(-0.008359745340452493, 0.17269960027945844, -0.030911024448522402)
(-0.008359745340452493, 0.17267241161385555, -0.030999340752648645)
(-0.008359745340452493, 0.172649774342045, -0.03108141051515689)
(-0.008359745340452493, 0.1726316884640268, -0.031157233736047132)
(-0.008359745340452493, 0.17261815397980096, -0.03122681041531938)
(-0.008359745340452493, 0.17260917088936747, -0.031290140552973626)
(-0.008359745340452493, 0.17260473919272637, -0.031347224149009874)
(-0.008359745340452493, 0.1726048588898776, -0.031398061203428126)
(-0.008359745340452493, 0.17260952998082116, -0.03144265171622838)
(-0.008359745340452493, 0.1726187524655571, -0.03148099568741063)
(-0.008359745340452493, 0.17263252634408538, -0.03151309311697489)
(-0.008359745340452493, 0.17265085161640603, -0.03153894400492114)
(-0.008359745340452493, 0.17267372828251903, -0.031558548351249396)
(-0.008359745340452493, 0.1727011563424244, -0.03157190615595965)
(-0.008359745340452493, 0.1727331357961221, -0.03157901741905191)
(-0.008359745340452493, 0.17276966664361215, -0.03157988214052617)
(-0.008359745340452493, 0.17281074888489456, -0.031574500320382434)
(-0.008359745340452493, 0.17285638251996935, -0.031562871958620696)
(-0.008359745340452493, 0.17290656754883646, -0.03154499705524096)
(-0.008359745340452493, 0.17296130397149595, -0.03152087561024323)
(-0.008359745340452493, 0.1730205917879478, -0.0314905076236275)
(-0.008359745340452493, 0.17309889647045612, -0.03146526805863219)
(-0.008359745340452493, 0.17315143486296591, -0.03144937572527083)
(-0.008359745340452493, 0.17321002408013295, -0.03142460882084862)
(-0.008359745340452493, 0.17327499005044783, -0.03139050304114344)
(-0.008359745340452493, 0.17334685815160883, -0.031346367495897164)
(-0.008359745340452493, 0.17342621595705277, -0.03129158418624451)
(-0.008359745340452493, 0.1735134126086879, -0.03122539330763849)
(-0.008359745340452493, 0.17360871295961536, -0.03114716613947254)
(-0.008359745340452493, 0.17371235032533797, -0.031056497719173844)
(-0.008359745340452493, 0.17382428640449332, -0.030953290419967867)
(-0.008359745340452493, 0.17394490372534774, -0.03083737377694713)
(-0.008359745340452493, 0.17407432764495204, -0.03070874233201226)
(-0.008359745340452493, 0.17421235547718236, -0.03056732796898872)
(-0.008359745340452493, 0.17435891481148222, -0.030413153073275346)
(-0.008359745340452493, 0.17451383567884965, -0.03024644746704417)
(-0.008359745340452493, 0.17467673200563769, -0.030067868796071644)
(-0.008359745340452493, 0.17484733164003025, -0.02987773493645319)
(-0.008359745340452493, 0.17502514860761842, -0.029676533345150486)
(-0.008359745340452493, 0.17520986474353217, -0.029464821851656466)
(-0.008359745340452493, 0.17540051705524154, -0.029243443141827252)
(-0.008359745340452493, 0.17559635006073396, -0.029013615676296744)
(-0.008359745340452493, 0.17579654854183702, -0.028777109872406583)
(-0.008359745340452493, 0.17600061664537087, -0.028535475867649165)
(-0.008359745340452493, 0.1762074952664943, -0.028290142025616662)
(-0.008359745340452493, 0.17641631062584107, -0.02804274809887098)
(-0.008359745340452493, 0.17662579253088664, -0.027797925585457142)
(-0.008359745340452493, 0.17683363433711557, -0.02755772910471492)
(-0.008359745340452493, 0.1770384349484335, -0.027324303446013446)
(-0.008359745340452493, 0.17723910315793212, -0.02709942737357254)
(-0.008359745340452493, 0.17743463157466693, -0.02688481411633443)
(-0.008359745340452493, 0.17762408883744973, -0.02668198504540378)
(-0.008359745340452493, 0.1778065752919643, -0.026492035213477726)
(-0.008359745340452493, 0.1779810363024078, -0.026316169564581195)
(-0.008359745340452493, 0.178146856481691, -0.026154967520856654)
(-0.008359745340452493, 0.17830400042704858, -0.02600820511451211)
(-0.008359745340452493, 0.1784524703420994, -0.025875063191528217)
(-0.008359745340452493, 0.17859235242921104, -0.025754885166052736)
(-0.008359745340452493, 0.17872385906744837, -0.025647336020170806)
(-0.008359745340452493, 0.1788471653246918, -0.025552444768033616)
(-0.008359745340452493, 0.17896305548921726, -0.025469349099138103)
(-0.008359745340452493, 0.17907248232720452, -0.025397507191516292)
(-0.008359745340452493, 0.1791762521346784, -0.025336598056137156)
(-0.008359745340452493, 0.1792751119005467, -0.02528591715035525)
(-0.008359745340452493, 0.1793694495674007, -0.02524471867714401)
(-0.008359745340452493, 0.17945978832880716, -0.025212017151022403)
(-0.008359745340452493, 0.17954642895576242, -0.02518677947823144)
(-0.008359745340452493, 0.17962999165022914, -0.025168009461932678)
(-0.008359745340452493, 0.17971097275076603, -0.025154214588016536)
(-0.008359745340452493, 0.17978965382866943, -0.025144319728642648)
(-0.008359745340452493, 0.179866647448579, -0.025137628394133235)
(-0.008359745340452493, 0.179942188280108, -0.025133718465091427)
(-0.008359745340452493, 0.1800172144185057, -0.025131697579417262)
(-0.008359745340452493, 0.1800922992738517, -0.02513087669280086)
(-0.008359745340452493, 0.18016813104715126, -0.025130169714151034)
(-0.008359745340452493, 0.1802450016568939, -0.025128869880971724)
(-0.008359745340452493, 0.18032269530287262, -0.02512626395376311)
(-0.008359745340452493, 0.18040141410114371, -0.025122380949091694)
(-0.008359745340452493, 0.1804810258778381, -0.025117212636312627)
(-0.008359745340452493, 0.18056131215045895, -0.02511050656839476)
(-0.008359745340452493, 0.18064253411756467, -0.025101703203750988)
(-0.008359745340452493, 0.1807240052309187, -0.025090683843438683)
(-0.008359745340452493, 0.18080541244951293, -0.025077331754835723)
(-0.008359745340452493, 0.1808866873290871, -0.025061786527077003)
(-0.008359745340452493, 0.18096728973830872, -0.025044418071447208)
(-0.008359745340452493, 0.18104650438919348, -0.025025594609943504)
(-0.008359745340452493, 0.18112402290552326, -0.025005393819475735)
(-0.008359745340452493, 0.18119937057019755, -0.02498420776479563)
(-0.008359745340452493, 0.18127205948457892, -0.024962659082103232)
(-0.008359745340452493, 0.18134099381066565, -0.024941691197337763)
(-0.008359745340452493, 0.18140575082787083, -0.024922230476638888)
(-0.008359745340452493, 0.1814660002723709, -0.02490509288711401)
(-0.008359745340452493, 0.18152152225878423, -0.02489060806620116)
(-0.008359745340452493, 0.18157173479896296, -0.024879248458778883)
(-0.008359745340452493, 0.1816164425378001, -0.024871905227928152)
(-0.008359745340452493, 0.18165519537436076, -0.02486903920301773)
(-0.008359745340452493, 0.1816877059347772, -0.02487054769354234)
(-0.008359745340452493, 0.18171403939346903, -0.024876230961472255)
(-0.008359745340452493, 0.18173418824715096, -0.024885844017465828)
(-0.008359745340452493, 0.18174801384462602, -0.024899404100667266)
(-0.008359745340452493, 0.18175557294699038, -0.024916599113811267)
(-0.008359745340452493, 0.18175697687683626, -0.024937105296096204)
(-0.008359745340452493, 0.18175283397332892, -0.024960317993755293)
(-0.008359745340452493, 0.18174401491280015, -0.024985594273024835)
(-0.008359745340452493, 0.18173129061799007, -0.025012282770481786)
(-0.008359745340452493, 0.18171494547313197, -0.025040117243140304)
(-0.008359745340452493, 0.18169564190060353, -0.025069542222536975)
(-0.008359745340452493, 0.18167382431789578, -0.02510102676888567)
(-0.008359745340452493, 0.1816504329095692, -0.02513439984665548)
(-0.008359745340452493, 0.18162642032342227, -0.02516921828490785)
(-0.008359745340452493, 0.18160228278779408, -0.025205497440576898)
(-0.008359745340452493, 0.18157818015618324, -0.02524317606723499)
(-0.008359745340452493, 0.18155466065140866, -0.025281967623096865)
(-0.008359745340452493, 0.18153143364006297, -0.025322065809915275)
(-0.008359745340452493, 0.18150936873462128, -0.02536326477756902)
(-0.008359745340452493, 0.181488524445736, -0.025405193024006227)
(-0.008359745340452493, 0.18146956057637215, -0.02544693759456892)
(-0.008359745340452493, 0.18145195891800353, -0.02548786596554552)
(-0.008359745340452493, 0.18143418037759187, -0.0255284911455558)
(-0.008359745340452493, 0.181414642846441, -0.02557110036404091)
(-0.008359745340452493, 0.18139185095948399, -0.025619373485103174)
(-0.008359745340452493, 0.1813660252457231, -0.025676522666073127)
(-0.008359745340452493, 0.1813346768978101, -0.02574474075043519)
(-0.008359745340452493, 0.18129539098786734, -0.025826306169882046)
(-0.008359745340452493, 0.18124478672510258, -0.0259216896938757)
(-0.008359745340452493, 0.1811782445519891, -0.02603047439230785)
(-0.008359745340452493, 0.18109143090071225, -0.026153231380526994)
(-0.008359745340452493, 0.18097991066040392, -0.026289047950534036)
(-0.008359745340452493, 0.18084045190195555, -0.026436787965213943)
(-0.008359745340452493, 0.18067005198325137, -0.026594331997637694)
(-0.008359745340452493, 0.18046745911167614, -0.02675949112054818)
(-0.008359745340452493, 0.18023092752833275, -0.026930405871972995)
(-0.008359745340452493, 0.17995989043192312, -0.027105406453557586)
(-0.008359745340452493, 0.17965481247558734, -0.027281413060439453)
(-0.008359745340452493, 0.17931694107867358, -0.02745524276305554)
(-0.008359745340452493, 0.17894970687343026, -0.027624152517464234)
(-0.008359745340452493, 0.1785589305370007, -0.027784261583022163)
(-0.008359745340452493, 0.17815139643478206, -0.027932089472280375)
(-0.008359745340452493, 0.177736068039091, -0.028063912288324437)
(-0.008359745340452493, 0.17732540988596876, -0.02817418488911442)
(-0.008359745340452493, 0.17693321613810822, -0.028258321889518177)
(-0.008359745340452493, 0.17657448140282586, -0.02831073966968334)
(-0.008359745340452493, 0.17626508270604818, -0.02832549779101279)
(-0.008359745340452493, 0.1760224086188561, -0.0282958353546487)
(-0.008359745340452493, 0.17586609913746531, -0.028213648348638827)
(-0.008359745340452493, 0.17581738418478599, -0.028070695705937444)
(-0.008359745340452493, 0.17589949547401007, -0.02785906870176941)
(-0.008359745340452493, 0.17613467266040606, -0.0275697026977786)
(-0.008359745340452493, 0.17654606246703203, -0.027192189393240564)
(-0.008359745340452493, 0.17715812002098796, -0.026716562055128703)
(-0.008359745340452493, 0.17799399926982387, -0.02613179361637938)
(-0.008359745340452493, 0.17907699695376786, -0.025426016749098543)
(-0.008359745340452493, 0.18042884391017347, -0.024587286402117985)
(-0.008359745340452493, 0.1820703550014763, -0.023603353721860953)
(-0.008359745340452493, 0.18402168418365814, -0.02246081712257728)
(-0.008359745340452493, 0.18630195041689945, -0.02114666663542521)
(-0.008359745340452493, 0.18892791590854643, -0.019647553754412593)
(-0.008359745340452493, 0.19191514704485232, -0.017949236953343585)
(-0.008359745340452493, 0.19527496619788998, -0.016037911618044746)
(-0.008359745340452493, 0.1990158700018199, -0.013900457190492488)
(-0.008359745340452493, 0.2031426781176834, -0.01152354885123085)
(-0.008359745340452493, 0.20765678110525704, -0.008893721421238357)
(-0.008359745340452493, 0.2125547105641343, -0.005998473840943701)
(-0.008359745340452493, 0.21783029287558245, -0.002825184778676851)
(-0.008359745340452493, 0.2234711917646277, 0.0006360135935444071)
(-0.008359745340452493, 0.22946136936879866, 0.004392159740294305)
(-0.008359745340452493, 0.235780159059752, 0.00844533831784089)
(-0.008359745340452493, 0.24241145493252256, 0.012790734577310788)
(-0.008359745340452493, 0.2493321840652011, 0.0174281908004046)
(-0.008359745340452493, 0.25651031485107034, 0.02236549230951535)
(-0.008359745340452493, 0.2639024457729283, 0.027614613192584583)
(-0.008359745340452493, 0.271449436238486, 0.033185167535813076)
(-0.008359745340452493, 0.27909733857006813, 0.03908153774150794)
(-0.008359745340452493, 0.286792463587597, 0.0453058089983233)
(-0.008359745340452493, 0.29448256787344745, 0.05185360213416207)
(-0.008359745340452493, 0.302118937920564, 0.05871479820673236)
(-0.008359745340452493, 0.30964960535327096, 0.06588387276682678)
(-0.008359745340452493, 0.31702137477146297, 0.07335302310307228)
(-0.008359745340452493, 0.3241801976843087, 0.0811140367166264)
(-0.008359745340452493, 0.33107651679162275, 0.08915168706418655)
(-0.008359745340452493, 0.33765915947281383, 0.09744839009200225)
(-0.008359745340452493, 0.34388376145951505, 0.10598599515373762)
(-0.008359745340452493, 0.3497091636911613, 0.11474492224433447)
(-0.008359745340452493, 0.3550984058433664, 0.12370157867341146)
(-0.008359745340452493, 0.36002133365947214, 0.13283076591136417)
(-0.008359745340452493, 0.36445211269849354, 0.14210625997323137)
(-0.008359745340452493, 0.3683679890525842, 0.15149939736606569)
(-0.008359745340452493, 0.3717530935628677, 0.16098155995895894)
(-0.008359745340452493, 0.37459695922274333, 0.17052391528799296)
(-0.008359745340452493, 0.37689154243847967, 0.18009405929873612)
(-0.008359745340452493, 0.37863478994493954, 0.18966165548412645)
(-0.008359745340452493, 0.3798303664430803, 0.1991951463367689)
(-0.008359745340452493, 0.38042319914654027, 0.2087208519603771)
(-0.008359745340452493, 0.380447975360963, 0.21818891799082074)
(-0.008359745340452493, 0.3799414652263165, 0.22755225021012593)
(-0.008359745340452493, 0.37894254601279126, 0.2367673259805787)
(-0.008359745340452493, 0.3774908677627553, 0.24579503334675176)
(-0.008359745340452493, 0.3756293072952162, 0.25459903917888843)
(-0.008359745340452493, 0.3734019508382154, 0.2631457329476615)
(-0.008359745340452493, 0.37085276663794253, 0.2714062746585853)
(-0.008359745340452493, 0.36802745850368646, 0.27935486225799716)
(-0.008359745340452493, 0.36497156442167306, 0.28696893784035044)
(-0.008359745340452493, 0.3617311716300347, 0.29422955388434346)
(-0.008359745340452493, 0.3583519510399936, 0.30112146436029275)
(-0.008359745340452493, 0.3548781117151609, 0.3076317933402011)
(-0.008359745340452493, 0.35135214816540467, 0.3137514662594567)
(-0.008359745340452493, 0.34781484523156436, 0.3194748242244296)
(-0.008359745340452493, 0.3443037953610209, 0.32479853860485725)
(-0.008359745340452493, 0.3408549372809843, 0.3297220950108644)
(-0.008359745340452493, 0.3375011407214627, 0.33424817194889667)
(-0.008359745340452493, 0.3342724256149108, 0.3383814571757124)
(-0.008359745340452493, 0.33119553154967807, 0.34212824268260256)
(-0.008359745340452493, 0.32829417581621034, 0.34549686411438785)
(-0.008359745340452493, 0.32558774662205964, 0.34849653560069743)
(-0.008359745340452493, 0.3230925400096674, 0.3511391629652457)
(-0.008359745340452493, 0.32082083058227007, 0.3534396721112499)
(-0.008359745340452493, 0.31878028165388067, 0.35541793558401047)
(-0.008359745340452493, 0.31696415569033126, 0.3571031686659876)
(-0.008359745340452493, 0.31536169519931906, 0.3585229409028225)
(-0.008359745340452493, 0.3139606013415929, 0.3596990059726468)
(-0.008359745340452493, 0.31275140295568027, 0.36064866330457546)
(-0.008359745340452493, 0.31173426507032215, 0.3613886332408735)
(-0.008359745340452493, 0.31090361104605496, 0.36193703985761616)
(-0.008359745340452493, 0.3102504582160629, 0.3623123737958229)
(-0.008359745340452493, 0.3097620580385387, 0.3625357355150652)
(-0.008359745340452493, 0.3094203043236665, 0.3626319587015048)
(-0.008359745340452493, 0.30920832003788046, 0.3626206333642988)
(-0.008359745340452493, 0.3091101505987486, 0.36251986206965237)
(-0.008359745340452493, 0.3091113415775007, 0.36234436803305553)
(-0.008359745340452493, 0.30919521846356135, 0.3621112090829196)
(-0.008359745340452493, 0.30934798666782953, 0.3618364977764618)
(-0.008359745340452493, 0.3095543720858956, 0.3615343360403285)
(-0.008359745340452493, 0.3097996006917233, 0.36121745280686623)
(-0.008359745340452493, 0.31006950179884857, 0.36089833776550717)
(-0.008359745340452493, 0.3103490733786678, 0.3605883969947301)
(-0.008359745340452493, 0.3106240052285892, 0.3602982614992217)
(-0.008359745340452493, 0.3108817136369654, 0.3600379862282588)
(-0.008359745340452493, 0.31110944749345, 0.35981602258503137)
(-0.008359745340452493, 0.311294802689142, 0.3596393840121986)
(-0.008359745340452493, 0.31142768010640065, 0.3595157652570812)
(-0.008359745340452493, 0.3114985671730408, 0.35945100965861226)
(-0.008359745340452493, 0.3114985671730408, 0.35945100965861226)
(-0.008359745340452493, 0.3114985671730408, 0.35945100965861226)
(-0.008359745340452493, 0.3114985671730408, 0.35945100965861226)
(-0.008359745340452493, 0.3114985671730408, 0.35945100965861226)
(-0.008359745340452493, 0.3114985671730408, 0.35945100965861226)
(-0.008359745340452493, 0.3114985671730408, 0.35945100965861226)
(-0.008359745340452493, 0.3114985671730408, 0.35945100965861226)
(-0.008359745340452493, 0.3114985671730408, 0.35945100965861226)
(-0.008359745340452493, 0.3114985671730408, 0.35945100965861226)
(-0.008359745340452493, 0.3114985671730408, 0.35945100965861226)
(-0.008359745340452493, 0.3114985671730408, 0.35945100965861226)
(-0.008359745340452493, 0.3114985671730408, 0.35945100965861226)
(-0.008359745340452493, 0.3114985671730408, 0.35945100965861226)
(-0.008359745340452493, 0.3114985671730408, 0.35945100965861226)
(-0.008359745340452493, 0.3114985671730408, 0.35945100965861226)
(-0.008359745340452493, 0.3114985671730408, 0.35945100965861226)
(-0.008359745340452493, 0.3114985671730408, 0.35945100965861226)
(-0.008359745340452493, 0.3114985671730408, 0.35945100965861226)
(-0.008359745340452493, 0.3114985671730408, 0.35945100965861226)
(-0.008359745340452493, 0.3114985671730408, 0.35945100965861226)
(-0.008359745340452493, 0.3114985671730408, 0.35945100965861226)
(-0.008359745340452493, 0.3114985671730408, 0.35945100965861226)
(-0.008359745340452493, 0.3114985671730408, 0.35945100965861226)
(-0.008359745340452493, 0.3114985671730408, 0.35945100965861226)
(-0.008359745340452493, 0.3114985671730408, 0.35945100965861226)
(-0.008359745340452493, 0.3114985671730408, 0.35945100965861226)
(-0.008359745340452493, 0.3114985671730408, 0.35945100965861226)
(-0.008359745340452493, 0.3114985671730408, 0.35945100965861226)
(-0.008359745340452493, 0.3114985671730408, 0.35945100965861226)
(-0.008359745340452493, 0.3114985671730408, 0.35945100965861226)
(-0.008359745340452493, 0.3114985671730408, 0.35945100965861226)
(-0.008359745340452493, 0.3114985671730408, 0.35945100965861226)
(-0.008359745340452493, 0.3114985671730408, 0.35945100965861226)
(-0.008359745340452493, 0.3114985671730408, 0.35945100965861226)
(-0.008359745340452493, 0.3114985671730408, 0.35945100965861226)
(-0.008359745340452493, 0.3114985671730408, 0.35945100965861226)
(-0.008359745340452493, 0.3114985671730408, 0.35945100965861226)
(-0.008359745340452493, 0.31083569515004256, 0.35868741880593114)
(-0.008359745340452493, 0.3101926307058359, 0.35800909851574625)
(-0.008359745340452493, 0.30957980956438835, 0.3574242796156733)
(-0.008359745340452493, 0.30900738430097635, 0.356941386224918)
(-0.008359745340452493, 0.3084883405103283, 0.35656878018186194)
(-0.008359745340452493, 0.30803575773740655, 0.35631376563194345)
(-0.008359745340452493, 0.3076639729222236, 0.3561825109293858)
(-0.008359745340452493, 0.3073883554710884, 0.3561815059296546)
(-0.008359745340452493, 0.30722619262881434, 0.35631619190756364)
(-0.008359745340452493, 0.3071937417676753, 0.35659158288364284)
(-0.008359745340452493, 0.3073095626445516, 0.35701260538611346)
(-0.008359745340452493, 0.30759354368367137, 0.357582392755173)
(-0.008359745340452493, 0.30806447718330127, 0.3583042015257744)
(-0.008359745340452493, 0.3087422998140918, 0.35918089307848167)
(-0.008359745340452493, 0.3096469106919369, 0.36021365486458673)
(-0.008359745340452493, 0.3107979274300064, 0.3614030033152307)
(-0.008359745340452493, 0.31221374083392756, 0.36274996115404684)
(-0.008359745340452493, 0.3139128948362781, 0.36425468859368776)
(-0.008359745340452493, 0.31591170145192565, 0.36591745309901047)
(-0.008359745340452493, 0.31822506264838785, 0.3677368292043339)
(-0.008359745340452493, 0.3208670620174746, 0.3697115387796165)
(-0.008359745340452493, 0.32384882289472183, 0.3718391310712881)
(-0.008359745340452493, 0.3271801322591352, 0.37411534940898394)
(-0.008359745340452493, 0.33086755879118657, 0.3765363760072082)
(-0.008359745340452493, 0.3349146749462062, 0.37909805007338865)
(-0.008359745340452493, 0.33932051863973245, 0.3817959804459686)
(-0.008359745340452493, 0.3440806176670608, 0.3846264613492908)
(-0.008359745340452493, 0.34918753225083016, 0.387585682926677)
(-0.008359745340452493, 0.35462949153761175, 0.39066778234301297)
(-0.008359745340452493, 0.36039414988917545, 0.3938653114853085)
(-0.008359745340452493, 0.3664633166455713, 0.39717018737248516)
(-0.008359745340452493, 0.37281543205837286, 0.4005732618424387)
(-0.008359745340452493, 0.3794292668620476, 0.4040668388627762)
(-0.008359745340452493, 0.3862738648137809, 0.40764680741715636)
(-0.008359745340452493, 0.3933128697248283, 0.4113155074184439)
(-0.008359745340452493, 0.4005053032965257, 0.4150789099799698)
(-0.008359745340452493, 0.4078054216703584, 0.4189414112928023)
(-0.008359745340452493, 0.41516796432147207, 0.4229056232100312)
(-0.008359745340452493, 0.42254290545959655, 0.42697352025825624)
(-0.008359745340452493, 0.42987897889217314, 0.43114403868169004)
(-0.008359745340452493, 0.43711831522993744, 0.4354190200207937)
(-0.008359745340452493, 0.4442001878815485, 0.43979812422776593)
(-0.008359745340452493, 0.4510609273522886, 0.44428056527554277)
(-0.008359745340452493, 0.45763655194764824, 0.44886231007910965)
(-0.008359745340452493, 0.46386153856471973, 0.45353480125675577)
(-0.008359745340452493, 0.46967020796128817, 0.4582876567320569)
(-0.008359745340452493, 0.4749955202069597, 0.4631083059485701)
(-0.008359745340452493, 0.4797708017476975, 0.46798137558206215)
(-0.008359745340452493, 0.4839303740324513, 0.47288768087961136)
(-0.008359745340452493, 0.48740827742828047, 0.47780484769761017)
(-0.008359745340452493, 0.49095140044245855, 0.48363976258940305)
(-0.008359745340452493, 0.49398939320957885, 0.48970104718252216)
(-0.008359745340452493, 0.4965072930257825, 0.49598283801623144)
(-0.008359745340452493, 0.4984978967567478, 0.5024754705178678)
(-0.008359745340452493, 0.49995626025601286, 0.5091654485232483)
(-0.008359745340452493, 0.5008843529465923, 0.5160372989537528)
(-0.008359745340452493, 0.5012898751059991, 0.5230741428228286)
(-0.008359745340452493, 0.501165380294799, 0.5302722222565895)
(-0.008359745340452493, 0.5005622545748473, 0.5375638721036345)
(-0.008359745340452493, 0.4995048717925194, 0.5449284375668578)
(-0.008359745340452493, 0.4980197143532687, 0.5523433521599774)
(-0.008359745340452493, 0.4961353836702925, 0.5597860885742517)
(-0.008359745340452493, 0.49388459325651485, 0.5672324734608568)
(-0.008359745340452493, 0.491301436971735, 0.574657155294885)
(-0.008359745340452493, 0.48842173545140716, 0.5820351978485477)
(-0.008359745340452493, 0.4852825816659353, 0.5893414988137708)
(-0.008359745340452493, 0.4819227086938005, 0.5965496171117093)
(-0.008359745340452493, 0.4783803247259614, 0.6036331632752634)
(-0.008359745340452493, 0.4746947851870416, 0.6105649184501801)
(-0.008359745340452493, 0.4709052756827459, 0.617318900899925)
(-0.008359745340452493, 0.4670493354131936, 0.6238688143422555)
(-0.008359745340452493, 0.46316430234438644, 0.6301895754008334)
(-0.008359745340452493, 0.4592849995311401, 0.6362586023446033)
(-0.008359745340452493, 0.45544488386538307, 0.6420539777555483)
(-0.008359745340452493, 0.45167535456966407, 0.6475553649378272)
(-0.008359745340452493, 0.44800707191098177, 0.6527441683734356)
(-0.008359745340452493, 0.4444688421161914, 0.6576026823400285)
(-0.008359745340452493, 0.4410866809021082, 0.6621148897963911)
(-0.008359745340452493, 0.4378849449295238, 0.6662689890396147)
(-0.008359745340452493, 0.4348818306138465, 0.6700579149801698)
(-0.008359745340452493, 0.4320941450207097, 0.6734792293794973)
(-0.008359745340452493, 0.4295349183763262, 0.6765364028452171)
(-0.008359745340452493, 0.42863236109141534, 0.6778668950720924)
(-0.008359745340452493, 0.4269470868133937, 0.6802977950978184)
(-0.008359745340452493, 0.4254215995911721, 0.6824219158862831)
(-0.008359745340452493, 0.42405589942475047, 0.6842392574374865)
(-0.008359745340452493, 0.4228499863141289, 0.6857498197514287)
(-0.008359745340452493, 0.42180386025930733, 0.6869536028281096)
(-0.008359745340452493, 0.4209175212602858, 0.6878506066675292)
(-0.008359745340452493, 0.4201909693170643, 0.6884408312696875)
(-0.008359745340452493, 0.41962420442964277, 0.6887242766345845)
(-0.008359745340452493, 0.4192172265980213, 0.6887009427622203)
(-0.008359745340452493, 0.4189700358221998, 0.6883708296525947)
(-0.008359745340452493, 0.41888263210217835, 0.6877339373057079)
(-0.008359745340452493, 0.418955015437957, 0.6867902657215598)
(-0.008359745340452493, 0.4191871858295355, 0.6855398149001504)
(-0.008359745340452493, 0.41957914327691415, 0.6839825848414797)
(-0.008359745340452493, 0.4201308877800928, 0.6821185755455477)
(-0.008359745340452493, 0.4208424193390714, 0.6799477870123545)
(-0.008359745340452493, 0.4217137379538501, 0.6774702192418999)
(-0.008359745340452493, 0.42274484362442877, 0.6746858722341841)
(-0.008359745340452493, 0.4239357363508075, 0.671594745989207)
(-0.008359745340452493, 0.42528641613298623, 0.6681968405069686)
(-0.008359745340452493, 0.42679688297096496, 0.6644921557874689)
(-0.008359745340452493, 0.4284671368647437, 0.660480691830708)
(-0.008359745340452493, 0.4302971778143225, 0.6561624486366857)
(-0.008359745340452493, 0.43228700581970125, 0.6515374262054022)
