(-5510.338, 78.65765, -2755.705)
(77.45068, -6.459606, 3.79365)
(399.0037, 91.99743, -33.02648)
(227.0332, 51.24281, -32.81275)
(269.1471, -8.195519, -29.91129)
(277.8079, -23.18835, -28.16847)
(185.7058, -10.53519, -10.17684)
(407.6706, 11.15804, 5.403892)
(260.8984, 24.97072, 24.37577)
(269.0013, 17.09174, 21.10563)
(258.8744, 28.55613, 14.96058)
(232.8773, 16.53953, 1.567605)
(425.3088, 26.14621, -23.89244)
(215.0814, 6.583045, -28.96124)
(235.2173, 9.525451, -16.62216)
(204.9131, 8.000912, -22.70958)
(145.4873, 6.746619, -2.239689)
(182.6967, 12.44086, -9.596435)
(161.2955, 16.11893, 20.53608)
(126.0984, 5.52801, 25.21074)
(107.1337, 7.563329, 17.6634)
(65.53457, 4.471426, 10.8801)
(120.3781, -16.96693, -1.244518)
(30.15748, -10.13471, -4.048871)
(23.07862, -49.35718, -21.19977)
(1.496852, -76.40234, -22.03139)
(2.340536, -90.42484, -11.23232)
(160.9128, -52.90486, 22.38853)
(31.44478, -16.68165, 11.41138)
(-31.09921, -128.505, 60.99114)
(3.962567, 2.914499, 5.354934)
