(321.3978, 63.23365, 356.692)
(321.0385, 60.04774, 358.3229)
(322.252, 55.89379, 0.9815992)
(321.1599, 48.45735, 10.46533)
(322.143, 43.03836, 13.52972)
(320.2614, 48.2472, 8.863218)
(317.1619, 50.54716, 8.387746)
(312.938, 60.52354, 2.753034)
(310.2612, 68.75818, 358.4297)
(310.4324, 71.42194, 358.3117)
(312.848, 68.62727, 3.331597)
(316.0603, 61.25651, 12.13804)
(319.6281, 54.29927, 19.80459)
(322.3388, 50.56689, 23.31117)
(323.0198, 50.10767, 23.32149)
(323.3675, 50.70869, 22.92296)
(323.3497, 51.99339, 21.85534)
(324.2761, 52.16732, 22.24951)
(325.3924, 51.70734, 23.44832)
(327.5731, 50.64803, 26.04914)
(329.5966, 50.02827, 27.79743)
(332.0959, 49.78998, 29.55278)
(334.5192, 49.4936, 30.86552)
(335.9621, 49.09117, 31.80018)
(336.9999, 49.13071, 32.43159)
(337.6748, 50.80312, 32.09283)
(338.7507, 52.60315, 31.60913)
(340.0082, 53.74566, 31.55866)
(340.8148, 54.52124, 31.81348)
(341.1155, 55.15346, 31.95836)
(340.8877, 55.112, 32.23949)
(341.0594, 55.14059, 32.40044)
(341.4819, 55.00675, 32.19706)
(342.0263, 54.75913, 32.03281)
(342.4377, 54.49075, 31.54301)
(342.8903, 55.66149, 30.21163)
(343.4214, 57.09398, 28.4373)
(344.9169, 60.1404, 24.72651)
(346.5288, 61.88367, 22.22997)
(347.5868, 63.0107, 19.87512)
(347.7932, 63.82389, 17.30749)
(347.878, 63.71575, 14.97619)
(348.1243, 62.11938, 12.58244)
(349.6219, 61.43687, 9.606791)
(350.7426, 60.00243, 5.789178)
(350.0353, 58.78681, 2.514848)
(343.2843, 56.87633, 358.1961)
(340.1684, 57.68747, 354.1979)
(337.7691, 60.25888, 350.3507)
(336.8863, 62.26579, 347.523)
(336.5719, 63.46411, 346.3239)
(336.2381, 64.88977, 345.7716)
(336.2907, 66.44443, 348.9143)
