(-0.006378956, -0.7746027, 0.632416)
(-0.00551299, -0.7738898, 0.6332963)
(-0.005105287, -0.7727726, 0.6346625)
(-0.00399415, -0.7717901, 0.6358649)
(-0.003080668, -0.7711411, 0.6366568)
(-0.002033178, -0.7706054, 0.6373094)
(-0.0007687937, -0.7700306, 0.6380065)
(0.0009477753, -0.7701021, 0.6379199)
(0.001989124, -0.770227, 0.6377668)
(0.003102334, -0.7702757, 0.6377034)
(0.003798654, -0.7708419, 0.6370152)
(0.004978314, -0.7711554, 0.6366276)
(0.006386839, -0.7713179, 0.636418)
(0.007747089, -0.7713771, 0.6363311)
(0.009043108, -0.7715728, 0.6360768)
(0.01014787, -0.7716882, 0.63592)
(0.01142344, -0.7719159, 0.635622)
(0.01300469, -0.7721503, 0.6353068)
(0.01479372, -0.7722378, 0.6351613)
(0.01651705, -0.7722272, 0.6351317)
(0.01790729, -0.7725893, 0.6346536)
(0.01909688, -0.77299, 0.6341306)
(0.02012171, -0.7732489, 0.6337833)
(0.02067135, -0.7735643, 0.6333807)
(0.0211767, -0.7737877, 0.633091)
(0.02143688, -0.7741768, 0.6326063)
(0.02107729, -0.774285, 0.632486)
(0.02092093, -0.7743391, 0.632425)
(0.0210162, -0.7746627, 0.6320254)
(0.02097636, -0.7749616, 0.6316601)
(0.02084478, -0.7753751, 0.6311569)
(0.02084329, -0.7758359, 0.6305903)
(0.0205292, -0.7764141, 0.6298887)
(0.02034193, -0.776866, 0.6293373)
(0.02011796, -0.7775109, 0.6285475)
(0.01974562, -0.7780328, 0.6279132)
(0.01922232, -0.7786834, 0.6271226)
(0.0185318, -0.7791594, 0.6265519)
(0.01785567, -0.7794142, 0.6262544)
(0.01715533, -0.7797149, 0.6258996)
(0.01653486, -0.7801362, 0.6253912)
(0.01566175, -0.7807664, 0.6246266)
(0.01472374, -0.7812877, 0.6239974)
(0.01360345, -0.781933, 0.623214)
(0.01262212, -0.7822883, 0.6227887)
(0.01148122, -0.7824571, 0.6225987)
(0.01058246, -0.782521, 0.6225343)
(0.009804681, -0.7822093, 0.6229385)
(0.008870499, -0.7817676, 0.6235068)
(0.008221257, -0.7817121, 0.6235853)
(0.007714088, -0.7816443, 0.6236767)
(0.007110626, -0.7815964, 0.623744)
(0.006579387, -0.781814, 0.6234771)
(0.005783742, -0.7814031, 0.6239998)
(0.005175883, -0.7807836, 0.6247802)
(0.004804894, -0.7804819, 0.6251599)
(0.004334135, -0.7808911, 0.6246522)
(0.00355126, -0.7813922, 0.6240303)
(0.003171839, -0.7815124, 0.6238816)
(0.00289016, -0.7812629, 0.6241955)
(0.002659462, -0.7807643, 0.62482)
(0.002353014, -0.7807226, 0.6248735)
(0.002372162, -0.7805445, 0.6250957)
(0.002451668, -0.78032, 0.6253757)
(0.002702286, -0.7802883, 0.6254141)
(0.002666196, -0.780234, 0.6254821)
(0.002507521, -0.780134, 0.6256075)
(0.002588825, -0.7803431, 0.6253462)
(0.002778765, -0.7806156, 0.6250052)
(0.002606176, -0.7805509, 0.6250868)
(0.00264601, -0.7809875, 0.624541)
(0.002787899, -0.7811786, 0.6243014)
(0.002969949, -0.7818854, 0.6234151)
(0.003569873, -0.7825436, 0.6225856)
(0.003757637, -0.7827832, 0.6222832)
(0.004112897, -0.7828717, 0.6221696)
(0.004365018, -0.7831987, 0.6217562)
(0.005049858, -0.7837341, 0.6210759)
(0.005480709, -0.7839803, 0.6207616)
(0.006012663, -0.7845141, 0.6200818)
(0.006407551, -0.7849776, 0.619491)
(0.006822765, -0.7852123, 0.6191891)
(0.007407961, -0.7853264, 0.6190376)
(0.007402172, -0.7853517, 0.6190056)
(0.007749561, -0.7851912, 0.6192049)
(0.00817492, -0.78493, 0.6195305)
(0.008268937, -0.7842192, 0.6204288)
(0.008813335, -0.7840199, 0.6206731)
(0.009329319, -0.7840675, 0.6206055)
(0.009741928, -0.7838876, 0.6208264)
(0.01006918, -0.7836388, 0.6211351)
(0.010895, -0.7833247, 0.6215173)
(0.01186596, -0.7830781, 0.6218101)
(0.0126978, -0.7828181, 0.622121)
(0.01343633, -0.7826574, 0.6223077)
(0.01428935, -0.7828324, 0.6220686)
(0.0149885, -0.7826638, 0.6222641)
(0.01570011, -0.782536, 0.6224074)
(0.01653737, -0.782388, 0.6225718)
(0.0171211, -0.7822515, 0.6227275)
(0.01802727, -0.7820984, 0.6228942)
(0.01918709, -0.7820641, 0.6229026)
(0.02056538, -0.7820601, 0.6228637)
(0.02184666, -0.7821321, 0.6227297)
(0.02283884, -0.781902, 0.6229829)
(0.02389436, -0.7818475, 0.6230117)
(0.02476953, -0.7824209, 0.6222572)
(0.02580341, -0.7824717, 0.6221514)
(0.02676113, -0.7827107, 0.6218101)
(0.02747265, -0.7829851, 0.6214336)
(0.02802013, -0.782962, 0.6214383)
(0.0283839, -0.7831605, 0.6211715)
(0.02890185, -0.7833122, 0.6209563)
(0.0299907, -0.783583, 0.6205628)
(0.03062778, -0.7838651, 0.6201754)
(0.03135062, -0.7842503, 0.619652)
(0.0318982, -0.7845148, 0.6192892)
(0.0327696, -0.7848521, 0.618816)
(0.03319284, -0.7849467, 0.6186734)
(0.03380349, -0.7850611, 0.6184953)
(0.03433509, -0.7852882, 0.6181777)
(0.03486241, -0.7858091, 0.6174858)
(0.03544405, -0.7861168, 0.6170609)
(0.03578178, -0.786303, 0.6168041)
(0.03626323, -0.7865989, 0.6163986)
(0.03660951, -0.7868797, 0.6160196)
(0.03700273, -0.7870451, 0.6157846)
(0.03739414, -0.7871056, 0.6156838)
(0.03788247, -0.7874522, 0.6152106)
(0.03808295, -0.7876738, 0.6149143)
(0.03859134, -0.7878476, 0.61466)
(0.03880891, -0.7883164, 0.6140449)
(0.03931233, -0.7887586, 0.6134447)
(0.03981768, -0.789072, 0.613009)
(0.03998734, -0.7891859, 0.6128512)
(0.0401619, -0.7893198, 0.6126674)
(0.04036758, -0.789561, 0.612343)
(0.0404796, -0.789965, 0.6118144)
(0.04067566, -0.790374, 0.6112729)
(0.04076256, -0.7908209, 0.6106887)
(0.04082746, -0.7912559, 0.6101207)
(0.04079035, -0.7915009, 0.6098052)
(0.04085071, -0.7918581, 0.6093373)
(0.0409853, -0.7922791, 0.6087807)
(0.04094052, -0.7928379, 0.6080559)
(0.04109915, -0.7933625, 0.6073606)
(0.04112855, -0.793765, 0.6068324)
(0.04103486, -0.7943461, 0.6060779)
(0.04113315, -0.7948182, 0.6054519)
(0.04110261, -0.7952291, 0.6049143)
(0.0410707, -0.79575, 0.6042311)
(0.04108987, -0.7964759, 0.6032726)
(0.04093798, -0.7969147, 0.6027032)
(0.04058551, -0.79725, 0.6022834)
(0.04027135, -0.7978201, 0.6015491)
(0.04001099, -0.798165, 0.6011087)
(0.03996005, -0.7986012, 0.6005326)
(0.03964841, -0.7988337, 0.600244)
(0.03939157, -0.7987493, 0.600373)
(0.03902758, -0.7986684, 0.6005045)
(0.03856679, -0.7986274, 0.6005889)
(0.0384357, -0.7991058, 0.5999605)
(0.03773065, -0.7991791, 0.5999076)
(0.03700439, -0.7990395, 0.6001388)
(0.036925, -0.7990854, 0.6000826)
(0.03622878, -0.7989953, 0.6002449)
(0.03613554, -0.7994348, 0.5996651)
(0.03665045, -0.800981, 0.5975668)
(0.03738643, -0.8022732, 0.5957853)
(0.0384206, -0.8036776, 0.5938233)
(0.03946933, -0.8051915, 0.5917)
(0.04079753, -0.8065054, 0.5898175)
(0.04201085, -0.8077298, 0.5880541)
(0.04367699, -0.8089935, 0.5861926)
(0.04602179, -0.8100525, 0.5845485)
(0.04880947, -0.8107504, 0.5833536)
(0.05216071, -0.8103174, 0.5836652)
(0.05510648, -0.8106192, 0.582975)
(0.05860185, -0.810802, 0.5823795)
(0.06383003, -0.811739, 0.5805216)
(0.0701094, -0.8137628, 0.5769529)
(0.07952732, -0.8182673, 0.5693102)
(0.08779255, -0.8235931, 0.5603453)
(0.09223758, -0.8297454, 0.5504678)
(0.09566417, -0.834612, 0.5424678)
(0.09786153, -0.8367727, 0.5387343)
(0.1025897, -0.8378277, 0.536209)
(0.1089229, -0.8368472, 0.5364909)
(0.1155813, -0.8358363, 0.5366738)
(0.1201128, -0.8366047, 0.5344769)
(0.1219722, -0.8382382, 0.5314879)
(0.1222514, -0.8409387, 0.52714)
(0.1232832, -0.8428882, 0.5237754)
(0.1246577, -0.8438328, 0.521926)
(0.1245138, -0.8443282, 0.5211586)
(0.1245117, -0.8455397, 0.519191)
(0.1243204, -0.8475832, 0.5158946)
(0.1247148, -0.850051, 0.511722)
(0.1243965, -0.8518723, 0.5087624)
(0.1246803, -0.8533935, 0.5061367)
(0.1251838, -0.8545355, 0.5040815)
(0.1249106, -0.8559093, 0.5018132)
(0.1246974, -0.8581119, 0.4980909)
(0.1238066, -0.8603908, 0.4943678)
(0.1221003, -0.8622961, 0.4914641)
(0.1204909, -0.8635768, 0.4896092)
(0.1187463, -0.8649772, 0.4875589)
(0.117345, -0.8665982, 0.4850132)
(0.1150642, -0.868322, 0.4824698)
(0.1123518, -0.8699522, 0.4801669)
(0.1097472, -0.8715478, 0.4778703)
(0.1075685, -0.8731, 0.4755264)
(0.1049214, -0.8745469, 0.4734545)
(0.1025609, -0.8756638, 0.4719048)
(0.1000604, -0.8762181, 0.4714125)
(0.09776168, -0.8765644, 0.4712511)
(0.09517209, -0.8776373, 0.469782)
(0.0922814, -0.878961, 0.4678801)
(0.08902271, -0.8805854, 0.4654506)
(0.0861184, -0.8821671, 0.4629957)
(0.08373799, -0.8830228, 0.4617993)
(0.08033179, -0.8827144, 0.4629926)
(0.07685943, -0.8828925, 0.4632423)
(0.0735305, -0.8834934, 0.4626368)
(0.07104322, -0.8844997, 0.4611)
(0.06792556, -0.8856369, 0.4593838)
(0.06523506, -0.8865272, 0.4580544)
(0.06282885, -0.8868395, 0.4577863)
(0.05940817, -0.8875038, 0.4569549)
(0.05636398, -0.8895448, 0.4533575)
(0.05250824, -0.8918833, 0.4492073)
(0.04809377, -0.8940203, 0.4454376)
(0.04172253, -0.8962834, 0.4415149)
(0.03537962, -0.8972078, 0.4401892)
(0.03103228, -0.8967816, 0.441384)
(0.02764758, -0.8960381, 0.4431156)
(0.02447237, -0.8949337, 0.4455276)
(0.01931304, -0.8953602, 0.4449238)
(0.01373074, -0.8960155, 0.4438103)
(0.008056516, -0.8967318, 0.442501)
(0.002336545, -0.8970879, 0.4418459)
(-0.003826831, -0.8972088, 0.44159)
(-0.009991013, -0.8976656, 0.4405641)
(-0.01652768, -0.8982419, 0.4391904)
(-0.02311138, -0.8989489, 0.4374435)
(-0.02912079, -0.8991813, 0.4366062)
(-0.03655463, -0.8996609, 0.4350565)
(-0.04579123, -0.8997638, 0.4339684)
(-0.05624168, -0.8996899, 0.4328915)
(-0.06667476, -0.8989809, 0.4328833)
(-0.07993965, -0.8973442, 0.4340311)
(-0.09287819, -0.8956448, 0.4349647)
(-0.1053552, -0.8939952, 0.4355145)
(-0.1169545, -0.8925983, 0.4354191)
(-0.1241495, -0.8937265, 0.4310916)
(-0.1268599, -0.8958399, 0.4258844)
(-0.1278374, -0.8975333, 0.4220091)
(-0.1314838, -0.8990769, 0.4175795)
(-0.1377996, -0.8992541, 0.4151545)
(-0.1456742, -0.8987346, 0.4135883)
(-0.1517632, -0.8991335, 0.4105202)
(-0.1559444, -0.8998379, 0.4073981)
(-0.1586637, -0.9006833, 0.4044695)
(-0.1614197, -0.9005537, 0.4036666)
(-0.1653059, -0.899981, 0.4033711)
(-0.1685158, -0.8986861, 0.4049269)
(-0.1711328, -0.897148, 0.4072336)
(-0.1743819, -0.8961096, 0.4081403)
(-0.1784444, -0.8953628, 0.4080235)
(-0.1825082, -0.8944423, 0.4082449)
(-0.1863862, -0.8930957, 0.4094389)
(-0.1900104, -0.891858, 0.4104697)
(-0.1932307, -0.8908185, 0.4112229)
(-0.1975842, -0.8900499, 0.4108182)
(-0.2019777, -0.889066, 0.4108122)
(-0.2050141, -0.8881825, 0.4112191)
(-0.2071854, -0.8871968, 0.4122572)
(-0.2084547, -0.8857701, 0.4146781)
(-0.2112124, -0.8848274, 0.4152948)
(-0.2149293, -0.8842909, 0.4145299)
(-0.218311, -0.8835513, 0.4143398)
(-0.2220074, -0.8822036, 0.4152464)
(-0.2253742, -0.8807994, 0.416412)
(-0.2280442, -0.8796368, 0.4174148)
(-0.2301782, -0.8783367, 0.4189782)
(-0.2327719, -0.8766591, 0.4210535)
(-0.2363304, -0.8741637, 0.4242474)
(-0.2394179, -0.8723516, 0.4262414)
(-0.2420695, -0.8707553, 0.4280044)
(-0.2442488, -0.869229, 0.4298646)
(-0.2460092, -0.8671887, 0.4329703)
(-0.247536, -0.8648818, 0.4366984)
(-0.2491578, -0.8628052, 0.4398722)
(-0.2495026, -0.8603925, 0.4443795)
(-0.2500637, -0.85839, 0.4479229)
(-0.2499763, -0.8564825, 0.4516078)
(-0.2489157, -0.8556532, 0.4537606)
(-0.247349, -0.8552011, 0.4554664)
(-0.2456612, -0.8538967, 0.4588147)
(-0.2438727, -0.8522152, 0.4628772)
(-0.2418107, -0.8504256, 0.46723)
(-0.2386429, -0.8492867, 0.4709158)
(-0.2350127, -0.8488128, 0.4735884)
(-0.2316131, -0.8482009, 0.4763514)
(-0.2268209, -0.8477378, 0.4794714)
(-0.2210508, -0.847105, 0.48327)
(-0.2154644, -0.8464699, 0.4868919)
(-0.2102553, -0.8462332, 0.4895734)
(-0.2044476, -0.8468486, 0.4909672)
(-0.1991297, -0.8468353, 0.4931708)
(-0.1940838, -0.8468218, 0.4952012)
(-0.1887526, -0.846746, 0.4973868)
(-0.183026, -0.8467004, 0.4995998)
(-0.1770513, -0.84665, 0.5018333)
(-0.1712698, -0.8468543, 0.5034921)
(-0.165251, -0.847594, 0.5042585)
(-0.1603066, -0.8485069, 0.5043191)
(-0.158428, -0.8512672, 0.5002446)
(-0.1557539, -0.8533123, 0.497593)
(-0.1538845, -0.8552221, 0.4948886)
(-0.1506129, -0.856192, 0.4942175)
(-0.1465181, -0.8567745, 0.494439)
(-0.1429878, -0.8580793, 0.4932083)
(-0.1406034, -0.8607331, 0.4892538)
(-0.1387418, -0.863584, 0.4847405)
(-0.1358787, -0.8655322, 0.4820696)
(-0.1308496, -0.8658266, 0.4829313)
(-0.125451, -0.8658198, 0.4843742)
(-0.1196362, -0.8654842, 0.4864404)
(-0.1146474, -0.8666986, 0.4854787)
(-0.1107368, -0.8696706, 0.4810514)
(-0.1072018, -0.8724601, 0.4767822)
(-0.1053518, -0.8749849, 0.4725488)
(-0.1038934, -0.8768143, 0.4694709)
(-0.101036, -0.8789139, 0.4661568)
(-0.09729099, -0.8813568, 0.4623254)
(-0.09427261, -0.8843049, 0.4572937)
(-0.09165624, -0.8869187, 0.4527411)
(-0.08865295, -0.8899069, 0.4474442)
(-0.08511922, -0.892538, 0.4428665)
(-0.08155355, -0.8946285, 0.4393049)
(-0.07748677, -0.896933, 0.4353242)
(-0.07415725, -0.8992866, 0.4310272)
(-0.0711785, -0.9007441, 0.4284783)
(-0.06666788, -0.900962, 0.4287459)
(-0.06212937, -0.9023364, 0.4265316)
(-0.05772525, -0.9036679, 0.4243253)
(-0.05274979, -0.9047751, 0.4226104)
(-0.04804194, -0.9057213, 0.4211424)
(-0.04342637, -0.9060196, 0.4210021)
(-0.03980119, -0.9060467, 0.4213018)
(-0.03670885, -0.9062585, 0.4211271)
(-0.03341231, -0.9073257, 0.4190987)
(-0.0285628, -0.908842, 0.4161617)
(-0.02376469, -0.9100165, 0.4138903)
(-0.01945337, -0.9106743, 0.4126667)
(-0.01496082, -0.9116774, 0.4106342)
(-0.009691395, -0.9121937, 0.4096446)
(-0.004565667, -0.9124989, 0.4090536)
(-0.0002713911, -0.9128883, 0.4082094)
(0.00443022, -0.9130128, 0.4079069)
(0.009448366, -0.9118897, 0.4103266)
(0.01362565, -0.9099717, 0.4144464)
(0.01759527, -0.9093203, 0.4157246)
(0.01930526, -0.9084727, 0.4174981)
(0.02138896, -0.9079183, 0.4186011)
(0.02452123, -0.9073193, 0.4197266)
(0.02691588, -0.9066402, 0.4210454)
(0.02879537, -0.9057065, 0.4229263)
(0.03067469, -0.9042428, 0.4259156)
(0.03269111, -0.902766, 0.4288879)
(0.03465116, -0.900626, 0.4332115)
(0.03737511, -0.8988726, 0.4366135)
(0.0392353, -0.8969324, 0.4404237)
(0.04059743, -0.8951578, 0.4438969)
(0.04196579, -0.8933762, 0.4473453)
(0.04327579, -0.8915624, 0.4508255)
(0.04468344, -0.8896618, 0.4544286)
(0.04630626, -0.8876936, 0.4581001)
(0.0474441, -0.8856992, 0.4618291)
(0.04810474, -0.8837928, 0.4653991)
(0.04943458, -0.8817616, 0.4690977)
(0.05021972, -0.8801394, 0.4720516)
(0.05017124, -0.8788705, 0.4744149)
(0.04993853, -0.8781545, 0.4757635)
(0.05015225, -0.8766015, 0.4785965)
(0.051759, -0.8748562, 0.4816094)
(0.05363005, -0.8730577, 0.4846586)
(0.05457102, -0.8711489, 0.487977)
(0.05189857, -0.8705788, 0.4892844)
(0.04928533, -0.8708839, 0.4890114)
(0.04756509, -0.8710619, 0.4888647)
(0.04519647, -0.8714368, 0.4884211)
(0.04120752, -0.8714321, 0.4887821)
(0.03729654, -0.8712085, 0.4894943)
(0.03295621, -0.8708083, 0.490517)
(0.03006485, -0.8701568, 0.4918571)
(0.02661701, -0.868926, 0.4942258)
(0.02321175, -0.8681202, 0.4958111)
(0.01985719, -0.8673247, 0.4973466)
(0.01540423, -0.8664233, 0.4990725)
(0.009160619, -0.8681092, 0.4962887)
(0.004692801, -0.8701793, 0.4927129)
(-0.0003506001, -0.8707536, 0.4917196)
(-0.006952263, -0.8667285, 0.4987318)
(-0.01133592, -0.8618558, 0.5070267)
(-0.01389331, -0.8618072, 0.5070457)
(-0.01020344, -0.867546, 0.4972524)
(-0.009834492, -0.8711733, 0.4908772)
(-0.01004514, -0.8718289, 0.4897076)
(-0.0109827, -0.8712493, 0.4907179)
(-0.01335319, -0.8701043, 0.4926868)
(-0.01461865, -0.8646144, 0.5022234)
(-0.01252232, -0.862229, 0.5063639)
(-0.01060596, -0.8624663, 0.5060035)
(-0.007056167, -0.8635374, 0.5042354)
(-0.004511546, -0.8654375, 0.5009965)
(-0.003286503, -0.865211, 0.5013973)
(-0.001995746, -0.8646827, 0.5023144)
(-0.0006106682, -0.8638014, 0.5038323)
(0.0008231252, -0.8631667, 0.5049183)
(9.258278E-05, -0.862944, 0.5052995)
(-0.0003242455, -0.8629407, 0.5053052)
(-0.001210047, -0.8630489, 0.5051191)
(-0.002118014, -0.8631403, 0.5049597)
(-0.004293768, -0.8631887, 0.5048632)
(-0.005067533, -0.8635917, 0.5041664)
(-0.005326949, -0.8647436, 0.5021853)
(-0.005521014, -0.8659997, 0.5000141)
(-0.005824497, -0.8664932, 0.499155)
(-0.006209236, -0.8674862, 0.4974224)
(-0.007176695, -0.868574, 0.4955074)
(-0.008510686, -0.8696491, 0.4935971)
(-0.01019355, -0.8704172, 0.4922094)
(-0.01150614, -0.8712687, 0.4906714)
(-0.01244181, -0.8722703, 0.4888657)
