(1.403375, 1.877769, 0.9560184)
(1.404715, 1.877533, 0.9561906)
(1.406221, 1.877183, 0.9565628)
(1.407566, 1.877015, 0.9570441)
(1.409304, 1.876657, 0.9576142)
(1.410929, 1.87636, 0.9580071)
(1.412751, 1.875974, 0.9586432)
(1.41458, 1.875518, 0.9590399)
(1.416477, 1.87515, 0.959434)
(1.418492, 1.874745, 0.9599745)
(1.420663, 1.874336, 0.9605212)
(1.423027, 1.87413, 0.9609118)
(1.425231, 1.873856, 0.9614542)
(1.427726, 1.873545, 0.9618564)
(1.430114, 1.873062, 0.9624724)
(1.432602, 1.872888, 0.9633634)
(1.43501, 1.872639, 0.9640505)
(1.437332, 1.872402, 0.9648964)
(1.439487, 1.872356, 0.9657788)
(1.441565, 1.872357, 0.9664321)
(1.443708, 1.872446, 0.9669595)
(1.445417, 1.872584, 0.9675536)
(1.446955, 1.872701, 0.9680686)
(1.448708, 1.872685, 0.9687364)
(1.450192, 1.872764, 0.9694858)
(1.451512, 1.872875, 0.9704306)
(1.452416, 1.872795, 0.9712477)
(1.453487, 1.872873, 0.9718513)
(1.454309, 1.873013, 0.9724655)
(1.455325, 1.873358, 0.9729309)
(1.456128, 1.873575, 0.9736848)
(1.456591, 1.873748, 0.9745073)
(1.457388, 1.873992, 0.9751406)
(1.457724, 1.874232, 0.9761901)
(1.457974, 1.874521, 0.9771333)
(1.458113, 1.874811, 0.9782364)
(1.458642, 1.874893, 0.979094)
(1.458792, 1.875082, 0.980078)
(1.458927, 1.875382, 0.9812601)
(1.459237, 1.875538, 0.9824705)
(1.459045, 1.875653, 0.9838319)
(1.459214, 1.875872, 0.9852917)
(1.459113, 1.876103, 0.9872558)
(1.458816, 1.876241, 0.9888284)
(1.458663, 1.876351, 0.9909427)
(1.458697, 1.876323, 0.9930928)
(1.458547, 1.87632, 0.9951968)
(1.459017, 1.875998, 0.9975796)
(1.458854, 1.875836, 1.000045)
(1.458515, 1.875451, 1.002962)
(1.458104, 1.875144, 1.005225)
(1.45768, 1.874892, 1.008564)
(1.457254, 1.874705, 1.011805)
(1.456658, 1.874434, 1.014915)
(1.456176, 1.874152, 1.018359)
(1.45565, 1.87378, 1.021833)
(1.454893, 1.873231, 1.025457)
(1.454144, 1.872751, 1.029356)
(1.45335, 1.872294, 1.033395)
(1.452579, 1.871941, 1.037229)
(1.451555, 1.871309, 1.042061)
(1.45057, 1.870621, 1.046576)
(1.449644, 1.869954, 1.051187)
(1.448551, 1.869132, 1.05604)
(1.447448, 1.868335, 1.060915)
(1.446219, 1.86747, 1.065882)
(1.444974, 1.866478, 1.071267)
(1.443692, 1.865392, 1.076893)
(1.44253, 1.864342, 1.082283)
(1.44102, 1.863152, 1.088918)
(1.439527, 1.862218, 1.095603)
(1.438098, 1.861299, 1.101983)
(1.436584, 1.860378, 1.108631)
(1.434854, 1.859346, 1.115811)
(1.432843, 1.858153, 1.123183)
(1.430725, 1.856988, 1.130763)
(1.428469, 1.855977, 1.138633)
(1.426731, 1.854888, 1.145979)
(1.424241, 1.854131, 1.155032)
(1.421824, 1.853601, 1.163834)
(1.419152, 1.853121, 1.172918)
(1.416611, 1.852922, 1.182014)
(1.414063, 1.852785, 1.1909)
(1.411083, 1.853153, 1.199784)
(1.407976, 1.853498, 1.208934)
(1.404667, 1.855735, 1.217937)
(1.401125, 1.858183, 1.227134)
(1.397477, 1.862778, 1.23725)
(1.394521, 1.869895, 1.246385)
(1.391233, 1.87603, 1.25607)
(1.387422, 1.882412, 1.266156)
(1.385447, 1.890855, 1.274424)
(1.382978, 1.898879, 1.282787)
(1.380312, 1.907277, 1.290707)
(1.378567, 1.915867, 1.297226)
(1.377151, 1.922812, 1.303597)
(1.375697, 1.931571, 1.309564)
(1.374938, 1.939309, 1.31377)
(1.373773, 1.947354, 1.319402)
(1.373014, 1.954932, 1.323585)
(1.372726, 1.962394, 1.326567)
(1.372375, 1.970239, 1.330101)
(1.371342, 1.978902, 1.332946)
(1.37155, 1.986651, 1.334793)
(1.370561, 1.996014, 1.338512)
(1.370931, 2.004613, 1.340015)
(1.371513, 2.012621, 1.341307)
(1.370996, 2.021338, 1.342613)
(1.371483, 2.029005, 1.343118)
(1.371967, 2.036593, 1.343788)
(1.37254, 2.043936, 1.344337)
(1.371989, 2.052206, 1.345585)
(1.372998, 2.058692, 1.345771)
(1.372767, 2.06634, 1.34703)
(1.373938, 2.073199, 1.347448)
(1.375227, 2.078857, 1.347914)
(1.375249, 2.085532, 1.348778)
(1.376428, 2.090879, 1.349523)
(1.377562, 2.096262, 1.350248)
(1.377976, 2.10097, 1.350892)
(1.379134, 2.10553, 1.351696)
(1.379817, 2.109332, 1.352238)
(1.380397, 2.113631, 1.353216)
(1.381201, 2.117066, 1.354207)
(1.381893, 2.119712, 1.355195)
(1.3822, 2.122316, 1.356169)
(1.382785, 2.124241, 1.357427)
(1.383374, 2.126236, 1.358705)
(1.383883, 2.127552, 1.360009)
(1.384296, 2.128441, 1.361808)
(1.384702, 2.129023, 1.363509)
(1.385485, 2.129491, 1.36514)
(1.386009, 2.129981, 1.367166)
(1.385903, 2.129502, 1.369425)
(1.386211, 2.129462, 1.371637)
(1.386533, 2.128907, 1.374205)
(1.386869, 2.128109, 1.376525)
(1.387299, 2.127557, 1.379115)
(1.387607, 2.126725, 1.382073)
(1.387707, 2.125678, 1.384815)
(1.387643, 2.12439, 1.388396)
(1.388144, 2.122995, 1.391875)
(1.388721, 2.121134, 1.395418)
(1.38895, 2.119524, 1.399175)
(1.38976, 2.117623, 1.402832)
(1.390068, 2.115719, 1.406643)
(1.390282, 2.113753, 1.411001)
(1.39141, 2.111692, 1.415072)
(1.392241, 2.109669, 1.419217)
(1.393107, 2.107635, 1.424027)
(1.394511, 2.105417, 1.428868)
(1.395488, 2.103394, 1.434204)
(1.39661, 2.101302, 1.439299)
(1.398265, 2.099231, 1.44443)
(1.399727, 2.097383, 1.449583)
(1.401373, 2.095792, 1.455257)
(1.403277, 2.094479, 1.460839)
(1.405609, 2.093829, 1.466664)
(1.407948, 2.093936, 1.473472)
(1.410875, 2.09415, 1.480563)
(1.414606, 2.095802, 1.487611)
(1.417054, 2.097043, 1.495436)
(1.420809, 2.099889, 1.503143)
(1.425237, 2.103336, 1.510337)
(1.429351, 2.106486, 1.51842)
(1.433824, 2.112469, 1.526623)
(1.439029, 2.119476, 1.534057)
(1.444706, 2.126749, 1.541943)
(1.449787, 2.135486, 1.550876)
(1.454401, 2.145649, 1.559131)
(1.461951, 2.15432, 1.565435)
(1.466479, 2.165032, 1.57277)
(1.468926, 2.176406, 1.581199)
(1.475887, 2.185125, 1.586565)
(1.479216, 2.195237, 1.593044)
(1.478833, 2.206232, 1.602338)
(1.480963, 2.215388, 1.60856)
(1.483971, 2.224856, 1.61505)
(1.482392, 2.233518, 1.622719)
(1.478143, 2.244162, 1.631053)
(1.479382, 2.251695, 1.634855)
(1.479679, 2.26, 1.639923)
(1.475558, 2.27067, 1.646611)
(1.476251, 2.278779, 1.650204)
(1.480422, 2.286051, 1.652412)
(1.479143, 2.295305, 1.656549)
(1.479679, 2.30392, 1.660157)
(1.479558, 2.311185, 1.66259)
(1.485553, 2.31733, 1.662146)
(1.485461, 2.324108, 1.664354)
(1.485195, 2.330626, 1.666417)
(1.485222, 2.336863, 1.667647)
(1.485264, 2.342823, 1.669041)
(1.484644, 2.348542, 1.670731)
(1.487808, 2.35297, 1.66953)
(1.488606, 2.358685, 1.670494)
(1.487699, 2.363418, 1.67186)
(1.490117, 2.367555, 1.670685)
(1.489222, 2.371973, 1.672007)
(1.488329, 2.376042, 1.673275)
(1.489384, 2.379464, 1.672723)
(1.489255, 2.382427, 1.673354)
(1.488092, 2.385413, 1.674392)
(1.487275, 2.387838, 1.674344)
(1.48673, 2.390765, 1.674882)
(1.485472, 2.392378, 1.675576)
(1.484406, 2.394299, 1.675777)
(1.484278, 2.395805, 1.675839)
(1.484221, 2.3969, 1.675683)
(1.483783, 2.398108, 1.676082)
(1.482668, 2.399426, 1.676935)
(1.481567, 2.400409, 1.677839)
(1.481411, 2.401026, 1.677711)
(1.480325, 2.402049, 1.678482)
(1.479196, 2.402804, 1.679249)
(1.479286, 2.403137, 1.678841)
(1.478106, 2.404033, 1.679544)
(1.47683, 2.404899, 1.680159)
(1.476212, 2.405642, 1.680222)
(1.474677, 2.406115, 1.681002)
(1.473216, 2.406739, 1.681696)
(1.472532, 2.406867, 1.681718)
(1.470915, 2.407053, 1.682369)
(1.469388, 2.406726, 1.682734)
(1.469868, 2.406096, 1.681942)
(1.46836, 2.405564, 1.681955)
(1.466798, 2.404964, 1.681758)
(1.465923, 2.404285, 1.681024)
(1.464973, 2.403796, 1.679933)
(1.463092, 2.403284, 1.679296)
(1.462064, 2.402664, 1.678109)
(1.460606, 2.402577, 1.676873)
(1.458527, 2.402924, 1.676029)
(1.457692, 2.403141, 1.674744)
(1.456314, 2.404303, 1.673529)
(1.454382, 2.405684, 1.672673)
(1.453163, 2.407785, 1.671293)
(1.451575, 2.409298, 1.670252)
(1.449931, 2.411701, 1.669059)
(1.448822, 2.413429, 1.667515)
(1.447581, 2.414045, 1.666137)
(1.44627, 2.414833, 1.664281)
(1.444947, 2.415469, 1.663093)
(1.443227, 2.415959, 1.66223)
(1.441559, 2.416195, 1.661427)
(1.440629, 2.416052, 1.660338)
(1.440727, 2.416196, 1.658506)
(1.439112, 2.415909, 1.65798)
(1.438612, 2.41524, 1.656721)
(1.437955, 2.415196, 1.655425)
(1.436434, 2.414691, 1.654991)
(1.435629, 2.414481, 1.653879)
(1.434304, 2.414009, 1.653468)
(1.433063, 2.413576, 1.653107)
(1.431853, 2.413177, 1.652828)
(1.430538, 2.413454, 1.652556)
(1.429384, 2.413582, 1.65241)
(1.428481, 2.413412, 1.651845)
(1.427244, 2.413672, 1.651794)
(1.426091, 2.413901, 1.651819)
(1.424909, 2.413941, 1.651234)
(1.423418, 2.413592, 1.651677)
(1.422235, 2.413357, 1.651853)
(1.421204, 2.413021, 1.652478)
(1.420053, 2.41263, 1.652736)
(1.418922, 2.41208, 1.653079)
(1.417976, 2.411519, 1.653492)
(1.41688, 2.41113, 1.653845)
(1.416449, 2.410582, 1.654067)
(1.415723, 2.410309, 1.654311)
(1.414771, 2.409895, 1.654815)
(1.413799, 2.40947, 1.655334)
(1.412503, 2.409068, 1.65627)
(1.41155, 2.408622, 1.656873)
(1.411371, 2.407979, 1.657001)
(1.410581, 2.407572, 1.657728)
(1.409659, 2.407143, 1.658535)
(1.409108, 2.406724, 1.659397)
(1.408426, 2.406312, 1.660209)
(1.40777, 2.405702, 1.661293)
(1.407053, 2.405065, 1.66233)
(1.406428, 2.404267, 1.663511)
(1.405681, 2.403653, 1.664721)
