(4489.586, 191.2109, 1151.005)
(-34.33942, 95.72616, 23.56336)
(-17.25868, 98.29947, 9.424716)
(-12.06372, 52.97242, 6.729092)
(-15.90452, 116.0674, 18.94532)
(-42.66522, 211.5661, 22.64332)
(0, 0, 0)
(-39.90791, 173.8058, 20.46366)
(-81.36008, 308.3972, 45.18773)
(-32.07694, 117.2694, 19.85976)
(-36.29196, 118.2427, 20.04861)
(-48.20647, 115.4477, 26.14197)
(-40.61267, 114.1182, 25.67542)
(-56.05358, 101.0766, 24.45939)
(-61.31857, 92.1454, 27.22547)
(-51.68294, 94.79922, 27.50255)
(-65.97359, 70.62514, 21.27133)
(-71.72693, 58.64088, 23.5153)
(-67.21665, 58.9474, 27.41968)
(-78.02951, 36.6316, 19.76275)
(-76.05683, 42.03465, 19.51)
(-48.22702, 7.578593, 41.91585)
(-111.2139, 40.10501, 3.205599)
(-86.91359, 6.620219, 29.04605)
(-67.01232, -6.271195, 15.26482)
(-105.1838, -23.71592, 15.23533)
(-97.09704, -19.2076, 19.15267)
(-110.2237, -41.1259, 7.866964)
(-109.3724, -54.37583, 15.93624)
(-109.3023, -56.73722, 18.674)
(-110.254, -56.34111, 17.42334)
(-118.8342, -75.56682, 18.38147)
(-112.5956, -67.49475, 18.76485)
(-90.07108, -59.43173, 17.75653)
(-178.0707, -126.5731, 38.81187)
(-123.1103, -91.0124, 19.67072)
(-120.4813, -88.27344, 25.46841)
(-122.0172, -95.3336, 24.45919)
(-124.8496, -105.5716, 14.72632)
(-117.3895, -98.16467, 18.34171)
(-112.7261, -98.18007, 21.78405)
(-113.1183, -87.70836, 12.15635)
(-107.8789, -75.8364, 24.3346)
(-101.8329, -65.0154, 20.30196)
(-101.0984, -69.89684, 16.15632)
(-99.63461, -68.35757, 23.86566)
(-84.23072, -83.42952, 29.10889)
(-92.79387, -77.69498, 9.756537)
(-86.19765, -56.21174, 15.71655)
(-77.51785, -53.87893, 15.47208)
(-73.32271, -32.01104, 2.781141)
(-64.14333, -19.47378, 17.0866)
(-48.61476, -29.27571, 23.70741)
(-57.00217, -38.92295, 15.4278)
(-37.02732, -27.29804, 16.3296)
(-25.44849, -35.04278, 5.601772)
(-34.04892, -37.45947, 5.785094)
(-40.19343, -41.62064, 14.4884)
