0.0063954
0.0111554
0.015818
0.015123
0.0140781
0.0209258
0.0033609
0.0083836
0.0160654
0.0058464
0.0120582
0.0156373
0.0062802
0.0111629
0.0202867
0.0033948
0.0092794
0.0153434
0.0065708
0.0120557
0.0156593
0.0062774
0.0109974
0.0153423
0.0066314
0.011128
0.0159622
0.0060966
0.011817
0.0155771
0.0065918
0.0109495
0.0156951
0.0062911
0.0112383
0.0161972
0.005558
0.012116
0.0159047
0.0059983
0.0111685
0.0156554
0.0089641
0.0082178
0.0157311
0.0072128
0.0109866
0.015798
0.0062065
0.0110375
0.0160017
0.0060241
0.010929
0.0154399
0.0075273
0.0111344
0.0210667
