(0.1892021, -0.139221, 0.06234127)
(0.1892585, -0.1392704, 0.06228042)
(0.1890624, -0.1392593, 0.06215596)
(0.1890424, -0.1392175, 0.06211686)
(0.1891015, -0.1392449, 0.06211179)
(0.1893184, -0.1392003, 0.0622319)
(0.1892494, -0.139271, 0.06230253)
(0.1892675, -0.139232, 0.06238854)
(0.1894226, -0.1392083, 0.0624854)
(0.1894451, -0.1391615, 0.06247276)
(0.1895368, -0.139281, 0.06233531)
(0.1894735, -0.1392841, 0.06229144)
(0.1893231, -0.1395155, 0.06248581)
(0.1893058, -0.139527, 0.06249201)
(0.1892576, -0.1395515, 0.06248325)
(0.1892184, -0.1396105, 0.06249768)
(0.189108, -0.1395223, 0.06256604)
(0.1890934, -0.1395245, 0.0625869)
(0.1891276, -0.1394199, 0.0624963)
(0.1891298, -0.139459, 0.06248045)
(0.1892461, -0.1394461, 0.06257278)
(0.1891214, -0.139614, 0.06272072)
(0.1890721, -0.1396383, 0.06273079)
(0.189052, -0.1396351, 0.06276512)
(0.1891693, -0.1394613, 0.06263965)
(0.1891571, -0.1394516, 0.06265509)
(0.1891561, -0.1394321, 0.06264889)
(0.1892419, -0.1392425, 0.06248868)
(0.18932, -0.1393336, 0.06235683)
(0.1892794, -0.1393211, 0.06231576)
(0.1892992, -0.1393069, 0.0623067)
(0.1892836, -0.1392823, 0.06228769)
(0.1892557, -0.1392704, 0.0622279)
(0.1891404, -0.1394668, 0.06246495)
(0.1891868, -0.1394418, 0.06260645)
(0.1891443, -0.1394434, 0.06261379)
(0.1891168, -0.1394739, 0.06265885)
(0.1891073, -0.1395272, 0.06258619)
(0.1891617, -0.1395231, 0.06263441)
(0.1892015, -0.1394401, 0.06258112)
(0.1891958, -0.1394328, 0.06259775)
(0.1890825, -0.1394649, 0.06252819)
(0.1891119, -0.1394064, 0.06251568)
(0.1892281, -0.1395487, 0.06239849)
(0.1891935, -0.139582, 0.06237864)
(0.189294, -0.1394501, 0.06232178)
(0.1893119, -0.1394163, 0.06243873)
(0.1892111, -0.1394217, 0.06239289)
(0.1891327, -0.1395298, 0.06245965)
(0.1890337, -0.1394737, 0.06248033)
(0.1891644, -0.1394383, 0.06256372)
(0.1891835, -0.1394283, 0.06255132)
(0.1891676, -0.1394308, 0.06252414)
(0.1890607, -0.1394426, 0.06246382)
(0.1890534, -0.1394484, 0.06244642)
(0.1890317, -0.1394545, 0.06244731)
(0.1891271, -0.1394378, 0.06255221)
(0.189073, -0.1395233, 0.06263787)
(0.1890687, -0.1396368, 0.0625428)
(0.1890069, -0.1396482, 0.06255162)
(0.1890864, -0.1394693, 0.06238991)
(0.1891286, -0.1394938, 0.06236881)
(0.1890851, -0.1395147, 0.06234282)
(0.189092, -0.1395153, 0.06237477)
(0.1891074, -0.1394516, 0.06249481)
(0.189117, -0.1394687, 0.06249154)
(0.1890339, -0.1395204, 0.06257206)
(0.1889907, -0.1395407, 0.06250185)
(0.1890272, -0.1395633, 0.06249881)
(0.1890143, -0.1395819, 0.06248432)
(0.1889906, -0.1395895, 0.06248975)
(0.1890461, -0.1395658, 0.06254095)
(0.1889726, -0.1396617, 0.06262398)
(0.188957, -0.139635, 0.06273711)
(0.1887485, -0.1396546, 0.06263095)
(0.188808, -0.1395187, 0.06252694)
(0.1888125, -0.1395097, 0.06250203)
(0.1888887, -0.1394995, 0.06253558)
(0.1887722, -0.1396909, 0.06271625)
(0.1888112, -0.1397318, 0.06272805)
(0.1886868, -0.1397345, 0.0626719)
(0.1886874, -0.1397263, 0.06265718)
(0.1886421, -0.1397178, 0.06266308)
(0.1886876, -0.1397213, 0.06269491)
(0.188707, -0.139677, 0.06267124)
(0.1888026, -0.1397659, 0.06261188)
(0.1889057, -0.1397642, 0.06262636)
(0.1889691, -0.1397535, 0.06252897)
(0.1890407, -0.1398083, 0.06246203)
(0.1889399, -0.1397903, 0.06231838)
(0.1891075, -0.13965, 0.0621599)
(0.1892759, -0.1396149, 0.06208289)
(0.1895528, -0.1395406, 0.06207943)
(0.1897148, -0.1394904, 0.06200117)
(0.1897775, -0.1392975, 0.06210375)
(0.1899627, -0.1392003, 0.06221789)
(0.1899893, -0.139086, 0.06222045)
(0.1900915, -0.1389488, 0.06225336)
(0.1899829, -0.1387923, 0.06225175)
(0.190022, -0.1383646, 0.06258345)
(0.1899078, -0.1379304, 0.06300759)
(0.1899573, -0.1368431, 0.06399381)
(0.1910092, -0.1353145, 0.06547058)
(0.1926149, -0.1334186, 0.06671172)
(0.1941365, -0.13138, 0.06754011)
(0.1963273, -0.128593, 0.06808245)
(0.198469, -0.1254987, 0.06848991)
(0.1994882, -0.1187034, 0.06857443)
(0.1982059, -0.1090215, 0.06975496)
(0.199255, -0.100503, 0.07135713)
(0.1994324, -0.08895802, 0.07401955)
(0.1994469, -0.08055699, 0.07690692)
(0.2008215, -0.07235134, 0.07940012)
(0.2026979, -0.06596828, 0.0819155)
(0.2037638, -0.05893373, 0.08564568)
(0.2042611, -0.05311894, 0.09047359)
(0.2044008, -0.04830289, 0.0954808)
(0.2049115, -0.04368544, 0.1005957)
(0.204631, -0.03905296, 0.1068265)
(0.2047377, -0.03824747, 0.1137751)
(0.2058941, -0.03442502, 0.1188819)
(0.2053919, -0.0338918, 0.1269472)
(0.2057394, -0.03512394, 0.1346149)
(0.2069868, -0.03584671, 0.1423756)
(0.2064545, -0.03711152, 0.1510884)
(0.2065432, -0.03932786, 0.1587921)
(0.2071286, -0.04087925, 0.1663433)
(0.2074471, -0.04234266, 0.174331)
(0.2074898, -0.04414833, 0.1818652)
(0.2074358, -0.04632425, 0.1892484)
(0.208346, -0.04865193, 0.1955754)
(0.2088934, -0.0507555, 0.2018988)
(0.2087809, -0.05431616, 0.208554)
(0.2100695, -0.05709851, 0.2128837)
(0.2106678, -0.05925226, 0.2173636)
(0.2101783, -0.06163847, 0.2206274)
(0.2112709, -0.063272, 0.2237962)
(0.2116761, -0.06394958, 0.2249839)
(0.2114147, -0.06607544, 0.2282962)
(0.2123915, -0.06708705, 0.2288859)
(0.2131424, -0.06836581, 0.229107)
(0.2131221, -0.0701474, 0.2301376)
(0.2126449, -0.07008171, 0.2303723)
(0.2118694, -0.07006407, 0.2301296)
(0.2115738, -0.07131112, 0.2297239)
(0.2124085, -0.07301915, 0.2300566)
(0.2115, -0.07392049, 0.2305784)
(0.2113948, -0.07459795, 0.2307236)
(0.2118413, -0.07547331, 0.2313018)
(0.2123914, -0.07519567, 0.2317706)
(0.2124045, -0.07514834, 0.2323661)
(0.2121218, -0.07542276, 0.2330166)
(0.2116964, -0.07602799, 0.2330799)
(0.2126497, -0.07648408, 0.2328347)
(0.2132511, -0.07635653, 0.2324917)
(0.2136027, -0.07616043, 0.2322146)
(0.2140243, -0.07583785, 0.2319878)
(0.213992, -0.07566893, 0.2321733)
(0.2117472, -0.07214332, 0.2343171)
(0.2113875, -0.07043588, 0.2353249)
(0.2106282, -0.06797493, 0.2377223)
(0.2090431, -0.06614363, 0.2400577)
(0.2072681, -0.06435335, 0.2426819)
(0.2074306, -0.06363857, 0.2443666)
(0.2047403, -0.06194568, 0.2496275)
(0.2037194, -0.06026578, 0.2517591)
(0.2028238, -0.05707574, 0.254064)
(0.1986288, -0.04805815, 0.2544059)
(0.196768, -0.03966725, 0.2594119)
(0.1954936, -0.02814543, 0.2612501)
(0.1948164, -0.01725006, 0.2654443)
(0.1925763, -0.009434342, 0.2708849)
(0.1919144, -0.0002856255, 0.275421)
(0.1914363, 0.008415222, 0.2799203)
(0.1920228, 0.01713824, 0.2856981)
(0.1921006, 0.02609861, 0.2916149)
(0.1935884, 0.0342983, 0.2985127)
(0.1956731, 0.04276991, 0.3050792)
(0.1970283, 0.0495739, 0.3118731)
(0.1983101, 0.05517054, 0.319653)
(0.2008555, 0.06073296, 0.3260133)
(0.2022262, 0.06517613, 0.33392)
(0.204183, 0.06905305, 0.3419294)
(0.2064046, 0.07382631, 0.3489543)
(0.2081321, 0.07627577, 0.3576417)
(0.2099271, 0.07957441, 0.3662602)
(0.2121183, 0.08241999, 0.3752288)
(0.2136877, 0.08436793, 0.3841745)
(0.2157005, 0.08622205, 0.3929236)
(0.2178702, 0.08670539, 0.4015913)
(0.2195512, 0.08814096, 0.4102615)
(0.2215908, 0.08754534, 0.4193705)
(0.2233497, 0.08698696, 0.4283264)
(0.2250133, 0.08689249, 0.4371207)
(0.2267351, 0.08591497, 0.4458784)
(0.2284914, 0.0841763, 0.4556711)
(0.2302879, 0.08337599, 0.4640658)
(0.232096, 0.08239949, 0.4713906)
(0.2338593, 0.08145207, 0.4786917)
(0.2356541, 0.07985091, 0.4845793)
(0.2375015, 0.07842219, 0.4911526)
(0.2384156, 0.07623553, 0.4977957)
(0.2402183, 0.07443768, 0.5036949)
(0.2414997, 0.07326925, 0.5096403)
(0.2420141, 0.071316, 0.5165762)
(0.2433372, 0.06877375, 0.5215416)
(0.2446061, 0.0662111, 0.526605)
(0.245936, 0.06376314, 0.5318257)
(0.2475774, 0.06217039, 0.5344031)
(0.2484587, 0.06156957, 0.5359203)
(0.2488605, 0.06041133, 0.5380464)
(0.2489657, 0.05848098, 0.54003)
(0.2502271, 0.05674446, 0.5420177)
(0.2510664, 0.05619359, 0.5438731)
(0.2516999, 0.05611932, 0.5439639)
(0.2505224, 0.05500782, 0.5427028)
(0.2503362, 0.05341971, 0.5419394)
(0.2486949, 0.05371392, 0.5392843)
(0.2483412, 0.05333459, 0.5379854)
(0.2493194, 0.05361807, 0.5379092)
(0.2502794, 0.05362189, 0.5385064)
(0.2501973, 0.05323589, 0.5402895)
(0.2496814, 0.05324781, 0.5431485)
(0.2486756, 0.05197036, 0.5435117)
(0.2485344, 0.05084467, 0.5427957)
(0.2494707, 0.0505681, 0.5415562)
(0.2500184, 0.05035543, 0.5403924)
(0.250304, 0.05097675, 0.5391829)
(0.2504987, 0.05107689, 0.5391568)
(0.2502561, 0.05091751, 0.5399443)
(0.2496903, 0.05123115, 0.5413507)
(0.2499586, 0.05076909, 0.542267)
(0.2509317, 0.05102634, 0.5435922)
(0.2513497, 0.05155873, 0.5442395)
(0.2516056, 0.05292606, 0.545136)
(0.2523193, 0.05420709, 0.5456382)
(0.2542645, 0.05600464, 0.5468743)
(0.2557777, 0.05698919, 0.5484141)
(0.2572824, 0.05860186, 0.5506091)
(0.2584192, 0.06014633, 0.5528861)
(0.2599761, 0.06269217, 0.5558366)
(0.2612664, 0.0653553, 0.5576398)
(0.2604619, 0.06843758, 0.5578785)
(0.2607694, 0.07313001, 0.5572282)
(0.2610924, 0.0809654, 0.5579528)
(0.2606213, 0.08655727, 0.557672)
(0.2605079, 0.09355879, 0.557183)
(0.2619051, 0.1012256, 0.5579915)
(0.2617389, 0.1076543, 0.5584385)
(0.2617168, 0.1145653, 0.5590428)
(0.2618567, 0.1211596, 0.561132)
(0.2613963, 0.126901, 0.5628277)
(0.2605267, 0.1325298, 0.5653533)
(0.2595018, 0.1375592, 0.5682355)
(0.2586963, 0.1418293, 0.5719215)
(0.2580254, 0.145739, 0.5754535)
(0.2569444, 0.1488474, 0.5791758)
(0.2564039, 0.1513166, 0.5829694)
(0.2567703, 0.1532555, 0.586421)
(0.2568024, 0.1534437, 0.5910717)
(0.2571999, 0.1536351, 0.5950812)
(0.2584863, 0.1527046, 0.5990708)
(0.2587594, 0.1521343, 0.6039807)
(0.2596341, 0.149156, 0.6093514)
(0.2604681, 0.1473892, 0.6143581)
(0.26053, 0.1453698, 0.6202924)
(0.2608284, 0.1426029, 0.6263018)
(0.2611893, 0.1386114, 0.6337489)
(0.2611201, 0.1351858, 0.6402775)
(0.2608376, 0.1320179, 0.6465718)
(0.2604843, 0.1286408, 0.6528807)
(0.2604879, 0.1253722, 0.6585686)
(0.2604207, 0.1226526, 0.6641297)
(0.2599056, 0.1200451, 0.6698825)
(0.2596818, 0.1183137, 0.6750767)
(0.2597805, 0.1173618, 0.6788243)
(0.2590963, 0.115728, 0.6833289)
(0.259358, 0.1146771, 0.6851193)
(0.2576839, 0.1155343, 0.687309)
(0.2559663, 0.1152961, 0.6895597)
(0.2547587, 0.1147346, 0.6912079)
(0.2523408, 0.1144813, 0.6924258)
(0.2528466, 0.1142823, 0.690793)
(0.2540821, 0.1136566, 0.6872967)
(0.2554989, 0.1126924, 0.6850284)
(0.2561959, 0.1117997, 0.6844765)
(0.2591687, 0.1122639, 0.6850071)
(0.259856, 0.1126195, 0.685694)
(0.2609423, 0.1122139, 0.6862732)
(0.260829, 0.1119654, 0.6867377)
(0.2591989, 0.1117631, 0.6870286)
(0.2580101, 0.1132482, 0.6875259)
(0.2571746, 0.1130223, 0.6873392)
(0.2566001, 0.112877, 0.6873847)
(0.2569, 0.1131384, 0.686926)
(0.2573916, 0.1127529, 0.686444)
(0.2579758, 0.1125964, 0.6861508)
(0.2588577, 0.112793, 0.6858615)
(0.2590947, 0.1127417, 0.6859093)
(0.2591166, 0.1127167, 0.6858295)
(0.2591394, 0.1128788, 0.68583)
(0.2582644, 0.1133093, 0.6863559)
(0.2576709, 0.1132981, 0.6862545)
(0.2576258, 0.1137489, 0.6864319)
(0.2589548, 0.11256, 0.6854806)
(0.2592145, 0.1125007, 0.6854385)
(0.2593107, 0.1122128, 0.6856509)
(0.259323, 0.1123346, 0.6857127)
(0.2591052, 0.1122772, 0.6855738)
(0.2591764, 0.1124753, 0.6853604)
(0.2589409, 0.1124378, 0.685253)
(0.2588491, 0.1125535, 0.6853645)
(0.2588992, 0.1125026, 0.6854683)
(0.2589389, 0.1124743, 0.6856215)
(0.2591301, 0.11235, 0.6856955)
(0.2592126, 0.1124344, 0.6856297)
(0.2593209, 0.1123931, 0.6854811)
(0.2593671, 0.1124058, 0.6854601)
(0.2594049, 0.1124226, 0.6854379)
(0.2594767, 0.1124175, 0.6854544)
(0.2595254, 0.112409, 0.6854972)
(0.2594943, 0.1122479, 0.6857471)
(0.2594901, 0.1122063, 0.6857924)
(0.2592999, 0.1121732, 0.6857044)
(0.2592918, 0.1120915, 0.6859056)
(0.2592369, 0.1120987, 0.6860039)
(0.2591412, 0.1120516, 0.6859887)
(0.259112, 0.1119636, 0.6861012)
(0.2592038, 0.1120343, 0.686308)
(0.2590065, 0.1120232, 0.6861882)
(0.2589911, 0.1119882, 0.6862421)
(0.2591028, 0.1120356, 0.6865652)
(0.2589651, 0.1120167, 0.6865664)
(0.2589153, 0.1120946, 0.6868917)
(0.2589126, 0.1120449, 0.6868937)
(0.258635, 0.1120561, 0.6867951)
(0.2587843, 0.1123329, 0.6866093)
(0.2588778, 0.1124631, 0.6869929)
(0.2588803, 0.1124805, 0.6870717)
(0.2589339, 0.1126487, 0.6870377)
(0.2589408, 0.1126035, 0.6870031)
(0.2588046, 0.1125998, 0.6869124)
(0.2587872, 0.1126049, 0.6870553)
(0.2589557, 0.1125532, 0.6871496)
(0.2588539, 0.1125499, 0.6871015)
(0.2588134, 0.1126895, 0.6869699)
(0.2588238, 0.1127121, 0.6869892)
(0.2587153, 0.1127791, 0.6869859)
(0.2587095, 0.1129311, 0.6870227)
(0.2585984, 0.1130126, 0.6870581)
(0.2587233, 0.1130383, 0.6871427)
(0.2586851, 0.1130967, 0.6871947)
(0.2586823, 0.113121, 0.6872019)
(0.2585452, 0.1131086, 0.687071)
(0.2584103, 0.1130928, 0.6872741)
(0.2583486, 0.1131018, 0.6873226)
(0.2583334, 0.1131091, 0.6873603)
(0.2581658, 0.113147, 0.6875751)
(0.2581717, 0.1131608, 0.6876724)
(0.258109, 0.1131798, 0.6877447)
(0.2581306, 0.113405, 0.6876163)
(0.258145, 0.1134002, 0.6876918)
(0.2581394, 0.1133424, 0.6876525)
(0.2578838, 0.1133429, 0.6880223)
(0.2578704, 0.113355, 0.6881301)
(0.2580123, 0.1132355, 0.6881161)
(0.2579725, 0.1135224, 0.6882286)
(0.2579017, 0.1135195, 0.6882511)
(0.2577739, 0.113421, 0.6880872)
(0.2577878, 0.1137167, 0.6880635)
