(0.2060382, -0.1647751, 0.2723656)
(0.2059765, -0.1646371, 0.2723799)
(0.2060411, -0.1646035, 0.2722778)
(0.2059343, -0.1646886, 0.272248)
(0.2058144, -0.1645114, 0.2722776)
(0.205759, -0.1644609, 0.272203)
(0.2055905, -0.1646101, 0.2722943)
(0.2054768, -0.1644509, 0.2723651)
(0.2054465, -0.1644127, 0.2723281)
(0.2054567, -0.1642466, 0.2721779)
(0.205405, -0.1641357, 0.2722275)
(0.2054305, -0.1641037, 0.2721405)
(0.2053328, -0.1642568, 0.2721329)
(0.2052832, -0.1641579, 0.2720866)
(0.2052908, -0.1641569, 0.2719674)
(0.205209, -0.164278, 0.2720001)
(0.2051282, -0.1642632, 0.2718768)
(0.2052155, -0.1642489, 0.2717962)
(0.2052789, -0.1642313, 0.2716656)
(0.2054672, -0.1641803, 0.2716231)
(0.2058024, -0.1642647, 0.2713537)
(0.2058935, -0.1646326, 0.2713993)
(0.2060945, -0.1646757, 0.2712798)
(0.2064936, -0.1646929, 0.2711995)
(0.2064834, -0.164737, 0.2711942)
(0.2065156, -0.1646297, 0.2712424)
(0.206471, -0.1646459, 0.2711742)
(0.2062588, -0.1648607, 0.2713003)
(0.2062097, -0.1647575, 0.2712593)
(0.2063146, -0.164825, 0.2711847)
(0.2064257, -0.1648679, 0.2711802)
(0.2066085, -0.1649456, 0.2711756)
(0.206697, -0.1649222, 0.2711515)
(0.2065892, -0.1650198, 0.2712014)
(0.2063115, -0.1648517, 0.2712107)
(0.2061975, -0.1648402, 0.2710526)
(0.2061458, -0.1648269, 0.2710137)
(0.2059667, -0.1644666, 0.2714319)
(0.206136, -0.1644356, 0.2714643)
(0.2060935, -0.1645634, 0.2715287)
(0.2061269, -0.1644881, 0.2715971)
(0.2061079, -0.1644702, 0.2714493)
(0.2060997, -0.164571, 0.2715001)
(0.2060359, -0.1643906, 0.2717004)
(0.2059562, -0.1643772, 0.2716827)
(0.2058089, -0.1644971, 0.2717981)
(0.2058036, -0.1645167, 0.2716765)
(0.2057319, -0.1645536, 0.2715907)
(0.205375, -0.1650178, 0.2720187)
(0.2053123, -0.1650634, 0.2719355)
(0.20525, -0.1649911, 0.2719934)
(0.2051907, -0.165035, 0.2719119)
(0.2050354, -0.1650922, 0.2717257)
(0.2048924, -0.1649499, 0.2716763)
(0.2049463, -0.1649909, 0.2715707)
(0.2053773, -0.1650105, 0.2719162)
(0.2056892, -0.1650193, 0.2719543)
(0.2060864, -0.1648729, 0.2717865)
(0.206578, -0.1648796, 0.2721331)
(0.20646, -0.1649239, 0.2720137)
(0.2064407, -0.1649725, 0.2720139)
(0.2062473, -0.1646657, 0.2721572)
(0.2062538, -0.1646357, 0.2721796)
(0.2058978, -0.1650229, 0.2725115)
(0.2058721, -0.1653545, 0.2721405)
(0.2062163, -0.1654429, 0.2722619)
(0.2064955, -0.1656559, 0.2723057)
(0.2064474, -0.1655729, 0.2723858)
(0.2070608, -0.1657116, 0.2726471)
(0.2072763, -0.1657093, 0.2726252)
(0.207015, -0.1654441, 0.2729125)
(0.2071538, -0.1654639, 0.2730255)
(0.2070229, -0.165632, 0.2730706)
(0.2070978, -0.1658306, 0.2728393)
(0.2072601, -0.1658592, 0.2727482)
(0.2069695, -0.1662049, 0.2738822)
(0.2069447, -0.1650467, 0.275281)
(0.2078767, -0.1629717, 0.2779605)
(0.207159, -0.1607785, 0.2813263)
(0.2066929, -0.158283, 0.2855926)
(0.2052808, -0.1547074, 0.292105)
(0.2058351, -0.1533659, 0.2982013)
(0.2083461, -0.1535397, 0.3044174)
(0.2089751, -0.1501229, 0.3090878)
(0.2090871, -0.1367397, 0.3156879)
(0.2079475, -0.1242487, 0.3231797)
(0.2077491, -0.1120892, 0.332783)
(0.2062931, -0.1023097, 0.3441815)
(0.2063913, -0.09023404, 0.353272)
(0.2069225, -0.0777328, 0.3624349)
(0.2060866, -0.06361198, 0.371949)
(0.2064772, -0.04802513, 0.3825934)
(0.2065339, -0.03266168, 0.3940563)
(0.2074172, -0.01582479, 0.4088671)
(0.208498, -0.001103163, 0.4225903)
(0.2088544, 0.01374435, 0.4373167)
(0.2096696, 0.02685714, 0.4520674)
(0.2104273, 0.03896379, 0.4668036)
(0.2110918, 0.05129361, 0.4818604)
(0.2128768, 0.06103849, 0.4974544)
(0.2139502, 0.07126975, 0.5139585)
(0.2159901, 0.08021379, 0.5303402)
(0.2193294, 0.08806634, 0.5493371)
(0.2203557, 0.0966239, 0.5673568)
(0.2226548, 0.1025815, 0.5857334)
(0.2257695, 0.1081054, 0.6037736)
(0.2283187, 0.1131275, 0.623173)
(0.231173, 0.1171763, 0.6415133)
(0.2353544, 0.1204503, 0.659225)
(0.2389812, 0.1223683, 0.6790175)
(0.2421713, 0.1239355, 0.6979113)
(0.2464626, 0.1242008, 0.7182922)
(0.2503798, 0.1245992, 0.7375641)
(0.2540295, 0.1239409, 0.7562149)
(0.2575996, 0.1233351, 0.7743368)
(0.2617764, 0.1226144, 0.7921331)
(0.2653434, 0.1217265, 0.8089545)
(0.268332, 0.1198885, 0.8253694)
(0.272016, 0.1169453, 0.8404932)
(0.2751076, 0.1143556, 0.8553808)
(0.2776699, 0.1106565, 0.8708346)
(0.2815371, 0.1067808, 0.8833282)
(0.2846353, 0.1033161, 0.8942473)
(0.2872102, 0.09905386, 0.9039965)
(0.2907233, 0.09524345, 0.9126139)
(0.2935531, 0.09317231, 0.919239)
(0.2981808, 0.08978653, 0.9259694)
(0.3009043, 0.08630586, 0.9333262)
(0.3014188, 0.082232, 0.9392951)
(0.3044593, 0.07707357, 0.9438481)
(0.3058226, 0.07247186, 0.9479973)
(0.3100531, 0.0757134, 0.9467928)
(0.3127108, 0.07501745, 0.9389422)
(0.3108511, 0.07718468, 0.9318786)
(0.307987, 0.07919383, 0.9302859)
(0.3056419, 0.07775474, 0.9292438)
(0.3049316, 0.07505608, 0.9287035)
(0.3050201, 0.07432389, 0.9311891)
(0.3068552, 0.07524037, 0.9353631)
(0.3074799, 0.07487416, 0.9376585)
(0.3061101, 0.07508731, 0.9384785)
(0.308121, 0.07599473, 0.9385624)
(0.3098066, 0.07561541, 0.9388051)
(0.3088245, 0.07493091, 0.9364903)
(0.3068907, 0.07416558, 0.9342198)
(0.3051128, 0.07360721, 0.9331479)
(0.3058269, 0.07385397, 0.9324145)
(0.3064876, 0.07526803, 0.9313474)
(0.3067536, 0.07509351, 0.9314489)
(0.3073797, 0.07499528, 0.9325643)
(0.3077428, 0.07509851, 0.9330988)
(0.3077748, 0.07523489, 0.9333127)
(0.3076377, 0.07551908, 0.9333515)
(0.3070862, 0.07535028, 0.9328723)
(0.3068371, 0.07521272, 0.9323976)
(0.3070445, 0.07505894, 0.9320827)
(0.3073757, 0.07507133, 0.9322419)
(0.307416, 0.07520175, 0.9323201)
(0.3076892, 0.07527018, 0.932476)
(0.3076994, 0.07516408, 0.9325323)
(0.3078165, 0.07525539, 0.9326239)
(0.3078847, 0.07501864, 0.9324126)
(0.3080401, 0.07481742, 0.9326029)
(0.3083599, 0.07456827, 0.9326601)
(0.3086312, 0.07456231, 0.9329498)
(0.3085818, 0.07462454, 0.9328747)
(0.3084185, 0.07457042, 0.9327142)
(0.3084128, 0.07444048, 0.9324946)
(0.308403, 0.07434034, 0.9323955)
(0.3083925, 0.07451129, 0.9325531)
(0.3088429, 0.07450223, 0.9328141)
(0.3088901, 0.07448912, 0.9329145)
(0.3089108, 0.0746026, 0.9330521)
(0.30884, 0.07455564, 0.9329109)
(0.3087096, 0.07436538, 0.9330862)
(0.3088696, 0.07423306, 0.93312)
(0.3089061, 0.07418323, 0.9331551)
(0.3089173, 0.07427573, 0.9331877)
(0.3089027, 0.07406545, 0.9330258)
(0.3086295, 0.07408333, 0.9329522)
(0.3084157, 0.0741086, 0.9328103)
(0.3081088, 0.07435799, 0.9329646)
(0.3082376, 0.07440639, 0.9330149)
(0.3084452, 0.07437754, 0.9330437)
(0.3084927, 0.0744338, 0.9331148)
(0.3086579, 0.07444811, 0.9331632)
(0.3086646, 0.07453132, 0.9330578)
(0.3086071, 0.07462001, 0.9329767)
(0.3086054, 0.07461548, 0.9326801)
(0.3086681, 0.07458973, 0.9327114)
(0.3087034, 0.0745337, 0.9326875)
(0.3083961, 0.07456827, 0.9327326)
(0.3083816, 0.07463527, 0.932837)
(0.308475, 0.07465219, 0.9328287)
(0.3081791, 0.07457924, 0.9331937)
(0.3077693, 0.07462788, 0.9334497)
(0.3077769, 0.07477689, 0.9334784)
(0.3080378, 0.07501698, 0.9332652)
(0.308269, 0.07485318, 0.9332266)
(0.3080418, 0.07471323, 0.9333212)
(0.3078606, 0.07491612, 0.9332616)
(0.3070738, 0.07496214, 0.9335625)
(0.3066921, 0.07516623, 0.9336858)
(0.3063903, 0.07520056, 0.9338479)
(0.3061922, 0.07517791, 0.9340611)
(0.3062339, 0.07510638, 0.9340725)
(0.3062866, 0.07514334, 0.9340894)
(0.3066914, 0.07524943, 0.9339499)
(0.3069851, 0.07531643, 0.9339728)
(0.307143, 0.07528281, 0.9338167)
(0.3070297, 0.07511377, 0.9339678)
(0.3068435, 0.07515526, 0.9339294)
(0.3065467, 0.07523179, 0.9338782)
(0.3062894, 0.07522559, 0.9339013)
(0.3063459, 0.0751946, 0.9339232)
(0.3064435, 0.07519507, 0.9339218)
(0.3065567, 0.0752387, 0.9338946)
(0.3066463, 0.07514691, 0.9338269)
(0.3066766, 0.07514977, 0.9338477)
(0.3066359, 0.07519317, 0.9338865)
(0.306582, 0.07511568, 0.9337699)
(0.3066483, 0.07512045, 0.9338217)
(0.3066137, 0.07508373, 0.9338951)
(0.3065491, 0.0750947, 0.9338541)
(0.306509, 0.07510686, 0.9338076)
(0.3065424, 0.07520962, 0.9337583)
(0.3064933, 0.07529926, 0.9338121)
(0.3064094, 0.07530022, 0.9337552)
(0.3062906, 0.07523966, 0.9338238)
(0.3063149, 0.07527184, 0.9339223)
(0.3062131, 0.07525396, 0.9339025)
(0.3061185, 0.07521558, 0.9340465)
(0.3060539, 0.07520795, 0.9340575)
(0.3060305, 0.07519817, 0.9340601)
(0.306211, 0.07538128, 0.9338636)
(0.3063602, 0.07524204, 0.9337754)
