(0.41014, -0.1579533, -0.004603028)
(0.4101813, -0.1579726, -0.004671097)
(0.4104047, -0.158114, -0.004760861)
(0.4106047, -0.158083, -0.004704356)
(0.4105599, -0.1582253, -0.004672766)
(0.410574, -0.1581488, -0.004659534)
(0.410671, -0.1581655, -0.004722834)
(0.4106863, -0.1582942, -0.004698277)
(0.410635, -0.1580496, -0.00439322)
(0.4103737, -0.1580727, -0.004505992)
(0.4103398, -0.1580873, -0.004442453)
(0.4102318, -0.1579585, -0.004350781)
(0.4102061, -0.157944, -0.004413605)
(0.410188, -0.1579595, -0.004436493)
(0.4100585, -0.1577673, -0.004392624)
(0.4101403, -0.1577246, -0.004396796)
(0.4100583, -0.1578894, -0.004229784)
(0.4101195, -0.1578765, -0.004155159)
(0.4098821, -0.1578887, -0.004285097)
(0.4098034, -0.1579869, -0.004241347)
(0.4099271, -0.1580782, -0.004279613)
(0.4101007, -0.1580975, -0.004273176)
(0.4101415, -0.1581297, -0.004322052)
(0.4101124, -0.1581519, -0.004360676)
(0.4100547, -0.1580913, -0.004297972)
(0.4102104, -0.1580513, -0.004404306)
(0.410507, -0.1580713, -0.004259825)
(0.41062, -0.1581371, -0.004344702)
(0.4107385, -0.1581335, -0.004617214)
(0.4108734, -0.15815, -0.004746437)
(0.4110084, -0.158097, -0.004763722)
(0.4112122, -0.1581309, -0.004738331)
(0.411303, -0.1581497, -0.004801035)
(0.4115644, -0.1581149, -0.004652977)
(0.4114242, -0.15837, -0.004234314)
(0.4112983, -0.1581545, -0.003979683)
(0.4112828, -0.1577604, -0.003534079)
(0.4112177, -0.1572168, -0.003162622)
(0.4110346, -0.1564291, -0.002769828)
(0.4105597, -0.1543772, -0.001754761)
(0.4095991, -0.1513073, -0.0005563498)
(0.4096277, -0.1479037, 7.271767E-05)
(0.4128306, -0.1418769, -0.00244081)
(0.4189274, -0.1314485, -0.002317548)
(0.4208727, -0.115335, -0.0007231236)
(0.4201608, -0.1007433, 0.0007750988)
(0.4188015, -0.08996534, 0.006868124)
(0.4185572, -0.07860398, 0.01104474)
(0.4182525, -0.06626129, 0.01689088)
(0.4182208, -0.05414653, 0.0220567)
(0.4182425, -0.04413223, 0.02890956)
(0.4183712, -0.03514004, 0.03651226)
(0.4195168, -0.02560115, 0.04286802)
(0.4194539, -0.01663661, 0.05252504)
(0.4200237, -0.00899291, 0.06140184)
(0.4216096, -0.0008940697, 0.07012177)
(0.4211144, 0.005496502, 0.08187354)
(0.4221745, 0.009880304, 0.09348011)
(0.4239993, 0.01448059, 0.1042861)
(0.4245501, 0.0183332, 0.116451)
(0.4261253, 0.01943207, 0.1292039)
(0.4279675, 0.02017927, 0.1417841)
(0.4288802, 0.02001762, 0.1572839)
(0.430007, 0.01924133, 0.1711466)
(0.4306867, 0.01677585, 0.1858518)
(0.4308245, 0.01432729, 0.2020417)
(0.431376, 0.01126862, 0.2177017)
(0.4319553, 0.008508682, 0.2330831)
(0.4329369, 0.006349564, 0.2481261)
(0.4339011, 0.004077673, 0.2619002)
(0.4341664, 0.001162767, 0.2753091)
(0.4360535, -0.001075745, 0.2882493)
(0.4374475, -0.003318787, 0.2982442)
(0.4376407, -0.007449865, 0.3092172)
(0.4395847, -0.01098347, 0.3171716)
(0.4402716, -0.01446962, 0.3243167)
(0.4393179, -0.01823306, 0.3314021)
(0.4388983, -0.01950479, 0.3390243)
(0.442214, -0.02288771, 0.3416295)
(0.4384513, -0.0246768, 0.3454709)
(0.4401896, -0.02768683, 0.3468037)
(0.4400864, -0.03065348, 0.3469501)
(0.4398694, -0.03468776, 0.3487625)
(0.4397418, -0.03587794, 0.3493569)
(0.4409845, -0.03295875, 0.3465378)
(0.4409668, -0.03228354, 0.3443592)
(0.4417408, -0.03262806, 0.3423593)
(0.4407158, -0.03305149, 0.3423789)
(0.4401324, -0.03362322, 0.3453352)
(0.4410248, -0.03417993, 0.3482981)
(0.4404476, -0.03492832, 0.3494151)
(0.4408853, -0.03580308, 0.3500757)
(0.4407411, -0.03652596, 0.3495488)
(0.4409401, -0.03701878, 0.3482335)
(0.4414895, -0.03693151, 0.3467777)
(0.4415596, -0.03693986, 0.3460555)
(0.4416857, -0.03731441, 0.3456464)
(0.4424906, -0.03716326, 0.3453279)
(0.4425631, -0.03708434, 0.3459501)
(0.4423161, -0.03714108, 0.3460546)
(0.4421089, -0.03666449, 0.3460281)
(0.4422269, -0.03680062, 0.3459892)
(0.4422417, -0.03679919, 0.3457551)
(0.4422963, -0.03709388, 0.3457205)
(0.4424405, -0.03709054, 0.3457551)
(0.4425111, -0.03710985, 0.3455753)
(0.4424818, -0.03723049, 0.3454018)
(0.4427149, -0.0372107, 0.3454282)
(0.4429562, -0.03726101, 0.3453133)
(0.4431074, -0.03747106, 0.3453276)
(0.4432092, -0.03738999, 0.3453603)
(0.4431486, -0.03739786, 0.3452473)
(0.4429739, -0.03760314, 0.3453414)
(0.4430678, -0.03747344, 0.3453965)
(0.4431171, -0.03752327, 0.3451991)
(0.4432087, -0.03760767, 0.3451595)
(0.4432869, -0.03755116, 0.3452899)
(0.4432826, -0.03747106, 0.3453188)
(0.4430096, -0.03728127, 0.3452647)
(0.4428923, -0.03703451, 0.3453116)
(0.4428124, -0.03696322, 0.3451738)
(0.4426041, -0.03701162, 0.3451595)
(0.4426346, -0.03696537, 0.345185)
(0.4426379, -0.03685951, 0.3451438)
(0.4426804, -0.03685594, 0.3451962)
(0.4425306, -0.03680015, 0.3451705)
(0.4426224, -0.03675818, 0.3450916)
(0.4425938, -0.03728056, 0.3451612)
(0.4427588, -0.03714037, 0.3454268)
(0.4432261, -0.03740287, 0.3454037)
(0.4437978, -0.03763056, 0.3454089)
(0.4441466, -0.03776383, 0.3455081)
(0.4447267, -0.03805327, 0.3454368)
(0.4453819, -0.03836226, 0.3456438)
(0.445538, -0.03820658, 0.3457961)
(0.4451334, -0.0381465, 0.3459218)
(0.4447336, -0.03826141, 0.3462734)
(0.4444704, -0.03811979, 0.3463817)
(0.4442828, -0.03794956, 0.3464072)
(0.4441736, -0.03806758, 0.346343)
(0.4442711, -0.03816175, 0.3462787)
(0.4445701, -0.03816295, 0.3460834)
(0.4446359, -0.03845549, 0.3460703)
(0.4446974, -0.03836775, 0.3461103)
(0.444514, -0.03835654, 0.3460014)
(0.4444623, -0.03849363, 0.346071)
(0.4443617, -0.0385859, 0.3460932)
(0.4445305, -0.03852081, 0.3460217)
(0.4445584, -0.03882957, 0.3458955)
(0.4445779, -0.03895926, 0.3460383)
(0.4447501, -0.03886294, 0.3463326)
(0.4450314, -0.03902221, 0.346241)
(0.4451826, -0.03922176, 0.3460906)
(0.4455452, -0.03928661, 0.3460169)
(0.4459846, -0.03949594, 0.3459299)
(0.4464183, -0.03973532, 0.3459055)
(0.4469719, -0.03985429, 0.3459916)
(0.4473026, -0.03993654, 0.3461325)
(0.4475343, -0.04007578, 0.346318)
(0.4476326, -0.04004121, 0.3464162)
(0.4477732, -0.03999949, 0.346427)
(0.4478748, -0.04006124, 0.3465576)
(0.4481363, -0.04009509, 0.3466656)
(0.4484382, -0.04010558, 0.3467746)
(0.4486856, -0.04004455, 0.3469548)
(0.448966, -0.04001904, 0.3469777)
(0.4491429, -0.03984046, 0.3470621)
(0.4491825, -0.03971219, 0.3472216)
(0.4494178, -0.03964996, 0.3477328)
(0.4496775, -0.03951597, 0.3483129)
(0.4498403, -0.03932047, 0.3489153)
(0.4501431, -0.03908491, 0.3493459)
(0.4502282, -0.03859997, 0.3498597)
(0.4502261, -0.03820992, 0.3506048)
(0.4497082, -0.03840065, 0.3522563)
(0.4496171, -0.03820229, 0.3538134)
(0.4498179, -0.03770328, 0.3551185)
(0.4502642, -0.03720593, 0.3562653)
(0.450794, -0.03661299, 0.3575752)
(0.4517539, -0.03629255, 0.3590415)
(0.4524913, -0.03571653, 0.3606663)
(0.453232, -0.03496122, 0.3628366)
(0.4543123, -0.03398228, 0.3648086)
(0.4555756, -0.03205919, 0.3671846)
(0.4570041, -0.02997303, 0.3692083)
(0.4587181, -0.02565598, 0.3709905)
(0.4596076, -0.0208571, 0.3722136)
(0.4614828, -0.01293898, 0.3702829)
(0.4653422, -0.002070427, 0.3681314)
(0.4677129, 0.009217262, 0.3650479)
(0.4704322, 0.02027607, 0.3616488)
(0.4733601, 0.0302403, 0.358346)
(0.4761966, 0.04016662, 0.3549938)
(0.4780772, 0.04932165, 0.3515723)
(0.4803321, 0.05848408, 0.3498194)
(0.4824939, 0.06809688, 0.3490105)
(0.4845004, 0.08034229, 0.3504143)
(0.4856275, 0.09256792, 0.3539135)
(0.4865398, 0.1025434, 0.3581357)
(0.4871833, 0.1101174, 0.3620846)
(0.4879898, 0.1173298, 0.3658772)
(0.4881146, 0.1232131, 0.3708427)
(0.4889989, 0.1288762, 0.3781197)
(0.4897213, 0.1336858, 0.3863211)
(0.489567, 0.1382222, 0.3933971)
(0.4903203, 0.1401892, 0.4029388)
(0.4910998, 0.1401327, 0.4124286)
(0.4905065, 0.140018, 0.4223778)
(0.4911106, 0.1389167, 0.4335721)
(0.491313, 0.1382148, 0.4443765)
(0.4914244, 0.1374993, 0.4570899)
(0.491751, 0.1347063, 0.4698622)
(0.4920022, 0.1314092, 0.4828227)
(0.4921805, 0.1293314, 0.4956908)
(0.4926136, 0.125814, 0.5100672)
(0.4928216, 0.1229835, 0.5230758)
(0.4949615, 0.1214836, 0.5342867)
(0.4934412, 0.1160483, 0.5483122)
(0.4938934, 0.1126208, 0.5599048)
(0.4944618, 0.1094372, 0.5710824)
(0.494048, 0.106586, 0.581733)
(0.4945761, 0.1052847, 0.591243)
(0.4950813, 0.1040945, 0.6007471)
(0.4949826, 0.1017504, 0.6109002)
(0.4954474, 0.09959292, 0.617583)
(0.4956453, 0.0981431, 0.6248784)
(0.4941444, 0.09585643, 0.6302395)
(0.4930855, 0.09478235, 0.636147)
(0.4969544, 0.09090304, 0.638732)
(0.4938724, 0.08843493, 0.642298)
(0.4941146, 0.08553672, 0.6443284)
(0.4940767, 0.08297443, 0.6444123)
(0.4967656, 0.08596468, 0.6418376)
(0.4993069, 0.0874908, 0.6393344)
(0.5002252, 0.0857389, 0.6358552)
(0.4988431, 0.08354044, 0.6357563)
(0.498775, 0.08360171, 0.635869)
(0.4993533, 0.08428407, 0.6370132)
(0.5001482, 0.08416247, 0.6377151)
(0.4993579, 0.08338237, 0.6383562)
(0.4988508, 0.08355808, 0.6386347)
(0.4992778, 0.0840838, 0.6388195)
(0.499553, 0.0836556, 0.6384523)
(0.4993896, 0.08344293, 0.6382544)
(0.4999566, 0.08372688, 0.6377373)
(0.4998742, 0.08339214, 0.6374202)
(0.4995304, 0.08331895, 0.6370707)
(0.499552, 0.08344674, 0.636817)
(0.4993474, 0.0834496, 0.6368599)
(0.4994111, 0.08331633, 0.6368163)
(0.4995817, 0.08341217, 0.6365898)
(0.4997658, 0.0832901, 0.6365535)
(0.500104, 0.08312178, 0.636595)
(0.5003874, 0.08309436, 0.6365449)
(0.500764, 0.08298326, 0.6366103)
(0.5007863, 0.0830574, 0.6367545)
(0.5008118, 0.08294487, 0.6368244)
(0.5006454, 0.08296657, 0.6367843)
(0.5007083, 0.08295774, 0.6367803)
(0.5006977, 0.08285952, 0.6368313)
(0.5007237, 0.08281684, 0.636883)
(0.5007815, 0.08279991, 0.6368775)
(0.5008647, 0.08282852, 0.6367576)
(0.5009809, 0.08271837, 0.6366148)
(0.5012221, 0.08270025, 0.6366434)
(0.5012169, 0.08250928, 0.6367133)
(0.5012157, 0.08257556, 0.6368334)
(0.5012524, 0.08253717, 0.6368096)
(0.5012844, 0.08256745, 0.6367991)
(0.5015206, 0.08251286, 0.6368456)
(0.5015852, 0.08246756, 0.6368053)
(0.5016733, 0.08252931, 0.6367211)
(0.5019218, 0.08247232, 0.6368222)
(0.5017691, 0.08244443, 0.6367314)
(0.501642, 0.08226228, 0.6369324)
(0.5016878, 0.0822053, 0.6369877)
(0.5016676, 0.08233666, 0.6371613)
(0.5016823, 0.08228779, 0.6370981)
(0.5017498, 0.08226514, 0.6370676)
(0.5017737, 0.08225513, 0.6370094)
(0.5016553, 0.08209682, 0.637099)
(0.5016049, 0.08208132, 0.6371336)
(0.5014024, 0.08213305, 0.6371503)
(0.5014505, 0.08225584, 0.6369848)
(0.5015897, 0.08218265, 0.6369436)
(0.5016341, 0.08216906, 0.6368818)
(0.5016805, 0.08224201, 0.6368127)
(0.501799, 0.08225894, 0.6368947)
(0.5018458, 0.08231544, 0.6369443)
(0.5018761, 0.08226371, 0.6369791)
(0.5019088, 0.08226681, 0.6369426)
(0.5019565, 0.08225989, 0.6368899)
