(0.8675847, 0.2580349, 0.09262046)
(0.8672484, 0.2580782, 0.09267841)
(0.8678619, 0.258519, 0.09294775)
(0.8686095, 0.2606365, 0.09427249)
(0.86823, 0.2616997, 0.095216)
(0.8680985, 0.2624348, 0.0958518)
(0.8690219, 0.2628163, 0.09631386)
(0.8693103, 0.2625188, 0.09699806)
(0.8697559, 0.261654, 0.09741854)
(0.8706324, 0.2604952, 0.0981859)
(0.8717507, 0.2585489, 0.09901007)
(0.8725849, 0.255236, 0.09878742)
(0.8735644, 0.2532724, 0.09891351)
(0.8755237, 0.254338, 0.1006268)
(0.8769503, 0.2559566, 0.101951)
(0.8769503, 0.2559566, 0.101951)
(0.879152, 0.2624855, 0.1062891)
(0.8800818, 0.2646857, 0.1084534)
(0.8812375, 0.2672922, 0.1108128)
(0.8825941, 0.2690107, 0.112628)
(0.8840386, 0.2688932, 0.1133202)
(0.8856401, 0.2692915, 0.1143736)
(0.8864821, 0.2690383, 0.1157167)
(0.8875799, 0.2686682, 0.1165021)
(0.8887185, 0.2680727, 0.1175286)
(0.8901765, 0.267685, 0.1191733)
(0.8914819, 0.266854, 0.1203918)
(0.8931777, 0.267561, 0.1217231)
(0.8942558, 0.2681812, 0.1234103)
(0.8951911, 0.2679049, 0.1245065)
(0.8971038, 0.269218, 0.126293)
(0.8995337, 0.2702453, 0.1284589)
(0.9019389, 0.2703604, 0.129683)
(0.9047887, 0.271869, 0.1315644)
(0.9064758, 0.2724833, 0.1330701)
(0.9081448, 0.2713208, 0.133524)
(0.9116262, 0.2721388, 0.1352677)
(0.9156851, 0.2735904, 0.1377814)
(0.9198209, 0.2740486, 0.1394338)
(0.922939, 0.2751628, 0.1416868)
(0.9255002, 0.2778879, 0.1453267)
(0.9276364, 0.2795933, 0.147666)
(0.9286677, 0.2827471, 0.1511984)
(0.9293625, 0.2864459, 0.1556457)
(0.9310065, 0.2891522, 0.1590926)
(0.9341219, 0.2932764, 0.163261)
(0.941364, 0.3006454, 0.1697245)
(0.947905, 0.3074405, 0.1751829)
(0.952593, 0.313441, 0.179897)
(0.9560155, 0.319671, 0.1848812)
(0.9596275, 0.3250196, 0.1889853)
(0.9639285, 0.3306212, 0.1932923)
(0.9690214, 0.3349416, 0.1968545)
(0.9739754, 0.3384426, 0.1996274)
(0.978525, 0.3406123, 0.2014544)
(0.9814555, 0.3425249, 0.2038431)
(0.9820949, 0.3436498, 0.2055094)
(0.9825279, 0.3459317, 0.2081079)
(0.9820002, 0.3457758, 0.2086173)
(0.9834747, 0.3445386, 0.2080773)
(0.9853694, 0.3439248, 0.2084345)
(0.991125, 0.3465768, 0.2112684)
(0.9958519, 0.3482718, 0.2128445)
(1.000682, 0.3477399, 0.2123313)
(1.005792, 0.3464471, 0.2111005)
(1.009279, 0.3475578, 0.2113985)
(1.011849, 0.3494425, 0.212957)
(1.011113, 0.350414, 0.214043)
(1.011921, 0.349985, 0.2138994)
(1.013259, 0.3500808, 0.214437)
(1.016096, 0.3491958, 0.2142179)
(1.018938, 0.3472121, 0.2126053)
(1.02073, 0.3462776, 0.2119114)
(1.021907, 0.3461445, 0.2124528)
(1.022711, 0.3447354, 0.2114566)
(1.023873, 0.3440921, 0.2110793)
(1.025705, 0.3439997, 0.2118598)
(1.028603, 0.344107, 0.2117948)
(1.031444, 0.3441879, 0.2117599)
(1.033537, 0.3438983, 0.2114912)
(1.034983, 0.3429354, 0.2107214)
(1.03441, 0.3426358, 0.2103966)
(1.034588, 0.3437627, 0.2111957)
(1.035331, 0.3442179, 0.2114542)
(1.036729, 0.3443576, 0.2115028)
(1.03813, 0.3432885, 0.2106299)
(1.038913, 0.3412417, 0.2085655)
(1.03828, 0.3384524, 0.205931)
(1.037153, 0.3362465, 0.2038315)
(1.035342, 0.3338657, 0.2013689)
(1.03338, 0.3312826, 0.1985934)
(1.030709, 0.3278901, 0.194965)
(1.029471, 0.3250072, 0.1920233)
(1.028084, 0.3222998, 0.1890145)
(1.02399, 0.3170961, 0.1830968)
(1.019929, 0.3124608, 0.17774)
(1.015321, 0.3060626, 0.1705526)
(1.01294, 0.3020159, 0.1654728)
(1.010951, 0.2973567, 0.1596087)
(1.009479, 0.2922836, 0.1532583)
(1.007473, 0.2868594, 0.1461863)
(1.00456, 0.2818008, 0.138925)
(1.001406, 0.2780682, 0.1331831)
(0.9976185, 0.2750595, 0.1281474)
(0.9953645, 0.2720504, 0.1228551)
(0.9965597, 0.2700428, 0.1191539)
(1.001456, 0.2687287, 0.1155543)
(1.005619, 0.2681866, 0.1121002)
(1.009013, 0.2705553, 0.111025)
(1.007823, 0.2725549, 0.1102872)
(1.00411, 0.2732404, 0.1086335)
(1.002166, 0.2723579, 0.1056503)
(0.9959009, 0.271271, 0.1043706)
(0.9918043, 0.2716818, 0.1044631)
(0.9890842, 0.2684182, 0.1015863)
(0.9888361, 0.2648174, 0.09812145)
(0.9890534, 0.2632787, 0.09604941)
(0.9880566, 0.2610571, 0.09347133)
(0.9860788, 0.2599185, 0.09140496)
(0.9819949, 0.259883, 0.08997503)
(0.9760336, 0.2584642, 0.08721614)
(0.9685262, 0.2559838, 0.08359303)
(0.9622302, 0.2527952, 0.08057363)
(0.9561635, 0.2474573, 0.07704356)
(0.9527462, 0.2378581, 0.07100213)
(0.9505841, 0.2291207, 0.0649377)
(0.9518035, 0.2175103, 0.05775793)
(0.9570889, 0.2100368, 0.0528712)
(0.963243, 0.2091431, 0.05354533)
(0.9676725, 0.2105221, 0.05700937)
(0.969929, 0.2160415, 0.06459203)
(0.9688743, 0.2151116, 0.06613617)
(0.9645181, 0.2146571, 0.06827656)
(0.9600573, 0.2140384, 0.07061484)
(0.9589668, 0.2136618, 0.07288663)
(0.957965, 0.2127343, 0.07502874)
(0.9588366, 0.2120952, 0.07682252)
(0.9591712, 0.2101013, 0.07711375)
(0.9580088, 0.2082539, 0.07749479)
(0.9554725, 0.2068967, 0.07818694)
(0.9536281, 0.2061785, 0.07936273)
(0.9527829, 0.2054049, 0.08061268)
(0.9543338, 0.2041403, 0.08114805)
(0.9572605, 0.2031498, 0.08099488)
(0.9592546, 0.2032988, 0.08169443)
(0.9611492, 0.2040276, 0.08233799)
(0.9613423, 0.2058963, 0.0833217)
(0.9596384, 0.2088588, 0.08507513)
(0.95764, 0.2108159, 0.08594688)
(0.9569654, 0.2122662, 0.08639592)
(0.9569141, 0.2145253, 0.08695999)
(0.9580014, 0.2164477, 0.08732659)
(0.9588122, 0.2175724, 0.08707862)
(0.9601467, 0.2176999, 0.08576106)
(0.9613158, 0.2175891, 0.08449461)
(0.9620353, 0.2165632, 0.08262004)
(0.9628352, 0.2159146, 0.08137131)
(0.9647201, 0.214213, 0.07993267)
(0.9666877, 0.2135456, 0.07866782)
(0.9690591, 0.2117712, 0.07649864)
(0.971208, 0.2105411, 0.07435627)
(0.9722883, 0.2100705, 0.07250351)
(0.9733168, 0.2096706, 0.07078165)
(0.9734989, 0.210009, 0.06929)
(0.9732814, 0.21063, 0.06788748)
(0.9732375, 0.2106235, 0.06601312)
(0.974508, 0.211004, 0.06425852)
(0.9759851, 0.2109294, 0.06238841)
(0.9770867, 0.2086596, 0.05874597)
(0.9773455, 0.2083955, 0.05686625)
(0.9771886, 0.2093776, 0.05623836)
(0.9767951, 0.2086209, 0.05417417)
(0.97675, 0.2066795, 0.05183522)
(0.9773408, 0.2053962, 0.0500093)
(0.977662, 0.2038378, 0.04807356)
(0.977314, 0.2016239, 0.04558799)
(0.9768921, 0.2000812, 0.04361997)
(0.9752426, 0.1995443, 0.04269543)
(0.9727923, 0.1992511, 0.04164599)
(0.970518, 0.1991007, 0.04065606)
(0.969189, 0.1996676, 0.04058137)
(0.9677799, 0.2006326, 0.04118726)
(0.965872, 0.2013773, 0.04149068)
(0.9639949, 0.2017718, 0.04181831)
(0.9622331, 0.201321, 0.04213041)
(0.9604623, 0.2005248, 0.04191348)
(0.9584203, 0.1985919, 0.04140642)
(0.9558969, 0.1977031, 0.04204116)
(0.9527036, 0.19941, 0.04517722)
(0.9489741, 0.2012836, 0.04859659)
(0.9433581, 0.2058294, 0.05458175)
(0.9395649, 0.2075182, 0.05777923)
(0.9356395, 0.207698, 0.06140655)
(0.9340169, 0.2079717, 0.06503798)
(0.9325631, 0.2078747, 0.06783005)
(0.9318471, 0.2059224, 0.07058602)
(0.9313118, 0.2046843, 0.07416113)
(0.9314992, 0.2033437, 0.07795084)
(0.9311132, 0.2011562, 0.08079762)
(0.9307866, 0.1985375, 0.08306897)
(0.9307083, 0.1976725, 0.08586791)
(0.9318083, 0.1968414, 0.08782507)
(0.9326541, 0.1967271, 0.08966129)
(0.9320789, 0.1979068, 0.09245992)
(0.9297931, 0.2038611, 0.09856977)
(0.92747, 0.2094306, 0.1045513)
(0.9248577, 0.2147965, 0.1087237)
(0.9236282, 0.2170321, 0.1110368)
(0.922878, 0.218971, 0.1118085)
(0.9213457, 0.2211508, 0.1125568)
(0.9175702, 0.2237546, 0.113551)
(0.9175702, 0.2237546, 0.113551)
(0.9067017, 0.2346322, 0.120125)
(0.9009559, 0.2436264, 0.1267495)
(0.8968058, 0.2525138, 0.1338518)
(0.8961262, 0.2598459, 0.1390394)
(0.8965986, 0.2670402, 0.1437296)
(0.9045353, 0.2722746, 0.1446964)
(0.9092993, 0.2790809, 0.1468414)
(0.9146965, 0.2895731, 0.1508782)
(0.9163649, 0.3001828, 0.1562491)
(0.9162135, 0.3081396, 0.1605328)
(0.9134057, 0.3164133, 0.1665646)
(0.9101327, 0.323298, 0.1710521)
(0.9097584, 0.3309083, 0.1751234)
(0.9113229, 0.3394213, 0.1795932)
(0.914101, 0.3441437, 0.1806846)
(0.9155396, 0.3495796, 0.1829652)
(0.9163651, 0.3543386, 0.1844556)
(0.9156511, 0.3600718, 0.1869008)
(0.915453, 0.3651001, 0.1889398)
(0.9155902, 0.3693117, 0.1907577)
(0.9173821, 0.3732583, 0.1925879)
(0.9198879, 0.3761125, 0.1931562)
(0.9221414, 0.3783274, 0.1932104)
(0.9247792, 0.380794, 0.1943581)
(0.9268634, 0.3841803, 0.196326)
(0.9285023, 0.3867383, 0.1984038)
(0.9293583, 0.3877278, 0.1994698)
(0.9299271, 0.3889383, 0.2005901)
(0.9300682, 0.3891073, 0.2014696)
(0.9306912, 0.3893284, 0.2026855)
(0.9316702, 0.3905309, 0.2046878)
(0.9323415, 0.3907148, 0.2057538)
(0.9336081, 0.3891754, 0.2061166)
(0.9345521, 0.388342, 0.2069235)
(0.9356941, 0.3872485, 0.2076797)
(0.9379692, 0.3863162, 0.2085295)
(0.9389721, 0.3845386, 0.2089326)
(0.9403695, 0.3819478, 0.2085741)
(0.9413837, 0.3806553, 0.2093663)
(0.9423975, 0.3783259, 0.2098292)
(0.9436449, 0.3762149, 0.2102566)
(0.9447388, 0.3747536, 0.2114738)
(0.9458433, 0.3728241, 0.2122491)
(0.9469132, 0.3706203, 0.2122632)
(0.9476966, 0.3685057, 0.2126192)
(0.9479325, 0.3659707, 0.2123948)
(0.9470485, 0.3636706, 0.212195)
(0.9459178, 0.3609993, 0.2114929)
(0.9465138, 0.3591732, 0.2117697)
(0.9476376, 0.3570337, 0.2113285)
(0.9499261, 0.3545227, 0.2096233)
(0.9507468, 0.3513384, 0.2076465)
(0.9501002, 0.3486388, 0.2056533)
(0.9481299, 0.345902, 0.2036082)
(0.9461532, 0.3428009, 0.2018735)
(0.9430469, 0.3372739, 0.1984899)
(0.9421501, 0.3310625, 0.1942928)
(0.9434825, 0.3241864, 0.1886764)
(0.944126, 0.3177192, 0.1826531)
(0.9424354, 0.311339, 0.1763486)
(0.9401342, 0.3048596, 0.1699767)
(0.9360468, 0.2978074, 0.1619696)
(0.9322737, 0.290734, 0.1534653)
(0.9284208, 0.2851156, 0.1466834)
(0.9250014, 0.2814296, 0.1422704)
(0.9251144, 0.2767494, 0.1366064)
(0.9289801, 0.2704141, 0.1297061)
(0.9310778, 0.2641931, 0.1230965)
(0.933411, 0.2595285, 0.1171246)
(0.9337337, 0.2552646, 0.1117701)
(0.9330938, 0.2521262, 0.1085001)
(0.9291115, 0.2510315, 0.107509)
(0.9237141, 0.24781, 0.1052358)
(0.912869, 0.2397796, 0.1020442)
(0.9074726, 0.2345309, 0.09989163)
(0.9045827, 0.2293306, 0.09843509)
(0.9020408, 0.2226604, 0.09535494)
(0.9028225, 0.213498, 0.09056648)
(0.9031641, 0.20637, 0.08697733)
(0.9049916, 0.1986652, 0.08207957)
(0.9067072, 0.1888579, 0.07541758)
(0.9065185, 0.1809569, 0.0707058)
(0.9056529, 0.1744447, 0.06737621)
(0.9041111, 0.170756, 0.06729607)
(0.9035761, 0.167342, 0.0675398)
(0.9038445, 0.1630543, 0.0666024)
(0.9085783, 0.1610988, 0.06647416)
(0.9127864, 0.1588984, 0.06673976)
(0.9169039, 0.1568207, 0.06667781)
(0.9184773, 0.1546401, 0.06578597)
(0.9157619, 0.1531206, 0.06552657)
(0.9114229, 0.152395, 0.06597199)
(0.9091429, 0.1509797, 0.06556878)
(0.9086605, 0.1490656, 0.06448879)
(0.9094671, 0.1460952, 0.0621735)
(0.9118289, 0.1419252, 0.05835982)
(0.9125385, 0.1393208, 0.0559932)
(0.9126684, 0.1380343, 0.05408554)
(0.9119132, 0.1392701, 0.05329085)
(0.911888, 0.1399609, 0.05232301)
(0.9129592, 0.1401092, 0.05086499)
(0.9138544, 0.1397306, 0.04900337)
(0.9141741, 0.1409114, 0.04788234)
(0.9141456, 0.1421077, 0.04693535)
(0.9138826, 0.143018, 0.04583748)
(0.9135354, 0.1445335, 0.04503861)
(0.9127987, 0.1462467, 0.04434413)
(0.9116303, 0.1470363, 0.0424063)
(0.9110995, 0.1481381, 0.04121661)
(0.9113027, 0.1495162, 0.04040686)
(0.9115925, 0.1496916, 0.03917874)
(0.911883, 0.1494733, 0.03770111)
(0.9118174, 0.1489529, 0.03599237)
(0.9122269, 0.1466794, 0.03352132)
(0.9122498, 0.1459344, 0.03160326)
(0.9122522, 0.1446084, 0.02955434)
(0.9123726, 0.143697, 0.02780487)
(0.9126234, 0.1428628, 0.02637552)
(0.9127451, 0.1423728, 0.02512414)
(0.9130331, 0.1424571, 0.02411124)
(0.9136091, 0.1428002, 0.0231264)
(0.9135555, 0.142638, 0.02159708)
(0.9144809, 0.144484, 0.02131341)
(0.9152022, 0.1450297, 0.01994109)
(0.9167902, 0.1446042, 0.01767231)
(0.9183553, 0.1449198, 0.01579058)
(0.9183536, 0.1450727, 0.01417393)
(0.9179708, 0.1449975, 0.01261609)
(0.9181898, 0.1453861, 0.01133307)
(0.9178804, 0.1465409, 0.01041388)
(0.9173412, 0.1477819, 0.009199466)
(0.9163512, 0.1490625, 0.007870203)
(0.915248, 0.1508167, 0.006978939)
(0.9140351, 0.1528423, 0.006157611)
(0.9130301, 0.1535517, 0.004215621)
(0.9116798, 0.1550445, 0.002935272)
(0.9099493, 0.1566824, 0.001691964)
(0.9071209, 0.1582426, 0.000348517)
(0.9041537, 0.1612891, 1.990514E-05)
(0.9017264, 0.164962, 0.0001061749)
(0.9012539, 0.1688406, 0.0005510618)
(0.9009523, 0.1730596, 0.001090208)
(0.8996632, 0.1777853, 0.00219977)
(0.8966987, 0.1835359, 0.004724281)
(0.8938859, 0.1899474, 0.007322926)
(0.8916419, 0.1948634, 0.009061565)
(0.8910574, 0.199199, 0.01033958)
(0.8901448, 0.204411, 0.01305609)
(0.8880315, 0.2083907, 0.01499754)
(0.8872395, 0.2116904, 0.01647553)
(0.8874404, 0.2160231, 0.01889273)
(0.8891017, 0.2189314, 0.02075311)
(0.8883641, 0.2213915, 0.02231996)
(0.8851727, 0.225069, 0.02450154)
(0.8810204, 0.2276784, 0.0266213)
(0.8757553, 0.2275999, 0.02725142)
(0.8721045, 0.2270523, 0.02735681)
(0.8701769, 0.2254856, 0.02703068)
(0.8704302, 0.2223319, 0.02581264)
(0.8709461, 0.2203847, 0.02500939)
(0.8739812, 0.2174253, 0.02386251)
(0.8779993, 0.215052, 0.02374116)
(0.8793263, 0.2137748, 0.02414172)
(0.8803028, 0.213445, 0.02602717)
(0.8806976, 0.2126409, 0.02769327)
(0.8811543, 0.2115522, 0.02894594)
(0.8825153, 0.2091186, 0.02924771)
(0.884367, 0.2067431, 0.02965972)
(0.8851086, 0.2049951, 0.03019794)
(0.8843593, 0.2029993, 0.03081793)
(0.8821002, 0.2010231, 0.03096851)
(0.8814471, 0.1993776, 0.03138519)
(0.8813663, 0.1982886, 0.03176113)
(0.881305, 0.1974706, 0.03243462)
(0.8811791, 0.1978411, 0.03400468)
(0.8817254, 0.1988217, 0.03597423)
(0.8831131, 0.1999232, 0.03729628)
(0.8837609, 0.2009705, 0.03892539)
(0.8858505, 0.2046833, 0.04241871)
(0.8868907, 0.207352, 0.04461057)
(0.8874088, 0.2092593, 0.04687284)
(0.8875641, 0.2133782, 0.05050911)
(0.8874363, 0.215633, 0.05285208)
(0.8870317, 0.2174417, 0.05517483)
(0.8872223, 0.2197172, 0.05766971)
(0.8872223, 0.2197172, 0.05766971)
(0.8878682, 0.2232943, 0.06161425)
(0.8882036, 0.2247455, 0.06360439)
(0.8882623, 0.226233, 0.06541873)
(0.8880874, 0.2283272, 0.06774473)
(0.8879068, 0.22972, 0.06943068)
(0.8880227, 0.2314836, 0.07148494)
(0.8882331, 0.2330653, 0.0733256)
(0.8890114, 0.2346472, 0.07510221)
(0.8901573, 0.2358299, 0.07682602)
(0.8908823, 0.2376867, 0.07915042)
(0.8918453, 0.2382699, 0.08054324)
(0.8935349, 0.2389239, 0.08234581)
(0.894533, 0.239573, 0.08417197)
(0.8948868, 0.2398884, 0.08518028)
(0.8958945, 0.2405885, 0.08634558)
(0.8955078, 0.2407424, 0.08734225)
(0.8960106, 0.24086, 0.08801037)
(0.8969812, 0.2419347, 0.0895228)
(0.897373, 0.2422917, 0.0906399)
(0.8980324, 0.2425062, 0.09164569)
(0.899834, 0.2432081, 0.09270699)
(0.9007457, 0.2441014, 0.09393381)
(0.9017534, 0.2443811, 0.09446031)
(0.9024881, 0.2454028, 0.09561969)
(0.9030061, 0.2464961, 0.09704696)
(0.9031708, 0.2469889, 0.09755727)
(0.9034032, 0.2473481, 0.09815969)
(0.9033458, 0.2484102, 0.09917981)
(0.9033908, 0.2492661, 0.1001473)
(0.9035922, 0.249926, 0.1007777)
(0.9038947, 0.2510641, 0.1019991)
(0.9045988, 0.2520162, 0.1030971)
(0.9053259, 0.2520928, 0.1035191)
(0.9057388, 0.252824, 0.1045153)
(0.9060096, 0.2534618, 0.1053593)
(0.9066267, 0.2532759, 0.1056505)
(0.9069578, 0.2535881, 0.1062102)
(0.9076238, 0.2537967, 0.1067586)
(0.908186, 0.2530396, 0.1064308)
(0.9083118, 0.2528452, 0.1066563)
(0.9085314, 0.2523661, 0.1066206)
(0.9094822, 0.2513444, 0.1062783)
(0.9100866, 0.2511514, 0.106157)
(0.9104328, 0.2508459, 0.1060259)
