(310.6499, 313.0071, 357.7446)
(310.2823, 313.9515, 356.7668)
(309.5726, 315.4657, 355.0387)
(308.6537, 316.7631, 353.457)
(308.2278, 317.9738, 352.0238)
(307.9308, 319.1579, 350.592)
(307.8844, 320.1237, 349.1708)
(307.7531, 320.9848, 347.827)
(306.5804, 322.3683, 345.3744)
(306.5804, 322.3683, 345.3744)
(306.047, 323.1624, 344.2834)
(305.3568, 324.8434, 342.5021)
(304.6519, 326.5961, 340.6985)
(304.2481, 328.1636, 339.0021)
(303.9881, 329.3146, 337.7113)
(303.9511, 329.8689, 336.8693)
(304.0468, 330.2232, 336.1368)
(304.9547, 330.3454, 335.1597)
(305.0549, 331.1106, 333.1396)
(304.6267, 331.7491, 331.397)
(304.3903, 332.2064, 329.9005)
(305.0349, 332.3078, 328.9351)
(305.7155, 332.3614, 327.5216)
(305.7155, 332.3614, 327.5216)
(305.5031, 331.0364, 328.8992)
(305.2241, 330.0316, 329.782)
(305.0787, 328.3641, 331.519)
(305.4181, 327.3868, 332.3097)
(305.7518, 327.464, 331.738)
(305.7818, 327.7215, 330.663)
(306.2964, 326.8449, 330.4698)
(306.4472, 325.6688, 330.9591)
(306.1126, 323.8006, 332.9324)
(308.2364, 321.1254, 335.8392)
(310.5363, 318.8584, 338.0358)
(310.3809, 317.609, 339.1851)
(306.9969, 315.0802, 341.4005)
(306.9969, 315.0802, 341.4005)
(307.0969, 311.2054, 345.0621)
(307.9217, 308.2829, 347.2718)
(308.5679, 305.5826, 348.6991)
