(0.8536136, 6.105918, 0.2421832)
(0.8538065, 6.106501, 0.2416794)
(0.8540393, 6.106697, 0.2408365)
(0.8541845, 6.10667, 0.2393446)
(0.8548402, 6.106848, 0.2377595)
(0.855685, 6.107252, 0.2358643)
(0.8562126, 6.108195, 0.2347228)
(0.8567141, 6.108681, 0.2334834)
(0.8575156, 6.111284, 0.2330368)
(0.8583658, 6.110363, 0.2309436)
(0.8594983, 6.109711, 0.229663)
(0.8613162, 6.10887, 0.2274625)
(0.8618588, 6.109181, 0.2249774)
(0.8634705, 6.109284, 0.222917)
(0.8647274, 6.109241, 0.2202083)
(0.8650184, 6.109334, 0.2158386)
(0.8661201, 6.113034, 0.2157597)
(0.8662844, 6.116961, 0.2165121)
(0.8662438, 6.119942, 0.2156952)
(0.8670312, 6.123233, 0.2153678)
(0.8689238, 6.126716, 0.2151419)
(0.8698465, 6.129313, 0.2142696)
(0.8707716, 6.131916, 0.2133999)
(0.884981, 6.139553, 0.2125373)
(0.8952678, 6.145048, 0.2108238)
(0.900978, 6.148786, 0.2098607)
(0.9060647, 6.152403, 0.2089512)
(0.9091042, 6.150694, 0.2075162)
(0.9128507, 6.150733, 0.2064638)
(0.9137779, 6.151536, 0.2076308)
(0.9172759, 6.153409, 0.2076521)
(0.9191114, 6.155011, 0.207988)
(0.9211695, 6.154953, 0.2068685)
(0.9203445, 6.154062, 0.2054246)
(0.9209577, 6.153336, 0.2033668)
(0.9201523, 6.152609, 0.2010524)
(0.92164, 6.152253, 0.1986637)
(0.9231594, 6.152309, 0.1970562)
(0.9246835, 6.152363, 0.1954408)
(0.9283199, 6.15627, 0.198516)
(0.9300445, 6.158449, 0.1995295)
(0.9312299, 6.160771, 0.2003243)
(0.9328876, 6.160359, 0.1984282)
(0.9346266, 6.160171, 0.1961655)
(0.9361438, 6.16047, 0.1948384)
(0.9381696, 6.161592, 0.1942711)
(0.9425133, 6.16186, 0.1929213)
(0.9438631, 6.16278, 0.1926756)
(0.9436054, 6.166329, 0.1979484)
(0.9444351, 6.169163, 0.1992897)
(0.9482339, 6.168183, 0.1975402)
(0.9470136, 6.173194, 0.2025142)
(0.9465728, 6.174821, 0.2040763)
(0.9492081, 6.180346, 0.2085778)
(0.9497136, 6.182908, 0.208686)
(0.9518805, 6.186168, 0.2106199)
(0.9538445, 6.188556, 0.2105911)
(0.9548508, 6.187805, 0.2083861)
(0.9539149, 6.19118, 0.2118828)
(0.9537511, 6.194496, 0.2147463)
(0.9534448, 6.194973, 0.2133752)
(0.9544657, 6.197347, 0.2156257)
(0.9567101, 6.201286, 0.2187218)
(0.9561918, 6.202764, 0.2190476)
(0.9544976, 6.20468, 0.2216991)
(0.9548073, 6.20617, 0.2224269)
(0.953576, 6.207051, 0.222222)
(0.9524297, 6.208926, 0.2227351)
(0.9526917, 6.211331, 0.2243649)
(0.9526296, 6.214592, 0.2271101)
(0.9529182, 6.217278, 0.2294722)
(0.9521739, 6.217983, 0.2296837)
(0.9493206, 6.216849, 0.2295187)
(0.9462342, 6.216895, 0.2293)
(0.9418128, 6.21878, 0.2310755)
(0.9391915, 6.221625, 0.233649)
(0.9375964, 6.223122, 0.2328912)
(0.936631, 6.224289, 0.2340327)
(0.9318331, 6.223372, 0.2377472)
(0.9229683, 6.219228, 0.2374917)
(0.9117646, 6.209476, 0.2304206)
(0.9050483, 6.206874, 0.2255792)
(0.8996617, 6.21759, 0.2274635)
(0.8965144, 6.228401, 0.2289167)
(0.8939835, 6.231133, 0.2263569)
(0.892132, 6.22478, 0.2200556)
(0.8903541, 6.22172, 0.2171517)
(0.8907409, 6.216049, 0.2154064)
(0.8921296, 6.20892, 0.2115456)
(0.8973656, 6.197165, 0.2049834)
(0.9017093, 6.183206, 0.1979456)
(0.9069358, 6.168981, 0.1926861)
(0.9117329, 6.157137, 0.1905679)
(0.9160937, 6.14617, 0.188938)
(0.9250574, 6.139121, 0.1936953)
(0.932992, 6.131765, 0.1965059)
(0.9405247, 6.125963, 0.2006733)
(0.9421987, 6.118364, 0.2010532)
(0.9433588, 6.112423, 0.2017391)
(0.9450115, 6.108552, 0.2044709)
(0.9454382, 6.107809, 0.2100765)
(0.9481668, 6.1052, 0.2155155)
(0.9515027, 6.099771, 0.2180158)
(0.9544688, 6.092431, 0.2167275)
(0.9554001, 6.086917, 0.216094)
(0.9547639, 6.082924, 0.2160622)
(0.9544283, 6.080907, 0.2181741)
(0.9543756, 6.08106, 0.2196499)
(0.9549961, 6.079484, 0.2207762)
(0.9560239, 6.076424, 0.2201481)
(0.9577984, 6.072422, 0.2195563)
(0.9583596, 6.068948, 0.2192818)
(0.9581239, 6.065989, 0.2195443)
(0.9582142, 6.063059, 0.2180975)
(0.9576167, 6.058424, 0.2150904)
(0.9596784, 6.058236, 0.2163752)
(0.9601501, 6.056727, 0.2163813)
(0.9610275, 6.054982, 0.2166344)
(0.9617149, 6.053479, 0.2178787)
(0.9626563, 6.050365, 0.2177078)
(0.9630759, 6.04596, 0.2163393)
(0.963389, 6.044629, 0.2166492)
(0.9633076, 6.043601, 0.2173001)
(0.963002, 6.044655, 0.2200061)
(0.9629594, 6.045093, 0.2230103)
(0.9636238, 6.044132, 0.2244467)
(0.9651197, 6.042913, 0.2258229)
(0.9668969, 6.041568, 0.2273298)
(0.9693816, 6.039176, 0.2277983)
(0.9713861, 6.036874, 0.2275434)
(0.972403, 6.034257, 0.2276659)
(0.9732201, 6.032372, 0.2280954)
(0.9718417, 6.031841, 0.2287597)
(0.9710869, 6.03227, 0.2311997)
(0.9713317, 6.030207, 0.2315472)
(0.9729319, 6.021629, 0.2280059)
(0.9743499, 6.016337, 0.2268915)
(0.9740949, 6.010483, 0.2256534)
(0.9731593, 6.006278, 0.223272)
(0.9728308, 6.00364, 0.2216826)
(0.9727365, 5.999683, 0.2202881)
(0.9701018, 5.998383, 0.2179601)
(0.9702368, 5.997123, 0.2196435)
(0.971121, 5.997205, 0.2237221)
(0.9719404, 5.995048, 0.2246923)
(0.9727648, 5.992368, 0.2249123)
(0.9729355, 5.990086, 0.2252835)
(0.9743769, 5.975985, 0.2141099)
(0.9702516, 5.990057, 0.2270746)
(0.9685631, 5.995787, 0.23365)
(0.9668815, 6.010825, 0.2490676)
(0.9674115, 6.017245, 0.2571198)
(0.9703487, 6.017819, 0.2601939)
(0.9710473, 6.021307, 0.2651292)
(0.9711301, 6.027884, 0.2727275)
(0.9679983, 6.037604, 0.2834651)
(0.964235, 6.051368, 0.2968243)
(0.9615697, 6.060913, 0.3062714)
(0.9585837, 6.074369, 0.3187897)
(0.9539984, 6.088899, 0.3287021)
(0.9488308, 6.097498, 0.3344276)
(0.9450437, 6.107032, 0.3418269)
(0.9430704, 6.107597, 0.3365104)
(0.942769, 6.111383, 0.3361254)
(0.9461202, 6.113685, 0.3330194)
(0.9452029, 6.119962, 0.3354724)
(0.9443524, 6.125717, 0.3377138)
(0.9600052, 6.133185, 0.3189284)
(0.9580255, 6.142716, 0.3190776)
(0.9589971, 6.151475, 0.3190849)
(0.9599087, 6.160417, 0.319144)
(0.9562003, 6.168295, 0.3232546)
(0.9602326, 6.173806, 0.3208503)
(0.9621133, 6.176234, 0.3193407)
(0.9629985, 6.180867, 0.3181784)
(0.9647678, 6.186135, 0.3165414)
(0.9653091, 6.185679, 0.3114712)
(0.9656147, 6.18742, 0.3080745)
(0.9663955, 6.193223, 0.3089758)
(0.9652801, 6.200088, 0.3110847)
(0.9656612, 6.205439, 0.3118212)
(0.9673103, 6.21, 0.3115758)
(0.9667678, 6.213559, 0.3104522)
(0.9645939, 6.219706, 0.3104395)
(0.9630474, 6.225508, 0.3118484)
(0.9613398, 6.230232, 0.3121059)
(0.9601576, 6.23411, 0.3117207)
(0.960742, 6.237958, 0.3114212)
(0.9606075, 6.242364, 0.3120974)
(0.9600922, 6.247275, 0.3127892)
(0.9586938, 6.252184, 0.3137784)
(0.9568648, 6.257047, 0.314601)
(0.9529618, 6.262318, 0.3151774)
(0.9503047, 6.266657, 0.3147454)
(0.9485669, 6.268451, 0.3119824)
(0.9477394, 6.270924, 0.3100106)
(0.945907, 6.274722, 0.3090334)
(0.9448444, 6.279263, 0.3093408)
(0.9431778, 6.28263, 0.308461)
(0.941771, 0.0001321296, 0.3054258)
(0.9400685, 0.0008807041, 0.3022806)
(0.9377781, 0.002447741, 0.3001667)
(0.9344972, 0.003244419, 0.2984735)
(0.9320152, 0.003817877, 0.2964936)
(0.9293017, 0.002593627, 0.2933828)
(0.9264231, 0.001637734, 0.290196)
(0.923347, 0.001378043, 0.288248)
(0.9207897, 0.001145303, 0.286785)
(0.9196723, 0.0007773383, 0.2865283)
(0.9186497, -2.598952E-05, 0.2865703)
(0.9169926, 5.52598E-05, 0.2879061)
(0.9146196, 6.483468E-05, 0.2891543)
(0.9119394, -5.808697E-05, 0.2923661)
(0.9092411, 6.282581, 0.2940999)
(0.9072096, 6.281943, 0.2971756)
(0.9032985, 6.280516, 0.2990909)
(0.8990799, 6.278952, 0.3007788)
(0.894528, 6.277261, 0.302881)
(0.8909281, 6.275417, 0.3051076)
(0.8878483, 6.27244, 0.3073578)
(0.8845404, 6.269644, 0.3095523)
(0.8812382, 6.265294, 0.3100432)
(0.879015, 6.259254, 0.3053944)
(0.8746926, 6.257789, 0.3008251)
(0.8704471, 6.25884, 0.3001072)
(0.867869, 6.259405, 0.3014926)
(0.8668206, 6.259674, 0.3040246)
(0.8633319, 6.259154, 0.304729)
(0.8589234, 6.257719, 0.303979)
(0.8543865, 6.254572, 0.302059)
(0.8507807, 6.251911, 0.300107)
(0.8484357, 6.24814, 0.2967891)
(0.8466814, 6.245072, 0.2935424)
(0.8446272, 6.242906, 0.2908147)
(0.84273, 6.240349, 0.2884091)
(0.842599, 6.237394, 0.2866613)
(0.8434917, 6.234749, 0.2853365)
(0.8434761, 6.234082, 0.2857785)
(0.8437753, 6.23317, 0.2862324)
(0.844456, 6.232908, 0.2877531)
(0.8451173, 6.230941, 0.2882084)
(0.846015, 6.229115, 0.2881691)
(0.8448793, 6.227226, 0.288338)
(0.8434424, 6.225881, 0.2882219)
(0.841998, 6.223461, 0.2856639)
(0.8411847, 6.220487, 0.2830414)
(0.8401982, 6.217094, 0.2794702)
(0.8398065, 6.214063, 0.277028)
(0.8381039, 6.211539, 0.2746844)
(0.8370505, 6.209732, 0.2736396)
(0.8358623, 6.208273, 0.2724801)
(0.8350565, 6.207598, 0.2714781)
(0.8342181, 6.206031, 0.269729)
(0.8338502, 6.204161, 0.2677087)
(0.8331168, 6.202875, 0.2663652)
(0.8320268, 6.202117, 0.2659606)
(0.8314512, 6.201287, 0.2652507)
(0.8306866, 6.20066, 0.26444)
(0.829752, 6.199853, 0.2632882)
(0.8291095, 6.198262, 0.261667)
(0.829854, 6.194825, 0.2588198)
(0.8305426, 6.19297, 0.257616)
(0.8302429, 6.192387, 0.2571131)
(0.8312964, 6.19108, 0.2556457)
(0.8319826, 6.187006, 0.2522846)
(0.8318775, 6.183286, 0.2494355)
(0.8319563, 6.18116, 0.2479591)
(0.832031, 6.179302, 0.2466686)
(0.8332087, 6.177443, 0.245432)
(0.8339936, 6.175005, 0.2437383)
(0.8341822, 6.1735, 0.2429329)
(0.8343682, 6.17199, 0.2424849)
(0.8347923, 6.170445, 0.2421421)
(0.8358423, 6.169106, 0.2416901)
(0.8366051, 6.168093, 0.2412063)
(0.8372566, 6.167052, 0.2406072)
(0.8376836, 6.1665, 0.2401976)
(0.8380549, 6.16578, 0.2397947)
(0.8383769, 6.164893, 0.239418)
(0.83819, 6.163702, 0.2386887)
(0.8390611, 6.162241, 0.2377236)
(0.8392772, 6.160549, 0.2364135)
(0.8394671, 6.158732, 0.2352443)
(0.8395849, 6.157694, 0.2345643)
(0.8395079, 6.157714, 0.2348808)
