(-0.1727567, 1.423252, 0.2317944)
(-0.1727567, 1.423252, 0.2317944)
(-0.1730428, 1.423079, 0.232041)
(-0.1733007, 1.423044, 0.2322226)
(-0.173435, 1.422962, 0.2324382)
(-0.1738749, 1.422833, 0.2327173)
(-0.1741714, 1.422734, 0.2328265)
(-0.1743042, 1.422783, 0.2328688)
(-0.1745284, 1.422729, 0.23299)
(-0.1745284, 1.422729, 0.23299)
(-0.174881, 1.422719, 0.2331618)
(-0.1751592, 1.422639, 0.2332835)
(-0.1754363, 1.422608, 0.2334448)
(-0.1755819, 1.422552, 0.2336216)
(-0.1757941, 1.422569, 0.2337151)
(-0.1762388, 1.422431, 0.2338486)
(-0.1762388, 1.422431, 0.2338486)
(-0.1766422, 1.422499, 0.2340109)
(-0.1767271, 1.422349, 0.2340025)
(-0.1767271, 1.422349, 0.2340025)
(-0.177006, 1.42227, 0.234094)
(-0.1773233, 1.422325, 0.2343644)
(-0.1775284, 1.422294, 0.2344445)
(-0.1778824, 1.422379, 0.2345732)
(-0.1778824, 1.422379, 0.2345732)
(-0.1782489, 1.422212, 0.2345691)
(-0.1782489, 1.422212, 0.2345691)
(-0.1787431, 1.421918, 0.2345489)
(-0.1790605, 1.421803, 0.2346338)
(-0.1790605, 1.421803, 0.2346338)
(-0.1794269, 1.421912, 0.2347894)
(-0.1797116, 1.422, 0.2348963)
(-0.1799321, 1.422102, 0.2347727)
(-0.1805236, 1.421969, 0.2346941)
(-0.1805236, 1.421969, 0.2346941)
(-0.1811938, 1.421968, 0.2347859)
(-0.181602, 1.422037, 0.234867)
(-0.1821079, 1.421832, 0.2349327)
(-0.1821079, 1.421832, 0.2349327)
(-0.1825182, 1.421778, 0.235062)
(-0.1829543, 1.421671, 0.2350312)
(-0.1838124, 1.421693, 0.2349772)
(-0.1841896, 1.421548, 0.234828)
(-0.1841896, 1.421548, 0.234828)
(-0.1848726, 1.42126, 0.2349347)
(-0.1861022, 1.421261, 0.2350951)
(-0.1865313, 1.421523, 0.2348493)
(-0.1865313, 1.421523, 0.2348493)
(-0.1871436, 1.421528, 0.2348001)
(-0.1877921, 1.421509, 0.2347066)
(-0.1884096, 1.421536, 0.234623)
(-0.1891339, 1.421519, 0.2345433)
(-0.1898396, 1.421469, 0.2345054)
(-0.1912971, 1.421471, 0.2343279)
(-0.1921084, 1.421475, 0.2342741)
(-0.1930723, 1.421439, 0.2342057)
(-0.1930723, 1.421439, 0.2342057)
(-0.1939001, 1.421403, 0.2341653)
(-0.1948273, 1.421405, 0.234123)
(-0.1969569, 1.421459, 0.2338465)
(-0.1969569, 1.421459, 0.2338465)
(-0.1993268, 1.421419, 0.2336327)
(-0.2006595, 1.421355, 0.2335061)
(-0.2021077, 1.421305, 0.2333817)
(-0.2021077, 1.421305, 0.2333817)
(-0.2038352, 1.421164, 0.2333409)
(-0.2055931, 1.421247, 0.2335042)
(-0.2073455, 1.421133, 0.2334201)
(-0.211257, 1.4209, 0.233129)
(-0.211257, 1.4209, 0.233129)
(-0.2132111, 1.420646, 0.2328752)
(-0.2179031, 1.420506, 0.2326922)
(-0.2205136, 1.420475, 0.2324024)
(-0.2205136, 1.420475, 0.2324024)
(-0.2233815, 1.4202, 0.2320828)
(-0.2260914, 1.42013, 0.2319779)
(-0.2289038, 1.420073, 0.2317837)
(-0.2317216, 1.420299, 0.2315059)
(-0.2347767, 1.420543, 0.2316923)
(-0.2377901, 1.420637, 0.2313458)
(-0.2430458, 1.421231, 0.2308681)
(-0.2457209, 1.421828, 0.230618)
(-0.2457209, 1.421828, 0.230618)
(-0.25053, 1.422666, 0.2306203)
(-0.25053, 1.422666, 0.2306203)
(-0.2528555, 1.422671, 0.2305998)
(-0.2546442, 1.422329, 0.2306615)
(-0.2561007, 1.421387, 0.2304063)
(-0.2585754, 1.420012, 0.2300152)
(-0.2585754, 1.420012, 0.2300152)
(-0.2603464, 1.419457, 0.229712)
(-0.2610159, 1.419576, 0.2297435)
(-0.2616498, 1.419891, 0.2299737)
(-0.2616498, 1.419891, 0.2299737)
(-0.2622302, 1.420123, 0.2303518)
(-0.262887, 1.419999, 0.2310784)
(-0.2634432, 1.420156, 0.2317798)
(-0.2647581, 1.420417, 0.2335739)
(-0.2653055, 1.420556, 0.2345653)
(-0.2657604, 1.420802, 0.2359982)
(-0.2660363, 1.420963, 0.2373502)
(-0.2664568, 1.421098, 0.2389352)
(-0.2664568, 1.421098, 0.2389352)
(-0.2665949, 1.421124, 0.2405818)
(-0.2665918, 1.421226, 0.2422366)
(-0.2665658, 1.421126, 0.2439768)
(-0.2666922, 1.421204, 0.2459302)
(-0.2664378, 1.420884, 0.2498484)
(-0.2664046, 1.420789, 0.2518768)
(-0.266278, 1.420493, 0.2540052)
(-0.2660775, 1.420195, 0.2562691)
(-0.2660775, 1.420195, 0.2562691)
(-0.2657838, 1.41978, 0.2585227)
(-0.2655284, 1.419284, 0.2608216)
(-0.2652876, 1.418735, 0.2631443)
(-0.264823, 1.417944, 0.2655839)
(-0.2643671, 1.417382, 0.2679241)
(-0.2632542, 1.415862, 0.2733711)
(-0.2624295, 1.415169, 0.2763562)
(-0.2614243, 1.414654, 0.2797668)
(-0.2614243, 1.414654, 0.2797668)
(-0.2606881, 1.413925, 0.282505)
(-0.2595105, 1.413162, 0.2854848)
(-0.2582536, 1.412449, 0.2888544)
(-0.2568634, 1.411962, 0.29232)
(-0.2539191, 1.411203, 0.3000457)
(-0.2523689, 1.41081, 0.3039531)
(-0.2509673, 1.410284, 0.3079857)
(-0.2492864, 1.41012, 0.3119814)
(-0.2474484, 1.409899, 0.3166649)
(-0.2474484, 1.409899, 0.3166649)
(-0.2457929, 1.410001, 0.3214099)
(-0.244226, 1.410121, 0.3263841)
(-0.2425814, 1.410095, 0.3313072)
(-0.2408493, 1.410106, 0.3364596)
(-0.2371426, 1.409221, 0.3467516)
(-0.2350085, 1.408594, 0.3519893)
(-0.2326856, 1.407863, 0.3573518)
(-0.2300668, 1.407072, 0.3632975)
(-0.2300668, 1.407072, 0.3632975)
(-0.2271962, 1.40645, 0.3685521)
(-0.2217059, 1.404919, 0.3799244)
(-0.2217059, 1.404919, 0.3799244)
(-0.2154553, 1.403254, 0.3908093)
(-0.2119904, 1.402567, 0.3962431)
(-0.2083807, 1.401987, 0.4018029)
(-0.2048936, 1.401506, 0.4072753)
(-0.2008791, 1.401368, 0.4132602)
(-0.2008791, 1.401368, 0.4132602)
(-0.1969168, 1.401624, 0.4188986)
(-0.1930408, 1.402146, 0.4245496)
(-0.1890378, 1.403248, 0.4301494)
(-0.1850753, 1.403945, 0.4358213)
(-0.1766546, 1.408014, 0.4467779)
(-0.1723006, 1.410282, 0.4521923)
(-0.1679752, 1.413173, 0.4575709)
(-0.162884, 1.41796, 0.4632449)
(-0.162884, 1.41796, 0.4632449)
(-0.158134, 1.42204, 0.4685302)
(-0.1534209, 1.427168, 0.473807)
(-0.148607, 1.433384, 0.4789993)
(-0.1438272, 1.438726, 0.4848011)
(-0.1392455, 1.445706, 0.4900714)
(-0.1304855, 1.459164, 0.5006186)
(-0.1304855, 1.459164, 0.5006186)
(-0.1263273, 1.465509, 0.5055089)
(-0.1184359, 1.478755, 0.5147883)
(-0.1184359, 1.478755, 0.5147883)
(-0.1150782, 1.485358, 0.5182183)
(-0.1120198, 1.491525, 0.5212739)
(-0.108496, 1.498376, 0.5248805)
(-0.1031704, 1.510901, 0.5292877)
(-0.1003387, 1.517848, 0.5317597)
(-0.09783006, 1.524067, 0.5338421)
(-0.09580612, 1.530205, 0.5353651)
(-0.09305573, 1.537471, 0.537665)
(-0.09305573, 1.537471, 0.537665)
(-0.09111261, 1.543932, 0.5393817)
(-0.0893259, 1.550495, 0.5411861)
(-0.08594322, 1.563496, 0.5450823)
(-0.08442163, 1.569818, 0.5468757)
(-0.08442163, 1.569818, 0.5468757)
(-0.08145523, 1.582116, 0.5498741)
(-0.08038878, 1.587853, 0.5512675)
(-0.07912827, 1.594161, 0.5527148)
(-0.07912827, 1.594161, 0.5527148)
(-0.0782218, 1.600011, 0.5540894)
(-0.07744551, 1.605456, 0.5555758)
(-0.07643437, 1.611035, 0.5566325)
(-0.07532167, 1.621104, 0.5596733)
(-0.07532167, 1.621104, 0.5596733)
(-0.07468009, 1.630653, 0.5625207)
(-0.07449484, 1.634858, 0.5639856)
(-0.07438803, 1.639413, 0.5652819)
(-0.07438803, 1.639413, 0.5652819)
(-0.07439446, 1.643026, 0.5667863)
(-0.07444572, 1.646368, 0.5683422)
(-0.07446289, 1.649776, 0.5693934)
(-0.07485628, 1.654907, 0.572773)
(-0.07485628, 1.654907, 0.572773)
(-0.07494974, 1.659371, 0.5756984)
(-0.07531285, 1.661091, 0.5773681)
(-0.07566833, 1.662686, 0.5789783)
(-0.07566833, 1.662686, 0.5789783)
(-0.07603216, 1.664209, 0.5807679)
(-0.07638502, 1.665269, 0.582696)
(-0.07629871, 1.666402, 0.5839127)
(-0.07664633, 1.667082, 0.5859405)
(-0.07706213, 1.667608, 0.5879695)
(-0.0779655, 1.668332, 0.5915377)
(-0.07855892, 1.668458, 0.5935813)
(-0.0792141, 1.668497, 0.5957105)
(-0.0792141, 1.668497, 0.5957105)
(-0.07904506, 1.667986, 0.5974927)
(-0.07979965, 1.667961, 0.5996522)
(-0.08080411, 1.667911, 0.601579)
(-0.08123517, 1.667311, 0.6034199)
(-0.08214855, 1.666919, 0.6056877)
(-0.08457184, 1.665986, 0.610833)
(-0.08580947, 1.665501, 0.6136396)
(-0.0867033, 1.664934, 0.6161393)
(-0.08779526, 1.664066, 0.6187973)
(-0.08779526, 1.664066, 0.6187973)
(-0.08916426, 1.663343, 0.6214436)
(-0.09076095, 1.6629, 0.6244115)
(-0.09245586, 1.662096, 0.6273317)
(-0.09420609, 1.661585, 0.6304243)
(-0.09800816, 1.660526, 0.6369441)
(-0.1001909, 1.660119, 0.6405767)
(-0.1025224, 1.659819, 0.6442887)
(-0.1048141, 1.659292, 0.6482587)
(-0.1048141, 1.659292, 0.6482587)
(-0.1074924, 1.658895, 0.6523526)
(-0.1100051, 1.658287, 0.6561702)
(-0.1157415, 1.656366, 0.6639428)
(-0.1188469, 1.655645, 0.6675183)
(-0.1214378, 1.655031, 0.6707386)
(-0.1214378, 1.655031, 0.6707386)
(-0.1274369, 1.654585, 0.6788483)
(-0.1307075, 1.654116, 0.6837528)
(-0.1307075, 1.654116, 0.6837528)
(-0.1337333, 1.653524, 0.6883645)
(-0.1364024, 1.652489, 0.692569)
(-0.1426575, 1.64994, 0.7008064)
(-0.1426575, 1.64994, 0.7008064)
(-0.1484432, 1.647285, 0.7079062)
(-0.1518362, 1.646181, 0.7119467)
(-0.1518362, 1.646181, 0.7119467)
(-0.1581628, 1.644043, 0.7202742)
(-0.1581628, 1.644043, 0.7202742)
(-0.1616836, 1.643227, 0.7246931)
(-0.1651034, 1.642303, 0.729012)
(-0.1687534, 1.641127, 0.7332811)
(-0.1724792, 1.640097, 0.7375516)
(-0.1801226, 1.637905, 0.7458541)
(-0.1841841, 1.637223, 0.7500582)
(-0.1882272, 1.636638, 0.7542968)
(-0.1921721, 1.636175, 0.7582515)
(-0.1967955, 1.636068, 0.7630775)
(-0.1967955, 1.636068, 0.7630775)
(-0.2007487, 1.635934, 0.7676182)
(-0.2049606, 1.636163, 0.7720447)
(-0.2092555, 1.636392, 0.7764039)
(-0.2136304, 1.636952, 0.7806512)
(-0.2224329, 1.638165, 0.7893972)
(-0.2224329, 1.638165, 0.7893972)
(-0.2320454, 1.640869, 0.7979856)
(-0.2374182, 1.643087, 0.8025633)
(-0.2374182, 1.643087, 0.8025633)
(-0.2420146, 1.645047, 0.8063657)
(-0.2469516, 1.647181, 0.8104005)
(-0.2520561, 1.651018, 0.8139042)
(-0.2572176, 1.65493, 0.8174497)
(-0.2674837, 1.663733, 0.824158)
(-0.2726381, 1.668845, 0.8275332)
(-0.2772546, 1.67475, 0.830882)
(-0.2825327, 1.681937, 0.8347554)
(-0.2825327, 1.681937, 0.8347554)
(-0.2870288, 1.688222, 0.8383489)
(-0.2908013, 1.694216, 0.8418677)
(-0.2950418, 1.700204, 0.8453453)
(-0.3026602, 1.71182, 0.8512328)
(-0.3060179, 1.717709, 0.8535447)
(-0.3060179, 1.717709, 0.8535447)
(-0.3128309, 1.730377, 0.8576953)
(-0.3152769, 1.737191, 0.8591995)
(-0.3152769, 1.737191, 0.8591995)
(-0.3174108, 1.743402, 0.8605458)
(-0.3199042, 1.750608, 0.8618841)
(-0.3216162, 1.75687, 0.862839)
(-0.3257408, 1.770196, 0.8649914)
(-0.327046, 1.776511, 0.8653768)
(-0.3282338, 1.782712, 0.8661213)
(-0.3293915, 1.78906, 0.8667191)
(-0.3303705, 1.79575, 0.8673619)
(-0.3303705, 1.79575, 0.8673619)
(-0.331507, 1.802046, 0.8682095)
(-0.3319666, 1.808357, 0.8685215)
(-0.3324285, 1.814449, 0.8688145)
(-0.3322682, 1.825998, 0.8686714)
(-0.332191, 1.831702, 0.8688146)
(-0.332191, 1.831702, 0.8688146)
(-0.332583, 1.843446, 0.8691256)
(-0.3324115, 1.848952, 0.8692873)
(-0.3322593, 1.854703, 0.8695748)
(-0.3322593, 1.854703, 0.8695748)
(-0.3321449, 1.860166, 0.8698735)
(-0.3316512, 1.864938, 0.870066)
(-0.3310604, 1.869572, 0.8701613)
(-0.3308578, 1.878587, 0.8708749)
(-0.3301276, 1.882642, 0.8709884)
(-0.3289986, 1.886272, 0.8708404)
(-0.3282292, 1.889583, 0.8709469)
(-0.3280327, 1.893106, 0.8713464)
(-0.3280327, 1.893106, 0.8713464)
(-0.3271196, 1.896097, 0.8712057)
(-0.3262401, 1.898896, 0.8711382)
(-0.3247342, 1.903896, 0.8710878)
(-0.3238385, 1.906236, 0.8710452)
(-0.3231896, 1.908166, 0.871066)
(-0.3220562, 1.909903, 0.8709904)
(-0.3211412, 1.911342, 0.8710822)
(-0.3205677, 1.913057, 0.8713937)
(-0.3205677, 1.913057, 0.8713937)
(-0.3195801, 1.913969, 0.8713679)
(-0.3185825, 1.915054, 0.8714011)
(-0.317971, 1.915709, 0.8717557)
(-0.3155109, 1.917209, 0.8717604)
(-0.3155109, 1.917209, 0.8717604)
(-0.3135138, 1.917979, 0.8720132)
(-0.3120356, 1.918004, 0.8719786)
(-0.3114789, 1.918199, 0.8724768)
(-0.3114789, 1.918199, 0.8724768)
(-0.3097448, 1.917865, 0.872296)
(-0.3078294, 1.917295, 0.8719599)
(-0.3058014, 1.916956, 0.8713183)
(-0.3016505, 1.916761, 0.8706115)
(-0.3016505, 1.916761, 0.8706115)
(-0.2969584, 1.917188, 0.870213)
(-0.2942033, 1.918015, 0.8699965)
(-0.2920103, 1.919056, 0.8703003)
(-0.2920103, 1.919056, 0.8703003)
(-0.2891655, 1.920286, 0.870551)
(-0.2863436, 1.921342, 0.8708879)
(-0.2838066, 1.92196, 0.8710349)
(-0.2811568, 1.922764, 0.8711871)
(-0.2786, 1.923625, 0.871424)
(-0.2738819, 1.925163, 0.8722465)
(-0.2713799, 1.925754, 0.8727961)
(-0.2684035, 1.92619, 0.8729875)
(-0.2655661, 1.926285, 0.873432)
(-0.2655661, 1.926285, 0.873432)
(-0.2629726, 1.926234, 0.8737751)
(-0.2574069, 1.926742, 0.8747051)
(-0.2574069, 1.926742, 0.8747051)
(-0.2546184, 1.926897, 0.8749688)
(-0.251688, 1.927003, 0.8752751)
(-0.2461081, 1.927009, 0.8757447)
(-0.2432911, 1.927005, 0.8759329)
(-0.2409787, 1.927261, 0.8764955)
(-0.2409787, 1.927261, 0.8764955)
(-0.2389097, 1.927347, 0.8769372)
(-0.2367251, 1.927298, 0.8772864)
(-0.2329495, 1.927364, 0.8782128)
(-0.2329495, 1.927364, 0.8782128)
(-0.2305489, 1.927324, 0.8783684)
(-0.2274246, 1.927773, 0.8792924)
(-0.2251291, 1.927761, 0.8794433)
(-0.2230043, 1.927477, 0.8794839)
(-0.2230043, 1.927477, 0.8794839)
(-0.2216914, 1.927445, 0.879866)
(-0.2200963, 1.927366, 0.8801275)
(-0.2188628, 1.927325, 0.8804585)
(-0.2178156, 1.927234, 0.8807325)
