(-0.533711, 0.6035907, -1.74099)
(-0.5336919, 0.6035985, -1.740863)
(-0.533659, 0.6035879, -1.74084)
(-0.5337036, 0.6035107, -1.740829)
(-0.5337181, 0.6034939, -1.740942)
(-0.533597, 0.603503, -1.740866)
(-0.5335474, 0.6035967, -1.740908)
(-0.5335827, 0.6036421, -1.740763)
(-0.5336666, 0.6036409, -1.740765)
(-0.5336304, 0.6037852, -1.740839)
(-0.5335886, 0.6037152, -1.740871)
(-0.5336502, 0.6037089, -1.740878)
(-0.5336385, 0.6037592, -1.740906)
(-0.5336289, 0.6037594, -1.740928)
(-0.533534, 0.6038312, -1.740793)
(-0.533551, 0.6037889, -1.740759)
(-0.5335093, 0.6037356, -1.740815)
(-0.5334377, 0.6037263, -1.740783)
(-0.5334258, 0.6037147, -1.740779)
(-0.5333872, 0.6036962, -1.740757)
(-0.5333195, 0.6036923, -1.740729)
(-0.5332842, 0.6037363, -1.740731)
(-0.5332808, 0.6037369, -1.740872)
(-0.5332291, 0.6037582, -1.740823)
(-0.5332646, 0.6036879, -1.740805)
(-0.5332713, 0.6037276, -1.740849)
(-0.5333512, 0.6037186, -1.740853)
(-0.5333972, 0.6035795, -1.740804)
(-0.533421, 0.6035856, -1.740785)
(-0.5334315, 0.6035867, -1.740779)
(-0.5334458, 0.6035154, -1.740754)
(-0.5334485, 0.6035094, -1.740731)
(-0.5336518, 0.6035421, -1.740717)
(-0.5336647, 0.6035959, -1.740725)
(-0.5336552, 0.6035639, -1.740818)
(-0.5335529, 0.6035578, -1.740775)
(-0.5335603, 0.6035496, -1.740771)
(-0.5335579, 0.6035478, -1.740712)
(-0.5335603, 0.6035402, -1.740692)
(-0.5335269, 0.6036524, -1.740741)
(-0.5335083, 0.603657, -1.740722)
(-0.5336251, 0.6036365, -1.740759)
(-0.5335937, 0.6037703, -1.740823)
(-0.533582, 0.6037458, -1.740795)
(-0.533675, 0.6037588, -1.740839)
(-0.5337238, 0.6036557, -1.740782)
(-0.533778, 0.6037073, -1.740755)
(-0.5336847, 0.6037093, -1.740728)
(-0.5337238, 0.6036154, -1.740691)
(-0.5337365, 0.6036189, -1.740673)
(-0.5336561, 0.603561, -1.740733)
(-0.533608, 0.6037158, -1.740792)
(-0.5335879, 0.6037169, -1.74081)
(-0.5336924, 0.6037298, -1.740839)
(-0.5336862, 0.6037816, -1.740865)
(-0.533675, 0.6037561, -1.740909)
(-0.5336142, 0.6037674, -1.740912)
(-0.5336843, 0.6035987, -1.740845)
(-0.5336905, 0.6035997, -1.740882)
(-0.5337176, 0.6035538, -1.740969)
(-0.533735, 0.6035379, -1.740968)
(-0.5337486, 0.6035521, -1.740958)
(-0.5338564, 0.6035656, -1.740988)
(-0.5338595, 0.6035851, -1.741005)
(-0.5338941, 0.6036042, -1.740947)
(-0.5337486, 0.603603, -1.740907)
(-0.5337496, 0.603596, -1.740933)
(-0.5337749, 0.6035919, -1.740943)
(-0.5336342, 0.6036131, -1.740846)
(-0.5336659, 0.6035459, -1.740826)
(-0.5336564, 0.6035545, -1.740724)
(-0.5335069, 0.6035458, -1.740679)
(-0.5334992, 0.603526, -1.740663)
(-0.5334759, 0.6034759, -1.740751)
(-0.5335517, 0.6034764, -1.740785)
(-0.5335655, 0.6034471, -1.740776)
(-0.5335717, 0.6034391, -1.740794)
(-0.5335803, 0.6034075, -1.740827)
(-0.5335593, 0.6034106, -1.740842)
(-0.5335784, 0.6034546, -1.740819)
(-0.5335002, 0.6034431, -1.740764)
(-0.5334873, 0.6034865, -1.740794)
(-0.5335183, 0.6035366, -1.740774)
(-0.5334229, 0.6035314, -1.740737)
(-0.5333586, 0.6036333, -1.740787)
(-0.5333631, 0.603624, -1.740816)
(-0.5334363, 0.6036321, -1.740851)
(-0.5334044, 0.6037042, -1.740881)
(-0.533392, 0.6037158, -1.740807)
(-0.5333776, 0.6037298, -1.740789)
(-0.5334229, 0.6036234, -1.740742)
(-0.533416, 0.6036317, -1.740791)
(-0.5334597, 0.603629, -1.740798)
(-0.5334287, 0.6036793, -1.740821)
(-0.5334239, 0.6036855, -1.740786)
(-0.5334816, 0.6036391, -1.740852)
(-0.5335507, 0.6034482, -1.740785)
(-0.5335824, 0.603474, -1.740794)
(-0.5335751, 0.60346, -1.740776)
(-0.5335393, 0.6035643, -1.740819)
(-0.5334749, 0.6034914, -1.740921)
(-0.5336928, 0.603502, -1.740978)
(-0.5336418, 0.6036118, -1.741038)
(-0.5336609, 0.6036136, -1.741048)
(-0.533514, 0.6036748, -1.740946)
(-0.5335155, 0.6036563, -1.740941)
(-0.5335498, 0.6036987, -1.740784)
(-0.5335107, 0.6036931, -1.740745)
(-0.5335298, 0.6036837, -1.740732)
(-0.533529, 0.6037097, -1.740647)
(-0.5334759, 0.6037101, -1.740615)
(-0.5334306, 0.603812, -1.740651)
(-0.5333996, 0.6037674, -1.74074)
(-0.5335393, 0.6037806, -1.740758)
(-0.5336239, 0.603619, -1.740692)
(-0.5336056, 0.6036175, -1.740811)
(-0.5336468, 0.6036189, -1.740821)
(-0.533639, 0.603717, -1.740861)
(-0.5336242, 0.6036952, -1.740857)
(-0.5337417, 0.6036891, -1.740866)
(-0.533762, 0.6036929, -1.740877)
(-0.5337567, 0.6037036, -1.740705)
(-0.5337796, 0.6036882, -1.740778)
(-0.5337985, 0.603693, -1.740769)
(-0.5338302, 0.6037077, -1.740807)
(-0.5338426, 0.6036986, -1.74079)
(-0.5339203, 0.6035057, -1.740716)
(-0.5339577, 0.6034892, -1.740804)
(-0.5337796, 0.6034648, -1.740767)
(-0.5337481, 0.603551, -1.740803)
(-0.5337586, 0.6035514, -1.740852)
(-0.5336237, 0.6035862, -1.740729)
(-0.5335855, 0.603631, -1.740738)
(-0.5335436, 0.6035211, -1.740884)
(-0.5334952, 0.6035075, -1.740873)
(-0.533428, 0.6036365, -1.740938)
(-0.5334287, 0.6036705, -1.740912)
(-0.5334358, 0.6036818, -1.740925)
(-0.5334392, 0.6036242, -1.740915)
(-0.5334439, 0.6036191, -1.740852)
(-0.5334659, 0.6036813, -1.740777)
(-0.5334306, 0.6037246, -1.740783)
(-0.5334296, 0.6037273, -1.74086)
(-0.5334592, 0.6037391, -1.74088)
(-0.5334971, 0.6036105, -1.740829)
(-0.5334826, 0.6036394, -1.740652)
(-0.5334611, 0.6036438, -1.740631)
(-0.5334597, 0.6036187, -1.740613)
(-0.5334687, 0.6036215, -1.740684)
(-0.5335543, 0.6036398, -1.740659)
(-0.5335817, 0.6035799, -1.740637)
(-0.5335813, 0.6035849, -1.740661)
(-0.5336902, 0.6035999, -1.74069)
(-0.5337117, 0.6035354, -1.740652)
(-0.5336852, 0.6034818, -1.740711)
(-0.533633, 0.6034852, -1.740698)
(-0.533637, 0.6034729, -1.740676)
(-0.5336328, 0.6034577, -1.740664)
(-0.5335557, 0.6034483, -1.740606)
(-0.5335598, 0.6034735, -1.740626)
(-0.5335755, 0.603503, -1.740543)
(-0.5336866, 0.6035049, -1.740549)
(-0.5337224, 0.6033976, -1.740493)
(-0.5337477, 0.6034063, -1.740482)
(-0.5337408, 0.6033896, -1.740448)
(-0.53374, 0.6034393, -1.74046)
(-0.533776, 0.6034229, -1.740592)
(-0.5338798, 0.6033885, -1.740603)
(-0.5338545, 0.6034366, -1.740641)
(-0.5338259, 0.6033407, -1.740773)
(-0.5337167, 0.6033368, -1.740741)
(-0.5336359, 0.6035088, -1.740816)
(-0.5336337, 0.6035067, -1.74085)
(-0.5334983, 0.6035082, -1.740821)
(-0.533514, 0.6034107, -1.740778)
(-0.5335302, 0.6034217, -1.740863)
(-0.5336332, 0.6034362, -1.740851)
(-0.5336492, 0.6034164, -1.740867)
(-0.5336604, 0.6034408, -1.740871)
(-0.5335402, 0.6034471, -1.740835)
(-0.5335097, 0.6035227, -1.740876)
(-0.5335031, 0.6035447, -1.740781)
(-0.5334263, 0.6035619, -1.740774)
(-0.5334029, 0.6036218, -1.740792)
(-0.5333989, 0.6036273, -1.740797)
(-0.5334008, 0.603575, -1.740883)
(-0.5334091, 0.6035782, -1.740894)
(-0.533386, 0.6036096, -1.740736)
(-0.5333545, 0.6036177, -1.740729)
(-0.533335, 0.6036272, -1.74072)
(-0.5333371, 0.6036375, -1.740783)
(-0.5333202, 0.6036493, -1.740771)
(-0.5333495, 0.6035246, -1.740719)
(-0.5333333, 0.6035373, -1.74078)
(-0.5334635, 0.6035448, -1.74081)
(-0.5334215, 0.6036451, -1.740855)
(-0.533432, 0.6036625, -1.740816)
(-0.5334234, 0.6036694, -1.740807)
(-0.5333848, 0.6037598, -1.740858)
(-0.5334029, 0.6037785, -1.740802)
(-0.5335755, 0.6038078, -1.740856)
(-0.5336471, 0.6036711, -1.740807)
(-0.5336533, 0.6036689, -1.740802)
(-0.5337806, 0.6036844, -1.740815)
(-0.5337925, 0.6037207, -1.740843)
(-0.5337882, 0.6036757, -1.740864)
(-0.5336218, 0.6036785, -1.740829)
(-0.533668, 0.6035973, -1.740802)
(-0.5336785, 0.6035994, -1.740771)
(-0.5338068, 0.6036036, -1.740815)
(-0.5338531, 0.6034936, -1.740775)
(-0.5338833, 0.603474, -1.740759)
(-0.5338657, 0.6033959, -1.740823)
(-0.5338969, 0.6033821, -1.740837)
(-0.5338762, 0.6033002, -1.740857)
(-0.5336678, 0.6032816, -1.740816)
(-0.5336981, 0.6031916, -1.74079)
(-0.5337679, 0.6032482, -1.740778)
(-0.5338221, 0.6032282, -1.740781)
(-0.533813, 0.6032516, -1.740797)
(-0.5338292, 0.6032375, -1.740817)
(-0.5336456, 0.6031659, -1.740851)
(-0.5336144, 0.6032908, -1.740926)
(-0.5336676, 0.6033762, -1.740741)
(-0.5337448, 0.6033621, -1.740741)
(-0.5336876, 0.6035261, -1.740825)
(-0.5337267, 0.6035883, -1.740687)
(-0.5337372, 0.6035951, -1.740693)
(-0.533694, 0.6037288, -1.740741)
(-0.533716, 0.6037282, -1.74074)
(-0.5335903, 0.6037445, -1.740714)
(-0.533586, 0.6037574, -1.740714)
(-0.5335593, 0.6037341, -1.740705)
(-0.5335896, 0.6037304, -1.740706)
(-0.5335851, 0.6037405, -1.740709)
(-0.5335791, 0.6037524, -1.740785)
(-0.5335498, 0.6037549, -1.740776)
(-0.5335431, 0.6038104, -1.74079)
(-0.533524, 0.6038195, -1.740753)
(-0.5334122, 0.6037947, -1.740736)
(-0.5334678, 0.6036456, -1.74067)
(-0.5334096, 0.6035841, -1.740747)
(-0.5334122, 0.6035765, -1.740735)
(-0.5333498, 0.6036412, -1.740763)
(-0.5333538, 0.6036829, -1.740698)
(-0.5335159, 0.6036829, -1.740738)
(-0.5335131, 0.6037235, -1.740764)
(-0.5334892, 0.6037219, -1.740796)
(-0.5334468, 0.603739, -1.74077)
(-0.5334086, 0.603797, -1.740786)
(-0.5334427, 0.6038011, -1.740895)
(-0.5336366, 0.6038206, -1.740966)
(-0.5336947, 0.6037403, -1.740924)
(-0.5336771, 0.6037601, -1.740787)
(-0.5335851, 0.6037732, -1.740756)
(-0.5336552, 0.6035916, -1.740687)
(-0.5336699, 0.6035893, -1.740651)
(-0.5338161, 0.6035696, -1.740715)
(-0.5337777, 0.6037128, -1.740784)
(-0.5337634, 0.6036721, -1.740935)
(-0.5336661, 0.6036735, -1.740903)
(-0.5337138, 0.6035316, -1.740861)
(-0.5337753, 0.603577, -1.740892)
(-0.5337391, 0.60358, -1.740889)
(-0.5336943, 0.6036748, -1.740921)
(-0.5337, 0.6036776, -1.740936)
(-0.5337749, 0.6036388, -1.741028)
(-0.533814, 0.6035757, -1.740999)
(-0.5338271, 0.6036334, -1.740859)
(-0.5336466, 0.6036298, -1.740827)
(-0.5337038, 0.6035109, -1.740765)
(-0.5337219, 0.6035262, -1.740665)
(-0.5337257, 0.6035184, -1.740646)
(-0.5337009, 0.6036123, -1.740674)
(-0.5337038, 0.6036184, -1.740672)
(-0.5335648, 0.6036277, -1.740623)
(-0.5335112, 0.6037862, -1.740672)
(-0.5335035, 0.603821, -1.740713)
(-0.5334392, 0.6038364, -1.740693)
(-0.5334554, 0.6037921, -1.74066)
(-0.5334458, 0.6038005, -1.74056)
(-0.5334616, 0.6038119, -1.740552)
(-0.5334461, 0.6038024, -1.740538)
(-0.5334582, 0.6037948, -1.740587)
(-0.5336921, 0.6037517, -1.740659)
(-0.5336788, 0.6037741, -1.740674)
(-0.5336704, 0.603731, -1.7408)
(-0.5335407, 0.6037322, -1.740781)
(-0.5336165, 0.6035519, -1.740703)
(-0.5336027, 0.6034908, -1.740842)
(-0.5337098, 0.6034824, -1.74087)
(-0.5337155, 0.6034657, -1.740875)
(-0.533709, 0.6034629, -1.740839)
(-0.5336709, 0.6034586, -1.740774)
(-0.5336466, 0.6035047, -1.740811)
(-0.5336742, 0.603533, -1.740685)
(-0.5336356, 0.6035141, -1.740677)
(-0.5335913, 0.603598, -1.740712)
(-0.5335987, 0.603613, -1.740718)
(-0.5335593, 0.603613, -1.740693)
(-0.5335741, 0.6035542, -1.740673)
(-0.5335751, 0.6035444, -1.740711)
(-0.5334473, 0.603492, -1.740755)
(-0.5334563, 0.6034724, -1.740745)
(-0.5334573, 0.6034882, -1.740749)
(-0.5335064, 0.6034719, -1.740754)
(-0.5335369, 0.6033455, -1.740717)
(-0.5335383, 0.6033711, -1.740523)
(-0.5334969, 0.6033596, -1.740499)
(-0.5334163, 0.6035029, -1.740558)
(-0.533416, 0.6035026, -1.740494)
(-0.5334699, 0.6035171, -1.740483)
(-0.5334544, 0.6035212, -1.740484)
(-0.533433, 0.603478, -1.740577)
(-0.5335205, 0.6034774, -1.740615)
(-0.5334673, 0.6036083, -1.740664)
(-0.5335059, 0.6036367, -1.740741)
(-0.5337729, 0.6036557, -1.740819)
(-0.5337949, 0.6036258, -1.740811)
(-0.533802, 0.6036323, -1.740846)
(-0.5336237, 0.6035933, -1.740853)
(-0.5335953, 0.6036868, -1.740909)
(-0.5335932, 0.603695, -1.740895)
(-0.533637, 0.6036954, -1.740896)
(-0.5336123, 0.6037505, -1.740946)
(-0.5336456, 0.603781, -1.741006)
(-0.5336006, 0.603797, -1.740991)
(-0.5336971, 0.6035793, -1.740905)
(-0.5336938, 0.6036119, -1.74083)
(-0.5335579, 0.6036618, -1.740745)
(-0.5335803, 0.6036195, -1.740732)
(-0.5335407, 0.6035923, -1.740744)
(-0.533484, 0.6035967, -1.740728)
(-0.533493, 0.6035951, -1.74072)
(-0.5334852, 0.6036185, -1.740752)
(-0.5335073, 0.6036333, -1.740774)
(-0.5335419, 0.6035253, -1.740717)
(-0.5335455, 0.6035167, -1.740797)
(-0.5335269, 0.6034632, -1.740839)
(-0.5334849, 0.6035839, -1.740913)
(-0.5335002, 0.6036348, -1.740762)
(-0.5334754, 0.6036386, -1.740754)
(-0.5334272, 0.6037616, -1.740813)
(-0.5334144, 0.6037461, -1.740895)
(-0.5334768, 0.6037723, -1.740937)
(-0.5334935, 0.6037453, -1.740937)
(-0.5335014, 0.6037573, -1.740819)
(-0.5334554, 0.6037686, -1.74084)
(-0.5334911, 0.6036748, -1.740797)
(-0.5335059, 0.6037248, -1.740665)
(-0.5334837, 0.6037428, -1.740646)
(-0.5335302, 0.6036828, -1.740623)
