(-0.29011894293212676, 0.20039887658480585, 0.07921166410507903)
(-0.29011894293212676, 0.2003595780921922, 0.07922262405048716)
(-0.29011894293212676, 0.2003211392725087, 0.07923477788595915)
(-0.29011894293212676, 0.2002835601257553, 0.07924812561149498)
(-0.29011894293212676, 0.200246840651932, 0.07926266722709467)
(-0.29011894293212676, 0.20021098085103883, 0.07927840273275823)
(-0.29011894293212676, 0.20017598072307577, 0.07929533212848562)
(-0.29011894293212676, 0.2001418402680428, 0.07931345541427688)
(-0.29011894293212676, 0.20010855948593997, 0.07933277259013198)
(-0.29011894293212676, 0.20007613837676724, 0.07935328365605095)
(-0.29011894293212676, 0.20004457694052463, 0.07937498861203376)
(-0.29011894293212676, 0.20001387517721214, 0.07939788745808042)
(-0.29011894293212676, 0.19998403308682977, 0.07942198019419094)
(-0.29011894293212676, 0.1999550506693775, 0.07944726682036533)
(-0.29011894293212676, 0.19992692792485534, 0.07947374733660356)
(-0.29011894293212676, 0.1998996648532633, 0.07950142174290564)
(-0.29011894293212676, 0.19987326145460138, 0.07953029003927158)
(-0.29011894293212676, 0.19984771772886956, 0.07956035222570138)
(-0.29011894293212676, 0.19982303367606785, 0.07959160830219501)
(-0.29011894293212676, 0.19979920929619627, 0.07962405826875252)
(-0.29011894293212676, 0.1997762445892548, 0.07965770212537387)
(-0.29011894293212676, 0.19975413955524343, 0.07969253987205907)
(-0.29011894293212676, 0.19973289419416218, 0.07972857150880813)
(-0.29011894293212676, 0.19971250850601105, 0.07976579703562105)
(-0.29011894293212676, 0.19969298249079004, 0.07980421645249783)
(-0.29011894293212676, 0.1996653038831986, 0.07985557966791937)
(-0.29011894293212676, 0.19964846711037615, 0.07988796157507874)
(-0.29011894293212676, 0.19963321555862087, 0.07992120987075232)
(-0.29011894293212676, 0.19961958646854217, 0.07995540845288203)
(-0.29011894293212676, 0.19960807020964952, 0.0799907555048902)
(-0.29011894293212676, 0.19959889228271643, 0.08002725804086153)
(-0.29011894293212676, 0.1995920269205224, 0.08006500857456719)
(-0.29011894293212676, 0.19958739104250742, 0.0801044251767782)
(-0.29011894293212676, 0.19958451306299252, 0.08014585050194091)
(-0.29011894293212676, 0.1995830534306812, 0.08018993116196121)
(-0.29011894293212676, 0.19958310879512436, 0.08023699764314612)
(-0.29011894293212676, 0.19958470557096802, 0.08028747113993634)
(-0.29011894293212676, 0.19958767049077758, 0.0803419688691169)
(-0.29011894293212676, 0.19959142199432883, 0.08040162009059772)
(-0.29011894293212676, 0.19959536710670459, 0.0804669505535137)
(-0.29011894293212676, 0.19959876060569817, 0.08053861512590564)
(-0.29011894293212676, 0.19960100262850378, 0.08061720805115224)
(-0.29011894293212676, 0.19960122934342805, 0.08070357292704852)
(-0.29011894293212676, 0.1995909386666306, 0.08080331588567886)
(-0.29011894293212676, 0.19957067784817026, 0.08091533978039042)
(-0.29011894293212676, 0.19954099244200696, 0.08103856019615382)
(-0.29011894293212676, 0.19950242647378819, 0.08117190564190804)
(-0.29011894293212676, 0.19945552260863547, 0.08131431774290551)
(-0.29011894293212676, 0.1994008223189318, 0.08146475143305684)
(-0.29011894293212676, 0.19933886605210785, 0.08162217514727556)
(-0.29011894293212676, 0.1992699127853228, 0.0817862812905053)
(-0.29011894293212676, 0.19919479471418416, 0.08195565521777991)
(-0.29011894293212676, 0.19911408315261103, 0.08212931270811259)
(-0.29011894293212676, 0.19902809011709455, 0.08230606362501204)
(-0.29011894293212676, 0.19893753357644128, 0.08248502089620803)
(-0.29011894293212676, 0.19884306195878182, 0.08266484611416054)
(-0.29011894293212676, 0.19874527470546843, 0.0828444010438887)
(-0.29011894293212676, 0.19864485108239893, 0.08302248917861631)
(-0.29011894293212676, 0.1985423181226229, 0.08319796648149676)
(-0.29011894293212676, 0.19843840103135507, 0.08336993274047463)
(-0.29011894293212676, 0.1983334019664515, 0.08353792462901162)
(-0.29011894293212676, 0.19822784686419537, 0.08370118381723318)
(-0.29011894293212676, 0.19812237814907935, 0.08385908175184287)
(-0.29011894293212676, 0.1980175896500585, 0.08401101161534798)
(-0.29011894293212676, 0.19791410883152716, 0.08415638610524001)
(-0.29011894293212676, 0.19781244772632167, 0.08429449343514675)
(-0.29011894293212676, 0.19771341237657175, 0.08442462697416563)
(-0.29011894293212676, 0.1976175385255527, 0.08454616004562289)
(-0.29011894293212676, 0.19752539208120778, 0.0846584279782492)
(-0.29011894293212676, 0.19743752602514825, 0.08476114933402992)
(-0.29011894293212676, 0.19735417974272335, 0.08485422571091261)
(-0.29011894293212676, 0.19727632802982814, 0.08493726770646223)
(-0.29011894293212676, 0.1972041722601004, 0.08501027359209484)
(-0.29011894293212676, 0.19713874819388855, 0.08507317243869937)
(-0.29011894293212676, 0.19708067630667403, 0.08512630882697741)
(-0.29011894293212676, 0.19703026439872767, 0.08516990005199788)
(-0.29011894293212676, 0.19698762981565704, 0.08520394429511692)
(-0.29011894293212676, 0.19695290851317526, 0.08522873462247317)
(-0.29011894293212676, 0.1969262745837559, 0.08524480632981207)
(-0.29011894293212676, 0.19690725099431688, 0.08525273017400352)
(-0.29011894293212676, 0.19689534634868727, 0.08525345239913132)
(-0.29011894293212676, 0.19689010063907764, 0.0852480651765403)
(-0.29011894293212676, 0.19689091974780104, 0.08523750765472189)
(-0.29011894293212676, 0.1968974735181066, 0.085222929255138)
(-0.29011894293212676, 0.19690921605926787, 0.08520526799705695)
(-0.29011894293212676, 0.19692494944437372, 0.08518587156882915)
(-0.29011894293212676, 0.1969432154748268, 0.08516613827325768)
(-0.29011894293212676, 0.1969624289118222, 0.08514735546115651)
(-0.29011894293212676, 0.1969811685409834, 0.0851302207977946)
(-0.29011894293212676, 0.19699784147386223, 0.08511593707516253)
(-0.29011894293212676, 0.19701084360812166, 0.08510554012908839)
(-0.29011894293212676, 0.1970182527163234, 0.08510004271056712)
(-0.29011894293212676, 0.1970182527163234, 0.08510004271056712)
(-0.29011894293212676, 0.1970182527163234, 0.08510004271056712)
(-0.29011894293212676, 0.1970182527163234, 0.08510004271056712)
(-0.29011894293212676, 0.1970182527163234, 0.08510004271056712)
(-0.29011894293212676, 0.1970182527163234, 0.08510004271056712)
(-0.29011894293212676, 0.1970182527163234, 0.08510004271056712)
(-0.29011894293212676, 0.1970182527163234, 0.08510004271056712)
(-0.29011894293212676, 0.1970182527163234, 0.08510004271056712)
(-0.29011894293212676, 0.1970182527163234, 0.08510004271056712)
(-0.29011894293212676, 0.1970182527163234, 0.08510004271056712)
(-0.29011894293212676, 0.1970182527163234, 0.08510004271056712)
(-0.29011894293212676, 0.1970182527163234, 0.08510004271056712)
(-0.29011894293212676, 0.1970182527163234, 0.08510004271056712)
(-0.29011894293212676, 0.1970182527163234, 0.08510004271056712)
(-0.29011894293212676, 0.1970182527163234, 0.08510004271056712)
(-0.29011894293212676, 0.1970182527163234, 0.08510004271056712)
(-0.29011894293212676, 0.1970182527163234, 0.08510004271056712)
(-0.29011894293212676, 0.1970182527163234, 0.08510004271056712)
(-0.29011894293212676, 0.1970182527163234, 0.08510004271056712)
(-0.29011894293212676, 0.1970182527163234, 0.08510004271056712)
(-0.29011894293212676, 0.1970182527163234, 0.08510004271056712)
(-0.29011894293212676, 0.1970182527163234, 0.08510004271056712)
(-0.29011894293212676, 0.19695845025752534, 0.08508253568302228)
(-0.29011894293212676, 0.19689559487528793, 0.08504602030186992)
(-0.29011894293212676, 0.19683373002943083, 0.08499905852974535)
(-0.29011894293212676, 0.19677039502683194, 0.08494257203659383)
(-0.29011894293212676, 0.19670361065204087, 0.08487644311191446)
(-0.29011894293212676, 0.1966326253004178, 0.0847999811077593)
(-0.29011894293212676, 0.19655816372123053, 0.08471232748232554)
(-0.29011894293212676, 0.1964739575647325, 0.08460826016922601)
(-0.29011894293212676, 0.19638353285951526, 0.08449008550613891)
(-0.29011894293212676, 0.19630165065487168, 0.08436114040382706)
(-0.29011894293212676, 0.1962203740696702, 0.08422117302445271)
(-0.29011894293212676, 0.19614574034061458, 0.08407469353083737)
(-0.29011894293212676, 0.19609446706771222, 0.08393219123359215)
(-0.29011894293212676, 0.19606776771759662, 0.08380127366263083)
(-0.29011894293212676, 0.1960677708846577, 0.08369078774958355)
(-0.29011894293212676, 0.19609704843500392, 0.08361082655811905)
(-0.29011894293212676, 0.19614308022662397, 0.0835664781482592)
(-0.29011894293212676, 0.19621254979351863, 0.08357025264429671)
(-0.29011894293212676, 0.19631205841127147, 0.08363438348883166)
(-0.29011894293212676, 0.196448669379246, 0.08376988875930533)
(-0.29011894293212676, 0.19663073892254385, 0.08398893349427222)
(-0.29011894293212676, 0.1968810291663925, 0.0843098972482087)
(-0.29011894293212676, 0.1972011354811613, 0.08474091348984344)
(-0.29011894293212676, 0.1975934194931179, 0.08528991316680805)
(-0.29011894293212676, 0.19806234540469067, 0.08596753006819743)
(-0.29011894293212676, 0.19859856722180652, 0.08677386398216878)
(-0.29011894293212676, 0.19921420474071894, 0.08771999249496572)
(-0.29011894293212676, 0.19992050179527623, 0.08881760511049228)
(-0.29011894293212676, 0.20073119166909964, 0.09007605051858485)
(-0.29011894293212676, 0.2016620642511871, 0.09150447321740728)
(-0.29011894293212676, 0.2027393700251719, 0.09312030264211907)
(-0.29011894293212676, 0.20397615789105808, 0.09492673838226255)
(-0.29011894293212676, 0.20538770930367192, 0.09692756730819739)
(-0.29011894293212676, 0.20699032014218646, 0.09912451862210273)
(-0.29011894293212676, 0.20880454890517208, 0.10152009134209715)
(-0.29011894293212676, 0.21084430607487206, 0.10410670751832393)
(-0.29011894293212676, 0.21313429810208684, 0.10688932558189065)
(-0.29011894293212676, 0.21570002419005577, 0.10987177546976316)
(-0.29011894293212676, 0.21856947698372595, 0.11305930084695612)
(-0.29011894293212676, 0.22177154491424972, 0.11646476656889464)
(-0.29011894293212676, 0.22532890057627503, 0.1200758151585235)
(-0.29011894293212676, 0.22926615473016645, 0.12389970907344566)
(-0.29011894293212676, 0.23361158023014267, 0.12793432869709767)
(-0.29011894293212676, 0.23838309495278817, 0.132171759211239)
(-0.29011894293212676, 0.24360156542871847, 0.13659528512137697)
(-0.29011894293212676, 0.24928794836702894, 0.14121050928863452)
(-0.29011894293212676, 0.2554616488622384, 0.1459989593318891)
(-0.29011894293212676, 0.26213853059047665, 0.15095410627508776)
(-0.29011894293212676, 0.2693372861146433, 0.15608226029833153)
(-0.29011894293212676, 0.2770706167961311, 0.16137143695061418)
(-0.29011894293212676, 0.2854208346386493, 0.16682851539284457)
(-0.29011894293212676, 0.29435382360159, 0.17245037423751877)
(-0.29011894293212676, 0.303870740260438, 0.1782082486076313)
(-0.29011894293212676, 0.31397642043321794, 0.1840972327598959)
(-0.29011894293212676, 0.3246741873064857, 0.19011447692272088)
(-0.29011894293212676, 0.33596239035425896, 0.19625864575938376)
(-0.29011894293212676, 0.3478328809304754, 0.2025319940909122)
(-0.29011894293212676, 0.36028753739163627, 0.20895506972094055)
(-0.29011894293212676, 0.37331312910796205, 0.21553311979195885)
(-0.29011894293212676, 0.38686494082298745, 0.2222719462532749)
(-0.29011894293212676, 0.40093837552925154, 0.22918972074338437)
(-0.29011894293212676, 0.415499280036177, 0.23630178123839402)
(-0.29011894293212676, 0.4304858644800532, 0.24360983906419348)
(-0.29011894293212676, 0.44585052980387785, 0.25112636409072914)
(-0.29011894293212676, 0.46154008668352076, 0.25886240671142563)
(-0.29011894293212676, 0.47749052010814136, 0.26682942403068827)
(-0.29011894293212676, 0.49367757622330405, 0.275048496184377)
(-0.29011894293212676, 0.5100477275681562, 0.28352578467143674)
(-0.29011894293212676, 0.5265352694243568, 0.29226951294281445)
(-0.29011894293212676, 0.5430911007008513, 0.30128419037899823)
(-0.29011894293212676, 0.5596513009946438, 0.3105747552008011)
(-0.29011894293212676, 0.5761003581674976, 0.3201286778139372)
(-0.29011894293212676, 0.5923655598432503, 0.3299490832721778)
(-0.29011894293212676, 0.6083610732519706, 0.3400394425675044)
(-0.29011894293212676, 0.6239996123120901, 0.35039799793009047)
(-0.29011894293212676, 0.6392408943792952, 0.3610418595180052)
(-0.29011894293212676, 0.6540199697384327, 0.3719616600377243)
(-0.29011894293212676, 0.6682814178897358, 0.38314213713063044)
(-0.29011894293212676, 0.6819677548356693, 0.39457100044633)
(-0.29011894293212676, 0.6950249386733872, 0.40623152786984823)
(-0.29011894293212676, 0.707377185710308, 0.41808195061767706)
(-0.29011894293212676, 0.718979317728522, 0.4301032581660208)
(-0.29011894293212676, 0.7297899171707154, 0.44227198153096525)
(-0.29011894293212676, 0.7397772902341299, 0.4545624686158831)
(-0.29011894293212676, 0.7489132816790917, 0.4669478381495418)
(-0.29011894293212676, 0.7571955570823624, 0.47942288993919463)
(-0.29011894293212676, 0.764611861740512, 0.4919610245512717)
(-0.29011894293212676, 0.7711553783760084, 0.5045345637023886)
(-0.29011894293212676, 0.7768238079332908, 0.5171111795854171)
(-0.29011894293212676, 0.7816160474733749, 0.5296327256234622)
(-0.29011894293212676, 0.7855505616546521, 0.5420869200531322)
(-0.29011894293212676, 0.7886434897699939, 0.5544176660624263)
(-0.29011894293212676, 0.7909148760057308, 0.5665864043531093)
(-0.29011894293212676, 0.792400628296409, 0.5785584833888865)
(-0.29011894293212676, 0.7931386450707526, 0.5903222919107962)
(-0.29011894293212676, 0.7931696970626575, 0.6018201792069512)
(-0.29011894293212676, 0.792537873844403, 0.6130415308087134)
(-0.29011894293212676, 0.7912942237741825, 0.6239550351035581)
(-0.29011894293212676, 0.7894882400989067, 0.6345050932924841)
(-0.29011894293212676, 0.7871729264199459, 0.6446617181197875)
(-0.29011894293212676, 0.7844022381817615, 0.6544008640125015)
(-0.29011894293212676, 0.7812304564409678, 0.6637002070596355)
(-0.29011894293212676, 0.7777119643090574, 0.67256743193152)
(-0.29011894293212676, 0.7739057265549992, 0.68099019557646)
(-0.29011894293212676, 0.7698668473823499, 0.68896032966807)
(-0.29011894293212676, 0.7656499875587154, 0.6964753757287738)
(-0.29011894293212676, 0.7613103741622282, 0.703540063569472)
(-0.29011894293212676, 0.7568969623908774, 0.710144722474298)
(-0.29011894293212676, 0.7524556960798964, 0.7162928431098378)
(-0.29011894293212676, 0.7480429595309465, 0.7219924264047887)
(-0.29011894293212676, 0.7436879562045057, 0.7272483498039735)
(-0.29011894293212676, 0.7394251986100525, 0.7320680286764798)
(-0.29011894293212676, 0.7352949838601666, 0.7364707114698634)
(-0.29011894293212676, 0.731329209920673, 0.7404714687854611)
(-0.29011894293212676, 0.7275568624754424, 0.7440880280354243)
(-0.29011894293212676, 0.7240115458754174, 0.7473379225327004)
(-0.29011894293212676, 0.7206965822680308, 0.7502347242754779)
(-0.29011894293212676, 0.7176166140331041, 0.7527999881169085)
(-0.29011894293212676, 0.714780257935885, 0.7550529801951638)
(-0.29011894293212676, 0.7121689420169554, 0.757017280084807)
(-0.29011894293212676, 0.7097653998100935, 0.7587139124894888)
(-0.29011894293212676, 0.707583139781568, 0.760173100801081)
(-0.29011894293212676, 0.7056115568970913, 0.7614176929179945)
(-0.29011894293212676, 0.7038535289703765, 0.7624679640728034)
(-0.29011894293212676, 0.702317361595673, 0.76334293638275)
(-0.29011894293212676, 0.7009842065888192, 0.7640486135133993)
(-0.29011894293212676, 0.6998416695451832, 0.7646021692094069)
(-0.29011894293212676, 0.6988703830335821, 0.7650222447355279)
(-0.29011894293212676, 0.6980530931617441, 0.7653225525183514)
(-0.29011894293212676, 0.6973706800517145, 0.7655166838308987)
(-0.29011894293212676, 0.69682052410001, 0.765630794005538)
(-0.29011894293212676, 0.6963901228073042, 0.7656788747586663)
(-0.29011894293212676, 0.6960699667392467, 0.7656753645240781)
(-0.29011894293212676, 0.6958493943199373, 0.7656364989849846)
(-0.29011894293212676, 0.6957191818157595, 0.7655770222447735)
(-0.29011894293212676, 0.6956595631120741, 0.7654974678986797)
(-0.29011894293212676, 0.6956578998161871, 0.7654034670446583)
(-0.29011894293212676, 0.6957031185711897, 0.7652981983543952)
(-0.29011894293212676, 0.695784378474902, 0.7651829578078466)
(-0.29011894293212676, 0.6958956634593989, 0.7650725566217871)
(-0.29011894293212676, 0.6960243993866277, 0.7649577465041864)
(-0.29011894293212676, 0.6961654328272886, 0.7648511186205009)
(-0.29011894293212676, 0.6963120075502354, 0.7647549476866826)
(-0.29011894293212676, 0.6964575061196727, 0.7646721820799347)
(-0.29011894293212676, 0.696596492941709, 0.7645912242488302)
(-0.29011894293212676, 0.6967251814902928, 0.7645236721352282)
(-0.29011894293212676, 0.6968417977751242, 0.7644582541460714)
(-0.29011894293212676, 0.6969441892574879, 0.7643928289031718)
(-0.29011894293212676, 0.6970296546132435, 0.7643362210603815)
(-0.29011894293212676, 0.6970969892056318, 0.7642904218727913)
(-0.29011894293212676, 0.6971461967437484, 0.76425663240772)
(-0.29011894293212676, 0.6971778771845774, 0.764236196829172)
(-0.29011894293212676, 0.6971976781646927, 0.7642207030921251)
(-0.29011894293212676, 0.6972072829304601, 0.7642102277940463)
(-0.29011894293212676, 0.697210247860496, 0.7642050738508732)
(-0.29011894293212676, 0.697210247860496, 0.7642050738508732)
(-0.29011894293212676, 0.697210247860496, 0.7642050738508732)
(-0.29011894293212676, 0.697210247860496, 0.7642050738508732)
(-0.29011894293212676, 0.697210247860496, 0.7642050738508732)
(-0.29011894293212676, 0.697210247860496, 0.7642050738508732)
(-0.29011894293212676, 0.697210247860496, 0.7642050738508732)
(-0.29011894293212676, 0.697210247860496, 0.7642050738508732)
(-0.29011894293212676, 0.697210247860496, 0.7642050738508732)
(-0.29011894293212676, 0.697210247860496, 0.7642050738508732)
(-0.29011894293212676, 0.697210247860496, 0.7642050738508732)
(-0.29011894293212676, 0.697210247860496, 0.7642050738508732)
(-0.29011894293212676, 0.697210247860496, 0.7642050738508732)
(-0.29011894293212676, 0.697210247860496, 0.7642050738508732)
(-0.29011894293212676, 0.697210247860496, 0.7642050738508732)
(-0.29011894293212676, 0.697210247860496, 0.7642050738508732)
(-0.29011894293212676, 0.697210247860496, 0.7642050738508732)
(-0.29011894293212676, 0.697210247860496, 0.7642050738508732)
(-0.29011894293212676, 0.697210247860496, 0.7642050738508732)
(-0.29011894293212676, 0.697210247860496, 0.7642050738508732)
(-0.29011894293212676, 0.697210247860496, 0.7642050738508732)
(-0.29011894293212676, 0.697210247860496, 0.7642050738508732)
(-0.29011894293212676, 0.697210247860496, 0.7642050738508732)
(-0.29011894293212676, 0.697210247860496, 0.7642050738508732)
(-0.29011894293212676, 0.697210247860496, 0.7642050738508732)
(-0.29011894293212676, 0.697210247860496, 0.7642050738508732)
(-0.29011894293212676, 0.697210247860496, 0.7642050738508732)
(-0.29011894293212676, 0.697210247860496, 0.7642050738508732)
(-0.29011894293212676, 0.697210247860496, 0.7642050738508732)
(-0.29011894293212676, 0.697210247860496, 0.7642050738508732)
(-0.29011894293212676, 0.697210247860496, 0.7642050738508732)
(-0.29011894293212676, 0.697210247860496, 0.7642050738508732)
(-0.29011894293212676, 0.697210247860496, 0.7642050738508732)
(-0.29011894293212676, 0.697210247860496, 0.7642050738508732)
(-0.29011894293212676, 0.697210247860496, 0.7642050738508732)
(-0.29011894293212676, 0.697210247860496, 0.7642050738508732)
(-0.29011894293212676, 0.697210247860496, 0.7642050738508732)
(-0.29011894293212676, 0.697210247860496, 0.7642050738508732)
(-0.29011894293212676, 0.697210247860496, 0.7642050738508732)
(-0.29011894293212676, 0.697210247860496, 0.7642050738508732)
(-0.29011894293212676, 0.697210247860496, 0.7642050738508732)
(-0.29011894293212676, 0.697210247860496, 0.7642050738508732)
(-0.29011894293212676, 0.697210247860496, 0.7642050738508732)
(-0.29011894293212676, 0.697210247860496, 0.7642050738508732)
(-0.29011894293212676, 0.697210247860496, 0.7642050738508732)
(-0.29011894293212676, 0.697210247860496, 0.7642050738508732)
(-0.29011894293212676, 0.697210247860496, 0.7642050738508732)
(-0.29011894293212676, 0.697210247860496, 0.7642050738508732)
(-0.29011894293212676, 0.697210247860496, 0.7642050738508732)
(-0.29011894293212676, 0.697210247860496, 0.7642050738508732)
(-0.29011894293212676, 0.697210247860496, 0.7642050738508732)
(-0.29011894293212676, 0.697210247860496, 0.7642050738508732)
(-0.29011894293212676, 0.697210247860496, 0.7642050738508732)
(-0.29011894293212676, 0.697210247860496, 0.7642050738508732)
(-0.29011894293212676, 0.697210247860496, 0.7642050738508732)
(-0.29011894293212676, 0.697210247860496, 0.7642050738508732)
(-0.29011894293212676, 0.697210247860496, 0.7642050738508732)
(-0.29011894293212676, 0.697210247860496, 0.7642050738508732)
(-0.29011894293212676, 0.697210247860496, 0.7642050738508732)
(-0.29011894293212676, 0.697210247860496, 0.7642050738508732)
(-0.29011894293212676, 0.697210247860496, 0.7642050738508732)
(-0.29011894293212676, 0.697210247860496, 0.7642050738508732)
(-0.29011894293212676, 0.697210247860496, 0.7642050738508732)
(-0.29011894293212676, 0.697210247860496, 0.7642050738508732)
(-0.29011894293212676, 0.697210247860496, 0.7642050738508732)
(-0.29011894293212676, 0.697210247860496, 0.7642050738508732)
(-0.29011894293212676, 0.697210247860496, 0.7642050738508732)
(-0.29011894293212676, 0.697210247860496, 0.7642050738508732)
(-0.29011894293212676, 0.697210247860496, 0.7642050738508732)
(-0.29011894293212676, 0.697210247860496, 0.7642050738508732)
(-0.29011894293212676, 0.697210247860496, 0.7642050738508732)
(-0.29011894293212676, 0.697210247860496, 0.7642050738508732)
(-0.29011894293212676, 0.697210247860496, 0.7642050738508732)
(-0.29011894293212676, 0.697210247860496, 0.7642050738508732)
(-0.29011894293212676, 0.697210247860496, 0.7642050738508732)
(-0.29011894293212676, 0.697210247860496, 0.7642050738508732)
(-0.29011894293212676, 0.697210247860496, 0.7642050738508732)
(-0.29011894293212676, 0.697210247860496, 0.7642050738508732)
(-0.29011894293212676, 0.697210247860496, 0.7642050738508732)
(-0.29011894293212676, 0.697210247860496, 0.7642050738508732)
(-0.29011894293212676, 0.697210247860496, 0.7642050738508732)
(-0.29011894293212676, 0.697210247860496, 0.7642050738508732)
(-0.29011894293212676, 0.697210247860496, 0.7642050738508732)
(-0.29011894293212676, 0.697210247860496, 0.7642050738508732)
(-0.29011894293212676, 0.697210247860496, 0.7642050738508732)
(-0.29011894293212676, 0.697210247860496, 0.7642050738508732)
(-0.29011894293212676, 0.697210247860496, 0.7642050738508732)
(-0.29011894293212676, 0.697210247860496, 0.7642050738508732)
(-0.29011894293212676, 0.697210247860496, 0.7642050738508732)
(-0.29011894293212676, 0.697210247860496, 0.7642050738508732)
(-0.29011894293212676, 0.697210247860496, 0.7642050738508732)
(-0.29011894293212676, 0.697210247860496, 0.7642050738508732)
(-0.29011894293212676, 0.6972102478605368, 0.7642050738509175)
(-0.29011894293212676, 0.6972102478605368, 0.7642050738509175)
(-0.29011894293212676, 0.6972102478605368, 0.7642050738509176)
(-0.29011894293212676, 0.6972102478605368, 0.7642050738509176)
(-0.29011894293212676, 0.6972102478605368, 0.7642050738509176)
(-0.29011894293212676, 0.6972102478605368, 0.7642050738509176)
(-0.29011894293212676, 0.6972102478605368, 0.7642050738509176)
(-0.29011894293212676, 0.6972102478605368, 0.7642050738509176)
(-0.29011894293212676, 0.6972102478605368, 0.7642050738509176)
(-0.29011894293212676, 0.6972102478605368, 0.7642050738509176)
(-0.29011894293212676, 0.6972102478605368, 0.7642050738509176)
(-0.29011894293212676, 0.6972102478605368, 0.7642050738509177)
(-0.29011894293212676, 0.6972102478605368, 0.7642050738509177)
(-0.29011894293212676, 0.6972102478605368, 0.7642050738509177)
(-0.29011894293212676, 0.6972102478605368, 0.7642050738509177)
(-0.29011894293212676, 0.6972102478605368, 0.7642050738509177)
(-0.29011894293212676, 0.6972102478605368, 0.7642050738509177)
(-0.29011894293212676, 0.6972102478605368, 0.7642050738509177)
(-0.29011894293212676, 0.6972102478605368, 0.7642050738509177)
(-0.29011894293212676, 0.6972102478605368, 0.7642050738509178)
(-0.29011894293212676, 0.6972102478605368, 0.7642050738509178)
(-0.29011894293212676, 0.6972102478605368, 0.7642050738509178)
(-0.29011894293212676, 0.6972102478605368, 0.7642050738509178)
(-0.29011894293212676, 0.6972102478605368, 0.7642050738509178)
(-0.29011894293212676, 0.6972102478605368, 0.7642050738509178)
