(-204.7326, 3.590775, -9.427357)
(-204.1016, 4.874706, -9.199595)
(-203.1357, 7.732153, -9.281421)
(-202.7804, 9.053898, -9.416556)
(-201.602, 12.54835, -9.714735)
(-200.7938, 15.40885, -9.803926)
(-199.5395, 20.49701, -9.488499)
(-197.8868, 25.59084, -8.883405)
(-197.1473, 27.97149, -8.597517)
(-194.0215, 35.51369, -7.736599)
(-192.8706, 37.79129, -7.413387)
(-190.5632, 41.98183, -6.912088)
(-187.8956, 44.6348, -6.259584)
(-186.7092, 46.26619, -5.949783)
(-185.3335, 47.09765, -5.482411)
(-182.7547, 48.70313, -4.63177)
(-181.5687, 48.86242, -4.241991)
(-178.279, 48.41994, -3.423309)
(-177.2766, 47.52731, -3.180373)
(-175.3105, 44.96981, -2.491856)
(-174.3663, 43.36454, -2.124929)
(-172.5283, 39.90627, -1.597238)
(-170.9904, 35.67276, -1.493871)
(-170.2875, 33.36041, -1.629329)
(-168.8813, 28.52737, -2.04792)
(-168.2506, 26.06638, -2.274215)
(-167.0528, 18.37702, -3.414333)
(-166.7796, 13.92434, -4.368877)
(-166.8801, 12.10637, -4.886448)
(-166.804, 8.76658, -5.384195)
(-166.8761, 7.212424, -5.230331)
(-166.9534, 5.170012, -4.429638)
(-166.8724, 3.99797, -4.237556)
(-167.0799, 2.380133, -4.408419)
(-167.541, 0.9995699, -5.370712)
(-167.8641, 1.148438, -5.304003)
