(0.3164431, 4.75186, 5.271955)
(0.316977, 4.753369, 5.272098)
(0.318891, 4.753793, 5.270869)
(0.3208368, 4.75414, 5.270402)
(0.320818, 4.758873, 5.271956)
(0.3210545, 4.76156, 5.272312)
(0.3203004, 4.761481, 5.272156)
(0.3196414, 4.757786, 5.271443)
(0.3199053, 4.75413, 5.27011)
(0.3199928, 4.753217, 5.269328)
(0.3203658, 4.754563, 5.268542)
(0.3210304, 4.756586, 5.267844)
(0.3219185, 4.75796, 5.267305)
(0.3228954, 4.758379, 5.266705)
(0.3234563, 4.758495, 5.266063)
(0.3234835, 4.758101, 5.265685)
(0.3224815, 4.757133, 5.264896)
(0.3218683, 4.755992, 5.263856)
(0.3221839, 4.755655, 5.26312)
(0.322624, 4.755291, 5.262296)
(0.3237033, 4.756662, 5.261643)
(0.3241455, 4.757731, 5.261359)
(0.3244407, 4.757591, 5.261229)
(0.3246958, 4.757094, 5.260713)
(0.324769, 4.755993, 5.260174)
(0.3255724, 4.753925, 5.258498)
(0.3274249, 4.755711, 5.258095)
(0.3292576, 4.758734, 5.257588)
(0.3309072, 4.759742, 5.257068)
(0.3320232, 4.761707, 5.257331)
(0.332975, 4.760882, 5.256252)
(0.3341144, 4.759589, 5.255273)
(0.3346655, 4.759957, 5.254478)
(0.3361143, 4.761449, 5.253809)
(0.3376118, 4.763254, 5.253593)
(0.3394524, 4.764713, 5.253376)
(0.3412155, 4.76513, 5.2526)
(0.3428883, 4.765962, 5.252124)
(0.3463024, 4.767995, 5.252571)
(0.3478859, 4.769712, 5.252244)
(0.3493877, 4.770388, 5.252071)
(0.3511857, 4.771455, 5.250875)
(0.3539017, 4.775444, 5.25153)
(0.3579249, 4.784201, 5.253134)
(0.3601247, 4.794525, 5.255366)
(0.3616303, 4.797305, 5.256044)
(0.363192, 4.796471, 5.256134)
(0.3640983, 4.790505, 5.254904)
(0.3658706, 4.789509, 5.255387)
(0.3683031, 4.789452, 5.256885)
(0.3700934, 4.79046, 5.258256)
(0.3699286, 4.79006, 5.259141)
(0.3709884, 4.789125, 5.260395)
(0.3736567, 4.791918, 5.263454)
(0.3751256, 4.791506, 5.265639)
(0.3758681, 4.78862, 5.267652)
(0.3762159, 4.788297, 5.27)
(0.3773803, 4.785744, 5.271479)
(0.3782127, 4.783633, 5.272097)
(0.3788883, 4.781927, 5.272281)
(0.3807913, 4.780811, 5.271309)
(0.3816106, 4.779853, 5.270267)
(0.3821022, 4.78111, 5.267458)
(0.3830924, 4.782158, 5.267617)
(0.3835588, 4.780782, 5.266509)
(0.3834205, 4.776881, 5.265355)
(0.3848098, 4.775656, 5.266413)
(0.3847941, 4.774532, 5.267663)
(0.3844747, 4.773475, 5.268507)
(0.3836483, 4.76938, 5.268376)
(0.3830472, 4.764505, 5.267756)
(0.3820314, 4.761816, 5.266829)
(0.3798772, 4.759717, 5.265848)
(0.3789429, 4.758875, 5.265072)
(0.3791788, 4.758974, 5.264434)
(0.3791143, 4.756017, 5.263676)
(0.3784389, 4.753092, 5.26264)
(0.3780275, 4.749765, 5.261391)
(0.3786039, 4.747808, 5.260678)
(0.3789663, 4.746111, 5.26014)
(0.3779908, 4.742741, 5.259294)
(0.3779027, 4.738261, 5.258021)
(0.3776856, 4.735583, 5.256781)
(0.3754621, 4.734151, 5.255744)
(0.3740942, 4.736838, 5.255708)
(0.3744604, 4.738915, 5.255673)
(0.3741335, 4.738752, 5.254628)
(0.3739327, 4.737704, 5.252892)
(0.3739817, 4.739639, 5.251766)
(0.3745454, 4.743015, 5.251423)
(0.3756011, 4.746712, 5.251276)
(0.3755946, 4.747296, 5.250635)
(0.3753996, 4.746338, 5.249296)
(0.3736304, 4.742409, 5.246257)
(0.3739977, 4.741149, 5.242229)
(0.3744005, 4.741969, 5.239888)
(0.377053, 4.746507, 5.237065)
(0.3767119, 4.748189, 5.233948)
(0.3753415, 4.746003, 5.230095)
(0.3750419, 4.74389, 5.227128)
(0.3746404, 4.740893, 5.223484)
(0.3748363, 4.738, 5.219809)
(0.375615, 4.735849, 5.216103)
(0.3759262, 4.735235, 5.211841)
(0.3762282, 4.736394, 5.208683)
(0.3772437, 4.737694, 5.206016)
(0.3773912, 4.735334, 5.203282)
(0.3771091, 4.731254, 5.199482)
(0.3765374, 4.72789, 5.196795)
(0.3750248, 4.725201, 5.193722)
(0.3738572, 4.725505, 5.192224)
(0.3724858, 4.72362, 5.189976)
(0.3694017, 4.720441, 5.187445)
(0.3683144, 4.71894, 5.185213)
(0.3673878, 4.718777, 5.183542)
(0.3651529, 4.717505, 5.181766)
(0.3631145, 4.715004, 5.179543)
(0.3611588, 4.712759, 5.177282)
(0.3595649, 4.710623, 5.174877)
(0.3588107, 4.709196, 5.172252)
(0.3571633, 4.706907, 5.169212)
(0.3553569, 4.705388, 5.164948)
(0.3532864, 4.704237, 5.161246)
(0.3534185, 4.705059, 5.15802)
(0.3529468, 4.706105, 5.155503)
(0.3503365, 4.70189, 5.151957)
(0.3478129, 4.697736, 5.148339)
(0.3441509, 4.691133, 5.144261)
(0.3420801, 4.686654, 5.140499)
(0.3405074, 4.683211, 5.13656)
(0.3389712, 4.679295, 5.132085)
(0.3359753, 4.674171, 5.126822)
(0.3334333, 4.671081, 5.121223)
(0.3310086, 4.668609, 5.116439)
(0.3288933, 4.667904, 5.11267)
(0.3269928, 4.665336, 5.1092)
(0.3213115, 4.657047, 5.105431)
(0.3156958, 4.645751, 5.101398)
(0.3092147, 4.633568, 5.097048)
(0.303425, 4.622766, 5.092507)
(0.2984895, 4.613256, 5.088112)
(0.2941649, 4.605234, 5.083772)
(0.2901286, 4.598623, 5.078355)
(0.2876644, 4.593824, 5.072093)
(0.2856385, 4.588658, 5.065077)
(0.2869686, 4.58391, 5.056444)
(0.2883959, 4.581598, 5.044047)
(0.2880363, 4.576581, 5.031493)
(0.2853437, 4.562077, 5.017607)
(0.2833841, 4.553688, 5.005593)
(0.2803128, 4.544991, 4.989422)
(0.2776567, 4.538294, 4.971788)
(0.2816989, 4.535768, 4.949653)
(0.2857983, 4.535987, 4.927946)
(0.2955217, 4.537089, 4.8995)
(0.3004302, 4.538918, 4.863867)
(0.2979283, 4.522727, 4.827222)
(0.276024, 4.49076, 4.79636)
(0.2587699, 4.467832, 4.76811)
(0.2411325, 4.446593, 4.737788)
(0.2379327, 4.440613, 4.705844)
(0.2418679, 4.437857, 4.675154)
(0.2483886, 4.444599, 4.651049)
(0.2547421, 4.448118, 4.631064)
(0.2553641, 4.444458, 4.611116)
(0.2536427, 4.434869, 4.59094)
(0.253492, 4.42588, 4.57542)
(0.2546081, 4.417608, 4.558944)
(0.255239, 4.41221, 4.545171)
(0.2604002, 4.406553, 4.536135)
(0.2670154, 4.40176, 4.529255)
(0.2737999, 4.399282, 4.521268)
(0.2862581, 4.397311, 4.519571)
(0.2996095, 4.395627, 4.519865)
(0.3115764, 4.394265, 4.523563)
(0.3191529, 4.394919, 4.529984)
(0.3269073, 4.394907, 4.535072)
(0.3360014, 4.397119, 4.546206)
(0.3464301, 4.399728, 4.555705)
(0.3522495, 4.403111, 4.575958)
(0.3586396, 4.402865, 4.590509)
(0.3628024, 4.405082, 4.610161)
(0.3658423, 4.40993, 4.634152)
(0.3699127, 4.416988, 4.657806)
(0.3736879, 4.426786, 4.684129)
(0.3789936, 4.438038, 4.709306)
(0.387897, 4.455372, 4.739451)
(0.3969744, 4.47443, 4.771519)
(0.4033653, 4.492856, 4.804559)
(0.4085462, 4.509043, 4.836371)
(0.4127484, 4.525354, 4.870085)
(0.4166932, 4.54287, 4.904081)
(0.4187165, 4.560807, 4.941392)
(0.4176768, 4.573563, 4.973219)
(0.417567, 4.58616, 5.004156)
(0.4184054, 4.600639, 5.034873)
(0.4225588, 4.621058, 5.066052)
(0.4265571, 4.644447, 5.097126)
(0.4268404, 4.66506, 5.127201)
(0.4254797, 4.681873, 5.153656)
(0.4251936, 4.696926, 5.177289)
(0.4247033, 4.715215, 5.203492)
(0.4216838, 4.724904, 5.215899)
(0.4177805, 4.731464, 5.229973)
(0.4122816, 4.727958, 5.234843)
(0.4077704, 4.725869, 5.241298)
(0.4047011, 4.716959, 5.237694)
(0.4028022, 4.717611, 5.240914)
(0.4017105, 4.719862, 5.241191)
(0.4026046, 4.724093, 5.241563)
(0.4028729, 4.730221, 5.243025)
(0.4007285, 4.740366, 5.239013)
(0.3979337, 4.747885, 5.237354)
(0.4056312, 4.757426, 5.232809)
(0.4188688, 4.774154, 5.221594)
(0.4420871, 4.777082, 5.210256)
(0.4507342, 4.759562, 5.195039)
(0.4314397, 4.721351, 5.174621)
(0.3890007, 4.702189, 5.161376)
(0.392377, 4.702438, 5.152317)
(0.4104587, 4.712174, 5.153283)
(0.4175162, 4.729533, 5.154096)
(0.4284052, 4.749555, 5.154777)
(0.4374663, 4.770638, 5.146762)
(0.4277713, 4.757625, 5.138342)
(0.4282326, 4.747717, 5.132712)
(0.4332957, 4.733634, 5.12107)
(0.4393671, 4.732479, 5.118245)
(0.4429489, 4.718142, 5.107713)
(0.446848, 4.720683, 5.105171)
(0.4429905, 4.725418, 5.104085)
(0.443625, 4.73523, 5.099993)
(0.4390106, 4.73234, 5.092953)
(0.4420657, 4.725852, 5.089316)
(0.4469974, 4.724134, 5.086742)
(0.4542091, 4.722851, 5.086632)
(0.4576889, 4.721219, 5.084902)
(0.4590321, 4.719265, 5.082084)
(0.4582497, 4.715983, 5.079025)
(0.4583807, 4.713536, 5.076056)
(0.4552444, 4.714084, 5.073892)
(0.4504786, 4.721379, 5.07432)
(0.4526494, 4.728753, 5.076034)
(0.4546177, 4.730054, 5.076331)
(0.4554431, 4.729315, 5.078813)
(0.4545158, 4.726769, 5.080153)
(0.4529075, 4.727331, 5.082507)
(0.4528923, 4.730762, 5.086728)
(0.452899, 4.733257, 5.089962)
(0.4511567, 4.734887, 5.093737)
(0.4514608, 4.73586, 5.098027)
(0.451927, 4.73882, 5.103441)
(0.4516006, 4.741718, 5.108468)
(0.4502497, 4.743975, 5.113983)
(0.4503374, 4.745956, 5.120598)
(0.4502706, 4.746109, 5.126191)
(0.4482243, 4.748456, 5.134533)
(0.4464894, 4.752996, 5.142887)
(0.4453811, 4.752528, 5.150502)
(0.4455603, 4.752103, 5.159526)
(0.4450239, 4.751974, 5.167453)
(0.4430276, 4.751213, 5.175072)
(0.440281, 4.752468, 5.183775)
(0.4378642, 4.753356, 5.19279)
(0.4349383, 4.749448, 5.200082)
(0.4313876, 4.743065, 5.20808)
(0.4278145, 4.742984, 5.217309)
(0.4240728, 4.739528, 5.224444)
(0.4208801, 4.739218, 5.232306)
(0.420875, 4.743403, 5.242793)
(0.418812, 4.741006, 5.250396)
(0.4162661, 4.740028, 5.257066)
(0.4133882, 4.737854, 5.262853)
(0.4106793, 4.732944, 5.267158)
(0.4073035, 4.731409, 5.272902)
(0.4035147, 4.730298, 5.27757)
(0.4003697, 4.726697, 5.281293)
(0.3985787, 4.729012, 5.286909)
(0.3951162, 4.729437, 5.291578)
(0.3919473, 4.729609, 5.297068)
(0.3904475, 4.731184, 5.302893)
(0.3892891, 4.726352, 5.306667)
(0.3887314, 4.724337, 5.310025)
(0.386373, 4.72171, 5.311755)
(0.3844719, 4.722751, 5.315393)
(0.3834427, 4.727504, 5.319211)
(0.3822267, 4.726615, 5.321778)
(0.3814804, 4.727139, 5.325577)
(0.3803263, 4.727335, 5.328974)
(0.3781702, 4.721586, 5.329982)
(0.37751, 4.718472, 5.330884)
(0.3777652, 4.717465, 5.330345)
(0.3771457, 4.719567, 5.330544)
(0.3775754, 4.726742, 5.33143)
(0.3777055, 4.732298, 5.331416)
(0.3779669, 4.729986, 5.329861)
(0.3777617, 4.727454, 5.32894)
(0.3773594, 4.721603, 5.327153)
(0.3770353, 4.713092, 5.32455)
(0.3758855, 4.706362, 5.321252)
(0.3754039, 4.702374, 5.317759)
(0.3768752, 4.705777, 5.315079)
(0.3768988, 4.70994, 5.31216)
(0.376725, 4.716298, 5.310006)
(0.3768997, 4.719496, 5.308377)
(0.3760267, 4.718528, 5.306196)
(0.3737604, 4.713877, 5.304018)
(0.3723567, 4.711167, 5.302155)
(0.3710084, 4.708175, 5.299929)
(0.3708, 4.705736, 5.298036)
(0.3712847, 4.707402, 5.296479)
(0.3709239, 4.715108, 5.297297)
(0.3698907, 4.720323, 5.298175)
(0.3684415, 4.720251, 5.298603)
(0.3667617, 4.714077, 5.296798)
(0.366009, 4.710856, 5.295572)
(0.3642272, 4.712627, 5.295312)
(0.3636532, 4.715395, 5.294514)
(0.3628874, 4.71301, 5.292567)
(0.3618232, 4.713512, 5.289772)
(0.3645559, 4.718711, 5.288203)
(0.3614546, 4.724438, 5.28576)
(0.3571213, 4.72309, 5.284399)
(0.3525788, 4.723111, 5.280807)
(0.3501323, 4.715872, 5.278377)
(0.3469591, 4.715834, 5.276125)
(0.3446263, 4.719597, 5.276225)
(0.3433102, 4.723618, 5.279137)
(0.3411875, 4.723054, 5.279616)
(0.3396824, 4.719547, 5.280313)
(0.3380155, 4.715736, 5.281453)
(0.3363666, 4.712855, 5.281526)
(0.3345361, 4.70994, 5.281439)
(0.3329604, 4.708642, 5.280458)
(0.3321151, 4.709494, 5.27977)
(0.3315592, 4.71079, 5.279391)
(0.3313369, 4.71501, 5.279408)
(0.3303503, 4.718684, 5.279696)
(0.3290855, 4.719181, 5.279667)
(0.3270797, 4.718126, 5.279273)
(0.3256284, 4.71626, 5.278922)
(0.324311, 4.715335, 5.278531)
(0.3230873, 4.715335, 5.27847)
(0.3217939, 4.714314, 5.277788)
(0.32084, 4.713375, 5.27659)
(0.3203577, 4.712065, 5.275115)
(0.3204248, 4.712586, 5.273729)
(0.320392, 4.714668, 5.272721)
(0.3202195, 4.716686, 5.271771)
(0.3200824, 4.718002, 5.270869)
(0.3192046, 4.717466, 5.269875)
(0.3184015, 4.717104, 5.268956)
(0.3177036, 4.716454, 5.268251)
(0.3172086, 4.716182, 5.267888)
(0.3167531, 4.71644, 5.268162)
(0.3161806, 4.717819, 5.268713)
(0.3150133, 4.717471, 5.269116)
(0.3142367, 4.715818, 5.269449)
(0.3130277, 4.714202, 5.269874)
(0.3123454, 4.713652, 5.269527)
(0.3115736, 4.713515, 5.269485)
(0.3112861, 4.713781, 5.269027)
(0.3111044, 4.714545, 5.26883)
(0.3112281, 4.716105, 5.268652)
(0.3106825, 4.716902, 5.268637)
(0.310252, 4.716393, 5.268235)
(0.3098395, 4.715858, 5.267978)
(0.3095215, 4.71521, 5.267569)
(0.3087616, 4.715086, 5.267193)
(0.3085367, 4.714898, 5.267172)
(0.3082548, 4.714773, 5.266896)
(0.3079593, 4.713865, 5.266279)
(0.3082352, 4.714155, 5.266246)
(0.3078949, 4.715662, 5.266339)
(0.3076403, 4.716444, 5.266559)
(0.3072551, 4.716723, 5.266815)
(0.3065366, 4.716123, 5.266901)
(0.305753, 4.714628, 5.267127)
