(0.7902335936108602, -0.07098585135078021, 0.2943648766648478)
(0.7902335936108602, -0.07133538874504106, 0.2942356953651163)
(0.7902335936108602, -0.0716702003560839, 0.29410898015199716)
(0.7902335936108602, -0.07199028618390876, 0.2939847310254904)
(0.7902335936108602, -0.07229564622851563, 0.293862947985596)
(0.7902335936108602, -0.0725862804899045, 0.293743631032314)
(0.7902335936108602, -0.07286218896807538, 0.29362678016564436)
(0.7902335936108602, -0.07312337166302825, 0.29351239538558704)
(0.7902335936108602, -0.07336982857476315, 0.29340047669214214)
(0.7902335936108602, -0.07360155970328004, 0.2932910240853096)
(0.7902335936108602, -0.07381856504857895, 0.2931840375650895)
(0.7902335936108602, -0.07402084461065986, 0.29307951713148167)
(0.7902335936108602, -0.07420839838952277, 0.2929774627844863)
(0.7902335936108602, -0.0743812263851677, 0.2928778745241032)
(0.7902335936108602, -0.07453932859759463, 0.2927807523503325)
(0.7902335936108602, -0.07468270502680358, 0.2926860962631742)
(0.7902335936108602, -0.07481135567279451, 0.2925939062626283)
(0.7902335936108602, -0.07492528053556746, 0.29250418234869474)
(0.7902335936108602, -0.07502447961512242, 0.2924169245213735)
(0.7902335936108602, -0.07510895291145939, 0.2923321327806647)
(0.7902335936108602, -0.07517870042457836, 0.2922498071265683)
(0.7902335936108602, -0.07523372215447933, 0.2921699475590842)
(0.7902335936108602, -0.07527401810116233, 0.2920925540782125)
(0.7902335936108602, -0.07529958826462732, 0.29201762668395315)
(0.7902335936108602, -0.07531043264487432, 0.2919451653763062)
(0.7902335936108602, -0.0755599565647086, 0.2918410778599725)
(0.7902335936108602, -0.07582178724877274, 0.29177209471136123)
(0.7902335936108602, -0.07609084504638511, 0.29170141272180355)
(0.7902335936108602, -0.07636003903980737, 0.2916279252060412)
(0.7902335936108602, -0.07662137096437134, 0.29155006736045486)
(0.7902335936108602, -0.07686607673112307, 0.29146625551653216)
(0.7902335936108602, -0.07708426822179737, 0.29137531709572445)
(0.7902335936108602, -0.07726452817515073, 0.2912763502441367)
(0.7902335936108602, -0.0773940430971234, 0.29116810326850345)
(0.7902335936108602, -0.07745980685616631, 0.29105044843216926)
(0.7902335936108602, -0.07744719564862604, 0.2909232236305083)
(0.7902335936108602, -0.07734134077467883, 0.290787418526806)
(0.7902335936108602, -0.07712627042338041, 0.29064464753907987)
(0.7902335936108602, -0.07678554999955359, 0.2904961054465269)
(0.7902335936108602, -0.07630174929777335, 0.2903434656962596)
(0.7902335936108602, -0.07565673009194322, 0.29018918680985517)
(0.7902335936108602, -0.0748326878234232, 0.2900364387266498)
(0.7902335936108602, -0.07381753982872666, 0.2898907340040073)
(0.7902335936108602, -0.07259468210977958, 0.289757843359046)
(0.7902335936108602, -0.07114720532324478, 0.28964212491089275)
(0.7902335936108602, -0.06945929929267725, 0.289549805746071)
(0.7902335936108602, -0.06751674261577838, 0.28948842732276886)
(0.7902335936108602, -0.06530636286729687, 0.28946588537390855)
(0.7902335936108602, -0.06281648968356286, 0.289491084243793)
(0.7902335936108602, -0.06003771801237717, 0.28957440319685707)
(0.7902335936108602, -0.05696601094421631, 0.28972453050895003)
(0.7902335936108602, -0.05359755783283993, 0.28995394896516935)
(0.7902335936108602, -0.04993211468957638, 0.2902749802773627)
(0.7902335936108602, -0.04597131482808534, 0.2907014097029662)
(0.7902335936108602, -0.04172010320912792, 0.29124569368875597)
(0.7902335936108602, -0.03718681098991511, 0.29192096809615503)
(0.7902335936108602, -0.03238290207284703, 0.292742212606188)
(0.7902335936108602, -0.02732355010736985, 0.2937262486262824)
(0.7902335936108602, -0.02203123468766784, 0.294894658710476)
(0.7902335936108602, -0.01652996229212806, 0.29626880219186025)
(0.7902335936108602, -0.010845061575833963, 0.2978685746106437)
(0.7902335936108602, -0.0050071781238877604, 0.29971452919939423)
(0.7902335936108602, 0.0009492169233064575, 0.3018292894444284)
(0.7902335936108602, 0.006988955730886296, 0.3042328587011788)
(0.7902335936108602, 0.013072529064564145, 0.3069462989788591)
(0.7902335936108602, 0.019162357540109917, 0.3099884540524661)
(0.7902335936108602, 0.025221008062752744, 0.31337333184305166)
(0.7902335936108602, 0.031211817760786985, 0.31711283364254295)
(0.7902335936108602, 0.037099990152182516, 0.3212154749412671)
(0.7902335936108602, 0.042850267722016874, 0.32568662153164)
(0.7902335936108602, 0.04842941345240925, 0.33052833252820035)
(0.7902335936108602, 0.05380616479476501, 0.3357417956596419)
(0.7902335936108602, 0.058950838118895836, 0.3413261167027354)
(0.7902335936108602, 0.06383626188361073, 0.3472751938228704)
(0.7902335936108602, 0.06843819483787915, 0.3535806313334714)
(0.7902335936108602, 0.07273383430146776, 0.3602325364288598)
(0.7902335936108602, 0.07670472432028008, 0.36721634758749017)
(0.7902335936108602, 0.08033492130194574, 0.37451462766112564)
(0.7902335936108602, 0.08360986330408011, 0.38210666619484884)
(0.7902335936108602, 0.08651839821218944, 0.3899697969378194)
(0.7902335936108602, 0.08905359802653498, 0.39807932565564486)
(0.7902335936108602, 0.09121265233391428, 0.406407630677628)
(0.7902335936108602, 0.09299593670974726, 0.41492487768688113)
(0.7902335936108602, 0.09440657940061133, 0.42360046652027605)
(0.7902335936108602, 0.0954526952830209, 0.43240054297742514)
(0.7902335936108602, 0.09614435938167598, 0.4412907411771265)
(0.7902335936108602, 0.09649536100475205, 0.4502340294170298)
(0.7902335936108602, 0.0965216341169666, 0.45919207389589506)
(0.7902335936108602, 0.09624179418732795, 0.46812806321281575)
(0.7902335936108602, 0.09567576063933093, 0.4770053247372011)
(0.7902335936108602, 0.09484361605573016, 0.4857875300203207)
(0.7902335936108602, 0.09376674835868144, 0.49443854121606545)
(0.7902335936108602, 0.09248023748041277, 0.5029194375132688)
(0.7902335936108602, 0.09101280081219612, 0.5111929302458603)
(0.7902335936108602, 0.08939195072187216, 0.5192280482298015)
(0.7902335936108602, 0.0876455721432007, 0.5269940945853377)
(0.7902335936108602, 0.08580175338893647, 0.5344609033009241)
(0.7902335936108602, 0.08388746898935287, 0.541602441723034)
(0.7902335936108602, 0.08192805354706072, 0.548396039238909)
(0.7902335936108602, 0.079948698612592, 0.5548218589164446)
(0.7902335936108602, 0.07797271486047071, 0.5608655352500812)
(0.7902335936108602, 0.0760208921943528, 0.5665156571876138)
(0.7902335936108602, 0.07411299985793907, 0.5717639809750081)
(0.7902335936108602, 0.07226509093936657, 0.5766060155918862)
(0.7902335936108602, 0.07049052782522551, 0.5810431062457012)
(0.7902335936108602, 0.06880098033666329, 0.5850804339442054)
(0.7902335936108602, 0.06720505367245459, 0.5887273263185311)
(0.7902335936108602, 0.06570857624750562, 0.5919965016496133)
(0.7902335936108602, 0.06430099592194703, 0.5949189301332681)
(0.7902335936108602, 0.06298567132036516, 0.5975107817114457)
(0.7902335936108602, 0.06176135567395477, 0.5997922402583507)
(0.7902335936108602, 0.06062704821053655, 0.6017839558012487)
(0.7902335936108602, 0.05958173070734803, 0.6035056715016884)
(0.7902335936108602, 0.05862378812265341, 0.6049770859715488)
(0.7902335936108602, 0.05775353624239546, 0.6062160475276145)
(0.7902335936108602, 0.05696916328000505, 0.6072405167296575)
(0.7902335936108602, 0.05626810449162081, 0.60806993573409)
(0.7902335936108602, 0.055646776195729344, 0.6087236410940458)
(0.7902335936108602, 0.05510013507289106, 0.609221528864152)
(0.7902335936108602, 0.05462351497811284, 0.6095835451364044)
(0.7902335936108602, 0.05421119858037317, 0.6098302315781742)
(0.7902335936108602, 0.053857382484707686, 0.6099796198100619)
(0.7902335936108602, 0.053556519558114885, 0.6100481112417039)
(0.7902335936108602, 0.05330237934292624, 0.6100520216590375)
(0.7902335936108602, 0.053088692111510766, 0.6100058725402776)
(0.7902335936108602, 0.05290975209893166, 0.6099220876083004)
(0.7902335936108602, 0.05275908570648043, 0.6098127234652588)
(0.7902335936108602, 0.052631010898952155, 0.6096886652066142)
(0.7902335936108602, 0.052521205563729245, 0.6095594803885532)
(0.7902335936108602, 0.05242615319402674, 0.6094330772247557)
(0.7902335936108602, 0.05234270551658177, 0.6093155468576993)
(0.7902335936108602, 0.052267839352671666, 0.6092118630312618)
(0.7902335936108602, 0.052199000228957404, 0.6091256053828068)
(0.7902335936108602, 0.052134469369691724, 0.6090584890042761)
(0.7902335936108602, 0.052072140785849666, 0.6090118079767195)
(0.7902335936108602, 0.05201084396509599, 0.6089852772429891)
(0.7902335936108602, 0.051949718881644125, 0.608978462957262)
(0.7902335936108602, 0.05188864148426246, 0.6089904454209264)
(0.7902335936108602, 0.05182791112086939, 0.6090185080546605)
(0.7902335936108602, 0.05176857514573191, 0.6090591187906382)
(0.7902335936108602, 0.05171336908255038, 0.6091078983656368)
(0.7902335936108602, 0.05166629855614249, 0.6091604101775735)
(0.7902335936108602, 0.05162511300798843, 0.6092141967829285)
(0.7902335936108602, 0.05159011425046241, 0.6092671105014761)
(0.7902335936108602, 0.05156221027815994, 0.6093148609240447)
(0.7902335936108602, 0.05154200398535454, 0.6093542700142003)
(0.7902335936108602, 0.05152983536323573, 0.6093842860893371)
(0.7902335936108602, 0.05152591826377108, 0.6094040028959306)
(0.7902335936108602, 0.051530674479896815, 0.6094131304015602)
(0.7902335936108602, 0.0515433199714886, 0.6094122737539411)
(0.7902335936108602, 0.05156284031790298, 0.6094013751547676)
(0.7902335936108602, 0.05158788590424465, 0.6093815756692241)
(0.7902335936108602, 0.0516161906792027, 0.6093553522320498)
(0.7902335936108602, 0.05164558433915965, 0.6093259496584387)
(0.7902335936108602, 0.05167360319637701, 0.6092968331003921)
(0.7902335936108602, 0.05169661508254658, 0.6092724696788471)
(0.7902335936108602, 0.051710473216340216, 0.6092575856874298)
(0.7902335936108602, 0.051710473216340216, 0.6092575856874298)
(0.7902335936108602, 0.051710473216340216, 0.6092575856874298)
(0.7902335936108602, 0.051710473216340216, 0.6092575856874298)
(0.7902335936108602, 0.051710473216340216, 0.6092575856874298)
(0.7902335936108602, 0.051710473216340216, 0.6092575856874298)
(0.7902335936108602, 0.051710473216340216, 0.6092575856874298)
(0.7902335936108602, 0.051710473216340216, 0.6092575856874298)
(0.7902335936108602, 0.051710473216340216, 0.6092575856874298)
(0.7902335936108602, 0.051710473216340216, 0.6092575856874298)
(0.7902335936108602, 0.051710473216340216, 0.6092575856874298)
(0.7902335936108602, 0.051710473216340216, 0.6092575856874298)
(0.7902335936108602, 0.051710473216340216, 0.6092575856874298)
(0.7902335936108602, 0.051710473216340216, 0.6092575856874298)
(0.7902335936108602, 0.051710473216340216, 0.6092575856874298)
(0.7902335936108602, 0.051710473216340216, 0.6092575856874298)
(0.7902335936108602, 0.051710473216340216, 0.6092575856874298)
(0.7902335936108602, 0.051710473216340216, 0.6092575856874298)
(0.7902335936108602, 0.051710473216340216, 0.6092575856874298)
(0.7902335936108602, 0.051710473216340216, 0.6092575856874298)
(0.7902335936108602, 0.051710473216340216, 0.6092575856874298)
(0.7902335936108602, 0.051710473216340216, 0.6092575856874298)
(0.7902335936108602, 0.051710473216340216, 0.6092575856874298)
(0.7902335936108602, 0.051710473216340216, 0.6092575856874298)
(0.7902335936108602, 0.051710473216340216, 0.6092575856874298)
(0.7902335936108602, 0.051710473216340216, 0.6092575856874298)
(0.7902335936108602, 0.051710473216340216, 0.6092575856874298)
(0.7902335936108602, 0.051710473216340216, 0.6092575856874298)
(0.7902335936108602, 0.051710473216340216, 0.6092575856874298)
(0.7902335936108602, 0.051710473216340216, 0.6092575856874298)
(0.7902335936108602, 0.051710473216340216, 0.6092575856874298)
(0.7902335936108602, 0.051710473216340216, 0.6092575856874298)
(0.7902335936108602, 0.051710473216340216, 0.6092575856874298)
(0.7902335936108602, 0.051710473216340216, 0.6092575856874298)
(0.7902335936108602, 0.051710473216340216, 0.6092575856874298)
(0.7902335936108602, 0.051710473216340216, 0.6092575856874298)
(0.7902335936108602, 0.051710473216340216, 0.6092575856874298)
(0.7902335936108602, 0.051710473216340216, 0.6092575856874298)
(0.7902335936108602, 0.051710473216340216, 0.6092575856874298)
(0.7902335936108602, 0.051710473216340216, 0.6092575856874298)
(0.7902335936108602, 0.051710473216340216, 0.6092575856874298)
(0.7902335936108602, 0.051710473216340216, 0.6092575856874298)
(0.7902335936108602, 0.051710473216340216, 0.6092575856874298)
(0.7902335936108602, 0.051710473216340216, 0.6092575856874298)
(0.7902335936108602, 0.051710473216340216, 0.6092575856874298)
(0.7902335936108602, 0.051710473216340216, 0.6092575856874298)
(0.7902335936108602, 0.051710473216340216, 0.6092575856874298)
(0.7902335936108602, 0.051710473216340216, 0.6092575856874298)
(0.7902335936108602, 0.051710473216340216, 0.6092575856874298)
(0.7902335936108602, 0.05184702679311193, 0.6095745521817437)
(0.7902335936108602, 0.051954014797210374, 0.6098206193245479)
(0.7902335936108602, 0.052032837331632685, 0.6099987570202621)
(0.7902335936108602, 0.052085160062058544, 0.6101123016826191)
(0.7902335936108602, 0.052112223211587066, 0.6101646521255378)
(0.7902335936108602, 0.05211501852504761, 0.6101589213209033)
(0.7902335936108602, 0.0520943014580575, 0.610098284496343)
(0.7902335936108602, 0.052050896310127936, 0.6099860526197302)
(0.7902335936108602, 0.05198533527965302, 0.6098253230473951)
(0.7902335936108602, 0.051898199913783215, 0.609619298652351)
(0.7902335936108602, 0.05179044985436396, 0.6093718016381514)
(0.7902335936108602, 0.051662588350801945, 0.6090857027468151)
(0.7902335936108602, 0.051515032249323446, 0.6087646752566653)
(0.7902335936108602, 0.051348006516956535, 0.6084120274552097)
(0.7902335936108602, 0.0511623551092363, 0.6080305656830224)
(0.7902335936108602, 0.05095876461041722, 0.6076233736134229)
(0.7902335936108602, 0.05073854803037234, 0.607193628460716)
(0.7902335936108602, 0.05050339482665019, 0.6067445090715582)
(0.7902335936108602, 0.050255110900370624, 0.6062789833493362)
(0.7902335936108602, 0.04999614366024011, 0.6058000681654361)
(0.7902335936108602, 0.0497290653383023, 0.6053101707396216)
(0.7902335936108602, 0.04945709048273995, 0.6048129989145857)
(0.7902335936108602, 0.0491831615277088, 0.6043126646226591)
(0.7902335936108602, 0.04891066439880983, 0.603813532819171)
(0.7902335936108602, 0.04864299764130138, 0.6033206054209086)
(0.7902335936108602, 0.048383898847796564, 0.6028394909826278)
(0.7902335936108602, 0.04813755926520624, 0.6023766441720152)
(0.7902335936108602, 0.0479085419760572, 0.60193882965235)
(0.7902335936108602, 0.047702293840335086, 0.6015329541272094)
(0.7902335936108602, 0.047524656786559094, 0.6011663138468352)
(0.7902335936108602, 0.04738177455748946, 0.6008465827391151)
(0.7902335936108602, 0.047279464259026356, 0.6005818489050178)
(0.7902335936108602, 0.04722378561711347, 0.6003807400762547)
(0.7902335936108602, 0.04722095586751524, 0.6002517938119886)
(0.7902335936108602, 0.047277694021376854, 0.6002032315206292)
(0.7902335936108602, 0.04740102918386679, 0.6002433868573281)
(0.7902335936108602, 0.047597934840124055, 0.60038074238582)
(0.7902335936108602, 0.047875826526483416, 0.6006228602111743)
(0.7902335936108602, 0.04824259878428434, 0.6009770223688473)
(0.7902335936108602, 0.04870592214754733, 0.6014496436830006)
(0.7902335936108602, 0.04927366328028141, 0.6020466750937459)
(0.7902335936108602, 0.04995334074526539, 0.602773800297276)
(0.7902335936108602, 0.05075276128369495, 0.6036356254390183)
(0.7902335936108602, 0.051679686250841864, 0.6046358713921532)
(0.7902335936108602, 0.05274232771427306, 0.6057773748562958)
(0.7902335936108602, 0.0539480975250695, 0.6070628935618546)
(0.7902335936108602, 0.05530557541694151, 0.6084933552914147)
(0.7902335936108602, 0.05682306879950334, 0.610069184163227)
(0.7902335936108602, 0.05850855147205418, 0.61178941013908)
(0.7902335936108602, 0.060369687428203804, 0.6136520515763663)
(0.7902335936108602, 0.06224692487647843, 0.6152670991672908)
(0.7902335936108602, 0.06428316298370122, 0.6169489915183062)
(0.7902335936108602, 0.06648349731105681, 0.6186923170355422)
(0.7902335936108602, 0.06885200171122051, 0.6204900053359852)
(0.7902335936108602, 0.07139164331846487, 0.6223345591126179)
(0.7902335936108602, 0.07410609195985927, 0.6242185810671292)
(0.7902335936108602, 0.07699792949789686, 0.6261345672364845)
(0.7902335936108602, 0.08006920892653902, 0.6280737914953588)
(0.7902335936108602, 0.08332168940791901, 0.6300277527341052)
(0.7902335936108602, 0.08675638577185402, 0.6319880818879845)
(0.7902335936108602, 0.09037231548718191, 0.6339452040074143)
(0.7902335936108602, 0.09416849982455999, 0.6358915314454427)
(0.7902335936108602, 0.09814273090393638, 0.6378178666394025)
(0.7902335936108602, 0.10229283876218431, 0.6397166551835661)
(0.7902335936108602, 0.1066147166275954, 0.641581660823337)
(0.7902335936108602, 0.11110381267644266, 0.6434085066370218)
(0.7902335936108602, 0.11575584998635993, 0.6451913608720609)
(0.7902335936108602, 0.12056303399220872, 0.6469276251578323)
(0.7902335936108602, 0.12551651738586594, 0.6486168679904484)
(0.7902335936108602, 0.1306045667548932, 0.6502614946221759)
(0.7902335936108602, 0.1358141046460564, 0.651867402700505)
(0.7902335936108602, 0.1411299388284229, 0.653441807325939)
(0.7902335936108602, 0.14653597918772326, 0.6549941496802459)
(0.7902335936108602, 0.15201460237854514, 0.6565357384526749)
(0.7902335936108602, 0.15754715966716046, 0.6580797367407568)
(0.7902335936108602, 0.1631142505489229, 0.6596402664163951)
(0.7902335936108602, 0.16869541016704875, 0.6612320931367769)
(0.7902335936108602, 0.17427530969762112, 0.6628631173949013)
(0.7902335936108602, 0.17982932173526686, 0.6645515125680866)
(0.7902335936108602, 0.18532943762727572, 0.6663137174633438)
(0.7902335936108602, 0.19074930516172559, 0.668171246728284)
(0.7902335936108602, 0.19606333271468707, 0.6701454154004606)
(0.7902335936108602, 0.20124615882033436, 0.672256473881145)
(0.7902335936108602, 0.20627271044850756, 0.6745242646327758)
(0.7902335936108602, 0.21112288005770277, 0.6769457157161722)
(0.7902335936108602, 0.21576749238020118, 0.6795544031038478)
(0.7902335936108602, 0.22018270579111957, 0.6823707110883113)
(0.7902335936108602, 0.2243468479344207, 0.685412986041248)
(0.7902335936108602, 0.22824326716072477, 0.6886997889200897)
(0.7902335936108602, 0.23185174003869716, 0.6922431036711403)
(0.7902335936108602, 0.23515281603969723, 0.6960594487208976)
(0.7902335936108602, 0.23813352114542857, 0.7001596016572544)
(0.7902335936108602, 0.24079177758250042, 0.704493106346046)
(0.7902335936108602, 0.24311529048164837, 0.7090718586042236)
(0.7902335936108602, 0.24509387679570163, 0.7139044363669886)
(0.7902335936108602, 0.2467193453583332, 0.7190111369666108)
(0.7902335936108602, 0.24799139350340565, 0.7243834309176517)
(0.7902335936108602, 0.24890787166270212, 0.7300137857406386)
(0.7902335936108602, 0.2494697931202823, 0.7358923145697932)
(0.7902335936108602, 0.2496809285700174, 0.742006310385299)
(0.7902335936108602, 0.24954812099569773, 0.7483402104978114)
(0.7902335936108602, 0.24908137893054685, 0.75487636327469)
(0.7902335936108602, 0.2482925322190536, 0.7615930553419882)
(0.7902335936108602, 0.24719702662293994, 0.7684662997672859)
(0.7902335936108602, 0.24581309700150136, 0.7754713272893275)
(0.7902335936108602, 0.24415997762964564, 0.7825801532149702)
(0.7902335936108602, 0.24225926410487558, 0.7897645627089953)
(0.7902335936108602, 0.24013265715398588, 0.7969959851757056)
(0.7902335936108602, 0.2378025813128575, 0.8042454829994292)
(0.7902335936108602, 0.23529232207501521, 0.8114823105844514)
(0.7902335936108602, 0.23262693824020356, 0.8186769379518494)
(0.7902335936108602, 0.22983155516901002, 0.825798651536738)
(0.7902335936108602, 0.22693241275943435, 0.8328188041733466)
(0.7902335936108602, 0.22395512400016762, 0.8397087164230078)
(0.7902335936108602, 0.2209253424283577, 0.8464414086964093)
(0.7902335936108602, 0.21786785564316966, 0.8529882972047828)
(0.7902335936108602, 0.21480212957637618, 0.8593286060857807)
(0.7902335936108602, 0.21174952467595864, 0.8654406255548446)
(0.7902335936108602, 0.20872919304516402, 0.8713049784855502)
(0.7902335936108602, 0.20576101258403592, 0.8768789216045779)
(0.7902335936108602, 0.20286390478936825, 0.8821495442654395)
(0.7902335936108602, 0.20005491349533147, 0.8871065156296565)
(0.7902335936108602, 0.19734898891540897, 0.8917417120535238)
(0.7902335936108602, 0.19475905588245954, 0.8960495698858119)
(0.7902335936108602, 0.19229610446090772, 0.9000264750987268)
(0.7902335936108602, 0.18996874751055406, 0.9036713845250721)
(0.7902335936108602, 0.18778349108559178, 0.9069856131184896)
(0.7902335936108602, 0.18573742965377013, 0.909982289922174)
(0.7902335936108602, 0.1838323835235899, 0.9126692036271513)
(0.7902335936108602, 0.18207160673144002, 0.91505909802116)
(0.7902335936108602, 0.18045527273562656, 0.9171620530462841)
(0.7902335936108602, 0.17898196423042703, 0.918989271863718)
(0.7902335936108602, 0.17764901031126049, 0.9205532213366013)
(0.7902335936108602, 0.17645292095014284, 0.9218670254032862)
(0.7902335936108602, 0.1753837205624139, 0.9229716395185205)
(0.7902335936108602, 0.17444039310592616, 0.9238728885796129)
(0.7902335936108602, 0.17361850406427962, 0.9245851646713498)
(0.7902335936108602, 0.17291234327176905, 0.9251228622954841)
(0.7902335936108602, 0.1723111959966998, 0.9254965459325699)
(0.7902335936108602, 0.17180914722657528, 0.9257201679711519)
(0.7902335936108602, 0.17140200104801462, 0.9257984892628379)
(0.7902335936108602, 0.17108200050710629, 0.9257353987309251)
(0.7902335936108602, 0.1708303316239411, 0.9256029160324585)
(0.7902335936108602, 0.1706391442721803, 0.9254180479319345)
(0.7902335936108602, 0.17050125381531664, 0.9251962643070847)
(0.7902335936108602, 0.17041216707582124, 0.9249316437717223)
(0.7902335936108602, 0.17036134082546944, 0.9246404002358402)
(0.7902335936108602, 0.17034275364526952, 0.9243339107484485)
(0.7902335936108602, 0.17035080312657638, 0.9240220863135612)
(0.7902335936108602, 0.1703806259103712, 0.923713572142515)
(0.7902335936108602, 0.17042774012685144, 0.9234157008149432)
(0.7902335936108602, 0.17048753193572738, 0.9231342268634453)
(0.7902335936108602, 0.1705567326383515, 0.9228745911273448)
(0.7902335936108602, 0.1704983109861932, 0.9228770514963879)
(0.7902335936108602, 0.17039451777813652, 0.9228774097857027)
(0.7902335936108602, 0.17030812469845272, 0.922871684810131)
(0.7902335936108602, 0.17023913174714173, 0.922859876569673)
(0.7902335936108602, 0.17018753892420355, 0.9228419850643286)
(0.7902335936108602, 0.1701533462296382, 0.9228180102940978)
(0.7902335936108602, 0.1701365536634457, 0.9227879522589806)
(0.7902335936108602, 0.17013716122562605, 0.922751810958977)
(0.7902335936108602, 0.1701551689161792, 0.9227095863940868)
(0.7902335936108602, 0.1701905767351052, 0.9226612785643105)
(0.7902335936108602, 0.17024338468240402, 0.9226068874696476)
(0.7902335936108602, 0.17031359275807567, 0.9225464131100983)
(0.7902335936108602, 0.17040120096212016, 0.9224798554856626)
(0.7902335936108602, 0.17050620929453747, 0.9224072145963405)
(0.7902335936108602, 0.17062861775532762, 0.922328490442132)
(0.7902335936108602, 0.1707684263444906, 0.922243683023037)
(0.7902335936108602, 0.1709256350620264, 0.9221527923390558)
(0.7902335936108602, 0.17110024390793507, 0.922055818390188)
(0.7902335936108602, 0.17129225288221653, 0.9219527611764339)
(0.7902335936108602, 0.17150166198487085, 0.9218436206977934)
(0.7902335936108602, 0.17172847121589796, 0.9217283969542664)
(0.7902335936108602, 0.17197268057529794, 0.921607089945853)
(0.7902335936108602, 0.17223429006307073, 0.9214796996725533)
(0.7902335936108602, 0.17251329967921636, 0.9213462261343671)
(0.7902335936108602, 0.17280970942373483, 0.9212066693312945)
