(1.117186, 0.07339425, 0.4163883)
(1.119812, 0.07375875, 0.4174661)
(1.122057, 0.07451235, 0.4187405)
(1.122057, 0.07451235, 0.4187405)
(1.124124, 0.07514011, 0.419782)
(1.128248, 0.07853165, 0.4236692)
(1.128889, 0.07953812, 0.4254837)
(1.129646, 0.08068777, 0.4267303)
(1.131034, 0.08266004, 0.4286793)
(1.133326, 0.08525553, 0.4316905)
(1.135506, 0.09017789, 0.4376489)
(1.136512, 0.09460445, 0.4435294)
(1.137289, 0.09681117, 0.4472427)
(1.137289, 0.09681117, 0.4472427)
(1.138264, 0.0991197, 0.4511594)
(1.139673, 0.1020103, 0.4559427)
(1.142041, 0.1035454, 0.4597537)
(1.144773, 0.1036015, 0.4633484)
(1.144634, 0.1029758, 0.4645846)
(1.144446, 0.1025619, 0.4659096)
(1.143924, 0.1023754, 0.4671393)
(1.143552, 0.1037435, 0.4702379)
(1.14302, 0.1057617, 0.4737725)
(1.14302, 0.1057617, 0.4737725)
(1.143861, 0.1081741, 0.4766639)
(1.150604, 0.1139892, 0.4826491)
(1.154729, 0.1181401, 0.4859272)
(1.156185, 0.1201069, 0.4878006)
(1.155047, 0.1243349, 0.4918258)
(1.154778, 0.1328036, 0.4994095)
(1.156197, 0.1403688, 0.5049725)
(1.158921, 0.1468122, 0.5090774)
(1.158921, 0.1468122, 0.5090774)
(1.162294, 0.1587892, 0.5172395)
(1.165593, 0.1712023, 0.5275137)
(1.174531, 0.1989139, 0.549169)
(1.174531, 0.1989139, 0.549169)
(1.177618, 0.2091865, 0.5553095)
(1.174589, 0.228723, 0.5643815)
(1.175038, 0.2410967, 0.5727951)
(1.178676, 0.25656, 0.5844811)
(1.178676, 0.25656, 0.5844811)
(1.188611, 0.2822517, 0.6038836)
(1.188611, 0.2822517, 0.6038836)
(1.194275, 0.2972383, 0.6130579)
(1.193502, 0.3039594, 0.61707)
(1.192157, 0.3117612, 0.6226436)
(1.192204, 0.3215992, 0.6294519)
(1.192715, 0.3312176, 0.6362572)
(1.195214, 0.3425795, 0.6454992)
(1.195214, 0.3425795, 0.6454992)
(1.198984, 0.3522006, 0.6547818)
(1.201467, 0.3606832, 0.6614834)
(1.201467, 0.3606832, 0.6614834)
(1.199872, 0.3604792, 0.6607284)
(1.198369, 0.3600596, 0.6581956)
(1.199777, 0.3617935, 0.6582162)
(1.200966, 0.3645983, 0.6595862)
(1.201533, 0.3690234, 0.6625589)
(1.201533, 0.3690234, 0.6625589)
(1.202003, 0.3736541, 0.6659788)
(1.202782, 0.3772377, 0.6685594)
(1.204005, 0.3836347, 0.6720492)
(1.204561, 0.3879783, 0.6749433)
(1.204859, 0.3923459, 0.677582)
(1.205249, 0.3991536, 0.6829258)
(1.206462, 0.4054106, 0.6880732)
(1.207964, 0.411067, 0.6926885)
(1.20937, 0.4170014, 0.6974747)
(1.20937, 0.4170014, 0.6974747)
(1.213415, 0.4303552, 0.7097352)
(1.214943, 0.4370769, 0.7159877)
(1.211804, 0.438944, 0.7178727)
(1.211804, 0.438944, 0.7178727)
(1.211325, 0.4501379, 0.728273)
(1.2147, 0.4601489, 0.7375344)
(1.218359, 0.469317, 0.7460041)
(1.221595, 0.4748334, 0.7514726)
(1.221595, 0.4748334, 0.7514726)
(1.228784, 0.4958849, 0.776904)
(1.228784, 0.4958849, 0.776904)
(1.233684, 0.4946939, 0.7772137)
(1.229299, 0.4777427, 0.7586909)
(1.223211, 0.4650934, 0.7445349)
(1.219171, 0.4583562, 0.7363763)
(1.219884, 0.4575928, 0.7351974)
(1.228659, 0.4685735, 0.7455217)
(1.228659, 0.4685735, 0.7455217)
(1.247619, 0.487222, 0.7609482)
(1.253481, 0.4626698, 0.7299236)
(1.253481, 0.4626698, 0.7299236)
(1.248901, 0.4350573, 0.7008161)
(1.253789, 0.4253836, 0.6912127)
(1.262875, 0.4131457, 0.6815245)
(1.271912, 0.3966252, 0.6695704)
(1.275279, 0.366313, 0.6437272)
(1.275279, 0.366313, 0.6437272)
(1.272168, 0.3050483, 0.5885385)
(1.274824, 0.2797605, 0.5663858)
(1.279588, 0.2571248, 0.5462712)
(1.282701, 0.2314305, 0.5203477)
(1.282384, 0.2012353, 0.4902792)
(1.280146, 0.1683047, 0.4574903)
(1.278429, 0.1367769, 0.4278049)
(1.275182, 0.1068293, 0.4026618)
(1.275182, 0.1068293, 0.4026618)
(1.27011, 0.08440427, 0.3846023)
(1.266104, 0.06031526, 0.3642116)
(1.269083, 0.006598285, 0.3191162)
(1.274895, 6.270041, 0.3059905)
(1.27846, 6.25022, 0.2919998)
(1.284748, 6.236089, 0.2843374)
(1.289479, 6.214924, 0.2681177)
(1.289337, 6.192765, 0.2502218)
(1.285629, 6.179685, 0.2417898)
(1.282031, 6.168941, 0.2354805)
(1.275419, 6.155488, 0.2259731)
(1.275419, 6.155488, 0.2259731)
(1.264287, 6.128045, 0.2067643)
(1.261163, 6.11786, 0.2017088)
(1.259521, 6.107822, 0.1979959)
(1.255666, 6.096697, 0.1926676)
(1.251277, 6.085343, 0.1864819)
(1.250552, 6.070208, 0.1769227)
(1.25119, 6.056843, 0.1687448)
(1.25119, 6.056843, 0.1687448)
(1.253206, 6.032933, 0.1554386)
(1.247142, 6.02676, 0.1529186)
(1.242521, 6.018824, 0.1491923)
(1.238916, 6.009476, 0.1446394)
(1.237245, 6.000631, 0.1403276)
(1.23753, 5.990277, 0.1349841)
(1.239438, 5.977153, 0.1279946)
(1.239438, 5.977153, 0.1279946)
(1.241065, 5.965867, 0.1224597)
(1.245099, 5.94451, 0.1126214)
(1.245099, 5.94451, 0.1126214)
(1.245785, 5.933776, 0.1109605)
(1.245031, 5.927627, 0.1086721)
(1.245682, 5.922037, 0.1061299)
(1.24834, 5.916562, 0.1041019)
(1.251824, 5.909904, 0.1016036)
(1.251824, 5.909904, 0.1016036)
(1.257585, 5.903559, 0.09838467)
(1.263742, 5.891335, 0.0912832)
(1.269674, 5.88217, 0.08304608)
(1.272902, 5.87606, 0.07835657)
(1.276104, 5.872077, 0.07593551)
(1.279103, 5.868922, 0.07358485)
(1.282758, 5.866524, 0.07161582)
(1.288687, 5.865714, 0.07208972)
(1.288687, 5.865714, 0.07208972)
(1.296209, 5.861906, 0.06845756)
(1.303101, 5.858183, 0.06539845)
(1.314958, 5.864313, 0.06984378)
(1.317138, 5.877522, 0.08226495)
(1.318983, 5.894924, 0.09897272)
(1.320219, 5.909208, 0.1115672)
(1.316423, 5.933425, 0.1328833)
(1.322088, 5.956304, 0.1575378)
(1.339436, 5.979229, 0.1856926)
(1.360707, 5.996284, 0.2093032)
(1.371966, 6.023956, 0.2409489)
(1.369948, 6.064793, 0.2818156)
(1.354681, 6.095105, 0.3085202)
(1.345451, 6.123397, 0.3342364)
(1.346431, 6.162542, 0.3734612)
(1.353177, 6.207931, 0.4203614)
(1.362665, 6.257065, 0.4697595)
(1.370269, 0.02368785, 0.5175928)
(1.370269, 0.02368785, 0.5175928)
(1.372466, 0.1038221, 0.591026)
(1.371969, 0.1430629, 0.6238796)
(1.371969, 0.1430629, 0.6238796)
(1.358069, 0.1842661, 0.6562204)
(1.344299, 0.1909637, 0.6570055)
(1.333018, 0.2074693, 0.6680782)
(1.319976, 0.2282039, 0.6827558)
(1.307356, 0.255181, 0.7029959)
(1.307356, 0.255181, 0.7029959)
(1.295706, 0.3077408, 0.7457431)
(1.295323, 0.3206722, 0.7558392)
(1.296959, 0.3293513, 0.7614018)
(1.300036, 0.3489148, 0.7763696)
(1.305848, 0.375773, 0.7990592)
(1.311185, 0.4035888, 0.8234041)
(1.3177, 0.435984, 0.8543652)
(1.323633, 0.4645762, 0.8830135)
(1.323633, 0.4645762, 0.8830135)
(1.322622, 0.4769918, 0.8952848)
(1.302579, 0.4570971, 0.8684435)
(1.291524, 0.4358523, 0.8410571)
(1.283323, 0.4195207, 0.8178049)
(1.277641, 0.4165037, 0.8096754)
(1.275101, 0.4203156, 0.8097625)
(1.275689, 0.4287053, 0.8153929)
(1.275536, 0.4366346, 0.8197083)
(1.275536, 0.4366346, 0.8197083)
(1.27453, 0.4421747, 0.8204439)
(1.272708, 0.4448203, 0.8182533)
(1.266426, 0.4397263, 0.8007969)
(1.262302, 0.4358879, 0.7897189)
(1.258044, 0.4329795, 0.7791957)
(1.254149, 0.4317228, 0.7712088)
(1.250962, 0.4338545, 0.7669775)
(1.249662, 0.438639, 0.7658209)
(1.2486, 0.4417113, 0.762401)
(1.2486, 0.4417113, 0.762401)
(1.246117, 0.445922, 0.7570697)
(1.244707, 0.4458928, 0.7527868)
(1.243378, 0.4434745, 0.7463543)
(1.241607, 0.4426618, 0.7422421)
(1.24008, 0.4442104, 0.7416061)
(1.238478, 0.4433677, 0.7402717)
(1.23734, 0.4380758, 0.7345251)
(1.236861, 0.4317157, 0.727437)
(1.236291, 0.4275017, 0.7230678)
(1.231324, 0.419712, 0.7152728)
(1.229306, 0.4165133, 0.7121322)
(1.229732, 0.4157971, 0.7133504)
(1.234503, 0.4179843, 0.718654)
(1.237854, 0.4165996, 0.7196091)
(1.238212, 0.4113078, 0.7175921)
(1.235075, 0.4067879, 0.7166709)
(1.232022, 0.4047835, 0.7181392)
(1.232022, 0.4047835, 0.7181392)
(1.230272, 0.3970443, 0.7161087)
(1.230272, 0.3970443, 0.7161087)
(1.233753, 0.4046193, 0.7318736)
(1.232331, 0.3930262, 0.7252425)
(1.228359, 0.3738341, 0.7089463)
(1.222443, 0.3524882, 0.6893435)
(1.224815, 0.3466547, 0.6856942)
(1.228365, 0.3487098, 0.6875954)
(1.204532, 0.3212887, 0.6555668)
(1.187825, 0.3117457, 0.6427543)
(1.182359, 0.3156478, 0.6456624)
(1.182922, 0.3138083, 0.6434516)
(1.188298, 0.2997114, 0.629853)
(1.182841, 0.2826895, 0.6136649)
(1.17394, 0.271447, 0.6025571)
(1.166272, 0.2606331, 0.591405)
(1.162867, 0.2522149, 0.5813643)
(1.162867, 0.2522149, 0.5813643)
(1.15954, 0.2460567, 0.5745039)
(1.160382, 0.2475209, 0.5743922)
(1.161299, 0.2475377, 0.5723844)
(1.159436, 0.2444165, 0.5651467)
(1.154756, 0.2406662, 0.5581499)
(1.148697, 0.238881, 0.5532101)
(1.145252, 0.239254, 0.5519111)
(1.144255, 0.2376066, 0.5485882)
(1.146444, 0.2304518, 0.5411642)
(1.146444, 0.2304518, 0.5411642)
(1.146247, 0.2254023, 0.534835)
(1.143464, 0.2146189, 0.5205173)
(1.141448, 0.2095782, 0.5141623)
(1.139398, 0.2058059, 0.5087101)
(1.137914, 0.2027524, 0.5044155)
(1.137012, 0.2013014, 0.5017655)
(1.135972, 0.1992228, 0.4981068)
(1.134756, 0.1975753, 0.4948857)
(1.134756, 0.1975753, 0.4948857)
(1.134174, 0.1954671, 0.4913591)
