0.2543255
0.2489119
0.1402175
0.1631458
0.1861338
0.19058
0.179002
0.1671871
0.1779066
0.1080336
0.1110848
0.1213265
0.1113388
0.1062206
0.1080739
0.09554258
0.0929767
0.09540755
0.08529051
0.08325335
0.08105769
0.06116962
0.05966108
0.06236526
0.05461906
0.0552602
0.0547641
0.0526079
0.05350322
0.04927625
0.04560757
0.04589214
0.05199771
0.04335998
0.05074553
0.05839856
0.05216115
0.06824435
0.07442711
0.06404328
0.05540938
0.04875405
0.04235477
0.04078572
0.1026838
MSE 0.09455799
total_moving_Distance 0.3714564
height_from_ground 0.1323591
height_from_ground_error -0.00925222
height_from_ground_error2 -0.00925222