(-0.5728571, 0.5990083, -1.846023)
(-0.5728228, 0.599086, -1.846041)
(-0.5728316, 0.5990895, -1.846057)
(-0.5726109, 0.5990905, -1.846038)
(-0.5726242, 0.5989825, -1.845938)
(-0.5726089, 0.5989699, -1.845948)
(-0.5725367, 0.5989852, -1.845961)
(-0.5725689, 0.5989054, -1.845896)
(-0.5725875, 0.5989116, -1.845882)
(-0.5725174, 0.5989022, -1.845899)
(-0.5725601, 0.5987872, -1.845885)
(-0.5725794, 0.5988567, -1.845852)
(-0.5726066, 0.5988673, -1.845858)
(-0.5726709, 0.5987244, -1.845837)
(-0.5726624, 0.5987262, -1.84584)
(-0.5728164, 0.5987023, -1.84589)
(-0.5727835, 0.5987632, -1.845804)
(-0.5727882, 0.5987917, -1.845771)
(-0.5727735, 0.5987978, -1.845759)
(-0.5728362, 0.5986634, -1.845758)
(-0.572871, 0.5987074, -1.845709)
(-0.5727992, 0.5987107, -1.845694)
(-0.5727067, 0.5989525, -1.84582)
(-0.5727148, 0.5989636, -1.845797)
(-0.5728471, 0.5989543, -1.84584)
(-0.5728674, 0.5989473, -1.845791)
(-0.5728402, 0.5988886, -1.845846)
(-0.572947, 0.598881, -1.845869)
(-0.5729251, 0.5989823, -1.845884)
(-0.5729237, 0.5989999, -1.84588)
(-0.5727634, 0.5989984, -1.845815)
(-0.5728235, 0.5988973, -1.845832)
(-0.5728359, 0.5988814, -1.845837)
(-0.5729275, 0.5988681, -1.845856)
(-0.5728588, 0.5990512, -1.84581)
(-0.5728509, 0.5990237, -1.845853)
(-0.5728831, 0.599022, -1.845868)
(-0.5729017, 0.5990121, -1.845915)
(-0.5728784, 0.5989782, -1.845942)
(-0.5727358, 0.5989821, -1.84591)
(-0.572787, 0.5988607, -1.845879)
(-0.572798, 0.5988851, -1.845853)
(-0.5726051, 0.5988736, -1.845837)
(-0.5725293, 0.5989652, -1.845723)
(-0.5725341, 0.5989909, -1.845685)
(-0.5724869, 0.5989983, -1.845677)
(-0.5724483, 0.5990292, -1.845744)
(-0.5724528, 0.5990531, -1.845709)
(-0.5725167, 0.5990535, -1.845707)
(-0.5724854, 0.5990779, -1.845742)
(-0.5724554, 0.5990397, -1.845779)
(-0.5726337, 0.5990421, -1.845829)
(-0.5726171, 0.5990405, -1.84585)
(-0.5726333, 0.59905, -1.845854)
(-0.5725746, 0.5990566, -1.845827)
(-0.5725703, 0.5990796, -1.845868)
(-0.5725465, 0.5990909, -1.845895)
(-0.5725842, 0.5990916, -1.845909)
(-0.5725384, 0.5991673, -1.845886)
(-0.5725408, 0.5992069, -1.845857)
(-0.5727077, 0.5992317, -1.845919)
(-0.5727415, 0.5991626, -1.845906)
(-0.5727112, 0.5990926, -1.845957)
(-0.5725679, 0.5990946, -1.845949)
(-0.5726047, 0.5990083, -1.846014)
(-0.5726171, 0.5990334, -1.846001)
(-0.5727777, 0.5990292, -1.846055)
(-0.5727611, 0.5990359, -1.845907)
(-0.5727572, 0.5990268, -1.845923)
(-0.5725842, 0.5990359, -1.845888)
(-0.5725484, 0.599113, -1.846002)
(-0.5725372, 0.5990812, -1.846005)
(-0.5727282, 0.5990995, -1.84607)
(-0.5727813, 0.5989698, -1.84605)
(-0.5728049, 0.5989599, -1.846078)
(-0.5728118, 0.5989496, -1.846093)
(-0.5729034, 0.5987338, -1.846031)
(-0.5729437, 0.5987297, -1.846035)
(-0.5728903, 0.5987024, -1.846025)
(-0.5728354, 0.5988299, -1.845974)
(-0.5728793, 0.5988479, -1.845943)
(-0.5726886, 0.5988295, -1.845884)
(-0.5726519, 0.5989126, -1.845993)
(-0.5727124, 0.5989574, -1.845928)
(-0.5725095, 0.5989447, -1.845886)
(-0.5725303, 0.598864, -1.845719)
(-0.5725303, 0.598864, -1.845719)
(-0.5725577, 0.598864, -1.845719)
(-0.5725865, 0.5987942, -1.845795)
(-0.5726209, 0.5988369, -1.845745)
(-0.5727091, 0.598827, -1.845783)
(-0.5727353, 0.5987163, -1.845724)
(-0.5727649, 0.5987133, -1.84571)
(-0.5728178, 0.5987154, -1.845722)
(-0.5728507, 0.5986856, -1.845816)
(-0.5728655, 0.598693, -1.845766)
(-0.5729311, 0.5986894, -1.845772)
(-0.5728827, 0.5988649, -1.845824)
(-0.5728693, 0.5988511, -1.845835)
(-0.5729671, 0.5988532, -1.845904)
(-0.5729718, 0.5988832, -1.845886)
(-0.5729623, 0.5988847, -1.845925)
(-0.5730009, 0.5988679, -1.84594)
(-0.5729585, 0.5989882, -1.845874)
(-0.5729401, 0.5989754, -1.845919)
(-0.57271, 0.5989951, -1.845896)
(-0.572669, 0.5990502, -1.845945)
(-0.5726445, 0.5990313, -1.845962)
(-0.572623, 0.5990384, -1.845977)
(-0.5726366, 0.5989401, -1.845999)
(-0.572669, 0.5989745, -1.845971)
(-0.572669, 0.5989745, -1.845971)
(-0.5727146, 0.5989615, -1.845991)
(-0.5726938, 0.5989633, -1.845918)
(-0.5726581, 0.5989382, -1.845944)
(-0.5726671, 0.598868, -1.845843)
(-0.5726688, 0.5988734, -1.845852)
(-0.5724916, 0.5988634, -1.8458)
(-0.5725222, 0.5988121, -1.845815)
(-0.572557, 0.5988731, -1.845745)
(-0.5725203, 0.5988495, -1.845728)
(-0.5724497, 0.5989729, -1.845739)
(-0.5724041, 0.5989347, -1.845784)
(-0.5724239, 0.5989219, -1.845756)
(-0.5724082, 0.5988954, -1.845774)
(-0.5724289, 0.5988908, -1.845753)
(-0.572423, 0.5988891, -1.845778)
(-0.5723953, 0.5988637, -1.845707)
(-0.5723948, 0.5988233, -1.845709)
(-0.5723948, 0.5988233, -1.845709)
(-0.5725455, 0.5987543, -1.845755)
(-0.5725906, 0.5988271, -1.845665)
(-0.5726745, 0.5988102, -1.845667)
(-0.5726423, 0.5989057, -1.845807)
(-0.5726199, 0.5988976, -1.845796)
(-0.5725117, 0.5989144, -1.84578)
(-0.5724626, 0.5989916, -1.845806)
(-0.5724392, 0.5989885, -1.845812)
(-0.5724182, 0.5989859, -1.845804)
(-0.5723827, 0.5990394, -1.845829)
(-0.5723691, 0.5990744, -1.845787)
(-0.5723927, 0.5990878, -1.845817)
(-0.5724261, 0.5991197, -1.845843)
(-0.5724206, 0.5991629, -1.845815)
(-0.5726371, 0.5991676, -1.845844)
(-0.5726814, 0.59907, -1.84578)
(-0.5726671, 0.5990658, -1.845776)
(-0.5728126, 0.5990858, -1.845788)
(-0.5728917, 0.5989076, -1.845696)
(-0.572865, 0.5988584, -1.845717)
(-0.5727391, 0.5988617, -1.845689)
(-0.572691, 0.5989749, -1.845717)
(-0.5727038, 0.5990036, -1.845686)
(-0.5725405, 0.5990126, -1.845646)
(-0.5725741, 0.5989605, -1.845614)
(-0.5725698, 0.5989795, -1.845579)
(-0.5726922, 0.5989676, -1.845606)
(-0.5726738, 0.5990839, -1.845749)
(-0.5726609, 0.5990895, -1.845769)
(-0.5728521, 0.5990853, -1.845817)
(-0.5728974, 0.5990043, -1.845764)
(-0.5728779, 0.5989716, -1.845772)
(-0.5728331, 0.5989722, -1.845779)
(-0.5727947, 0.5990388, -1.845779)
(-0.5727782, 0.5989794, -1.845866)
(-0.5726686, 0.5989407, -1.845822)
(-0.5726404, 0.5990551, -1.845938)
(-0.5726418, 0.5990635, -1.846051)
(-0.5726371, 0.5990298, -1.845995)
(-0.5724726, 0.5991592, -1.846012)
(-0.572506, 0.5991553, -1.846094)
(-0.5724039, 0.5992, -1.846134)
(-0.5723963, 0.5990919, -1.846097)
(-0.5724359, 0.599141, -1.846067)
(-0.5723019, 0.5991293, -1.846045)
(-0.5723033, 0.5991056, -1.845903)
(-0.5723038, 0.5991331, -1.845949)
(-0.5722647, 0.5991321, -1.845964)
(-0.5723748, 0.5988336, -1.845869)
(-0.5723991, 0.5989165, -1.845816)
(-0.5724115, 0.5988938, -1.845766)
(-0.5724564, 0.5987571, -1.845658)
(-0.5724902, 0.5987735, -1.845673)
(-0.5725946, 0.5987635, -1.845694)
(-0.572588, 0.5987025, -1.845675)
(-0.5726397, 0.5987334, -1.845578)
(-0.5727372, 0.5986954, -1.845558)
(-0.5727324, 0.5987924, -1.845641)
(-0.5727229, 0.5987518, -1.845722)
(-0.5726581, 0.5987304, -1.845678)
(-0.5726342, 0.5988401, -1.845719)
(-0.5726507, 0.5988446, -1.845689)
(-0.5726938, 0.5988028, -1.845674)
(-0.5727167, 0.5987875, -1.845741)
(-0.5727544, 0.5988252, -1.845727)
(-0.5727329, 0.5987977, -1.845712)
(-0.5727186, 0.5989057, -1.845798)
(-0.5727353, 0.5989074, -1.845806)
(-0.5725002, 0.5988907, -1.845756)
(-0.5725253, 0.5988557, -1.845747)
(-0.572475, 0.5987667, -1.84578)
(-0.5725741, 0.5987221, -1.845783)
(-0.5725861, 0.5987178, -1.845771)
(-0.572578, 0.5986978, -1.84579)
(-0.5725908, 0.5986738, -1.845798)
(-0.5725393, 0.5988216, -1.845881)
(-0.5725424, 0.598811, -1.845873)
(-0.5725942, 0.5987927, -1.84587)
(-0.5726142, 0.598796, -1.845904)
(-0.5726223, 0.598798, -1.845899)
(-0.5725665, 0.5987959, -1.845896)
(-0.5726204, 0.5987177, -1.845897)
(-0.5726385, 0.5987045, -1.845872)
(-0.5725124, 0.5986819, -1.84584)
(-0.5724828, 0.5987331, -1.845708)
(-0.5725863, 0.5988595, -1.845562)
(-0.5727477, 0.5988423, -1.845577)
(-0.5727212, 0.5989279, -1.845585)
(-0.5727806, 0.5989647, -1.845532)
(-0.5727246, 0.5989659, -1.84551)
(-0.5727103, 0.5990932, -1.845533)
(-0.5726373, 0.599021, -1.845623)
(-0.5725927, 0.5990165, -1.845582)
(-0.5726483, 0.5989714, -1.845673)
(-0.5726631, 0.5989561, -1.845666)
(-0.5728617, 0.5989513, -1.845719)
(-0.5729277, 0.5988885, -1.845719)
(-0.5728946, 0.5988159, -1.845794)
(-0.5729451, 0.5988055, -1.845802)
(-0.5729284, 0.5988435, -1.845816)
(-0.5729656, 0.5988526, -1.84584)
(-0.5727241, 0.5988495, -1.84578)
(-0.5727291, 0.5988429, -1.845867)
(-0.5727286, 0.5987971, -1.845917)
(-0.5725839, 0.5987916, -1.845887)
(-0.5725119, 0.5989413, -1.845934)
(-0.5725465, 0.5990063, -1.845888)
(-0.5727305, 0.5990214, -1.845942)
(-0.5727456, 0.5989522, -1.845829)
(-0.5727463, 0.5989254, -1.845868)
(-0.5727618, 0.5989254, -1.845861)
(-0.5727918, 0.598895, -1.845841)
(-0.5728006, 0.5988916, -1.845816)
(-0.5727079, 0.598895, -1.845799)
(-0.5726962, 0.5989534, -1.845805)
(-0.5727336, 0.5989736, -1.845762)
(-0.5726452, 0.5989785, -1.845735)
(-0.5726199, 0.5990897, -1.845808)
(-0.5725543, 0.5990015, -1.84591)
(-0.5725963, 0.5990152, -1.845948)
(-0.5725651, 0.5990193, -1.845891)
(-0.5726326, 0.5991039, -1.845784)
(-0.5725799, 0.5991099, -1.845782)
(-0.572643, 0.5989033, -1.845737)
(-0.5726731, 0.5989308, -1.845704)
(-0.572681, 0.5989361, -1.845703)
(-0.5726244, 0.5990586, -1.845753)
(-0.572587, 0.5990022, -1.845813)
(-0.5725808, 0.5990052, -1.845814)
(-0.5725405, 0.5991404, -1.845962)
(-0.5725532, 0.5991825, -1.845954)
(-0.5724843, 0.5992203, -1.84595)
(-0.5724897, 0.5991369, -1.84585)
(-0.5724354, 0.5990963, -1.845902)
(-0.5724864, 0.5991161, -1.845933)
(-0.5725646, 0.5989047, -1.84591)
(-0.5725787, 0.5989072, -1.845921)
(-0.5724382, 0.5989125, -1.845895)
(-0.57248, 0.5987703, -1.845785)
(-0.5725241, 0.5988398, -1.845696)
(-0.5724645, 0.5988529, -1.845683)
(-0.5724907, 0.5987792, -1.845643)
(-0.5724716, 0.5987612, -1.845629)
(-0.5724716, 0.5987612, -1.845629)
(-0.5723729, 0.5989298, -1.845714)
(-0.5723577, 0.5989276, -1.845723)
(-0.5723708, 0.5989302, -1.845693)
(-0.5723643, 0.5989476, -1.845664)
(-0.5723276, 0.5989605, -1.845677)
(-0.5723615, 0.5989692, -1.845684)
(-0.5723727, 0.5989465, -1.84576)
(-0.5723639, 0.5989095, -1.84578)
(-0.5727084, 0.5989203, -1.845877)
(-0.5726771, 0.5989985, -1.845814)
(-0.572711, 0.5990412, -1.845761)
(-0.5727277, 0.5990429, -1.845744)
(-0.5728006, 0.5989441, -1.845782)
(-0.5727839, 0.5989037, -1.845836)
(-0.5729041, 0.5988985, -1.84587)
(-0.5729156, 0.5988876, -1.845911)
(-0.5729623, 0.5988564, -1.84592)
(-0.5728905, 0.598838, -1.845908)
(-0.5728288, 0.598999, -1.845888)
(-0.5728178, 0.5989487, -1.845946)
