(-0.2586107, 0.1950877, -0.1696527)
(-0.2586589, 0.1950924, -0.1696694)
(-0.2584932, 0.1950636, -0.1696496)
(-0.2587605, 0.1946361, -0.1693885)
(-0.2587605, 0.1946361, -0.1693885)
(-0.2588191, 0.194628, -0.1693206)
(-0.2588851, 0.1946263, -0.169271)
(-0.2589338, 0.194793, -0.1692495)
(-0.2590463, 0.1948652, -0.1692476)
(-0.2594383, 0.1947284, -0.1693676)
(-0.2595584, 0.1947424, -0.1693337)
(-0.2594118, 0.194469, -0.1694646)
(-0.2594233, 0.194469, -0.1694038)
(-0.259438, 0.1944346, -0.1690884)
(-0.259438, 0.1944346, -0.1690884)
(-0.2594898, 0.1944363, -0.1689301)
(-0.259722, 0.194535, -0.1690192)
(-0.259722, 0.194535, -0.1690192)
(-0.2596776, 0.1943843, -0.1692212)
(-0.2599785, 0.1942463, -0.1690621)
(-0.2599478, 0.1941493, -0.1691377)
(-0.2597694, 0.1942163, -0.1691899)
(-0.259752, 0.1941576, -0.169385)
(-0.259752, 0.1941576, -0.169385)
(-0.2596376, 0.1941576, -0.1693199)
(-0.25981, 0.1942465, -0.1692386)
(-0.2598493, 0.1942446, -0.1692622)
(-0.2598493, 0.1942446, -0.1692622)
(-0.260273, 0.194067, -0.1691573)
(-0.2601025, 0.193903, -0.1692979)
(-0.2600462, 0.1936567, -0.1689539)
(-0.2600725, 0.1936018, -0.1688881)
(-0.2600725, 0.1936018, -0.1688881)
(-0.2599254, 0.1935024, -0.1687009)
(-0.2600203, 0.1936288, -0.1685514)
(-0.2600203, 0.1936288, -0.1685514)
(-0.2603176, 0.1937451, -0.1683667)
(-0.2603514, 0.1938052, -0.1681683)
(-0.260406, 0.1939178, -0.1680434)
(-0.2606084, 0.1937873, -0.1678774)
(-0.2606471, 0.193785, -0.1677234)
(-0.2606471, 0.193785, -0.1677234)
(-0.2603912, 0.1936572, -0.1675646)
(-0.2604594, 0.1936257, -0.1673236)
(-0.2604113, 0.193521, -0.1673937)
(-0.2606449, 0.1933813, -0.1673386)
(-0.2606666, 0.1934044, -0.1670942)
(-0.2603996, 0.1932809, -0.1668243)
(-0.2604716, 0.193078, -0.166322)
(-0.2605062, 0.1930022, -0.1660829)
(-0.2603948, 0.192616, -0.1660089)
(-0.2603948, 0.192616, -0.1660089)
(-0.2605546, 0.1927865, -0.1657438)
(-0.2605546, 0.1927865, -0.1657438)
(-0.2606695, 0.1927612, -0.1656621)
(-0.2606382, 0.1927965, -0.1655786)
(-0.2605507, 0.1927035, -0.1656148)
(-0.2607307, 0.1925504, -0.1655123)
(-0.2607322, 0.19258, -0.1651368)
(-0.2607787, 0.1926525, -0.1648402)
(-0.2607787, 0.1926525, -0.1648402)
(-0.2609634, 0.1925764, -0.1644807)
(-0.2610893, 0.1925421, -0.1642807)
(-0.2616169, 0.1923501, -0.164377)
(-0.2617996, 0.1922541, -0.1644084)
(-0.2616129, 0.1922262, -0.1643617)
(-0.2616546, 0.1922593, -0.1643682)
(-0.2617195, 0.1922169, -0.1644144)
(-0.2616944, 0.1920261, -0.1646023)
(-0.2616944, 0.1920261, -0.1646023)
(-0.2619774, 0.1916127, -0.1644924)
(-0.2621324, 0.191417, -0.16482)
(-0.2620492, 0.1910727, -0.165128)
(-0.2620654, 0.1906066, -0.1650937)
(-0.2619319, 0.1904583, -0.1649454)
(-0.2621865, 0.1901522, -0.1650136)
(-0.2621353, 0.1899588, -0.1650276)
(-0.2619443, 0.1896522, -0.164979)
(-0.2619443, 0.1896522, -0.164979)
(-0.2618699, 0.1896453, -0.1652679)
(-0.2619431, 0.1894603, -0.1654682)
(-0.2619615, 0.1893148, -0.165601)
(-0.2619655, 0.1889956, -0.1652706)
(-0.2619069, 0.1888254, -0.1650345)
(-0.2622552, 0.1886637, -0.1646142)
(-0.2624319, 0.1888571, -0.1642225)
(-0.2624946, 0.188885, -0.1640363)
(-0.2624946, 0.188885, -0.1640363)
(-0.2625501, 0.1889882, -0.1638465)
(-0.2621553, 0.1891191, -0.1637342)
(-0.2621553, 0.1891191, -0.1637342)
(-0.2621677, 0.1891537, -0.1636937)
(-0.2622094, 0.1894336, -0.1634457)
(-0.2621362, 0.1896513, -0.1633162)
(-0.2619803, 0.1899128, -0.1629546)
(-0.2618809, 0.1901593, -0.1626873)
(-0.261714, 0.1902938, -0.1623781)
(-0.261714, 0.1902938, -0.1623781)
(-0.2615895, 0.1907594, -0.1616611)
(-0.2616777, 0.190814, -0.1612983)
(-0.2617373, 0.1910112, -0.1611848)
(-0.2614965, 0.1911066, -0.1611159)
(-0.2617114, 0.1910176, -0.1608453)
(-0.2618334, 0.1911192, -0.1609323)
(-0.2618773, 0.1913853, -0.1608887)
(-0.2618701, 0.1917868, -0.1610749)
(-0.2618701, 0.1917868, -0.1610749)
(-0.26213, 0.1918838, -0.1612704)
(-0.2622006, 0.1920748, -0.1612909)
(-0.2624662, 0.1921101, -0.1608455)
(-0.2622561, 0.1920502, -0.1603885)
(-0.2621558, 0.1919997, -0.1600542)
(-0.2620623, 0.1921227, -0.1601934)
(-0.2618699, 0.1921098, -0.1603935)
(-0.2619805, 0.1922302, -0.1605566)
(-0.2619805, 0.1922302, -0.1605566)
(-0.2621236, 0.1923268, -0.1605268)
(-0.2621047, 0.1920998, -0.1608315)
(-0.2624764, 0.1921895, -0.1607513)
(-0.2626395, 0.1924911, -0.1601789)
(-0.2623591, 0.192627, -0.1597083)
(-0.2622094, 0.1927414, -0.1596832)
(-0.2621436, 0.1930015, -0.1596904)
(-0.2622125, 0.1930852, -0.1595759)
(-0.2622125, 0.1930852, -0.1595759)
(-0.2623379, 0.1931562, -0.1595831)
(-0.2626617, 0.1932569, -0.1595285)
(-0.2634192, 0.1935229, -0.1592412)
(-0.2638195, 0.1940506, -0.1592581)
(-0.2637868, 0.1945424, -0.159004)
(-0.2638102, 0.19503, -0.1584494)
(-0.2636435, 0.195147, -0.1580501)
(-0.2636158, 0.1952448, -0.1575224)
(-0.2636158, 0.1952448, -0.1575224)
(-0.2637067, 0.1954987, -0.1574411)
(-0.2635629, 0.195749, -0.1573033)
(-0.2638369, 0.1966658, -0.156755)
(-0.2638991, 0.1974308, -0.1564205)
(-0.2641089, 0.1981118, -0.1559544)
(-0.2643034, 0.1989655, -0.1555357)
(-0.2641087, 0.1995156, -0.1549823)
(-0.2641823, 0.2002242, -0.154372)
(-0.2641823, 0.2002242, -0.154372)
(-0.2642946, 0.2011464, -0.1536813)
(-0.2642663, 0.2019992, -0.153146)
(-0.2644992, 0.2034297, -0.1523495)
(-0.2649136, 0.2069242, -0.1505752)
(-0.2649136, 0.2069242, -0.1505752)
(-0.2657974, 0.2114589, -0.1478846)
(-0.2661748, 0.2138383, -0.1464283)
(-0.2671437, 0.2168298, -0.1440454)
(-0.2681258, 0.2202899, -0.1415348)
(-0.2681258, 0.2202899, -0.1415348)
(-0.2690067, 0.2233944, -0.1391776)
(-0.2703149, 0.2268546, -0.1360049)
(-0.2725523, 0.2342238, -0.1284311)
(-0.2740173, 0.2379463, -0.124197)
(-0.2752504, 0.2421911, -0.1192098)
(-0.276288, 0.2465146, -0.1139998)
(-0.2773931, 0.2515905, -0.1075709)
(-0.2788765, 0.2570193, -0.1012146)
(-0.2788765, 0.2570193, -0.1012146)
(-0.280323, 0.2621481, -0.09555602)
(-0.2829292, 0.2743571, -0.08193946)
(-0.2829292, 0.2743571, -0.08193946)
(-0.2849674, 0.2881262, -0.0654428)
(-0.2857497, 0.2959583, -0.05785942)
(-0.2862017, 0.3064604, -0.05100131)
(-0.2866766, 0.3185112, -0.04533482)
(-0.2863095, 0.3333766, -0.03833485)
(-0.2863095, 0.3333766, -0.03833485)
(-0.2848914, 0.3463521, -0.03060055)
(-0.2861419, 0.3700716, -0.01041746)
(-0.2862921, 0.3822858, -0.00120163)
(-0.286834, 0.3950951, 0.008796453)
(-0.2873125, 0.4077768, 0.01885176)
(-0.287601, 0.4199154, 0.02947807)
(-0.2885211, 0.4311615, 0.0403986)
(-0.2894669, 0.4413996, 0.05222416)
(-0.2909472, 0.4518671, 0.06520915)
(-0.2909472, 0.4518671, 0.06520915)
(-0.2918036, 0.4613041, 0.07680154)
(-0.2928658, 0.4689645, 0.08953238)
(-0.295176, 0.4827845, 0.1150708)
(-0.2962191, 0.4888097, 0.1281979)
(-0.2980011, 0.4936302, 0.142113)
(-0.299485, 0.4971259, 0.1555426)
(-0.3002894, 0.5005852, 0.1688397)
(-0.3018267, 0.5037313, 0.1836023)
(-0.3018267, 0.5037313, 0.1836023)
(-0.3027654, 0.5054294, 0.1969681)
(-0.3046594, 0.5076786, 0.2246814)
(-0.3055947, 0.5072689, 0.2385194)
(-0.3063061, 0.5064446, 0.2524198)
(-0.3072062, 0.505764, 0.2661072)
(-0.3082492, 0.5033666, 0.2796738)
(-0.3091192, 0.5005944, 0.2927952)
(-0.309932, 0.4970603, 0.3068298)
(-0.309932, 0.4970603, 0.3068298)
(-0.3119164, 0.4896795, 0.3321626)
(-0.3126423, 0.4861796, 0.343874)
(-0.3126423, 0.4861796, 0.343874)
(-0.3150499, 0.4788208, 0.3659441)
(-0.3156624, 0.4757726, 0.3752773)
(-0.3163158, 0.4727736, 0.3842571)
(-0.3173614, 0.4689484, 0.3926027)
(-0.3175786, 0.4659071, 0.4000717)
(-0.3175786, 0.4659071, 0.4000717)
(-0.317613, 0.4631511, 0.4057333)
(-0.3180522, 0.4568497, 0.4165916)
(-0.3180522, 0.4568497, 0.4165916)
(-0.3181053, 0.4510417, 0.4244002)
(-0.3176715, 0.4490798, 0.4257495)
(-0.3162895, 0.4482219, 0.4251951)
(-0.3154857, 0.4481604, 0.4245509)
(-0.3148954, 0.4517581, 0.4205811)
(-0.3148954, 0.4517581, 0.4205811)
(-0.3176928, 0.4547919, 0.4214127)
(-0.3178469, 0.4530811, 0.424789)
(-0.3175578, 0.4505844, 0.4284583)
(-0.3168736, 0.4483826, 0.4315357)
(-0.316414, 0.4465907, 0.4336183)
(-0.3167095, 0.4458812, 0.4320894)
(-0.3157899, 0.4469262, 0.4288034)
(-0.3154168, 0.4463238, 0.4275362)
(-0.3154168, 0.4463238, 0.4275362)
(-0.3160453, 0.4450722, 0.426898)
(-0.3157723, 0.4450399, 0.4274831)
(-0.3153307, 0.4456549, 0.4304608)
(-0.3158296, 0.4463719, 0.4310405)
(-0.3163835, 0.4460447, 0.4298546)
(-0.3167213, 0.4455376, 0.428494)
(-0.3164059, 0.4449716, 0.4271197)
(-0.3163218, 0.444694, 0.4266276)
(-0.3167442, 0.4447927, 0.4259865)
(-0.3167442, 0.4447927, 0.4259865)
(-0.3185103, 0.4461402, 0.425548)
(-0.3185103, 0.4461402, 0.425548)
(-0.3196266, 0.4464579, 0.425154)
(-0.3196197, 0.4459553, 0.4248101)
(-0.3197696, 0.4456345, 0.4242194)
(-0.3203861, 0.4456314, 0.4236661)
(-0.320959, 0.4459003, 0.4230497)
(-0.3216318, 0.4466355, 0.4221919)
(-0.3216318, 0.4466355, 0.4221919)
(-0.3225389, 0.4476143, 0.4212669)
(-0.3225389, 0.4476143, 0.4212669)
(-0.3228745, 0.4478743, 0.4208663)
(-0.3230932, 0.4481173, 0.4205885)
(-0.3233513, 0.4483626, 0.4201502)
(-0.3234313, 0.4488293, 0.4195188)
(-0.3237197, 0.4492443, 0.4191129)
(-0.3239785, 0.4495518, 0.4184232)
(-0.3239785, 0.4495518, 0.4184232)
(-0.3241777, 0.4497701, 0.4178261)
(-0.3241842, 0.4500481, 0.4168551)
(-0.3244314, 0.4504775, 0.4165995)
(-0.3245909, 0.4508517, 0.4163584)
(-0.3246257, 0.4509908, 0.4159181)
(-0.3245362, 0.4510646, 0.415409)
(-0.3248365, 0.4513645, 0.4150993)
(-0.3250775, 0.4515405, 0.4145657)
(-0.3251554, 0.4515461, 0.4140712)
(-0.3251554, 0.4515461, 0.4140712)
(-0.325495, 0.4519023, 0.4139801)
(-0.3250415, 0.451937, 0.4134736)
(-0.3252097, 0.4522411, 0.4135203)
(-0.3245229, 0.4516016, 0.4124889)
(-0.3246714, 0.4518461, 0.4122977)
(-0.3146105, 0.441896, 0.4029126)
(-0.3148768, 0.4419974, 0.4025857)
(-0.3148768, 0.4419974, 0.4025857)
(-0.3150268, 0.4422563, 0.4024428)
(-0.3149345, 0.4425683, 0.4020491)
(-0.3150101, 0.442645, 0.4019039)
(-0.3149877, 0.4425628, 0.4016834)
(-0.3149877, 0.4425628, 0.4016834)
(-0.3148341, 0.4430692, 0.4017445)
(-0.3146992, 0.4433594, 0.4019724)
(-0.3147092, 0.4435694, 0.4022409)
(-0.3147092, 0.4435694, 0.4022409)
(-0.3146105, 0.4436777, 0.4028131)
(-0.3142469, 0.4434903, 0.4030073)
(-0.3143103, 0.4434683, 0.4034524)
(-0.3144038, 0.4435668, 0.404551)
(-0.3145165, 0.443535, 0.4054677)
(-0.3146942, 0.443494, 0.4065773)
(-0.3147752, 0.4433995, 0.4072256)
(-0.3145282, 0.4434743, 0.4075924)
(-0.3143573, 0.4435514, 0.4076794)
(-0.3143573, 0.4435514, 0.4076794)
(-0.3141532, 0.443625, 0.4079732)
(-0.3138671, 0.4436318, 0.4087712)
(-0.3138671, 0.4436318, 0.4087712)
(-0.3134377, 0.4436935, 0.4096897)
(-0.3133824, 0.4438578, 0.4099575)
(-0.3131924, 0.443925, 0.4102088)
(-0.3130496, 0.44403, 0.4104754)
(-0.3128829, 0.4441953, 0.4109226)
(-0.3128829, 0.4441953, 0.4109226)
(-0.3125026, 0.4443994, 0.4111325)
(-0.3125269, 0.4451143, 0.4121548)
(-0.3125591, 0.4453524, 0.4123199)
(-0.3125081, 0.4456756, 0.4126109)
(-0.3119879, 0.4459623, 0.4130285)
(-0.3117456, 0.4461812, 0.4132936)
(-0.311605, 0.4465649, 0.4132681)
(-0.3113701, 0.4471526, 0.4130846)
(-0.3113701, 0.4471526, 0.4130846)
(-0.3112702, 0.4476838, 0.4129125)
(-0.3110871, 0.4483268, 0.4133623)
(-0.311121, 0.4485953, 0.4132824)
(-0.3110991, 0.4487615, 0.4130847)
(-0.3110304, 0.4489036, 0.4127939)
(-0.3107457, 0.4488314, 0.4124694)
(-0.3105907, 0.448772, 0.4121736)
(-0.3104448, 0.4486783, 0.4120369)
(-0.3103602, 0.4487, 0.4119806)
(-0.3103602, 0.4487, 0.4119806)
(-0.3102844, 0.4488322, 0.4117385)
(-0.3101017, 0.4489192, 0.4117954)
(-0.3097711, 0.4491301, 0.4117202)
(-0.3095973, 0.4492826, 0.4116404)
(-0.3096182, 0.4493945, 0.4114765)
(-0.3096087, 0.4493903, 0.4115875)
(-0.3095884, 0.4494257, 0.4114934)
(-0.3094654, 0.4494166, 0.4116937)
(-0.3094654, 0.4494166, 0.4116937)
(-0.3097129, 0.4491307, 0.4121808)
(-0.3097, 0.4492135, 0.4123067)
(-0.3097272, 0.449239, 0.4120467)
(-0.3095725, 0.4494907, 0.4116231)
(-0.3090293, 0.4493648, 0.411624)
(-0.3089786, 0.4491837, 0.4118481)
(-0.3088164, 0.4491186, 0.4119176)
(-0.3088179, 0.4492812, 0.4121076)
(-0.3088179, 0.4492812, 0.4121076)
(-0.3088145, 0.4492581, 0.4121326)
