(0.8727143, 0.1904975, 0.4621206)
(0.8741332, 0.1899307, 0.463551)
(0.8772995, 0.1902037, 0.466046)
(0.8805348, 0.1907398, 0.46808)
(0.8829659, 0.1910622, 0.4703631)
(0.886665, 0.1913441, 0.4715846)
(0.8896945, 0.1914502, 0.4719763)
(0.8936852, 0.1919811, 0.4724691)
(0.8989612, 0.1931731, 0.4741363)
(0.9032924, 0.1954457, 0.4770096)
(0.9065399, 0.1985515, 0.4806092)
(0.9076256, 0.2024871, 0.4845901)
(0.9088398, 0.2054505, 0.4878219)
(0.9088669, 0.2074023, 0.4902959)
(0.9082426, 0.2076128, 0.4903113)
(0.9075466, 0.2087181, 0.4915544)
(0.904689, 0.2099675, 0.4922049)
(0.9021049, 0.2116908, 0.4928292)
(0.8981507, 0.2146173, 0.4946342)
(0.8945744, 0.2199384, 0.4983501)
(0.8923239, 0.2304344, 0.5065796)
(0.8904807, 0.2404703, 0.5140998)
(0.8899611, 0.2486735, 0.5200733)
(0.8935175, 0.2577287, 0.5267832)
(0.8957856, 0.2666298, 0.5337375)
(0.8991288, 0.2751506, 0.540484)
(0.9056572, 0.2779289, 0.541705)
(0.909137, 0.2813543, 0.5432675)
(0.9111511, 0.2840727, 0.5429566)
(0.9120474, 0.2877611, 0.5426403)
(0.9137881, 0.2908458, 0.5420269)
(0.9160548, 0.2935842, 0.5412862)
(0.9183748, 0.2937977, 0.5389438)
(0.9185835, 0.2930619, 0.5366147)
(0.9180924, 0.2904402, 0.5318723)
(0.9186574, 0.2879507, 0.5277637)
(0.9189612, 0.2858126, 0.5233348)
(0.9213687, 0.2883743, 0.5226892)
(0.9252012, 0.2932316, 0.525826)
(0.9291255, 0.2971669, 0.5293358)
(0.9330343, 0.2996035, 0.5309648)
(0.9391323, 0.3012247, 0.5334765)
(0.9438253, 0.3046956, 0.5364637)
(0.9491345, 0.3102727, 0.54142)
(0.9542459, 0.3150564, 0.545633)
(0.9597546, 0.3218661, 0.5517417)
(0.9647514, 0.3290158, 0.5583899)
(0.9708403, 0.3354986, 0.564629)
(0.9781225, 0.3415374, 0.5702251)
(0.9855928, 0.3461128, 0.5741075)
(0.9910746, 0.3500697, 0.5770926)
(0.9940716, 0.3542835, 0.5802783)
(0.9932104, 0.3568311, 0.5811592)
(0.9934254, 0.3577605, 0.5795938)
(0.995441, 0.3587108, 0.5781914)
(0.9991343, 0.3598846, 0.575701)
(1.006754, 0.3641869, 0.5753529)
(1.012771, 0.367557, 0.5740582)
(1.017164, 0.3680761, 0.5691648)
(1.020035, 0.3648654, 0.5620585)
(1.022967, 0.3636886, 0.5573986)
(1.025067, 0.3583453, 0.5486521)
(1.026915, 0.3525184, 0.5393472)
(1.027225, 0.3448475, 0.5294825)
(1.028852, 0.3392161, 0.5218184)
(1.030926, 0.3306061, 0.5112978)
(1.03107, 0.3258269, 0.5037594)
(1.028189, 0.3287158, 0.5036039)
(1.027103, 0.3344392, 0.5053583)
(1.030703, 0.3382703, 0.5066462)
(1.042912, 0.3419377, 0.5130194)
(1.05236, 0.3351221, 0.5097063)
(1.055382, 0.3192912, 0.5006547)
(1.058888, 0.308894, 0.498535)
(1.064916, 0.3007749, 0.501671)
(1.074332, 0.2922968, 0.5025036)
(1.085516, 0.2801931, 0.4980181)
(1.09533, 0.2730968, 0.4978081)
(1.105837, 0.2768789, 0.5088801)
(1.117712, 0.2852057, 0.526588)
(1.127894, 0.284497, 0.5357866)
(1.133688, 0.2744287, 0.5324913)
(1.138893, 0.2712219, 0.5346802)
(1.140736, 0.2745642, 0.5413273)
(1.143682, 0.2740868, 0.5420098)
(1.145465, 0.2680733, 0.5367737)
(1.14628, 0.2630301, 0.533842)
(1.147438, 0.2586627, 0.5324953)
(1.147012, 0.2502552, 0.5265607)
(1.147513, 0.2407211, 0.5188751)
(1.149256, 0.2330756, 0.5136111)
(1.152631, 0.2278095, 0.5105904)
(1.154102, 0.225595, 0.5102525)
(1.154219, 0.2251036, 0.5111108)
(1.154441, 0.2235681, 0.5118104)
(1.15505, 0.2206265, 0.511712)
(1.156632, 0.2177843, 0.5115165)
(1.158107, 0.2151517, 0.5120652)
(1.160611, 0.2128027, 0.5135423)
(1.16322, 0.2141358, 0.5186787)
(1.165596, 0.2154507, 0.5225677)
(1.168093, 0.2185573, 0.5274407)
(1.171363, 0.2222501, 0.5330001)
(1.175609, 0.2271703, 0.539274)
(1.178713, 0.2312739, 0.5453332)
(1.17987, 0.2344316, 0.5497556)
(1.17878, 0.2367198, 0.5531263)
(1.17835, 0.2396026, 0.5575042)
(1.177515, 0.2414802, 0.5605419)
(1.176584, 0.2423984, 0.5625505)
(1.175647, 0.2413531, 0.5633718)
(1.173805, 0.2388428, 0.5630249)
(1.170441, 0.2355095, 0.5617233)
(1.166255, 0.2319382, 0.5612908)
(1.161725, 0.2300868, 0.5621659)
(1.154598, 0.2264514, 0.5612571)
(1.147528, 0.2238875, 0.5600171)
(1.137845, 0.2236314, 0.5597749)
(1.132837, 0.2220328, 0.5596634)
(1.129183, 0.2202561, 0.5593601)
(1.129163, 0.2167309, 0.5556756)
(1.128277, 0.2155031, 0.554383)
(1.124128, 0.2170852, 0.5544553)
(1.117527, 0.2153033, 0.5474226)
(1.112137, 0.2089594, 0.5367668)
(1.1069, 0.2063237, 0.5307623)
(1.104483, 0.2031962, 0.5244091)
(1.104718, 0.1993102, 0.5195301)
(1.109905, 0.1955774, 0.5160605)
(1.116495, 0.1978804, 0.516421)
(1.121375, 0.2093436, 0.5240773)
(1.124269, 0.2216971, 0.5313531)
(1.126087, 0.2309464, 0.5356757)
(1.1239, 0.2462956, 0.5452414)
(1.119636, 0.2599406, 0.5541167)
(1.109997, 0.2760897, 0.5648762)
(1.104843, 0.2879736, 0.5735669)
(1.099429, 0.2993314, 0.5815668)
(1.092317, 0.3065447, 0.5854809)
(1.08369, 0.3108092, 0.5860487)
(1.073982, 0.3155374, 0.5865298)
(1.066609, 0.3215728, 0.5882478)
(1.062171, 0.3279079, 0.5904078)
(1.058299, 0.3327802, 0.5918613)
(1.05539, 0.3351895, 0.5905595)
(1.052254, 0.3386973, 0.5906794)
(1.049852, 0.3380916, 0.5876207)
(1.05049, 0.3381896, 0.5850683)
(1.050542, 0.3404038, 0.5841665)
(1.050317, 0.3427538, 0.5836279)
(1.048988, 0.3455909, 0.5839869)
(1.047342, 0.3471329, 0.5826712)
(1.045296, 0.3461985, 0.5789886)
(1.042666, 0.3460694, 0.576593)
(1.039847, 0.3454632, 0.5745308)
(1.037401, 0.3446433, 0.5722488)
(1.03421, 0.342889, 0.5693578)
(1.030782, 0.3421722, 0.5676064)
(1.027798, 0.3407959, 0.5654207)
(1.024302, 0.3390852, 0.56268)
(1.019902, 0.3368763, 0.5594798)
(1.015309, 0.3344844, 0.5560156)
(1.009843, 0.3322284, 0.5514086)
(1.005818, 0.3307247, 0.5489459)
(1.002338, 0.3298002, 0.547187)
(0.9995902, 0.3280343, 0.544674)
(0.9960674, 0.3262255, 0.5417245)
(0.9921364, 0.3244153, 0.5386486)
(0.9877365, 0.3228194, 0.5356551)
(0.9826419, 0.3217503, 0.5336718)
(0.9778919, 0.3185315, 0.5301644)
(0.9726973, 0.3125386, 0.523371)
(0.9677885, 0.3062762, 0.5160339)
(0.9627529, 0.3028355, 0.511042)
(0.9577217, 0.3023406, 0.5087458)
(0.9522892, 0.2992789, 0.5048708)
(0.9476099, 0.2914481, 0.4992979)
(0.9425532, 0.2841737, 0.4932382)
(0.9382663, 0.2749735, 0.4865983)
(0.9353662, 0.2673266, 0.4816945)
(0.932331, 0.2606522, 0.4776624)
(0.9301229, 0.2561085, 0.4768605)
(0.9277374, 0.2504239, 0.4752335)
(0.9258035, 0.2436765, 0.4737186)
(0.9236655, 0.2364103, 0.4722727)
(0.9228168, 0.2294487, 0.4710485)
(0.9222592, 0.2226524, 0.4694533)
(0.9227917, 0.2159746, 0.4679298)
(0.9222736, 0.2083677, 0.4646724)
(0.9200298, 0.2000743, 0.4604987)
(0.9182574, 0.1964349, 0.4580855)
(0.9159898, 0.191428, 0.454779)
(0.9122863, 0.1860609, 0.4498918)
(0.907829, 0.1827985, 0.4474584)
(0.901631, 0.1785542, 0.4437106)
(0.8962256, 0.1737543, 0.4397563)
(0.8903012, 0.1683068, 0.433722)
(0.8836058, 0.1634856, 0.4275616)
(0.8760548, 0.1594095, 0.4217236)
(0.868783, 0.157874, 0.4182666)
(0.8619736, 0.1571095, 0.4154477)
(0.8550317, 0.1579628, 0.4140198)
(0.8484157, 0.1588284, 0.412909)
(0.8425378, 0.1597278, 0.4121544)
(0.8372474, 0.1593695, 0.4108281)
(0.8336246, 0.1594586, 0.4105651)
(0.830106, 0.1593304, 0.4101623)
(0.8293103, 0.1585697, 0.4099119)
(0.8280905, 0.1582661, 0.4102563)
(0.8266364, 0.157211, 0.4097911)
(0.8272635, 0.1530984, 0.4083549)
(0.8268147, 0.1505076, 0.407384)
(0.8265144, 0.1472883, 0.4061359)
(0.8253484, 0.1438789, 0.4045362)
(0.8249097, 0.1400738, 0.403086)
(0.8244492, 0.1361747, 0.4013684)
(0.8245086, 0.1322745, 0.4002138)
(0.8251904, 0.1294725, 0.4003003)
(0.8255402, 0.1278356, 0.400449)
(0.8268302, 0.1283256, 0.4018725)
(0.8281482, 0.1276586, 0.403704)
(0.8287734, 0.1268955, 0.4056165)
(0.8295029, 0.1247964, 0.4063329)
(0.8306014, 0.1240678, 0.4082863)
(0.8315904, 0.1241083, 0.4105645)
(0.8339081, 0.1254577, 0.4131093)
