(-6658.705, 338.4687, 7652.769)
(-7.633345, -10.21445, -18.86066)
(9.734107, -17.89848, -13.80332)
(4.291681, -13.22777, -4.783274)
(2.056268, -9.864771, 1.328376)
(1.429353, 19.34606, -13.03883)
(0.9385673, 6.691741, 14.72483)
(-4.018342, 1.378079, 9.693638)
(-8.415993, 2.626619, 9.926411)
(-13.58992, -2.926075, 17.29394)
(-10.54564, -0.2320344, -2.024337)
(-11.77975, 9.304623, -9.161442)
(-5.892864, 5.890709, -9.411345)
(-0.769985, -5.072609, -20.03543)
(0.8173447, -6.314647, -6.913374)
(-0.7189721, -0.6237657, -4.205494)
(3.124257, 3.282461, 1.263478)
(2.221427, 4.427526, 5.774178)
(-0.4993916, 1.586429, 2.733738)
(-6.650168, 0.9459668, 6.656723)
(-4.800476, 0.8569949, 0.9614003)
(-1.376387, -3.919415, 0.1773963)
(0.7096937, -3.15104, 4.807668)
(7.999569, -6.145292, 5.010911)
(3.847413, 3.379586, 1.432651)
(3.043931, 6.763346, 1.833156)
(-1.050996, -0.259423, -0.4345889)
(-6.198391, -2.881901, -1.845909)
(-8.190145, -2.008263, -0.5445237)
(-0.294761, -4.274035, 5.047215)
(1.629874, -2.462263, 4.312134)
(6.646534, -2.422884, 7.058961)
(9.984204, -1.08014, 2.620704)
(4.173771, 0.1855969, 0.2168894)
(4.580132, -1.050359, 2.126761)
(-1.478593, -0.04738391, -1.440902)
(-6.895695, 1.780574, 0.8204814)
(-2.756499, -0.5364117, 1.366208)
(-3.122602, -4.976751, 6.509925)
(-0.2054736, -1.243656, 4.417682)
(2.678018, -0.9749011, 2.071172)
(5.592461, -1.578846, 1.000722)
(4.699576, -1.152321, 2.490603)
(4.860709, -2.041365, 1.039522)
(3.217442, -1.783582, 1.714731)
(-0.1093956, -0.6818635, 2.441751)
(1.861396, -0.5609385, 2.505598)
(-0.9144632, -0.3909819, 0.9883153)
(-1.51766, 0.2108749, 0.8371094)
(1.01557, 0.5200504, 1.378624)
(0.2298814, -0.7211966, -0.09240332)
(-0.05391499, -0.4615124, 1.626076)
(3.17207, 0.7807184, 1.569993)
