(-3457.73, 121.2582, 11989.97)
(5.991507, -3.677578, 11.28931)
(7.069592, -1.288318, 5.739264)
(-2.105329, -5.029949, -2.520767)
(-8.826264, -8.501128, 1.371917)
(2.872295, -1.654101, 6.293469)
(-0.7852132, -2.927351, 1.250173)
(-6.101074, -3.246346, 10.39291)
(11.06699, 2.854399, 18.06036)
(1.549606, -1.589514, 4.525699)
(3.864474, 0.1336768, 19.09299)
(0.04022406, -2.9046, 4.308208)
(-50.34443, 58.30894, -81.10806)
(-14.54249, 3.298116, 1.985466)
(-7.692874, 7.691467, 1.56532)
(-5.344238, 0.2528549, 0.4510674)
(-3.903907, 0.8045213, 0.708902)
(-9.83004, 10.42981, 3.525411)
(-9.886658, 3.752789, 0.6243864)
(-9.098912, 3.964471, -0.7979571)
(-9.600595, 2.745697, -2.806864)
(-25.50739, 15.63611, -24.09039)
(-8.82085, 2.885735, -4.697608)
(-7.33991, 2.185125, -2.300848)
(-0.9489402, -2.273219, 1.704157)
(-1.189419, 0.8324852, -2.154541)
(6.078908, -4.50009, 1.982338)
(11.09173, 0.804803, -0.8604542)
(14.80483, -1.96375, 1.036161)
(16.63956, -4.338603, 4.155584)
(6.929061, -0.3506231, 0.2867961)
(4.926016, 1.141691, 1.727759)
(-5.258116, 4.291684, -3.415153)
(-6.870018, 0.9857019, -4.837114)
(-5.934964, -6.460009, -6.598417)
(-2.968677, -2.143335, -1.240465)
(3.963532, -2.452001, 3.299272)
(21.97477, -5.628457, 9.724688)
(16.49917, -1.771837, 4.289039)
(12.10936, 0.1880968, 2.691817)
(11.59463, 3.458068, -0.5237033)
(-5.356825, 2.072257, -4.144513)
(-6.769994, -0.4638288, -4.962333)
(-1.989883, -2.665709, -2.084721)
(-11.82085, -2.501322, 4.462184)
(3.010255, -2.729012, 4.305252)
(4.270407, -0.2805004, 0.2482004)
(9.37392, 1.615515, -0.6020365)
(6.546656, -0.7862431, -2.479029)
(4.475181, -0.9248424, 0.1396631)
(0.7892953, 0.429425, 2.314964)
(-2.145319, -0.2035001, 1.25099)
(-2.221213, -1.534656, -0.2061353)
(-9.255881, -2.546207, 0.1747661)
(-0.05486032, -1.277148, -1.310065)
(1.386554, 1.38153, -0.4563235)
(6.492971, -0.9644243, -0.5113906)
(6.643983, -1.501744, 1.984064)
(1.979636, 1.316356, 0.2117394)
(-1.746016, 1.54391, 2.660813)
(-3.105393, -1.000438, -2.306742)
