(0.4783225, 1.157539, 0.6782589)
(0.4780478, 1.157676, 0.6783729)
(0.4775213, 1.157648, 0.6788743)
(0.4767174, 1.157833, 0.6792288)
(0.4763104, 1.157907, 0.6793852)
(0.4750888, 1.158011, 0.6800928)
(0.4734223, 1.158266, 0.6806138)
(0.4724071, 1.158193, 0.6807768)
(0.4706057, 1.158093, 0.6814318)
(0.4685839, 1.15782, 0.6821928)
(0.4672143, 1.157151, 0.6823671)
(0.4646664, 1.156451, 0.6833143)
(0.4621145, 1.155757, 0.6842303)
(0.4589349, 1.15447, 0.6852138)
(0.4567282, 1.153642, 0.685581)
(0.4527559, 1.151994, 0.6867816)
(0.4492631, 1.150355, 0.6877115)
(0.4461193, 1.148765, 0.688252)
(0.4418352, 1.146627, 0.6894166)
(0.4377544, 1.144683, 0.6906912)
(0.4341319, 1.142175, 0.6911161)
(0.4295554, 1.13937, 0.6924405)
(0.4249334, 1.136639, 0.6938024)
(0.420068, 1.133419, 0.6953671)
(0.4147649, 1.130063, 0.6971633)
(0.4095685, 1.126893, 0.6991191)
(0.4046779, 1.123605, 0.7007031)
(0.3993518, 1.120512, 0.7028189)
(0.3933091, 1.117487, 0.7049923)
(0.3880358, 1.114695, 0.707212)
(0.3828294, 1.112618, 0.7095926)
(0.3773844, 1.110894, 0.7120948)
(0.3719034, 1.110256, 0.7154894)
(0.366642, 1.110531, 0.7192237)
(0.3610578, 1.112433, 0.7229652)
(0.3535867, 1.114329, 0.7283349)
(0.3455787, 1.119812, 0.7330468)
(0.336302, 1.123957, 0.7383683)
(0.3267732, 1.131221, 0.7430978)
(0.3175046, 1.138284, 0.7477343)
(0.307044, 1.147012, 0.7520258)
(0.295774, 1.154825, 0.7567642)
(0.2840378, 1.164182, 0.7609727)
(0.2740173, 1.173087, 0.7643349)
(0.2639503, 1.180736, 0.7678235)
(0.2540751, 1.189858, 0.7711039)
(0.2462554, 1.197349, 0.7734044)
(0.2377353, 1.205389, 0.7764728)
(0.2301116, 1.213789, 0.7788067)
(0.2232091, 1.222777, 0.7800989)
(0.2164726, 1.232593, 0.7818949)
(0.2107484, 1.243658, 0.7833602)
(0.2063334, 1.25391, 0.7845333)
(0.2019453, 1.264648, 0.7868595)
(0.2006736, 1.274183, 0.7892547)
(0.1975393, 1.283844, 0.7905908)
(0.1963773, 1.293214, 0.7928803)
(0.1953852, 1.302158, 0.7949853)
(0.1940541, 1.310147, 0.795543)
(0.1925843, 1.319158, 0.7977283)
(0.1921344, 1.327741, 0.7988918)
(0.1920822, 1.335585, 0.7988296)
(0.1909659, 1.345, 0.8000283)
(0.1914294, 1.353429, 0.7991252)
(0.1910472, 1.362934, 0.7998452)
(0.1900868, 1.371488, 0.7993159)
(0.1871507, 1.380238, 0.7989407)
(0.1842015, 1.390572, 0.799531)
(0.1820624, 1.400954, 0.7987854)
(0.1801236, 1.413338, 0.7981834)
(0.1795702, 1.424107, 0.7988987)
(0.1792901, 1.433984, 0.7979379)
(0.1798487, 1.44424, 0.7973053)
(0.1807065, 1.453783, 0.7962875)
(0.1817129, 1.463701, 0.7950571)
(0.1828482, 1.473794, 0.7934718)
(0.1829069, 1.484199, 0.7920516)
(0.1836538, 1.494207, 0.7901511)
(0.1839514, 1.505405, 0.7882872)
(0.1835454, 1.515814, 0.7867854)
(0.1833246, 1.526445, 0.7856245)
(0.1835268, 1.537046, 0.7845702)
(0.1843605, 1.547866, 0.7836118)
(0.1851153, 1.558008, 0.7826369)
(0.1859188, 1.567628, 0.7816591)
(0.1866565, 1.57689, 0.7807508)
(0.1875942, 1.585955, 0.7793059)
(0.1883168, 1.595474, 0.7780397)
(0.1887531, 1.604242, 0.7768855)
(0.189626, 1.613274, 0.7756782)
(0.1905191, 1.6216, 0.7746696)
(0.1912265, 1.630401, 0.7732923)
(0.1919522, 1.638242, 0.7723484)
(0.1927788, 1.645529, 0.7713718)
(0.1942465, 1.652394, 0.7700045)
(0.1951644, 1.659119, 0.7689483)
(0.1966586, 1.665407, 0.7671735)
(0.1979048, 1.671149, 0.7659941)
(0.1985321, 1.676818, 0.7651563)
(0.1988697, 1.681844, 0.764411)
(0.1996689, 1.686661, 0.763067)
(0.2000141, 1.691024, 0.7620611)
(0.200433, 1.695467, 0.761456)
(0.2007475, 1.698364, 0.7602482)
(0.2011242, 1.701804, 0.7593572)
(0.2019236, 1.704562, 0.7580853)
(0.2027388, 1.706723, 0.7569072)
(0.2034366, 1.708458, 0.7560246)
(0.2045922, 1.709856, 0.7547281)
(0.2054718, 1.711593, 0.7538431)
(0.2062416, 1.712842, 0.7531307)
(0.207104, 1.714099, 0.7521315)
(0.2082179, 1.714694, 0.7514)
(0.2092004, 1.715501, 0.7505322)
(0.2104399, 1.715755, 0.7492611)
(0.2111869, 1.715757, 0.7483728)
(0.21192, 1.715661, 0.7473061)
(0.2132931, 1.715212, 0.7454722)
(0.2138944, 1.714963, 0.7443528)
(0.2143631, 1.714653, 0.7431071)
(0.215945, 1.713988, 0.740942)
(0.2159624, 1.713717, 0.7400365)
(0.2161672, 1.713603, 0.7389216)
(0.2164772, 1.713572, 0.7379663)
(0.2161462, 1.713581, 0.7375796)
(0.2158613, 1.713791, 0.7368629)
(0.2161069, 1.713863, 0.7358642)
(0.2156513, 1.71402, 0.7354107)
(0.215137, 1.714424, 0.7348483)
(0.2152076, 1.714638, 0.734045)
(0.2146225, 1.715126, 0.7341754)
(0.2142587, 1.715552, 0.7339668)
(0.2139952, 1.715886, 0.7339168)
(0.2136338, 1.715644, 0.7342815)
(0.2134285, 1.715589, 0.7341104)
(0.2132161, 1.715266, 0.7344842)
(0.213578, 1.715332, 0.7343512)
(0.2137172, 1.715082, 0.7343111)
(0.2136438, 1.715073, 0.7347558)
(0.2140012, 1.71514, 0.7349186)
(0.214138, 1.71505, 0.7350309)
(0.2141035, 1.715039, 0.7356265)
(0.2141979, 1.714892, 0.7360308)
(0.2142324, 1.714714, 0.7363899)
(0.2141392, 1.71455, 0.7369816)
(0.2140925, 1.714335, 0.7375681)
(0.214092, 1.7142, 0.7380691)
(0.2139578, 1.714201, 0.7387054)
(0.2140427, 1.714206, 0.7393026)
(0.2140367, 1.714189, 0.7400308)
(0.2138999, 1.714193, 0.7407389)
(0.2138512, 1.714107, 0.7415442)
(0.2138267, 1.714162, 0.7422891)
(0.2134075, 1.714387, 0.743299)
(0.2133808, 1.714499, 0.7439556)
