(-54.13399, -3.131342, 11.75327)
(-54.15425, -3.12531, 11.73086)
(-54.16675, -3.124189, 11.71799)
(-54.1914, -3.085208, 11.73849)
(-54.1914, -3.085208, 11.73849)
(-54.19262, -3.086162, 11.73761)
(-54.20437, -3.066158, 11.70893)
(-54.20673, -3.078938, 11.73244)
(-54.19524, -3.076172, 11.74083)
(-54.19965, -3.091121, 11.76744)
(-54.20461, -3.096414, 11.76412)
(-54.22666, -3.0972, 11.75432)
(-54.23648, -3.093076, 11.73744)
(-54.21934, -3.073764, 11.76548)
(-54.2252, -3.067732, 11.77201)
(-54.19388, -3.086185, 11.8154)
(-54.15897, -3.092599, 11.82487)
(-54.13866, -3.101373, 11.83181)
(-54.12466, -3.104377, 11.82804)
(-54.12488, -3.110385, 11.82294)
(-54.14412, -3.099346, 11.80029)
(-54.14882, -3.076816, 11.78908)
(-54.14119, -3.094697, 11.82232)
(-54.12576, -3.085279, 11.86323)
(-54.10235, -3.080893, 11.88259)
(-54.09958, -3.099632, 11.88757)
(-54.08661, -3.093624, 11.87611)
(-54.0997, -3.112626, 11.85083)
(-54.09508, -3.091764, 11.86981)
(-54.09601, -3.096581, 11.88171)
(-54.10364, -3.069258, 11.89466)
(-54.11425, -3.092122, 11.84652)
(-54.11525, -3.095007, 11.8288)
(-54.1002, -3.070092, 11.84402)
(-54.10371, -3.066802, 11.83851)
(-54.10624, -3.07138, 11.84001)
(-54.10223, -3.065419, 11.82594)
(-54.10714, -3.069401, 11.80806)
