(297.3428, 66.13333, 46.73144)
(296.5638, 65.82929, 46.55591)
(298.8271, 68.49644, 44.31026)
(301.3389, 72.57896, 40.63142)
(303.2985, 74.09426, 39.39017)
(304.3083, 73.69495, 39.83168)
(305.0949, 71.85722, 41.81962)
(304.4578, 71.07156, 42.59686)
(303.4825, 70.48232, 43.18457)
(302.326, 70.12344, 43.33848)
(301.6104, 70.74252, 42.47643)
(301.2433, 71.95924, 41.07382)
(301.5233, 72.72533, 40.35385)
(302.2761, 72.14452, 40.97521)
(302.6582, 71.31101, 41.77422)
(302.7213, 71.08635, 42.06706)
(302.2064, 71.07455, 41.97713)
(301.6632, 71.47627, 41.43253)
(301.433, 71.89835, 41.05173)
(301.4728, 72.00939, 40.93531)
(301.8325, 71.83129, 41.12786)
(302.066, 71.78059, 41.35863)
(302.176, 71.56656, 41.61474)
(301.9754, 71.50079, 41.63187)
(301.8219, 71.87885, 41.29713)
(301.6899, 71.90613, 41.20272)
(301.6506, 71.59768, 41.3235)
(301.443, 71.91649, 40.9069)
(301.2787, 71.90255, 40.85786)
(301.0402, 71.85491, 40.71943)
(300.7456, 72.13806, 40.47342)
(300.7507, 72.17979, 40.47239)
(301.0244, 71.2918, 41.30021)
(301.2303, 71.34541, 41.06385)
(301.1276, 71.92226, 40.53293)
(300.742, 72.71677, 39.62396)
(300.8898, 71.94653, 40.32071)
(300.907, 71.51107, 40.60069)
(300.8459, 71.64178, 40.4897)
(300.7404, 71.67843, 40.46358)
(300.6519, 71.58492, 40.32977)
(300.8643, 71.44447, 40.51299)
(300.9706, 71.23638, 40.59299)
(300.9252, 71.15054, 40.58099)
(300.9211, 70.97123, 40.60486)
(300.9052, 71.0995, 40.37755)
(300.916, 71.26177, 40.23541)
(300.9795, 71.12205, 40.35135)
(301.0863, 71.10381, 40.46449)
(301.3761, 70.87681, 40.61188)
(301.4528, 71.05434, 40.3165)
(301.355, 71.46703, 39.93782)
(301.1345, 71.45087, 39.81936)
(301.0488, 71.51923, 39.64971)
