(-15348.19, 39.26697, 348.9284)
(-0.2107924, -1.78613, -4.153059)
(-1.228498, -0.2078709, -1.378315)
(2.659954, -0.5699902, -2.129604)
(4.326899, 3.326026, 0.142544)
(10.37902, 12.57236, 2.239547)
(39.68777, 41.14116, 17.80241)
(35.66414, 38.56039, -3.544989)
(52.4412, 134.8673, -12.89204)
(45.52617, 143.8067, 4.765569)
(25.41187, 102.007, -6.305776)
(42.67454, 133.821, -27.22175)
(38.82388, 125.5167, -4.811428)
(47.60891, 159.024, 18.06755)
(48.17932, 135.4783, 1.70771)
(52.18434, 170.2431, 14.75281)
(43.30104, 154.4657, 7.186946)
(49.5389, 155.1845, 7.552442)
(45.70532, 134.4691, 2.021993)
(58.80746, 159.178, 3.910693)
(54.01516, 129.0982, 2.296349)
(61.34519, 111.3241, 0.2442257)
(62.1923, 73.71558, -0.1971029)
(63.67739, 56.95535, -5.031825)
(62.11735, 42.17233, -0.8473758)
(97.39088, -3.373097, -9.624667)
(54.51049, -38.03126, -9.066092)
(66.97955, -67.90105, -6.009384)
(57.68546, -97.30627, -5.470455)
(65.77722, -131.4971, -3.491931)
(54.54044, -116.2086, -1.842067)
(70.67171, -182.0605, 1.763662)
(69.91039, -152.2513, -3.467467)
(82.93529, -184.3972, -3.753377)
(143.3574, -306.0666, -26.79438)
(91.43836, -182.2248, -21.51562)
(58.56984, -171.3744, -37.01571)
(66.89814, -150.0853, -29.3468)
(73.35941, -78.43614, 5.601604)
(69.88552, -75.30848, 30.36289)
(74.39347, -100.3076, 36.00396)
(28.33791, -56.12198, 18.47942)
(-0.3498465, -26.40973, -2.140508)
(-41.42358, -62.9722, -32.68491)
(-20.07003, -26.46631, 27.83389)
(-11.75492, 37.82458, 7.060305)
(29.37936, 0.1043731, -9.024911)
(22.0267, 2.596033, -16.76982)
(-0.8013603, -11.46699, 19.87235)
(-24.77791, 1.519114, -0.9976577)
(0.2908023, -5.525244, -2.490486)
(-1.836751, 2.914016, -1.920433)
(-3.740342, 1.311897, 8.160573)
(-6.396139, 5.511566, 8.683296)
(2.523574, 2.610737, 4.189527)
(-2.176542, 2.65107, -0.1516754)
(-1.467823, 0.9270462, -10.43587)
(2.107099, 0.9588484, -1.726142)
(-1.64637, 0.8170484, 1.824332)
(-1.686106, 1.15725, 2.251157)
(-0.5414845, -0.2638506, -0.9953469)
(-0.7858601, 0.5281148, -1.656408)
(-0.3732464, -0.2231579, 0.26068)
(-0.9044956, 0.4253283, -1.352436)
(-0.7844279, 0.409802, -2.220494)
(-0.4412147, -0.1296353, -1.769976)
(-1.107482, 0.3548423, -0.8105346)
(-0.9849686, 0.1836016, -1.196651)
(0.3514555, -0.6549851, -1.421797)
(1.796885, -1.2629, 0.6314502)
(0.6758867, -1.378809, -1.325639)
(0.8064484, -1.018265, -2.080107)
(0.2519311, -1.99006, 0.4071909)
(0.001098577, 0.2241096, -0.243884)
(-0.4064163, 0.05444812, -0.5804558)
(0.6158058, -0.2522578, -1.066266)
(0.2301782, -0.7926137, 0.5444215)
(0.1816843, -0.3166498, -0.1157589)
(-0.1375098, -0.6274522, -0.7186161)
(-0.0361209, -0.7936277, 0.0562454)
(-0.5132383, -0.81382, -0.05929844)
(-0.8641285, -0.4652135, 0.1960864)
(-0.6622418, -0.1420461, -0.3080864)
(1.051446, -2.352879, -0.7531786)
(0.697041, -1.506754, -0.4268183)
(-0.3831684, 0.1894672, -1.73643)
(-0.4977069, -0.4298378, -0.1140578)
(0.09824435, -0.697262, 0.4533567)
(0.1292454, 0.3426961, 0.01566611)
(-0.05350972, -0.4990601, 0.2522601)
(-0.2808922, 1.096069, 0.7601769)
(1.053391, 0.8578246, 3.061278)
(0.03349264, -0.238037, 2.389939)
(0.4847801, -0.02961326, 0.882914)
(1.811426, 0.5245668, 2.157207)
(2.47656, -1.03883, -0.4425952)
(2.794268, -0.9460619, 0.9771703)
(7.286717, 2.474415, -0.7841285)
(4.231034, 2.515094, 0.4425221)
(8.130612, 7.42261, 0.201199)
(17.05022, 15.69267, 3.739635)
(25.35578, 20.25119, 6.26377)
(55.83027, 31.86445, -3.509117)
(67.71488, 33.20753, -13.29075)
(69.43764, 142.7977, 1.080071)
(79.42811, 169.5874, -28.10212)
(49.10407, 158.9199, -29.74372)
(79.80529, 188.6754, -11.0958)
(79.27623, 164.9169, 19.48655)
(68.86302, 215.0173, 14.43632)
(62.97188, 193.5567, -9.620677)
(56.34626, 211.8244, -8.277736)
(85.35771, 311.6738, 5.705283)
(63.49811, 224.2852, 6.976091)
(41.78131, 182.5523, 0.927376)
(61.28883, 186.1746, 4.907465)
(45.87247, 170.7547, 2.968953)
(59.32893, 149.6892, 5.066344)
(45.88083, 116.7516, 5.507105)
(47.12389, 78.16721, 2.907423)
(45.71774, 32.44484, 0.3497757)
(54.76059, -15.07845, 2.108299)
(53.81536, -43.43934, -5.552296)
(52.58477, -41.24952, 0.6364415)
(53.56223, -85.4548, -0.8461554)
(60.17218, -124.9388, 5.332208)
(54.41067, -115.5273, 4.028387)
(53.65483, -174.5074, 6.963012)
(77.56029, -345.5891, -7.464424)
(41.62868, -195.1848, -1.102854)
(42.74184, -177.8209, 10.99651)
(33.78542, -207.9763, -1.100045)
(39.25885, -203.6408, 4.132018)
(13.7533, -204.6829, -10.19495)
(19.47782, -201.2685, -3.747573)
(3.53143, -102.4042, -4.830245)
(-22.53769, -380.9034, -3.053105)
(-6.755326, -91.769, 2.210457)
(0.5615661, -177.0699, 23.24179)
(6.397983, -91.82275, 17.74327)
(-0.6698472, -82.93687, 11.96129)
(-25.01711, -103.3868, 8.129843)
(-17.56139, -89.03964, 5.005717)
(-22.17744, -86.23676, 13.96155)
(-26.09216, -43.40366, 7.672098)
(-68.40946, 86.99265, -5.68305)
(-10.48703, -0.8365072, 0.1701073)
(42.53027, -52.9632, -7.973236)
(-0.8723789, 33.3387, -6.979895)
(-15.30837, -6.384513, 13.54183)
(-30.53881, 7.219094, -14.16343)
(3.3973, 0.6276407, -12.95933)
(4.530079, 8.636326, -9.519475)
(4.257878, 0.9310073, 3.240766)
(-9.033376, 1.128287, 3.172863)
(1.670061, 5.301864, 3.12373)
(-1.432332, 1.244834, 2.826005)
(-1.389053, 2.494912, 1.747623)
(-0.2005807, -0.3992692, -3.644514)
(2.635661, 0.3163209, -2.190314)
(-0.5325288, -0.1486564, -1.434817)
(-0.2464038, 0.683607, 1.878011)
(0.1352459, 0.04381206, -1.33722)
(-0.06982086, 0.3949242, -1.976803)
(-0.5735352, -0.8214504, -2.751119)
(-0.5336995, -0.391725, -2.109926)
(1.766885, -2.457643, 0.9379759)
(-0.07694761, -0.1641549, -1.188071)
(-1.155644, -0.1095027, -1.581922)
(-0.5293433, -0.5218878, -0.7162644)
(-0.4248575, -1.096641, -1.038087)
(-0.1978273, -0.2094642, -0.4932255)
(0.9511043, -0.2382451, 0.0103177)
(2.721022, 1.627003, 0.1163323)
(0.2752713, -0.9114299, 0.03847296)
(-0.3406568, -0.7262353, 0.562458)
(-0.186681, 0.0280561, 0.05773082)
(1.79459, 0.7756714, 0.2279385)
(0.3404136, -0.7765685, 0.07517467)
(-0.1507702, -0.6448606, -0.8810067)
(0.1630856, -0.2114853, 0.445066)
(0.1537797, -0.08307637, -0.397706)
(-0.2279066, -0.5536316, -0.4316108)
(0.8749837, -1.860065, -0.3640937)
(-0.1915112, -0.4022805, -1.047962)
(-0.9489433, -1.26182, -2.377516)
(0.16887, -0.690195, -0.4032561)
(-1.05715, -0.1952228, 1.326042)
(0.07034942, -0.04176997, 0.5776347)
(0.9137291, 0.1784321, -1.166671)
(0.596357, 0.819991, 0.8313797)
(-0.1159808, 0.2947054, 0.8641523)
(0.5371459, -0.07974125, 0.6645104)
(-0.4699665, 0.7814932, 0.4405266)
(-0.2816125, 0.2372978, 1.623203)
(2.090809, 1.965545, -1.860544)
(1.476762, -0.6096451, -0.3393494)
(3.043954, 1.918058, -0.575784)
(3.297899, 0.8960759, -1.383813)
(5.8451, 3.597429, -4.824131)
(5.813329, 3.215404, -4.281467)
(20.15155, 13.1014, 2.714755)
(36.61214, 15.9806, 3.290975)
(60.16923, 17.19478, -11.57485)
(60.87663, 44.60096, -33.31552)
(74.3324, 95.43307, -48.9086)
(82.56506, 152.1959, -37.52283)
(157.2323, 340.3852, -74.15823)
(82.94038, 153.4543, -20.04171)
(85.44638, 149.7664, -16.06591)
(86.30692, 181.55, -2.782518)
(76.75278, 156.8911, 1.428464)
(82.55667, 183.5953, -7.745213)
(61.48561, 151.836, -10.99272)
(72.22926, 177.392, -11.0948)
(66.19498, 148.6762, -7.462097)
(39.66914, 121.6677, -5.352362)
(98.57079, 93.37585, 5.176471)
(88.33582, 99.02063, -7.050225)
(57.58047, 6.105526, -9.026288)
(70.16695, 28.11613, -8.890408)
(58.26519, -4.11134, -1.939563)
(61.89045, -27.35134, -0.9980253)
(47.2221, -47.55521, -0.08965219)
(49.48811, -70.26173, -1.443231)
(68.47771, -169.6143, 0.7275291)
(42.08643, -128.7593, 7.936197)
(30.11514, -131.7419, 10.37869)
(30.48068, -166.1627, 11.68831)
(25.77129, -161.4562, 5.703738)
(30.45261, -184.0662, 3.421505)
(36.84742, -281.8048, -4.540531)
(24.86391, -182.0382, 10.56446)
(10.97009, -174.1916, -1.362601)
(4.715816, -158.6605, -7.767287)
(11.68196, -88.94179, -6.447103)
(15.59271, -75.4331, 4.500267)
(33.67579, -80.45998, 32.43357)
(-0.03255191, -112.3555, 11.22411)
(-9.132307, -52.77447, -8.332177)
(-13.69882, -31.98817, 6.2352)
(-32.64751, 19.19054, 23.75551)
(-43.41048, 18.37024, 0.08827346)
(25.53984, -39.47238, -12.44302)
(26.09791, -16.23375, 3.779057)
(-3.057572, 5.828958, 7.033707)
(-10.40793, 9.961269, -10.30672)
(9.298412, -13.71313, -3.637042)
(0.08889332, 11.16137, -4.815533)
(-11.47353, 3.646482, 4.14296)
(0.5756737, 5.007254, 8.140247)
(-4.436121, 4.851824, 3.569584)
(1.996006, 3.263653, 0.6821659)
(0.8762826, -1.485366, -7.557938)
(1.221172, -2.66817, -9.249762)
(-1.107355, 0.2077481, -2.374809)
(-0.8404788, -0.6463813, 2.73705)
(1.751177, -0.9499591, -3.089846)
(-1.214679, 0.3561839, 0.6593969)
(0.1505154, -0.7700281, 0.1821454)
(2.892003, 2.582359, 0.3523203)
(-0.4865442, -0.05851534, 0.5797353)
(-0.6953712, 0.2285349, 0.01464968)
(1.032417, -0.07197915, -1.418097)
(-0.05582983, 0.473653, 0.5258809)
(0.4690435, -0.1161718, 0.4995385)
(-0.8926272, -0.1084961, -0.6230308)
(0.4632348, -0.09222294, 0.2915093)
(-0.0267461, -0.1623871, -0.425072)
(0.7288942, -0.8962699, -1.616525)
(0.1556963, -0.4500004, -1.415508)
(-0.3560423, -0.8450643, -0.2418299)
(0.4212075, -0.4419846, -1.385452)
(0.8152439, -0.278739, -0.7174823)
(0.7571841, -0.6360347, -3.975662)
(0.8411919, -1.015307, -0.3895817)
(0.2792953, -0.3203107, -1.101556)
(-0.1618735, -0.6895389, -0.9139544)
(-0.1842336, -1.273054, -4.135124)
(-0.1000884, 0.2814368, -1.36804)
(-0.3865669, -0.8722534, -0.8375615)
(-1.020979, -1.113419, 0.01448686)
(-0.4684584, 0.5432692, -2.910498)
(0.7570098, -0.5637534, -1.389097)
(-0.1868384, -0.2784258, -0.2161463)
(-0.2333034, -0.3905519, -1.359737)
(-2.507103, -1.975627, -3.063321)
(-0.5432966, -0.01237108, -0.2747411)
(-0.8419847, 1.121396, 1.755229)
(0.6822253, 0.2637116, 1.126768)
(-1.158967, 0.3960563, 0.543893)
(-0.8368395, 0.9293436, 1.674755)
(-0.8689488, -0.2097874, 0.5351962)
(-0.1287072, 0.3003168, 1.015357)
(1.11186, 1.971566, 1.461302)
(-0.06446551, 0.9079803, 0.8467927)
(-0.2212146, 0.342473, 0.8537247)
(0.5041468, 0.3704825, 0.8964224)
(2.207612, 0.6116632, -0.1950995)
(6.617237, 0.02212753, 0.2489347)
(3.285493, -0.7697232, 0.797148)
(4.849886, 4.109587, -2.810473)
(12.5209, 10.09089, -1.04212)
(46.07029, 33.91181, 5.981968)
(59.82514, 31.92284, -7.493962)
(49.08146, 107.208, -55.94701)
(62.90623, 124.9838, -26.8279)
(85.03331, 180.3987, -5.968603)
(58.44453, 149.1751, -63.39597)
(71.7244, 166.5131, -37.57708)
(127.3739, 344.5179, -37.08555)
(83.00053, 199.2252, -13.94115)
(74.95114, 162.9332, -12.51647)
(69.54856, 181.9867, -13.73059)
(49.90548, 155.3549, -15.55854)
(71.3671, 158.2231, -10.11534)
(58.24963, 149.2276, -15.17163)
(63.70869, 109.2682, -11.92868)
(52.11828, 99.92015, -15.76293)
(63.37113, 61.45099, -10.25279)
(51.95087, 30.60353, -11.07729)
(77.22578, -9.653019, -7.962248)
(46.77104, -52.70146, -2.828765)
(57.26259, -84.40522, -4.288108)
(46.2862, -115.5591, -3.759736)
(45.9523, -143.0748, -4.835443)
(33.71227, -133.513, -3.009831)
(42.45161, -161.2832, -2.256289)
(42.61811, -154.3375, 5.594923)
(45.37994, -233.4243, 4.985921)
(14.19491, -129.4071, 0.9191271)
(29.28067, -182.6453, 7.968841)
(1.110528, -157.7338, -3.035875)
(23.81413, -157.04, 13.88011)
(10.85415, -124.7692, 5.7272)
(25.31574, -116.0992, 20.35582)
(6.747272, -95.5044, -2.098692)
(15.03738, -86.07233, 11.64368)
(22.75014, -184.8962, 62.46115)
(-17.04755, -88.33862, 9.413015)
(-24.37989, -44.48032, -15.75091)
(17.71187, 28.45553, 44.41176)
(-0.6312118, 95.51342, -46.45041)
(-29.78031, -56.9733, 27.38138)
(1.151781, -19.5373, -16.11997)
(15.95698, 10.17177, -5.196133)
(-26.97725, 28.87132, -7.000685)
(0.3707776, -6.975664, -2.481436)
(-4.847046, 9.918547, -7.965216)
(2.449381, 1.583319, 1.369213)
(-5.468462, 0.9833474, -0.2195642)
(1.182944, 1.420657, -0.5524152)
(-1.932383, -0.7642194, -9.293702)
(-0.7657865, -0.3658467, -2.98283)
(1.654796, 1.032794, 0.3051879)
(-0.04497725, -0.8635632, -0.09365851)
(-2.940647, -3.611423, -4.428106)
(0.2029788, -1.204378, -1.469769)
(1.28962, 1.233974, 0.5203387)
(0.2666316, -1.265278, -0.5870239)
(-2.481031, -1.399264, -4.726317)
(-0.6842611, 0.6768503, -2.086308)
(0.2370368, 0.1098463, 0.8970784)
(0.1441352, 0.4852738, -0.6054792)
(-0.4477182, -0.3505461, -1.43397)
(-1.049505, -0.1009544, -0.31706)
(0.5236689, 0.4329777, 0.5470731)
(0.8538427, 0.7395405, 1.038201)
(1.179888, -1.216638, 1.430372)
(0.3171625, 0.09089812, 1.567502)
(-0.2547609, -0.1737006, 0.3958926)
(0.5792134, 0.1829095, 0.437606)
(-0.3039805, 0.9693496, 1.026758)
(-0.1716265, -0.06415943, 1.205128)
(-0.7928637, -0.638827, -0.2097923)
(0.07576268, -1.297848, 0.6708841)
(0.6083604, 0.7433342, 0.9526415)
(-0.3965567, -0.2116394, -1.447628)
(-0.1936174, -1.497308, 0.5983699)
(-1.094664, -1.289421, -1.281586)
(-0.3865118, -0.4758613, -1.026013)
(0.002287746, 0.1578545, 0.1075241)
(0.334271, -1.339045, -0.2391851)
(0.0942131, -0.7244836, 0.02519067)
(0.5590317, 0.1642465, -1.004278)
(-0.8451897, -1.016802, -2.306574)
(-0.001543462, 0.8026003, 0.04733284)
(0.4866418, -0.818715, 0.2886943)
(0.1645304, -0.2029081, 1.54233)
(0.7597929, 0.5495026, -0.7925518)
(0.183673, -0.3120227, 0.6727299)
(1.087078, 1.555458, 0.6775174)
(0.4479683, 0.3662889, 0.3825233)
(0.5871683, 0.5914027, 0.5420015)
(2.412161, 2.083856, 0.9410341)
(1.651111, 2.25286, 0.2382084)
(5.840613, 3.648509, -0.2728885)
(8.073493, 8.941535, 2.598832)
(21.39125, 20.76949, 6.501937)
(19.46918, 15.68518, 3.383741)
(45.66958, 25.20078, -0.4816325)
(35.77132, 11.3952, -11.02255)
(63.12738, 171.8835, -31.09877)
(25.63776, 126.7119, -27.20637)
(73.23496, 149.4844, -27.80587)
(75.00512, 158.5675, 2.068771)
(69.97513, 157.2601, 6.914172)
(67.19225, 158.7427, -0.5433817)
(66.28999, 183.938, -8.202875)
(122.5876, 326.3479, -7.012256)
(69.58052, 174.8609, -3.868696)
(57.85466, 131.451, 0.9694184)
(72.54289, 148.0786, -0.06469261)
(72.35829, 118.5951, 6.14041)
(67.07957, 112.6928, 1.005541)
(69.22556, 96.62995, 6.906871)
(66.15976, 50.65202, 2.263603)
(64.66142, 45.19204, 8.051393)
(61.62925, -1.454297, 4.850501)
(43.35144, -27.2508, 3.727565)
(58.24701, -61.3991, 5.7879)
(51.79106, -84.54584, 4.256204)
(56.14302, -115.7033, 8.540867)
(98.14748, -232.1047, 19.06049)
(25.0474, -71.9824, 3.719141)
(100.6447, -265.3843, 18.05845)
(50.01267, -171.0284, 6.595086)
(31.15755, -157.6482, -7.023108)
(39.71709, -197.2267, -5.862887)
(20.19934, -171.3853, -14.76311)
(29.99794, -178.0895, -4.634597)
(19.96298, -127.4726, -4.290665)
(35.62228, -127.8448, 8.846829)
(20.69316, -126.5041, 2.039813)
(18.70596, -97.15974, 16.62665)
(0.1874345, -48.02427, 24.79544)
(-4.635643, -87.18126, 23.68571)
(-22.56805, -106.4562, 42.82758)
(-19.35663, -34.43042, 12.18809)
(-17.0299, -63.72693, 9.381629)
(17.73931, 82.9594, 17.25026)
(-38.16944, -27.89181, 31.35829)
(-5.925757, -32.51683, -24.54577)
(41.54841, 51.4982, -0.02465077)
(0.7732984, 1.60233, 9.054907)
(-11.03521, -13.56293, -3.879757)
(-17.40721, 5.478771, -13.1364)
(-8.896124, -10.21188, -7.356999)
(-1.422394, 6.075236, -0.7167592)
(1.409675, 7.247765, 15.52338)
(1.733272, -0.1556671, 5.276039)
(-3.139587, 0.3722444, -7.120153)
(-5.832472, -2.03095, -9.783712)
(1.274505, -0.3608105, -2.606452)
(1.129627, -1.187628, 5.167562)
(2.11464, -1.475904, 1.5955)
(0.8431482, 0.8134801, -2.109306)
(-3.029538, 2.193044, -2.179613)
(-0.193211, -0.1362744, 1.433681)
(-0.1756958, 0.176337, 0.4193615)
(1.330393, -1.64485, -0.342965)
(1.695953, -0.9651309, 0.8764281)
(-1.918477, 2.040771, -3.395552)
(-1.182419, 0.6944022, -1.814475)
(-0.1621051, 1.53583, 0.1398735)
(-1.212474, -0.4877226, 0.5082196)
(0.348646, -0.2305255, -0.2390987)
(3.756355, -1.089002, 2.746906)
(0.6298978, -0.8723049, 2.826881)
(1.243185, 0.6874512, -0.7331064)
(3.438278, 1.24642, -3.129329)
(1.089724, 1.16154, 0.8727162)
(0.5455411, -0.8021545, 6.912405)
(2.790304, -0.07364438, 5.092713)
(-0.03319745, 0.09405945, 0.4942732)
(-1.974874, 0.526198, -2.274533)
(-0.5473627, 0.4538201, 0.9520962)
(0.2739486, 0.0609904, 1.880537)
(-0.972019, -0.2368192, -0.3675999)
(0.2468842, -0.2389881, -0.9306851)
(-0.2418411, -0.9324217, 0.1655186)
(-1.040876, -0.6939175, -0.5864385)
(0.08119127, -0.6187629, -0.1307607)
(0.1559151, -0.7970383, 0.4562077)
(0.1844631, -0.5882324, 1.117027)
(-0.1477254, -0.1707808, 0.881229)
(0.5943363, 0.3428701, 0.7489227)
(-0.4570621, -0.1303341, -0.1464027)
(0.9468901, -0.2175959, 1.215159)
(0.3092121, 0.1607524, 1.267108)
(-0.1735753, 0.7186878, 0.8571177)
(-0.1833773, 0.2373118, 0.2502561)
(0.01912053, 1.097622, 1.238184)
(0.1488434, 0.8013076, 2.336637)
(-0.6503611, -1.220218, 0.9764042)
(-0.372398, -1.814929, -1.696252)
(2.074548, -1.103389, -3.054597)
(6.300866, -3.761096, 2.60942)
(12.29034, 8.920822, 3.807252)
(8.760728, 15.7936, 11.41373)
(27.59152, 29.3091, 11.35719)
(22.06588, 9.440838, -6.499678)
(42.55097, 71.86989, -6.615516)
(58.27575, 176.2131, 28.24407)
(51.43541, 124.5602, 17.42855)
(29.65379, 109.2007, -17.09134)
(55.03223, 131.0801, -10.12304)
(49.33775, 140.9427, 15.58706)
(69.76897, 166.4748, 18.40924)
(56.90681, 152.794, 15.01407)
(62.52499, 147.256, 20.39819)
(53.38024, 147.9783, 16.73445)
(68.93637, 148.3106, 22.15789)
(53.32631, 124.5964, 14.32432)
(71.00237, 140.5972, 18.3442)
(61.35345, 115.6312, 12.29241)
(93.60807, 125.714, 22.62395)
(65.35783, 52.83372, 11.51977)
(72.96858, 50.27265, 14.39385)
(63.76182, -3.620091, 9.238815)
(69.41621, 2.143187, 11.18134)
(58.0699, -39.52011, 8.598864)
(60.94013, -71.07756, 16.70741)
(52.51634, -66.29184, 12.55289)
(51.94683, -122.2863, 22.23288)
(47.67254, -129.303, 20.94618)
(42.34319, -128.2201, 11.57317)
(50.78796, -150.2265, 9.76311)
(38.91391, -176.9478, -10.0839)
(45.77819, -168.9419, -2.060982)
(30.84253, -223.4915, -13.7911)
(33.55061, -198.3029, 3.100577)
(47.50972, -151.2102, 17.68381)
(21.37644, -146.88, 27.68116)
(20.60678, -156.4367, 26.64671)
(-12.40975, -56.64418, 22.15125)
(-13.48069, -100.0907, 6.989424)
(-21.99155, -55.96293, -24.02695)
(-53.38409, -40.76478, -47.1282)
(-10.5501, 92.63042, -34.71084)
(-11.66447, 24.0201, 40.98046)
(48.25468, -28.91359, -5.421235)
(22.3069, -22.90333, -17.2059)
(-24.79328, 39.15005, -12.51624)
(-3.788897, -10.27994, 18.03877)
(-33.76601, 7.074767, 4.590198)
(1.534883, -4.157578, -11.58534)
(-7.620703, 3.870526, -8.021325)
(-11.54312, -0.5851258, -5.016445)
(-0.9199039, 1.130218, 5.608232)
(-6.881916, -2.977205, -8.257777)
(-4.938374, -1.06436, -17.36146)
(-1.031609, -0.09875065, -1.426132)
(-3.512035, -2.350926, -2.632697)
(-3.886957, -1.41362, -3.882981)
(-0.2073446, -0.7831992, -1.849939)
(-1.463493, -1.564966, -1.109151)
(-2.611035, -2.301535, -3.997988)
(-2.892768, -1.832222, -4.376919)
(2.929666, -2.844941, 1.903168)
(-3.797802, -2.413072, -5.20129)
(1.965506, -2.45715, 2.155095)
(-3.630363, -2.169552, -4.060559)
(3.078354, -2.645892, 2.823784)
(-3.139948, -2.991081, -4.905245)
(0.009039871, -3.831901, -2.31722)
(0.7220192, -3.661732, -2.942384)
(-1.041164, -5.692833, -3.605494)
(-2.51411, -3.557341, -4.806726)
(-0.8046389, -3.253624, -1.856222)
(-2.499784, -3.134057, -3.731021)
(-2.413263, -5.471908, -4.553146)
(0.1628147, -3.776541, -1.140177)
(-2.043361, -4.10134, -5.03965)
(-0.5150844, -3.987621, -3.582407)
(-2.572555, -3.894149, -4.600486)
(-0.9733286, -4.234112, -1.012895)
