(293.4151, 118.4864, 336.408)
(293.6062, 121.197, 335.0527)
(293.1104, 122.1814, 335.1702)
(292.7507, 124.1453, 334.0672)
(292.2445, 129.0888, 329.7871)
(290.3044, 146.1341, 312.7834)
(292.9157, 160.851, 298.6079)
(302.1224, 146.9012, 313.365)
(298.8467, 149.7263, 308.0986)
(294.5337, 151.3768, 307.9899)
(297.7404, 150.4792, 309.987)
(297.7404, 150.4792, 309.987)
(300.3081, 152.3025, 309.1682)
(302.4595, 152.62, 308.9918)
(304.3783, 149.8013, 311.0079)
(305.9127, 147.3943, 312.43)
(306.6137, 144.3279, 314.4074)
(307.8161, 142.6528, 315.4726)
(309.3231, 141.7789, 317.0054)
(310.8523, 141.5575, 318.3116)
(312.2907, 141.5628, 320.978)
(313.2451, 141.599, 324.4272)
(313.8856, 141.9418, 326.4842)
(313.6266, 141.5291, 329.4245)
(313.404, 138.3731, 335.2086)
(314.2659, 135.352, 338.6444)
(315.6596, 133.2877, 341.2783)
(317.3251, 131.5095, 343.947)
(319.4727, 129.3686, 347.4857)
(321.7256, 127.4863, 350.004)
(323.4479, 125.5167, 351.8693)
(325.1809, 122.8042, 353.7965)
(326.647, 119.9936, 355.3776)
(328.1105, 117.7679, 357.0549)
(328.5087, 115.7421, 358.7079)
(327.8987, 114.2306, 0.2475528)
(327.8638, 112.9434, 1.403905)
(327.2556, 111.4006, 1.236145)
(327.2556, 111.4006, 1.236145)
(327.5995, 110.5646, 0.7862743)
(327.1455, 110.3234, 359.4886)
(326.4126, 110.5632, 357.7613)
(325.3478, 111.9713, 354.0371)
(324.5275, 113.2793, 349.7115)
(324.3649, 114.7161, 344.9249)
(324.1282, 115.4891, 341.4483)
(321.6986, 116.5008, 337.4065)
(318.342, 117.9123, 332.865)
(315.9027, 118.7525, 329.5572)
(314.5708, 118.843, 326.6736)
(313.7252, 118.8864, 323.4607)
(303.2067, 118.1011, 321.7705)
(303.2067, 118.1011, 321.7705)
(298.0435, 119.6952, 323.9636)
(294.9368, 124.6946, 324.7355)
(298.7482, 138.6457, 319.4492)
