(328.3152, 116.7126, 342.2794)
(328.0759, 134.9027, 329.0853)
(324.5417, 132.3103, 334.4866)
(316.1349, 121.7462, 345.6404)
(317.7894, 124.1942, 344.4477)
(310.2107, 124.311, 345.0132)
(310.0815, 121.8901, 347.054)
(309.6591, 120.6763, 348.1621)
(309.2188, 120.2318, 347.9534)
(308.2888, 120.3925, 347.4044)
(307.7724, 119.9035, 347.8501)
(307.5383, 119.0942, 348.7416)
(307.0378, 118.4013, 349.5884)
(306.6675, 116.4009, 351.8125)
(306.5598, 113.9191, 353.1586)
(306.4723, 112.6577, 353.9301)
(306.8539, 111.6832, 354.3245)
(309.234, 110.8376, 354.1613)
(309.234, 110.8376, 354.1613)
(312.1862, 110.6367, 353.4604)
(312.1862, 110.6367, 353.4604)
(315.667, 109.7751, 353.4134)
(317.5305, 108.6427, 354.3171)
(319.225, 107.6813, 355.0025)
(320.5572, 106.5818, 356.0011)
(322.9646, 105.0518, 356.9653)
(325.139, 104.5684, 356.5456)
(326.0286, 104.3465, 356.3317)
(325.9537, 103.9794, 356.3506)
(325.5968, 103.6546, 356.404)
(324.1675, 104.9737, 355.6222)
(323.3453, 105.8484, 354.9991)
(323.3453, 105.8484, 354.9991)
(321.9485, 107.7318, 353.1802)
(321.8013, 107.7134, 352.6501)
(321.8207, 107.6285, 352.4401)
(322.1116, 107.1356, 352.4641)
(318.1941, 106.9571, 351.9239)
(315.7055, 108.941, 349.9684)
(312.5699, 114.6726, 344.4841)
(312.5699, 114.6726, 344.4841)
(310.4191, 115.3903, 341.6999)
(309.9918, 115.1866, 340.9382)
(310.27, 114.1961, 340.9104)
(310.805, 113.3215, 341.6127)
