other
(0.06405926, 1.266758, -0.4280895)
(0.0622704, 1.26615, -0.4274844)
(0.06046009, 1.265524, -0.4269749)
(0.05845094, 1.264786, -0.4262301)
(0.05649662, 1.264135, -0.4255778)
(0.05472565, 1.263412, -0.4247922)
(0.05248332, 1.262663, -0.4241925)
(0.05036783, 1.261839, -0.4237715)
(0.0480938, 1.261011, -0.42334)
(0.0458138, 1.260114, -0.4227997)
(0.04362488, 1.259358, -0.4224154)
(0.04129577, 1.258707, -0.421775)
(0.03920937, 1.257902, -0.4210659)
(0.03720665, 1.257131, -0.4203893)
(0.0354774, 1.256428, -0.4193605)
(0.03364658, 1.255666, -0.4183186)
(0.03190637, 1.254968, -0.4171125)
(0.03069711, 1.254383, -0.4155952)
(0.02933097, 1.253653, -0.4140121)
(0.02832866, 1.252901, -0.4122888)
(0.02754569, 1.252421, -0.4099854)
(0.02698398, 1.251862, -0.4073693)
(0.02668929, 1.251589, -0.4052011)
(0.0267272, 1.251695, -0.4025704)
(0.02663517, 1.251452, -0.4002818)
(0.02678299, 1.25136, -0.3979069)
(0.02711058, 1.251319, -0.3958303)
(0.02759838, 1.251344, -0.3937737)
(0.02795911, 1.251526, -0.3915175)
(0.02872396, 1.251798, -0.3891605)
(0.02951884, 1.252163, -0.3866135)
(0.03040671, 1.252658, -0.3836955)
(0.03125834, 1.253112, -0.380509)
(0.03218651, 1.253379, -0.3768913)
(0.03336859, 1.253687, -0.3729943)
(0.03453088, 1.253884, -0.3694133)
(0.0355792, 1.25387, -0.365543)
(0.03671193, 1.25387, -0.3618997)
(0.03784108, 1.253647, -0.358214)
(0.03900623, 1.253276, -0.3546315)
(0.04017711, 1.252645, -0.3509377)
(0.04126096, 1.25186, -0.3475555)
(0.04247332, 1.25087, -0.344092)
(0.04380059, 1.249697, -0.3403729)
(0.0450933, 1.248542, -0.3370651)
(0.04634714, 1.247234, -0.3337387)
(0.04765201, 1.245948, -0.3304716)
(0.04913235, 1.244478, -0.3273033)
(0.05057788, 1.243168, -0.3239466)
(0.05217385, 1.241845, -0.3203527)
(0.05372095, 1.240667, -0.3165406)
(0.05549407, 1.239665, -0.3122228)
(0.0575223, 1.238638, -0.3073617)
(0.05940795, 1.23782, -0.3027207)
(0.06153631, 1.237317, -0.2976931)
(0.0638051, 1.236872, -0.2927483)
(0.06632543, 1.236779, -0.287588)
(0.06891537, 1.236643, -0.2822779)
(0.07180166, 1.236583, -0.2769591)
(0.0744698, 1.236483, -0.2720121)
(0.07751155, 1.236327, -0.2668113)
(0.08075762, 1.236594, -0.2611519)
(0.08359146, 1.237981, -0.2555963)
(0.08655381, 1.240251, -0.2495834)
(0.08942771, 1.2421, -0.2438413)
(0.09194183, 1.243737, -0.23864)
(0.09424019, 1.245199, -0.2332443)
(0.09649301, 1.246744, -0.2275523)
(0.09887028, 1.248286, -0.2220754)
(0.1009831, 1.249576, -0.2165734)
(0.1032264, 1.250678, -0.2111005)
(0.1049972, 1.251775, -0.2062894)
(0.106483, 1.252793, -0.2014512)
(0.1077611, 1.253915, -0.196668)
(0.1089952, 1.255267, -0.1920329)
(0.1100395, 1.256806, -0.1872689)
(0.1108608, 1.258522, -0.1826004)
(0.1116138, 1.259992, -0.1782507)
(0.1124659, 1.261343, -0.1737229)
(0.1133099, 1.262597, -0.169026)
(0.113791, 1.263738, -0.164411)
(0.1145318, 1.265018, -0.1596428)
(0.1152434, 1.266277, -0.1548501)
(0.1157668, 1.267443, -0.1502606)
(0.116343, 1.268481, -0.145471)
(0.116643, 1.269452, -0.1405605)
(0.1172328, 1.270392, -0.1358932)
(0.1176903, 1.270896, -0.1308969)
(0.1180861, 1.271353, -0.1254205)
(0.1183295, 1.271591, -0.1203936)
(0.1186726, 1.271484, -0.1153323)
(0.1188712, 1.271288, -0.1104058)
(0.1189287, 1.270687, -0.1055228)
(0.1190038, 1.270142, -0.1006831)
(0.1187847, 1.26952, -0.09577049)
(0.1186531, 1.26885, -0.09101404)
(0.1184306, 1.267943, -0.08619036)
(0.1180875, 1.266922, -0.08092655)
(0.1177113, 1.26606, -0.07617082)
(0.1172392, 1.265118, -0.07126297)
(0.1164668, 1.264162, -0.06620421)
(0.1156318, 1.263122, -0.06102289)
(0.1146643, 1.262057, -0.05571021)
(0.1136429, 1.260983, -0.05040301)
(0.1123486, 1.259819, -0.04516686)
(0.1111238, 1.258709, -0.0400895)
(0.1095243, 1.2574, -0.0347413)
(0.1079252, 1.255986, -0.02999629)
(0.1063931, 1.254548, -0.02541865)
(0.1046824, 1.252909, -0.02117838)
(0.1029742, 1.251358, -0.01688685)
(0.1011281, 1.250055, -0.01293243)
(0.09929538, 1.249851, -0.008636608)
(0.09753299, 1.251663, -0.004039182)
(0.09591413, 1.253773, 0.000666962)
(0.09418368, 1.255863, 0.005857334)
(0.09239411, 1.256802, 0.01040088)
(0.09071589, 1.25752, 0.01522313)
(0.08931088, 1.258506, 0.02064477)
(0.08830237, 1.259657, 0.02623259)
(0.0874269, 1.260709, 0.03144394)
(0.08673048, 1.261808, 0.03627096)
(0.08594346, 1.262911, 0.04065143)
(0.08531308, 1.263981, 0.044623)
(0.08453107, 1.264978, 0.04926644)
(0.08415413, 1.265674, 0.05350696)
(0.08405542, 1.266312, 0.05784236)
(0.0838964, 1.266953, 0.06225167)
(0.08392906, 1.267053, 0.0661305)
(0.08394885, 1.267157, 0.06960545)
(0.08384895, 1.267109, 0.07251631)
(0.08384633, 1.267093, 0.07522736)
(0.08387446, 1.26711, 0.07746373)
(0.08400607, 1.267254, 0.07989179)
(0.08406067, 1.267599, 0.08210479)
(0.08414531, 1.267902, 0.08450161)
(0.08421707, 1.268349, 0.08712278)
(0.08451581, 1.268785, 0.08971463)
(0.08489251, 1.269156, 0.09246741)
(0.0852797, 1.269722, 0.09543715)
(0.08588791, 1.270268, 0.09826623)
(0.08647633, 1.270713, 0.1009565)
(0.08711052, 1.271141, 0.1037248)
(0.08758044, 1.271412, 0.1061858)
(0.08820963, 1.271628, 0.108446)
(0.08874202, 1.27186, 0.1106108)
(0.08946466, 1.271945, 0.1125723)
(0.0903523, 1.271891, 0.1143201)
(0.09103799, 1.271964, 0.1160543)
(0.09212518, 1.271944, 0.1175287)
(0.09313893, 1.271897, 0.1191366)
(0.09422946, 1.271947, 0.1209835)
(0.09552741, 1.27195, 0.1224488)
(0.09679627, 1.271812, 0.1239658)
(0.09801984, 1.271729, 0.1256765)
(0.09945583, 1.271383, 0.1271983)
(0.10096, 1.271051, 0.1287396)
(0.1026628, 1.270488, 0.1301318)
(0.1041112, 1.269877, 0.1313805)
(0.1058519, 1.268974, 0.1326839)
(0.1075563, 1.267881, 0.1340631)
(0.1093578, 1.266652, 0.1352522)
(0.1112435, 1.265363, 0.136541)
(0.1131957, 1.264393, 0.1379305)
(0.1153367, 1.263746, 0.1392284)
(0.1173539, 1.263359, 0.1405948)
(0.1193271, 1.263469, 0.1418958)
(0.1212058, 1.263601, 0.142937)
(0.1230485, 1.263909, 0.1435747)
(0.1249735, 1.264211, 0.144127)
(0.1266203, 1.26451, 0.144573)
(0.1281173, 1.264915, 0.1452191)
(0.1295817, 1.265221, 0.1462608)
(0.131072, 1.265336, 0.1476039)
(0.1325607, 1.26526, 0.149111)
(0.1338372, 1.265093, 0.1507267)
(0.1350656, 1.264825, 0.1520769)
(0.136261, 1.264413, 0.1531914)
(0.1374166, 1.263899, 0.1539496)
(0.1386552, 1.26365, 0.1544789)
(0.1396677, 1.263335, 0.1550907)
(0.1406243, 1.263054, 0.1555203)
(0.1414263, 1.262767, 0.1559001)
(0.1422966, 1.262573, 0.15619)
(0.143002, 1.262583, 0.1567274)
(0.1438346, 1.262635, 0.1568494)
(0.1444967, 1.262614, 0.1571349)
(0.1450226, 1.262693, 0.1574603)
(0.1456125, 1.262801, 0.15776)
(0.1461647, 1.262872, 0.1581832)
(0.1464105, 1.263136, 0.158821)
(0.1467209, 1.263159, 0.1595087)
(0.1470513, 1.263199, 0.1601955)
(0.1471982, 1.26327, 0.1609224)
(0.1473434, 1.263063, 0.1615259)
(0.1474826, 1.262925, 0.1619363)
(0.1473377, 1.262791, 0.1621024)
(0.1473625, 1.262702, 0.1618721)
(0.1472633, 1.262631, 0.1616741)
(0.1471391, 1.262539, 0.1612668)
(0.1470358, 1.262582, 0.1610936)
(0.1467447, 1.262648, 0.160764)
(0.1465321, 1.26265, 0.160482)
(0.1461654, 1.262576, 0.1603699)
(0.1459043, 1.262612, 0.1602354)
(0.145309, 1.26287, 0.1602255)
(0.14503, 1.263055, 0.160272)
(0.1446395, 1.263264, 0.1603682)
(0.1442006, 1.263474, 0.1605168)
(0.143744, 1.263526, 0.1606665)
(0.1432719, 1.263595, 0.1607441)
(0.1427987, 1.263533, 0.1607126)
(0.1423032, 1.263476, 0.160747)
(0.1416647, 1.263298, 0.1606639)
(0.1410635, 1.26289, 0.1602838)
(0.1405003, 1.262609, 0.1599451)
(0.1397491, 1.26217, 0.1596136)
(0.1389053, 1.261708, 0.159306)
(0.138124, 1.261033, 0.1590365)
####
(0.7197267, 6.252565, 6.218036)
(0.7225698, 6.249885, 6.218906)
(0.7255923, 6.247439, 6.219976)
(0.7286739, 6.245007, 6.220498)
(0.7312972, 6.243173, 6.221478)
(0.7339383, 6.240334, 6.221914)
(0.737355, 6.23794, 6.222332)
(0.7408655, 6.235661, 6.222293)
(0.7457375, 6.234183, 6.221753)
(0.750513, 6.233334, 6.221282)
(0.7555125, 6.233679, 6.221111)
(0.7589052, 6.234134, 6.220798)
(0.7606551, 6.235076, 6.220314)
(0.7624385, 6.235938, 6.219677)
(0.7640975, 6.236658, 6.218762)
(0.765326, 6.23754, 6.217526)
(0.7661362, 6.239166, 6.21591)
(0.7648482, 6.241831, 6.213741)
(0.762203, 6.244922, 6.211679)
(0.7574155, 6.248141, 6.210067)
(0.7534671, 6.251716, 6.210698)
(0.7501695, 6.255021, 6.214069)
(0.7491738, 6.25754, 6.217875)
(0.7507741, 6.259737, 6.222238)
(0.7529612, 6.261475, 6.224911)
(0.7566708, 6.263326, 6.226303)
(0.7619864, 6.265103, 6.227075)
(0.7692047, 6.266693, 6.227335)
(0.7766035, 6.268601, 6.228161)
(0.7848874, 6.2701, 6.228774)
(0.7926254, 6.271424, 6.229231)
(0.7987158, 6.273023, 6.228513)
(0.8018312, 6.275304, 6.227881)
(0.8018487, 6.277907, 6.226401)
(0.7995194, 6.280797, 6.224986)
(0.7976241, 0.0002591934, 6.224195)
(0.7959876, 0.002919373, 6.224531)
(0.7952408, 0.004451473, 6.224667)
(0.7948523, 0.004985338, 6.224791)
(0.7944639, 0.005349896, 6.224004)
(0.7945412, 0.005833067, 6.222295)
(0.794865, 0.006410168, 6.219938)
(0.7963533, 0.007100458, 6.217051)
(0.7985506, 0.008226002, 6.214638)
(0.8009322, 0.008664957, 6.212719)
(0.8046004, 0.008523466, 6.211707)
(0.8073514, 0.007643128, 6.210673)
(0.8108206, 0.005666784, 6.209547)
(0.8134471, 0.00333041, 6.207985)
(0.8150047, 0.001644212, 6.206592)
(0.8149502, 0.0001414748, 6.204787)
(0.8121879, 6.281444, 6.20237)
(0.8066515, 6.279715, 6.200082)
(0.8009306, 6.277931, 6.198005)
(0.7948447, 6.275247, 6.195876)
(0.7902924, 6.273246, 6.194864)
(0.7854818, 6.27047, 6.193964)
(0.7802511, 6.268254, 6.19381)
(0.7751669, 6.265399, 6.195232)
(0.7701801, 6.262838, 6.197377)
(0.763552, 6.259484, 6.200212)
(0.7601712, 6.255907, 6.202283)
(0.7632012, 6.251114, 6.202096)
(0.7708333, 6.24499, 6.198831)
(0.7754068, 6.241233, 6.193605)
(0.7769822, 6.240689, 6.186142)
(0.7759079, 6.240662, 6.180376)
(0.7725115, 6.238444, 6.175528)
(0.7676758, 6.23561, 6.173728)
(0.7618977, 6.232818, 6.175461)
(0.7577828, 6.228827, 6.179443)
(0.7561617, 6.224486, 6.18159)
(0.7565125, 6.219541, 6.18035)
(0.7571424, 6.214947, 6.176087)
(0.7590642, 6.210433, 6.169316)
(0.7629342, 6.206656, 6.16224)
(0.767797, 6.203075, 6.156152)
(0.7703838, 6.199193, 6.151993)
(0.7722189, 6.195254, 6.149045)
(0.772905, 6.190996, 6.147428)
(0.7737026, 6.187317, 6.147707)
(0.7742676, 6.184556, 6.148902)
(0.7745181, 6.182825, 6.149469)
(0.7740184, 6.182765, 6.150092)
(0.7735417, 6.182807, 6.15007)
(0.772763, 6.183307, 6.150279)
(0.7717118, 6.183185, 6.151179)
(0.769421, 6.183568, 6.153213)
(0.7670007, 6.184333, 6.15607)
(0.7653672, 6.184855, 6.157845)
(0.7639468, 6.185438, 6.159684)
(0.7632664, 6.18606, 6.160852)
(0.763661, 6.186526, 6.161615)
(0.7650168, 6.186482, 6.161917)
(0.7677105, 6.186274, 6.161866)
(0.7699724, 6.185652, 6.160864)
(0.7726142, 6.185209, 6.159903)
(0.7756838, 6.184709, 6.157793)
(0.7793278, 6.184783, 6.155916)
(0.7825344, 6.185039, 6.154799)
(0.7851958, 6.185849, 6.153649)
(0.7856783, 6.187246, 6.152933)
(0.7842261, 6.189517, 6.152058)
(0.781718, 6.19192, 6.151476)
(0.7784079, 6.1955, 6.151374)
(0.7763842, 6.19882, 6.151289)
(0.7748196, 6.20327, 6.152248)
(0.7726849, 6.208238, 6.154326)
(0.7693299, 6.213022, 6.156491)
(0.7644792, 6.218095, 6.158525)
(0.7597848, 6.22335, 6.159332)
(0.7572708, 6.228992, 6.158592)
(0.7629371, 6.234457, 6.156927)
(0.7811388, 6.237828, 6.152983)
(0.8005887, 6.24052, 6.148725)
(0.8123046, 6.245073, 6.14538)
(0.8104936, 6.252584, 6.145007)
(0.7996529, 6.257514, 6.147687)
(0.7888448, 6.259469, 6.151189)
(0.7764065, 6.261847, 6.156026)
(0.7680378, 6.265765, 6.158883)
(0.7652224, 6.269815, 6.159832)
(0.7684485, 6.274293, 6.159907)
(0.7758112, 6.277947, 6.158478)
(0.7809933, 6.281033, 6.159199)
(0.7832852, 6.282937, 6.160801)
(0.7843395, 0.00178628, 6.164422)
(0.7853106, 0.004277338, 6.16765)
(0.7870805, 0.007455248, 6.171059)
(0.7898557, 0.01088002, 6.172609)
(0.7946117, 0.01454125, 6.172838)
(0.8014172, 0.01838959, 6.17271)
(0.8115091, 0.02209339, 6.171791)
(0.8234818, 0.02624761, 6.171072)
(0.8331762, 0.02981545, 6.170645)
(0.8409642, 0.03316487, 6.170167)
(0.8465756, 0.03573246, 6.169736)
(0.8481743, 0.03819007, 6.170181)
(0.8465199, 0.04042213, 6.171615)
(0.8430086, 0.04199509, 6.173466)
(0.8401681, 0.04440781, 6.176197)
(0.8365839, 0.04611261, 6.17787)
(0.8340039, 0.0476039, 6.178211)
(0.8327407, 0.04849748, 6.17743)
(0.8322902, 0.048769, 6.176029)
(0.8332206, 0.04897078, 6.174358)
(0.8350738, 0.0488598, 6.172751)
(0.8382828, 0.04878079, 6.171729)
(0.8416942, 0.04874284, 6.170905)
(0.8456719, 0.04825377, 6.170152)
(0.8487159, 0.04841953, 6.170011)
(0.8521544, 0.0486512, 6.17016)
(0.854732, 0.04840026, 6.170491)
(0.8564376, 0.04836695, 6.171936)
(0.8577839, 0.0483005, 6.17368)
(0.8578109, 0.04755228, 6.176019)
(0.8574465, 0.04617318, 6.178502)
(0.8559346, 0.04407867, 6.180754)
(0.8541605, 0.04213862, 6.182786)
(0.8513145, 0.03917922, 6.183911)
(0.8480914, 0.03628964, 6.185291)
(0.8445652, 0.03263399, 6.186204)
(0.8421252, 0.02983657, 6.188135)
(0.8418343, 0.02651571, 6.189876)
(0.8443425, 0.0228598, 6.191396)
(0.8488751, 0.02018959, 6.192023)
(0.8570219, 0.01734268, 6.19096)
(0.8657305, 0.0153693, 6.190117)
(0.8762696, 0.0137406, 6.188276)
(0.8867102, 0.01186578, 6.187242)
(0.8945167, 0.01057543, 6.186755)
(0.9001925, 0.008542453, 6.186041)
(0.9022281, 0.006017047, 6.184916)
(0.8983651, 0.004099597, 6.184005)
(0.8923489, 0.002490243, 6.182705)
(0.8839849, 0.0007213932, 6.180708)
(0.8783864, 6.282025, 6.178646)
(0.872999, 6.279578, 6.176076)
(0.8699617, 6.276438, 6.173288)
(0.8694364, 6.273636, 6.170561)
(0.8708444, 6.270669, 6.166712)
(0.874474, 6.267019, 6.162165)
(0.8781312, 6.2644, 6.159269)
(0.882781, 6.261819, 6.156756)
(0.8870837, 6.259526, 6.155008)
(0.8911436, 6.257753, 6.153568)
(0.8942149, 6.256056, 6.15113)
(0.8975047, 6.255376, 6.149758)
(0.8999341, 6.254862, 6.148911)
(0.9011451, 6.254699, 6.148652)
(0.9008818, 6.255925, 6.150102)
(0.8990782, 6.255806, 6.150982)
(0.8950487, 6.256102, 6.15249)
(0.8906893, 6.255474, 6.153498)
(0.8853467, 6.25481, 6.154829)
(0.8825014, 6.253713, 6.155221)
(0.8814505, 6.252481, 6.155234)
(0.882853, 6.250598, 6.153656)
(0.8852426, 6.248749, 6.151795)
(0.8885862, 6.247069, 6.15012)
(0.8914593, 6.244516, 6.148418)
(0.89406, 6.242829, 6.147448)
(0.8957039, 6.240486, 6.146451)
(0.8966475, 6.239318, 6.146542)
(0.8965853, 6.238175, 6.14661)
(0.8958945, 6.238016, 6.147841)
(0.894136, 6.237605, 6.148209)
(0.8911164, 6.238219, 6.148608)
(0.8887997, 6.238327, 6.148725)
(0.8858399, 6.238691, 6.149208)
(0.8840345, 6.238543, 6.149101)
(0.8829256, 6.238783, 6.149474)
(0.8824061, 6.238379, 6.149587)
(0.8831667, 6.238709, 6.150038)
(0.8852455, 6.237999, 6.149974)
(0.8879057, 6.237439, 6.149909)
(0.8922715, 6.237111, 6.150248)
(0.896332, 6.236694, 6.150732)
(0.9009846, 6.236664, 6.151308)
other
(0.06405926, 1.546824, -0.4280895)
(0.0622704, 1.546192, -0.4274844)
(0.06046009, 1.54559, -0.4269749)
(0.05845094, 1.544916, -0.4262301)
(0.05649662, 1.544296, -0.4255778)
(0.05472565, 1.543578, -0.4247922)
(0.05248332, 1.542739, -0.4241925)
(0.05036783, 1.541922, -0.4237715)
(0.0480938, 1.541059, -0.42334)
(0.0458138, 1.540169, -0.4227997)
(0.04362488, 1.5393, -0.4224154)
(0.04129577, 1.538523, -0.421775)
(0.03920937, 1.537655, -0.4210659)
(0.03720665, 1.536891, -0.4203893)
(0.0354774, 1.536189, -0.4193605)
(0.03364658, 1.535399, -0.4183186)
(0.03190637, 1.53462, -0.4171125)
(0.03069711, 1.533868, -0.4155952)
(0.02933097, 1.532692, -0.4140121)
(0.02832866, 1.531562, -0.4122888)
(0.02754569, 1.530799, -0.4099854)
(0.02698398, 1.530084, -0.4073693)
(0.02668929, 1.529625, -0.4052011)
(0.0267272, 1.529439, -0.4025704)
(0.02663517, 1.528471, -0.4002818)
(0.02678299, 1.527083, -0.3979069)
(0.02711058, 1.526978, -0.3958303)
(0.02759838, 1.528576, -0.3937737)
(0.02795911, 1.530497, -0.3915175)
(0.02872396, 1.532397, -0.3891605)
(0.02951884, 1.534645, -0.3866135)
(0.03040671, 1.537023, -0.3836955)
(0.03125834, 1.539439, -0.380509)
(0.03218651, 1.541527, -0.3768913)
(0.03336859, 1.543719, -0.3729943)
(0.03453088, 1.545799, -0.3694133)
(0.0355792, 1.547586, -0.365543)
(0.03671193, 1.54918, -0.3618997)
(0.03784108, 1.550524, -0.358214)
(0.03900623, 1.551533, -0.3546315)
(0.04017711, 1.552183, -0.3509377)
(0.04126096, 1.55274, -0.3475555)
(0.04247332, 1.552901, -0.344092)
(0.04380059, 1.552894, -0.3403729)
(0.0450933, 1.552908, -0.3370651)
(0.04634714, 1.552574, -0.3337387)
(0.04765201, 1.55217, -0.3304716)
(0.04913235, 1.551578, -0.3273033)
(0.05057788, 1.551038, -0.3239466)
(0.05217385, 1.550505, -0.3203527)
(0.05372095, 1.550051, -0.3165406)
(0.05549407, 1.549769, -0.3122228)
(0.0575223, 1.549428, -0.3073617)
(0.05940795, 1.549249, -0.3027207)
(0.06153631, 1.549366, -0.2976931)
(0.0638051, 1.549536, -0.2927483)
(0.06632543, 1.551277, -0.287588)
(0.06891537, 1.552928, -0.2822779)
(0.07180166, 1.553983, -0.2769591)
(0.0744698, 1.554516, -0.2720121)
(0.07751155, 1.55551, -0.2668113)
(0.08075762, 1.554735, -0.2611519)
(0.08359146, 1.555262, -0.2555963)
(0.08655381, 1.559705, -0.2495834)
(0.08942771, 1.563483, -0.2438413)
(0.09194183, 1.567531, -0.23864)
(0.09424019, 1.572705, -0.2332443)
(0.09649301, 1.57748, -0.2275523)
(0.09887028, 1.582085, -0.2220754)
(0.1009831, 1.587733, -0.2165734)
(0.1032264, 1.593981, -0.2111005)
(0.1049972, 1.600569, -0.2062894)
(0.106483, 1.606179, -0.2014512)
(0.1077611, 1.610863, -0.196668)
(0.1089952, 1.615763, -0.1920329)
(0.1100395, 1.620607, -0.1872689)
(0.1108608, 1.626663, -0.1826004)
(0.1116138, 1.632636, -0.1782507)
(0.1124659, 1.638077, -0.1737229)
(0.1133099, 1.643191, -0.169026)
(0.113791, 1.648125, -0.164411)
(0.1145318, 1.652638, -0.1596428)
(0.1152434, 1.65723, -0.1548501)
(0.1157668, 1.661588, -0.1502606)
(0.116343, 1.665646, -0.145471)
(0.116643, 1.669501, -0.1405605)
(0.1172328, 1.673506, -0.1358932)
(0.1176903, 1.676608, -0.1308969)
(0.1180861, 1.679684, -0.1254205)
(0.1183295, 1.682718, -0.1203936)
(0.1186726, 1.684829, -0.1153323)
(0.1188712, 1.686845, -0.1104058)
(0.1189287, 1.688388, -0.1055228)
(0.1190038, 1.689852, -0.1006831)
(0.1187847, 1.691045, -0.09577049)
(0.1186531, 1.692206, -0.09101404)
(0.1184306, 1.692973, -0.08619036)
(0.1180875, 1.693551, -0.08092655)
(0.1177113, 1.694305, -0.07617082)
(0.1172392, 1.694798, -0.07126297)
(0.1164668, 1.695251, -0.06620421)
(0.1156318, 1.695495, -0.06102289)
(0.1146643, 1.695654, -0.05571021)
(0.1136429, 1.695784, -0.05040301)
(0.1123486, 1.695755, -0.04516686)
(0.1111238, 1.695564, -0.0400895)
(0.1095243, 1.696358, -0.0347413)
(0.1079252, 1.697561, -0.02999629)
(0.1063931, 1.696309, -0.02541865)
(0.1046824, 1.696178, -0.02117838)
(0.1029742, 1.69453, -0.01688685)
(0.1011281, 1.692621, -0.01293243)
(0.09929538, 1.691423, -0.008636608)
(0.09753299, 1.693321, -0.004039182)
(0.09591413, 1.697837, 0.000666962)
(0.09418368, 1.702603, 0.005857334)
(0.09239411, 1.704592, 0.01040088)
(0.09071589, 1.707218, 0.01522313)
(0.08931088, 1.710259, 0.02064477)
(0.08830237, 1.712676, 0.02623259)
(0.0874269, 1.715137, 0.03144394)
(0.08673048, 1.718437, 0.03627096)
(0.08594346, 1.721936, 0.04065143)
(0.08531308, 1.725624, 0.044623)
(0.08453107, 1.728882, 0.04926644)
(0.08415413, 1.731282, 0.05350696)
(0.08405542, 1.733764, 0.05784236)
(0.0838964, 1.736594, 0.06225167)
(0.08392906, 1.739232, 0.0661305)
(0.08394885, 1.741617, 0.06960545)
(0.08384895, 1.743812, 0.07251631)
(0.08384633, 1.746442, 0.07522736)
(0.08387446, 1.748554, 0.07746373)
(0.08400607, 1.750818, 0.07989179)
(0.08406067, 1.753842, 0.08210479)
(0.08414531, 1.756459, 0.08450161)
(0.08421707, 1.759022, 0.08712278)
(0.08451581, 1.761855, 0.08971463)
(0.08489251, 1.764284, 0.09246741)
(0.0852797, 1.766721, 0.09543715)
(0.08588791, 1.769432, 0.09826623)
(0.08647633, 1.77187, 0.1009565)
(0.08711052, 1.774153, 0.1037248)
(0.08758044, 1.776676, 0.1061858)
(0.08820963, 1.778609, 0.108446)
(0.08874202, 1.78056, 0.1106108)
(0.08946466, 1.78226, 0.1125723)
(0.0903523, 1.784249, 0.1143201)
(0.09103799, 1.785997, 0.1160543)
(0.09212518, 1.787833, 0.1175287)
(0.09313893, 1.789365, 0.1191366)
(0.09422946, 1.790551, 0.1209835)
(0.09552741, 1.792033, 0.1224488)
(0.09679627, 1.793596, 0.1239658)
(0.09801984, 1.795166, 0.1256765)
(0.09945583, 1.79599, 0.1271983)
(0.10096, 1.797347, 0.1287396)
(0.1026628, 1.798327, 0.1301318)
(0.1041112, 1.798251, 0.1313805)
(0.1058519, 1.798606, 0.1326839)
(0.1075563, 1.800503, 0.1340631)
(0.1093578, 1.799725, 0.1352522)
(0.1112435, 1.79794, 0.136541)
(0.1131957, 1.795108, 0.1379305)
(0.1153367, 1.793114, 0.1392284)
(0.1173539, 1.791663, 0.1405948)
(0.1193271, 1.792866, 0.1418958)
(0.1212058, 1.793848, 0.142937)
(0.1230485, 1.794248, 0.1435747)
(0.1249735, 1.794347, 0.144127)
(0.1266203, 1.794712, 0.144573)
(0.1281173, 1.794781, 0.1452191)
(0.1295817, 1.794582, 0.1462608)
(0.131072, 1.794797, 0.1476039)
(0.1325607, 1.794449, 0.149111)
(0.1338372, 1.793922, 0.1507267)
(0.1350656, 1.793538, 0.1520769)
(0.136261, 1.792802, 0.1531914)
(0.1374166, 1.792022, 0.1539496)
(0.1386552, 1.791535, 0.1544789)
(0.1396677, 1.791054, 0.1550907)
(0.1406243, 1.790697, 0.1555203)
(0.1414263, 1.790635, 0.1559001)
(0.1422966, 1.790563, 0.15619)
(0.143002, 1.79065, 0.1567274)
(0.1438346, 1.790826, 0.1568494)
(0.1444967, 1.790806, 0.1571349)
(0.1450226, 1.790865, 0.1574603)
(0.1456125, 1.790896, 0.15776)
(0.1461647, 1.790911, 0.1581832)
(0.1464105, 1.791213, 0.158821)
(0.1467209, 1.791352, 0.1595087)
(0.1470513, 1.791347, 0.1601955)
(0.1471982, 1.791448, 0.1609224)
(0.1473434, 1.791222, 0.1615259)
(0.1474826, 1.791052, 0.1619363)
(0.1473377, 1.790929, 0.1621024)
(0.1473625, 1.790904, 0.1618721)
(0.1472633, 1.790846, 0.1616741)
(0.1471391, 1.790702, 0.1612668)
(0.1470358, 1.790741, 0.1610936)
(0.1467447, 1.790855, 0.160764)
(0.1465321, 1.790871, 0.160482)
(0.1461654, 1.790765, 0.1603699)
(0.1459043, 1.790853, 0.1602354)
(0.145309, 1.791153, 0.1602255)
(0.14503, 1.791401, 0.160272)
(0.1446395, 1.791573, 0.1603682)
(0.1442006, 1.791758, 0.1605168)
(0.143744, 1.791802, 0.1606665)
(0.1432719, 1.791866, 0.1607441)
(0.1427987, 1.791826, 0.1607126)
(0.1423032, 1.791756, 0.160747)
(0.1416647, 1.791593, 0.1606639)
(0.1410635, 1.791196, 0.1602838)
(0.1405003, 1.790898, 0.1599451)
(0.1397491, 1.790405, 0.1596136)
(0.1389053, 1.789903, 0.159306)
(0.138124, 1.789231, 0.1590365)
####
(0.7197267, 6.252565, 6.218036)
(0.7225698, 6.249885, 6.218906)
(0.7255923, 6.247439, 6.219976)
(0.7286739, 6.245007, 6.220498)
(0.7312972, 6.243173, 6.221478)
(0.7339383, 6.240334, 6.221914)
(0.737355, 6.23794, 6.222332)
(0.7408655, 6.235661, 6.222293)
(0.7457375, 6.234183, 6.221753)
(0.750513, 6.233334, 6.221282)
(0.7555125, 6.233679, 6.221111)
(0.7589052, 6.234134, 6.220798)
(0.7606551, 6.235076, 6.220314)
(0.7624385, 6.235938, 6.219677)
(0.7640975, 6.236658, 6.218762)
(0.765326, 6.23754, 6.217526)
(0.7661362, 6.239166, 6.21591)
(0.7648482, 6.241831, 6.213741)
(0.762203, 6.244922, 6.211679)
(0.7574155, 6.248141, 6.210067)
(0.7534671, 6.251716, 6.210698)
(0.7501695, 6.255021, 6.214069)
(0.7491738, 6.25754, 6.217875)
(0.7507741, 6.259737, 6.222238)
(0.7529612, 6.261475, 6.224911)
(0.7566708, 6.263326, 6.226303)
(0.7619864, 6.265103, 6.227075)
(0.7692047, 6.266693, 6.227335)
(0.7766035, 6.268601, 6.228161)
(0.7848874, 6.2701, 6.228774)
(0.7926254, 6.271424, 6.229231)
(0.7987158, 6.273023, 6.228513)
(0.8018312, 6.275304, 6.227881)
(0.8018487, 6.277907, 6.226401)
(0.7995194, 6.280797, 6.224986)
(0.7976241, 0.0002591934, 6.224195)
(0.7959876, 0.002919373, 6.224531)
(0.7952408, 0.004451473, 6.224667)
(0.7948523, 0.004985338, 6.224791)
(0.7944639, 0.005349896, 6.224004)
(0.7945412, 0.005833067, 6.222295)
(0.794865, 0.006410168, 6.219938)
(0.7963533, 0.007100458, 6.217051)
(0.7985506, 0.008226002, 6.214638)
(0.8009322, 0.008664957, 6.212719)
(0.8046004, 0.008523466, 6.211707)
(0.8073514, 0.007643128, 6.210673)
(0.8108206, 0.005666784, 6.209547)
(0.8134471, 0.00333041, 6.207985)
(0.8150047, 0.001644212, 6.206592)
(0.8149502, 0.0001414748, 6.204787)
(0.8121879, 6.281444, 6.20237)
(0.8066515, 6.279715, 6.200082)
(0.8009306, 6.277931, 6.198005)
(0.7948447, 6.275247, 6.195876)
(0.7902924, 6.273246, 6.194864)
(0.7854818, 6.27047, 6.193964)
(0.7802511, 6.268254, 6.19381)
(0.7751669, 6.265399, 6.195232)
(0.7701801, 6.262838, 6.197377)
(0.763552, 6.259484, 6.200212)
(0.7601712, 6.255907, 6.202283)
(0.7632012, 6.251114, 6.202096)
(0.7708333, 6.24499, 6.198831)
(0.7754068, 6.241233, 6.193605)
(0.7769822, 6.240689, 6.186142)
(0.7759079, 6.240662, 6.180376)
(0.7725115, 6.238444, 6.175528)
(0.7676758, 6.23561, 6.173728)
(0.7618977, 6.232818, 6.175461)
(0.7577828, 6.228827, 6.179443)
(0.7561617, 6.224486, 6.18159)
(0.7565125, 6.219541, 6.18035)
(0.7571424, 6.214947, 6.176087)
(0.7590642, 6.210433, 6.169316)
(0.7629342, 6.206656, 6.16224)
(0.767797, 6.203075, 6.156152)
(0.7703838, 6.199193, 6.151993)
(0.7722189, 6.195254, 6.149045)
(0.772905, 6.190996, 6.147428)
(0.7737026, 6.187317, 6.147707)
(0.7742676, 6.184556, 6.148902)
(0.7745181, 6.182825, 6.149469)
(0.7740184, 6.182765, 6.150092)
(0.7735417, 6.182807, 6.15007)
(0.772763, 6.183307, 6.150279)
(0.7717118, 6.183185, 6.151179)
(0.769421, 6.183568, 6.153213)
(0.7670007, 6.184333, 6.15607)
(0.7653672, 6.184855, 6.157845)
(0.7639468, 6.185438, 6.159684)
(0.7632664, 6.18606, 6.160852)
(0.763661, 6.186526, 6.161615)
(0.7650168, 6.186482, 6.161917)
(0.7677105, 6.186274, 6.161866)
(0.7699724, 6.185652, 6.160864)
(0.7726142, 6.185209, 6.159903)
(0.7756838, 6.184709, 6.157793)
(0.7793278, 6.184783, 6.155916)
(0.7825344, 6.185039, 6.154799)
(0.7851958, 6.185849, 6.153649)
(0.7856783, 6.187246, 6.152933)
(0.7842261, 6.189517, 6.152058)
(0.781718, 6.19192, 6.151476)
(0.7784079, 6.1955, 6.151374)
(0.7763842, 6.19882, 6.151289)
(0.7748196, 6.20327, 6.152248)
(0.7726849, 6.208238, 6.154326)
(0.7693299, 6.213022, 6.156491)
(0.7644792, 6.218095, 6.158525)
(0.7597848, 6.22335, 6.159332)
(0.7572708, 6.228992, 6.158592)
(0.7629371, 6.234457, 6.156927)
(0.7811388, 6.237828, 6.152983)
(0.8005887, 6.24052, 6.148725)
(0.8123046, 6.245073, 6.14538)
(0.8104936, 6.252584, 6.145007)
(0.7996529, 6.257514, 6.147687)
(0.7888448, 6.259469, 6.151189)
(0.7764065, 6.261847, 6.156026)
(0.7680378, 6.265765, 6.158883)
(0.7652224, 6.269815, 6.159832)
(0.7684485, 6.274293, 6.159907)
(0.7758112, 6.277947, 6.158478)
(0.7809933, 6.281033, 6.159199)
(0.7832852, 6.282937, 6.160801)
(0.7843395, 0.00178628, 6.164422)
(0.7853106, 0.004277338, 6.16765)
(0.7870805, 0.007455248, 6.171059)
(0.7898557, 0.01088002, 6.172609)
(0.7946117, 0.01454125, 6.172838)
(0.8014172, 0.01838959, 6.17271)
(0.8115091, 0.02209339, 6.171791)
(0.8234818, 0.02624761, 6.171072)
(0.8331762, 0.02981545, 6.170645)
(0.8409642, 0.03316487, 6.170167)
(0.8465756, 0.03573246, 6.169736)
(0.8481743, 0.03819007, 6.170181)
(0.8465199, 0.04042213, 6.171615)
(0.8430086, 0.04199509, 6.173466)
(0.8401681, 0.04440781, 6.176197)
(0.8365839, 0.04611261, 6.17787)
(0.8340039, 0.0476039, 6.178211)
(0.8327407, 0.04849748, 6.17743)
(0.8322902, 0.048769, 6.176029)
(0.8332206, 0.04897078, 6.174358)
(0.8350738, 0.0488598, 6.172751)
(0.8382828, 0.04878079, 6.171729)
(0.8416942, 0.04874284, 6.170905)
(0.8456719, 0.04825377, 6.170152)
(0.8487159, 0.04841953, 6.170011)
(0.8521544, 0.0486512, 6.17016)
(0.854732, 0.04840026, 6.170491)
(0.8564376, 0.04836695, 6.171936)
(0.8577839, 0.0483005, 6.17368)
(0.8578109, 0.04755228, 6.176019)
(0.8574465, 0.04617318, 6.178502)
(0.8559346, 0.04407867, 6.180754)
(0.8541605, 0.04213862, 6.182786)
(0.8513145, 0.03917922, 6.183911)
(0.8480914, 0.03628964, 6.185291)
(0.8445652, 0.03263399, 6.186204)
(0.8421252, 0.02983657, 6.188135)
(0.8418343, 0.02651571, 6.189876)
(0.8443425, 0.0228598, 6.191396)
(0.8488751, 0.02018959, 6.192023)
(0.8570219, 0.01734268, 6.19096)
(0.8657305, 0.0153693, 6.190117)
(0.8762696, 0.0137406, 6.188276)
(0.8867102, 0.01186578, 6.187242)
(0.8945167, 0.01057543, 6.186755)
(0.9001925, 0.008542453, 6.186041)
(0.9022281, 0.006017047, 6.184916)
(0.8983651, 0.004099597, 6.184005)
(0.8923489, 0.002490243, 6.182705)
(0.8839849, 0.0007213932, 6.180708)
(0.8783864, 6.282025, 6.178646)
(0.872999, 6.279578, 6.176076)
(0.8699617, 6.276438, 6.173288)
(0.8694364, 6.273636, 6.170561)
(0.8708444, 6.270669, 6.166712)
(0.874474, 6.267019, 6.162165)
(0.8781312, 6.2644, 6.159269)
(0.882781, 6.261819, 6.156756)
(0.8870837, 6.259526, 6.155008)
(0.8911436, 6.257753, 6.153568)
(0.8942149, 6.256056, 6.15113)
(0.8975047, 6.255376, 6.149758)
(0.8999341, 6.254862, 6.148911)
(0.9011451, 6.254699, 6.148652)
(0.9008818, 6.255925, 6.150102)
(0.8990782, 6.255806, 6.150982)
(0.8950487, 6.256102, 6.15249)
(0.8906893, 6.255474, 6.153498)
(0.8853467, 6.25481, 6.154829)
(0.8825014, 6.253713, 6.155221)
(0.8814505, 6.252481, 6.155234)
(0.882853, 6.250598, 6.153656)
(0.8852426, 6.248749, 6.151795)
(0.8885862, 6.247069, 6.15012)
(0.8914593, 6.244516, 6.148418)
(0.89406, 6.242829, 6.147448)
(0.8957039, 6.240486, 6.146451)
(0.8966475, 6.239318, 6.146542)
(0.8965853, 6.238175, 6.14661)
(0.8958945, 6.238016, 6.147841)
(0.894136, 6.237605, 6.148209)
(0.8911164, 6.238219, 6.148608)
(0.8887997, 6.238327, 6.148725)
(0.8858399, 6.238691, 6.149208)
(0.8840345, 6.238543, 6.149101)
(0.8829256, 6.238783, 6.149474)
(0.8824061, 6.238379, 6.149587)
(0.8831667, 6.238709, 6.150038)
(0.8852455, 6.237999, 6.149974)
(0.8879057, 6.237439, 6.149909)
(0.8922715, 6.237111, 6.150248)
(0.896332, 6.236694, 6.150732)
(0.9009846, 6.236664, 6.151308)
