(0.8132353, 0.08574335, 0.0499288)
(0.8113836, 0.08599152, 0.04909831)
(0.8097962, 0.08713485, 0.0494816)
(0.8077298, 0.08844044, 0.04957235)
(0.806192, 0.09044474, 0.05055999)
(0.8048097, 0.0927861, 0.05241058)
(0.8044565, 0.0949297, 0.05409762)
(0.8050547, 0.09761496, 0.05714352)
(0.8074647, 0.1001137, 0.06093829)
(0.8102744, 0.1022481, 0.06492036)
(0.8145341, 0.1046889, 0.06889652)
(0.8189288, 0.1067913, 0.07200877)
(0.8239225, 0.1090478, 0.07460015)
(0.82868, 0.111473, 0.0774909)
(0.8338007, 0.1131024, 0.07911281)
(0.8383778, 0.1146372, 0.08031976)
(0.8418761, 0.115401, 0.08058662)
(0.8427301, 0.1154914, 0.07993522)
(0.8418251, 0.1154594, 0.07926811)
(0.8382597, 0.1150342, 0.07814147)
(0.8347989, 0.1146486, 0.07742622)
(0.8322563, 0.1148852, 0.07729208)
(0.8314998, 0.1147575, 0.07778745)
(0.8323553, 0.1150251, 0.07845577)
(0.8340744, 0.1160269, 0.07968485)
(0.8360085, 0.1168592, 0.08098372)
(0.8373265, 0.1178667, 0.08229401)
(0.8380086, 0.1184877, 0.08331376)
(0.8385629, 0.1192216, 0.08474071)
(0.8398215, 0.119617, 0.08603644)
(0.842057, 0.1202785, 0.08800544)
(0.8445575, 0.1206676, 0.08964963)
(0.8477703, 0.1207106, 0.09091318)
(0.8502808, 0.1204029, 0.09152169)
(0.8521671, 0.118717, 0.09102403)
(0.852587, 0.1165843, 0.09001768)
(0.8526394, 0.1141514, 0.0882678)
(0.8511438, 0.1114529, 0.08569736)
(0.8505751, 0.1089761, 0.08323929)
(0.8501865, 0.106447, 0.08035576)
(0.8500887, 0.1044211, 0.0780853)
(0.8501341, 0.1020396, 0.07574105)
(0.8502647, 0.0999426, 0.07357414)
(0.850366, 0.09860631, 0.07225595)
(0.8507052, 0.09735406, 0.07060896)
(0.8505399, 0.0959653, 0.06911916)
(0.8500761, 0.09475598, 0.06732197)
(0.8497022, 0.09387421, 0.06590845)
(0.8498333, 0.09269232, 0.06432255)
(0.85074, 0.09225008, 0.06342843)
(0.8523405, 0.09153733, 0.06247479)
(0.8539454, 0.09057905, 0.06124273)
(0.8554354, 0.08977179, 0.06009744)
(0.8564076, 0.08840041, 0.05880336)
(0.8562379, 0.08667362, 0.05720912)
(0.8555319, 0.08473611, 0.05581323)
(0.8551179, 0.08224098, 0.05441663)
(0.854275, 0.08002648, 0.05360745)
(0.8535854, 0.07746327, 0.05231316)
(0.8524382, 0.07439667, 0.05065655)
(0.8508663, 0.07123591, 0.0486753)
(0.8485397, 0.06834592, 0.04664016)
(0.8473445, 0.06548417, 0.04396098)
(0.8479983, 0.06361032, 0.04177209)
(0.8486336, 0.06114668, 0.03952057)
(0.849256, 0.05925394, 0.03908342)
(0.849202, 0.05734222, 0.03873409)
(0.8473278, 0.05505023, 0.03785239)
(0.843289, 0.05243038, 0.03648742)
(0.8373485, 0.05001452, 0.03470689)
(0.8312175, 0.04783364, 0.0323898)
(0.8247486, 0.04549877, 0.02940438)
(0.8198113, 0.0435456, 0.02683156)
(0.8158079, 0.04119018, 0.02415884)
(0.8139483, 0.03900031, 0.02201759)
(0.8148651, 0.03711157, 0.02042454)
(0.815468, 0.03519012, 0.01939317)
(0.8170321, 0.03174593, 0.01722206)
(0.8172639, 0.02899001, 0.01363851)
(0.8138873, 0.02693892, 0.009741311)
(0.8057821, 0.02492946, 0.005703208)
(0.7972927, 0.0239008, 0.0023565)
(0.7893822, 0.02332352, 0.0008739551)
(0.7849641, 0.02220598, 6.282849)
(0.785015, 0.02179964, 6.282653)
(0.788551, 0.02077707, 6.282562)
(0.7965474, 0.01904786, 6.282801)
(0.8073385, 0.01735954, 6.282726)
(0.8176996, 0.01497153, 6.281168)
(0.828461, 0.01370611, 6.279305)
(0.8356382, 0.01225857, 6.276526)
(0.8380443, 0.01079363, 6.274196)
(0.835284, 0.009575416, 6.272577)
(0.8248405, 0.008226682, 6.270827)
(0.8139793, 0.006603159, 6.269358)
(0.8038182, 0.004662037, 6.268138)
(0.7994967, 0.00367625, 6.267296)
(0.7987916, 0.002451445, 6.266251)
(0.8015159, 0.0009376686, 6.264697)
(0.8054304, 0.0001893749, 6.26392)
(0.8117744, 6.282353, 6.262763)
(0.817259, 6.28107, 6.261664)
(0.823733, 6.28028, 6.260279)
(0.8293207, 6.279722, 6.258825)
(0.8364456, 6.279649, 6.256498)
(0.8422715, 6.279374, 6.253686)
(0.8460805, 6.280056, 6.251491)
(0.8477025, 6.280622, 6.249131)
(0.8474433, 6.281126, 6.246778)
(0.8441396, 6.28208, 6.244735)
(0.8401319, 0.0004623772, 6.243262)
(0.8348019, 0.002475841, 6.242671)
(0.831502, 0.004573177, 6.24264)
(0.8291056, 0.006703612, 6.243002)
(0.828981, 0.008353013, 6.24374)
(0.8308722, 0.009789037, 6.244435)
(0.8351544, 0.01084734, 6.245564)
(0.8395942, 0.01168092, 6.246051)
(0.844633, 0.01173891, 6.246014)
(0.8485197, 0.01177418, 6.245954)
(0.8511791, 0.01108703, 6.244656)
(0.8538928, 0.01100243, 6.243755)
(0.8558425, 0.0109153, 6.242979)
(0.8577785, 0.01068058, 6.242782)
(0.8603663, 0.01063953, 6.24291)
(0.8633161, 0.01122726, 6.243785)
(0.8654242, 0.01145712, 6.244567)
(0.8672211, 0.01242847, 6.246133)
(0.8682258, 0.01319902, 6.247459)
(0.8676722, 0.0139787, 6.249187)
(0.8665714, 0.01459023, 6.250912)
(0.8643973, 0.01535448, 6.253248)
(0.8630931, 0.01580709, 6.25538)
(0.8623698, 0.01612775, 6.257291)
(0.8628896, 0.01573699, 6.258474)
(0.8636737, 0.01572161, 6.259748)
(0.8653234, 0.0155809, 6.260294)
(0.8661755, 0.01526951, 6.260508)
(0.8665365, 0.01579062, 6.261177)
(0.8662516, 0.01653311, 6.261744)
(0.8648539, 0.01704035, 6.261801)
(0.8634518, 0.01820682, 6.262775)
(0.8628926, 0.01979739, 6.264112)
(0.8639999, 0.02166306, 6.265707)
(0.8659636, 0.02404969, 6.267491)
(0.8689852, 0.02683975, 6.269289)
(0.8714669, 0.02899223, 6.271119)
(0.8733106, 0.03227377, 6.273438)
(0.8738161, 0.03489296, 6.275731)
(0.8728705, 0.03834422, 6.278904)
(0.8698687, 0.04132696, 6.281476)
(0.8664632, 0.04462451, 0.0009515938)
(0.8626983, 0.04766677, 0.002977309)
(0.8597637, 0.05186915, 0.006306281)
(0.8590315, 0.05669495, 0.01008711)
(0.859991, 0.06138368, 0.0139229)
(0.8630667, 0.06580967, 0.0180406)
(0.8654414, 0.07086909, 0.02251404)
(0.8678187, 0.07511817, 0.02631869)
(0.8686683, 0.07943582, 0.03044283)
(0.8684857, 0.08331943, 0.03462913)
(0.8678617, 0.08718664, 0.03939527)
(0.8671976, 0.08971252, 0.04293329)
(0.8654802, 0.09125265, 0.04599766)
(0.8633655, 0.09251458, 0.04814478)
(0.8593725, 0.09335294, 0.05090722)
(0.8546178, 0.0937986, 0.0533924)
(0.8507047, 0.09414762, 0.05635305)
(0.8483611, 0.09506923, 0.06001902)
(0.8481887, 0.09527367, 0.06336321)
(0.850212, 0.0957906, 0.06636252)
(0.8533442, 0.09566105, 0.0683977)
(0.8581158, 0.09562915, 0.0697571)
(0.8631951, 0.09513622, 0.07059294)
(0.8689167, 0.09387112, 0.07061775)
(0.8743795, 0.09236459, 0.06969873)
(0.8797739, 0.09049098, 0.06815498)
(0.8842826, 0.08940899, 0.06691482)
(0.8890505, 0.08812746, 0.0648282)
(0.8926255, 0.08690777, 0.06280613)
(0.8955592, 0.08633471, 0.06171584)
(0.8976729, 0.08562259, 0.06052441)
(0.899153, 0.08493126, 0.0598947)
(0.8989741, 0.08392826, 0.0593125)
(0.8982608, 0.08243638, 0.05917327)
(0.8948948, 0.08128161, 0.05930186)
(0.8916019, 0.08012523, 0.05926458)
(0.8872753, 0.07838492, 0.05871059)
(0.8837711, 0.07698788, 0.05792727)
(0.8812613, 0.07623973, 0.05810074)
(0.8799973, 0.07532807, 0.0583287)
(0.8791364, 0.07435185, 0.05819223)
(0.8798393, 0.07374173, 0.05854168)
(0.8808467, 0.07371346, 0.05915833)
(0.8825505, 0.07393053, 0.060072)
(0.8841549, 0.07406709, 0.06091943)
(0.8866627, 0.07437733, 0.06125312)
(0.888807, 0.07539611, 0.06232684)
(0.8903409, 0.07532148, 0.06242843)
(0.8913791, 0.07568479, 0.0625105)
(0.8916524, 0.07554931, 0.06194583)
(0.8911695, 0.07478931, 0.06085928)
(0.8900653, 0.07445299, 0.05970005)
(0.8884692, 0.07401829, 0.05851886)
(0.8870233, 0.07354876, 0.05721493)
(0.8852482, 0.073318, 0.05567098)
(0.8838514, 0.07296623, 0.05398134)
(0.8833664, 0.07281595, 0.05294333)
(0.8830876, 0.07255669, 0.05189232)
(0.8833253, 0.0723233, 0.05108146)
(0.88355, 0.07132208, 0.04972984)
(0.8833805, 0.0706663, 0.04864532)
(0.8825166, 0.06933562, 0.04740585)
(0.8814554, 0.06825663, 0.04616018)
(0.8795695, 0.06589629, 0.04483992)
(0.8782799, 0.06488214, 0.04418881)
(0.8778134, 0.06372041, 0.0437914)
(0.8789942, 0.06206787, 0.04377482)
(0.8816578, 0.06119866, 0.04424831)
(0.8852022, 0.06001539, 0.04505342)
(0.8874974, 0.05839031, 0.0452223)
(0.8884838, 0.05686746, 0.04549697)
(0.8879129, 0.05483269, 0.04576334)
(0.8857337, 0.05252387, 0.04481474)
(0.8823233, 0.05082052, 0.04416715)
(0.8796747, 0.04991199, 0.04376608)
(0.8777525, 0.04928026, 0.04319622)
(0.8769624, 0.0485228, 0.04227266)
(0.8763312, 0.04909583, 0.04170904)
(0.8755444, 0.04917922, 0.0409382)
(0.8738572, 0.04952829, 0.03978211)
(0.8715717, 0.05010901, 0.03940323)
(0.868358, 0.05061519, 0.03844453)
(0.8654166, 0.05173196, 0.03848492)
(0.8624111, 0.05260298, 0.03888488)
(0.8591525, 0.05357037, 0.03946266)
(0.8567218, 0.05434137, 0.03953166)
(0.8547468, 0.05609183, 0.04051237)
(0.8530572, 0.0576997, 0.04108568)
(0.8517865, 0.05923827, 0.04229097)
(0.850673, 0.06092374, 0.04360533)
(0.8493994, 0.0621442, 0.044894)
(0.8480219, 0.06307701, 0.04566789)
(0.8465696, 0.06377649, 0.04630087)
(0.8448386, 0.06382486, 0.04562838)
(0.8424959, 0.06405363, 0.04486093)
(0.8392656, 0.0635271, 0.04300908)
(0.8356494, 0.06333591, 0.04166487)
(0.8309606, 0.0629563, 0.04007753)
(0.8264275, 0.06256736, 0.03880427)
(0.8221951, 0.06248323, 0.0379702)
(0.8187976, 0.06247632, 0.03727689)
(0.8157396, 0.06289028, 0.03745437)
(0.8137163, 0.06357599, 0.03764109)
(0.8123426, 0.06461149, 0.0379153)
(0.8115833, 0.06554531, 0.03828559)
(0.8110529, 0.0668695, 0.03838312)
(0.8107468, 0.06832952, 0.03912441)
(0.8107609, 0.06987662, 0.04015246)
(0.8105571, 0.07139242, 0.04125297)
(0.810605, 0.07292788, 0.04269942)
(0.8104703, 0.07428699, 0.04407739)
(0.8104016, 0.07521968, 0.04539279)
(0.8103616, 0.07578259, 0.04611331)
(0.8099397, 0.0760742, 0.04711922)
(0.8094693, 0.07603611, 0.04781742)
(0.8084158, 0.0757688, 0.04846581)
(0.8064336, 0.07479716, 0.04852632)
(0.8044673, 0.07393984, 0.04894463)
(0.8019922, 0.07238561, 0.04843213)
(0.7996377, 0.07111768, 0.04832462)
(0.7996377, 0.07111768, 0.04832462)
(0.7996377, 0.07111768, 0.04832462)
(0.7996377, 0.07111768, 0.04832462)
(0.7996377, 0.07111768, 0.04832462)
(0.7996377, 0.07111768, 0.04832462)
(0.7996377, 0.07111768, 0.04832462)
(0.7996377, 0.07111768, 0.04832462)
(0.7996377, 0.07111768, 0.04832462)
(0.7996377, 0.07111768, 0.04832462)
(0.7996377, 0.07111768, 0.04832462)
(0.7996377, 0.07111768, 0.04832462)
(0.7996377, 0.07111768, 0.04832462)
(0.7996377, 0.07111768, 0.04832462)
(0.7996377, 0.07111768, 0.04832462)
(0.7996377, 0.07111768, 0.04832462)
(0.7996377, 0.07111768, 0.04832462)
(0.7996377, 0.07111768, 0.04832462)
(0.7996377, 0.07111768, 0.04832462)
(0.7996377, 0.07111768, 0.04832462)
(0.7996377, 0.07111768, 0.04832462)
(0.7996377, 0.07111768, 0.04832462)
(0.7996377, 0.07111768, 0.04832462)
(0.7996377, 0.07111768, 0.04832462)
(0.7996377, 0.07111768, 0.04832462)
(0.7996377, 0.07111768, 0.04832462)
(0.7996377, 0.07111768, 0.04832462)
(0.7996377, 0.07111768, 0.04832462)
(0.7996377, 0.07111768, 0.04832462)
(0.7996377, 0.07111768, 0.04832462)
(0.7996377, 0.07111768, 0.04832462)
(0.7996377, 0.07111768, 0.04832462)
(0.7996377, 0.07111768, 0.04832462)
(0.7996377, 0.07111768, 0.04832462)
(0.7996377, 0.07111768, 0.04832462)
(0.7996377, 0.07111768, 0.04832462)
(0.7996377, 0.07111768, 0.04832462)
(0.7996377, 0.07111768, 0.04832462)
(0.7996377, 0.07111768, 0.04832462)
(0.7996377, 0.07111768, 0.04832462)
(0.7996377, 0.07111768, 0.04832462)
(0.7996377, 0.07111768, 0.04832462)
(0.7996377, 0.07111768, 0.04832462)
(0.7996377, 0.07111768, 0.04832462)
(0.7996377, 0.07111768, 0.04832462)
(0.7996377, 0.07111768, 0.04832462)
(0.7996377, 0.07111768, 0.04832462)
(0.7996377, 0.07111768, 0.04832462)
(0.7996377, 0.07111768, 0.04832462)
(0.7996377, 0.07111768, 0.04832462)
(0.7996377, 0.07111768, 0.04832462)
(0.7996377, 0.07111768, 0.04832462)
(0.7996377, 0.07111768, 0.04832462)
(0.7996377, 0.07111768, 0.04832462)
(0.7996377, 0.07111768, 0.04832462)
(0.7996377, 0.07111768, 0.04832462)
(0.7996377, 0.07111768, 0.04832462)
(0.7996377, 0.07111768, 0.04832462)
(0.7996377, 0.07111768, 0.04832462)
(0.7996377, 0.07111768, 0.04832462)
(0.7996377, 0.07111768, 0.04832462)
(0.7996377, 0.07111768, 0.04832462)
(0.7996377, 0.07111768, 0.04832462)
(0.7996377, 0.07111768, 0.04832462)
(0.7996377, 0.07111768, 0.04832462)
(0.7996377, 0.07111768, 0.04832462)
(0.7996377, 0.07111768, 0.04832462)
(0.7996377, 0.07111768, 0.04832462)
(0.7996377, 0.07111768, 0.04832462)
(0.7996377, 0.07111768, 0.04832462)
