(0.1460476, 0.9157144, 2.412761)
(0.1449946, 0.9168783, 2.412819)
(0.1438814, 0.9179081, 2.412459)
(0.1420367, 0.9192015, 2.412287)
(0.1402391, 0.9216448, 2.411815)
(0.1384918, 0.9240241, 2.411618)
(0.1373886, 0.9292145, 2.410496)
(0.1367644, 0.9337046, 2.410278)
(0.1367644, 0.9337046, 2.410278)
(0.140599, 0.9449981, 2.404354)
(0.1407295, 0.9446179, 2.409407)
(0.1414354, 0.9464185, 2.413642)
(0.1455004, 0.9488033, 2.416541)
(0.1502415, 0.9497284, 2.420366)
(0.1566753, 0.9523839, 2.424087)
(0.1683853, 0.961499, 2.431215)
(0.1806108, 0.9677548, 2.453684)
(0.2040251, 0.9847132, 2.477715)
(0.2292771, 0.9978697, 2.500999)
(0.2626289, 1.010808, 2.530237)
(0.2895112, 1.030381, 2.569599)
(0.3566581, 1.063269, 2.62231)
(0.4276879, 1.097486, 2.676318)
(0.4464389, 1.131937, 2.735887)
(0.4570684, 1.182667, 2.81034)
(0.4951018, 1.213028, 2.871534)
(0.5188961, 1.236653, 2.923848)
(0.5363809, 1.250653, 2.961566)
(0.5575988, 1.269683, 2.997513)
(0.5717778, 1.2879, 3.020989)
(0.5864991, 1.290805, 3.031194)
(0.5995875, 1.275029, 3.025203)
(0.6133432, 1.259865, 3.018056)
(0.6187713, 1.228922, 2.988012)
(0.6178681, 1.203296, 2.959155)
(0.6109086, 1.174385, 2.922144)
(0.6012, 1.145412, 2.882421)
(0.5900549, 1.119263, 2.84715)
(0.5659599, 1.093275, 2.797711)
(0.5469443, 1.073175, 2.759928)
(0.5225883, 1.058253, 2.725863)
(0.4909187, 1.057887, 2.6917)
(0.4659609, 1.054602, 2.660015)
(0.4405031, 1.045929, 2.626551)
(0.4221666, 1.030834, 2.594204)
(0.410991, 1.008854, 2.56303)
(0.3982289, 0.9919125, 2.535137)
(0.3898352, 0.9705089, 2.512443)
(0.3841748, 0.9525649, 2.489697)
(0.3776588, 0.9386181, 2.474804)
(0.3728378, 0.9376956, 2.465932)
(0.3722505, 0.9371, 2.458096)
(0.3739682, 0.9337232, 2.451895)
(0.3738876, 0.9353985, 2.446203)
(0.3787889, 0.9532655, 2.457555)
(0.3834902, 0.9721463, 2.470086)
(0.3934737, 1.001415, 2.492412)
(0.4028641, 1.018785, 2.516008)
(0.4091596, 1.025187, 2.534242)
(0.4260693, 1.032619, 2.53772)
(0.4316501, 1.004327, 2.530536)
(0.4228148, 1.001126, 2.530987)
(0.4193827, 0.9901342, 2.537179)
(0.4209531, 0.9728551, 2.526402)
(0.4328163, 0.9390872, 2.523714)
(0.4298071, 0.9096993, 2.523804)
(0.4191882, 0.895527, 2.513536)
(0.4371317, 0.9213667, 2.493308)
(0.5008278, 0.9656093, 2.489466)
(0.4056785, 0.9287924, 2.52389)
(0.3881677, 0.888121, 2.52047)
(0.4361685, 0.9380424, 2.503683)
(0.4413567, 0.9714242, 2.503711)
(0.4391619, 0.9679677, 2.495589)
(0.4206976, 0.9645718, 2.495044)
(0.4075436, 0.9699253, 2.492196)
(0.4043626, 0.9707996, 2.485572)
(0.3962303, 0.959456, 2.475347)
(0.3857766, 0.9622429, 2.469384)
(0.3796108, 0.9750184, 2.458492)
(0.3723025, 0.9822717, 2.452739)
(0.3631317, 0.9911706, 2.451863)
(0.3539673, 1.002246, 2.444459)
(0.3465225, 1.011059, 2.438497)
(0.3399755, 1.025539, 2.434371)
(0.3323805, 1.033312, 2.432416)
(0.3245806, 1.035808, 2.428432)
(0.316085, 1.035868, 2.423636)
(0.3073987, 1.039269, 2.420894)
(0.2971815, 1.044374, 2.420422)
(0.2871946, 1.050187, 2.420532)
(0.2778495, 1.051361, 2.417586)
(0.2691086, 1.052452, 2.415553)
(0.2595362, 1.057132, 2.415107)
(0.2496039, 1.057298, 2.413048)
(0.2377632, 1.052942, 2.407768)
(0.2258878, 1.049558, 2.401982)
(0.215336, 1.048129, 2.397971)
(0.2070265, 1.0539, 2.397843)
(0.2022706, 1.063382, 2.398654)
(0.1981781, 1.066177, 2.399372)
(0.1980742, 1.060015, 2.402863)
(0.1967838, 1.058555, 2.404504)
(0.1958617, 1.06115, 2.407622)
(0.1974462, 1.067498, 2.414453)
(0.1993753, 1.067814, 2.41966)
(0.2016574, 1.065982, 2.42451)
(0.2053487, 1.063514, 2.431644)
(0.2094648, 1.061244, 2.440163)
(0.2130395, 1.057343, 2.447319)
(0.2174878, 1.051612, 2.454857)
(0.2256915, 1.054129, 2.465612)
(0.2318651, 1.057089, 2.478735)
(0.2399867, 1.058444, 2.488894)
(0.248461, 1.064481, 2.500868)
(0.2573983, 1.069771, 2.513736)
(0.2660166, 1.072836, 2.525696)
(0.2756992, 1.074857, 2.535866)
(0.283012, 1.07781, 2.547451)
(0.2936601, 1.079415, 2.559884)
(0.3068635, 1.090266, 2.574154)
(0.3164154, 1.096728, 2.587383)
(0.3243503, 1.098563, 2.595636)
(0.3276725, 1.100829, 2.603991)
(0.3324212, 1.111728, 2.610604)
(0.330977, 1.131065, 2.617534)
(0.3277178, 1.152176, 2.623103)
(0.3268503, 1.169108, 2.627352)
(0.3294095, 1.184083, 2.635416)
(0.3445245, 1.197869, 2.655569)
(0.3645658, 1.224077, 2.672817)
(0.3892958, 1.220492, 2.684944)
(0.4044153, 1.232806, 2.706258)
(0.4131593, 1.250685, 2.723764)
(0.4339156, 1.238472, 2.742971)
(0.4571431, 1.277555, 2.790846)
(0.4732815, 1.315182, 2.829606)
(0.4850289, 1.351781, 2.871706)
(0.4927766, 1.387953, 2.921696)
(0.498188, 1.419554, 2.96244)
(0.5025616, 1.442854, 2.995393)
(0.5130774, 1.449589, 3.016928)
(0.5255445, 1.456277, 3.035287)
(0.5611989, 1.420164, 3.041509)
(0.5925036, 1.373231, 3.044147)
(0.6108251, 1.352061, 3.040811)
(0.6183159, 1.332149, 3.024021)
(0.6197898, 1.301234, 2.990872)
(0.619258, 1.282014, 2.971212)
(0.6118017, 1.257331, 2.938999)
(0.6005172, 1.239508, 2.912058)
(0.6005172, 1.239508, 2.912058)
(0.5592785, 1.22661, 2.861044)
(0.5308052, 1.224913, 2.83399)
(0.5038198, 1.218239, 2.808315)
(0.4723701, 1.207756, 2.777003)
(0.4368411, 1.193677, 2.740096)
(0.4064863, 1.18418, 2.707495)
(0.374221, 1.173926, 2.672276)
(0.3432496, 1.165438, 2.639349)
(0.3146864, 1.15546, 2.608464)
(0.2909764, 1.136566, 2.576506)
(0.2723779, 1.111359, 2.547919)
(0.253466, 1.090946, 2.523669)
(0.2405428, 1.070825, 2.508669)
(0.2330834, 1.044045, 2.501192)
(0.2225469, 1.021297, 2.492508)
(0.220523, 0.9950259, 2.49049)
(0.237282, 0.9466493, 2.481984)
(0.2535526, 0.9192657, 2.481702)
(0.2280139, 0.9193614, 2.511436)
(0.2228616, 1.004901, 2.494942)
(0.2243506, 1.026039, 2.499929)
(0.2438703, 1.002591, 2.501998)
(0.2388705, 0.9847005, 2.49676)
(0.226536, 0.9513695, 2.49491)
(0.2200098, 0.9341629, 2.494899)
(0.2174119, 0.9330873, 2.491664)
(0.2171802, 0.9555514, 2.487369)
(0.2152604, 0.9654127, 2.483122)
(0.2099604, 0.9686136, 2.477167)
(0.2016549, 0.9665508, 2.472044)
(0.1944416, 0.965694, 2.466253)
(0.1842519, 0.9683811, 2.461466)
(0.1759904, 0.9732996, 2.456763)
(0.1667445, 0.9781335, 2.450304)
(0.1575536, 0.9855177, 2.444269)
(0.1494343, 0.9931071, 2.437078)
(0.1402972, 0.9998795, 2.430047)
(0.1305714, 1.006068, 2.424065)
(0.122143, 1.005975, 2.417649)
(0.1140299, 1.001644, 2.409719)
(0.1044995, 0.9873068, 2.401381)
(0.09657966, 0.9736738, 2.394799)
(0.09059339, 0.9621269, 2.389958)
(0.08490149, 0.9551019, 2.385909)
(0.08326807, 0.9514185, 2.383567)
(0.08474997, 0.9508732, 2.383647)
(0.08538983, 0.9485865, 2.38476)
(0.08522784, 0.9453768, 2.385234)
(0.08714885, 0.9411846, 2.38673)
(0.09005773, 0.937439, 2.389627)
(0.09098081, 0.9343148, 2.390471)
(0.09482679, 0.9371203, 2.39391)
(0.09818567, 0.9374425, 2.395862)
(0.102455, 0.9345855, 2.39776)
(0.1041958, 0.9282595, 2.399129)
(0.1047575, 0.9217283, 2.4001)
(0.1064501, 0.91639, 2.400899)
(0.1068909, 0.9112966, 2.401383)
(0.1073818, 0.9071817, 2.401909)
(0.1080368, 0.9032223, 2.40233)
(0.1081103, 0.9003698, 2.403047)
(0.1085764, 0.8975131, 2.403626)
(0.1095375, 0.8952953, 2.40392)
(0.1093219, 0.894136, 2.40381)
