(1.020486, 0.713806, 6.279332)
(1.019598, 0.7162626, 6.281652)
(1.018661, 0.7169666, 6.282843)
(1.018222, 0.715572, 6.282815)
(1.019154, 0.7144076, 6.283019)
(1.019934, 0.7154195, 0.001130095)
(1.020084, 0.7184299, 0.003661752)
(1.021074, 0.7200183, 0.004833817)
(1.021661, 0.7213456, 0.006117575)
(1.021898, 0.7220402, 0.007345154)
(1.021405, 0.722403, 0.008620878)
(1.021272, 0.7222731, 0.009383205)
(1.021773, 0.7236028, 0.0111353)
(1.023963, 0.7287868, 0.01574437)
(1.025287, 0.7314383, 0.0182071)
(1.0261, 0.7326986, 0.0192475)
(1.02511, 0.7320657, 0.01930712)
(1.024089, 0.7327076, 0.02112688)
(1.023239, 0.7344245, 0.02393391)
(1.022658, 0.737479, 0.02708109)
(1.025689, 0.7396931, 0.0293008)
(1.027765, 0.739841, 0.03011781)
(1.029557, 0.7430502, 0.03350858)
(1.031149, 0.749882, 0.04155155)
(1.030824, 0.7527493, 0.04653966)
(1.029529, 0.7518542, 0.04812443)
(1.028282, 0.7526629, 0.05123986)
(1.027303, 0.7545142, 0.05522057)
(1.026525, 0.7573856, 0.05980586)
(1.026612, 0.7607794, 0.06492983)
(1.026564, 0.7639408, 0.06994291)
(1.025957, 0.7681496, 0.0765915)
(1.026409, 0.7729051, 0.08401822)
(1.027296, 0.7801124, 0.09242807)
(1.027102, 0.7867298, 0.09932627)
(1.025661, 0.7930102, 0.1055459)
(1.023392, 0.7978826, 0.1109568)
(1.020383, 0.8024418, 0.116015)
(1.019388, 0.8101108, 0.1227467)
(1.019462, 0.820112, 0.1313501)
(1.022161, 0.8371615, 0.1437276)
(1.023711, 0.8499243, 0.1537886)
(1.025516, 0.864854, 0.165181)
(1.026377, 0.8787752, 0.17642)
(1.02957, 0.8955721, 0.1881763)
(1.032542, 0.910824, 0.1986539)
(1.035937, 0.9264786, 0.2082983)
(1.039265, 0.9378693, 0.2155204)
(1.042314, 0.9488581, 0.2233435)
(1.04506, 0.9563922, 0.2288328)
(1.046857, 0.9562933, 0.2284815)
(1.048614, 0.9566139, 0.2302181)
(1.049221, 0.9606939, 0.2337661)
(1.050818, 0.9674236, 0.2387593)
(1.053255, 0.9744614, 0.2439836)
(1.05718, 0.9827762, 0.2506656)
(1.063013, 0.9905506, 0.2574103)
(1.066896, 0.9992721, 0.2657824)
(1.068617, 1.007412, 0.273816)
(1.069337, 1.01421, 0.2811876)
(1.070311, 1.017511, 0.2850327)
(1.073153, 1.020643, 0.2884243)
(1.077265, 1.024506, 0.2928504)
(1.080811, 1.028175, 0.2968718)
(1.085685, 1.030374, 0.2990418)
(1.090813, 1.036751, 0.3042123)
(1.094536, 1.042352, 0.309175)
(1.097276, 1.045392, 0.3125155)
(1.099064, 1.05152, 0.3184052)
(1.102069, 1.055713, 0.3236418)
(1.105941, 1.059801, 0.3280361)
(1.110555, 1.062617, 0.3302984)
(1.113651, 1.065778, 0.3334344)
(1.117323, 1.070342, 0.3362097)
(1.119397, 1.07913, 0.343193)
(1.118834, 1.084033, 0.3469142)
(1.118986, 1.082262, 0.3456033)
(1.120918, 1.082546, 0.3465229)
(1.124698, 1.083842, 0.3486692)
(1.132032, 1.085102, 0.3487837)
(1.140107, 1.087896, 0.3487139)
(1.144465, 1.08658, 0.3454916)
(1.145393, 1.072639, 0.3319287)
(1.147703, 1.055949, 0.31824)
(1.153279, 1.04802, 0.3112344)
(1.157924, 1.044693, 0.3078365)
(1.161917, 1.035912, 0.2994809)
(1.165686, 1.023186, 0.2868329)
(1.16606, 0.9983737, 0.2638376)
(1.16746, 0.9695333, 0.2396895)
(1.170719, 0.9513795, 0.223629)
(1.181081, 0.9446009, 0.2188703)
(1.190935, 0.945989, 0.2202677)
(1.197814, 0.942275, 0.2142898)
(1.205577, 0.9429559, 0.2139048)
(1.211122, 0.9407845, 0.2114562)
(1.212008, 0.927561, 0.1994623)
(1.209664, 0.9098048, 0.1861953)
(1.190907, 0.8696676, 0.1611311)
(1.180519, 0.8268047, 0.1284101)
(1.172325, 0.7571015, 0.06706022)
(1.170428, 0.7054971, 0.02024635)
(1.16671, 0.6835456, 0.005064265)
(1.163059, 0.6843124, 0.01356818)
(1.160655, 0.6876894, 0.02457092)
(1.165587, 0.7064914, 0.05186763)
(1.180342, 0.7308756, 0.0819967)
(1.193969, 0.7473555, 0.100176)
(1.204487, 0.7547137, 0.1112697)
(1.22056, 0.7496258, 0.1124157)
(1.238669, 0.7495395, 0.1189969)
(1.254708, 0.771375, 0.147091)
(1.263706, 0.7927673, 0.1740465)
(1.262553, 0.8094706, 0.1962174)
(1.25424, 0.8178191, 0.2105698)
(1.238901, 0.8035781, 0.2054875)
(1.223559, 0.7710816, 0.1833957)
(1.213883, 0.7444487, 0.1654962)
(1.207897, 0.7159521, 0.1448795)
(1.205903, 0.7026985, 0.1377218)
(1.205691, 0.7013911, 0.1417465)
(1.209706, 0.7106488, 0.1543408)
(1.213678, 0.7209546, 0.1674995)
(1.220302, 0.7493983, 0.1964307)
(1.22315, 0.7602757, 0.2105785)
(1.225851, 0.7651549, 0.2180771)
(1.226641, 0.7679667, 0.2232755)
(1.223642, 0.7594935, 0.2187799)
(1.219014, 0.7519032, 0.215909)
(1.213227, 0.7484598, 0.2171739)
(1.212328, 0.7516059, 0.2236957)
(1.21146, 0.7534879, 0.2276735)
(1.213042, 0.7563664, 0.2319695)
(1.213598, 0.75719, 0.2350202)
(1.213298, 0.7584606, 0.2374162)
(1.21268, 0.760254, 0.2405713)
(1.209666, 0.762109, 0.2446979)
(1.203269, 0.7580204, 0.2433784)
(1.19907, 0.7530376, 0.2394822)
(1.201468, 0.7445678, 0.2303555)
(1.201365, 0.736159, 0.222393)
(1.202209, 0.7253079, 0.2119219)
(1.203466, 0.7204866, 0.2075591)
(1.204886, 0.7241499, 0.2105785)
(1.205769, 0.7395005, 0.226013)
(1.2059, 0.7524326, 0.23884)
(1.207324, 0.7671697, 0.2500925)
(1.207019, 0.7704213, 0.2497715)
(1.202919, 0.7512422, 0.2313547)
(1.200076, 0.7343956, 0.215292)
(1.196139, 0.7247717, 0.2054994)
(1.190068, 0.7354055, 0.2145332)
(1.185134, 0.7511334, 0.2271841)
(1.18119, 0.7602786, 0.2337576)
(1.178193, 0.7647276, 0.2388982)
(1.175376, 0.7702259, 0.2460464)
(1.169723, 0.7765381, 0.2561454)
(1.16576, 0.7716565, 0.2559745)
(1.166075, 0.7722608, 0.2586047)
(1.169067, 0.779371, 0.2653311)
(1.176711, 0.8032329, 0.284128)
(1.182854, 0.8389957, 0.315033)
(1.181014, 0.8661293, 0.3389167)
(1.175134, 0.8716676, 0.3435648)
(1.169683, 0.8690512, 0.3404174)
(1.160376, 0.8502027, 0.3232857)
(1.147843, 0.8351395, 0.3112836)
(1.135561, 0.8265768, 0.3042731)
(1.119863, 0.8148515, 0.2917769)
(1.111426, 0.8135228, 0.2851107)
(1.105906, 0.8053982, 0.2716066)
(1.108459, 0.797448, 0.2573111)
(1.118716, 0.8042156, 0.2636994)
(1.123619, 0.8114923, 0.269442)
(1.126032, 0.8247363, 0.2783318)
(1.132737, 0.8596401, 0.3034053)
(1.141653, 0.8773072, 0.3134069)
(1.153067, 0.8958888, 0.3212545)
(1.159636, 0.9110113, 0.3291441)
(1.162864, 0.9196275, 0.3316494)
(1.162245, 0.9192379, 0.3262841)
(1.15207, 0.8991287, 0.3053024)
(1.14636, 0.8923753, 0.2961906)
(1.139268, 0.887739, 0.2889783)
(1.135579, 0.8948623, 0.2925712)
(1.134968, 0.9029409, 0.2966679)
(1.136842, 0.913681, 0.3025594)
(1.144058, 0.9287547, 0.3103338)
(1.14671, 0.9360053, 0.3121984)
(1.148505, 0.9427722, 0.313764)
(1.150077, 0.9503222, 0.3162271)
(1.151639, 0.9578962, 0.3187242)
(1.153338, 0.9662177, 0.3214974)
(1.137904, 0.9442745, 0.3022398)
(1.137093, 0.947755, 0.3017491)
(1.136282, 0.9512305, 0.3012529)
(1.135473, 0.9546971, 0.300751)
(1.130487, 0.943378, 0.2900857)
(1.132764, 0.9457145, 0.289661)
(1.138711, 0.9581846, 0.297448)
(1.137317, 0.9624137, 0.2954544)
(1.137546, 0.9726673, 0.3019227)
(1.138317, 0.9826549, 0.3075975)
(1.13759, 0.9891973, 0.3115947)
(1.137014, 0.9909816, 0.3140494)
(1.137392, 0.9888924, 0.3138599)
(1.138255, 0.9851996, 0.3124177)
(1.138076, 0.9813395, 0.3085521)
(1.137379, 0.9734898, 0.3029758)
(1.134746, 0.9692194, 0.3000048)
(1.133495, 0.9652033, 0.3011423)
(1.133169, 0.960526, 0.2995799)
(1.13271, 0.9565068, 0.2990866)
(1.132015, 0.9529706, 0.2978067)
(1.131323, 0.9494638, 0.2965424)
(1.127132, 0.9246572, 0.2931985)
(1.131998, 0.9058247, 0.2816868)
(1.149978, 0.9119764, 0.2930971)
(1.155249, 0.9422504, 0.3207527)
(1.145334, 0.9391357, 0.3193454)
(1.150065, 0.9076937, 0.2989222)
(1.16042, 0.9046532, 0.2995016)
(1.156981, 0.9145254, 0.3089319)
(1.151691, 0.9137264, 0.3129674)
(1.14969, 0.9075581, 0.3127912)
(1.152026, 0.8987077, 0.3086917)
(1.15353, 0.8989292, 0.3126246)
(1.151702, 0.9008595, 0.3176548)
(1.149702, 0.9062056, 0.3286343)
(1.148714, 0.9080039, 0.3369647)
(1.149828, 0.9090858, 0.3437244)
(1.151558, 0.9081841, 0.3485686)
(1.154164, 0.9068921, 0.3533719)
(1.15752, 0.9078618, 0.3595286)
(1.159592, 0.9119616, 0.3677764)
(1.161566, 0.9177114, 0.3783362)
(1.163551, 0.9206418, 0.3862278)
(1.165174, 0.9204055, 0.3919942)
(1.167685, 0.916338, 0.3947408)
(1.172096, 0.9091555, 0.3945619)
(1.176759, 0.9059493, 0.3971604)
(1.180583, 0.9120416, 0.4077337)
(1.182391, 0.9206366, 0.4206983)
(1.182455, 0.9251463, 0.4279243)
(1.182329, 0.9224854, 0.4293656)
(1.18348, 0.9187091, 0.4313774)
(1.184234, 0.9111121, 0.429112)
(1.184583, 0.9045707, 0.4272069)
(1.186, 0.9019156, 0.4295675)
(1.188198, 0.9002209, 0.4321797)
(1.190534, 0.8985299, 0.4341134)
(1.192285, 0.8959121, 0.4353354)
(1.1932, 0.8928596, 0.4363041)
(1.193658, 0.8899769, 0.4369219)
(1.194148, 0.8787175, 0.428238)
(1.195647, 0.8750562, 0.4281757)
(1.196759, 0.8725016, 0.428543)
(1.197976, 0.8668367, 0.4254412)
(1.198819, 0.8683624, 0.4299547)
(1.199389, 0.8705723, 0.4346482)
(1.199938, 0.8677632, 0.433751)
(1.200471, 0.8648577, 0.4340903)
(1.20084, 0.8592166, 0.4317273)
(1.201506, 0.8504314, 0.4260207)
(1.201532, 0.8459972, 0.4245289)
(1.202198, 0.8421944, 0.4232047)
(1.202858, 0.8394681, 0.4225056)
(1.204546, 0.8383278, 0.423186)
(1.205553, 0.8378265, 0.4249893)
(1.205951, 0.8356938, 0.4257963)
(1.20638, 0.8322064, 0.4251799)
