(-0.1318016, 1.38847, -0.1587667)
(-0.1318016, 1.38847, -0.1587667)
(-0.1325264, 1.388276, -0.1580899)
(-0.1331742, 1.388067, -0.157429)
(-0.1338413, 1.387912, -0.1566489)
(-0.1344955, 1.387815, -0.1559637)
(-0.1352487, 1.38782, -0.1551561)
(-0.13696, 1.387674, -0.1537018)
(-0.137728, 1.387619, -0.1528165)
(-0.137728, 1.387619, -0.1528165)
(-0.1395719, 1.387249, -0.1511276)
(-0.1405923, 1.386966, -0.1503642)
(-0.1415923, 1.386747, -0.1494973)
(-0.1415923, 1.386747, -0.1494973)
(-0.1425452, 1.38655, -0.148602)
(-0.143549, 1.386401, -0.1477289)
(-0.1445539, 1.386212, -0.1468897)
(-0.1456292, 1.386049, -0.146127)
(-0.1468117, 1.385947, -0.1452487)
(-0.1479728, 1.385806, -0.1443713)
(-0.1491144, 1.385628, -0.1433864)
(-0.1504986, 1.385463, -0.1424286)
(-0.1517675, 1.385195, -0.1414001)
(-0.152921, 1.384986, -0.1405392)
(-0.1541169, 1.384997, -0.1395681)
(-0.1553082, 1.385003, -0.1386368)
(-0.1565349, 1.385201, -0.1376729)
(-0.1588938, 1.385286, -0.1357808)
(-0.1599724, 1.385315, -0.1349514)
(-0.1599724, 1.385315, -0.1349514)
(-0.1621068, 1.385294, -0.1329796)
(-0.1621068, 1.385294, -0.1329796)
(-0.1631927, 1.38526, -0.1319945)
(-0.1643083, 1.385185, -0.1310749)
(-0.1665781, 1.385026, -0.1292813)
(-0.1665781, 1.385026, -0.1292813)
(-0.1689453, 1.385158, -0.1274855)
(-0.1700718, 1.385129, -0.1267076)
(-0.1712081, 1.38512, -0.1258492)
(-0.1723726, 1.385147, -0.1250894)
(-0.1723726, 1.385147, -0.1250894)
(-0.1734803, 1.38512, -0.1243463)
(-0.1745126, 1.384985, -0.1236672)
(-0.1756101, 1.384767, -0.1227694)
(-0.1766121, 1.384666, -0.1220522)
(-0.1786144, 1.384433, -0.1205397)
(-0.1795871, 1.384415, -0.119921)
(-0.180717, 1.384513, -0.1191199)
(-0.1816576, 1.384609, -0.1184523)
(-0.1827562, 1.384619, -0.1176074)
(-0.1827562, 1.384619, -0.1176074)
(-0.1836383, 1.384655, -0.116693)
(-0.1845949, 1.384655, -0.1159048)
(-0.1855409, 1.38462, -0.1150086)
(-0.1872702, 1.384478, -0.1133802)
(-0.1872702, 1.384478, -0.1133802)
(-0.1891594, 1.384186, -0.1116719)
(-0.1902077, 1.384122, -0.1108325)
(-0.1912856, 1.383968, -0.1098859)
(-0.1912856, 1.383968, -0.1098859)
(-0.1924009, 1.383698, -0.109092)
(-0.1935306, 1.383412, -0.1082983)
(-0.194649, 1.383276, -0.1076121)
(-0.1958556, 1.383265, -0.106741)
(-0.1985459, 1.383205, -0.1053145)
(-0.1997204, 1.383156, -0.1045196)
(-0.2011721, 1.383002, -0.1038084)
(-0.2028151, 1.382881, -0.102993)
(-0.2028151, 1.382881, -0.102993)
(-0.2058692, 1.382748, -0.1014259)
(-0.207571, 1.382474, -0.1007595)
(-0.207571, 1.382474, -0.1007595)
(-0.2110326, 1.382008, -0.09940195)
(-0.212693, 1.381883, -0.09861827)
(-0.2142243, 1.381652, -0.09800768)
(-0.215692, 1.381452, -0.09720874)
(-0.2174559, 1.38136, -0.0964644)
(-0.2174559, 1.38136, -0.0964644)
(-0.2192366, 1.381233, -0.09572768)
(-0.222955, 1.381096, -0.09432626)
(-0.224663, 1.380909, -0.09356856)
(-0.2263627, 1.38075, -0.09283662)
(-0.2278879, 1.380628, -0.09207082)
(-0.2293234, 1.380587, -0.09152222)
(-0.2303426, 1.380421, -0.09080887)
(-0.2315421, 1.380444, -0.09003282)
(-0.2315421, 1.380444, -0.09003282)
(-0.2325752, 1.380366, -0.08903503)
(-0.2336664, 1.379896, -0.08796692)
(-0.2345626, 1.379654, -0.08688116)
(-0.2357423, 1.379703, -0.08575177)
(-0.2364235, 1.379631, -0.08475804)
(-0.236937, 1.379733, -0.08388019)
(-0.2376149, 1.380107, -0.08188367)
(-0.2379329, 1.380046, -0.08060169)
(-0.2380719, 1.380184, -0.07931042)
(-0.2380719, 1.380184, -0.07931042)
(-0.2385232, 1.380348, -0.07793331)
(-0.2389677, 1.380722, -0.07640195)
(-0.2397716, 1.381205, -0.07328129)
(-0.240052, 1.381501, -0.07150364)
(-0.2401013, 1.381762, -0.06961703)
(-0.2401659, 1.382023, -0.06782818)
(-0.2401307, 1.382139, -0.06594896)
(-0.2400656, 1.382205, -0.06359696)
(-0.2400656, 1.382205, -0.06359696)
(-0.2398791, 1.382213, -0.06146026)
(-0.2398789, 1.382053, -0.05919313)
(-0.2397661, 1.38184, -0.05692768)
(-0.2394598, 1.381091, -0.05185056)
(-0.2392168, 1.380584, -0.04927564)
(-0.2389269, 1.380116, -0.04664803)
(-0.238616, 1.379607, -0.04405594)
(-0.2383282, 1.378813, -0.04097748)
(-0.2383282, 1.378813, -0.04097748)
(-0.2381861, 1.377987, -0.03796148)
(-0.2380142, 1.377183, -0.03478646)
(-0.2372386, 1.375499, -0.02839041)
(-0.2369983, 1.374582, -0.02514148)
(-0.2368417, 1.373682, -0.02156425)
(-0.2364795, 1.372653, -0.01796532)
(-0.2364795, 1.372653, -0.01796532)
(-0.2353449, 1.370926, -0.009871721)
(-0.2353449, 1.370926, -0.009871721)
(-0.2346172, 1.370238, -0.005766869)
(-0.2338476, 1.369507, -0.001376629)
(-0.2330716, 1.368651, 0.002778053)
(-0.2324479, 1.367835, 0.007532358)
(-0.2317588, 1.367387, 0.01235223)
(-0.2302804, 1.367175, 0.02267027)
(-0.2291217, 1.367909, 0.02887297)
(-0.2278352, 1.368399, 0.03513217)
(-0.2278352, 1.368399, 0.03513217)
(-0.226738, 1.369252, 0.04138589)
(-0.2255263, 1.370419, 0.0474236)
(-0.2242997, 1.371547, 0.05326605)
(-0.2217224, 1.376342, 0.06527543)
(-0.2200253, 1.379261, 0.07108951)
(-0.2184646, 1.383193, 0.0771265)
(-0.216718, 1.387254, 0.08318973)
(-0.2146976, 1.39208, 0.08893728)
(-0.2126904, 1.397444, 0.09548283)
(-0.2126904, 1.397444, 0.09548283)
(-0.2107332, 1.40278, 0.101573)
(-0.208581, 1.407445, 0.1072648)
(-0.2047467, 1.417906, 0.1187592)
(-0.2030897, 1.422774, 0.1245954)
(-0.2030897, 1.422774, 0.1245954)
(-0.2000008, 1.431494, 0.1348481)
(-0.1990361, 1.435553, 0.140156)
(-0.1974792, 1.439919, 0.1447251)
(-0.1974792, 1.439919, 0.1447251)
(-0.1966617, 1.443188, 0.1493275)
(-0.1960022, 1.446879, 0.1541522)
(-0.1943667, 1.453238, 0.1622963)
(-0.1939237, 1.456316, 0.1664565)
(-0.1939237, 1.456316, 0.1664565)
(-0.1924636, 1.462221, 0.1734133)
(-0.1919012, 1.465156, 0.1771047)
(-0.1914396, 1.468256, 0.1810892)
(-0.1914396, 1.468256, 0.1810892)
(-0.1911469, 1.470974, 0.184423)
(-0.1909406, 1.473761, 0.1879802)
(-0.1907363, 1.478663, 0.1953242)
(-0.1905417, 1.481001, 0.1990047)
(-0.1908188, 1.482857, 0.2027824)
(-0.1907859, 1.484759, 0.2064409)
(-0.1905429, 1.486595, 0.2100705)
(-0.1903868, 1.488469, 0.2139931)
(-0.1903868, 1.488469, 0.2139931)
(-0.1903336, 1.490079, 0.2176346)
(-0.1903353, 1.491655, 0.2212555)
(-0.1902723, 1.49447, 0.2288265)
(-0.1904333, 1.494877, 0.2327421)
(-0.1907024, 1.495673, 0.2365038)
(-0.1908872, 1.496104, 0.2403344)
(-0.1910493, 1.496584, 0.2441654)
(-0.1911926, 1.496971, 0.2483618)
(-0.1911926, 1.496971, 0.2483618)
(-0.1914229, 1.496785, 0.2559177)
(-0.1914229, 1.496785, 0.2559177)
(-0.1919355, 1.49637, 0.2638408)
(-0.1922138, 1.495553, 0.2677512)
(-0.1926255, 1.49507, 0.2716969)
(-0.1931305, 1.494478, 0.2757792)
(-0.1937375, 1.493498, 0.2796797)
(-0.194608, 1.492608, 0.2835442)
(-0.1952987, 1.491812, 0.2882744)
(-0.1952987, 1.491812, 0.2882744)
(-0.1959362, 1.491017, 0.29232)
(-0.1968722, 1.489985, 0.2966748)
(-0.1976085, 1.489269, 0.3014414)
(-0.198344, 1.488387, 0.3056722)
(-0.2006798, 1.487059, 0.3142636)
(-0.2019045, 1.487078, 0.3188465)
(-0.2027433, 1.486727, 0.3228468)
(-0.2040491, 1.487445, 0.3282259)
(-0.2040491, 1.487445, 0.3282259)
(-0.2053256, 1.488027, 0.3324735)
(-0.2068179, 1.488651, 0.337512)
(-0.2083194, 1.489798, 0.3427563)
(-0.2094004, 1.491588, 0.3475521)
(-0.2131937, 1.496425, 0.3582461)
(-0.2144668, 1.498319, 0.3631241)
(-0.2165172, 1.502059, 0.3682315)
(-0.2185435, 1.506082, 0.3739938)
(-0.2185435, 1.506082, 0.3739938)
(-0.2203078, 1.509372, 0.3790896)
(-0.2218401, 1.514395, 0.3837166)
(-0.2236631, 1.519503, 0.3886471)
(-0.2254763, 1.524401, 0.3935567)
(-0.2273598, 1.52928, 0.3984981)
(-0.2292879, 1.533958, 0.4036123)
(-0.2328539, 1.543052, 0.4130956)
(-0.2345986, 1.547504, 0.418028)
(-0.2345986, 1.547504, 0.418028)
(-0.235981, 1.551432, 0.4225717)
(-0.2378964, 1.559462, 0.4302838)
(-0.2388849, 1.563084, 0.4340073)
(-0.2392697, 1.566585, 0.4370499)
(-0.2396483, 1.56971, 0.4400073)
(-0.2405541, 1.573225, 0.4434587)
(-0.2406697, 1.576433, 0.4460756)
(-0.2409029, 1.579666, 0.4488728)
(-0.2412527, 1.583267, 0.4519002)
(-0.2412527, 1.583267, 0.4519002)
(-0.2412384, 1.586506, 0.4544413)
(-0.2412906, 1.589449, 0.4567224)
(-0.2415669, 1.592329, 0.4591373)
(-0.2416902, 1.594893, 0.4615304)
(-0.2418442, 1.597512, 0.4637077)
(-0.2422891, 1.59999, 0.4662058)
(-0.2427397, 1.604168, 0.4699872)
(-0.2427397, 1.604168, 0.4699872)
(-0.2430553, 1.60652, 0.4723644)
(-0.2432528, 1.608544, 0.4742992)
(-0.2433374, 1.612281, 0.4777057)
(-0.2433374, 1.612281, 0.4777057)
(-0.2430487, 1.615556, 0.4809707)
(-0.243088, 1.617309, 0.4827454)
(-0.2430787, 1.618603, 0.4844834)
(-0.2429874, 1.619972, 0.4859776)
(-0.2433062, 1.621404, 0.4883033)
(-0.2433062, 1.621404, 0.4883033)
(-0.2433772, 1.622604, 0.4900315)
(-0.2435768, 1.624542, 0.4931831)
(-0.243453, 1.625547, 0.4949831)
(-0.2434201, 1.626015, 0.4964422)
(-0.2434666, 1.626681, 0.4979572)
(-0.243305, 1.627125, 0.4994246)
(-0.2431145, 1.627503, 0.5006305)
(-0.2428193, 1.628054, 0.5024749)
(-0.2428193, 1.628054, 0.5024749)
(-0.2427888, 1.628197, 0.5038146)
(-0.2426376, 1.628253, 0.5048772)
(-0.2421346, 1.628164, 0.507364)
(-0.241724, 1.62802, 0.5081027)
(-0.2414451, 1.628085, 0.5092376)
(-0.2408969, 1.627991, 0.5100528)
(-0.2402904, 1.627859, 0.5107343)
(-0.2395828, 1.627711, 0.5117276)
(-0.2395828, 1.627711, 0.5117276)
(-0.2390614, 1.627288, 0.5126607)
(-0.238272, 1.62679, 0.5133383)
(-0.2372699, 1.626138, 0.5141548)
(-0.2356257, 1.62463, 0.515987)
(-0.2356257, 1.62463, 0.515987)
(-0.2348571, 1.624272, 0.517024)
(-0.2333674, 1.62437, 0.5192257)
(-0.2327728, 1.625573, 0.5205753)
(-0.2321362, 1.626141, 0.5219994)
(-0.2321362, 1.626141, 0.5219994)
(-0.2313914, 1.626735, 0.523283)
(-0.2298431, 1.626305, 0.5263815)
(-0.2293394, 1.62544, 0.5281324)
(-0.2287767, 1.624493, 0.5297093)
(-0.2284069, 1.623615, 0.5310729)
(-0.2281425, 1.622698, 0.53251)
(-0.2278068, 1.622042, 0.5338593)
(-0.2270467, 1.621342, 0.535583)
(-0.2270467, 1.621342, 0.535583)
(-0.2256165, 1.620037, 0.5380182)
(-0.2248585, 1.619267, 0.5392138)
(-0.2241764, 1.618598, 0.540331)
(-0.2235699, 1.617947, 0.5414114)
(-0.2229843, 1.617361, 0.5424926)
(-0.2226739, 1.616427, 0.5434928)
(-0.2223172, 1.615994, 0.5442586)
(-0.2219076, 1.615505, 0.5452473)
(-0.2219076, 1.615505, 0.5452473)
(-0.2215505, 1.614917, 0.5460985)
(-0.2207773, 1.614044, 0.5474854)
(-0.220391, 1.613486, 0.5481639)
(-0.2199841, 1.613075, 0.5487977)
