(0.1435232, -0.137285, -0.09869182)
(0.1435128, -0.137274, -0.09869516)
(0.1433791, -0.1372921, -0.09870476)
(0.1433841, -0.1372699, -0.09861332)
(0.1433378, -0.1373023, -0.09864968)
(0.1432023, -0.137127, -0.09849656)
(0.1432055, -0.1371368, -0.09847963)
(0.1431782, -0.1371446, -0.09850603)
(0.1433543, -0.1372433, -0.09882057)
(0.1433046, -0.1370209, -0.09874082)
(0.1433384, -0.1371144, -0.09885949)
(0.1433314, -0.1369518, -0.09895957)
(0.143352, -0.1368823, -0.09886175)
(0.1432635, -0.136884, -0.09894645)
(0.1429446, -0.136891, -0.09851611)
(0.1429417, -0.1368998, -0.09852082)
(0.1431776, -0.1370193, -0.09856397)
(0.1434556, -0.1372521, -0.09861028)
(0.1434426, -0.1372913, -0.09865689)
(0.1433547, -0.137255, -0.0986312)
(0.1433448, -0.1370765, -0.09877408)
(0.1433399, -0.1370728, -0.09878671)
(0.1433727, -0.1370803, -0.09880024)
(0.1433767, -0.1370393, -0.09870762)
(0.1434368, -0.1370414, -0.0986563)
(0.1434413, -0.1369874, -0.09860688)
(0.1436479, -0.1371504, -0.09871852)
(0.1435111, -0.1370193, -0.09857816)
(0.1434717, -0.1369747, -0.09853572)
(0.1433331, -0.1369632, -0.09872258)
(0.1433262, -0.1369648, -0.09874946)
(0.1433964, -0.1369548, -0.0987342)
(0.1433176, -0.1371945, -0.09837741)
(0.143263, -0.1372256, -0.09842682)
(0.1432993, -0.1372869, -0.09843904)
(0.1433283, -0.1373433, -0.09866828)
(0.1432626, -0.13717, -0.0985288)
(0.1432631, -0.1371367, -0.09847701)
(0.1433445, -0.136941, -0.09848237)
(0.1433405, -0.1369593, -0.09854889)
(0.1433249, -0.1369811, -0.09855819)
(0.1433311, -0.1368496, -0.0986203)
(0.1433895, -0.1368388, -0.09855962)
(0.1434371, -0.1368904, -0.09861451)
(0.1433258, -0.1370199, -0.09849948)
(0.1433094, -0.1370382, -0.09852409)
(0.1432314, -0.1370833, -0.09858572)
(0.1430889, -0.1369007, -0.09864807)
(0.1430979, -0.1368836, -0.09859139)
(0.1430931, -0.136879, -0.09860182)
(0.143057, -0.136708, -0.09841013)
(0.1430659, -0.1366946, -0.09838402)
(0.1431012, -0.1366502, -0.09830856)
(0.1432377, -0.1366673, -0.09826195)
(0.1432899, -0.1366688, -0.09821963)
(0.1432241, -0.1367313, -0.0983116)
(0.1429404, -0.1368099, -0.09806329)
(0.1428673, -0.1367586, -0.0980016)
(0.1428773, -0.136772, -0.0979616)
(0.1428707, -0.136794, -0.09785801)
(0.1428514, -0.1368027, -0.09784698)
(0.1428581, -0.1368144, -0.09781522)
(0.1430438, -0.1366283, -0.09800065)
(0.1430131, -0.1366246, -0.09802979)
(0.143031, -0.1366838, -0.09809071)
(0.14292, -0.136525, -0.09803998)
(0.1429018, -0.1364791, -0.09797364)
(0.1428624, -0.1364737, -0.09798574)
(0.1428986, -0.1364155, -0.09795916)
(0.1428818, -0.1364088, -0.09795058)
(0.1427667, -0.1363719, -0.09796596)
(0.1425613, -0.1362753, -0.09787333)
(0.1425726, -0.1362628, -0.09781098)
(0.1426653, -0.1362524, -0.09776169)
(0.1428813, -0.1363401, -0.09777385)
(0.1429204, -0.1364006, -0.09782803)
(0.1429162, -0.136412, -0.09782767)
(0.1425298, -0.1364968, -0.09759063)
(0.1425098, -0.1365128, -0.09757358)
(0.1423893, -0.136502, -0.09754074)
(0.1423992, -0.1365893, -0.09774363)
(0.1423956, -0.1366019, -0.09769094)
(0.1424748, -0.136636, -0.0976491)
(0.1426997, -0.1365349, -0.09784001)
(0.1426939, -0.1365299, -0.09781331)
(0.1427282, -0.1365341, -0.09780127)
(0.1426264, -0.1365118, -0.09775734)
(0.1426101, -0.1365397, -0.0977782)
(0.1426463, -0.1365528, -0.09775257)
(0.1427583, -0.1367178, -0.09782016)
(0.1427054, -0.1366395, -0.0977807)
(0.1426716, -0.1365803, -0.09770221)
(0.1428318, -0.1364766, -0.0978229)
(0.1429151, -0.136517, -0.0977878)
(0.1429144, -0.1365383, -0.09779149)
(0.1430202, -0.1366861, -0.09787685)
(0.1429889, -0.1367017, -0.0979017)
(0.1429791, -0.1367183, -0.09794056)
(0.142935, -0.1366193, -0.0980472)
(0.1429027, -0.1366187, -0.09808844)
(0.1428756, -0.1366072, -0.09809846)
(0.1427269, -0.1363678, -0.09798366)
(0.1426675, -0.1363335, -0.0980168)
(0.142689, -0.1363213, -0.09800828)
(0.1427395, -0.1362969, -0.09816349)
(0.1426768, -0.1362662, -0.09819382)
(0.1425762, -0.1361765, -0.09814572)
(0.1424304, -0.1362017, -0.09814548)
(0.1422956, -0.1362026, -0.09809136)
(0.1420745, -0.1361647, -0.09812212)
(0.1418207, -0.1363642, -0.09829187)
(0.1417011, -0.1363406, -0.0983215)
(0.1416211, -0.136336, -0.09833229)
(0.1418149, -0.1362714, -0.09863847)
(0.1416808, -0.136263, -0.0987125)
(0.1416153, -0.1362617, -0.09870762)
(0.1415446, -0.1363157, -0.09870154)
(0.1414136, -0.1362368, -0.09855986)
(0.1411982, -0.1362202, -0.09858155)
(0.1410233, -0.1362832, -0.09881943)
(0.1409554, -0.1363074, -0.09882903)
(0.1409023, -0.1363708, -0.09869152)
(0.140592, -0.1365768, -0.0982517)
(0.1405836, -0.1366072, -0.09790456)
(0.1405636, -0.1367288, -0.09771657)
(0.1406096, -0.1368481, -0.0980311)
(0.1407923, -0.1368989, -0.09809101)
(0.1409048, -0.1370306, -0.09817481)
(0.1411726, -0.137091, -0.09829342)
(0.1413072, -0.1371409, -0.09814358)
(0.1414186, -0.1370648, -0.09788883)
(0.1417239, -0.1371802, -0.09783971)
(0.141709, -0.1370873, -0.09777552)
(0.1416687, -0.1369048, -0.09764224)
(0.1418973, -0.136974, -0.09731168)
(0.1419789, -0.1368676, -0.09644371)
(0.1422318, -0.1368167, -0.09571278)
(0.1422426, -0.1362869, -0.0947057)
(0.1426488, -0.1359121, -0.09410226)
(0.143043, -0.1351094, -0.0925588)
(0.1431397, -0.1343015, -0.09051114)
(0.1431597, -0.1323551, -0.08921903)
(0.1434354, -0.1271245, -0.08905125)
(0.1450142, -0.1228731, -0.08723474)
(0.146865, -0.1186912, -0.08546662)
(0.1496487, -0.1137929, -0.08571994)
(0.1515542, -0.1088234, -0.08445972)
(0.1533512, -0.102672, -0.08340228)
(0.155049, -0.09717095, -0.0818612)
(0.1565808, -0.0918653, -0.0803057)
(0.1586069, -0.08623838, -0.07860094)
(0.1608444, -0.08063984, -0.07653809)
(0.1629796, -0.07437301, -0.07378155)
(0.1649172, -0.06610715, -0.06930935)
(0.1675828, -0.0605402, -0.06546396)
(0.1693033, -0.05363405, -0.05975795)
(0.1717089, -0.04915094, -0.05567026)
(0.173823, -0.04573941, -0.05117732)
(0.1755861, -0.04022515, -0.04596925)
(0.1773384, -0.03798723, -0.04070801)
(0.1787951, -0.03623843, -0.03506887)
(0.180709, -0.03366613, -0.02905691)
(0.1824449, -0.03264749, -0.02191579)
(0.183973, -0.03212559, -0.01470721)
(0.1862926, -0.03135657, -0.008581817)
(0.187633, -0.03163195, -0.0007603168)
(0.1890643, -0.03241789, 0.00756079)
(0.1903689, -0.03340638, 0.01532251)
(0.1926147, -0.03693044, 0.02198273)
(0.1933856, -0.03902686, 0.03107685)
(0.1947824, -0.04186881, 0.03911507)
(0.1962837, -0.04460883, 0.04737085)
(0.1976813, -0.04726851, 0.0541907)
(0.1978936, -0.04929781, 0.06078553)
(0.1984723, -0.05090821, 0.06673753)
(0.1992189, -0.0519743, 0.07188296)
(0.1988416, -0.05441856, 0.07768804)
(0.1988879, -0.05579209, 0.08079672)
(0.1994191, -0.05772722, 0.08347243)
(0.1989285, -0.06144345, 0.08661437)
(0.199423, -0.06543326, 0.08927697)
(0.2007015, -0.06970274, 0.09103161)
(0.2012304, -0.07299447, 0.09281009)
(0.2030933, -0.0764221, 0.09407234)
(0.202814, -0.06828439, 0.09505314)
(0.2019995, -0.068138, 0.09333456)
(0.2012932, -0.06646252, 0.09299099)
(0.2011199, -0.06877446, 0.08737397)
(0.2014897, -0.06896555, 0.08661932)
(0.2019826, -0.06988871, 0.08995312)
(0.2024759, -0.07017481, 0.0931673)
(0.2022129, -0.06960535, 0.09611142)
(0.2036289, -0.06979561, 0.09832752)
(0.2047775, -0.06973541, 0.09928709)
(0.2043142, -0.06846607, 0.09833032)
(0.2051853, -0.06788611, 0.0979476)
(0.2046201, -0.06741595, 0.09698212)
(0.2039856, -0.06704283, 0.09688926)
(0.2029548, -0.06711972, 0.09792376)
(0.2044857, -0.06944191, 0.09682554)
(0.2052128, -0.06919003, 0.0980559)
(0.2061498, -0.06859863, 0.09941268)
(0.2072275, -0.0680939, 0.099814)
(0.2078872, -0.06739175, 0.1007478)
(0.2078991, -0.06694484, 0.1015208)
(0.2077034, -0.06676817, 0.1026232)
(0.2075468, -0.06644917, 0.1041803)
(0.2078363, -0.0658145, 0.1063573)
(0.2088178, -0.06505632, 0.1083097)
(0.2096453, -0.06357622, 0.1102741)
(0.2100101, -0.06227517, 0.1126177)
(0.2102793, -0.06133652, 0.1149448)
(0.2102835, -0.05966365, 0.1175557)
(0.2101297, -0.05774951, 0.1200785)
(0.2099369, -0.0558089, 0.1214226)
(0.2101663, -0.05364788, 0.1225505)
(0.2100254, -0.05126286, 0.1252593)
(0.2089874, -0.0487783, 0.1275614)
(0.2073995, -0.04278767, 0.130868)
(0.2063097, -0.03637445, 0.1345007)
(0.2058514, -0.03040612, 0.1375232)
(0.2059083, -0.02430177, 0.1405333)
(0.2060881, -0.01847446, 0.1436142)
(0.2067809, -0.01376021, 0.14584)
(0.2077566, -0.008228064, 0.1480828)
(0.2079324, -0.001522541, 0.1516738)
(0.2078607, 0.004893303, 0.1558079)
(0.2077228, 0.01139283, 0.1610993)
(0.2072932, 0.01825309, 0.1661876)
(0.2073926, 0.02503741, 0.1713896)
(0.2077307, 0.03179491, 0.1771051)
(0.207709, 0.03814113, 0.1823531)
(0.208178, 0.0442121, 0.1879064)
(0.2091552, 0.04926074, 0.1937626)
(0.2097632, 0.05444491, 0.2002124)
(0.2105193, 0.0595634, 0.2071143)
(0.210425, 0.0634793, 0.2152115)
(0.210693, 0.06788957, 0.2229274)
(0.2110296, 0.07273281, 0.2307099)
(0.2119718, 0.07633543, 0.2384754)
(0.2131305, 0.07964957, 0.2460596)
(0.2145373, 0.08288717, 0.2535895)
(0.2159588, 0.0860948, 0.2616284)
(0.2175676, 0.08804953, 0.2691895)
(0.2188931, 0.09072882, 0.2769451)
(0.2201778, 0.09214705, 0.2848282)
(0.2218266, 0.09335673, 0.2927709)
(0.2234067, 0.09468293, 0.3005302)
(0.2250017, 0.0951637, 0.308166)
(0.2265718, 0.09544969, 0.3157778)
(0.2280816, 0.09568137, 0.3232621)
(0.2296501, 0.09556884, 0.3316106)
(0.2309861, 0.09537125, 0.3390752)
(0.2324852, 0.09515929, 0.3462071)
(0.2335078, 0.09529215, 0.353066)
(0.2342992, 0.0953247, 0.359787)
(0.2351589, 0.09437901, 0.3661625)
(0.2366283, 0.09464508, 0.371145)
(0.2374753, 0.09331524, 0.3763949)
(0.2374104, 0.09213763, 0.3815045)
(0.2372634, 0.09116375, 0.3870589)
(0.2374873, 0.08996981, 0.391845)
(0.2366351, 0.08893573, 0.3958681)
(0.2357346, 0.0876013, 0.4004236)
(0.235618, 0.08620399, 0.4041793)
(0.2362196, 0.083938, 0.4069984)
(0.2364055, 0.08162975, 0.4107078)
(0.2375758, 0.07901394, 0.4134225)
(0.2386318, 0.07556558, 0.4155983)
(0.2391292, 0.07125413, 0.419387)
(0.2396276, 0.06729448, 0.4224931)
(0.2404664, 0.0620774, 0.4256209)
(0.2411466, 0.05743361, 0.4290341)
(0.2414708, 0.0526439, 0.4320033)
(0.2399106, 0.04933691, 0.4354587)
(0.2412826, 0.05859256, 0.4287906)
(0.2421556, 0.06374812, 0.4233272)
(0.2391909, 0.0622896, 0.4203529)
(0.2357683, 0.05964684, 0.4228839)
(0.2352871, 0.05774319, 0.4227774)
(0.2363945, 0.0578835, 0.4250097)
(0.2379196, 0.05772603, 0.4267558)
(0.2392919, 0.05639648, 0.4294292)
(0.2402416, 0.05534685, 0.4294336)
(0.240472, 0.05650544, 0.427294)
(0.2396307, 0.05664575, 0.426569)
(0.2380747, 0.05700028, 0.4261662)
(0.2382808, 0.05745828, 0.4256679)
(0.2393147, 0.05774999, 0.4263264)
(0.2400879, 0.05732286, 0.427513)
(0.2404629, 0.05715716, 0.428422)
(0.2402239, 0.05712843, 0.4289762)
(0.2395872, 0.05764437, 0.4288039)
(0.2392811, 0.05843222, 0.4285663)
(0.2389189, 0.05892885, 0.4293301)
(0.2392153, 0.05907285, 0.4304467)
(0.2398928, 0.05942202, 0.4314653)
(0.2400271, 0.05941093, 0.4330907)
(0.239688, 0.05929053, 0.4347355)
(0.2397026, 0.05939305, 0.4362553)
(0.2397928, 0.05984414, 0.4372635)
(0.2402909, 0.06164765, 0.4387015)
(0.2407037, 0.0640893, 0.4400215)
(0.2408531, 0.06669486, 0.4413949)
(0.2407624, 0.0713774, 0.4422004)
(0.2410446, 0.07530236, 0.4435462)
(0.2413259, 0.07890177, 0.4449182)
(0.2408983, 0.08293271, 0.4446437)
(0.2396455, 0.08576083, 0.4443613)
(0.2382625, 0.08943212, 0.4436866)
(0.2367841, 0.09378636, 0.4431118)
(0.2352011, 0.09800291, 0.4431341)
(0.2339311, 0.1027337, 0.4433558)
(0.2334449, 0.1077026, 0.4438864)
(0.2333992, 0.1126723, 0.4444208)
(0.23391, 0.1176531, 0.4461862)
(0.2343993, 0.1219662, 0.4478496)
(0.2348568, 0.1262946, 0.4493097)
(0.2363141, 0.1294461, 0.4527968)
(0.2375755, 0.1321838, 0.4559231)
(0.2382276, 0.1352038, 0.4582825)
(0.2392714, 0.1378412, 0.4613763)
(0.2400318, 0.1397454, 0.4654423)
(0.2411799, 0.1424965, 0.4689488)
(0.2416371, 0.1439362, 0.4729227)
(0.2420815, 0.1451491, 0.4763894)
(0.2423143, 0.1464432, 0.4797306)
(0.2424439, 0.1473107, 0.4838396)
(0.2425261, 0.1481528, 0.4878471)
(0.2422553, 0.1488767, 0.4917225)
(0.2420981, 0.1495699, 0.4956468)
(0.2418907, 0.149873, 0.4996144)
(0.2418789, 0.1498385, 0.5042602)
(0.2419794, 0.1503116, 0.5084996)
(0.2420627, 0.1505527, 0.512547)
(0.2416977, 0.1500258, 0.517051)
(0.2414153, 0.1492886, 0.5207405)
(0.2409277, 0.1487043, 0.5243371)
(0.2407925, 0.1479664, 0.5280273)
(0.2411212, 0.1471754, 0.5315564)
(0.2416735, 0.1462268, 0.5352362)
(0.2422535, 0.1451825, 0.5393794)
(0.2428591, 0.1442277, 0.5432111)
(0.2434376, 0.1427686, 0.5467765)
(0.244556, 0.1411238, 0.5505444)
(0.2457894, 0.1395901, 0.5542561)
(0.2468187, 0.1381401, 0.5574872)
(0.2478538, 0.1367654, 0.5607297)
(0.2486575, 0.1354821, 0.5638417)
(0.2492907, 0.1339228, 0.5665463)
(0.24976, 0.1319642, 0.5694474)
(0.2505884, 0.1300931, 0.5722523)
(0.2515256, 0.127522, 0.575024)
(0.2523589, 0.124042, 0.5780703)
(0.2533419, 0.1194054, 0.5817482)
(0.2559545, 0.1132083, 0.586432)
(0.2551832, 0.1218779, 0.5868427)
(0.2516366, 0.1233175, 0.5809776)
(0.2513263, 0.1234574, 0.5744634)
(0.2489703, 0.1240495, 0.5731292)
(0.2485553, 0.1236176, 0.5731893)
(0.2503384, 0.1237658, 0.5768194)
(0.2507416, 0.1234614, 0.5802957)
(0.2510705, 0.1225827, 0.5816233)
(0.2506387, 0.1218392, 0.5826585)
(0.2498275, 0.1224279, 0.5816964)
(0.249467, 0.1226027, 0.5806439)
(0.2495297, 0.1228706, 0.5798032)
(0.2494949, 0.1231834, 0.5791366)
(0.2496197, 0.1232274, 0.5793194)
(0.2496524, 0.1230707, 0.5799711)
(0.2502856, 0.1229025, 0.5801483)
(0.2503158, 0.122656, 0.5805672)
(0.2499603, 0.1226183, 0.5804378)
(0.2497017, 0.1229002, 0.5800419)
(0.2495707, 0.122923, 0.5797932)
(0.2496015, 0.122965, 0.5798393)
(0.2496154, 0.1229935, 0.5799284)
(0.2495091, 0.122999, 0.5802689)
(0.2493174, 0.1230109, 0.580483)
(0.2494456, 0.1229031, 0.5802906)
(0.2493289, 0.1229515, 0.5802897)
(0.2490834, 0.1230484, 0.5802957)
(0.2490593, 0.123166, 0.5803491)
(0.2488322, 0.1231388, 0.5804634)
(0.2486087, 0.1232172, 0.5805809)
(0.2485827, 0.1231167, 0.5802521)
(0.2485031, 0.1231306, 0.5803047)
(0.2483524, 0.1232123, 0.5803628)
(0.248166, 0.1231184, 0.5802629)
(0.2479522, 0.1231945, 0.580338)
(0.2477591, 0.1232231, 0.5803962)
(0.2475271, 0.1229427, 0.5804337)
(0.247396, 0.1229497, 0.5805061)
(0.2474221, 0.1229453, 0.5806167)
(0.2474422, 0.1228412, 0.5804089)
(0.2474445, 0.1228812, 0.580402)
(0.2474717, 0.1229033, 0.5804535)
(0.2476761, 0.1227828, 0.5800776)
(0.2476336, 0.1229581, 0.5800385)
(0.2475513, 0.1231933, 0.5799392)
(0.2473761, 0.1235403, 0.5800223)
(0.2472827, 0.1238431, 0.5800062)
(0.2470837, 0.1241032, 0.5799978)
(0.2470906, 0.124184, 0.5797125)
(0.2468936, 0.1246033, 0.5796522)
(0.2464782, 0.1250025, 0.5794903)
(0.2458476, 0.1254082, 0.5792611)
(0.2453724, 0.1257955, 0.5791304)
(0.2452546, 0.1262786, 0.5786482)
(0.2452207, 0.1273462, 0.577462)
(0.2446826, 0.128648, 0.5757867)
(0.243365, 0.1296066, 0.5735784)
(0.2421917, 0.1300385, 0.5713092)
(0.2390962, 0.1303841, 0.5671152)
(0.2349801, 0.1309381, 0.5604154)
(0.2324309, 0.1323831, 0.5524168)
(0.2305434, 0.1347967, 0.5445956)
(0.2298096, 0.1382036, 0.53538)
(0.2280436, 0.1400046, 0.5258756)
(0.2257318, 0.1423882, 0.5177761)
(0.2238795, 0.1437639, 0.5084634)
(0.2232279, 0.1448959, 0.50003)
(0.2228369, 0.1464896, 0.4916161)
(0.2225361, 0.1477057, 0.4832631)
(0.2224207, 0.1488212, 0.4754461)
(0.2225944, 0.1495818, 0.4676435)
(0.221903, 0.1504712, 0.4596421)
(0.2217103, 0.1518682, 0.4513092)
(0.2213032, 0.1522608, 0.4443394)
(0.2215768, 0.1520889, 0.4366817)
(0.2217511, 0.151853, 0.4294171)
(0.2216955, 0.1511506, 0.4225184)
(0.2220144, 0.149292, 0.4158366)
(0.2223225, 0.148206, 0.4099796)
(0.2226229, 0.1466348, 0.4042838)
(0.2231865, 0.1450468, 0.3997549)
(0.2240185, 0.1433018, 0.3961186)
(0.2248127, 0.1406742, 0.3928525)
(0.2255962, 0.1374864, 0.3898914)
(0.2261273, 0.1343969, 0.3868989)
(0.2265391, 0.1314068, 0.3835743)
(0.2268512, 0.1260592, 0.3828208)
(0.2271045, 0.121747, 0.381568)
(0.2274443, 0.1177328, 0.3805879)
