(-0.2076418, 0.7887982, 0.1223429)
(-0.2079388, 0.7887787, 0.1225799)
(-0.2084594, 0.7887707, 0.1227124)
(-0.2089753, 0.7887495, 0.1227044)
(-0.2096217, 0.7888488, 0.1228007)
(-0.2103105, 0.7887368, 0.122978)
(-0.2108814, 0.7887166, 0.1229943)
(-0.2115426, 0.7887055, 0.1231717)
(-0.2121238, 0.7885746, 0.1234044)
(-0.2127241, 0.7884277, 0.1235888)
(-0.2131202, 0.7883165, 0.1239489)
(-0.2137742, 0.7881982, 0.1242006)
(-0.2144337, 0.7881398, 0.1243006)
(-0.2151567, 0.7880816, 0.1244676)
(-0.2158312, 0.787956, 0.1246451)
(-0.2165579, 0.7878471, 0.1248128)
(-0.2172098, 0.7877063, 0.1250851)
(-0.2180517, 0.7874178, 0.1253361)
(-0.2187685, 0.7872937, 0.1255703)
(-0.2194865, 0.7870839, 0.1258037)
(-0.2201513, 0.7868175, 0.1259623)
(-0.221043, 0.786548, 0.1262681)
(-0.2218405, 0.786123, 0.1267786)
(-0.2227319, 0.7858629, 0.1272196)
(-0.2238767, 0.7857659, 0.1276634)
(-0.2246886, 0.7855498, 0.1280483)
(-0.2255113, 0.7851896, 0.1280783)
(-0.2264265, 0.7849207, 0.1281998)
(-0.2271062, 0.7846353, 0.1285602)
(-0.2278913, 0.7843111, 0.1288282)
(-0.2287896, 0.7840171, 0.1292177)
(-0.2297726, 0.7836406, 0.129562)
(-0.2308561, 0.7832419, 0.1300708)
(-0.231936, 0.7829775, 0.1304729)
(-0.2328922, 0.7828767, 0.1307811)
(-0.2338586, 0.7826678, 0.1307777)
(-0.2348795, 0.7824494, 0.1307045)
(-0.2356808, 0.7822306, 0.1306907)
(-0.2365477, 0.7819628, 0.1309836)
(-0.237253, 0.7818483, 0.1312219)
(-0.2380347, 0.7818259, 0.1318269)
(-0.2389123, 0.781761, 0.1323342)
(-0.2397422, 0.7817903, 0.1326985)
(-0.2404612, 0.7817733, 0.132987)
(-0.2411649, 0.7815892, 0.133145)
(-0.2419993, 0.7813153, 0.13351)
(-0.242678, 0.7810022, 0.1338443)
(-0.2435657, 0.780789, 0.1345029)
(-0.244275, 0.780643, 0.1350123)
(-0.2449187, 0.7804569, 0.1352876)
(-0.2453729, 0.7803317, 0.1351329)
(-0.2460799, 0.7802233, 0.1350945)
(-0.2466909, 0.780234, 0.1350681)
(-0.247068, 0.7801328, 0.1350112)
(-0.2475202, 0.7800792, 0.1352297)
(-0.2475548, 0.7799374, 0.1356022)
(-0.2480067, 0.7799277, 0.1359144)
(-0.2484485, 0.7800378, 0.1362787)
(-0.2487534, 0.780105, 0.1366067)
(-0.2491022, 0.7802193, 0.1369249)
(-0.2494924, 0.7803912, 0.1373742)
(-0.249832, 0.7806048, 0.1378072)
(-0.2498989, 0.7807206, 0.1378816)
(-0.250272, 0.7810609, 0.1384044)
(-0.2504888, 0.7813448, 0.1390089)
(-0.2507336, 0.78161, 0.1396604)
(-0.2508545, 0.7818437, 0.1404353)
(-0.2510628, 0.782081, 0.141092)
(-0.2509494, 0.78211, 0.1418065)
(-0.2534797, 0.7850102, 0.1451676)
(-0.2536399, 0.7851928, 0.1459551)
(-0.253577, 0.7855488, 0.1465544)
(-0.2536155, 0.7855831, 0.1474757)
(-0.2536285, 0.7854928, 0.1484853)
(-0.2535262, 0.7854881, 0.1494587)
(-0.2533169, 0.7852023, 0.1505943)
(-0.2528826, 0.7849424, 0.1521466)
(-0.2525249, 0.7847819, 0.1535201)
(-0.2524204, 0.7846223, 0.1549752)
(-0.2523434, 0.7844564, 0.1562004)
(-0.2522161, 0.7843916, 0.1573708)
(-0.2522554, 0.7843028, 0.1586075)
(-0.2520633, 0.7841371, 0.1600964)
(-0.251941, 0.783801, 0.1616705)
(-0.2516825, 0.7835743, 0.1635503)
(-0.2512378, 0.7832258, 0.1655645)
(-0.2508968, 0.7827966, 0.1676964)
(-0.2504234, 0.7823581, 0.1696897)
(-0.2501526, 0.7820421, 0.1715045)
(-0.2500478, 0.7816852, 0.1732546)
(-0.249794, 0.7812949, 0.1751177)
(-0.2495638, 0.7811394, 0.1777308)
(-0.249135, 0.781011, 0.1799213)
(-0.248872, 0.7806743, 0.1826163)
(-0.2486529, 0.7803369, 0.1852044)
(-0.2483441, 0.780023, 0.1877127)
(-0.2479163, 0.7794936, 0.1901947)
(-0.2473503, 0.779002, 0.1930312)
(-0.2468274, 0.7786348, 0.1959001)
(-0.2463071, 0.7783988, 0.1990842)
(-0.2460126, 0.7783859, 0.2024334)
(-0.2458868, 0.7783675, 0.2056633)
(-0.2455658, 0.7784489, 0.2088517)
(-0.2453123, 0.7787243, 0.2120773)
(-0.2452745, 0.7790505, 0.2154322)
(-0.2451764, 0.779589, 0.2189533)
(-0.2448781, 0.7806305, 0.2228466)
(-0.2449031, 0.7820205, 0.2271047)
(-0.2448856, 0.7843139, 0.231331)
(-0.2449906, 0.7878768, 0.2364184)
(-0.2455614, 0.7913027, 0.2411987)
(-0.2460277, 0.7956351, 0.2461523)
(-0.2462649, 0.8005942, 0.2515035)
(-0.2472095, 0.8059944, 0.2576367)
(-0.2474775, 0.8114656, 0.2636397)
(-0.2481208, 0.8184882, 0.2713544)
(-0.2487677, 0.8249947, 0.278928)
(-0.2489451, 0.8318273, 0.2870744)
(-0.2483082, 0.839806, 0.29634)
(-0.2474908, 0.846871, 0.3045887)
(-0.2463309, 0.8540409, 0.3122982)
(-0.2456812, 0.8612093, 0.3200157)
(-0.2447761, 0.8685132, 0.328206)
(-0.2443234, 0.8757585, 0.3366628)
(-0.2436821, 0.8830217, 0.3455014)
(-0.2428168, 0.8907979, 0.3530579)
(-0.242017, 0.8988639, 0.3605269)
(-0.2403545, 0.9078503, 0.3680835)
(-0.2380984, 0.917886, 0.3731813)
(-0.2372023, 0.9291459, 0.3789244)
(-0.2353731, 0.9401145, 0.3847958)
(-0.2342305, 0.9521034, 0.391054)
(-0.2333895, 0.96399, 0.3973978)
(-0.2329314, 0.9761533, 0.4043581)
(-0.2329911, 0.9882371, 0.411588)
(-0.2333282, 1.001572, 0.418968)
(-0.2338977, 1.014766, 0.4262828)
(-0.2350831, 1.03078, 0.4347269)
(-0.2358491, 1.044245, 0.4425958)
(-0.2375408, 1.057759, 0.4507102)
(-0.2388939, 1.071026, 0.4591761)
(-0.2401118, 1.083447, 0.4675962)
(-0.2413158, 1.094539, 0.4764835)
(-0.2421777, 1.106004, 0.4848822)
(-0.2438272, 1.11619, 0.494522)
(-0.2452916, 1.125875, 0.5039757)
(-0.2465123, 1.13569, 0.5143558)
(-0.2484403, 1.144699, 0.5244627)
(-0.2503605, 1.152058, 0.5341853)
(-0.2520458, 1.158978, 0.5437817)
(-0.2542019, 1.16578, 0.5540164)
(-0.2558382, 1.17028, 0.5642583)
(-0.2571707, 1.173939, 0.5742892)
(-0.258692, 1.177052, 0.5847633)
(-0.2600811, 1.179859, 0.5948665)
(-0.2612433, 1.180824, 0.6061381)
(-0.2625433, 1.18239, 0.6167204)
(-0.2637131, 1.182589, 0.6269935)
(-0.2649973, 1.181814, 0.6373882)
(-0.2661192, 1.181421, 0.6474085)
(-0.2671702, 1.178966, 0.6567962)
(-0.2685313, 1.176913, 0.6666633)
(-0.2695059, 1.174435, 0.6756946)
(-0.2705631, 1.172024, 0.6847336)
(-0.2722328, 1.168593, 0.6931686)
(-0.2733731, 1.165936, 0.7001376)
(-0.2744415, 1.163182, 0.7072357)
(-0.2761326, 1.159404, 0.7134106)
(-0.2772295, 1.15652, 0.7189954)
(-0.2781323, 1.153222, 0.7227917)
(-0.2797817, 1.149444, 0.7281525)
(-0.2807937, 1.146475, 0.7323627)
(-0.2819033, 1.143639, 0.7369376)
(-0.2839346, 1.139814, 0.741091)
(-0.2854047, 1.136336, 0.7453868)
(-0.2851493, 1.134809, 0.7474796)
(-0.2819976, 1.136697, 0.7480234)
(-0.2824212, 1.139653, 0.7520592)
(-0.2860839, 1.144402, 0.7577944)
(-0.2903895, 1.145887, 0.7620487)
(-0.2910331, 1.145625, 0.7657417)
(-0.2919815, 1.146301, 0.7694077)
(-0.2921937, 1.147117, 0.7735076)
(-0.2947487, 1.14826, 0.7783857)
(-0.2970598, 1.150181, 0.7821025)
(-0.2992531, 1.153952, 0.7849798)
(-0.3012654, 1.158264, 0.7886646)
(-0.3035557, 1.165112, 0.7933019)
(-0.3054482, 1.170381, 0.7972739)
(-0.306375, 1.174181, 0.8002641)
(-0.3073252, 1.177452, 0.8021919)
(-0.3083463, 1.180411, 0.8042452)
(-0.3101534, 1.184609, 0.8073192)
(-0.3122218, 1.188645, 0.8101404)
(-0.3139741, 1.193128, 0.8122115)
(-0.3158488, 1.197057, 0.8150918)
(-0.3173378, 1.200861, 0.8180382)
(-0.3185854, 1.205019, 0.8204938)
(-0.3198765, 1.208461, 0.8227488)
(-0.3216248, 1.212055, 0.82481)
(-0.3229411, 1.216408, 0.8260308)
(-0.324294, 1.220375, 0.8273847)
(-0.3255385, 1.223855, 0.8288127)
(-0.3260782, 1.227607, 0.829998)
(-0.3265905, 1.230884, 0.8312474)
(-0.3271597, 1.234224, 0.8326344)
(-0.3272228, 1.238095, 0.8334246)
(-0.3277647, 1.241019, 0.8340288)
(-0.3285347, 1.244281, 0.8347674)
(-0.3289842, 1.247373, 0.8350934)
(-0.329761, 1.250542, 0.835728)
(-0.3304881, 1.253249, 0.8364041)
(-0.3308703, 1.256126, 0.8369348)
(-0.3314704, 1.258782, 0.8376761)
(-0.3321618, 1.261491, 0.8385613)
(-0.3322507, 1.263798, 0.838982)
(-0.3325818, 1.266093, 0.8392914)
(-0.3333766, 1.268218, 0.8396497)
(-0.3333681, 1.269964, 0.8394089)
(-0.3337899, 1.271865, 0.8396192)
(-0.3344308, 1.273561, 0.840049)
(-0.3341866, 1.27524, 0.8401831)
(-0.3344467, 1.27683, 0.840696)
(-0.3350863, 1.278393, 0.8414207)
(-0.3349262, 1.279552, 0.8414835)
(-0.3352324, 1.280787, 0.8418523)
(-0.3359833, 1.281887, 0.8424278)
(-0.3360164, 1.28275, 0.8426614)
(-0.3362715, 1.283805, 0.8433332)
(-0.3368226, 1.284747, 0.8442768)
(-0.3367685, 1.285303, 0.8445634)
(-0.3370768, 1.285748, 0.8451099)
(-0.3377836, 1.286048, 0.8454478)
(-0.3376825, 1.285959, 0.845299)
(-0.3381033, 1.285995, 0.8452821)
(-0.3404975, 1.287751, 0.8467889)
(-0.3402877, 1.288023, 0.8471789)
(-0.340471, 1.288427, 0.8476809)
(-0.340565, 1.288756, 0.8484811)
(-0.3405466, 1.288986, 0.8492279)
(-0.3404676, 1.288938, 0.8497242)
(-0.3406198, 1.288931, 0.85049)
(-0.3406749, 1.288757, 0.8507451)
(-0.3409352, 1.288575, 0.8510836)
(-0.3411748, 1.288411, 0.8516104)
(-0.3410844, 1.288147, 0.8526035)
(-0.339628, 1.288494, 0.8540163)
(-0.3399923, 1.289349, 0.8536015)
(-0.3403091, 1.29134, 0.8533521)
(-0.3402267, 1.291617, 0.8528553)
(-0.340282, 1.291384, 0.8531863)
(-0.3388482, 1.291223, 0.8550168)
(-0.3378147, 1.291641, 0.8565087)
(-0.3380444, 1.292726, 0.8567873)
(-0.3385571, 1.294176, 0.8569329)
(-0.3390054, 1.294844, 0.8556807)
(-0.3391526, 1.295682, 0.855119)
(-0.3388295, 1.295647, 0.8548418)
(-0.3381722, 1.295641, 0.8549442)
(-0.3375673, 1.29582, 0.8552091)
(-0.3367758, 1.295909, 0.8556909)
(-0.3364047, 1.296033, 0.8560061)
(-0.3361249, 1.295872, 0.8559117)
(-0.335655, 1.295711, 0.8560507)
(-0.3354722, 1.295613, 0.8561983)
(-0.3355458, 1.295515, 0.8562933)
(-0.3350086, 1.295673, 0.8562596)
(-0.3349847, 1.295728, 0.8564724)
(-0.3350269, 1.295725, 0.8564473)
(-0.334714, 1.295847, 0.8563923)
(-0.3344767, 1.295897, 0.8563983)
(-0.3342344, 1.296111, 0.8565966)
(-0.3337429, 1.296114, 0.8567864)
(-0.3334007, 1.296237, 0.8573217)
(-0.3331262, 1.296405, 0.8577346)
(-0.332818, 1.296427, 0.8579872)
(-0.3327625, 1.296486, 0.8579929)
(-0.3327936, 1.296553, 0.8577874)
(-0.3323916, 1.296673, 0.857352)
(-0.3322104, 1.296883, 0.8572802)
(-0.3316529, 1.296828, 0.8574344)
(-0.3307814, 1.296564, 0.8574886)
(-0.3303739, 1.296609, 0.8577847)
(-0.3300049, 1.296598, 0.85789)
(-0.3294395, 1.296468, 0.857891)
(-0.3291497, 1.296429, 0.8577466)
(-0.3287787, 1.296401, 0.8577723)
(-0.3280938, 1.296379, 0.8575944)
(-0.3277375, 1.296286, 0.8576288)
(-0.3272243, 1.296235, 0.8578346)
(-0.3265657, 1.296111, 0.857837)
(-0.3262708, 1.296283, 0.8580241)
(-0.3258784, 1.296433, 0.8578832)
(-0.3253206, 1.296721, 0.8575692)
(-0.3248692, 1.296866, 0.8572538)
(-0.3242055, 1.296961, 0.8568827)
(-0.3236634, 1.296903, 0.8567349)
(-0.3232229, 1.296974, 0.8567514)
(-0.3226685, 1.296893, 0.8567876)
(-0.3217157, 1.296773, 0.8565899)
(-0.3213497, 1.296853, 0.8566623)
(-0.3206308, 1.296808, 0.8564573)
(-0.3199857, 1.29678, 0.8562841)
(-0.3195452, 1.296809, 0.8561801)
(-0.3188419, 1.296723, 0.8559625)
(-0.3182834, 1.296609, 0.8557884)
(-0.317727, 1.296544, 0.8557014)
(-0.3171571, 1.296497, 0.8556672)
(-0.3162134, 1.296515, 0.8555541)
(-0.3155709, 1.29649, 0.8555585)
(-0.314805, 1.296436, 0.8555408)
(-0.3142362, 1.296368, 0.8555794)
(-0.3136991, 1.296349, 0.8556017)
(-0.3132194, 1.296291, 0.8555682)
(-0.3123283, 1.295945, 0.8554219)
(-0.3117495, 1.295839, 0.8554772)
