0.02425599
0.03455353
0.04530478
0.06861949
0.1204605
0.159688
0.159688
0.1932926
0.1932926
0.2139097
0.2369828
0.2597228
0.2795777
0.2998139
0.3197563
0.3384088
0.3575786
0.3738726
0.3887893
0.417954
0.4274925
0.4274925
0.4376664
0.443913
0.44814
0.4498461
0.4502411
0.4499973
0.4458747
0.4401181
0.4326522
0.4264307
0.4161379
0.3906254
0.3745511
0.3573675
0.3397331
0.3213481
0.3046976
0.2867167
0.2673711
0.249074
0.2274712
0.2073617
0.1867968
0.1689622
0.1342988
0.1342988
0.1186676
0.1020825
0.08541656
0.07460546
0.06302643
0.05345726
0.04673457
0.03807759
0.02902031
0.01873183
0.0115962
