0.0075434
0.017139
0.007293
0.0165359
0.0245876
0.0125805
0.0077622
0.0169211
0.0126601
0.0076194
0.0163541
0.0073792
0.0089416
0.0172045
0.006814
0.0087985
0.0159603
0.006984
0.0100773
0.0164207
0.0068099
0.0108033
0.0215561
0.0069323
0.0066684
0.0159399
0.0065873
0.0084079
0.0180217
0.0080632
0.0078104
0.0162794
0.0066561
0.0100247
0.0160216
0.0072832
0.0121293
0.0186544
0.0075882
0.006734
0.0164232
0.0072574
0.0079185
0.0164508
0.0071351
0.0094613
0.0169665
0.0069133
0.0091862
0.0161621
0.0124696
0.0074522
0.0159465
0.0069186
0.0079341
0.0159323
