(-64.22539, 2.750444, 121.625)
(-63.22067, 4.651213, 122.5938)
(-62.5, 5.425286, 123.5992)
(-61.50348, 6.879497, 124.8074)
(-60.72016, 8.324122, 125.8597)
(-59.87907, 9.893131, 126.8173)
(-59.09798, 11.41753, 127.9692)
(-58.38103, 13.12933, 129.3013)
(-57.67036, 14.72421, 130.5614)
(-57.04079, 16.39371, 131.9715)
(-56.28781, 18.16399, 133.31)
(-55.38921, 20.0186, 134.6976)
(-54.42376, 21.891, 136.1225)
(-53.50258, 23.54896, 137.3879)
(-52.47898, 25.25284, 138.8025)
(-51.60289, 26.82511, 140.1121)
(-50.73009, 28.23355, 141.4364)
(-49.80183, 29.80737, 142.8959)
(-49.07014, 31.12419, 144.1194)
(-48.31596, 32.31525, 145.3248)
(-47.54584, 33.59616, 146.6406)
(-46.84927, 34.82659, 147.8671)
(-46.18775, 35.91862, 149.0184)
(-45.53906, 36.92133, 150.1948)
(-45.00335, 37.82999, 151.3919)
(-44.4043, 38.70523, 152.5541)
(-43.77647, 39.6381, 153.7526)
(-43.1946, 40.3689, 154.9109)
(-42.57029, 41.01081, 156.0534)
(-42.00121, 41.57093, 157.2102)
(-41.35909, 42.23983, 158.4879)
(-40.80634, 42.65347, 159.7086)
(-40.27507, 42.99693, 160.9694)
(-39.77084, 43.31239, 162.2047)
(-39.22004, 43.57899, 163.5034)
(-38.67586, 43.8245, 164.7657)
(-38.05108, 43.96372, 166.1056)
(-37.41922, 44.13135, 167.4534)
(-36.77645, 44.04471, 168.8888)
(-36.0275, 44.07901, 170.4818)
(-35.34348, 44.12147, 171.9221)
(-34.58863, 43.96384, 173.358)
(-33.82403, 43.93561, 174.7895)
(-32.99526, 43.80336, 176.2254)
(-32.29177, 43.60369, 177.6282)
(-31.49223, 43.31546, 179.0427)
(-30.73837, 43.12419, 180.4355)
(-30.04346, 42.80636, 181.8154)
(-29.21482, 42.34209, 183.3241)
(-28.48655, 41.9249, 184.6846)
(-27.90447, 41.29149, 185.9922)
(-27.33895, 40.70808, 187.288)
(-26.81236, 40.14597, 188.4931)
(-26.25574, 39.6189, 189.6581)
(-25.65032, 39.03551, 190.8237)
(-25.01322, 38.49799, 191.9401)
(-24.4009, 37.90438, 193.0104)
(-23.70422, 37.07857, 194.1094)
(-23.1337, 36.24057, 195.0222)
(-22.65339, 35.21703, 195.9058)
(-22.20959, 34.23089, 196.8568)
(-21.93559, 33.08417, 197.6305)
(-21.63147, 32.11888, 198.5254)
(-21.45772, 31.04075, 199.2723)
(-21.1706, 30.03832, 200.0308)
(-20.88282, 28.89425, 200.6867)
(-20.51623, 27.45508, 201.4362)
(-20.17722, 26.15979, 202.0877)
(-19.96903, 24.80155, 202.6547)
(-19.75159, 23.57218, 203.217)
(-19.56788, 22.4077, 203.6908)
(-19.38233, 21.28379, 204.1608)
(-19.11633, 20.14892, 204.5122)
(-18.77247, 18.99474, 204.7622)
(-18.41185, 17.75076, 204.9866)
(-18.04895, 16.4221, 205.3147)
(-17.84673, 15.33732, 205.5474)
(-17.7709, 14.37461, 205.6855)
(-17.6697, 13.56792, 205.7762)
(-17.55916, 12.80689, 205.7701)
(-17.43592, 11.89647, 205.7412)
(-17.13883, 11.02765, 205.7391)
(-16.85935, 10.12394, 205.7504)
(-16.67794, 9.251618, 205.6836)
(-16.61841, 8.52592, 205.6382)
(-16.62351, 7.914138, 205.568)
(-16.67014, 7.365346, 205.4428)
(-16.53546, 6.645131, 205.4004)
(-16.32438, 5.860019, 205.5081)
(-16.1319, 5.287027, 205.5668)
(-15.7986, 4.514742, 206.1481)
(-15.76496, 4.220104, 206.5745)
(-15.6145, 3.469586, 206.9258)
(-15.40788, 2.398801, 207.7065)
(-15.21382, 1.218963, 208.629)
(-15.01567, 0.3745079, 208.8931)
