0.02300071
0.03135551
0.04427421
0.05452132
0.0699507
0.0871017
0.0871017
0.1155019
0.1289842
0.138248
0.1464217
0.1537288
0.1537288
0.1658976
0.1766297
0.181815
0.1860884
0.1860884
0.2023541
0.2023541
0.2188038
0.2240225
0.2290009
0.2290009
0.1181845
0.1239443
0.1347672
0.1347672
0.144959
0.1541629
0.1599061
0.16254
0.1647887
0.1647887
0.1676478
0.1661971
0.1678014
0.1679336
0.1679336
0.1673041
0.1655147
0.04336777
0.04091575
0.03839793
0.03509584
0.03509584
0.0328646
0.03356234
0.0319232
0.02960196
0.02960196
0.02158932
0.02158932
0.01793816
0.01755181
