(-184.9264, -0.2754211, -14.31327)
(-183.0074, 0.5964041, -14.13355)
(-180.5382, 1.135039, -13.79631)
(-177.3061, 2.414942, -13.71598)
(-169.6443, 5.003095, -13.94033)
(-165.4438, 4.506683, -13.20455)
(-161.3999, 3.794336, -12.53946)
(-156.9951, 3.175783, -11.96384)
(-152.1006, 2.862883, -11.56635)
(-149.6935, 2.687144, -11.41639)
(-144.8958, 1.89817, -11.30817)
(-142.5895, 1.474595, -11.19094)
(-138.094, 0.8190632, -10.75168)
(-136.1151, 0.5031347, -10.49769)
(-132.5969, -0.5712748, -9.864163)
(-131.0312, -1.176572, -9.683323)
(-127.2108, 0.6116629, -9.121227)
(-127.2498, 0.3251314, -9.171104)
(-125.9854, -0.2655268, -8.571291)
(-125.9636, -0.2673626, -8.618212)
