(0.07875512, 0.104807805, 0.006601069999999998)
(0.07874257, 0.106229997, 0.007824969999999987)
(0.07882032, 0.10825486200000001, 0.009296449999999979)
(0.07900175, 0.11065087400000001, 0.010937940000000002)
(0.07946127, 0.11386504300000001, 0.013047719999999985)
(0.08011259, 0.117800587, 0.01587418999999999)
(0.0808864, 0.12234521100000001, 0.019337579999999976)
(0.08158143999999999, 0.13217282000000002, 0.023327089999999984)
(0.08238498, 0.14798669, 0.02780288999999998)
(0.08307397, 0.15856755, 0.03202370999999998)
(0.08369423, 0.17118196000000002, 0.03622536999999999)
(0.08405884, 0.18524896000000002, 0.040250589999999996)
(0.08416581, 0.20002762000000002, 0.04407651999999999)
(0.08417778999999999, 0.21449137000000001, 0.04762303999999997)
(0.08408201, 0.22916014, 0.05098479999999998)
(0.08372119, 0.24382235, 0.05437747)
(0.0831624, 0.25862483999999997, 0.057607229999999975)
(0.08255979, 0.27368728, 0.06106493999999998)
(0.08189399, 0.28915352000000005, 0.06493728999999998)
(0.08122033, 0.30446123, 0.06921053999999999)
(0.08054446, 0.3191448, 0.07326675999999997)
(0.07996654, 0.33387993, 0.07766805999999998)
(0.07945993, 0.34816868999999995, 0.08218474)
(0.07879457, 0.36172987, 0.08686595999999999)
(0.07822227, 0.37463590999999996, 0.09179088999999999)
(0.07763995, 0.3867596, 0.09682951999999997)
(0.07701010999999999, 0.39817650000000004, 0.10236288)
(0.07626050999999999, 0.40855063, 0.10799479999999997)
(0.07544667, 0.41774699000000004, 0.11370909999999998)
(0.07463457999999999, 0.42596013999999993, 0.11964150999999998)
(0.07373259, 0.43283388999999994, 0.12557932)
(0.07278401, 0.43859253, 0.13177494)
(0.07187241999999999, 0.44307743, 0.13823369999999996)
(0.07076716, 0.44681673999999993, 0.14478534999999998)
(0.06956765, 0.44885076, 0.15181350999999998)
(0.06860672, 0.44998652000000006, 0.15881032999999994)
(0.06747268, 0.44984775, 0.16604164999999999)
(0.06632036999999999, 0.44880993, 0.173573)
(0.06524735999999999, 0.44654616, 0.18121506999999998)
(0.06428017999999999, 0.44261896999999994, 0.18908497999999999)
(0.06329918, 0.43837280999999995, 0.19707908)
(0.06244843, 0.43283249, 0.20510208999999996)
(0.06159101, 0.42668695999999995, 0.21335915)
(0.06077937, 0.41918239, 0.22171751)
(0.060121179999999996, 0.41114351000000005, 0.23004351)
(0.05951404999999999, 0.40261099999999994, 0.23846548999999997)
(0.05938797, 0.39332776, 0.24667002)
(0.05930232, 0.38399013000000004, 0.25477268999999997)
(0.05885966999999999, 0.37400136000000006, 0.26297505)
(0.05861318, 0.36411569999999993, 0.27076454)
(0.05866254, 0.35444014999999995, 0.27789263999999997)
(0.05864182, 0.34503915000000007, 0.28482054999999995)
(0.05859952, 0.33542878, 0.2912973)
(0.05869882, 0.32624843000000003, 0.29717085)
(0.059077969999999994, 0.31759927, 0.30249900999999996)
(0.05984824, 0.30964546000000004, 0.30689578)
(0.05980231999999999, 0.30171298999999996, 0.31105909)
(0.06011361, 0.29404768000000003, 0.31470611000000004)
(0.06082287, 0.28742664, 0.31681096)
(0.060928699999999995, 0.28078594, 0.31889049999999997)
(0.06140574, 0.27459212, 0.31991717)
(0.061681849999999996, 0.2688672, 0.32032995)
(0.06093452, 0.26328401, 0.32000922000000004)
(0.06099511, 0.25837345, 0.31940588999999997)
(0.060538579999999995, 0.25327573000000003, 0.3192064)
(0.060142579999999994, 0.24830502000000002, 0.3194527)
(0.05979483, 0.24359972, 0.31946431999999997)
(0.059137369999999995, 0.23905928000000004, 0.31996335)
(0.05793054999999999, 0.23500726, 0.31992443000000004)
(0.05684437, 0.23248127, 0.31891135)
(0.05652652, 0.23124885999999997, 0.31720444000000003)
(0.05665891, 0.23069342999999998, 0.31541499)
(0.05677656, 0.22923138, 0.31425348999999997)
(0.05671632, 0.22695374, 0.31456219999999996)
(0.05632565999999999, 0.22429622999999999, 0.31518329999999994)
(0.056036829999999996, 0.22194534999999999, 0.31564125)
(0.05583576999999999, 0.22036144000000002, 0.31579616999999993)
(0.05561944, 0.21988078, 0.31503473)
(0.05558422, 0.21938666, 0.31521608)
(0.05548916, 0.21932455, 0.31548461)
(0.05609159999999999, 0.21932069999999998, 0.31600289)
(0.056681529999999994, 0.21953249, 0.31621487000000004)
(0.057394459999999994, 0.21941765000000002, 0.31614869999999995)
(0.05773363999999999, 0.21897109000000003, 0.31591122999999993)
(0.057858019999999996, 0.21835707, 0.31570668)
(0.05776343, 0.21796207, 0.31547983)
(0.057750619999999996, 0.21766789, 0.31550901)
(0.057687779999999994, 0.21737935, 0.3153026)
(0.057715699999999995, 0.21722117000000002, 0.31496824999999995)
(0.05769964999999999, 0.21723296000000003, 0.31462256999999993)
(0.057911559999999994, 0.21726623, 0.31456129999999993)
(0.058167130000000004, 0.21732965000000004, 0.31440329)
(0.058322219999999994, 0.21726274, 0.3142926999999999)
(0.05844643, 0.21730444999999998, 0.31423185)
(0.058593429999999995, 0.21738867, 0.31403075)
(0.05860894, 0.21747165000000002, 0.31371161999999997)
(0.058615459999999994, 0.21754697, 0.31351954)
(0.0586319, 0.21760002, 0.31331777)
(0.058613689999999996, 0.21761491000000002, 0.31311019)
(0.05864988, 0.21773966000000003, 0.31283701999999997)
(0.058709399999999995, 0.21782608000000003, 0.31263477999999995)
(0.05875397999999999, 0.21795068, 0.31236348999999997)
(0.0586798, 0.21804069000000004, 0.31218922)
(0.0586786, 0.22018715, 0.31200865)
(0.058568989999999994, 0.22228710000000002, 0.31183778999999995)
(0.0584834, 0.22236792, 0.31167819999999996)
(0.05840354999999999, 0.22450282000000002, 0.31158091)
(0.05837711999999999, 0.22458746000000002, 0.31146307999999995)
(0.058323259999999995, 0.22468051, 0.31138811)
(0.058366839999999996, 0.22478374, 0.31130431000000003)
(0.05832079, 0.22486058, 0.31131146000000004)
(0.05823991, 0.22491783, 0.31125251)
(0.05816193, 0.22498219000000003, 0.31124874999999996)
(0.05806143, 0.22726600000000002, 0.31131021)
(0.05798644, 0.22733042, 0.31131785)
(0.05794103999999999, 0.22737832, 0.3113776)
(0.0578174, 0.2274148, 0.31147319999999995)
(0.05774645, 0.22747114, 0.31151911000000004)
(0.05767966999999999, 0.22954145, 0.31151472999999996)
(0.05761785999999999, 0.22961633, 0.31159463)
(0.057546959999999994, 0.23190566, 0.31169409)
(0.057476639999999996, 0.23194719, 0.31181351999999996)
(0.0574859, 0.23204244000000004, 0.31193641)
(0.05743167, 0.23422604, 0.31202938)
(0.05735438999999999, 0.23426016000000002, 0.31216536)
(0.057286529999999995, 0.23432498000000002, 0.31228428999999996)
(0.05719915999999999, 0.23649390000000003, 0.31244885)
(0.057115309999999996, 0.23656461999999998, 0.31261662)
(0.057058359999999995, 0.23664503, 0.31283296)
(0.05701898, 0.23676484000000003, 0.31308486999999996)
(0.05698088, 0.23692089000000002, 0.31340124999999996)
(0.05697910999999999, 0.23705437999999998, 0.31372416999999997)
(0.05694853, 0.23727318000000003, 0.31403260999999993)
(0.056968639999999994, 0.23744883999999997, 0.31433173000000003)
(0.056996019999999994, 0.23771658, 0.31465171999999997)
(0.056972959999999996, 0.23797247000000002, 0.31497323)
(0.05691377, 0.23824449, 0.31534942)
(0.056829729999999995, 0.23858066000000003, 0.3157682)
(0.056745109999999994, 0.23906462, 0.31628984)
(0.05676282, 0.23955680000000001, 0.31681073)
(0.05676795, 0.24020737, 0.3174478)
(0.05670515, 0.24099553, 0.31816834)
(0.05670835, 0.24177786999999998, 0.31891434999999996)
(0.05678924999999999, 0.24111703000000004, 0.31978566)
(0.05687735, 0.24210937000000002, 0.32079114)
(0.05694186999999999, 0.24325223999999998, 0.32188118)
(0.057053669999999994, 0.24476141, 0.32327973)
(0.05716163999999999, 0.24646219, 0.32489325999999996)
(0.05738127, 0.24686403, 0.32651441999999997)
(0.057655239999999996, 0.24935882, 0.32869524)
(0.05790976, 0.25049001000000004, 0.33118973)
(0.05830721999999999, 0.25356540000000005, 0.33416435)
(0.05856243999999999, 0.25654168, 0.3371905)
(0.058966569999999996, 0.25996414, 0.34090370000000003)
(0.0592161, 0.26363325000000004, 0.34476384)
(0.05974723, 0.26742006, 0.34879825)
(0.06025237, 0.27166049000000003, 0.35322500999999995)
(0.06064526, 0.27612623999999997, 0.35778710999999996)
(0.06114735, 0.27957485, 0.36257904)
(0.06162532, 0.2847742, 0.36724883999999997)
(0.06220194999999999, 0.29057709, 0.37240760999999994)
(0.06264214, 0.2954995, 0.37779089)
(0.06318752, 0.30211229, 0.38317958)
(0.06398284, 0.30742937000000004, 0.38900587)
(0.06473584, 0.31334593, 0.39556261)
(0.06555546999999999, 0.32115166, 0.4024305599999999)
(0.06676259, 0.32889923, 0.40967247)
(0.06763187999999999, 0.33695292999999993, 0.41744770999999997)
(0.06863483, 0.34486876, 0.42528071)
(0.06976895, 0.35306201000000004, 0.43323491000000003)
(0.07061731, 0.3611949299999999, 0.44078064999999994)
(0.07117509999999999, 0.36835865, 0.44847730899999994)
(0.07175463, 0.37737095, 0.455912208)
(0.07219623, 0.38652215, 0.46358661199999995)
(0.07255961999999999, 0.39549060999999996, 0.47117631600000004)
(0.0727381, 0.40449194, 0.47859911399999994)
(0.07300485, 0.41381649, 0.486002035)
(0.07359215, 0.42303373, 0.493559927)
(0.07340024, 0.43173685000000006, 0.5009422009999999)
(0.07361372999999999, 0.44081307000000003, 0.508378043)
(0.07398947, 0.44988719, 0.515697013)
(0.07398894, 0.45852976999999995, 0.5227067329999999)
(0.07420747999999999, 0.46720967, 0.529786523)
(0.07445112, 0.47529913999999995, 0.536756387)
(0.07463796, 0.48384556, 0.543528023)
(0.0748701, 0.4915912600000001, 0.5502599530000001)
(0.07515088, 0.49943788, 0.5570592206)
(0.07535826, 0.50696878, 0.5638603871299999)
(0.07552715, 0.51375883, 0.5704280531999999)
(0.07567984, 0.52066345, 0.5768692277)
(0.07600563999999999, 0.52648361, 0.583000603)
(0.07582967, 0.53216613, 0.5892041254)
(0.07579691, 0.53700332, 0.5950288151)
(0.07580217, 0.54156233, 0.6007514)
(0.07596552, 0.54451333, 0.6059287578799999)
(0.07593975, 0.54790521, 0.61127764108)
(0.07623394, 0.54943848, 0.61619699078)
(0.07649999, 0.55074283, 0.6209303036799999)
(0.07671804, 0.55075172, 0.625317944219)
(0.07760249, 0.54955121, 0.6288100844999999)
(0.07758068, 0.54816639, 0.6326528303799999)
(0.07791739, 0.5456214599999999, 0.6361289261999999)
(0.07841505, 0.54228944, 0.6392358785)
(0.07785713, 0.53859091, 0.642773449)
(0.07872377, 0.5334147899999999, 0.644756997)
(0.07881515, 0.52711339, 0.6463587996)
(0.07763292999999999, 0.52135252, 0.6486009731)
(0.07804364999999999, 0.51551033, 0.6493738538)
(0.0782792, 0.5093647000000001, 0.65037469804)
(0.07846232, 0.50400281, 0.65190622719)
(0.07862231, 0.49799050999999994, 0.6530799628999999)
(0.07786364, 0.49138400000000004, 0.6540713199799999)
(0.07666018, 0.48576522999999994, 0.65509848666)
(0.07495893, 0.48043051999999997, 0.6558839683)
(0.0755593, 0.47448616, 0.655186226)
(0.07580178, 0.46796234999999997, 0.6548019425)
(0.07595633, 0.46139191, 0.6542605635)
(0.07501771, 0.45528173000000005, 0.6539759036999999)
(0.07539781, 0.44910083, 0.6524729242999999)
(0.07557685, 0.44396, 0.6507162936)
(0.07594388, 0.4393669499999999, 0.6495318418)
(0.07633148, 0.43518104, 0.6489269746999999)
(0.07684732999999999, 0.43151544, 0.6483874556)
(0.07749711, 0.42781786999999993, 0.6469434384)
(0.07822198, 0.42414345, 0.6453624028)
(0.07863745, 0.42052569000000006, 0.6437277556000001)
(0.07681671999999999, 0.41622423, 0.64368461429)
(0.07537338, 0.41293517, 0.6427689191)
(0.07550764, 0.40970067, 0.6406670816)
(0.07568435999999999, 0.40625773, 0.6388538247990001)
(0.07326263, 0.40257037000000007, 0.6388443829999999)
(0.07132938, 0.39903120000000003, 0.6388704649999999)
(0.07113411, 0.39477259, 0.6373619909)
(0.07077894, 0.39157876, 0.6359448784029998)
(0.07060394, 0.39067573, 0.6347391963700001)
(0.07041432, 0.38989225000000005, 0.6340041400299999)
(0.07034876, 0.38921543999999997, 0.6336419110000001)
(0.06999847, 0.3884999, 0.6334306612)
(0.06967075, 0.38810628, 0.6331546902999999)
(0.06961223, 0.38815069, 0.6328187237999999)
(0.06966974, 0.38812788, 0.6321909545000001)
(0.06993437999999999, 0.38820345, 0.6318622356999999)
(0.0701632, 0.38903799000000006, 0.6317036632999999)
(0.07015881, 0.39096551, 0.6315114379000001)
(0.07027438, 0.39090375, 0.6313033457999999)
(0.07028759, 0.39076287, 0.6311514148)
(0.07028662, 0.39072242999999995, 0.6310053229)
(0.07034855, 0.39060646, 0.6307965757999999)
(0.07031315, 0.39053945, 0.6306515108999999)
(0.07038146999999999, 0.38645531, 0.630560315)
(0.07039696999999999, 0.38635757000000004, 0.6304193260999998)
(0.07049118, 0.38625395000000007, 0.6303208229999999)
(0.07054659, 0.38626609, 0.6302755245999999)
(0.07059275, 0.38128815000000005, 0.6301594863)
(0.07070459, 0.38121378000000006, 0.6300343155)
(0.07073180999999999, 0.38126943, 0.6299028396999999)
(0.07077320999999999, 0.38122191000000005, 0.6297849542999999)
(0.0701755111111111, 0.38307262222222227, 0.6329182694444444)
(0.07019146666666666, 0.3830463666666667, 0.6328277917777778)
(0.07018897777777777, 0.38304743333333335, 0.6326903012222221)
(0.07091521249999999, 0.38691300625, 0.63137133075)
(0.0709547375, 0.38693968125, 0.6312134522499999)
(0.0709691, 0.39121763125, 0.631171105875)
(0.0710131625, 0.39127674375, 0.631104137625)
