(-0.01621079, -0.1350453, -0.05911756)
(-0.01614261, -0.1352386, -0.05920994)
(-0.01584506, -0.1357541, -0.0597806)
(-0.01548505, -0.1358469, -0.06044221)
(-0.01538777, -0.1359963, -0.0606705)
(-0.01503229, -0.1365852, -0.06132436)
(-0.01503444, -0.1366591, -0.06130886)
(-0.01490593, -0.1368735, -0.0614574)
(-0.0145669, -0.1373131, -0.06190872)
(-0.01459694, -0.1374125, -0.06179321)
(-0.0144794, -0.1375782, -0.0620153)
(-0.0144577, -0.137995, -0.06266165)
(-0.01441121, -0.1381238, -0.0628469)
(-0.01432276, -0.1383338, -0.06308842)
(-0.01407504, -0.1388443, -0.06371343)
(-0.01393557, -0.1389065, -0.06401575)
(-0.0138309, -0.1390917, -0.064273)
(-0.01364112, -0.1391225, -0.06421149)
(-0.0136292, -0.1392047, -0.06429124)
(-0.01352501, -0.1393993, -0.06455326)
(-0.01318979, -0.1395631, -0.06460845)
(-0.01319098, -0.139533, -0.06461918)
(-0.01304746, -0.1397376, -0.06487203)
(-0.01266599, -0.1400476, -0.0651511)
(-0.01260996, -0.1401007, -0.06518507)
(-0.01246524, -0.1402919, -0.06541121)
(-0.01216507, -0.1407621, -0.06600046)
(-0.01203346, -0.1408801, -0.06625509)
(-0.01188898, -0.1410675, -0.06651533)
(-0.01193094, -0.1413589, -0.06702805)
(-0.01214504, -0.1415808, -0.06670046)
(-0.01202345, -0.1418183, -0.0669899)
(-0.01190782, -0.1419604, -0.06711888)
(-0.01184106, -0.1417902, -0.0672729)
(-0.01171184, -0.141999, -0.06754935)
(-0.01135516, -0.1421921, -0.06764746)
(-0.01131797, -0.1421881, -0.06771469)
(-0.01118279, -0.1423905, -0.06796455)
(-0.01085663, -0.1427491, -0.06832314)
(-0.01095128, -0.1425993, -0.06816745)
(-0.01079249, -0.142828, -0.06848776)
(-0.01070738, -0.1432588, -0.06915605)
(-0.01082802, -0.143167, -0.06900358)
(-0.0107162, -0.1434047, -0.06930852)
(-0.01048303, -0.1434772, -0.06928933)
(-0.01058531, -0.143301, -0.06912589)
(-0.01045203, -0.1435208, -0.06940722)
(-0.01023364, -0.1437626, -0.06965423)
(-0.01032424, -0.1437106, -0.06954157)
(-0.01018715, -0.1439621, -0.06985807)
(-0.01001, -0.1443665, -0.07036269)
(-0.01024294, -0.1444423, -0.07002187)
(-0.01013255, -0.1446767, -0.07028174)
(-0.0101676, -0.1444604, -0.06988919)
(-0.01020408, -0.1443489, -0.0698539)
(-0.01009727, -0.1445973, -0.07010341)
(-0.01005101, -0.1446857, -0.07013762)
(-0.0100348, -0.1445687, -0.07021236)
(-0.009899139, -0.1448169, -0.07052433)
(-0.009830952, -0.1448843, -0.07054245)
(-0.009885311, -0.1445825, -0.07048893)
(-0.009771824, -0.1448064, -0.07078028)
(-0.009682894, -0.1447413, -0.0706321)
(-0.009940624, -0.1446652, -0.0702827)
(-0.009839058, -0.1449149, -0.0705471)
(-0.00987649, -0.1450984, -0.0708127)
(-0.01001644, -0.1451793, -0.07062697)
(-0.009890795, -0.1454484, -0.07089436)
(-0.009874344, -0.1454842, -0.07084823)
(-0.009777308, -0.1452539, -0.071015)
(-0.009632349, -0.1454847, -0.0712558)
(-0.009435177, -0.145735, -0.07148623)
(-0.009284973, -0.1456182, -0.07174039)
(-0.009114742, -0.1458371, -0.07200265)
(-0.0093925, -0.1456168, -0.07184243)
(-0.009645224, -0.145577, -0.07147145)
(-0.0095222, -0.1458342, -0.07175434)
(-0.009531975, -0.1455662, -0.07125783)
(-0.009512901, -0.1454055, -0.07123423)
(-0.009391546, -0.1456113, -0.07147884)
(-0.009388447, -0.1455543, -0.07135999)
(-0.00948143, -0.1454036, -0.07123125)
(-0.00934124, -0.145607, -0.07146811)
(-0.00928092, -0.1457357, -0.07159877)
(-0.009415865, -0.1458478, -0.07142234)
(-0.009293556, -0.1461022, -0.07168031)
(-0.009189129, -0.1461527, -0.07163787)
(-0.009024382, -0.1459467, -0.07193923)
(-0.008899212, -0.1461442, -0.07216954)
(-0.008842707, -0.146157, -0.07215035)
(-0.00890255, -0.1458602, -0.07204938)
(-0.008790493, -0.146064, -0.07230592)
(-0.008926868, -0.1459818, -0.07224917)
(-0.009104729, -0.1457353, -0.07197011)
(-0.008958101, -0.1459501, -0.07223451)
(-0.008951664, -0.1459017, -0.07220054)
(-0.009077072, -0.1456983, -0.07199407)
(-0.008964777, -0.1459091, -0.07223892)
(-0.008920431, -0.1457067, -0.07194948)
(-0.009178877, -0.145709, -0.07147646)
(-0.009088993, -0.1459019, -0.07168901)
(-0.009149075, -0.1458614, -0.07160449)
(-0.00910902, -0.1456249, -0.07162666)
(-0.008978367, -0.1458118, -0.07185423)
(-0.009193182, -0.1459639, -0.0722301)
(-0.009357929, -0.1458738, -0.0720253)
(-0.009301186, -0.14606, -0.07224751)
(-0.009237766, -0.1462429, -0.07246327)
(-0.008856535, -0.1463225, -0.07232738)
(-0.009034634, -0.1461885, -0.07210588)
(-0.008978844, -0.1463759, -0.07230413)
(-0.009087801, -0.1460993, -0.07164073)
(-0.009027958, -0.1463153, -0.07184541)
(-0.00910449, -0.1464913, -0.07208502)
(-0.00899744, -0.1462028, -0.07229996)
(-0.008933544, -0.1463673, -0.07250524)
(-0.008783102, -0.1463814, -0.0724088)
(-0.008924007, -0.1460526, -0.07217455)
(-0.008822918, -0.146203, -0.07237422)
(-0.008780718, -0.1462147, -0.07234693)
(-0.008893251, -0.1460354, -0.07221413)
(-0.008797407, -0.1462128, -0.07242131)
(-0.008709192, -0.1463792, -0.07264066)
(-0.008890867, -0.14608, -0.07231545)
(-0.008804321, -0.1462517, -0.07251024)
(-0.008691788, -0.1465511, -0.07291651)
(-0.008903742, -0.1463389, -0.07258534)
(-0.008811951, -0.1464829, -0.07274914)
(-0.009040833, -0.1463323, -0.07260394)
(-0.009124279, -0.1460872, -0.07248878)
(-0.009067535, -0.1462815, -0.07268596)
(-0.009138584, -0.1460533, -0.07231486)
(-0.009341002, -0.1458619, -0.07198966)
(-0.009320498, -0.1460273, -0.07211924)
(-0.009191513, -0.1460323, -0.07196188)
(-0.009419203, -0.1460915, -0.07163346)
(-0.009394407, -0.1462717, -0.071751)
(-0.009526253, -0.1462328, -0.07163715)
(-0.009633303, -0.14606, -0.07155097)
(-0.009759665, -0.1462476, -0.0715276)
(-0.01002192, -0.1462016, -0.07124949)
(-0.01022005, -0.1460435, -0.07091773)
(-0.01028347, -0.1459427, -0.07063711)
(-0.0101285, -0.1460876, -0.07056522)
(-0.01043582, -0.1454067, -0.06921721)
(-0.01051688, -0.1450169, -0.06787062)
(-0.01046777, -0.1445174, -0.06497169)
(-0.01015019, -0.1435461, -0.06228423)
(-0.008448601, -0.1430514, -0.05993807)
(-0.007230043, -0.1412361, -0.05697644)
(-0.006208658, -0.1386218, -0.05355275)
(-0.00706625, -0.1326542, -0.04912615)
(-0.008085728, -0.1253419, -0.04715753)
(-0.006131649, -0.1141155, -0.04765892)
(-0.0006439686, -0.1035695, -0.0440774)
(0.004234552, -0.08986902, -0.03825629)
(0.01003885, -0.08097911, -0.03435826)
(0.01693749, -0.06698656, -0.02926326)
(0.02118111, -0.05197787, -0.02224588)
(0.0266428, -0.04161286, -0.0167191)
(0.03189206, -0.02986884, -0.007598519)
(0.03600144, -0.01717496, 0.002825499)
(0.04029965, -0.005369663, 0.01184535)
(0.0444293, 0.004151106, 0.02165556)
(0.04755235, 0.01522541, 0.0348506)
(0.04983282, 0.02433062, 0.04716611)
(0.05280495, 0.02931023, 0.05917561)
(0.05369115, 0.0359962, 0.07644761)
(0.05576563, 0.04320741, 0.08872807)
(0.05708838, 0.0431962, 0.102787)
(0.06025696, 0.04726624, 0.1166458)
(0.05912423, 0.05233097, 0.1358488)
(0.06124234, 0.04905176, 0.150809)
(0.06426859, 0.04705834, 0.165555)
(0.06585646, 0.04384637, 0.1802652)
(0.06678915, 0.03911304, 0.1984731)
(0.06799555, 0.03383327, 0.2128701)
(0.06931281, 0.02956486, 0.2272807)
(0.06996393, 0.02674985, 0.2419071)
(0.07110357, 0.02293396, 0.2543498)
(0.07205343, 0.01778102, 0.2676501)
(0.07227445, 0.01153421, 0.276103)
(0.07367563, 0.006438255, 0.2840972)
(0.07412982, 0.001223564, 0.2934754)
(0.07911468, -7.104874E-05, 0.2980835)
(0.08382869, 0.00574851, 0.3032782)
(0.08373117, 0.005817175, 0.3086734)
(0.08622074, 0.001060247, 0.3049788)
(0.08585143, -0.002716541, 0.307147)
(0.07863855, 0.0005767345, 0.3030555)
(0.07782722, -0.004274845, 0.2997496)
(0.07612157, -0.002364397, 0.3006499)
(0.07604527, -0.00238657, 0.3003533)
(0.0795722, -0.003606558, 0.3034179)
(0.08251595, -0.003204107, 0.310576)
(0.0832634, -0.00219202, 0.3126101)
(0.08366418, -0.003386259, 0.3115094)
(0.08100748, -0.004005909, 0.3094289)
(0.07874656, -0.002332449, 0.307364)
(0.07749176, -0.002362251, 0.3075113)
(0.07781816, -0.002870321, 0.3073521)
(0.07906675, -0.002120733, 0.3079188)
(0.0794735, -0.001017332, 0.3099008)
(0.07872844, -0.000929594, 0.3099306)
(0.07851315, -0.000718832, 0.3097076)
(0.07767963, -0.0007288456, 0.3092055)
(0.07672668, -0.0006139278, 0.3088562)
(0.07682681, -0.0002882481, 0.3090725)
(0.07677341, -0.0001275539, 0.3096607)
(0.07671118, 0.0003194809, 0.309406)
(0.07652497, 0.0004763603, 0.3095415)
(0.07997537, -0.00437665, 0.304137)
(0.07950711, -0.004117966, 0.3035097)
(0.07942629, -0.004194498, 0.3033292)
(0.07982063, -0.00462532, 0.3029342)
(0.079772, -0.004590273, 0.302747)
(0.07982922, -0.004601479, 0.3025465)
(0.08003879, -0.00475955, 0.3022735)
(0.08012986, -0.004830837, 0.3022096)
(0.08021498, -0.004859686, 0.3021002)
(0.08044887, -0.005069971, 0.3019164)
(0.08046818, -0.005243063, 0.3017893)
(0.08086157, -0.005221844, 0.3018451)
(0.08117533, -0.00532937, 0.3016479)
(0.08126354, -0.005321264, 0.3013201)
(0.08123899, -0.005565882, 0.3014305)
(0.08134389, -0.005702019, 0.3013036)
(0.08154106, -0.005789518, 0.3011804)
(0.0818646, -0.005797148, 0.3010702)
(0.08229089, -0.005854607, 0.3008592)
(0.08248115, -0.0058887, 0.3006828)
(0.08259869, -0.005722761, 0.3004444)
(0.08256626, -0.005895376, 0.3003657)
(0.0822618, -0.006143808, 0.30018)
(0.08238578, -0.006066799, 0.3003545)
(0.08187151, -0.005201817, 0.3012025)
(0.08206487, -0.005197287, 0.3012252)
(0.0820086, -0.005158901, 0.3013515)
(0.08179259, -0.005107164, 0.3015175)
(0.08154106, -0.005333185, 0.3015165)
(0.0815444, -0.005491972, 0.3014615)
(0.08142924, -0.005437851, 0.3018038)
(0.08129883, -0.005561352, 0.3019061)
(0.08125043, -0.00571394, 0.3018818)
(0.08106208, -0.005724192, 0.3020158)
(0.08075619, -0.005948782, 0.3021533)
(0.08063126, -0.00615716, 0.3022418)
(0.0806613, -0.006509066, 0.3024163)
(0.08035231, -0.006835699, 0.3026128)
(0.08041787, -0.006970406, 0.3027799)
(0.08049107, -0.006980419, 0.3028831)
(0.0806129, -0.006857395, 0.3027973)
(0.08052897, -0.006793737, 0.3028717)
(0.0803721, -0.006564617, 0.3031204)
(0.08034563, -0.006337404, 0.3038383)
(0.08042192, -0.006171703, 0.3042908)
(0.08052111, -0.005770206, 0.3055775)
(0.08084893, -0.005385399, 0.3064661)
(0.08077407, -0.004848242, 0.3073592)
(0.08073735, -0.003953218, 0.308383)
(0.08044505, -0.003057718, 0.3099403)
(0.08045983, -0.002313137, 0.3125198)
(0.08082962, -0.002086401, 0.3151441)
(0.0810101, -0.001883268, 0.3174357)
(0.08126831, -0.002006292, 0.3209443)
(0.08160806, -0.00191617, 0.3251898)
(0.08217716, -6.365776E-05, 0.3282743)
(0.08312035, 0.003042221, 0.3312376)
(0.08410287, 0.009140015, 0.3346124)
(0.08417249, 0.01516724, 0.3385315)
(0.08421803, 0.02211308, 0.3409653)
(0.08541989, 0.03097034, 0.3440187)
(0.08626842, 0.0378356, 0.3495708)
(0.08752728, 0.04800963, 0.3541234)
(0.08927298, 0.05749059, 0.3538074)
(0.08961773, 0.06558847, 0.3556089)
(0.09046912, 0.07376981, 0.3561659)
(0.0901978, 0.08305097, 0.3572578)
(0.09020257, 0.09325457, 0.3599117)
(0.09093881, 0.1055248, 0.3640943)
(0.09220338, 0.1180441, 0.3688776)
(0.09415007, 0.1312599, 0.3751535)
(0.09629869, 0.1429307, 0.3806667)
(0.09917545, 0.1519845, 0.3866353)
(0.1011548, 0.1598793, 0.3914499)
(0.1022401, 0.1662251, 0.3971729)
(0.1023366, 0.1717418, 0.4042346)
(0.1029975, 0.1790379, 0.4095511)
(0.103982, 0.1852285, 0.4174886)
(0.1048553, 0.1912354, 0.425458)
(0.1059391, 0.193597, 0.4338305)
(0.1063266, 0.1964276, 0.4421635)
(0.1054971, 0.1976269, 0.4516401)
(0.1054964, 0.1984679, 0.4598937)
(0.1055522, 0.1985099, 0.4692643)
(0.1055555, 0.1960769, 0.4795694)
(0.105521, 0.1926305, 0.4908993)
(0.1054316, 0.1888344, 0.5022037)
(0.1054544, 0.1850003, 0.5131714)
(0.1051698, 0.1781745, 0.526155)
(0.1049895, 0.1738173, 0.5376806)
(0.1050222, 0.1661713, 0.5516374)
(0.1045115, 0.1608121, 0.5647857)
(0.1053207, 0.1577363, 0.5781457)
(0.1064456, 0.1532927, 0.59058)
(0.1069682, 0.1470778, 0.6044683)
(0.1090832, 0.1418991, 0.6172204)
(0.1121185, 0.1354494, 0.6284902)
(0.1174362, 0.1246676, 0.6385443)
(0.1213799, 0.121793, 0.6567237)
(0.1264982, 0.1073151, 0.6659286)
(0.1306832, 0.1219542, 0.6701372)
(0.1302264, 0.1289606, 0.6681833)
(0.1183243, 0.1506178, 0.6421502)
(0.1197648, 0.175195, 0.6555269)
(0.1141074, 0.1687279, 0.6616979)
(0.1151688, 0.1733034, 0.6738961)
(0.1111865, 0.1770847, 0.6846886)
(0.1086907, 0.1684067, 0.6945724)
(0.10585, 0.1710716, 0.7021372)
(0.0910418, 0.1744915, 0.6931515)
(0.087255, 0.1767888, 0.6963303)
(0.08653212, 0.1805577, 0.6967416)
(0.07869482, 0.1836077, 0.6926765)
(0.07410693, 0.1853789, 0.6987991)
(0.07117987, 0.1894268, 0.7042096)
(0.06679702, 0.1907057, 0.7069607)
(0.06325817, 0.1926981, 0.7125256)
(0.05919361, 0.1968098, 0.7173045)
(0.05467653, 0.1995634, 0.7180684)
(0.05166888, 0.2025162, 0.7210319)
(0.04839802, 0.2062082, 0.7234726)
(0.04595423, 0.2089638, 0.7252433)
(0.0429883, 0.2116653, 0.7285457)
(0.03946328, 0.2149806, 0.7326539)
(0.03864384, 0.2165244, 0.7352474)
(0.03638172, 0.2192574, 0.7373569)
(0.03269744, 0.2231511, 0.7407985)
(0.03261018, 0.2242932, 0.7423735)
(0.03075171, 0.2267084, 0.7440522)
(0.02750063, 0.2300754, 0.7476318)
(0.02816844, 0.2304728, 0.7486975)
(0.02648044, 0.2322736, 0.7502244)
(0.02340007, 0.2356111, 0.7533391)
(0.02462006, 0.2352701, 0.7537591)
(0.02364445, 0.2368431, 0.7544916)
(0.02052522, 0.2402779, 0.7578924)
(0.01763296, 0.2434515, 0.760967)
(0.01939821, 0.242186, 0.7601833)
(0.01854372, 0.2429447, 0.7608769)
(0.02067065, 0.2410645, 0.7594485)
(0.02021432, 0.2415339, 0.7596524)
(0.01763773, 0.2443302, 0.7624218)
(0.0199542, 0.2416798, 0.759979)
(0.02018213, 0.2417263, 0.7593508)
(0.01770616, 0.2446082, 0.7621005)
(0.02064705, 0.2412845, 0.7589037)
(0.02099299, 0.2408723, 0.7581153)
(0.01888394, 0.2432927, 0.7603829)
(0.02247143, 0.2394483, 0.7567194)
