(-0.2893235688506787, 0.20330678534658406, 0.1319996117642476)
(-0.2893235688506787, 0.20316383696568405, 0.13209427432097387)
(-0.2893235688506787, 0.20302559621927344, 0.1321858108093751)
(-0.2893235688506787, 0.20289206310735222, 0.13227422122945132)
(-0.2893235688506787, 0.2027632376299204, 0.13235950558120252)
(-0.2893235688506787, 0.202639119786978, 0.13244166386462872)
(-0.2893235688506787, 0.20251970957852494, 0.13252069607972988)
(-0.2893235688506787, 0.2024050070045613, 0.13259660222650602)
(-0.2893235688506787, 0.20229501206508707, 0.13266938230495715)
(-0.2893235688506787, 0.20218972476010222, 0.13273903631508324)
(-0.2893235688506787, 0.20208914508960676, 0.13280556425688433)
(-0.2893235688506787, 0.20199327305360068, 0.13286896613036042)
(-0.2893235688506787, 0.20190210865208402, 0.13292924193551148)
(-0.2893235688506787, 0.20181565188505673, 0.1329863916723375)
(-0.2893235688506787, 0.20173390275251887, 0.13304041534083852)
(-0.2893235688506787, 0.20165686125447038, 0.1330913129410145)
(-0.2893235688506787, 0.2015845273909113, 0.1331390844728655)
(-0.2893235688506787, 0.2015169011618416, 0.13318372993639144)
(-0.2893235688506787, 0.20145398256726127, 0.13322524933159238)
(-0.2893235688506787, 0.20139577160717037, 0.1332636426584683)
(-0.2893235688506787, 0.20134226828156884, 0.1332989099170192)
(-0.2893235688506787, 0.2012934725904567, 0.13333105110724508)
(-0.2893235688506787, 0.201249384533834, 0.13336006622914595)
(-0.2893235688506787, 0.20121000411170067, 0.1333859552827218)
(-0.2893235688506787, 0.2011753313240567, 0.13340871826797263)
(-0.2893235688506787, 0.20119189467445614, 0.13339306263835088)
(-0.2893235688506787, 0.20122547677349592, 0.13336787700599215)
(-0.2893235688506787, 0.20125893470133163, 0.13334429019711438)
(-0.2893235688506787, 0.2012906963940497, 0.13332313548991756)
(-0.2893235688506787, 0.20131919399227424, 0.13330515292603037)
(-0.2893235688506787, 0.2013428682206744, 0.13329098240496126)
(-0.2893235688506787, 0.20136017276747148, 0.13328115677854957)
(-0.2893235688506787, 0.20136957866394628, 0.1332760949454166)
(-0.2893235688506787, 0.20136957866394628, 0.1332760949454166)
(-0.2893235688506787, 0.20136957866394628, 0.1332760949454166)
(-0.2893235688506787, 0.20136957866394628, 0.1332760949454166)
(-0.2893235688506787, 0.20136957866394628, 0.1332760949454166)
(-0.2893235688506787, 0.20136957866394628, 0.1332760949454166)
(-0.2893235688506787, 0.20136957866394628, 0.1332760949454166)
(-0.2893235688506787, 0.20136957866394628, 0.1332760949454166)
(-0.2893235688506787, 0.20136957866394628, 0.1332760949454166)
(-0.2893235688506787, 0.20136957866394628, 0.1332760949454166)
(-0.2893235688506787, 0.20136957866394628, 0.1332760949454166)
(-0.2893235688506787, 0.20136957866394628, 0.1332760949454166)
(-0.2893235688506787, 0.20136957866394628, 0.1332760949454166)
(-0.2893235688506787, 0.20136957866394628, 0.1332760949454166)
(-0.2893235688506787, 0.20136957866394628, 0.1332760949454166)
(-0.2893235688506787, 0.20136957866394628, 0.1332760949454166)
(-0.2893235688506787, 0.20136957866394628, 0.1332760949454166)
(-0.2893235688506787, 0.20136957866394628, 0.1332760949454166)
(-0.2893235688506787, 0.20136957866394628, 0.1332760949454166)
(-0.2893235688506787, 0.19955802172221376, 0.13183896005879753)
(-0.2893235688506787, 0.19778522684551625, 0.13054000179088082)
(-0.2893235688506787, 0.19607664718282455, 0.12939294243379765)
(-0.2893235688506787, 0.19446304099915776, 0.12841129547927188)
(-0.2893235688506787, 0.19297496711442813, 0.12761004752260116)
(-0.2893235688506787, 0.19165433374862514, 0.127002081541642)
(-0.2893235688506787, 0.1905449208640516, 0.1266026929772181)
(-0.2893235688506787, 0.18969592774261887, 0.12642626360131692)
(-0.2893235688506787, 0.18915751745362183, 0.12648719237818143)
(-0.2893235688506787, 0.18898600882122318, 0.12679877211635462)
(-0.2893235688506787, 0.18923852319373513, 0.12737419453138832)
(-0.2893235688506787, 0.18997375038743258, 0.1282265907746134)
(-0.2893235688506787, 0.1912525312399614, 0.12937018132604453)
(-0.2893235688506787, 0.193135064600947, 0.1308157335819086)
(-0.2893235688506787, 0.19567976469010975, 0.13257773669816567)
(-0.2893235688506787, 0.19894388441989946, 0.13466959904919742)
(-0.2893235688506787, 0.20298195072713737, 0.1371066735198376)
(-0.2893235688506787, 0.20784237386559862, 0.13990289219241317)
(-0.2893235688506787, 0.21357018158880403, 0.14307479743935228)
(-0.2893235688506787, 0.22020536135935898, 0.14663781801190373)
(-0.2893235688506787, 0.22777955961214205, 0.1506093853567171)
(-0.2893235688506787, 0.23631894235880568, 0.1550075614709144)
(-0.2893235688506787, 0.24584372952632214, 0.15984552972439342)
(-0.2893235688506787, 0.25637036549729475, 0.16513688715106123)
(-0.2893235688506787, 0.26792507380979325, 0.1708918258291124)
(-0.2893235688506787, 0.28049991404905683, 0.1771285799186272)
(-0.2893235688506787, 0.2940715144478718, 0.18386965311462927)
(-0.2893235688506787, 0.3086008932227836, 0.1911301048815308)
(-0.2893235688506787, 0.3240457212792011, 0.1989249399964754)
(-0.2893235688506787, 0.34036596664841706, 0.20726025340519216)
(-0.2893235688506787, 0.3575163798207147, 0.21613874592592297)
(-0.2893235688506787, 0.37543376138392315, 0.22556165054359853)
(-0.2893235688506787, 0.39404400096998937, 0.23552688226558952)
(-0.2893235688506787, 0.4132579182869015, 0.24603027537088218)
(-0.2893235688506787, 0.43297332556029994, 0.2570699327315273)
(-0.2893235688506787, 0.45308155270723066, 0.2686380702515718)
(-0.2893235688506787, 0.4734551590521129, 0.280726951825817)
(-0.2893235688506787, 0.4939651937482438, 0.2933174398179405)
(-0.2893235688506787, 0.5144723153710485, 0.30638746384980253)
(-0.2893235688506787, 0.534833175904758, 0.3199074470641437)
(-0.2893235688506787, 0.5549002992059023, 0.3338391993544688)
(-0.2893235688506787, 0.574520962045598, 0.3481369966549404)
(-0.2893235688506787, 0.5935390423992958, 0.36274633724127003)
(-0.2893235688506787, 0.6117944960549617, 0.3776042714265359)
(-0.2893235688506787, 0.6291293681498228, 0.39264232246808367)
(-0.2893235688506787, 0.6453900138388374, 0.4077858337078953)
(-0.2893235688506787, 0.660417701748163, 0.4229548174541747)
(-0.2893235688506787, 0.6740572628388071, 0.4380609437346858)
(-0.2893235688506787, 0.6860577037765984, 0.45314825288399196)
(-0.2893235688506787, 0.6962964495000493, 0.4680661091405808)
(-0.2893235688506787, 0.7068639794385483, 0.48441952556719653)
(-0.2893235688506787, 0.7162657312002301, 0.5008382135069451)
(-0.2893235688506787, 0.7245144919282513, 0.5172341423792841)
(-0.2893235688506787, 0.7316317015744652, 0.5335237172853772)
(-0.2893235688506787, 0.7376533699877681, 0.549626039569529)
(-0.2893235688506787, 0.742617565025418, 0.5654667962424452)
(-0.2893235688506787, 0.7465721358270458, 0.5809738779818177)
(-0.2893235688506787, 0.7495702330113462, 0.5960805644087668)
(-0.2893235688506787, 0.7516737315605168, 0.6107249123457645)
(-0.2893235688506787, 0.7529465282331219, 0.6248512691679409)
(-0.2893235688506787, 0.7534580126198173, 0.6384097244353759)
(-0.2893235688506787, 0.7532809627518705, 0.6513563455318127)
(-0.2893235688506787, 0.7524889846450197, 0.6636520488540029)
(-0.2893235688506787, 0.7511573525375658, 0.6752678672222434)
(-0.2893235688506787, 0.749362629131214, 0.6861780182160863)
(-0.2893235688506787, 0.7471803019518074, 0.6963644167867824)
(-0.2893235688506787, 0.7446844504511464, 0.7058136310152883)
(-0.2893235688506787, 0.7419499535031896, 0.7145202411448863)
(-0.2893235688506787, 0.7390485024187033, 0.7224825948247354)
(-0.2893235688506787, 0.7360485479563762, 0.7297061453819066)
(-0.2893235688506787, 0.7330176834941019, 0.7361999459367444)
(-0.2893235688506787, 0.7300188425910278, 0.741977109408979)
(-0.2893235688506787, 0.7271091731775178, 0.7470606869328941)
(-0.2893235688506787, 0.7243356489738034, 0.7514788298524245)
(-0.2893235688506787, 0.7217154436261038, 0.7552687878177798)
(-0.2893235688506787, 0.7192793696014875, 0.7584639398340156)
(-0.2893235688506787, 0.7170582990202866, 0.7610939697031074)
(-0.2893235688506787, 0.7150856620567897, 0.7631956126124653)
(-0.2893235688506787, 0.7133854556053708, 0.7648050459231883)
(-0.2893235688506787, 0.7119630748806475, 0.7659668062133936)
(-0.2893235688506787, 0.7108090821466427, 0.7667290941977577)
(-0.2893235688506787, 0.7099120280496897, 0.7671411991598684)
(-0.2893235688506787, 0.7092529601644061, 0.7672545424088116)
(-0.2893235688506787, 0.7088109973787741, 0.7671206009056085)
(-0.2893235688506787, 0.7085636119227005, 0.7667843126356518)
(-0.2893235688506787, 0.7084811949012316, 0.7662903706732356)
(-0.2893235688506787, 0.7085420745485381, 0.7656755606759326)
(-0.2893235688506787, 0.7087175848834123, 0.764979391856351)
(-0.2893235688506787, 0.7089820095098932, 0.7642353657822213)
(-0.2893235688506787, 0.709308115956561, 0.7634744455383866)
(-0.2893235688506787, 0.7096682817053505, 0.7627261611420396)
(-0.2893235688506787, 0.7100371552553707, 0.762017623751235)
(-0.2893235688506787, 0.7103915564589506, 0.7613750082569863)
(-0.2893235688506787, 0.7107128533321486, 0.7608238041145893)
(-0.2893235688506787, 0.7109819928185043, 0.7603859641616367)
(-0.2893235688506787, 0.7111767141241293, 0.7600802203374476)
(-0.2893235688506787, 0.7112818344518409, 0.759920862836451)
(-0.2893235688506787, 0.7112818344518409, 0.759920862836451)
(-0.2893235688506787, 0.7112818344518409, 0.759920862836451)
(-0.2893235688506787, 0.7112818344518409, 0.759920862836451)
(-0.2893235688506787, 0.7112818344518409, 0.759920862836451)
(-0.2893235688506787, 0.7112818344518409, 0.759920862836451)
(-0.2893235688506787, 0.7112818344518409, 0.759920862836451)
(-0.2893235688506787, 0.7112818344518409, 0.759920862836451)
(-0.2893235688506787, 0.7112818344518409, 0.759920862836451)
(-0.2893235688506787, 0.7112818344518409, 0.759920862836451)
(-0.2893235688506787, 0.7112818344518409, 0.759920862836451)
(-0.2893235688506787, 0.7112818344518409, 0.759920862836451)
(-0.2893235688506787, 0.7112818344518409, 0.759920862836451)
(-0.2893235688506787, 0.7112818344518409, 0.759920862836451)
(-0.2893235688506787, 0.7112818344518409, 0.759920862836451)
(-0.2893235688506787, 0.7112818344518409, 0.759920862836451)
(-0.2893235688506787, 0.7112818344518409, 0.759920862836451)
(-0.2893235688506787, 0.7112818344518409, 0.759920862836451)
(-0.2893235688506787, 0.7112818344518409, 0.759920862836451)
(-0.2893235688506787, 0.7112818344518409, 0.759920862836451)
(-0.2893235688506787, 0.7112818344518409, 0.759920862836451)
(-0.2893235688506787, 0.7112818344518409, 0.759920862836451)
(-0.2893235688506787, 0.7112818344518409, 0.759920862836451)
(-0.2893235688506787, 0.7112818344518409, 0.759920862836451)
(-0.2893235688506787, 0.7112818344518409, 0.759920862836451)
(-0.2893235688506787, 0.7112818344518409, 0.759920862836451)
(-0.2893235688506787, 0.7112818344518409, 0.759920862836451)
(-0.2893235688506787, 0.7112818344518409, 0.759920862836451)
(-0.2893235688506787, 0.7112818344518409, 0.759920862836451)
(-0.2893235688506787, 0.7112818344518409, 0.759920862836451)
(-0.2893235688506787, 0.7112818344518409, 0.759920862836451)
(-0.2893235688506787, 0.7112818344518409, 0.759920862836451)
(-0.2893235688506787, 0.7112818344518409, 0.759920862836451)
(-0.2893235688506787, 0.7112818344518409, 0.759920862836451)
(-0.2893235688506787, 0.7112818344518409, 0.759920862836451)
(-0.2893235688506787, 0.7112818344518409, 0.759920862836451)
(-0.2893235688506787, 0.7112818344518824, 0.7599208628364952)
(-0.2893235688506787, 0.7112818344518824, 0.7599208628364952)
(-0.2893235688506787, 0.7112818344518823, 0.7599208628364952)
(-0.2893235688506787, 0.7112818344518823, 0.7599208628364952)
(-0.2893235688506787, 0.7112818344518823, 0.7599208628364952)
(-0.2893235688506787, 0.7112818344518823, 0.7599208628364952)
(-0.2893235688506787, 0.7112818344518823, 0.7599208628364952)
(-0.2893235688506787, 0.7112818344518823, 0.7599208628364952)
(-0.2893235688506787, 0.7112818344518823, 0.7599208628364951)
(-0.2893235688506787, 0.7112818344518823, 0.7599208628364951)
(-0.2893235688506787, 0.7112818344518823, 0.7599208628364951)
(-0.2893235688506787, 0.7112818344518823, 0.7599208628364951)
(-0.2893235688506787, 0.7112818344518823, 0.7599208628364951)
(-0.2893235688506787, 0.7112818344518822, 0.7599208628364951)
(-0.2893235688506787, 0.7112818344518822, 0.7599208628364951)
(-0.2893235688506787, 0.7112818344518822, 0.7599208628364951)
(-0.2893235688506787, 0.7112818344518822, 0.7599208628364951)
(-0.2893235688506787, 0.7112818344518822, 0.7599208628364951)
(-0.2893235688506787, 0.7112818344518822, 0.7599208628364951)
(-0.2893235688506787, 0.7112818344518822, 0.7599208628364951)
(-0.2893235688506787, 0.7112818344518821, 0.7599208628364951)
(-0.2893235688506787, 0.7112818344518821, 0.759920862836495)
(-0.2893235688506787, 0.7112818344518821, 0.759920862836495)
(-0.2893235688506787, 0.7112818344518821, 0.759920862836495)
(-0.2893235688506787, 0.7112818344518821, 0.759920862836495)
