(-1282.503, -367.1839, 20524.25)
(2.2502, -2.665697, 2.742279)
(-1.980105, -2.039807, -0.7628545)
(0.1234378, 3.847442, -1.661341)
(-1.75954, 0.3218038, 1.013855)
(-5.766059, 4.648303, -0.6550291)
(-3.053825, 0.6506659, -0.1109278)
(-22.95491, -11.81983, 16.54408)
(-4.05503, 2.989422, 2.543154)
(1.047691, -1.072255, -0.4464167)
(1.647707, -0.5248612, -1.056222)
(0.548402, -3.087669, 0.01661824)
(4.313466, 2.265002, -0.7730458)
(-1.731467, 0.1599963, 0.5172483)
(-1.011146, -0.4831125, -0.6373695)
(4.233146, 5.28231, -1.946274)
(5.61231, -1.716631, 0.3154309)
(3.167696, -1.340982, -0.8085622)
(1.722138, 0.9087859, -0.1171228)
(-1.208748, 0.6168351, -1.76203)
(-4.506241, -0.2142502, -0.759191)
(-1.870973, 6.531146, -0.6572569)
(-0.1475839, 0.3978349, -1.246977)
(-0.3792726, 0.5928859, -1.094223)
(-1.480075, -0.06113907, -0.6606416)
(-3.130586, -2.39095, 6.275876)
(-0.822271, 1.894624, 1.444476)
(-0.6038905, -0.240681, -0.8576995)
(0.4439084, -0.8835174, 0.05804129)
(-1.142001, 0.6750913, -0.3855217)
(-1.022017, -1.304765, -1.348944)
(2.389223, 0.2887475, 0.325655)
(-0.637758, -0.9518136, -0.1371984)
(-0.1573085, 1.072757, -0.233778)
(0.8046116, -0.05916262, 1.996316)
(-0.3731871, 1.969895, 1.116896)
(-1.803259, -0.4448472, 1.182643)
(-5.324701, 0.8630517, -0.5484202)
(-1.765046, 1.095031, 0.2151715)
(0.3818961, -0.290241, -0.8724204)
(3.26697, -1.292428, 1.073901)
(1.267603, -1.780858, -0.6600534)
(-1.284628, -0.1660403, 1.004981)
(-3.074996, 0.447956, 0.4376974)
(-5.579163, 0.245151, 1.684425)
(-1.70111, 0.8638201, 0.8680649)
(2.268329, -0.7221888, 0.5646203)
(0.3653743, -0.2380372, -0.03071448)
(6.223513, -3.3632, -2.994568)
(-1.229341, 0.2550719, 0.294516)
(-0.4497375, -0.06195909, -1.677168)
