(0.1338768, -0.2109659, 0.1087193)
(0.1340315, -0.2112026, 0.1084112)
(0.133621, -0.2106977, 0.1088279)
(0.1337879, -0.2109454, 0.108498)
(0.1339405, -0.21118, 0.1082089)
(0.1335976, -0.2109504, 0.1088842)
(0.1337228, -0.2111897, 0.1086006)
(0.1339219, -0.2109706, 0.1091012)
(0.1337557, -0.2108617, 0.1093621)
(0.133893, -0.2110846, 0.1091145)
(0.134048, -0.211308, 0.1088676)
(0.1339252, -0.210891, 0.1091306)
(0.1341102, -0.2111332, 0.1088746)
(0.1342711, -0.2113619, 0.1086268)
(0.1341727, -0.2108386, 0.1091201)
(0.1343369, -0.2110322, 0.1088586)
(0.1345079, -0.2112291, 0.1085927)
(0.1340404, -0.2102995, 0.1094766)
(0.1341939, -0.2104876, 0.1092265)
(0.1343462, -0.2106762, 0.1089694)
(0.1339366, -0.2103059, 0.109203)
(0.1340909, -0.210469, 0.108924)
(0.1342397, -0.2106364, 0.1086624)
(0.1339078, -0.2102625, 0.1094766)
(0.1340542, -0.2104275, 0.1092544)
(0.1342015, -0.2105863, 0.1090281)
(0.1336641, -0.2101946, 0.1094807)
(0.1337657, -0.2103643, 0.109264)
(0.1338754, -0.2105284, 0.1090431)
(0.1333907, -0.2097895, 0.1100005)
(0.1335101, -0.209959, 0.1097856)
(0.1336367, -0.2101068, 0.1095742)
(0.1334739, -0.2096882, 0.1098905)
(0.1335962, -0.2098291, 0.109689)
(0.133496, -0.2097223, 0.1097629)
(0.133152, -0.2095251, 0.1101798)
(0.1331966, -0.209666, 0.109991)
(0.1332457, -0.209816, 0.1098034)
(0.1329734, -0.2094786, 0.1104063)
(0.1330507, -0.2096331, 0.110236)
(0.1331134, -0.2097995, 0.1100527)
(0.1327183, -0.2090993, 0.1110036)
(0.1327846, -0.2092323, 0.1108774)
(0.1328545, -0.2093742, 0.1107441)
(0.1323783, -0.2087748, 0.1116956)
(0.1323993, -0.20891, 0.1115589)
(0.132329, -0.2089419, 0.111518)
(0.1323152, -0.2085826, 0.1115174)
(0.1323676, -0.208704, 0.1113611)
(0.1324089, -0.2088239, 0.1112007)
(0.1320834, -0.2079563, 0.1122297)
(0.1321335, -0.208076, 0.1120968)
(0.1322057, -0.2081714, 0.1119673)
(0.131614, -0.2079754, 0.1123484)
(0.1316481, -0.2080863, 0.1122177)
(0.1316926, -0.2079852, 0.1125194)
(0.1314371, -0.2077711, 0.1128911)
(0.1315022, -0.207886, 0.1127863)
(0.1315441, -0.2079935, 0.1126857)
(0.131254, -0.2071638, 0.1135427)
(0.1312857, -0.2072644, 0.1134449)
(0.1311219, -0.2070291, 0.1137551)
(0.1309118, -0.206459, 0.1141109)
(0.1309564, -0.2065351, 0.1140083)
(0.1308727, -0.2063363, 0.1142869)
(0.1306922, -0.2060621, 0.1145993)
(0.1307538, -0.2061357, 0.1145138)
(0.1308057, -0.2061856, 0.1144562)
(0.1305277, -0.2054005, 0.114886)
(0.1305652, -0.2054565, 0.1147728)
(0.1306019, -0.2054939, 0.1146938)
(0.1301036, -0.2056599, 0.11498)
(0.1301045, -0.2057083, 0.1149092)
(0.1301074, -0.205755, 0.1148387)
(0.1299427, -0.2050505, 0.1157038)
(0.1299574, -0.2050867, 0.115651)
(0.129971, -0.2051198, 0.1155939)
(0.1296785, -0.2047174, 0.1158268)
(0.1296849, -0.2047496, 0.1157699)
(0.1296089, -0.2044418, 0.1162112)
(0.1293058, -0.2041802, 0.1166364)
(0.1292899, -0.2041986, 0.1166017)
(0.1292801, -0.204211, 0.1165693)
(0.1290324, -0.2036607, 0.1171176)
(0.1290228, -0.2036512, 0.1170933)
(0.1290131, -0.2036531, 0.1170726)
(0.12854, -0.2037964, 0.1171304)
(0.1284964, -0.203805, 0.1171142)
(0.1285295, -0.2035897, 0.1175389)
(0.1283844, -0.2035272, 0.1177061)
(0.1283429, -0.2035487, 0.1177052)
(0.128294, -0.2035661, 0.1176934)
(0.1283836, -0.2035739, 0.1175703)
(0.1283383, -0.2035811, 0.1175653)
(0.1284394, -0.2033033, 0.1181244)
(0.1284156, -0.202915, 0.1181636)
(0.1283989, -0.2029061, 0.1181617)
(0.1283922, -0.2029102, 0.1181705)
(0.1281898, -0.2023535, 0.1186322)
(0.1281939, -0.2023356, 0.118643)
(0.1281776, -0.2023296, 0.1186423)
(0.1280084, -0.2024488, 0.1185455)
(0.1279588, -0.202455, 0.1185323)
(0.128299, -0.202493, 0.118668)
(0.1280832, -0.2023978, 0.1190232)
(0.1280818, -0.2024055, 0.1190631)
(0.1280828, -0.2023973, 0.1191145)
(0.127985, -0.2021403, 0.1192862)
(0.1279767, -0.202127, 0.1193211)
(0.1279624, -0.2021115, 0.11935)
(0.1277719, -0.2023861, 0.1191387)
(0.1277423, -0.2023883, 0.1191725)
(0.1277165, -0.2023854, 0.1191998)
(0.1281283, -0.2025139, 0.1184245)
(0.1281252, -0.2024975, 0.1184222)
(0.1284761, -0.2025123, 0.118588)
(0.1284902, -0.2026789, 0.1185964)
(0.1285083, -0.2026749, 0.1186068)
(0.1285312, -0.2026815, 0.1186163)
(0.1284463, -0.2027617, 0.1183814)
(0.1284318, -0.2027609, 0.1183807)
(0.1284318, -0.2027609, 0.1183807)
(0.1290021, -0.2028687, 0.1180851)
(0.1289895, -0.2028658, 0.1180598)
(0.1289468, -0.2028694, 0.1180372)
(0.1294794, -0.2031951, 0.1174088)
(0.1294954, -0.2032197, 0.1173836)
(0.1294744, -0.2032297, 0.1173542)
(0.1298766, -0.2038844, 0.1165894)
(0.1298335, -0.2039173, 0.1165289)
(0.1297815, -0.2040021, 0.1163757)
(0.1298604, -0.2042415, 0.1161276)
(0.1298132, -0.2043064, 0.1160402)
(0.1298015, -0.2043526, 0.1159681)
(0.1300962, -0.2045429, 0.1157761)
(0.1300499, -0.2045763, 0.1157185)
(0.1299977, -0.2046423, 0.1156524)
(0.1299565, -0.2049463, 0.1156907)
(0.1299751, -0.2050002, 0.1156385)
(0.1299944, -0.2050402, 0.1155972)
(0.1298177, -0.2046733, 0.1157625)
(0.1297879, -0.2047021, 0.1156898)
(0.1297786, -0.2046256, 0.115786)
(0.1293154, -0.2043664, 0.116508)
(0.1293123, -0.2043967, 0.1164855)
(0.1293232, -0.2044349, 0.1164621)
(0.1294637, -0.2045631, 0.1160275)
(0.1294646, -0.204586, 0.116004)
(0.1294584, -0.2046249, 0.1159563)
(0.129508, -0.2042129, 0.1165372)
(0.1295257, -0.2042491, 0.1165028)
(0.1295631, -0.2042754, 0.1165104)
(0.1293163, -0.2045927, 0.1164192)
(0.1293001, -0.2046366, 0.116406)
(0.1292691, -0.20469, 0.116372)
(0.1296558, -0.2049329, 0.1157595)
(0.1296623, -0.2049689, 0.1157221)
(0.1300633, -0.2052917, 0.1154879)
(0.1300147, -0.2049963, 0.115608)
(0.1300609, -0.2050235, 0.1155579)
(0.1300845, -0.2050583, 0.11551)
(0.1301098, -0.2046511, 0.1159638)
(0.1301627, -0.2046607, 0.115934)
(0.1302016, -0.2046783, 0.1159003)
(0.1305254, -0.2050357, 0.1158299)
(0.1306016, -0.2050948, 0.1158226)
(0.130661, -0.2051432, 0.1158137)
(0.1307328, -0.2055154, 0.1157596)
(0.130723, -0.2055807, 0.1157479)
(0.1307285, -0.2056501, 0.1157223)
(0.1309683, -0.2057014, 0.1150944)
(0.1309919, -0.2057493, 0.1150203)
(0.1310058, -0.2058046, 0.1149546)
(0.131216, -0.2057471, 0.11484)
(0.1312792, -0.2057872, 0.1147726)
(0.1313307, -0.2058225, 0.1147106)
(0.1309175, -0.2056386, 0.1154038)
(0.1309528, -0.2057066, 0.1153386)
(0.1309996, -0.2057748, 0.1152768)
(0.1309471, -0.205636, 0.1153178)
(0.1309986, -0.2056832, 0.1152544)
(0.131058, -0.2057173, 0.1152008)
(0.1310687, -0.2059572, 0.1149817)
(0.1311162, -0.206027, 0.1149051)
(0.1313691, -0.2064078, 0.1144485)
(0.1314511, -0.2063265, 0.1142925)
(0.1314917, -0.2063975, 0.1141864)
(0.1315336, -0.2064602, 0.1140927)
(0.1317122, -0.2061403, 0.1146826)
(0.1317575, -0.2061961, 0.1146147)
(0.1318119, -0.2062571, 0.1145175)
(0.1319914, -0.2061481, 0.114318)
(0.1320589, -0.2061667, 0.1142147)
(0.1321034, -0.2061086, 0.1143128)
(0.1320515, -0.2061956, 0.114391)
(0.1321204, -0.2062852, 0.1143283)
(0.132277, -0.206568, 0.1139789)
(0.1322906, -0.206809, 0.1138829)
(0.1322715, -0.206923, 0.1138041)
(0.1322634, -0.2070575, 0.113724)
(0.1324332, -0.2071996, 0.1134226)
(0.1325109, -0.2072761, 0.1133307)
(0.132571, -0.2073722, 0.1132307)
(0.1324356, -0.2074988, 0.1131034)
(0.1325517, -0.2076254, 0.1129503)
(0.1326358, -0.2077193, 0.1128235)
(0.1332412, -0.2079644, 0.112487)
(0.1333456, -0.2080784, 0.1123466)
(0.133446, -0.2081842, 0.1122258)
(0.1335268, -0.2079775, 0.1123343)
(0.1336288, -0.2080779, 0.1122538)
(0.1337516, -0.2084384, 0.1117442)
(0.1336246, -0.2080719, 0.111963)
(0.1336789, -0.208147, 0.1118479)
(0.1336915, -0.2082047, 0.1117312)
(0.1338744, -0.2079709, 0.1120749)
(0.1339459, -0.2080488, 0.1119648)
(0.1340024, -0.2081025, 0.1118783)
(0.1333416, -0.2080889, 0.1122912)
(0.1333499, -0.2081985, 0.1121856)
(0.1333289, -0.2083216, 0.1121109)
(0.1329799, -0.2078383, 0.1123295)
(0.1329355, -0.2079749, 0.1122531)
(0.1331146, -0.2079756, 0.1125759)
(0.1327858, -0.2076285, 0.1129012)
(0.1326134, -0.2077742, 0.112848)
(0.1324766, -0.2079411, 0.112788)
(0.132627, -0.2081389, 0.1129218)
(0.1325061, -0.2082317, 0.1128343)
(0.1324313, -0.2083261, 0.1127549)
(0.131978, -0.2077742, 0.11321)
(0.1319656, -0.2078021, 0.1131541)
(0.1319549, -0.207828, 0.113079)
(0.1314535, -0.2075224, 0.1134295)
(0.1313713, -0.2076006, 0.1133133)
(0.1304502, -0.2066751, 0.1145272)
(0.1304626, -0.2067702, 0.1145067)
(0.1305017, -0.2069602, 0.1142983)
(0.1301291, -0.206445, 0.1148305)
(0.1214967, -0.1949391, 0.1281229)
(0.1212234, -0.1948128, 0.128202)
(0.1208208, -0.1948137, 0.1284457)
(0.1204798, -0.1947436, 0.1283848)
(0.120429, -0.1948447, 0.1283617)
(0.1205633, -0.1946719, 0.1285961)
(0.1203849, -0.194633, 0.128547)
(0.1206837, -0.1948705, 0.1284586)
(0.1205261, -0.1947782, 0.1285627)
(0.1203051, -0.1947408, 0.1287394)
(0.1206365, -0.195329, 0.1282655)
(0.1204998, -0.1953831, 0.1282837)
(0.1203113, -0.1956272, 0.1282989)
(0.1202435, -0.1955848, 0.1285548)
(0.1203141, -0.1956229, 0.1287024)
(0.1205821, -0.1958692, 0.1293237)
(0.1205757, -0.1958234, 0.1295804)
(0.1205194, -0.1958702, 0.1297783)
(0.1202993, -0.1961045, 0.1297722)
(0.1203716, -0.1963871, 0.1297811)
(0.1203678, -0.1962814, 0.1297792)
(0.1202703, -0.1963594, 0.12985)
(0.1205833, -0.1964126, 0.1302861)
(0.1206045, -0.1964333, 0.1306721)
(0.1205328, -0.1964874, 0.1309285)
(0.1207707, -0.1965039, 0.1316298)
(0.1208687, -0.1960564, 0.1319376)
(0.1207223, -0.1960642, 0.1327034)
(0.1203918, -0.1957757, 0.1338568)
(0.1201916, -0.1956778, 0.1350127)
(0.1198974, -0.1955271, 0.1365443)
(0.1195831, -0.1954615, 0.1385772)
(0.1191185, -0.1963365, 0.1413636)
(0.1188419, -0.1975105, 0.1442592)
(0.1185825, -0.1982687, 0.1466804)
(0.1186337, -0.19766, 0.1486586)
(0.1182027, -0.1966894, 0.1518788)
(0.1177113, -0.1956501, 0.1556251)
(0.1167626, -0.1940186, 0.158589)
(0.1154349, -0.1893005, 0.1613933)
(0.1136694, -0.1850114, 0.1642003)
(0.1110315, -0.1778991, 0.1661906)
(0.1101735, -0.1702502, 0.1666325)
(0.1108179, -0.1590221, 0.1649414)
(0.1101255, -0.1461704, 0.1663661)
(0.1087475, -0.1318061, 0.1675764)
(0.1083846, -0.1089249, 0.170559)
(0.1086833, -0.08771157, 0.1747612)
(0.1081595, -0.06721377, 0.1839579)
(0.1088769, -0.04666209, 0.1921844)
(0.1090088, -0.02546239, 0.2018234)
(0.1091418, -0.00688076, 0.2133175)
(0.1102574, 0.01075768, 0.227931)
(0.1101651, 0.0261116, 0.2385175)
(0.1109493, 0.04049826, 0.2514962)
(0.1120622, 0.05262184, 0.2665184)
(0.1121151, 0.06352425, 0.2815731)
(0.1157258, 0.07562876, 0.2943461)
(0.1175268, 0.08521795, 0.3104117)
(0.1199307, 0.09194517, 0.3284504)
(0.1237648, 0.09865284, 0.344243)
(0.1266584, 0.1031942, 0.3644228)
(0.1305046, 0.1075327, 0.3839819)
(0.1352468, 0.1108875, 0.4020078)
(0.1391492, 0.1120689, 0.4219489)
(0.1444347, 0.1128776, 0.4434023)
(0.1489224, 0.1143761, 0.462723)
(0.1534374, 0.1139035, 0.4825864)
(0.1590633, 0.1137767, 0.5039444)
(0.1630657, 0.1133876, 0.5244343)
(0.1676993, 0.1116581, 0.5452306)
(0.172497, 0.1115422, 0.5657215)
(0.1748338, 0.1094282, 0.5845075)
(0.1781163, 0.1067297, 0.6002264)
(0.1816192, 0.1040437, 0.6165276)
(0.182935, 0.09940815, 0.6305568)
(0.1859138, 0.09548903, 0.6422279)
(0.189234, 0.09266114, 0.6538076)
(0.1906199, 0.0888412, 0.6656699)
(0.1941087, 0.08414865, 0.6711252)
(0.1982536, 0.08096981, 0.6798353)
(0.1990404, 0.07587552, 0.6866448)
(0.2009919, 0.07067657, 0.6899259)
(0.202944, 0.0655787, 0.6932547)
(0.2021894, 0.05925512, 0.6962206)
(0.2027862, 0.05362511, 0.6979978)
(0.2040353, 0.04740262, 0.6988013)
(0.2086649, 0.04270077, 0.6988935)
(0.2138317, 0.04333663, 0.6986394)
(0.2195644, 0.04331255, 0.6995032)
(0.2239501, 0.04945922, 0.6984611)
(0.2259173, 0.04587841, 0.6933637)
(0.2249508, 0.04890347, 0.6919036)
(0.2215662, 0.0442996, 0.6922667)
(0.2235227, 0.03933597, 0.6917136)
(0.2239869, 0.03706932, 0.692296)
(0.2243752, 0.03450537, 0.6987152)
(0.2222912, 0.03610182, 0.7015703)
(0.2240477, 0.03904557, 0.697957)
(0.2267914, 0.03663969, 0.6933587)
(0.2272923, 0.03924155, 0.689954)
(0.2265139, 0.0394907, 0.6882353)
(0.2243989, 0.03983736, 0.690871)
(0.2236037, 0.03998995, 0.6924789)
(0.225045, 0.03751183, 0.6917789)
(0.2260389, 0.03559208, 0.6910284)
(0.2251332, 0.03569961, 0.6907771)
(0.2238393, 0.03709006, 0.6896212)
(0.2236967, 0.03745294, 0.6889305)
(0.2244318, 0.037256, 0.6879365)
(0.2250021, 0.03681946, 0.6875734)
(0.2255569, 0.03619695, 0.6878433)
(0.2255726, 0.03565669, 0.6878548)
(0.2258306, 0.03525209, 0.6870456)
(0.2264199, 0.03529572, 0.6860347)
(0.2269661, 0.03534055, 0.68542)
(0.2273188, 0.03513885, 0.6850486)
(0.2273095, 0.03467011, 0.6852775)
(0.2273622, 0.03392291, 0.6853108)
(0.2275574, 0.03326416, 0.6851623)
(0.2278504, 0.03297043, 0.6846678)
(0.2280755, 0.03261209, 0.6844125)
(0.2283344, 0.03229284, 0.6841536)
(0.2284653, 0.03298068, 0.6848123)
(0.2223547, 0.03948927, 0.6921582)
(0.2224331, 0.03938007, 0.6920877)
(0.2226183, 0.03934574, 0.6921096)
(0.2222531, 0.03977346, 0.6927071)
(0.2223678, 0.03972149, 0.6928546)
(0.2226563, 0.03959966, 0.6928954)
(0.2228959, 0.03964972, 0.6931031)
(0.2231331, 0.03969598, 0.6930475)
(0.2231874, 0.03992248, 0.6928942)
(0.2230535, 0.04033303, 0.6925542)
(0.2229638, 0.04031038, 0.6924467)
(0.2230496, 0.04041624, 0.6923354)
(0.2230258, 0.04050207, 0.6926286)
(0.2229557, 0.04025722, 0.6930184)
(0.2229195, 0.04007316, 0.693161)
(0.2229509, 0.03990817, 0.693203)
(0.2229214, 0.03993177, 0.6930153)
(0.2230177, 0.03991199, 0.6930239)
(0.2231271, 0.03981853, 0.6930966)
(0.2231681, 0.03968263, 0.69327)
(0.2233052, 0.03966284, 0.6932905)
(0.2234354, 0.03954029, 0.6931651)
(0.2233512, 0.03954506, 0.6930873)
(0.2234097, 0.03975129, 0.6929326)
(0.2233744, 0.03968573, 0.6929214)
(0.2234542, 0.03967142, 0.6930032)
(0.2234578, 0.03969836, 0.6929951)
(0.2235792, 0.03961396, 0.6928527)
(0.2236192, 0.03958702, 0.6927392)
(0.2235491, 0.03936505, 0.6929693)
(0.2231827, 0.03939486, 0.6929717)
(0.2227449, 0.03961134, 0.6925704)
(0.2241397, 0.03951502, 0.6918073)
(0.2256005, 0.03951716, 0.6916301)
(0.2251184, 0.04052973, 0.6921616)
(0.2235441, 0.04083061, 0.6927454)
(0.2231221, 0.04006505, 0.6923518)
(0.2238545, 0.03919935, 0.6915994)
(0.2244341, 0.03902316, 0.6918652)
(0.2234733, 0.04040527, 0.6928074)
(0.2238491, 0.04005718, 0.692791)
(0.2240107, 0.03934073, 0.6925173)
(0.2240114, 0.03928566, 0.6925485)
(0.2241397, 0.03944182, 0.6925979)
(0.2241569, 0.03936481, 0.6923881)
(0.2243702, 0.03917122, 0.6922064)
(0.2246733, 0.03908849, 0.6921833)
(0.2247026, 0.03933716, 0.6921253)
(0.2245555, 0.03926253, 0.6920152)
(0.2245889, 0.03894615, 0.6915746)
(0.2245297, 0.0389297, 0.6917512)
(0.224642, 0.03890395, 0.6918099)
(0.224741, 0.03870869, 0.6916344)
(0.2246408, 0.03878522, 0.6916173)
(0.22456, 0.0387249, 0.6915603)
(0.2246542, 0.03858471, 0.6914423)
(0.2245078, 0.03872967, 0.6917505)
(0.2245202, 0.03864813, 0.6917925)
(0.2245021, 0.03853536, 0.6918645)
(0.2249336, 0.03840184, 0.6919069)
(0.2249701, 0.03831244, 0.6919115)
(0.224987, 0.038234, 0.6918619)
(0.2249951, 0.03817081, 0.6916234)
(0.225013, 0.03806233, 0.6916244)
(0.225004, 0.037678, 0.6911421)
(0.2247875, 0.03781724, 0.6914783)
(0.2249813, 0.03771734, 0.691443)
(0.2251608, 0.03762698, 0.6914229)
(0.2251873, 0.03760099, 0.6915128)
(0.2253149, 0.0374577, 0.6915338)
