(26.45656, 2.133131, 33.70445)
(25.39625, 3.02248, 34.02159)
(24.32189, 3.86703, 34.1676)
(22.76697, 5.081034, 34.45156)
(21.16909, 6.819177, 34.76856)
(19.59469, 8.500099, 34.93383)
(17.97674, 10.20947, 35.09047)
(16.75406, 11.6092, 35.49881)
(15.21749, 13.10601, 35.9751)
(13.51981, 14.44635, 36.57973)
(12.10648, 15.64863, 37.02118)
(10.43754, 16.70027, 37.36775)
(8.65941, 17.61503, 37.61055)
(7.089376, 18.6373, 37.58328)
(5.494142, 19.17276, 37.74726)
(4.003286, 19.88664, 38.00428)
(2.390075, 20.70422, 37.97739)
(0.8054018, 21.1932, 38.31718)
(-0.8492231, 21.68827, 38.608)
(-2.354395, 22.05732, 39.01884)
(-3.873587, 22.36619, 39.33637)
(-5.473971, 22.62223, 39.80177)
(-6.844032, 22.63331, 40.40468)
(-8.152163, 22.57674, 41.0228)
(-9.437776, 22.4031, 41.59806)
(-10.62074, 22.33694, 41.83543)
(-11.97023, 21.98348, 42.84747)
(-13.27157, 21.43948, 43.22994)
(-14.44957, 20.78786, 43.86265)
(-15.66479, 20.21043, 44.47219)
(-16.97084, 19.37697, 45.20452)
(-18.09776, 18.67754, 45.7485)
(-19.16966, 18.09282, 46.33706)
(-20.0383, 17.44514, 46.88642)
(-21.00537, 16.76784, 47.50834)
(-21.75471, 15.97028, 48.12233)
(-22.52576, 14.97447, 48.85566)
(-23.33696, 14.0192, 49.46478)
(-24.25073, 13.08963, 50.08485)
(-25.18187, 11.93492, 50.87278)
(-25.92111, 11.13005, 51.40283)
(-26.75665, 10.28249, 52.04427)
(-27.48237, 9.465289, 52.67308)
(-28.15723, 8.548427, 53.3386)
(-28.96527, 7.672954, 54.05526)
(-29.61919, 6.891513, 54.76162)
(-30.23899, 6.244969, 55.35872)
(-30.91695, 5.585957, 55.95641)
(-31.49687, 5.063653, 56.58844)
(-31.96096, 4.479218, 57.32381)
(-32.42121, 3.909826, 57.99682)
(-32.90363, 3.344774, 58.73158)
(-33.16057, 2.758694, 59.47754)
(-33.45182, 2.173853, 60.08947)
(-33.64296, 1.744342, 60.55427)
(-33.85798, 1.3026, 60.778)
