0.0107636
0.0122916
0.0107389
0.0112222
0.0112064
0.0107558
0.0111814
0.0109311
0.0109292
0.0111387
0.0183869
0.0074622
0.0085944
0.010228
0.0109235
0.0112222
0.0109171
0.0109488
0.0120975
0.0110994
0.0109983
0.0107084
0.0108781
0.0110606
0.0156436
0.007452
0.0099688
0.0120318
0.0112563
0.0122861
0.0093851
0.0110829
0.0106372
0.0116149
0.0105006
0.0120952
0.0110848
0.0112928
0.017298
0.0102138
0.0112377
0.006421
0.0095921
0.0113148
0.0112755
0.0109944
0.0113272
0.0112482
0.0107896
0.0114195
0.0110553
0.012042
0.0164235
0.0070688
0.0084026
0.0113146
