(-0.0972822, -0.7571254, 0.6459855)
(-0.09567131, -0.756868, 0.6465275)
(-0.09412774, -0.7564554, 0.6472367)
(-0.09310657, -0.7557709, 0.6481832)
(-0.09271467, -0.7559487, 0.6480321)
(-0.09248783, -0.7563021, 0.647652)
(-0.09134766, -0.7555881, 0.6486465)
(-0.08967376, -0.7547929, 0.6498048)
(-0.08844152, -0.7552311, 0.6494644)
(-0.08705755, -0.7555179, 0.6493179)
(-0.08490334, -0.7557396, 0.6493452)
(-0.08264101, -0.7566923, 0.6485269)
(-0.08109729, -0.7577962, 0.647432)
(-0.07984798, -0.7589532, 0.6462309)
(-0.07907301, -0.7590623, 0.646198)
(-0.07793465, -0.7591076, 0.6462831)
(-0.07722035, -0.7589053, 0.6466064)
(-0.07621758, -0.7592954, 0.6462673)
(-0.07491529, -0.7595717, 0.6460949)
(-0.0734695, -0.7596774, 0.6461366)
(-0.07211724, -0.7602673, 0.645595)
(-0.07063521, -0.7608355, 0.6450891)
(-0.0696072, -0.7616365, 0.6442552)
(-0.06919165, -0.7622839, 0.6435339)
(-0.0687983, -0.7628522, 0.6429023)
(-0.06935953, -0.7631666, 0.6424686)
(-0.07039657, -0.7638272, 0.6415703)
(-0.07073845, -0.7641314, 0.6411703)
(-0.07139851, -0.7645917, 0.6405481)
(-0.07025404, -0.7644553, 0.6408373)
(-0.06893139, -0.7642978, 0.6411687)
(-0.06825933, -0.7640355, 0.6415532)
(-0.06835061, -0.765366, 0.6399555)
(-0.06782468, -0.7664205, 0.6387484)
(-0.06704782, -0.7668172, 0.6383542)
(-0.0667747, -0.767131, 0.6380056)
(-0.06692088, -0.7677748, 0.6372154)
(-0.06750925, -0.7695763, 0.6349763)
(-0.06768648, -0.7705063, 0.6338285)
(-0.06801078, -0.7718089, 0.6322069)
(-0.06755528, -0.7718015, 0.6322647)
(-0.06683275, -0.7719646, 0.6321424)
(-0.06647822, -0.772459, 0.6315756)
(-0.06695069, -0.7725477, 0.6314172)
(-0.06817, -0.7725888, 0.6312363)
(-0.07017264, -0.7733187, 0.6301222)
(-0.07102138, -0.7739209, 0.6292872)
(-0.0711408, -0.7744161, 0.6286643)
(-0.07241023, -0.7749498, 0.6278612)
(-0.07378015, -0.7747686, 0.6279252)
(-0.07639243, -0.7751133, 0.627187)
(-0.07821009, -0.7755363, 0.6264397)
(-0.0800685, -0.7758248, 0.6258473)
(-0.08206868, -0.7770891, 0.624017)
(-0.08311468, -0.7777943, 0.6229992)
(-0.08318104, -0.7779494, 0.6227967)
(-0.08255735, -0.7769395, 0.6241389)
(-0.08282015, -0.776231, 0.624985)
(-0.08401807, -0.7765922, 0.6243761)
(-0.08612634, -0.7772472, 0.6232728)
(-0.0880269, -0.7777497, 0.62238)
(-0.08963063, -0.7781796, 0.6216131)
(-0.09056208, -0.7786416, 0.6208991)
(-0.09189232, -0.7797971, 0.6192514)
(-0.09312594, -0.7809474, 0.6176154)
(-0.09232779, -0.7802796, 0.6185784)
(-0.08902125, -0.7773796, 0.6227008)
(-0.08728668, -0.7745503, 0.6264606)
(-0.08485425, -0.7699109, 0.6324849)
(-0.08904542, -0.7677719, 0.6345055)
(-0.09917475, -0.7709883, 0.6290798)
(-0.1015425, -0.7702342, 0.6296257)
(-0.09069715, -0.7658802, 0.6365545)
(-0.07719582, -0.7604213, 0.6448258)
(-0.06840982, -0.7534407, 0.6539475)
(-0.05676308, -0.73925, 0.6710346)
(-0.05161099, -0.7305258, 0.680932)
(-0.05318637, -0.7228458, 0.6889595)
(-0.0626981, -0.7182034, 0.6930027)
(-0.08103479, -0.7209265, 0.6882575)
(-0.09275085, -0.7275072, 0.6798019)
(-0.1022808, -0.7416474, 0.6629462)
(-0.1053104, -0.7530897, 0.6494348)
(-0.1087074, -0.7614696, 0.6390201)
(-0.1130774, -0.7662911, 0.6324645)
(-0.116029, -0.765088, 0.6333859)
(-0.1211025, -0.7623103, 0.6357809)
(-0.1289973, -0.7628489, 0.6335781)
(-0.1387048, -0.7658509, 0.62788)
(-0.1443239, -0.7708575, 0.6204428)
(-0.1487019, -0.7773167, 0.6112826)
(-0.1526733, -0.7818679, 0.6044613)
(-0.1558286, -0.7835639, 0.6014524)
(-0.1604837, -0.7844318, 0.5990925)
(-0.1664204, -0.7847544, 0.5970467)
(-0.174024, -0.7857281, 0.5935882)
(-0.1832568, -0.7889583, 0.5864825)
(-0.1935061, -0.7921028, 0.5789028)
(-0.20167, -0.7940772, 0.5733852)
(-0.2092079, -0.7950133, 0.5693734)
(-0.2163867, -0.7952543, 0.5663456)
(-0.222948, -0.7954562, 0.5635102)
(-0.2283129, -0.795348, 0.561511)
(-0.2326552, -0.7958755, 0.5589758)
(-0.2378827, -0.7964113, 0.5560044)
(-0.2429181, -0.7966763, 0.5534418)
(-0.248563, -0.7971443, 0.5502521)
(-0.253388, -0.7973665, 0.5477237)
(-0.2548113, -0.7980124, 0.5461203)
(-0.2539087, -0.80047, 0.5429348)
(-0.2536852, -0.8021737, 0.5405195)
(-0.252519, -0.8031386, 0.539632)
(-0.2524662, -0.8035529, 0.5390396)
(-0.2530553, -0.803987, 0.5381152)
(-0.2526091, -0.8033021, 0.5393463)
(-0.2516734, -0.8021864, 0.5414401)
(-0.25058, -0.80128, 0.5432864)
(-0.2484373, -0.800458, 0.5454777)
(-0.2461733, -0.8005347, 0.5463908)
(-0.2445937, -0.801281, 0.5460061)
(-0.242043, -0.8026254, 0.5451677)
(-0.2398419, -0.8032492, 0.5452216)
(-0.2362049, -0.8033081, 0.5467206)
(-0.2308891, -0.8013765, 0.5518024)
(-0.2252688, -0.799754, 0.5564598)
(-0.221525, -0.79937, 0.5585108)
(-0.2199628, -0.800148, 0.558014)
(-0.2193869, -0.8012897, 0.5566006)
(-0.2162349, -0.8021548, 0.5565879)
(-0.2102449, -0.8018419, 0.559327)
(-0.2048854, -0.8018578, 0.5612897)
(-0.1976485, -0.8023184, 0.5632232)
(-0.1906125, -0.8017091, 0.5665063)
(-0.1870265, -0.8014333, 0.5680895)
(-0.1851685, -0.8018622, 0.568093)
(-0.1852619, -0.8025572, 0.5670803)
(-0.184665, -0.8026053, 0.5672067)
(-0.1808999, -0.8023337, 0.5688022)
(-0.1730602, -0.8023393, 0.5712284)
(-0.1645453, -0.8020827, 0.5740978)
(-0.159134, -0.8010834, 0.5770111)
(-0.1569132, -0.8015482, 0.5769737)
(-0.1546864, -0.8033822, 0.5750211)
(-0.150919, -0.8047635, 0.5740898)
(-0.1453905, -0.8067027, 0.5727936)
(-0.1393728, -0.8092331, 0.5707163)
(-0.132991, -0.8105295, 0.5703993)
(-0.1271921, -0.812534, 0.5688679)
(-0.1206276, -0.8158436, 0.5655513)
(-0.113727, -0.8165439, 0.5659702)
(-0.1046873, -0.8141847, 0.5710901)
(-0.09349272, -0.810185, 0.5786704)
(-0.08107972, -0.8052642, 0.5873462)
(-0.06516597, -0.7987201, 0.5981635)
(-0.04923595, -0.7939711, 0.6059585)
(-0.03127307, -0.7908096, 0.6112628)
(-0.01532242, -0.788318, 0.6150773)
(-0.01422471, -0.7877138, 0.6158772)
(-0.02885407, -0.7940035, 0.6072281)
(-0.03878343, -0.7987944, 0.6003527)
(-0.04079606, -0.7981263, 0.6011074)
(-0.03458352, -0.7918201, 0.6097745)
(-0.03000066, -0.788168, 0.6147286)
(-0.02500284, -0.7832855, 0.6211592)
(-0.02048391, -0.7782001, 0.6276823)
(-0.01974709, -0.7772105, 0.6289307)
(-0.02288905, -0.7769427, 0.629155)
(-0.02357888, -0.7774422, 0.6285123)
(-0.02527604, -0.7775953, 0.6282568)
(-0.02527574, -0.7764356, 0.6296896)
(-0.02446109, -0.7751205, 0.6313398)
(-0.01964095, -0.7722381, 0.6350296)
(-0.01351503, -0.7698128, 0.6381266)
(-0.01055673, -0.7687834, 0.6394222)
(-0.009529263, -0.7667232, 0.6419071)
(-0.008494586, -0.7643586, 0.6447355)
(-0.007097036, -0.7630593, 0.6462896)
(-0.005368024, -0.7621115, 0.6474235)
(-0.003180087, -0.7614174, 0.6482542)
(-0.0001617968, -0.7599848, 0.6499408)
(0.003225714, -0.7576427, 0.6526616)
(0.006178707, -0.754669, 0.6560767)
(0.009246081, -0.7520868, 0.6589992)
(0.0113422, -0.7502145, 0.6610973)
(0.01312917, -0.748691, 0.6627891)
(0.01489151, -0.7484341, 0.6630419)
(0.01704445, -0.7484001, 0.6630285)
(0.01892862, -0.7472383, 0.6642865)
(0.02119854, -0.7457564, 0.6658814)
(0.02141061, -0.7450048, 0.6667154)
(0.02061951, -0.7443961, 0.6674199)
(0.01855507, -0.7416813, 0.6704957)
(0.01150146, -0.7447886, 0.6672013)
(0.006091207, -0.7481598, 0.6634906)
(0.01678056, -0.7376443, 0.674981)
(0.03860243, -0.7213495, 0.6914946)
(0.04118963, -0.7213306, 0.691365)
(0.02424374, -0.733622, 0.6791252)
(0.01011094, -0.7391754, 0.6734371)
(0.009288967, -0.7326279, 0.680566)
(0.01625997, -0.7274916, 0.6859239)
(0.02014199, -0.7278192, 0.6854733)
(0.02394959, -0.7260836, 0.6871892)
(0.02840021, -0.7221235, 0.6911809)
(0.02973318, -0.7194325, 0.6939257)
(0.02820718, -0.7190183, 0.6944184)
(0.02734694, -0.7183369, 0.6951577)
(0.02660397, -0.7176785, 0.6958663)
(0.02659979, -0.7177417, 0.6958012)
(0.02742809, -0.7179126, 0.6955928)
(0.02871364, -0.7183074, 0.6951331)
(0.02892363, -0.7184967, 0.6949286)
(0.02819133, -0.7194312, 0.6939914)
(0.02702931, -0.7192895, 0.6941845)
(0.02535275, -0.7191874, 0.6943535)
(0.02375624, -0.7198157, 0.6937586)
(0.02246782, -0.7207926, 0.6927866)
(0.02153766, -0.7221619, 0.6913887)
(0.02202123, -0.7222564, 0.6912747)
(0.02379534, -0.7213888, 0.6921214)
(0.0244633, -0.7206336, 0.6928844)
