0.0108223
0.0109576
0.0120199
0.0199856
0.0198521
0.0119657
0.0034447
0.0106932
0.0110129
0.0131754
0.0122619
0.0084056
0.0113437
0.0107563
0.0110217
0.0111081
0.0120953
0.0097583
0.0111019
0.0120736
0.0109124
0.0109662
0.0123372
0.0112709
0.0093486
0.0110556
0.0109135
0.0111108
0.0128932
0.0100186
0.0109351
0.0110431
0.0111695
0.0109798
0.012056
0.0097904
0.0114478
0.0116552
0.0109985
0.0114781
0.0115267
0.0099508
0.011014
0.0111683
0.0108308
0.0110178
0.0123535
0.0106514
0.0109996
0.0110055
0.0110024
0.0125657
0.0132569
0.0073093
0.0108509
0.0120692
0.0108461
0.0112515
