(-100.0285, 3.66869, 11.96015)
(-100.475, 4.49729, 12.39173)
(-101.0994, 5.863285, 13.07858)
(-101.7256, 7.164812, 13.50498)
(-102.5858, 9.345126, 13.805)
(-103.7725, 13.67998, 14.25908)
(-104.3505, 15.359, 14.995)
(-105.3586, 16.58461, 15.27073)
(-105.9132, 18.66076, 15.39195)
(-106.5512, 20.8348, 15.45787)
(-107.2358, 23.15102, 15.56233)
(-107.8488, 25.16562, 15.79711)
(-108.4948, 27.24621, 16.05517)
(-109.0755, 29.34805, 16.33375)
(-109.6526, 31.34435, 16.55834)
(-110.2135, 33.34076, 16.75416)
(-110.5749, 35.1054, 17.19773)
(-110.9747, 36.77266, 17.54021)
(-111.6816, 39.72211, 18.28911)
(-112.038, 40.85525, 18.63301)
(-112.5655, 41.90925, 18.97113)
(-112.8463, 42.73549, 19.38171)
(-113.2295, 43.19445, 19.73839)
(-113.6795, 43.73888, 20.02781)
(-113.9174, 43.83957, 20.45035)
(-114.2691, 43.86349, 20.78958)
(-114.6684, 43.4316, 21.06487)
(-114.8502, 42.51753, 21.43264)
(-115.1401, 41.87801, 21.74036)
(-115.4121, 40.82941, 22.02151)
(-115.6124, 39.65966, 22.3568)
(-116.0258, 36.70039, 23.036)
(-116.2493, 35.16824, 23.37193)
(-116.3589, 33.23391, 23.78674)
(-116.5228, 31.41688, 24.17691)
(-116.684, 29.10193, 24.63043)
(-116.802, 26.99034, 25.07618)
(-116.8676, 24.88868, 25.61067)
(-117.0415, 22.6655, 26.1615)
(-117.1347, 20.51011, 26.72348)
(-117.1407, 18.37094, 27.3839)
(-117.3766, 16.37619, 27.88308)
(-117.4926, 14.58967, 28.48506)
(-117.3495, 12.6761, 29.25745)
(-117.424, 9.505033, 30.43148)
(-117.3251, 7.971573, 31.00441)
(-117.6594, 6.746745, 31.20904)
(-117.9626, 5.49686, 31.46227)
(-118.3468, 4.312134, 31.37279)
(-118.6975, 3.165865, 31.34131)
(-118.7723, 2.372861, 31.15063)
