(0.2695108, -0.3658906, 0.8907794)
(0.2697988, -0.3662502, 0.8905444)
(0.2700524, -0.3669268, 0.890189)
(0.2700524, -0.3669268, 0.890189)
(0.2698175, -0.3682654, 0.8897073)
(0.2692216, -0.3686253, 0.8897388)
(0.2684772, -0.3691503, 0.8897461)
(0.267542, -0.3703049, 0.8895479)
(0.2666452, -0.3717811, 0.8892014)
(0.2661268, -0.3737702, 0.8885226)
(0.2660722, -0.3760805, 0.8875636)
(0.2660672, -0.3779911, 0.8867531)
(0.2657437, -0.3793927, 0.8862513)
(0.2645981, -0.380429, 0.8861499)
(0.2636377, -0.3808995, 0.886234)
(0.2629773, -0.381928, 0.8859875)
(0.2625783, -0.3831579, 0.8855748)
(0.2632065, -0.3847456, 0.8846995)
(0.2638522, -0.3869531, 0.8835436)
(0.2649863, -0.3892121, 0.882211)
(0.2660962, -0.3913598, 0.8809258)
(0.2668751, -0.3932726, 0.8798377)
(0.2676712, -0.3951182, 0.8787683)
(0.2685678, -0.3965214, 0.8778622)
(0.2691854, -0.3977667, 0.8771094)
(0.2694466, -0.3990728, 0.8764356)
(0.2699388, -0.4005723, 0.8755997)
(0.2700958, -0.4018655, 0.8749585)
(0.2705229, -0.403107, 0.8742552)
(0.271554, -0.4050122, 0.8730541)
(0.2725269, -0.4064853, 0.8720658)
(0.2736713, -0.4084045, 0.8708099)
(0.2749586, -0.410551, 0.8693938)
(0.2767965, -0.4124441, 0.8679134)
(0.2786242, -0.4148054, 0.8662015)
(0.2803933, -0.4170039, 0.8645735)
(0.2818271, -0.4192154, 0.8630365)
(0.2825083, -0.4213173, 0.8617893)
(0.2838373, -0.4238819, 0.8600934)
(0.2851841, -0.4262695, 0.8584663)
(0.2861988, -0.4284878, 0.857023)
(0.2865554, -0.4300507, 0.8561206)
(0.2863316, -0.43158, 0.8554256)
(0.2857567, -0.4332629, 0.8547668)
(0.2847134, -0.4352491, 0.8541057)
(0.2839984, -0.4374799, 0.8532035)
(0.2837696, -0.4401272, 0.8519171)
(0.2838556, -0.4430499, 0.8503721)
(0.2839881, -0.4462042, 0.848677)
(0.2847004, -0.4504278, 0.8462036)
(0.2856608, -0.4556396, 0.8430839)
(0.2821729, -0.4622526, 0.8406551)
(0.2784086, -0.468372, 0.8385203)
(0.280441, -0.4714374, 0.8361218)
(0.2836785, -0.4740154, 0.8335682)
(0.2824942, -0.47788, 0.8317618)
(0.2854565, -0.4799839, 0.829536)
(0.2864163, -0.4829037, 0.8275081)
(0.285713, -0.4865476, 0.8256146)
(0.2840431, -0.491019, 0.823541)
(0.2825088, -0.4939601, 0.8223091)
(0.2842953, -0.4941526, 0.8215774)
(0.2813712, -0.4965757, 0.8211229)
(0.2843352, -0.4987557, 0.8187773)
(0.285955, -0.5015993, 0.8164728)
(0.2877218, -0.5046845, 0.813947)
(0.2903611, -0.509085, 0.810261)
(0.294479, -0.5142344, 0.8055092)
(0.2984142, -0.5184972, 0.8013175)
(0.3029848, -0.5206987, 0.7981685)
(0.3074868, -0.5223871, 0.7953386)
(0.3116354, -0.524567, 0.7922834)
(0.3138899, -0.526406, 0.7901708)
(0.3161435, -0.5281769, 0.7880878)
(0.3175946, -0.5312492, 0.7854348)
(0.3162106, -0.5361053, 0.7826889)
(0.3255413, -0.5353052, 0.7794044)
(0.334454, -0.5321071, 0.7778192)
(0.3242358, -0.5379755, 0.778109)
(0.323825, -0.5386497, 0.7778136)
(0.3290397, -0.5335019, 0.7791718)
(0.3286759, -0.5298198, 0.7818331)
(0.3292434, -0.5288781, 0.7822319)
(0.3308073, -0.5295181, 0.7811384)
(0.3322846, -0.5299145, 0.780242)
(0.3337439, -0.5299283, 0.7796095)
(0.3343917, -0.5292513, 0.7797918)
(0.3353678, -0.5288618, 0.7796369)
(0.3364636, -0.5286558, 0.7793043)
(0.337553, -0.5293583, 0.7783558)
(0.3385706, -0.5304664, 0.7771585)
(0.3389864, -0.5322741, 0.77574)
(0.3389031, -0.5340338, 0.7745661)
(0.3390657, -0.5357387, 0.7733166)
(0.3390622, -0.5366946, 0.772655)
(0.3384419, -0.5368254, 0.7728361)
(0.3371807, -0.5360693, 0.7739114)
(0.3359811, -0.5349223, 0.7752256)
(0.3339772, -0.532352, 0.7778564)
(0.3319724, -0.5308446, 0.7797425)
(0.3305084, -0.5307056, 0.7804587)
(0.3287712, -0.5308686, 0.7810813)
(0.3274288, -0.5311753, 0.7814366)
(0.3253483, -0.5306908, 0.7826338)
(0.3228822, -0.5295199, 0.7844462)
(0.3208155, -0.5285158, 0.7859697)
(0.3186021, -0.5277873, 0.7873583)
(0.3166656, -0.5269329, 0.7887107)
(0.3156234, -0.5270921, 0.789022)
(0.3143944, -0.5269287, 0.7896217)
(0.312739, -0.5261159, 0.7908201)
(0.3111331, -0.5253962, 0.7919312)
(0.3092037, -0.5240957, 0.7935469)
(0.3071787, -0.5227529, 0.7952174)
(0.3060538, -0.5223937, 0.7958868)
(0.3050936, -0.5223696, 0.7962712)
(0.3051084, -0.5230559, 0.795815)
(0.3048612, -0.5230846, 0.7958907)
(0.3048683, -0.5225345, 0.7962493)
(0.3047066, -0.5203236, 0.7977576)
(0.3049328, -0.5197743, 0.7980292)
(0.3048725, -0.5198066, 0.7980312)
(0.3053571, -0.520207, 0.7975849)
(0.3066328, -0.521954, 0.7959525)
(0.3080269, -0.5232204, 0.7945815)
(0.3103458, -0.5240007, 0.7931638)
(0.3127055, -0.5247692, 0.7917276)
(0.314581, -0.5244733, 0.7911805)
(0.314928, -0.523384, 0.7917636)
(0.3157275, -0.5233914, 0.7914402)
(0.3159534, -0.5233283, 0.7913917)
(0.3164725, -0.5239041, 0.7908032)
(0.3162281, -0.5247946, 0.7903103)
(0.3157552, -0.5257981, 0.7898322)
(0.3156308, -0.5270022, 0.7890791)
(0.3154842, -0.528401, 0.7882018)
(0.3146814, -0.5297619, 0.787609)
(0.3129063, -0.5319272, 0.7868565)
(0.3105358, -0.5349506, 0.7857452)
(0.3067008, -0.5389467, 0.7845197)
(0.3039343, -0.5435787, 0.7823977)
(0.301668, -0.5487188, 0.7796821)
(0.2984587, -0.5520093, 0.7785937)
(0.2948361, -0.5545978, 0.7781343)
(0.2920145, -0.5569212, 0.7775386)
(0.2886903, -0.5580389, 0.7779785)
(0.2854356, -0.5588319, 0.7786099)
(0.2819499, -0.5603546, 0.7787856)
(0.2776371, -0.5614317, 0.7795589)
(0.2744696, -0.5629207, 0.7796068)
(0.2769957, -0.5598316, 0.7809366)
(0.2718352, -0.5603837, 0.7823526)
(0.2687182, -0.5594257, 0.7841132)
(0.2665586, -0.5598316, 0.7845604)
(0.2637153, -0.5600519, 0.7853637)
(0.2596622, -0.5599824, 0.7867625)
(0.2555674, -0.560293, 0.7878814)
(0.250274, -0.5611476, 0.7889717)
(0.2463933, -0.5612175, 0.7901426)
(0.2413779, -0.560812, 0.7919764)
(0.2371706, -0.5602872, 0.7936172)
(0.2324509, -0.5602314, 0.7950518)
(0.2281305, -0.5601771, 0.7963405)
(0.2237934, -0.5601178, 0.7976118)
(0.2204537, -0.5555792, 0.8017056)
(0.2163284, -0.5545258, 0.8035566)
(0.2133394, -0.5541419, 0.8046198)
(0.2106707, -0.5544158, 0.8051342)
(0.2097826, -0.5542006, 0.8055141)
(0.2077635, -0.5539905, 0.8061817)
(0.2066136, -0.553839, 0.8065811)
(0.2059324, -0.5541827, 0.8065193)
(0.2049043, -0.5546703, 0.806446)
(0.2047449, -0.5556921, 0.8057827)
(0.2046743, -0.5567068, 0.8051)
(0.2051257, -0.5583916, 0.8038173)
(0.2059129, -0.5588073, 0.803327)
(0.2062717, -0.5586529, 0.8033423)
(0.2062131, -0.5591387, 0.8030193)
(0.206828, -0.5589826, 0.8029699)
(0.2078511, -0.5590057, 0.8026896)
(0.2086115, -0.5597968, 0.8019407)
(0.210008, -0.5598529, 0.8015369)
(0.210865, -0.5598578, 0.8013084)
(0.2113224, -0.5593672, 0.8015305)
(0.2121399, -0.558528, 0.8018997)
(0.2131659, -0.5571133, 0.8026114)
(0.2142352, -0.5560728, 0.8030481)
(0.2155492, -0.5535631, 0.8044293)
(0.2171717, -0.5515853, 0.805351)
(0.2190171, -0.5498368, 0.8060465)
(0.2212591, -0.5483143, 0.8064713)
(0.2245307, -0.5476657, 0.8060076)
(0.2278565, -0.5467929, 0.8056667)
(0.231167, -0.5451041, 0.805868)
(0.234137, -0.5433023, 0.8062273)
(0.2376439, -0.5413751, 0.8064976)
(0.2410439, -0.539315, 0.8068687)
(0.2451039, -0.5408565, 0.8046106)
(0.248253, -0.5422814, 0.8026838)
(0.2525015, -0.5457516, 0.7989982)
(0.2560733, -0.5466739, 0.7972291)
(0.2598268, -0.5499693, 0.7937404)
(0.2632428, -0.5514917, 0.7915555)
(0.2655512, -0.552146, 0.7903273)
(0.2680152, -0.552085, 0.7895378)
(0.2707635, -0.5531626, 0.787844)
(0.2735622, -0.5545956, 0.7858673)
(0.2759497, -0.5569888, 0.7833359)
(0.2773124, -0.5592899, 0.7812123)
(0.279482, -0.5605457, 0.7795373)
(0.2807336, -0.5616781, 0.7782714)
(0.2826563, -0.5631717, 0.7764941)
(0.2837626, -0.5635433, 0.7758206)
(0.2846605, -0.5638866, 0.7752421)
(0.286688, -0.5646361, 0.7739484)
(0.2895721, -0.5659225, 0.7719325)
(0.2920271, -0.5671663, 0.7700926)
(0.2939689, -0.5688935, 0.7680772)
(0.2964772, -0.571278, 0.7653383)
(0.2991247, -0.5742633, 0.762067)
(0.3011595, -0.5776263, 0.7587165)
(0.3032967, -0.5801855, 0.7559074)
(0.3047054, -0.581548, 0.7542921)
(0.3053806, -0.5829949, 0.7529008)
(0.3062658, -0.583759, 0.7519486)
(0.3060339, -0.5841206, 0.7517622)
(0.3064342, -0.5839431, 0.7517371)
(0.307548, -0.5841088, 0.7511533)
(0.3083256, -0.5842158, 0.7507511)
(0.3095241, -0.5832607, 0.7510005)
(0.3114159, -0.5823817, 0.7509006)
(0.3128149, -0.582533, 0.7502014)
(0.3140768, -0.5818527, 0.7502021)
(0.3147016, -0.5819739, 0.7498462)
(0.314931, -0.5820214, 0.749713)
(0.3155096, -0.5821186, 0.7493941)
(0.316343, -0.5817127, 0.749358)
(0.3162622, -0.5807485, 0.7501396)
(0.3164913, -0.57996, 0.7506528)
(0.3163856, -0.5783275, 0.7519558)
(0.3157343, -0.5768306, 0.7533779)
(0.3153732, -0.5751725, 0.7547956)
(0.3146766, -0.5722464, 0.7573063)
(0.3136138, -0.5700809, 0.7593774)
(0.3131768, -0.5673293, 0.7616152)
(0.3125268, -0.5647306, 0.7638105)
(0.3118475, -0.5620349, 0.766073)
(0.3115378, -0.5594037, 0.7681222)
(0.3111925, -0.5568858, 0.7700893)
(0.3107734, -0.5545595, 0.771935)
(0.3099555, -0.5525396, 0.7737103)
(0.3094019, -0.5500205, 0.7757242)
(0.3089127, -0.5482852, 0.7771462)
(0.3083721, -0.5464483, 0.7786533)
(0.308227, -0.5440364, 0.7803977)
(0.308157, -0.5411409, 0.7824358)
(0.3080881, -0.5383185, 0.7844074)
(0.3083974, -0.5355908, 0.7861511)
(0.3088535, -0.5325744, 0.788019)
(0.3091524, -0.5305789, 0.789247)
(0.3095176, -0.528711, 0.7903566)
(0.3098134, -0.5271608, 0.7912756)
(0.3097852, -0.5256201, 0.792311)
(0.3090175, -0.5231914, 0.7942159)
(0.3074456, -0.521031, 0.7962435)
(0.3062361, -0.518355, 0.7984532)
(0.3040567, -0.5160503, 0.8007756)
(0.3019274, -0.5139263, 0.8029444)
(0.2996379, -0.5123092, 0.8048332)
(0.2985301, -0.5115507, 0.8057269)
(0.2971317, -0.5107341, 0.806761)
(0.2954438, -0.5098559, 0.8079356)
(0.2940683, -0.5086816, 0.8091767)
(0.2932228, -0.5070829, 0.8104858)
(0.2932023, -0.5056603, 0.8113816)
(0.2941095, -0.5046703, 0.8116696)
(0.2950741, -0.5043014, 0.8115487)
(0.2967807, -0.5043567, 0.8108918)
(0.2964531, -0.5046204, 0.8108476)
(0.2961865, -0.5052073, 0.8105795)
(0.296326, -0.506476, 0.8097364)
(0.2958182, -0.5091942, 0.8082159)
(0.2954458, -0.5130465, 0.8059126)
(0.2956823, -0.5162707, 0.803764)
(0.2959839, -0.517635, 0.8027749)
(0.2961362, -0.5166704, 0.8033399)
(0.2955799, -0.5129709, 0.8059115)
(0.2942342, -0.5083511, 0.8093241)
(0.2928664, -0.5046353, 0.8121406)
(0.2917921, -0.5014791, 0.8144791)
(0.290911, -0.4983523, 0.8167104)
(0.2900585, -0.4957382, 0.8186023)
(0.2892055, -0.4931074, 0.8204909)
(0.288088, -0.4943933, 0.8201101)
(0.2886416, -0.4940538, 0.8201201)
(0.2880325, -0.4922487, 0.8214186)
(0.2880788, -0.4911727, 0.8220462)
(0.2877473, -0.4891038, 0.8233948)
(0.2873382, -0.4875565, 0.8244546)
(0.2871856, -0.4857337, 0.8255829)
(0.2868298, -0.4843576, 0.8265146)
(0.286587, -0.4836425, 0.8270174)
(0.2863401, -0.4822702, 0.8279039)
(0.286091, -0.4808861, 0.8287945)
(0.2858199, -0.479378, 0.8297613)
(0.284358, -0.4784364, 0.8308063)
(0.2837449, -0.4770257, 0.8318264)
(0.2837977, -0.477341, 0.8316276)
(0.2842329, -0.4768599, 0.831755)
(0.2841852, -0.476779, 0.8318176)
(0.2841068, -0.4764321, 0.8320432)
(0.2836265, -0.4766482, 0.8320832)
(0.2837845, -0.4772381, 0.8316911)
(0.2835571, -0.477673, 0.831519)
(0.2827356, -0.4790437, 0.83101)
(0.2834855, -0.4782615, 0.8312051)
(0.2830247, -0.4802234, 0.8302304)
(0.2835638, -0.4801453, 0.8300916)
(0.2830503, -0.481291, 0.8296032)
(0.282635, -0.4822156, 0.8292078)
(0.2820851, -0.4829998, 0.8289386)
(0.2816228, -0.4836008, 0.8287454)
(0.2808934, -0.4834965, 0.8290538)
(0.2799523, -0.4830182, 0.8296506)
(0.2790757, -0.4830456, 0.8299299)
(0.2786865, -0.4825136, 0.8303701)
(0.2781506, -0.4824204, 0.8306039)
(0.2783334, -0.4826577, 0.8304048)
(0.278151, -0.4827481, 0.8304133)
(0.278095, -0.4822829, 0.8307023)
(0.277883, -0.4819062, 0.8309919)
(0.2778611, -0.4817075, 0.8311144)
(0.2778839, -0.4818637, 0.8310162)
(0.2778042, -0.4821878, 0.8308548)
(0.278498, -0.4822094, 0.83061)
(0.2787634, -0.4822849, 0.8304771)
(0.2790005, -0.482448, 0.8303027)
(0.2793933, -0.4819948, 0.8304339)
(0.2792304, -0.4813507, 0.8308622)
(0.2792274, -0.4816498, 0.8306898)
(0.2794093, -0.4813958, 0.8307759)
(0.2795789, -0.4810244, 0.8309339)
(0.2796639, -0.4810571, 0.8308864)
(0.2800993, -0.4807065, 0.8309426)
