(-8628.085, 485.5025, 10828.21)
(-8.421449, 198.4858, -38.99863)
(1.077042, 151.5966, -36.52359)
(-43.65329, 178.9748, -44.59852)
(-49.88445, 146.8143, -40.69057)
(-24.76228, 248.9158, -59.65136)
(-37.57513, 276.0196, -99.30435)
(-12.67454, 92.31622, -37.07909)
(-32.82867, 251.6026, -90.62138)
(-17.3429, 69.46413, -34.55276)
(-39.22501, 213.2418, -93.30278)
(-28.33533, 94.76355, -68.97656)
(-21.71976, 30.82234, -42.75951)
(-35.34598, 39.8739, -69.80361)
(-22.57541, -25.71887, -40.85249)
(-30.29048, -23.47118, -65.56601)
(-35.20642, -87.76493, -79.46634)
(-16.967, -55.48384, -30.00088)
(-41.87165, -199.4774, -66.41985)
(-18.21913, -117.2714, -29.74382)
(-41.27434, -276.0352, -61.63958)
(-14.47813, -111.2236, -20.40488)
(-27.52671, -176.1088, -36.40982)
(-31.22398, -224.0609, -40.91557)
(-35.10773, -157.1492, -26.05622)
(-40.40914, -217.4621, -27.12405)
(-32.6426, -131.5573, -27.62957)
(-32.38351, -189.2412, -37.63767)
(-4.232487, -160.9829, -17.7711)
(-3.043992, -82.48197, -7.107162)
(41.76563, -148.9823, 36.57425)
(10.50659, -50.96567, 16.7896)
