(-52.81701, 13.87384, 13.95797)
(-53.52614, 14.52239, 13.86577)
(-53.71346, 15.30684, 13.68867)
(-53.78868, 17.60327, 13.05909)
(-53.87168, 18.51723, 12.4768)
(-53.87168, 18.51723, 12.4768)
(-53.10478, 22.61689, 11.30373)
(-53.10478, 22.61689, 11.30373)
(-52.54982, 25.62424, 10.59117)
(-52.88803, 27.85415, 9.827959)
(-53.29571, 30.51542, 8.891916)
(-53.29571, 30.51542, 8.891916)
(-54.33819, 32.70573, 8.187842)
(-55.55008, 34.7024, 7.684112)
(-56.25296, 35.13531, 7.529366)
(-57.51424, 35.87065, 7.431459)
(-58.46186, 36.0048, 7.275558)
(-60.32021, 35.80227, 7.271755)
(-61.33032, 35.76128, 7.188487)
(-61.33032, 35.76128, 7.188487)
(-63.53273, 34.98133, 7.363749)
(-67.49084, 33.46647, 7.656956)
(-68.67227, 32.96951, 7.768345)
(-70.86029, 31.8009, 7.991552)
(-72.12296, 31.07374, 8.176029)
(-72.12296, 31.07374, 8.176029)
(-75.2408, 29.41432, 8.469688)
(-76.4323, 28.86503, 8.265018)
(-77.14471, 28.45402, 8.22885)
(-78.52583, 27.82764, 8.112192)
(-79.44832, 27.30455, 8.313441)
(-80.26252, 26.81093, 8.593178)
(-80.59991, 26.46245, 8.79035)
(-81.20513, 26.33315, 9.113002)
(-81.22987, 26.31344, 9.176493)
(-81.22987, 26.31344, 9.176493)
(-81.3812, 25.94322, 9.131325)
(-81.10852, 25.20585, 9.012651)
(-80.91547, 24.51426, 8.95052)
(-80.12352, 25.88092, 8.247841)
(-79.7067, 26.08802, 8.107174)
(-79.75285, 25.32107, 8.795155)
(-80.10082, 24.78758, 8.800137)
