(0.1535022, -0.1679094, 0.5731815)
(0.153456, -0.1677259, 0.5733254)
(0.1534607, -0.1676494, 0.5733653)
(0.1536826, -0.1676972, 0.573547)
(0.1536365, -0.1676561, 0.5736543)
(0.1535385, -0.1675727, 0.5737261)
(0.1535435, -0.1675161, 0.5737278)
(0.1536798, -0.1676196, 0.5735102)
(0.153592, -0.1675611, 0.5734947)
(0.1535424, -0.1676711, 0.5733442)
(0.1534107, -0.1674296, 0.573542)
(0.1534176, -0.1674002, 0.5735815)
(0.1534499, -0.1675406, 0.5734971)
(0.1534004, -0.167449, 0.5735958)
(0.153478, -0.1675212, 0.573563)
(0.1534023, -0.1675767, 0.5736088)
(0.1535498, -0.1678061, 0.5735195)
(0.1535233, -0.1677585, 0.5736189)
(0.1539297, -0.1679211, 0.5734704)
(0.1540362, -0.1677284, 0.5735158)
(0.1540056, -0.1676981, 0.5735122)
(0.1539694, -0.1677735, 0.5733184)
(0.153836, -0.1676768, 0.573318)
(0.153872, -0.1677089, 0.5732932)
(0.1537988, -0.1677898, 0.5733849)
(0.1538703, -0.1679392, 0.5734379)
(0.1537596, -0.1679142, 0.573471)
(0.1538216, -0.1679528, 0.5733242)
(0.1537938, -0.167812, 0.5732899)
(0.153605, -0.167779, 0.5732386)
(0.1533585, -0.1679386, 0.5730127)
(0.1529887, -0.167812, 0.5731219)
(0.1528965, -0.1678782, 0.5730525)
(0.152707, -0.1678989, 0.5729339)
(0.1526626, -0.1678843, 0.5729818)
(0.1529273, -0.1678628, 0.5730873)
(0.153167, -0.1679926, 0.5730089)
(0.1531661, -0.1678171, 0.5731425)
(0.1530641, -0.167726, 0.5732158)
(0.1531781, -0.1678267, 0.573012)
(0.1529814, -0.1675252, 0.572952)
(0.1526738, -0.1673015, 0.5729014)
(0.152341, -0.1670216, 0.5728543)
(0.1518627, -0.166379, 0.5725131)
(0.1508151, -0.164824, 0.5724297)
(0.1502349, -0.1630391, 0.5724511)
(0.1498559, -0.1606356, 0.572176)
(0.1496247, -0.1556733, 0.5712242)
(0.1494678, -0.1504031, 0.570809)
(0.149892, -0.1452689, 0.5713129)
(0.150076, -0.1409298, 0.571391)
(0.1500946, -0.1370353, 0.5719255)
(0.1487622, -0.1292315, 0.5740204)
(0.1475115, -0.1218811, 0.5760638)
(0.147069, -0.1153392, 0.5777924)
(0.1465317, -0.1088309, 0.5796562)
(0.1462789, -0.1018794, 0.5820726)
(0.1462882, -0.09506261, 0.5841361)
(0.1460396, -0.08844984, 0.5868961)
(0.1455617, -0.08165109, 0.5900335)
(0.1457058, -0.07489026, 0.5933956)
(0.1457409, -0.06788206, 0.5975989)
(0.14562, -0.06125414, 0.6025351)
(0.1463096, -0.05488336, 0.6068274)
(0.1463099, -0.04855967, 0.611939)
(0.1472764, -0.04392934, 0.6168603)
(0.1480457, -0.03880918, 0.6221919)
(0.148533, -0.03417742, 0.6285348)
(0.1487938, -0.02944493, 0.6348295)
(0.1499127, -0.02552855, 0.6407585)
(0.1506121, -0.02172422, 0.6482106)
(0.1516441, -0.01946294, 0.6547261)
(0.1530293, -0.01729822, 0.6609337)
(0.1541944, -0.01534128, 0.667645)
(0.1554165, -0.01429689, 0.6742576)
(0.1566025, -0.01346195, 0.6804267)
(0.1578795, -0.01294351, 0.6865619)
(0.1592673, -0.01237488, 0.6927902)
(0.1602347, -0.0129354, 0.6989421)
(0.1618923, -0.01351881, 0.7052233)
(0.1632253, -0.01436353, 0.7104684)
(0.1640681, -0.01584959, 0.716059)
(0.1655314, -0.01725483, 0.7211381)
(0.166635, -0.01930332, 0.7260009)
(0.1673146, -0.02198637, 0.7307154)
(0.1682792, -0.02470708, 0.7351787)
(0.1692027, -0.02730596, 0.7392319)
(0.1694678, -0.02976334, 0.7432534)
(0.1694329, -0.03197336, 0.7461537)
(0.1698426, -0.03450179, 0.7488582)
(0.1693344, -0.03748095, 0.751658)
(0.1693124, -0.03905284, 0.7540389)
(0.1699299, -0.04369307, 0.756259)
(0.1695931, -0.04675722, 0.7589531)
(0.1703829, -0.04652023, 0.7591577)
(0.175972, -0.03836131, 0.7525884)
(0.1742613, -0.03941381, 0.7493582)
(0.1729578, -0.04045355, 0.7480359)
(0.1724246, -0.04134333, 0.7481751)
(0.1707036, -0.04373109, 0.7490852)
(0.1724676, -0.04241455, 0.7513527)
(0.1734055, -0.04169166, 0.7537043)
(0.1734816, -0.04192257, 0.7552722)
(0.1727859, -0.04180157, 0.7557485)
(0.171486, -0.04277265, 0.754303)
(0.1714666, -0.04276454, 0.752991)
(0.1714599, -0.0424813, 0.7523247)
(0.171382, -0.04292607, 0.751886)
(0.171813, -0.04311967, 0.7519054)
(0.1721476, -0.0429064, 0.7524893)
(0.1721976, -0.04286838, 0.7528535)
(0.1722928, -0.04258788, 0.7532829)
(0.1723394, -0.04261041, 0.7535632)
(0.172367, -0.04282594, 0.7536113)
(0.1724259, -0.04272985, 0.7538992)
(0.1723224, -0.04285312, 0.7544932)
(0.17233, -0.04298794, 0.7555206)
(0.1722465, -0.04297125, 0.7569278)
(0.1721747, -0.04285502, 0.757905)
(0.1720817, -0.04286754, 0.7588073)
(0.1724025, -0.0427233, 0.7593874)
(0.1728293, -0.0429008, 0.7608881)
(0.1733123, -0.04339111, 0.7627043)
(0.1737336, -0.04346478, 0.765136)
(0.1736822, -0.04322207, 0.7681103)
(0.1734849, -0.04245234, 0.7708142)
(0.1738806, -0.04127395, 0.7733306)
(0.1743588, -0.03914475, 0.7760794)
(0.1746385, -0.03585958, 0.7781054)
(0.1751645, -0.02991796, 0.7797545)
(0.1756353, -0.02326524, 0.7816622)
(0.1755086, -0.01595211, 0.784217)
(0.1742513, -0.006746888, 0.7871842)
(0.1730005, 0.003006816, 0.7872243)
(0.1730753, 0.01287115, 0.7889328)
(0.1727808, 0.02235758, 0.7905812)
(0.1735911, 0.03179145, 0.792953)
(0.1745491, 0.04105401, 0.7966745)
(0.1752493, 0.0503335, 0.8003553)
(0.1769671, 0.06078172, 0.8045051)
(0.1777687, 0.07152081, 0.808851)
(0.1794242, 0.08362544, 0.8133813)
(0.1805493, 0.09615421, 0.8196948)
(0.1813256, 0.1072066, 0.8252622)
(0.1826544, 0.1190054, 0.8320024)
(0.1839647, 0.1301059, 0.8396792)
(0.1852065, 0.1406601, 0.8477054)
(0.1869247, 0.151808, 0.8540795)
(0.1887317, 0.161238, 0.8626217)
(0.1905258, 0.1699824, 0.8714458)
(0.192891, 0.1785621, 0.8797989)
(0.1946925, 0.1880345, 0.889008)
(0.1962507, 0.1972895, 0.8972996)
(0.1978245, 0.2065078, 0.9058402)
(0.1995023, 0.2078674, 0.9189969)
(0.2009437, 0.2117552, 0.9300827)
(0.202305, 0.217322, 0.940616)
(0.2050953, 0.2232108, 0.9498526)
(0.207707, 0.2283247, 0.9605378)
(0.2086884, 0.2314648, 0.9697362)
(0.2101419, 0.2335772, 0.9810976)
(0.2111014, 0.2362072, 0.9910316)
(0.2122871, 0.2379914, 1.001302)
(0.2130151, 0.2392695, 1.010863)
(0.213998, 0.2402584, 1.019712)
(0.2149382, 0.2407474, 1.028427)
(0.2161686, 0.2416134, 1.036559)
(0.2173423, 0.2415249, 1.044097)
(0.2182492, 0.2407992, 1.051523)
(0.2185018, 0.2391276, 1.060088)
(0.2195102, 0.2372983, 1.066693)
(0.2209612, 0.2349947, 1.07303)
(0.221182, 0.2325788, 1.080062)
(0.2226417, 0.2294273, 1.084521)
(0.2241708, 0.2263381, 1.087909)
(0.2243339, 0.2239708, 1.092124)
(0.2258459, 0.2215028, 1.093663)
(0.2253171, 0.2199116, 1.096098)
(0.225637, 0.2180483, 1.097894)
(0.2266004, 0.2158422, 1.098094)
(0.2234579, 0.2129187, 1.099288)
(0.2233133, 0.2092612, 1.100094)
(0.2221279, 0.2052953, 1.100694)
(0.2220882, 0.202248, 1.101432)
(0.2216413, 0.2019929, 1.102716)
(0.2214358, 0.2058278, 1.100333)
(0.2202208, 0.2089411, 1.10032)
(0.2211208, 0.2090133, 1.099594)
(0.2228066, 0.2084239, 1.098794)
(0.2231363, 0.207417, 1.099086)
(0.2232538, 0.2069192, 1.099426)
(0.2223181, 0.2068999, 1.101471)
(0.2222395, 0.2075239, 1.101639)
(0.2213693, 0.2073038, 1.10121)
(0.2208112, 0.2069135, 1.100437)
(0.2209014, 0.2065314, 1.098805)
(0.2208308, 0.2060526, 1.097992)
(0.2209045, 0.206421, 1.097517)
(0.2215021, 0.2063687, 1.097959)
(0.2219924, 0.2063712, 1.098587)
(0.2220026, 0.205879, 1.10046)
(0.2221278, 0.2051938, 1.102253)
(0.2217909, 0.2040061, 1.103766)
(0.2211523, 0.2035501, 1.104963)
(0.2203526, 0.2042226, 1.103534)
(0.220118, 0.2052038, 1.104078)
(0.2204015, 0.2064785, 1.103273)
(0.2204671, 0.2057971, 1.103568)
(0.2216548, 0.2066445, 1.105199)
(0.2215518, 0.2083066, 1.107082)
(0.2205888, 0.2097309, 1.109476)
(0.221361, 0.2115719, 1.112185)
(0.2219297, 0.2121017, 1.114319)
(0.2231641, 0.2113428, 1.11748)
(0.2234093, 0.2123557, 1.121006)
(0.2235359, 0.2143362, 1.123736)
(0.223456, 0.2205754, 1.125952)
(0.2239652, 0.2259392, 1.128402)
(0.2242969, 0.2316478, 1.131474)
(0.2239079, 0.2361371, 1.133747)
(0.2257282, 0.2422746, 1.134299)
(0.2271608, 0.2476181, 1.134677)
(0.2262393, 0.25308, 1.133732)
(0.2260396, 0.260184, 1.132546)
(0.2259992, 0.2659816, 1.131976)
(0.2252032, 0.2713995, 1.133219)
(0.2250426, 0.2768059, 1.134745)
(0.2244974, 0.2821217, 1.136046)
(0.2235712, 0.2882404, 1.137463)
(0.2223821, 0.2939748, 1.138659)
(0.2215153, 0.2993999, 1.139425)
(0.2211673, 0.305621, 1.140357)
(0.220125, 0.3118821, 1.141798)
(0.219622, 0.3175588, 1.143445)
(0.2201046, 0.3233808, 1.145321)
(0.2195561, 0.3291765, 1.146511)
(0.2199144, 0.3335114, 1.148839)
(0.2201378, 0.3382702, 1.15101)
(0.2198896, 0.3425061, 1.153573)
(0.2198926, 0.3465197, 1.156572)
(0.220078, 0.3492063, 1.160017)
(0.2201118, 0.3519157, 1.163725)
(0.2207676, 0.3537421, 1.167441)
(0.2220956, 0.3557848, 1.170217)
(0.2225666, 0.3570474, 1.173794)
(0.2230138, 0.3586621, 1.177715)
(0.2237951, 0.359364, 1.182277)
(0.2245543, 0.3593509, 1.18702)
(0.225299, 0.3594512, 1.191625)
(0.226131, 0.3587939, 1.196256)
(0.2270416, 0.3584237, 1.201401)
(0.2276349, 0.35805, 1.205883)
(0.2293209, 0.3576984, 1.209727)
(0.2310605, 0.356451, 1.214277)
(0.2334193, 0.3552683, 1.219255)
(0.2353204, 0.3541696, 1.223774)
(0.2370412, 0.3528676, 1.228481)
(0.2387873, 0.3511204, 1.232797)
(0.2400323, 0.3496488, 1.237086)
(0.2414175, 0.3483755, 1.241706)
(0.2429529, 0.3470486, 1.245739)
(0.2441334, 0.3461226, 1.249797)
(0.2454565, 0.3451644, 1.253242)
(0.2471834, 0.3437154, 1.256148)
(0.2482867, 0.3424876, 1.259274)
(0.2493291, 0.3412538, 1.262059)
(0.2506299, 0.339678, 1.264622)
(0.2512989, 0.3378263, 1.266944)
(0.2521422, 0.3355594, 1.269492)
(0.2528902, 0.3333732, 1.271614)
(0.2534703, 0.3306948, 1.273717)
(0.2549713, 0.3280643, 1.275711)
(0.255293, 0.3267832, 1.277636)
(0.2571102, 0.3286105, 1.278769)
(0.2588254, 0.3299528, 1.277416)
(0.2586375, 0.3301543, 1.275309)
(0.2571516, 0.3290887, 1.273911)
(0.2568896, 0.3288536, 1.271495)
(0.2575129, 0.328461, 1.271043)
(0.2579106, 0.3291936, 1.27225)
(0.2579255, 0.3292623, 1.273263)
(0.2574377, 0.3286465, 1.275092)
(0.2573103, 0.328626, 1.275954)
(0.2573494, 0.3287827, 1.276665)
(0.2570997, 0.3283858, 1.276193)
(0.2573832, 0.3285712, 1.275728)
(0.2574394, 0.3284127, 1.274755)
(0.2574497, 0.3282368, 1.273868)
(0.2578193, 0.328345, 1.273281)
(0.2578977, 0.3282043, 1.27334)
(0.2577349, 0.3283499, 1.273822)
(0.2576867, 0.3283809, 1.274269)
(0.2573215, 0.3285086, 1.274526)
(0.2570899, 0.3285224, 1.27455)
(0.2569064, 0.328571, 1.274281)
(0.2570083, 0.3285623, 1.273913)
(0.2572504, 0.328615, 1.27396)
(0.2576518, 0.3284985, 1.273938)
(0.2577666, 0.3285371, 1.274203)
(0.257787, 0.3285929, 1.274455)
(0.2579644, 0.3283741, 1.274602)
(0.2579652, 0.3283623, 1.274706)
(0.2579002, 0.32831, 1.274851)
(0.2578087, 0.3283101, 1.274961)
(0.2576528, 0.3283363, 1.27492)
