(-95.61479, 2.002287, 130.3445)
(-95.56398, 2.118254, 130.4599)
(-95.6142, 2.068567, 130.6209)
(-95.6311, 2.090311, 130.6871)
(-95.68314, 2.093172, 130.6958)
(-95.68147, 2.057052, 130.6786)
(-95.6881, 2.043867, 130.6366)
(-95.6594, 2.012706, 130.5211)
(-95.66827, 1.955271, 130.5455)
(-95.66691, 1.937819, 130.4806)
(-95.68412, 1.924205, 130.4494)
(-95.74816, 1.924324, 130.4793)
(-95.78376, 1.929235, 130.4673)
(-95.82424, 1.929832, 130.4911)
(-95.86537, 1.922226, 130.4972)
(-95.86398, 1.888061, 130.4894)
(-95.86663, 1.86646, 130.4521)
(-95.89867, 1.860952, 130.4344)
(-95.9157, 1.845431, 130.3847)
(-95.94142, 1.831341, 130.3522)
(-96.01466, 1.821542, 130.3582)
(-96.02036, 1.7869, 130.3871)
(-96.0516, 1.780033, 130.3865)
(-96.09475, 1.773357, 130.3956)
(-96.09267, 1.742363, 130.3984)
(-96.09294, 1.727557, 130.3615)
(-96.10333, 1.69735, 130.3124)
(-96.12817, 1.687312, 130.2719)
(-96.15681, 1.674604, 130.2405)
(-96.19696, 1.655865, 130.2142)
(-96.2307, 1.648235, 130.2176)
(-96.27493, 1.635504, 130.2099)
(-96.32521, 1.619124, 130.2284)
(-96.3306, 1.594448, 130.2242)
(-96.3485, 1.572633, 130.1947)
(-96.3429, 1.546407, 130.1494)
(-96.31657, 1.509523, 130.1274)
(-96.33395, 1.496649, 130.0893)
(-96.36412, 1.476789, 130.0834)
(-96.3722, 1.456165, 130.0656)
(-96.39218, 1.437616, 130.0485)
(-96.43054, 1.420069, 130.054)
(-96.43426, 1.409054, 130.0481)
(-96.46621, 1.392841, 130.0281)
(-96.47665, 1.367974, 129.9921)
(-96.4369, 1.328564, 129.9939)
(-96.44892, 1.310182, 129.9563)
(-96.47267, 1.293731, 129.9377)
(-96.45498, 1.264954, 129.9313)
(-96.46049, 1.232219, 129.9105)
(-96.49207, 1.222491, 129.898)
(-96.49937, 1.22602, 129.8958)
