(-217.2065, 0.102973, -59.6952)
(-217.1465, 1.639366, -58.98728)
(-217.2931, 3.000832, -58.55973)
(-217.6075, 5.577207, -57.60541)
(-217.6558, 6.786466, -57.05111)
(-217.6558, 6.786466, -57.05111)
(-217.8707, 8.689737, -56.56756)
(-218.121, 10.88758, -56.0522)
(-218.3203, 12.75053, -55.44872)
(-218.6689, 15.12685, -54.73617)
(-218.8615, 17.28469, -54.1851)
(-218.8981, 19.519, -53.56439)
(-218.877, 21.83686, -52.83985)
(-218.7408, 24.15039, -52.09212)
(-218.7566, 26.5342, -51.35181)
(-218.798, 28.74643, -50.63271)
(-218.8769, 30.93247, -49.97666)
(-219.4037, 35.10363, -48.8431)
(-219.4037, 35.10363, -48.8431)
(-219.637, 36.85472, -48.31585)
(-220.0524, 38.52295, -47.91061)
(-220.4505, 39.81277, -47.5219)
(-220.804, 41.00386, -47.12711)
(-221.4629, 42.11105, -46.92025)
(-222.0243, 43.02457, -46.66855)
(-222.5229, 43.57072, -46.47019)
(-223.3518, 43.90433, -46.48845)
(-224.198, 43.8089, -46.51577)
(-224.9559, 43.57269, -46.54224)
(-225.9078, 43.46634, -46.69096)
(-226.9171, 42.70129, -46.91731)
(-229.0173, 40.97017, -47.50597)
(-229.0173, 40.97017, -47.50597)
(-230.163, 39.7907, -47.86839)
(-231.1474, 38.7044, -48.18981)
(-232.2547, 37.22428, -48.66628)
(-233.3073, 35.53571, -49.15633)
(-234.3443, 33.66457, -49.71564)
(-235.2732, 31.6911, -50.28894)
(-236.1153, 29.59877, -50.85541)
(-237.0628, 27.49852, -51.48981)
(-237.7798, 25.22129, -52.06634)
(-238.5376, 22.90505, -52.58284)
(-239.4557, 20.56558, -53.23834)
(-240.2385, 18.10213, -53.7984)
(-242.046, 13.18452, -54.95226)
(-242.7128, 10.63542, -55.39334)
(-242.7128, 10.63542, -55.39334)
(-243.3761, 8.297539, -55.91032)
(-244.0502, 6.176829, -56.29008)
(-244.5079, 4.347539, -56.50928)
(-244.661, 3.704619, -56.39076)
(-245.0239, 2.432203, -56.48318)
(-244.8119, 1.140332, -56.36306)
(-244.772, -0.07920265, -56.52392)
(-244.5887, -1.106858, -56.52902)
