(-7083.118, 66.60754, -2914.739)
(5.741474, 71.64455, -75.24104)
(21.14365, 140.4793, -60.99987)
(14.54027, 71.17664, -37.37172)
(15.77012, 137.2832, -27.56837)
(-2.007574, 209.1526, -43.87347)
(3.747987, 84.63712, -25.02159)
(24.61855, 210.9602, -99.91048)
(16.00091, 73.00909, -42.91265)
(54.97498, 166.4046, -107.2915)
(22.12663, 78.44498, -37.02172)
(45.00916, 206.1807, -86.58523)
(24.64388, 80.13203, -23.07777)
(54.67983, 199.8311, -71.23557)
(27.28876, 66.88083, -25.99691)
(44.1692, 113.7994, -65.10673)
(20.39454, 23.97317, -20.90237)
(34.76388, 33.18557, -62.50638)
(25.3014, -21.63416, -41.60207)
(22.42728, -33.46099, -18.42951)
(18.41506, -63.5767, -23.24258)
(7.662035, -68.76566, -9.424106)
(6.554334, -116.1812, -9.067075)
(8.113522, -213.4086, 13.57942)
(0.7109722, -82.72572, 12.96486)
(1.352202, -207.7127, 36.28257)
(-5.339343, -103.4171, 7.317069)
(-17.78856, -234.9916, -1.715094)
(-16.39185, -138.3396, -20.62895)
(-25.97609, -83.27873, -12.71737)
(-29.87658, -87.36296, -33.64022)
(-22.21199, -65.02461, -28.34637)
(-24.60065, -49.2454, 1.273946)
(-15.71087, -35.47824, 2.017516)
(-13.40869, -28.81502, 16.55367)
