(2247.732, -238.1072, 10840.92)
(-5.861709, -4.285792, -2.762516)
(15.43838, -0.6988747, -2.926129)
(6.370268, -2.387418, -3.6264)
(8.209071, 0.8983015, -3.563945)
(15.32489, -2.395029, -0.6831183)
(1.375705, 0.5228059, 5.277668)
(-3.798874, -0.5746197, 5.489422)
(-9.283761, 3.550265, 9.738099)
(-3.700763, -0.3376059, 0.9934645)
(0.06701901, -3.27259, -0.484599)
(0.9630288, -2.619067, -2.743068)
(2.571378, -0.6404846, -1.233768)
(14.48337, -0.7355677, 1.638896)
(9.646982, -0.6258668, 5.800059)
(2.66703, 1.474916, 3.17716)
(1.246396, -1.822407, 1.998139)
(-2.632275, -0.9319283, -0.4682671)
(-0.539829, -4.901711, -1.047621)
(2.319688, -5.754983, -1.182501)
(3.17705, -1.391707, -1.772437)
(3.750654, -0.2129572, -3.784336)
(1.663382, -2.02221, 0.8932695)
(-10.56126, 5.777977, -8.067866)
(-19.59068, 26.6074, -26.03374)
(1.535365, 0.5398315, 1.965361)
(0.6873584, 0.3575054, 0.740688)
(4.852453, -3.943234, 2.403857)
(5.316783, -1.040995, -1.974034)
(-1.532757, 2.14349, -3.302483)
(-0.6186062, -0.5818358, 0.7332429)
(-0.1530258, -0.6186615, 1.042762)
(-1.350231, 0.277476, -0.156175)
(5.685559, 2.238232, -5.160681)
(3.231938, 0.6076218, 0.3364787)
(2.229613, 0.4806826, -0.3039027)
(1.393799, -1.362441, -0.8877495)
(0.3028897, -1.0234, -0.7105671)
(-1.503551, -2.88253, -0.3534359)
(-2.413652, 1.142107, -1.979652)
(0.4790516, -1.543489, -2.239594)
(-2.630105, -0.9286572, -0.6746935)
(-4.466094, -1.806458, -0.2025143)
(-4.307887, -0.2343432, 1.993748)
(-3.225718, -2.24268, 0.1651663)
(-0.6295771, -1.874693, -1.19868)
(-0.9868606, -1.248504, -2.099657)
(0.6623069, 1.624489, -2.555889)
