(-12803.61, 123.0236, 5138.753)
(84.55752, 146.6072, -54.10241)
(57.21241, 172.8786, -48.07024)
(32.36049, 147.7785, -106.1442)
(65.78291, 202.4314, -81.62673)
(83.44146, 182.5643, -69.24319)
(65.08629, 159.4315, -68.17752)
(66.08907, 177.744, -69.67357)
(58.7325, 145.7677, -68.55213)
(76.19795, 151.0246, -70.85177)
(53.29385, 109.9944, -58.60835)
(71.77331, 101.5832, -64.86759)
(56.99744, 87.41139, -59.50565)
(68.86121, 43.41445, -57.2533)
(57.47803, 48.31514, -59.2879)
(65.11426, 14.59077, -54.66125)
(48.35922, -9.646841, -54.92162)
(51.34737, -44.21527, -53.07344)
(45.05736, -51.28218, -47.76715)
(71.78645, -137.8534, -60.29193)
(43.47064, -109.6756, -33.57682)
(43.56721, -132.4697, -37.55334)
(43.75229, -135.2366, -34.62862)
(38.10932, -161.8718, -32.0135)
(30.22223, -138.1858, -28.13477)
(28.38633, -166.3914, -25.91883)
(31.34776, -156.1048, -9.875686)
(16.65117, -161.4428, -27.22934)
(11.28793, -146.8355, -12.55855)
(-6.239347, -146.9468, -30.66957)
(3.692523, -127.3991, -7.830245)
(-6.810508, -99.32526, -9.158569)
(10.7919, -91.35895, 16.26957)
(14.90547, -97.86653, 12.20374)
(28.84574, -80.12043, 24.06962)
(17.92875, -39.03745, 8.964375)
(68.79008, -57.30142, -13.64952)
(4.906356, -50.01296, -5.348415)
(27.92156, -33.32563, 23.98633)
(2.702225, -73.4217, -22.68715)
(-41.11304, 59.48406, -82.59283)
(-9.363827, 31.11242, -32.74089)
(18.19153, -48.22959, -1.494227)
(-10.86543, -47.80381, -20.53844)
