(5.273034, 0.1464821, 5.868084)
(5.272755, 0.1478646, 5.866339)
(5.272563, 0.1489679, 5.86483)
(5.272901, 0.1496948, 5.863551)
(5.273061, 0.1515317, 5.861134)
(5.27119, 0.1543922, 5.857263)
(5.268399, 0.1591686, 5.850756)
(5.262578, 0.1608795, 5.847762)
(5.261228, 0.1676038, 5.839351)
(5.261278, 0.1724672, 5.835543)
(5.262403, 0.1710638, 5.836964)
(5.262654, 0.1643702, 5.844397)
(5.264354, 0.1631234, 5.845687)
(5.266488, 0.1644803, 5.844461)
(5.263367, 0.1679266, 5.8408)
(5.261163, 0.1716911, 5.837315)
(5.2597, 0.1646341, 5.844778)
(5.261547, 0.1611485, 5.848929)
(5.263355, 0.1604179, 5.850864)
(5.260973, 0.1620468, 5.848928)
(5.263915, 0.1588788, 5.852795)
(5.267097, 0.1532739, 5.858194)
(5.27122, 0.1522241, 5.859375)
(5.268095, 0.1640557, 5.848949)
(5.257559, 0.1566422, 5.856553)
(5.255192, 0.1463117, 5.870194)
(5.255548, 0.112208, 5.907187)
(5.25674, 0.1004959, 5.921964)
(5.264173, 0.111348, 5.913722)
(5.265981, 0.1181788, 5.908642)
(5.268818, 0.1105995, 5.915322)
(5.272167, 0.1042197, 5.923285)
(5.267432, 0.101024, 5.926444)
(5.264702, 0.1032436, 5.923025)
(5.265524, 0.1041048, 5.921857)
(5.270756, 0.1034491, 5.923419)
(5.271954, 0.1006995, 5.926481)
(5.271536, 0.1012977, 5.92583)
(5.270598, 0.1000406, 5.926904)
(5.270991, 0.1029063, 5.922852)
(5.27304, 0.1048748, 5.920409)
(5.275115, 0.1086018, 5.915378)
(5.274732, 0.1116957, 5.91127)
(5.274722, 0.1171053, 5.904902)
(5.274697, 0.1196138, 5.902051)
(5.275704, 0.1179372, 5.903343)
(5.275877, 0.1162417, 5.90479)
(5.276351, 0.1193301, 5.901832)
(5.276325, 0.1199388, 5.900881)
(5.274011, 0.1171605, 5.902713)
(5.276753, 0.1174148, 5.902875)
(5.278049, 0.1173595, 5.903505)
(5.277229, 0.1127879, 5.906834)
(5.276618, 0.1157199, 5.904445)
(5.276878, 0.1134525, 5.906606)
(5.277691, 0.1140131, 5.905658)
(5.278934, 0.1134824, 5.905713)
(5.279926, 0.1139342, 5.904324)
(5.281038, 0.1161705, 5.901042)
(5.280859, 0.1191157, 5.896987)
(5.280592, 0.1207336, 5.894865)
(5.280249, 0.1197182, 5.894395)
(5.279606, 0.121758, 5.892432)
(5.2797, 0.1205411, 5.893262)
(5.279223, 0.1177165, 5.895441)
(5.280962, 0.1187601, 5.894753)
(5.280997, 0.1185916, 5.894497)
(5.280743, 0.1181381, 5.894935)
(5.279732, 0.1175952, 5.895186)
(5.279751, 0.1162246, 5.896634)
(5.280179, 0.1165849, 5.896704)
(5.280759, 0.1150689, 5.898376)
(5.28148, 0.1128026, 5.900425)
(5.282492, 0.1118193, 5.90171)
(5.281819, 0.1085154, 5.905104)
(5.281064, 0.1096224, 5.904222)
(5.280935, 0.1085488, 5.905195)
(5.281125, 0.1077367, 5.906057)
(5.28206, 0.1088253, 5.904606)
(5.282129, 0.1108044, 5.90147)
(5.282905, 0.1135395, 5.898388)
(5.282354, 0.1142933, 5.896774)
(5.282257, 0.1147527, 5.895261)
(5.281859, 0.1189111, 5.890748)
(5.281893, 0.1198635, 5.889327)
(5.281374, 0.1205159, 5.887619)
(5.281626, 0.1240419, 5.884434)
(5.281084, 0.1266741, 5.882094)
(5.280889, 0.1198046, 5.889292)
(5.281727, 0.1145974, 5.894366)
(5.283965, 0.1188161, 5.890232)
(5.286921, 0.1251679, 5.884181)
(5.287611, 0.1207749, 5.887983)
(5.286247, 0.1166693, 5.892066)
(5.285696, 0.1141318, 5.893546)
(5.286437, 0.1168049, 5.889563)
(5.287792, 0.1220943, 5.883436)
(5.289821, 0.1168101, 5.886294)
(5.291259, 0.1105219, 5.89027)
(5.291871, 0.1111561, 5.889249)
(5.294494, 0.114054, 5.888024)
(5.297609, 0.1082941, 5.893095)
(5.301637, 0.09900706, 5.902185)
(5.306405, 0.09826145, 5.903908)
(5.314031, 0.09705643, 5.904875)
(5.322212, 0.0952809, 5.906491)
(5.335258, 0.09791139, 5.90448)
(5.352832, 0.102396, 5.902284)
(5.374075, 0.1117808, 5.895677)
(5.396347, 0.1209303, 5.891423)
(5.421772, 0.1322777, 5.888129)
(5.457441, 0.1369752, 5.891528)
(5.482002, 0.1188406, 5.910953)
(5.513087, 0.1570198, 5.90153)
(5.550777, 0.1524786, 5.91408)
(5.581997, 0.169013, 5.923157)
(5.605954, 0.1563194, 5.94385)
(5.642271, 0.139627, 5.967061)
(5.687304, 0.124315, 5.985934)
(5.730348, 0.1187467, 5.982103)
(5.801987, 0.07315634, 6.008482)
(5.853583, 0.01255189, 6.017003)
(5.853784, 6.265672, 6.010788)
(5.807817, 0.02629755, 5.977772)
(5.746791, 0.1116623, 5.925488)
(5.858699, 0.1370462, 5.905404)
(5.903621, 0.1627992, 5.905799)
(5.912141, 0.1445918, 5.888443)
(5.900624, 0.1293841, 5.868762)
(5.937451, 0.1030691, 5.858511)
(6.00647, 0.09917882, 5.845487)
(6.054054, 0.08988164, 5.825588)
(6.063185, 0.08836562, 5.799372)
(6.072628, 0.08363432, 5.774179)
(6.08739, 0.07496057, 5.760697)
(6.120546, 0.06702685, 5.759843)
(6.141956, 0.06740596, 5.75068)
(6.163619, 0.0682492, 5.73967)
(6.172455, 0.07941034, 5.725812)
(6.18501, 0.08374336, 5.709977)
(6.189618, 0.08739689, 5.69875)
(6.19336, 0.08807345, 5.694164)
(6.188119, 0.08514244, 5.696376)
(6.165898, 0.08536002, 5.703058)
(6.133238, 0.1009603, 5.703036)
(6.1107, 0.1119063, 5.702276)
(6.085692, 0.1243902, 5.701132)
(6.054506, 0.1325865, 5.700727)
(6.026478, 0.1406844, 5.700315)
(5.999729, 0.1449507, 5.701256)
(5.975385, 0.1485782, 5.703315)
(5.947328, 0.1347544, 5.713248)
(5.910737, 0.1239864, 5.733127)
(5.873628, 0.1255037, 5.739145)
(5.835181, 0.1138826, 5.753704)
(5.800659, 0.1122498, 5.773672)
(5.759995, 0.1039194, 5.791153)
(5.727862, 0.08379342, 5.818912)
(5.690278, 0.07211103, 5.846106)
(5.648242, 0.06899446, 5.86531)
(5.603611, 0.07155784, 5.877029)
(5.570377, 0.06378916, 5.890774)
(5.533237, 0.05276638, 5.903883)
(5.490412, 0.02768182, 5.92432)
(5.457306, 0.002245866, 5.949273)
(5.440968, 6.261754, 5.977215)
(5.431477, 6.2309, 6.02188)
(5.423171, 6.202049, 6.07954)
(5.398445, 6.184876, 6.123779)
(5.352971, 6.207486, 6.118942)
(5.317444, 0.008815362, 6.031689)
(5.295512, 0.0417082, 6.00244)
(5.274487, 0.05372918, 5.989291)
(5.249751, 0.03456781, 6.007801)
(5.244111, 6.250519, 6.089244)
(5.244292, 6.219119, 6.139027)
(5.263094, 6.162706, 6.23583)
(5.236929, 6.189627, 6.249033)
(5.190188, 0.08739125, 6.085427)
(5.1981, 0.1581478, 6.003718)
(5.192609, 0.1680984, 6.001117)
(5.188241, 0.07277498, 6.092199)
(5.1927, 0.02081812, 6.140143)
(5.204553, 0.01687468, 6.143049)
(5.237099, 0.09309297, 6.077008)
(5.29306, 0.1751579, 5.934493)
(5.330814, 0.2752418, 5.861674)
(5.344624, 0.3881894, 5.783794)
(5.243669, 0.2967086, 5.7868)
(5.197954, 0.2145326, 5.872106)
(5.238349, 0.170051, 5.939788)
(5.280288, 0.133709, 5.957732)
(5.314353, 0.07039352, 5.995161)
(5.338273, 0.1636324, 5.920757)
(5.293777, 0.2725158, 5.809408)
(5.268111, 0.2862393, 5.784295)
(5.280646, 0.2765294, 5.800556)
(5.290302, 0.3056738, 5.778772)
(5.298722, 0.2725872, 5.812309)
(5.331275, 0.1924722, 5.902073)
(5.333094, 0.1680462, 5.924523)
(5.268657, 0.1189461, 5.969941)
(5.260582, 0.08831404, 6.001643)
(5.192547, 0.1525396, 5.920609)
(5.206253, 0.1827292, 5.889754)
(5.282326, 0.2470278, 5.838453)
(5.328483, 0.2484677, 5.843804)
(5.332956, 0.221674, 5.875598)
(5.323699, 0.1814746, 5.912369)
(5.288456, 0.1605042, 5.923935)
(5.23316, 0.1810747, 5.894974)
(5.254798, 0.2148105, 5.865406)
(5.27499, 0.2178227, 5.86721)
(5.285164, 0.2168234, 5.868917)
(5.290225, 0.1868491, 5.896987)
(5.27079, 0.2044216, 5.876146)
(5.267417, 0.2150211, 5.865214)
(5.265957, 0.2124401, 5.869392)
(5.262528, 0.2061796, 5.873212)
(5.27806, 0.1898854, 5.895556)
(5.271152, 0.1922363, 5.89323)
(5.264018, 0.2001683, 5.88477)
(5.27306, 0.2020227, 5.885204)
(5.273354, 0.1992991, 5.889006)
(5.273138, 0.1918692, 5.897604)
(5.266281, 0.192514, 5.898304)
(5.257684, 0.1912752, 5.898425)
(5.254704, 0.1941161, 5.896737)
(5.260032, 0.1967811, 5.89543)
(5.261436, 0.1940224, 5.898936)
(5.262316, 0.1899387, 5.902198)
(5.261768, 0.1915632, 5.899845)
(5.257787, 0.1967809, 5.89411)
(5.257121, 0.1924653, 5.897919)
(5.258846, 0.1945389, 5.899353)
(5.251729, 0.2004069, 5.891981)
(5.24343, 0.1919996, 5.901954)
(5.241077, 0.1921481, 5.902745)
(5.242836, 0.2032595, 5.892917)
(5.240475, 0.2056868, 5.89157)
(5.236306, 0.2120499, 5.88303)
(5.230851, 0.1995766, 5.893868)
(5.252802, 0.1896904, 5.904994)
(5.270623, 0.1812888, 5.916607)
(5.284119, 0.1886277, 5.920929)
(5.268918, 0.2100985, 5.897568)
(5.225861, 0.1828547, 5.916391)
(5.212464, 0.1576931, 5.949126)
(5.236725, 0.1780466, 5.937041)
(5.256609, 0.1634179, 5.952346)
(5.267162, 0.1858631, 5.934887)
(5.261279, 0.1764399, 5.938198)
(5.257505, 0.1449801, 5.97528)
(5.249928, 0.1453792, 5.973878)
(5.248796, 0.1489682, 5.969156)
(5.247074, 0.1677158, 5.949999)
(5.255821, 0.1690927, 5.945502)
(5.271648, 0.1522878, 5.97356)
(5.265313, 0.1594594, 5.962118)
(5.253154, 0.1510503, 5.96747)
(5.255664, 0.1632204, 5.954298)
(5.268935, 0.1571459, 5.962207)
(5.278695, 0.1470962, 5.978096)
(5.265869, 0.1401384, 5.981872)
(5.249498, 0.1376698, 5.982293)
(5.253668, 0.1497032, 5.96999)
(5.272852, 0.1590852, 5.959965)
(5.28229, 0.1467942, 5.970321)
(5.282159, 0.1262464, 5.989138)
(5.283907, 0.1252401, 5.98818)
(5.285837, 0.1271174, 5.989043)
(5.278592, 0.1468322, 5.967241)
(5.276474, 0.1448817, 5.969866)
(5.275939, 0.1364348, 5.978221)
(5.274976, 0.1302934, 5.983993)
(5.274218, 0.1309347, 5.983234)
(5.280833, 0.1452197, 5.968658)
(5.282503, 0.1478584, 5.964046)
(5.284266, 0.1509419, 5.959125)
(5.290188, 0.1563247, 5.953854)
(5.293715, 0.1556275, 5.954609)
(5.276374, 0.1401524, 5.968878)
(5.260477, 0.1258687, 5.978107)
(5.267304, 0.1311187, 5.974113)
(5.299997, 0.1596346, 5.952386)
(5.302848, 0.1720654, 5.940213)
(5.286341, 0.1629318, 5.944973)
(5.278377, 0.1470317, 5.95888)
(5.277084, 0.1386274, 5.966832)
(5.281964, 0.1418524, 5.965509)
(5.288867, 0.1497317, 5.959816)
(5.289097, 0.1519068, 5.958321)
(5.286433, 0.1494306, 5.960104)
(5.279544, 0.1501883, 5.956541)
(5.273777, 0.1529884, 5.951473)
(5.272904, 0.1547443, 5.948613)
(5.282098, 0.155455, 5.949334)
(5.288466, 0.1566864, 5.949901)
(5.289655, 0.1582188, 5.948558)
(5.28159, 0.1620519, 5.944103)
(5.270761, 0.1591159, 5.944551)
(5.267912, 0.1594082, 5.943692)
(5.269936, 0.1602225, 5.944463)
(5.279687, 0.1613364, 5.945326)
(5.281113, 0.1624734, 5.944636)
(5.277516, 0.1669107, 5.93876)
(5.266557, 0.1738531, 5.928332)
(5.262877, 0.1792676, 5.921348)
