0.8741801
0.8564216
0.864579
0.8523447
0.850314
0.8352118
0.8280073
0.813605
0.8165241
0.8111651
0.7806325
0.7632999
0.7405741
0.7515156
0.7249743
0.6730419
0.6667825
0.7178165
0.6865551
0.6574187
0.5854688
0.6648613
0.6334753
0.568342
0.5530525
0.2891281
0.4403067
0.4127614
0.3702723
0.3993925
0.3652199
0.36989
0.3638237
0.3838385
0.3612441
0.349858
0.2793279
0.2848704
0.3475657
0.286897
0.3068228
0.2531733
0.3109271
0.2864284
0.2682512
0.2730579
0.248995
0.2333049
0.2201463
0.2137846
0.2116392
0.2128026
0.2030081
0.1887043
0.1798618
0.1567662
0.169836
0.1363807
0.1332072
0.1560784
0.1329437
0.131066
0.1028501
0.1228618
0.1102924
0.1108632
0.10434
0.1020118
0.09446917
0.08738311
0.07901677
0.066681
0.06864933
0.05780593
0.05121856
0.05384445
0.05111524
0.05104158
0.04850996
0.04427295
0.04371484
0.04324688
0.04705447
0.06071637
0.05682068
0.04316072
0.04380037
0.04935883
0.06044992
0.04450374
0.05426388
0.06505215
0.06786984
0.07990523
0.058753
0.06041445
0.06696095
0.07291617
0.08070761
0.07023548
MSE 0.3107888
total_moving_Distance 0.8991114