(0.1840651, 0.5640637, 1.645473)
(0.184199, 0.5642143, 1.645408)
(0.1841213, 0.564258, 1.645395)
(0.1841047, 0.5641768, 1.64538)
(0.1841019, 0.5642878, 1.645287)
(0.1840775, 0.5642467, 1.645334)
(0.1839981, 0.5641937, 1.645436)
(0.1838415, 0.5641613, 1.645535)
(0.1841472, 0.5641454, 1.645652)
(0.1841975, 0.56406, 1.645502)
(0.1842334, 0.5640141, 1.645642)
(0.184166, 0.5640055, 1.6456)
(0.1840471, 0.5641577, 1.645709)
(0.1840367, 0.5642328, 1.645571)
(0.1837587, 0.5642828, 1.645542)
(0.1837641, 0.5641865, 1.645499)
(0.1835954, 0.5640376, 1.645713)
(0.1835124, 0.564062, 1.645725)
(0.1834632, 0.5641375, 1.645875)
(0.1834302, 0.5641246, 1.645983)
(0.1835229, 0.564104, 1.64609)
(0.1833948, 0.5640007, 1.645921)
(0.1833749, 0.5640941, 1.645923)
(0.183436, 0.5640616, 1.646031)
(0.1835011, 0.5638062, 1.645857)
(0.1837579, 0.5641713, 1.645588)
(0.183501, 0.5642469, 1.645582)
(0.1835465, 0.5641261, 1.645551)
(0.1836581, 0.5642542, 1.645683)
(0.183586, 0.564283, 1.645683)
(0.1834954, 0.564351, 1.645654)
(0.1835352, 0.564483, 1.645538)
(0.1833472, 0.5645409, 1.64554)
(0.1833775, 0.5645628, 1.645675)
(0.1832564, 0.5646242, 1.645818)
(0.1833739, 0.564422, 1.64576)
(0.1832827, 0.56434, 1.645568)
(0.1829444, 0.5644814, 1.645511)
(0.1826531, 0.5643424, 1.645459)
(0.1824359, 0.5642591, 1.645154)
(0.1822042, 0.564422, 1.644987)
(0.1828933, 0.5644994, 1.644675)
(0.1835415, 0.5645986, 1.644276)
(0.1842608, 0.5650127, 1.643642)
(0.1850297, 0.5655493, 1.642749)
(0.1852938, 0.5658932, 1.641397)
(0.1843724, 0.5662847, 1.639703)
(0.1848873, 0.567313, 1.637722)
(0.1845053, 0.5691561, 1.634854)
(0.1845127, 0.5707253, 1.632677)
(0.1843863, 0.5739886, 1.630388)
(0.1836669, 0.5771508, 1.627443)
(0.1825763, 0.5802135, 1.622802)
(0.1817254, 0.5818062, 1.617553)
(0.1810726, 0.5828055, 1.610876)
(0.1801606, 0.586211, 1.602587)
(0.180719, 0.5885688, 1.596499)
(0.1808283, 0.5909114, 1.586305)
(0.1809037, 0.5925353, 1.5771)
(0.1812445, 0.5922781, 1.567001)
(0.1805493, 0.5917374, 1.556567)
(0.1800416, 0.5908093, 1.544884)
(0.1799301, 0.5889559, 1.534134)
(0.178974, 0.5879606, 1.523434)
(0.179179, 0.5861766, 1.511764)
(0.1799535, 0.5839329, 1.500606)
(0.1798663, 0.5818595, 1.488781)
(0.180305, 0.5798068, 1.477352)
(0.181458, 0.5773712, 1.466134)
(0.1821913, 0.5748982, 1.45465)
(0.1831834, 0.5717065, 1.443272)
(0.1845537, 0.5685272, 1.433188)
(0.1851834, 0.5651371, 1.422246)
(0.185714, 0.5615884, 1.413361)
(0.1864759, 0.559015, 1.404871)
(0.1864368, 0.5567943, 1.395917)
(0.1860876, 0.55495, 1.388257)
(0.1854068, 0.5550396, 1.382656)
(0.1852884, 0.5536104, 1.375907)
(0.1831062, 0.5522189, 1.369713)
(0.1813064, 0.5497109, 1.364987)
(0.1796205, 0.5460413, 1.359114)
(0.1777868, 0.5413212, 1.355745)
(0.1768008, 0.5376041, 1.351921)
(0.1756625, 0.5335239, 1.349042)
(0.1752846, 0.5293914, 1.346204)
(0.1765285, 0.5240362, 1.345698)
(0.177259, 0.5189884, 1.344525)
(0.1816542, 0.516981, 1.347201)
(0.1811037, 0.5229634, 1.350022)
(0.1786785, 0.5295886, 1.353807)
(0.1757129, 0.527862, 1.361702)
(0.1721232, 0.5252786, 1.362226)
(0.1727433, 0.5220801, 1.360231)
(0.1735897, 0.5191857, 1.358534)
(0.1769638, 0.5196923, 1.353674)
(0.178045, 0.5237167, 1.355189)
(0.1794221, 0.5241225, 1.356782)
(0.1803281, 0.5238457, 1.358283)
(0.1803062, 0.5233094, 1.35996)
(0.1784081, 0.5239165, 1.359232)
(0.1775718, 0.5235553, 1.358691)
(0.1766918, 0.5238479, 1.35892)
(0.1767387, 0.523904, 1.358853)
(0.177274, 0.5240314, 1.359745)
(0.1772267, 0.5242941, 1.360279)
(0.1773071, 0.5245264, 1.360403)
(0.1770598, 0.5243655, 1.360223)
(0.1768541, 0.5243098, 1.360119)
(0.176906, 0.5241753, 1.360154)
(0.1771491, 0.5241129, 1.360359)
(0.1770453, 0.524231, 1.360449)
(0.1769532, 0.5242306, 1.36053)
(0.1763837, 0.5238253, 1.360522)
(0.1753566, 0.5233239, 1.360343)
(0.1743391, 0.5227256, 1.36038)
(0.1737251, 0.5223863, 1.360504)
(0.1734042, 0.5220703, 1.360305)
(0.1738191, 0.5222583, 1.360201)
(0.174387, 0.5221701, 1.360074)
(0.1745627, 0.5220402, 1.359879)
(0.1744195, 0.5217897, 1.36006)
(0.1741863, 0.5216099, 1.360105)
(0.1740036, 0.5215821, 1.360035)
(0.1738796, 0.5214763, 1.360042)
(0.1736871, 0.521384, 1.359948)
(0.1737381, 0.5213032, 1.35998)
(0.1738677, 0.5213163, 1.360107)
(0.1740248, 0.521319, 1.360167)
(0.1739957, 0.5211867, 1.36011)
(0.1735306, 0.5209329, 1.360373)
(0.1730561, 0.5209553, 1.360452)
(0.1727235, 0.5210392, 1.360515)
(0.1727052, 0.5213494, 1.360673)
(0.172763, 0.5214889, 1.360857)
(0.1727457, 0.5216563, 1.361009)
(0.1729711, 0.5218002, 1.361122)
(0.1729894, 0.5218083, 1.361149)
(0.1728241, 0.5217832, 1.360966)
(0.1727033, 0.5216957, 1.360975)
(0.1724641, 0.5215428, 1.360885)
(0.172086, 0.5216895, 1.360942)
(0.1718022, 0.5217917, 1.361065)
(0.1715269, 0.5218023, 1.361131)
(0.1714165, 0.5215051, 1.361053)
(0.1712165, 0.5214411, 1.360961)
(0.1711128, 0.5212567, 1.360749)
(0.1709687, 0.521283, 1.360726)
(0.1709569, 0.5213125, 1.360569)
(0.1708798, 0.5212387, 1.360259)
(0.1707413, 0.5212997, 1.360187)
(0.1705552, 0.5211859, 1.360123)
(0.1702887, 0.5211459, 1.360026)
(0.1701646, 0.5210901, 1.359907)
(0.1703846, 0.5207387, 1.359326)
(0.1703888, 0.520766, 1.358891)
(0.1705133, 0.5207769, 1.35894)
(0.1703786, 0.5206903, 1.358895)
(0.1702373, 0.5205524, 1.358912)
(0.1703582, 0.5204315, 1.358871)
(0.1707242, 0.5204463, 1.358671)
(0.1708169, 0.5205207, 1.358675)
(0.1710181, 0.5204242, 1.358786)
(0.1709419, 0.5207145, 1.359186)
(0.1706417, 0.520962, 1.359764)
(0.1705161, 0.520893, 1.359826)
(0.1706611, 0.5206522, 1.359921)
(0.1710256, 0.5200791, 1.359234)
(0.1712954, 0.5200965, 1.358772)
(0.1718378, 0.5196809, 1.358799)
(0.1716568, 0.5199081, 1.358642)
(0.1716855, 0.5200204, 1.358653)
(0.1717633, 0.519833, 1.358528)
(0.1722642, 0.5199593, 1.358396)
(0.1729095, 0.5197327, 1.358598)
(0.1731625, 0.5197101, 1.358752)
(0.1734859, 0.5195329, 1.358825)
(0.1732723, 0.520128, 1.359088)
(0.1733229, 0.5202928, 1.359132)
(0.1732671, 0.5197436, 1.358902)
(0.1731596, 0.5200565, 1.35889)
(0.1732719, 0.5202186, 1.358861)
(0.1735666, 0.5204217, 1.359013)
(0.1737235, 0.5206645, 1.359292)
(0.1739092, 0.5207479, 1.359379)
(0.1739612, 0.5209674, 1.359583)
(0.1737608, 0.5211843, 1.359635)
(0.1738197, 0.5212917, 1.359796)
(0.1738274, 0.5214815, 1.359924)
(0.1735919, 0.5217524, 1.360006)
(0.173492, 0.5218128, 1.360099)
(0.173388, 0.5215038, 1.359869)
(0.1735876, 0.5211997, 1.359704)
(0.1735333, 0.521547, 1.359221)
(0.1736748, 0.5216806, 1.359151)
(0.1741858, 0.5212845, 1.359146)
(0.1742135, 0.5213379, 1.359267)
(0.173846, 0.5215688, 1.359324)
(0.173887, 0.5214393, 1.359279)
(0.1739149, 0.5215198, 1.359165)
(0.1739802, 0.5215796, 1.359132)
(0.1737163, 0.5217412, 1.359231)
(0.1734571, 0.5217035, 1.359106)
(0.1733587, 0.5216391, 1.358997)
(0.1732064, 0.5216551, 1.358881)
(0.1731472, 0.5217304, 1.35857)
(0.1733809, 0.5218865, 1.35823)
(0.1735843, 0.5221572, 1.357897)
(0.1739502, 0.5224477, 1.357433)
(0.1744187, 0.522964, 1.356449)
(0.1745713, 0.5233709, 1.354971)
(0.1745237, 0.5236499, 1.353363)
(0.1744576, 0.5245221, 1.350098)
(0.1744187, 0.5250456, 1.34721)
(0.1747491, 0.5264448, 1.343308)
(0.1743314, 0.5279056, 1.337781)
(0.1731006, 0.5286865, 1.33209)
(0.1708164, 0.5315684, 1.322966)
(0.1689636, 0.5343739, 1.315183)
(0.1656553, 0.5376414, 1.307603)
(0.1622305, 0.541041, 1.301195)
(0.1596695, 0.5445858, 1.293815)
(0.1577861, 0.5481546, 1.282739)
(0.1558472, 0.5544335, 1.269223)
(0.1562433, 0.5602369, 1.25733)
(0.1549399, 0.5644327, 1.243245)
(0.1523075, 0.565515, 1.227928)
(0.1502733, 0.5642598, 1.212486)
(0.148459, 0.5623133, 1.196992)
(0.1474121, 0.5601858, 1.181313)
(0.1461241, 0.5571539, 1.165621)
(0.1436751, 0.5557433, 1.150614)
(0.1431009, 0.5520132, 1.132532)
(0.1423976, 0.5470264, 1.116132)
(0.1407772, 0.5419942, 1.09938)
(0.1401012, 0.5359807, 1.082079)
(0.1392858, 0.5301566, 1.064776)
(0.1382216, 0.5238597, 1.047049)
(0.1375588, 0.5174841, 1.029057)
(0.1371858, 0.5116187, 1.01139)
(0.1371343, 0.5060358, 0.9935017)
(0.1366832, 0.4999636, 0.975332)
(0.1369512, 0.4950176, 0.958529)
(0.1377525, 0.4898027, 0.9423451)
(0.1371922, 0.4840566, 0.9273863)
(0.1373897, 0.4788052, 0.9127555)
(0.1378326, 0.4726864, 0.8979745)
(0.1376669, 0.4666822, 0.8851471)
(0.1377883, 0.4610167, 0.8720031)
(0.1378899, 0.455091, 0.8603826)
(0.137843, 0.4493833, 0.847497)
(0.1377683, 0.4457026, 0.837039)
(0.1382891, 0.4423797, 0.82692)
(0.1381648, 0.4391266, 0.8173866)
(0.1383356, 0.436478, 0.8090363)
(0.1388156, 0.4330206, 0.8007727)
(0.1387904, 0.4297028, 0.7948458)
(0.1392624, 0.4269757, 0.7895069)
(0.1399157, 0.424172, 0.7847617)
(0.1406257, 0.4206001, 0.7819285)
(0.1409688, 0.4164603, 0.7808838)
(0.1411757, 0.4117785, 0.7796121)
(0.1420153, 0.40637, 0.7808504)
(0.1423893, 0.3998712, 0.78368)
(0.1449366, 0.3952689, 0.7855654)
(0.1472692, 0.39898, 0.782284)
(0.1497765, 0.4060245, 0.780437)
(0.1522164, 0.4099082, 0.7802641)
(0.1510386, 0.408259, 0.7831492)
(0.1483489, 0.4037075, 0.7840502)
(0.1471105, 0.4020466, 0.7829762)
(0.1472483, 0.4019147, 0.7810154)
(0.1472642, 0.3994598, 0.7815094)
(0.1483589, 0.4033588, 0.7804122)
(0.1504868, 0.4044632, 0.7813778)
(0.1505723, 0.4046383, 0.7818253)
(0.1498325, 0.4049399, 0.7822876)
(0.1485281, 0.4036506, 0.7824974)
(0.1482584, 0.4030831, 0.7822874)
(0.1484647, 0.404518, 0.7830729)
(0.1488037, 0.4047984, 0.783107)
(0.1484306, 0.4047588, 0.7828088)
(0.1479232, 0.4049, 0.7832336)
(0.1478026, 0.4046243, 0.7834244)
(0.1475692, 0.4048003, 0.7833591)
(0.1472182, 0.4049917, 0.7836668)
(0.1469012, 0.404815, 0.7838755)
(0.146577, 0.4048865, 0.7838626)
(0.1462109, 0.4047562, 0.783704)
(0.1457919, 0.4043918, 0.7838712)
(0.1455262, 0.4041737, 0.7840178)
(0.1451406, 0.4040395, 0.7841976)
(0.1446943, 0.4039233, 0.7842593)
(0.1444044, 0.4037353, 0.7840323)
(0.1444228, 0.4036651, 0.7837434)
(0.1444869, 0.403244, 0.7837534)
(0.1440322, 0.4031646, 0.7835569)
(0.1436141, 0.4027305, 0.7835069)
(0.1433547, 0.4024398, 0.7833536)
(0.1432741, 0.4022624, 0.7831564)
(0.1434526, 0.4023224, 0.7833185)
(0.1436019, 0.4023099, 0.7834764)
(0.1438773, 0.4022449, 0.7833602)
(0.1444781, 0.4021424, 0.7829442)
(0.1446128, 0.4019723, 0.7827845)
(0.1447885, 0.4020945, 0.7828999)
(0.1446991, 0.4022616, 0.7830276)
(0.1447687, 0.4023712, 0.7829456)
(0.1445749, 0.4024404, 0.7828412)
(0.1445129, 0.4023509, 0.7828755)
(0.1442777, 0.4023052, 0.7828841)
(0.1438048, 0.4022329, 0.7829385)
(0.1437829, 0.4017957, 0.7828817)
(0.1432405, 0.40168, 0.7825627)
(0.1432441, 0.4012699, 0.7823763)
(0.143314, 0.401059, 0.7822046)
(0.1433399, 0.4012316, 0.7822661)
(0.1433483, 0.4012872, 0.7823462)
(0.1432418, 0.4012911, 0.7821331)
(0.1430666, 0.4010741, 0.7821655)
(0.1431903, 0.4009465, 0.7820327)
(0.1431496, 0.4009143, 0.7817857)
(0.1434852, 0.4008765, 0.7817578)
(0.1435888, 0.4008561, 0.7815509)
(0.1436255, 0.4007164, 0.7812872)
(0.143553, 0.400628, 0.7813091)
(0.1436353, 0.4006333, 0.7812543)
(0.1436095, 0.4005526, 0.7811351)
(0.1433409, 0.4003215, 0.7809434)
(0.1434336, 0.4001716, 0.7808022)
(0.1435328, 0.4000273, 0.7809129)
(0.1436197, 0.400034, 0.7809567)
(0.1438183, 0.3999965, 0.7809677)
(0.1440698, 0.4000119, 0.7807631)
(0.1442792, 0.3998133, 0.7811029)
(0.1446166, 0.3996955, 0.7810764)
(0.144721, 0.3995963, 0.7805648)
(0.1447061, 0.39948, 0.7805357)
(0.1444527, 0.3995714, 0.7804246)
(0.1440191, 0.3994179, 0.7801137)
(0.1440072, 0.3992718, 0.7798865)
(0.143894, 0.3991841, 0.7796259)
(0.1439261, 0.3991982, 0.7795444)
(0.1439452, 0.3991905, 0.7795115)
(0.1437253, 0.3991222, 0.7794693)
(0.1434519, 0.3990484, 0.7792768)
(0.1435708, 0.3990226, 0.7791195)
(0.1440623, 0.3990729, 0.7792194)
(0.1441908, 0.399212, 0.779)
(0.1445653, 0.3992867, 0.7788858)
(0.1449623, 0.3995693, 0.7795067)
(0.1453865, 0.39976, 0.7800865)
(0.1456324, 0.3993565, 0.7803593)
(0.1456032, 0.399338, 0.7797079)
(0.1457018, 0.3993376, 0.7793677)
(0.1457353, 0.3995951, 0.7796278)
(0.145678, 0.3998711, 0.7797287)
(0.1457307, 0.3998927, 0.7801754)
(0.1456745, 0.4001957, 0.7805462)
(0.1456034, 0.4002841, 0.7806773)
(0.1455336, 0.4003422, 0.7805462)
(0.1455871, 0.4004219, 0.7807672)
(0.1455994, 0.4001511, 0.7800913)
(0.1459317, 0.4001057, 0.7797289)
(0.1461792, 0.4002414, 0.7801538)
(0.1459029, 0.4002744, 0.7803869)
(0.145813, 0.4002308, 0.7803187)
(0.1459246, 0.4002094, 0.7805228)
(0.1459332, 0.4004644, 0.7805967)
(0.145766, 0.4005648, 0.7806234)
(0.1459651, 0.4005257, 0.7807438)
(0.1460567, 0.400458, 0.7807984)
(0.1460772, 0.4004871, 0.7806602)
(0.1463035, 0.4002519, 0.7805927)
(0.1465058, 0.4000348, 0.7802758)
(0.1466093, 0.4001477, 0.7800608)
(0.1464729, 0.3998586, 0.7799428)
(0.1465262, 0.3998209, 0.7798429)
(0.1466497, 0.3998448, 0.7795186)
(0.1469543, 0.3998281, 0.7793584)
(0.1471293, 0.3998566, 0.7790706)
(0.1472783, 0.3997198, 0.7786543)
(0.147678, 0.3996251, 0.7782466)
(0.1478114, 0.3996434, 0.7777939)
(0.1480279, 0.3997207, 0.777184)
(0.1485076, 0.3995745, 0.7763233)
(0.1486253, 0.3997091, 0.7749858)
(0.1487556, 0.3997111, 0.7736914)
(0.1493618, 0.3999858, 0.7716622)
(0.1493393, 0.4005555, 0.7683864)
(0.1487151, 0.4004865, 0.765434)
(0.1477879, 0.4003125, 0.7622955)
(0.1464261, 0.4003034, 0.7593157)
(0.1442995, 0.4014131, 0.7543836)
(0.1436484, 0.4035261, 0.7482629)
(0.1421193, 0.4053078, 0.7418876)
(0.1401343, 0.4073735, 0.7346549)
(0.1387103, 0.4093779, 0.7274728)
(0.1372964, 0.4108996, 0.7172887)
(0.1353328, 0.4156849, 0.7056203)
(0.133409, 0.4217002, 0.6944926)
(0.1306498, 0.4250418, 0.682333)
(0.1263913, 0.4258742, 0.667017)
(0.1232178, 0.4265966, 0.6534042)
(0.1163828, 0.4277581, 0.6430173)
(0.1131786, 0.4252404, 0.6290064)
(0.1109376, 0.4228412, 0.6137583)
(0.1083171, 0.4197699, 0.599175)
(0.1045854, 0.4158669, 0.5836821)
(0.1029603, 0.4116385, 0.5663161)
(0.1009061, 0.4060389, 0.5493937)
(0.09773922, 0.4017247, 0.533149)
(0.09608674, 0.3960893, 0.5136042)
(0.09463954, 0.3903111, 0.4958205)
(0.09296918, 0.3847328, 0.4781802)
(0.09186053, 0.378652, 0.4606428)
(0.09116268, 0.3727868, 0.4432111)
(0.09075141, 0.3664848, 0.4258695)
(0.09017229, 0.360261, 0.409349)
(0.08992815, 0.3546131, 0.393079)
(0.09002542, 0.3490934, 0.377121)
(0.08964276, 0.3433918, 0.3618352)
(0.0897758, 0.3391386, 0.3482101)
(0.0900681, 0.3339962, 0.3340719)
(0.08953452, 0.3286618, 0.32307)
(0.08921504, 0.3235235, 0.3110101)
(0.08932734, 0.3176475, 0.2982867)
(0.08863473, 0.3116964, 0.2873108)
(0.08822608, 0.306057, 0.2761014)
(0.0878551, 0.300683, 0.2651877)
(0.08748603, 0.2944798, 0.2541075)
(0.08746004, 0.2891821, 0.2437305)
(0.08757758, 0.2844089, 0.234344)
(0.08734465, 0.2793697, 0.2250941)
(0.08766842, 0.2751343, 0.2167053)
(0.08797646, 0.2712998, 0.2087653)
(0.08827543, 0.267698, 0.2018733)
(0.08891416, 0.2645283, 0.1950221)
(0.0901022, 0.2623127, 0.1898379)
(0.09061527, 0.2601502, 0.1858013)
(0.09065127, 0.2576988, 0.1812663)
(0.0902791, 0.2548661, 0.1783471)
(0.08923531, 0.2521143, 0.1757181)
(0.08702517, 0.2488849, 0.1761332)
(0.08593297, 0.2453115, 0.1751771)
(0.08476472, 0.2421715, 0.1743665)
(0.08345771, 0.23804, 0.1750941)
(0.08257866, 0.2339108, 0.1762967)
(0.08405495, 0.2322273, 0.1751707)
(0.08537507, 0.2349646, 0.1726344)
(0.09189272, 0.23877, 0.1726184)
(0.09685016, 0.2389395, 0.1746824)
(0.1014662, 0.2393417, 0.1748533)
(0.1012337, 0.2396045, 0.1737185)
(0.09700966, 0.2373023, 0.1734197)
(0.09414363, 0.2353752, 0.1732831)
(0.09600449, 0.2342272, 0.1756313)
(0.1000121, 0.237216, 0.1746955)
(0.1016247, 0.2395983, 0.1746297)
(0.1019456, 0.2406876, 0.1749296)
(0.1018224, 0.2397261, 0.1755741)
(0.1000047, 0.238198, 0.1752915)
(0.09930372, 0.2374876, 0.175379)
(0.09937644, 0.2375753, 0.1748896)
(0.09968662, 0.23768, 0.1746643)
(0.09964895, 0.2381823, 0.1745648)
(0.09922338, 0.237874, 0.1746867)
(0.09838271, 0.2375209, 0.1746552)
(0.09802485, 0.2370715, 0.1746166)
(0.09799242, 0.2367351, 0.1746731)
(0.09818912, 0.2368753, 0.1745121)
(0.09828401, 0.2371075, 0.1746471)
(0.09826303, 0.2367868, 0.1749916)
(0.09813738, 0.236557, 0.1749434)
(0.09741211, 0.2361712, 0.1747775)
(0.09616375, 0.2356355, 0.1746793)
(0.09584904, 0.2353714, 0.1744814)
(0.0955236, 0.2354805, 0.1742382)
(0.09562802, 0.23557, 0.1741297)
(0.09597468, 0.2354095, 0.1741335)
(0.09617186, 0.2354512, 0.1740627)
(0.09662461, 0.2354109, 0.1742897)
(0.09705496, 0.2354934, 0.1743674)
(0.09731531, 0.2355931, 0.1745243)
(0.09727859, 0.2355876, 0.1745658)
(0.09763813, 0.2358513, 0.1744192)
(0.09777832, 0.2362292, 0.1744955)
(0.09804773, 0.2363391, 0.1745453)
(0.09812212, 0.2364335, 0.1746297)
(0.09822917, 0.2363567, 0.1746774)
(0.09810138, 0.2364678, 0.174551)
(0.09799385, 0.2365367, 0.174614)
(0.09799361, 0.2367887, 0.175009)
(0.09784222, 0.2368002, 0.1753383)
(0.09822726, 0.2367365, 0.1754112)
(0.09801722, 0.2368028, 0.1752045)
(0.09827161, 0.2371552, 0.1750066)
(0.09834361, 0.2370372, 0.1749749)
(0.09840083, 0.2369978, 0.1749828)
(0.0984962, 0.2369907, 0.175174)
(0.0983777, 0.2370391, 0.1750813)
(0.09835386, 0.237262, 0.1752634)
(0.0985074, 0.2373586, 0.175431)
(0.09868383, 0.2374749, 0.1753027)
(0.09900856, 0.237637, 0.1752424)
(0.09930396, 0.2375906, 0.1752622)
(0.09951735, 0.2377663, 0.1750457)
(0.09969735, 0.2380409, 0.175046)
(0.09969258, 0.2380333, 0.1750255)
(0.09962034, 0.2380807, 0.1749759)
(0.09972882, 0.2380915, 0.175092)
(0.09975696, 0.2383964, 0.1746681)
(0.1002035, 0.2385118, 0.1745958)
(0.1000497, 0.2383704, 0.1744742)
(0.09997582, 0.2378614, 0.1746445)
(0.09978509, 0.2375557, 0.174314)
(0.09960127, 0.237165, 0.1741545)
(0.09967589, 0.2371376, 0.1740665)
(0.09956336, 0.2371018, 0.1736565)
(0.0991869, 0.2370164, 0.1733446)
(0.09934664, 0.2367654, 0.1733944)
(0.09920096, 0.2363393, 0.1733105)
(0.09896851, 0.2359018, 0.1729543)
(0.09910464, 0.2360153, 0.1729207)
(0.09889364, 0.2364295, 0.1726155)
(0.09865236, 0.2364628, 0.1725256)
(0.09840441, 0.2363043, 0.1729581)
(0.09828949, 0.236306, 0.1730018)
(0.0981679, 0.2360845, 0.1729026)
(0.09793925, 0.2360728, 0.17277)
(0.09819722, 0.23611, 0.1727986)
(0.09810877, 0.236454, 0.1729703)
(0.09779191, 0.2364759, 0.1731715)
(0.09794593, 0.2362959, 0.1730299)
(0.09796596, 0.2363529, 0.1728041)
(0.09816861, 0.236424, 0.1727877)
(0.09807944, 0.2362578, 0.1725855)
(0.09812379, 0.2362843, 0.1723087)
(0.09786749, 0.2361379, 0.1722927)
(0.09784818, 0.2361557, 0.1722453)
(0.09779167, 0.2360682, 0.1721044)
(0.09767342, 0.2358115, 0.1723757)
(0.0975759, 0.2358015, 0.1724727)
(0.09747601, 0.2356427, 0.1724212)
(0.09734702, 0.2355363, 0.1722867)
(0.09731197, 0.2352998, 0.1723285)
(0.09735608, 0.2353547, 0.172204)
(0.09723663, 0.2352617, 0.1719158)
(0.09730101, 0.2352774, 0.1717706)
(0.0973742, 0.2353246, 0.1715598)
(0.0974586, 0.2353146, 0.1713574)
(0.09742498, 0.235204, 0.1711683)
(0.09745812, 0.2352049, 0.1708548)
(0.09751296, 0.234978, 0.1705315)
(0.09762096, 0.2350471, 0.16993)
(0.09758353, 0.2350593, 0.1692665)
(0.09757233, 0.2350917, 0.1685729)
(0.09750366, 0.2352099, 0.1674223)
(0.09777308, 0.235332, 0.1661522)
(0.09781671, 0.2361624, 0.1633976)
(0.09712315, 0.2361159, 0.1604505)
(0.09682012, 0.2362547, 0.15802)
(0.09650302, 0.2365813, 0.1550004)
(0.09593868, 0.2370739, 0.1518474)
(0.09534907, 0.2391496, 0.1469283)
(0.09400702, 0.2414706, 0.1406627)
(0.09215856, 0.2437696, 0.1347482)
(0.09106541, 0.2481894, 0.1279261)
(0.09039903, 0.2521396, 0.1198361)
(0.08991289, 0.2549186, 0.1116686)
(0.08940744, 0.2572739, 0.1017909)
(0.08774495, 0.2626426, 0.08905172)
(0.08607936, 0.2669814, 0.07772422)
(0.08055139, 0.2700348, 0.06435442)
(0.07736516, 0.2673481, 0.04808855)
(0.07449818, 0.2671061, 0.03497529)
(0.07167411, 0.2653096, 0.01947761)
(0.06993151, 0.2641551, 0.001664639)
(0.06801772, 0.261116, -0.01591754)
(0.06546521, 0.258575, -0.03297949)
(0.06404305, 0.2550261, -0.05266547)
(0.06238937, 0.2499237, -0.07138968)
(0.05935097, 0.2452734, -0.09131348)
(0.05814433, 0.239645, -0.111392)
(0.05687404, 0.2332497, -0.1304293)
(0.05526137, 0.2268538, -0.1505258)
(0.05437565, 0.2213893, -0.1705208)
(0.05387449, 0.215379, -0.1905301)
(0.0527842, 0.2097664, -0.2103728)
(0.05241895, 0.2042499, -0.2294347)
(0.05257726, 0.1991465, -0.2482944)
(0.05243421, 0.1929131, -0.269646)
(0.05246139, 0.1870086, -0.2866138)
(0.05295253, 0.1804748, -0.3047318)
(0.05153155, 0.1743352, -0.3224328)
(0.0498507, 0.1671286, -0.338567)
(0.04820657, 0.161057, -0.3537642)
(0.04686046, 0.1553268, -0.3702753)
(0.04566216, 0.1511478, -0.3849512)
(0.04490805, 0.1470685, -0.39913)
(0.04362059, 0.1436083, -0.4132978)
(0.04258323, 0.1397572, -0.4258826)
(0.04211283, 0.1362472, -0.4362409)
(0.04116011, 0.1316917, -0.4466143)
(0.04050875, 0.1270442, -0.454999)
(0.03985953, 0.1220641, -0.4619209)
(0.03835368, 0.1167154, -0.4699025)
(0.03750825, 0.1108437, -0.4753326)
(0.03716874, 0.1045358, -0.4790318)
(0.03724837, 0.09867167, -0.4813416)
(0.04039431, 0.1017427, -0.4779329)
(0.04294896, 0.1039732, -0.4743263)
(0.04545188, 0.1070766, -0.46644)
(0.04668546, 0.1049247, -0.4573933)
(0.04593778, 0.1023197, -0.4507219)
(0.04512119, 0.1004381, -0.4506257)
(0.04662633, 0.1009762, -0.4568204)
(0.04860663, 0.1011648, -0.4593507)
(0.0522058, 0.1020424, -0.459383)
(0.04863119, 0.1011097, -0.456298)
(0.04732251, 0.09958005, -0.4532409)
(0.04665518, 0.09917092, -0.4529951)
(0.0459106, 0.09978628, -0.4541888)
(0.04710245, 0.09941339, -0.4532676)
(0.04671621, 0.1001091, -0.4524807)
(0.04744434, 0.1004071, -0.4523557)
(0.04809928, 0.1000733, -0.4522663)
(0.04737282, 0.1006315, -0.4515939)
(0.04786849, 0.1011195, -0.4513092)
(0.04747963, 0.1010399, -0.451442)
(0.04657149, 0.1010504, -0.4512302)
(0.0464747, 0.1011746, -0.4512382)
(0.04594684, 0.1011596, -0.4512279)
(0.04586434, 0.1008842, -0.4512357)
(0.04627037, 0.1012332, -0.4514344)
(0.04636526, 0.1012242, -0.4516659)
(0.0466938, 0.1009264, -0.4518625)
(0.04713893, 0.1011784, -0.4517721)
(0.0472939, 0.1009512, -0.4521458)
(0.04717565, 0.1009486, -0.4521242)
(0.0472374, 0.1012757, -0.452296)
(0.04700804, 0.1011925, -0.4522817)
(0.04686999, 0.1009014, -0.4523791)
(0.04696345, 0.1011982, -0.4524604)
(0.04690862, 0.1011872, -0.4523157)
(0.04708171, 0.1009727, -0.4525092)
(0.0472672, 0.1012633, -0.4526931)
(0.04726028, 0.1012146, -0.4526578)
(0.04731607, 0.1013086, -0.4525039)
(0.04721498, 0.1012218, -0.4523064)
(0.04693556, 0.1011682, -0.4523044)
(0.04702497, 0.101069, -0.4522545)
(0.04705524, 0.1011264, -0.4521416)
(0.04693007, 0.1011422, -0.4521004)
(0.04700398, 0.1010303, -0.4519506)
(0.04715514, 0.1009724, -0.4519629)
(0.04699397, 0.1010513, -0.4522748)
(0.046911, 0.1007581, -0.4522167)
(0.04691172, 0.1009147, -0.4523085)
(0.04678726, 0.10096, -0.4522977)
(0.0467186, 0.1009731, -0.4521368)
(0.04678082, 0.1011245, -0.4521145)
(0.04667115, 0.1011343, -0.4520795)
(0.04674506, 0.1010067, -0.4520955)
(0.04667258, 0.1010246, -0.451956)
(0.04641366, 0.1009829, -0.4521155)
(0.04641891, 0.1008847, -0.4521152)
(0.0463438, 0.1009274, -0.4520241)
(0.04605556, 0.100913, -0.4519216)
(0.04604697, 0.1008599, -0.4518615)
(0.04595542, 0.1008496, -0.4518458)
(0.04589963, 0.1008241, -0.4517037)
(0.04578972, 0.1008947, -0.4514432)
(0.04592681, 0.1012089, -0.4515684)
(0.04571128, 0.1011364, -0.4517272)
(0.04567194, 0.1011357, -0.4516444)
(0.04567552, 0.1013062, -0.4516506)
(0.04552531, 0.1013019, -0.4514838)
(0.04556251, 0.1011219, -0.4515853)
(0.04554439, 0.1011989, -0.451606)
(0.04564095, 0.1011879, -0.4517812)
(0.04563618, 0.1012259, -0.4518218)
(0.04567552, 0.1012585, -0.4517299)
(0.04558325, 0.1012444, -0.4517022)
(0.0457139, 0.1011045, -0.4517329)
(0.045578, 0.1010089, -0.4515849)
(0.04529667, 0.10095, -0.4515469)
(0.04530191, 0.1007969, -0.4515865)
(0.04528546, 0.1008985, -0.4516469)
(0.04524183, 0.1007833, -0.4515227)
(0.0453434, 0.100796, -0.4514096)
(0.04545665, 0.1009059, -0.4513661)
(0.04544711, 0.1008778, -0.4511842)
(0.04537868, 0.1008589, -0.4510247)
(0.04521871, 0.1009269, -0.450984)
(0.04494953, 0.1008649, -0.4508123)
(0.04486537, 0.1007881, -0.4507495)
(0.04490972, 0.1009822, -0.4507391)
(0.04499483, 0.1009028, -0.4509406)
(0.04491282, 0.100836, -0.4510924)
(0.04497576, 0.1009719, -0.4509518)
(0.044698, 0.1009078, -0.4510916)
(0.04439044, 0.1008577, -0.4510612)
(0.04431009, 0.101069, -0.4511579)
(0.04401445, 0.1011338, -0.4509838)
(0.04409933, 0.1010826, -0.4508796)
(0.04417777, 0.1012669, -0.450895)
(0.04440641, 0.101269, -0.450485)
(0.04452395, 0.1012576, -0.4502516)
(0.04493976, 0.1015463, -0.4502786)
(0.04532862, 0.1016359, -0.4504528)
(0.04585314, 0.1015208, -0.450477)
(0.04609203, 0.101532, -0.45059)
(0.04583979, 0.1015849, -0.4508179)
(0.04584646, 0.1014366, -0.450979)
(0.04603362, 0.1014752, -0.451213)
(0.04646277, 0.1015229, -0.4514248)
(0.04676247, 0.1016197, -0.4514267)
(0.04705119, 0.1016536, -0.4513432)
(0.04736185, 0.1017132, -0.4512324)
(0.0477345, 0.1016731, -0.4512615)
(0.04784465, 0.1018014, -0.4512448)
(0.04807568, 0.1016986, -0.4510876)
(0.04833794, 0.101681, -0.4511701)
(0.04878545, 0.1019273, -0.4512396)
(0.04896522, 0.1019912, -0.4511404)
(0.04925561, 0.1019444, -0.4509916)
(0.04944348, 0.1020472, -0.4510421)
(0.04957032, 0.1020532, -0.4510361)
(0.04957366, 0.1019194, -0.451106)
(0.04977703, 0.1020639, -0.4512159)
(0.04980826, 0.1020801, -0.451172)
(0.0497942, 0.1021652, -0.4510645)
(0.0500226, 0.1023395, -0.4510815)
(0.04994488, 0.102334, -0.4510769)
(0.04995036, 0.1022868, -0.4511603)
(0.05009174, 0.1024857, -0.4512259)
(0.05006385, 0.1025167, -0.4512815)
(0.05022883, 0.102514, -0.4512193)
(0.0502522, 0.1025176, -0.4511635)
(0.05020714, 0.1025302, -0.4512283)
(0.05018282, 0.1026168, -0.4511633)
(0.05018091, 0.1026406, -0.4511188)
(0.05020404, 0.1026845, -0.4510796)
(0.05040598, 0.1025822, -0.4511411)
(0.050493, 0.1026986, -0.4511849)
(0.05061865, 0.1026609, -0.4511411)
(0.05065036, 0.1026783, -0.451103)
(0.05071425, 0.1026256, -0.4509662)
(0.05072498, 0.1026306, -0.4509857)
(0.05068398, 0.1027951, -0.4508009)
(0.05064869, 0.1027207, -0.4506717)
