(321.0917, 126.0265, 346.5081)
(322.8177, 125.4665, 348.0011)
(324.1265, 122.7834, 351.5663)
(324.7736, 116.0705, 359.8977)
(314.2254, 124.3174, 355.2079)
(314.2254, 124.3174, 355.2079)
(315.8753, 126.0827, 356.9676)
(319.9753, 124.1552, 358.9093)
(323.3654, 122.4726, 0.5728023)
(324.008, 118.2866, 1.260557)
(324.008, 118.2866, 1.260557)
(319.1172, 116.4584, 0.1167876)
(319.5604, 114.2185, 0.1953468)
(320.4211, 112.684, 0.4866123)
(320.3787, 111.2163, 1.354116)
(320.2841, 109.6181, 2.496814)
(321.8089, 108.5924, 3.291875)
(325.2001, 108.0087, 4.135656)
(327.5875, 107.586, 4.732433)
(328.3494, 107.714, 5.237484)
(328.02, 108.2934, 5.44159)
(326.0324, 109.7997, 5.202592)
(326.7821, 109.7682, 6.196612)
(329.2791, 109.0075, 7.820691)
(329.8724, 107.6098, 9.507379)
(329.3033, 106.4327, 11.0906)
(328.9435, 105.1436, 13.1224)
(329.9645, 104.7455, 15.2677)
(329.7727, 104.25, 17.043)
(328.4319, 103.184, 19.52061)
(328.6301, 102.7528, 21.41125)
(329.6887, 102.9437, 22.62509)
(331.9228, 104.2746, 22.98904)
(333.5775, 106.0452, 22.82572)
(333.1111, 107.67, 21.94741)
(331.7096, 107.4943, 21.33778)
(331.5296, 106.9888, 20.96437)
(332.2243, 108.2424, 19.04763)
(332.2243, 108.2424, 19.04763)
(332.6692, 110.2095, 17.15648)
(333.6624, 111.7568, 16.08599)
(333.9599, 113.2187, 14.80803)
(333.929, 114.1563, 13.70097)
(333.2615, 115.1165, 12.64057)
(332.1794, 115.1452, 12.00677)
(331.5389, 115.9301, 11.29133)
(331.0655, 117.4949, 9.903022)
(330.1779, 119.1106, 8.108288)
(329.4466, 120.6508, 6.537903)
(328.7702, 121.923, 5.322341)
(328.6141, 123.2152, 4.27631)
(328.0494, 124.7453, 3.081671)
(326.8359, 126.5615, 1.273522)
(325.7004, 127.7976, 0.2428435)
(325.243, 129.4893, 358.8697)
(324.29, 130.8724, 357.5979)
(323.1373, 132.2244, 356.3584)
(322.1146, 133.5376, 354.8683)
(320.5979, 134.0253, 354.1237)
(319.8312, 134.0428, 353.9944)
(318.7233, 137.2439, 349.7377)
(318.3525, 143.4736, 342.9892)
(315.7124, 145.6861, 341.387)
