0.0108188
0.0151172
0.0108716
0.0190353
0.0100225
0.0101578
0.0057166
0.0142218
0.0077599
0.0112405
0.0108312
0.0110394
0.0110418
0.0111248
0.0118571
0.0109901
0.0109598
0.0109521
0.0110942
0.0111592
0.0109952
0.0110055
0.0108486
0.0120863
0.0108534
0.0118075
0.010355
0.0110783
0.0108004
0.010965
0.0111934
0.0109275
0.0118856
0.011018
0.0110734
0.0109234
0.0109916
0.011156
0.0129354
0.008991
0.0110222
0.0119298
0.0109887
0.01097
0.0110263
0.0109785
0.0110432
0.0110539
0.0110232
0.0110435
0.0118329
0.0111124
0.0108575
0.0110382
0.0111628
0.0109035
