0.02110457
0.03346133
0.04839468
0.06480813
0.08076119
0.09756637
0.1383002
0.1594291
0.1804101
0.202523
0.2244489
0.2484065
0.2730286
0.3003352
0.3268715
0.3510014
0.3742602
0.3981584
0.4180708
0.4378541
0.4681184
0.4831966
0.4920279
0.4992074
0.5072218
0.5125054
0.5124342
0.511844
0.5072577
0.5004243
0.4940144
0.4841503
0.4700898
0.4545845
0.419952
0.3993915
0.3778167
0.3556844
0.3321772
0.309785
0.2853146
0.2606342
0.2382376
0.2174618
0.1970404
0.1779447
0.1587882
0.1396639
0.1106398
0.09715772
0.08618855
0.08071232
0.07187557
0.06333995
0.05729151
0.04938102
0.04306865
0.0391326
0.03533888
0.0325439
0.03014946
0.028162
0.02385306
0.02385306
0.02121353
0.01897287
0.01565313
