other
(0.2016096, 1.530751, -0.3383657)
(0.2014549, 1.530137, -0.3381151)
(0.2012455, 1.52959, -0.3378986)
(0.2012455, 1.52959, -0.3378986)
(0.2008474, 1.528601, -0.3374745)
(0.2005091, 1.528317, -0.3372427)
(0.2000964, 1.528181, -0.3370641)
(0.1996975, 1.528102, -0.3368016)
(0.1991158, 1.528176, -0.3364745)
(0.198432, 1.528339, -0.3360606)
(0.1975584, 1.528584, -0.3356303)
(0.1966152, 1.528896, -0.3351339)
(0.1956499, 1.52926, -0.3347)
(0.1945398, 1.529768, -0.3344201)
(0.1933727, 1.530129, -0.334051)
(0.1920917, 1.530413, -0.3337308)
(0.1909509, 1.530739, -0.3333837)
(0.1894417, 1.53088, -0.3330196)
(0.1878958, 1.530912, -0.3327297)
(0.1861088, 1.530897, -0.3324991)
(0.1841125, 1.530942, -0.3325399)
(0.1841125, 1.530942, -0.3325399)
(0.1797411, 1.530609, -0.3325623)
(0.1773853, 1.530348, -0.3327218)
(0.1749203, 1.53006, -0.3329335)
(0.1722541, 1.529714, -0.333125)
(0.1693745, 1.529374, -0.3334926)
(0.166414, 1.529107, -0.3337103)
(0.163141, 1.528803, -0.3341271)
(0.1597216, 1.528543, -0.3345379)
(0.1597216, 1.528543, -0.3345379)
(0.1530507, 1.528302, -0.3352755)
(0.1497998, 1.528219, -0.3356255)
(0.146739, 1.528153, -0.3357757)
(0.1433685, 1.527943, -0.3357962)
(0.1401083, 1.527925, -0.3358914)
(0.1368933, 1.527954, -0.3359171)
(0.1336899, 1.527877, -0.335812)
(0.1303742, 1.527912, -0.3360065)
(0.1303742, 1.527912, -0.3360065)
(0.1243553, 1.528356, -0.3360914)
(0.1214263, 1.528544, -0.33611)
(0.1186211, 1.528729, -0.3360225)
(0.1158633, 1.528893, -0.3359364)
(0.1133175, 1.52907, -0.3359171)
(0.1108937, 1.529313, -0.3356172)
(0.108629, 1.529738, -0.3354441)
(0.1062195, 1.530098, -0.3352913)
(0.1039743, 1.530503, -0.3348788)
(0.1018896, 1.530692, -0.3343951)
(0.09993482, 1.530922, -0.3341867)
(0.09821081, 1.531155, -0.3336128)
(0.0963099, 1.531312, -0.3331918)
(0.09465003, 1.531503, -0.3330399)
(0.09292293, 1.531869, -0.3326651)
(0.09132791, 1.532165, -0.3325394)
(0.08983755, 1.532484, -0.332496)
(0.08826232, 1.533016, -0.3321105)
(0.08692503, 1.533408, -0.3316766)
(0.08566856, 1.533824, -0.3311213)
(0.08451462, 1.534302, -0.330299)
(0.08332229, 1.534601, -0.3295192)
(0.08233213, 1.535006, -0.3288244)
(0.08129692, 1.535442, -0.3281299)
(0.08032203, 1.535738, -0.3274823)
(0.07939506, 1.536113, -0.326883)
(0.07834244, 1.536506, -0.3262743)
(0.07752323, 1.536657, -0.3255314)
(0.0768342, 1.536909, -0.3249606)
(0.07612967, 1.537228, -0.3241452)
(0.07546949, 1.537388, -0.3234192)
(0.07497406, 1.537565, -0.3227051)
(0.0744791, 1.537777, -0.3219756)
(0.07427788, 1.537972, -0.3211159)
(0.07392979, 1.538132, -0.3203532)
(0.07384801, 1.538217, -0.319369)
(0.07368183, 1.538296, -0.3184134)
(0.07352734, 1.538331, -0.3174764)
(0.07345986, 1.538321, -0.3164457)
(0.0732944, 1.53832, -0.3154877)
(0.07333732, 1.538235, -0.3143705)
(0.07330942, 1.53815, -0.3132998)
(0.07347655, 1.537944, -0.3122636)
(0.07356715, 1.537756, -0.3110455)
(0.07376552, 1.537387, -0.3099343)
(0.07396197, 1.536995, -0.3088647)
(0.07420063, 1.536579, -0.3078471)
(0.07440782, 1.536148, -0.3067998)
(0.07475853, 1.535644, -0.3057643)
(0.07512116, 1.535081, -0.3048185)
(0.07571077, 1.534514, -0.3038024)
(0.07612896, 1.534014, -0.302806)
(0.0765965, 1.533463, -0.301838)
(0.07718468, 1.532941, -0.3007866)
(0.07792783, 1.532563, -0.2996646)
(0.07856417, 1.532177, -0.2983388)
(0.07922935, 1.531829, -0.2969316)
(0.08006716, 1.531519, -0.2954048)
(0.08098173, 1.53115, -0.2934998)
(0.0820148, 1.530735, -0.2914971)
(0.08315325, 1.530336, -0.2894171)
(0.08423567, 1.529809, -0.287284)
(0.08541822, 1.529171, -0.2850672)
(0.0868957, 1.528698, -0.2826892)
(0.08820319, 1.528091, -0.280265)
(0.08973098, 1.527272, -0.2779051)
(0.0912292, 1.526543, -0.2753431)
(0.09303808, 1.525503, -0.2726451)
(0.09475255, 1.524612, -0.2697676)
(0.09652877, 1.523753, -0.2668895)
(0.09847093, 1.522936, -0.2636806)
(0.1004603, 1.522162, -0.2605854)
(0.1024451, 1.52132, -0.2570952)
(0.1048193, 1.520583, -0.2532429)
(0.1072493, 1.519743, -0.2496897)
(0.1096206, 1.519076, -0.2454912)
(0.1119471, 1.518329, -0.2411167)
(0.1142747, 1.517499, -0.236664)
(0.116863, 1.516931, -0.2324542)
(0.119472, 1.516522, -0.2279827)
(0.1221623, 1.516392, -0.2239477)
(0.124929, 1.51688, -0.2196971)
(0.1279507, 1.517182, -0.215067)
(0.1306996, 1.517227, -0.2108447)
(0.1336327, 1.517189, -0.2062017)
(0.1366875, 1.517005, -0.2011596)
(0.1396863, 1.516789, -0.1956524)
(0.1427391, 1.51644, -0.1901738)
(0.1459956, 1.515954, -0.1846849)
(0.1494033, 1.515366, -0.179902)
(0.1524899, 1.514792, -0.1755239)
(0.1561317, 1.514186, -0.1710276)
(0.1596644, 1.513478, -0.1674332)
(0.1631277, 1.513015, -0.1644131)
(0.1665947, 1.512457, -0.1610249)
(0.1700029, 1.512096, -0.1578695)
(0.1734416, 1.511947, -0.1544923)
(0.1769619, 1.511961, -0.1508001)
(0.1803737, 1.511993, -0.1470724)
(0.1838293, 1.5124, -0.1429614)
(0.1875861, 1.512671, -0.1380221)
(0.1910353, 1.512809, -0.1337396)
(0.1941712, 1.513106, -0.129773)
(0.1975222, 1.513285, -0.1255876)
(0.2008109, 1.513409, -0.121951)
(0.2039042, 1.513531, -0.1183881)
(0.2070594, 1.513669, -0.1149742)
(0.2100511, 1.513782, -0.1116268)
(0.2130592, 1.513757, -0.1086065)
(0.2159936, 1.513637, -0.1053792)
(0.2189903, 1.513344, -0.1021518)
(0.2216847, 1.512885, -0.09918846)
(0.2244098, 1.512505, -0.09619559)
(0.2269728, 1.51205, -0.09343208)
(0.2295821, 1.511666, -0.090804)
(0.2320249, 1.511287, -0.08824743)
(0.2344098, 1.510915, -0.08586444)
(0.2366967, 1.510643, -0.08364858)
(0.2389064, 1.510296, -0.08120598)
(0.2409604, 1.509786, -0.07912125)
(0.2429185, 1.509458, -0.07696404)
(0.2448182, 1.509161, -0.07466783)
(0.2465539, 1.508971, -0.07249583)
(0.2483325, 1.508816, -0.07037939)
(0.2499208, 1.508785, -0.06827249)
(0.2512207, 1.5088, -0.06629051)
(0.2526281, 1.508868, -0.06452002)
(0.2539248, 1.508873, -0.06253327)
(0.2551785, 1.508878, -0.06052531)
(0.256274, 1.508893, -0.05870809)
(0.25741, 1.508889, -0.05690135)
(0.2581537, 1.508955, -0.05526485)
(0.2590196, 1.508992, -0.05352964)
(0.2596817, 1.509169, -0.05172171)
(0.2604005, 1.509278, -0.05003442)
(0.2610891, 1.509429, -0.04846491)
(0.2618423, 1.509514, -0.04658999)
(0.2623088, 1.509582, -0.04486407)
(0.262845, 1.509678, -0.04311575)
(0.2633557, 1.509794, -0.04120888)
(0.2636967, 1.509912, -0.03929557)
(0.2641618, 1.509829, -0.03739513)
(0.2645662, 1.509854, -0.03548492)
(0.2645662, 1.509854, -0.03548492)
(0.2654431, 1.509743, -0.03225268)
(0.2659209, 1.509659, -0.03056945)
(0.2664275, 1.509588, -0.02907528)
(0.2667944, 1.509444, -0.0278448)
(0.2670794, 1.509515, -0.02655019)
(0.2676425, 1.509594, -0.02536692)
(0.2681763, 1.50969, -0.02426971)
(0.2687073, 1.509794, -0.02313437)
(0.2692666, 1.509896, -0.02203454)
(0.2699842, 1.510209, -0.02078475)
(0.2707126, 1.510803, -0.01928653)
(0.2712202, 1.511183, -0.01786532)
(0.2719827, 1.511452, -0.016436)
(0.2726862, 1.511752, -0.01483478)
(0.273345, 1.512149, -0.01333703)
(0.2741807, 1.512163, -0.01186885)
(0.2751915, 1.511918, -0.01058687)
(0.2762599, 1.511702, -0.009463682)
(0.277432, 1.511565, -0.00861372)
(0.2788749, 1.512103, -0.007559909)
(0.2795656, 1.51306, -0.006486787)
(0.2795656, 1.51306, -0.006486787)
(0.279937, 1.513079, -0.003377571)
(0.2801349, 1.512966, -0.001368656)
(0.2808199, 1.513365, 0.0005756477)
(0.2813778, 1.513477, 0.002987967)
(0.2818563, 1.513162, 0.00524293)
(0.2823715, 1.512843, 0.00750433)
(0.2828181, 1.512791, 0.01009427)
(0.2830615, 1.512734, 0.01251589)
(0.2833617, 1.512329, 0.01493107)
(0.2836747, 1.511852, 0.01727568)
(0.2836754, 1.511287, 0.01970159)
(0.2837207, 1.510503, 0.02208672)
(0.2836044, 1.509702, 0.02437483)
(0.2836533, 1.509011, 0.02656899)
(0.2835245, 1.508493, 0.02875434)
(0.283303, 1.508007, 0.03123008)
(0.2831216, 1.50761, 0.0336083)
(0.2829452, 1.507232, 0.03615628)
(0.2826478, 1.506881, 0.03889523)
(0.2822289, 1.506399, 0.04195724)
(0.2818282, 1.505857, 0.0448259)
(0.2811809, 1.505317, 0.04766689)
(0.2804894, 1.504777, 0.05032168)
(0.2797749, 1.504315, 0.05282365)
(0.2790053, 1.504003, 0.05538355)
(0.2779872, 1.503792, 0.05818664)
(0.276942, 1.503754, 0.06082641)
(0.2758055, 1.503811, 0.0636016)
(0.2744751, 1.504305, 0.06691681)
(0.2731323, 1.504739, 0.07031928)
(0.271574, 1.505087, 0.07384406)
(0.2699461, 1.505173, 0.07722889)
(0.2683766, 1.505226, 0.08077846)
(0.2666111, 1.505244, 0.08451758)
(0.2646093, 1.505039, 0.08855568)
(0.2627246, 1.504716, 0.09199511)
(0.2607555, 1.504413, 0.09516607)
(0.2584491, 1.504093, 0.09790502)
(0.2563851, 1.503846, 0.1006642)
(0.2544296, 1.503438, 0.1031929)
(0.2523785, 1.503196, 0.1061016)
(0.2503541, 1.502898, 0.108877)
(0.2483847, 1.502517, 0.1118187)
(0.2460043, 1.50229, 0.1152018)
(0.244077, 1.502209, 0.1183089)
(0.2420378, 1.502107, 0.1214861)
(0.2399611, 1.502101, 0.1247395)
(0.2379472, 1.502007, 0.1279031)
(0.2358274, 1.501911, 0.1308662)
(0.2336941, 1.501818, 0.1338714)
(0.2314467, 1.501598, 0.1367997)
(0.2292683, 1.501414, 0.1395022)
(0.2269351, 1.501268, 0.1424466)
(0.2269351, 1.501268, 0.1424466)
(0.2227228, 1.501248, 0.1475059)
(0.2203982, 1.501321, 0.1501995)
(0.2181191, 1.50128, 0.1529165)
(0.2158353, 1.501404, 0.155567)
(0.2135956, 1.501546, 0.1584617)
(0.2111235, 1.50175, 0.1614107)
(0.2086053, 1.502008, 0.1642159)
(0.2061782, 1.502275, 0.1671065)
(0.2038467, 1.502523, 0.1698233)
(0.2013884, 1.50287, 0.1725095)
(0.1990118, 1.503199, 0.175197)
(0.1966131, 1.503509, 0.177595)
(0.1942196, 1.50385, 0.17984)
(0.1918528, 1.504306, 0.181903)
(0.1893568, 1.504871, 0.1839241)
(0.1868515, 1.505515, 0.1857196)
(0.1845534, 1.506218, 0.1872061)
(0.1822939, 1.506851, 0.188764)
(0.180243, 1.50752, 0.190086)
(0.1781464, 1.508199, 0.1916455)
(0.1762931, 1.508706, 0.1932825)
(0.1744294, 1.509196, 0.1950351)
(0.1729093, 1.509586, 0.1970408)
(0.1714115, 1.509877, 0.1989082)
(0.1698453, 1.510224, 0.2008456)
(0.1686554, 1.510424, 0.2024019)
(0.1674888, 1.510606, 0.2036158)
(0.1663857, 1.510748, 0.2045284)
(0.1652994, 1.510931, 0.2054404)
(0.164494, 1.511099, 0.2058142)
(0.1634302, 1.511353, 0.2063403)
(0.1626098, 1.511597, 0.2066358)
(0.1618249, 1.511853, 0.2070167)
(0.1609735, 1.512334, 0.2075325)
(0.1602733, 1.512866, 0.2079922)
(0.1596553, 1.513339, 0.2084801)
(0.1590579, 1.514048, 0.2090098)
(0.158499, 1.514745, 0.2096289)
(0.1580637, 1.515491, 0.210243)
(0.1575775, 1.51631, 0.2110497)
(0.1570437, 1.517174, 0.2119083)
(0.1565404, 1.517893, 0.2127709)
(0.15593, 1.518729, 0.2136779)
(0.1554668, 1.519445, 0.2146278)
(0.15481, 1.519935, 0.215486)
(0.154269, 1.520535, 0.2161645)
(0.1536965, 1.521151, 0.2168832)
(0.1533213, 1.521767, 0.2171442)
(0.1526852, 1.522252, 0.2175072)
(0.1520627, 1.522614, 0.2177168)
(0.151547, 1.523028, 0.217743)
(0.1509118, 1.523376, 0.2175972)
(0.150238, 1.523758, 0.2174448)
(0.1496849, 1.524136, 0.2173267)
(0.1491261, 1.524543, 0.2171055)
(0.1484735, 1.525122, 0.2171423)
(0.147958, 1.525598, 0.2170634)
(0.1476078, 1.52609, 0.2169255)
(0.1471043, 1.526721, 0.2169155)
(0.1466813, 1.527197, 0.2169962)
(0.1463103, 1.5279, 0.2170578)
(0.1459658, 1.528596, 0.2171528)
(0.1458585, 1.529347, 0.2171284)
(0.145647, 1.530097, 0.2171448)
(0.145534, 1.530783, 0.2171265)
(0.1454356, 1.531443, 0.217039)
(0.145329, 1.532142, 0.2169893)
(0.1451647, 1.532824, 0.21692)
(0.1452031, 1.533414, 0.2169293)
(0.1452987, 1.534014, 0.2170569)
(0.1454568, 1.534653, 0.2172115)
(0.1458042, 1.535241, 0.2172888)
(0.146121, 1.535685, 0.2175033)
(0.1464305, 1.536088, 0.2177442)
(0.1468916, 1.53633, 0.217962)
(0.1474521, 1.536507, 0.2181132)
(0.1479833, 1.536557, 0.2182728)
(0.1486123, 1.536626, 0.2182863)
(0.149235, 1.536486, 0.2182264)
(0.1500213, 1.536331, 0.2182139)
(0.1507111, 1.536145, 0.2182163)
(0.1514711, 1.535914, 0.2181808)
(0.1520948, 1.535808, 0.218137)
(0.1530018, 1.535912, 0.2180108)
(0.1539183, 1.53604, 0.2178868)
(0.154779, 1.536467, 0.2179848)
(0.1555974, 1.536728, 0.2181266)
(0.1564534, 1.536964, 0.2181934)
(0.1574442, 1.537029, 0.218282)
(0.1584272, 1.537142, 0.2185658)
(0.1592672, 1.537223, 0.2192492)
(0.1600893, 1.537222, 0.2198647)
(0.1610126, 1.53713, 0.2204292)
(0.1619887, 1.537051, 0.2206888)
(0.1629822, 1.537006, 0.2208043)
(0.1639719, 1.537021, 0.2205157)
(0.1650093, 1.536857, 0.2201537)
(0.1659975, 1.536715, 0.2198126)
(0.1670046, 1.536635, 0.2193798)
(0.1679537, 1.536546, 0.2190368)
(0.1688786, 1.536597, 0.2188071)
(0.1697495, 1.536614, 0.2187445)
(0.1706793, 1.5368, 0.2187118)
(0.1715984, 1.537025, 0.2188593)
(0.1725805, 1.537314, 0.2188874)
(0.1734262, 1.53748, 0.2189712)
(0.1742489, 1.537705, 0.2192118)
(0.174998, 1.537809, 0.2193569)
(0.1758428, 1.537857, 0.2193355)
(0.1765625, 1.538033, 0.2193698)
(0.1765625, 1.538033, 0.2193698)
(0.1779025, 1.538072, 0.2194232)
(0.1784391, 1.538089, 0.2193025)
(0.1789539, 1.537939, 0.2193082)
(0.1796486, 1.537854, 0.2192175)
(0.1802304, 1.537807, 0.2192298)
(0.1809285, 1.537808, 0.2191197)
(0.1814651, 1.537836, 0.2191826)
(0.1819189, 1.537765, 0.2190951)
(0.1827288, 1.537751, 0.2190381)
(0.1827288, 1.537751, 0.2190381)
(0.1838615, 1.53759, 0.2190589)
(0.1845343, 1.537456, 0.2190689)
(0.1853251, 1.537274, 0.2189463)
(0.1860187, 1.537216, 0.2189735)
(0.1867709, 1.537182, 0.2188086)
(0.1874177, 1.537121, 0.218735)
(0.1880367, 1.537054, 0.2185997)
(0.1888413, 1.537062, 0.2183987)
(0.1894069, 1.537076, 0.218339)
(0.1899905, 1.537066, 0.2183391)
(0.1906736, 1.537199, 0.2182731)
(0.1913183, 1.537174, 0.218227)
(0.1917706, 1.537227, 0.2182531)
(0.192292, 1.537252, 0.2182723)
(0.1927283, 1.537297, 0.218413)
(0.1931276, 1.537315, 0.2184883)
(0.1936495, 1.537362, 0.2185094)
(0.1939745, 1.537351, 0.2186202)
(0.194263, 1.537313, 0.2186442)
(0.1944196, 1.537077, 0.2187997)
(0.1947043, 1.536961, 0.2187353)
(0.1949432, 1.536892, 0.2187477)
(0.195333, 1.536916, 0.2185429)
(0.1956315, 1.536809, 0.2183457)
(0.1958513, 1.53676, 0.2183121)
(0.196157, 1.536732, 0.2181785)
(0.1964455, 1.536634, 0.2180755)
(0.1966832, 1.536633, 0.2180859)
(0.1969757, 1.536645, 0.2179713)
(0.1972446, 1.536561, 0.2177927)
(0.1973872, 1.53656, 0.217602)
(0.1977077, 1.536592, 0.2174501)
(0.1978574, 1.536726, 0.2174324)
(0.1980131, 1.536803, 0.2172947)
(0.1983535, 1.536872, 0.2171783)
(0.1985366, 1.537023, 0.217181)
(0.1987846, 1.537076, 0.2171295)
(0.1991546, 1.537202, 0.2169919)
(0.1995184, 1.537166, 0.2168078)
(0.1998196, 1.537209, 0.2167386)
(0.2000589, 1.537172, 0.2166118)
####
(0.9918122, 0.09671932, 0.0316272)
(0.9945821, 0.09718908, 0.03174061)
(0.9972403, 0.09816135, 0.03207162)
(0.9972403, 0.09816135, 0.03207162)
(1.002325, 0.09898825, 0.03154401)
(1.004904, 0.1002823, 0.03223023)
(1.00659, 0.1008694, 0.03242891)
(1.00753, 0.1017588, 0.03306864)
(1.006883, 0.1029302, 0.03438427)
(1.005183, 0.1041362, 0.03580354)
(1.001459, 0.1056726, 0.03718103)
(0.9973759, 0.1072485, 0.03846562)
(0.9940133, 0.1088722, 0.03939378)
(0.9902181, 0.1118843, 0.04139234)
(0.9866824, 0.1151508, 0.04328982)
(0.9822343, 0.1194428, 0.04661008)
(0.9778054, 0.1241561, 0.04998766)
(0.9735231, 0.129299, 0.05351073)
(0.9694974, 0.1351997, 0.05747434)
(0.966387, 0.1418029, 0.06206681)
(0.9641036, 0.1495099, 0.06753626)
(0.9641036, 0.1495099, 0.06753626)
(0.9627226, 0.1635647, 0.07824024)
(0.9628097, 0.1700241, 0.0830869)
(0.9632986, 0.1763188, 0.08812666)
(0.9641927, 0.1821086, 0.09220626)
(0.9652708, 0.1876934, 0.09654598)
(0.9659226, 0.1930781, 0.1002145)
(0.9670167, 0.1986848, 0.1037387)
(0.9683131, 0.2047044, 0.1071788)
(0.9683131, 0.2047044, 0.1071788)
(0.9704189, 0.2151141, 0.1126281)
(0.9711882, 0.2200653, 0.1153329)
(0.9708718, 0.2247024, 0.1182113)
(0.9696246, 0.2290361, 0.1212106)
(0.9666692, 0.2330273, 0.1248127)
(0.9635982, 0.2358221, 0.127887)
(0.9605355, 0.2382786, 0.1316875)
(0.9574961, 0.2406226, 0.1360836)
(0.9574961, 0.2406226, 0.1360836)
(0.9548147, 0.2436062, 0.1434589)
(0.9543501, 0.2440196, 0.1461227)
(0.9538468, 0.2434088, 0.1476826)
(0.9530579, 0.2419447, 0.14809)
(0.9524015, 0.2400075, 0.1479067)
(0.951731, 0.2390564, 0.1481498)
(0.9523529, 0.2385822, 0.1487558)
(0.9537121, 0.2394383, 0.1506341)
(0.9548021, 0.2411823, 0.1525803)
(0.9553532, 0.2426833, 0.154374)
(0.9554883, 0.2441404, 0.1559901)
(0.9560325, 0.2449112, 0.1575071)
(0.9563912, 0.2460732, 0.1597266)
(0.9575199, 0.2463878, 0.1616254)
(0.9599298, 0.2475738, 0.1642685)
(0.9630291, 0.2495608, 0.1681089)
(0.9653992, 0.2508245, 0.1711351)
(0.9676379, 0.2535432, 0.1757815)
(0.9686282, 0.2561766, 0.1804864)
(0.9683429, 0.2578105, 0.1842956)
(0.9661873, 0.2585912, 0.1876606)
(0.9640898, 0.2594078, 0.1909702)
(0.9620477, 0.2591988, 0.1929007)
(0.9609778, 0.2594298, 0.1949149)
(0.9605756, 0.2593059, 0.1962558)
(0.9605016, 0.2589483, 0.1973659)
(0.960485, 0.258243, 0.198092)
(0.9601834, 0.2574564, 0.1987162)
(0.9593627, 0.2561574, 0.1986737)
(0.9584996, 0.2548082, 0.1984628)
(0.9572909, 0.253791, 0.1983413)
(0.9560797, 0.2529345, 0.1978011)
(0.9553602, 0.2524072, 0.1978035)
(0.9550355, 0.2522919, 0.1979626)
(0.9542631, 0.2522767, 0.1985408)
(0.9532768, 0.252847, 0.1997121)
(0.9517975, 0.2530101, 0.2004473)
(0.9500393, 0.2531339, 0.2015606)
(0.94846, 0.2537121, 0.2032743)
(0.9471688, 0.2543205, 0.2046219)
(0.9460559, 0.2543337, 0.2058672)
(0.9448813, 0.2548854, 0.207199)
(0.9437311, 0.2547926, 0.2078389)
(0.943175, 0.2545001, 0.2091126)
(0.9423171, 0.2544246, 0.2102927)
(0.94207, 0.2540595, 0.2114097)
(0.9420618, 0.2529659, 0.2122387)
(0.9423447, 0.2515665, 0.212824)
(0.9427105, 0.2493997, 0.212539)
(0.9431304, 0.2462339, 0.2107718)
(0.9440463, 0.2430478, 0.2088529)
(0.9448668, 0.2403603, 0.2072392)
(0.9452083, 0.2366174, 0.2039291)
(0.9457163, 0.2329915, 0.2009217)
(0.9461355, 0.2290643, 0.1977038)
(0.9462362, 0.2255503, 0.1956887)
(0.9458219, 0.2224624, 0.1947471)
(0.9446737, 0.2195664, 0.1935676)
(0.9425721, 0.2171107, 0.1929332)
(0.9399871, 0.2139682, 0.191083)
(0.9372651, 0.2114084, 0.1902342)
(0.9354367, 0.2086907, 0.1892149)
(0.9345782, 0.2071136, 0.1898405)
(0.9353152, 0.2055295, 0.1911792)
(0.936359, 0.2037294, 0.1922426)
(0.9374934, 0.2012984, 0.1929747)
(0.9382207, 0.1985985, 0.1928166)
(0.9382882, 0.1947371, 0.1920925)
(0.9391623, 0.1903559, 0.1908586)
(0.9404084, 0.1864304, 0.1900774)
(0.9436989, 0.1816648, 0.1887005)
(0.9471733, 0.1777713, 0.1877429)
(0.9513708, 0.173881, 0.1860935)
(0.9544195, 0.1688768, 0.1829943)
(0.9563615, 0.1640633, 0.1792931)
(0.9573363, 0.1583012, 0.1743446)
(0.9571855, 0.1525216, 0.168684)
(0.9555034, 0.1455628, 0.1620418)
(0.9549408, 0.1397379, 0.1569472)
(0.9581535, 0.1339186, 0.1520364)
(0.9663619, 0.1301271, 0.1487929)
(0.9805478, 0.1277382, 0.14598)
(0.9933468, 0.1256354, 0.1412151)
(0.9998487, 0.1238371, 0.1353883)
(1.000544, 0.1203994, 0.1272284)
(0.9977901, 0.1169229, 0.1196715)
(0.9912711, 0.1129582, 0.1122145)
(0.9850855, 0.1108015, 0.1072682)
(0.9806079, 0.109051, 0.1029573)
(0.9800251, 0.1078167, 0.09883863)
(0.9829897, 0.108595, 0.09678478)
(0.9888243, 0.10965, 0.09493688)
(0.9949745, 0.1104728, 0.09358491)
(1.002352, 0.111371, 0.09324648)
(1.008799, 0.1123993, 0.09302222)
(1.015679, 0.1142594, 0.0938039)
(1.021333, 0.1160283, 0.09379401)
(1.025289, 0.1165437, 0.09265154)
(1.026963, 0.1169056, 0.09092032)
(1.025268, 0.1162313, 0.08825579)
(1.020442, 0.1140667, 0.08451875)
(1.015519, 0.1117094, 0.08050169)
(1.009651, 0.1088042, 0.07626304)
(1.006168, 0.106195, 0.07191805)
(1.003794, 0.1043829, 0.06845904)
(1.00284, 0.1025707, 0.06511742)
(1.003367, 0.101542, 0.06361418)
(1.004208, 0.1007859, 0.06219465)
(1.005431, 0.09969261, 0.06117516)
(1.006556, 0.09910663, 0.06056781)
(1.006845, 0.09797009, 0.0598597)
(1.006622, 0.09774931, 0.05984469)
(1.007347, 0.09758113, 0.05950975)
(1.009158, 0.09813422, 0.05990348)
(1.011824, 0.09932674, 0.06126762)
(1.016123, 0.1008906, 0.0626146)
(1.020616, 0.1019686, 0.06333891)
(1.026009, 0.1027553, 0.06414325)
(1.029817, 0.1027609, 0.06394025)
(1.032586, 0.102296, 0.06402896)
(1.034155, 0.1012923, 0.06360975)
(1.035639, 0.0994868, 0.06271259)
(1.037483, 0.09705365, 0.06200268)
(1.039654, 0.09493991, 0.06132435)
(1.042861, 0.09204866, 0.05930001)
(1.046115, 0.09022883, 0.05792969)
(1.04898, 0.08745723, 0.05463842)
(1.051353, 0.08434337, 0.051024)
(1.05334, 0.08046195, 0.04683742)
(1.054698, 0.07611349, 0.04242655)
(1.055901, 0.07207158, 0.03903033)
(1.056943, 0.06856916, 0.03640787)
(1.058602, 0.06478591, 0.03397206)
(1.059841, 0.06091785, 0.03171656)
(1.0611, 0.05678019, 0.02873171)
(1.061467, 0.05212014, 0.02481362)
(1.062058, 0.04756881, 0.02075946)
(1.06126, 0.04387103, 0.01731118)
(1.059654, 0.04089136, 0.01345514)
(1.058686, 0.03744386, 0.009168673)
(1.058166, 0.03669251, 0.006777752)
(1.056661, 0.03404955, 0.00285825)
(1.055923, 0.03603158, 0.001973437)
(1.055923, 0.03603158, 0.001973437)
(1.056052, 0.03754761, 6.281613)
(1.058187, 0.03818639, 6.279439)
(1.060046, 0.03745831, 6.275369)
(1.062599, 0.03794756, 6.272536)
(1.065479, 0.03861034, 6.269569)
(1.068907, 0.03939062, 6.267251)
(1.071433, 0.04205914, 6.266656)
(1.072551, 0.04718089, 6.269565)
(1.073352, 0.05374593, 6.275272)
(1.074609, 0.0599453, 6.281572)
(1.075624, 0.0662954, 0.004123789)
(1.073288, 0.0724427, 0.01107907)
(1.068869, 0.08027044, 0.0205238)
(1.065868, 0.08680198, 0.02778312)
(1.063769, 0.09353289, 0.03468943)
(1.060272, 0.1027367, 0.04463011)
(1.055812, 0.1149877, 0.05918524)
(1.052985, 0.1280283, 0.07517952)
(1.054276, 0.1416424, 0.09180011)
(1.062551, 0.144992, 0.09566641)
(1.072256, 0.1400039, 0.08658051)
(1.072256, 0.1400039, 0.08658051)
(1.066823, 0.1228331, 0.05682604)
(1.059768, 0.1130171, 0.04284142)
(1.056205, 0.1056011, 0.03189355)
(1.052113, 0.1006262, 0.02312811)
(1.044643, 0.09924219, 0.01814455)
(1.038296, 0.1014156, 0.01662529)
(1.037664, 0.1013413, 0.0123476)
(1.039146, 0.1041736, 0.01202243)
(1.041043, 0.1089936, 0.01445627)
(1.042787, 0.1122295, 0.01429508)
(1.045345, 0.1175059, 0.01560415)
(1.04525, 0.1205859, 0.01564048)
(1.043877, 0.1240837, 0.01760637)
(1.044635, 0.1269165, 0.02000337)
(1.047908, 0.1310433, 0.02501508)
(1.051091, 0.13675, 0.03069061)
(1.053355, 0.1427994, 0.03534427)
(1.055185, 0.1482999, 0.03748238)
(1.0565, 0.1541007, 0.03863034)
(1.05424, 0.1593573, 0.03829475)
(1.050978, 0.1646325, 0.03930335)
(1.048566, 0.16928, 0.04012483)
(1.047552, 0.1744834, 0.04212243)
(1.048611, 0.180992, 0.0458667)
(1.052031, 0.1871957, 0.04901101)
(1.057857, 0.192917, 0.05155897)
(1.063076, 0.1982581, 0.05370266)
(1.067489, 0.2026737, 0.05530454)
(1.074329, 0.2061251, 0.05600413)
(1.080951, 0.209217, 0.05756398)
(1.082854, 0.2116808, 0.06037537)
(1.08038, 0.2130739, 0.06407864)
(1.075214, 0.2124904, 0.06851902)
(1.071215, 0.2121186, 0.07382584)
(1.066807, 0.210109, 0.07997004)
(1.064565, 0.2069078, 0.08425141)
(1.065054, 0.2039329, 0.08764471)
(1.067882, 0.1996391, 0.08983018)
(1.07204, 0.1952973, 0.09121559)
(1.077, 0.1897531, 0.0914434)
(1.080974, 0.1848909, 0.09203374)
(1.083098, 0.1798127, 0.09228518)
(1.083791, 0.1747635, 0.09206038)
(1.08347, 0.1682012, 0.09063866)
(1.082164, 0.1614081, 0.08746362)
(1.08112, 0.1558241, 0.08505118)
(1.079973, 0.1500215, 0.08089274)
(1.079279, 0.1456294, 0.07828824)
(1.0783, 0.1433602, 0.07642491)
(1.078048, 0.1412542, 0.07503746)
(1.078106, 0.1409747, 0.07454538)
(1.077898, 0.1404587, 0.07379592)
(1.078454, 0.1405268, 0.07386472)
(1.078454, 0.1405268, 0.07386472)
(1.079825, 0.1439964, 0.0783824)
(1.080161, 0.1476569, 0.0834856)
(1.079461, 0.1502722, 0.08766603)
(1.078273, 0.1537162, 0.09247185)
(1.076612, 0.1574616, 0.09678029)
(1.074274, 0.1613678, 0.1002258)
(1.071982, 0.164999, 0.1030039)
(1.06956, 0.1679622, 0.104767)
(1.067437, 0.1706434, 0.1067824)
(1.066121, 0.1728175, 0.1083777)
(1.065839, 0.1759286, 0.1111279)
(1.066942, 0.1789664, 0.1136117)
(1.068448, 0.1824945, 0.1162618)
(1.071202, 0.1855804, 0.1185861)
(1.075187, 0.1898914, 0.1223354)
(1.078653, 0.193901, 0.1254608)
(1.083067, 0.196486, 0.1274733)
(1.086748, 0.1997165, 0.1295128)
(1.088824, 0.2015644, 0.1302304)
(1.089189, 0.2026483, 0.1299502)
(1.086993, 0.2028216, 0.128444)
(1.083605, 0.2034626, 0.1270522)
(1.078331, 0.2027281, 0.124456)
(1.073742, 0.2033986, 0.1236251)
(1.069176, 0.2046212, 0.1231056)
(1.066482, 0.2064097, 0.1238498)
(1.065461, 0.2093502, 0.1257941)
(1.066529, 0.2128828, 0.1290598)
(1.069162, 0.2165321, 0.1320808)
(1.073026, 0.2202918, 0.1357957)
(1.076422, 0.2244324, 0.1396842)
(1.080246, 0.2279614, 0.1439734)
(1.083168, 0.231516, 0.1479514)
(1.08591, 0.2342634, 0.1513172)
(1.088042, 0.2366501, 0.1536245)
(1.089215, 0.2383239, 0.1548398)
(1.089337, 0.239538, 0.1548257)
(1.088519, 0.2410226, 0.1550269)
(1.086785, 0.2414135, 0.1541428)
(1.084729, 0.2414546, 0.1529902)
(1.080817, 0.2417156, 0.1522257)
(1.076638, 0.2403804, 0.150068)
(1.071204, 0.2396443, 0.1481389)
(1.066353, 0.2377053, 0.1451355)
(1.062395, 0.2369855, 0.1436663)
(1.058905, 0.2353037, 0.1415882)
(1.056465, 0.2347201, 0.1406707)
(1.054353, 0.2335365, 0.1403163)
(1.052594, 0.2332438, 0.140687)
(1.051562, 0.2324905, 0.1410384)
(1.05106, 0.2323097, 0.1421499)
(1.051182, 0.231068, 0.1423305)
(1.051581, 0.2296942, 0.1424102)
(1.051506, 0.228536, 0.1421932)
(1.050738, 0.2269439, 0.1414771)
(1.049926, 0.2253505, 0.1412603)
(1.049078, 0.2237539, 0.1402866)
(1.047527, 0.2217286, 0.1389637)
(1.045316, 0.2207712, 0.1391371)
(1.042192, 0.2199666, 0.140013)
(1.037615, 0.2190778, 0.1412826)
(1.033293, 0.2182223, 0.1427343)
(1.029298, 0.2169922, 0.1438702)
(1.025575, 0.216407, 0.1456788)
(1.022318, 0.2141742, 0.1455568)
(1.019617, 0.2125858, 0.1462353)
(1.016824, 0.21021, 0.1460591)
(1.014437, 0.207865, 0.1461347)
(1.011635, 0.2048284, 0.1453891)
(1.008841, 0.2017037, 0.1442274)
(1.005819, 0.1979165, 0.1425944)
(1.003198, 0.1951347, 0.1414667)
(1.000345, 0.192239, 0.1398129)
(0.997339, 0.1893424, 0.137949)
(0.9948158, 0.1867381, 0.1363787)
(0.9923921, 0.1842351, 0.1347614)
(0.989926, 0.1819414, 0.1333837)
(0.9880239, 0.1802296, 0.1324324)
(0.9859718, 0.1785883, 0.1317676)
(0.9848337, 0.1770588, 0.1320619)
(0.9836446, 0.1754249, 0.1315237)
(0.9828299, 0.173994, 0.1312146)
(0.9829298, 0.1726638, 0.1311073)
(0.9852045, 0.1716725, 0.1315409)
(0.9889859, 0.1704828, 0.1316797)
(0.9953147, 0.1700899, 0.132797)
(0.9999981, 0.1695396, 0.1337245)
(1.001758, 0.169382, 0.1344093)
(1.000018, 0.167329, 0.1335386)
(0.9968474, 0.1655166, 0.1324426)
(0.9922584, 0.1629441, 0.1294838)
(0.9884633, 0.160879, 0.126399)
(0.9852713, 0.158955, 0.1224061)
(0.9840959, 0.1577898, 0.118863)
(0.985197, 0.1571399, 0.1150789)
(0.9872424, 0.1575289, 0.1127711)
(0.9905589, 0.1583685, 0.1105751)
(0.9941427, 0.1599767, 0.110482)
(0.9966671, 0.1616176, 0.1106707)
(0.9988455, 0.1641145, 0.1115394)
(1.000742, 0.1667905, 0.1125444)
(1.00178, 0.1691905, 0.1138263)
(1.001951, 0.1720994, 0.1159548)
(1.001392, 0.1748749, 0.1185624)
(0.9996529, 0.1774917, 0.1223859)
(0.9974034, 0.1789576, 0.1247069)
(0.9949021, 0.179742, 0.1268177)
(0.9928292, 0.1801382, 0.1279702)
(0.9909655, 0.1799074, 0.1282188)
(0.9898985, 0.1786116, 0.1276744)
(0.9898985, 0.1786116, 0.1276744)
(0.9897851, 0.1740248, 0.1248189)
(0.9896609, 0.1715771, 0.1232254)
(0.9904315, 0.1681511, 0.1205847)
(0.9908303, 0.1649034, 0.1176907)
(0.991696, 0.1611123, 0.1138493)
(0.9921931, 0.157496, 0.1097241)
(0.9928977, 0.1540327, 0.1057628)
(0.9930248, 0.1513357, 0.102534)
(0.993086, 0.1489816, 0.09945751)
(0.993086, 0.1489816, 0.09945751)
(0.9932361, 0.1471196, 0.09613424)
(0.9934889, 0.1472407, 0.0950122)
(0.9938955, 0.1475062, 0.09392815)
(0.9947297, 0.1482966, 0.09336593)
(0.995491, 0.1494678, 0.09283224)
(0.9963742, 0.1508902, 0.09272917)
(0.9974464, 0.1522665, 0.09280231)
(0.9980349, 0.1549572, 0.09402269)
(0.9984251, 0.1568309, 0.09455624)
(0.9985156, 0.1587726, 0.09583323)
(0.9987739, 0.1602968, 0.09637798)
(0.9985999, 0.1617148, 0.09676881)
(0.9980584, 0.162463, 0.09701004)
(0.9977761, 0.1632596, 0.09699794)
(0.9973784, 0.1637009, 0.09742777)
(0.9967316, 0.1635707, 0.09726716)
(0.9961895, 0.1636204, 0.09770148)
(0.9957091, 0.1631433, 0.09716979)
(0.9955048, 0.1619992, 0.09658328)
(0.9956374, 0.1609069, 0.0953317)
(0.9959619, 0.1592407, 0.09372099)
(0.9967476, 0.1570105, 0.09241752)
(0.9972279, 0.1546315, 0.09055093)
(0.9982257, 0.1519252, 0.08927628)
(0.9987993, 0.1492575, 0.08746571)
(0.9997595, 0.1467245, 0.08577709)
(1.000132, 0.1444891, 0.08453494)
(1.000679, 0.1424011, 0.08340245)
(1.001148, 0.1411045, 0.08321498)
(1.001177, 0.1395525, 0.08242901)
(1.001259, 0.1378289, 0.08146188)
(1.001706, 0.1370072, 0.08127204)
(1.001675, 0.1362381, 0.08104669)
(1.001782, 0.1355288, 0.08073857)
(1.001139, 0.1344679, 0.08019678)
(1.000605, 0.1336415, 0.07948529)
(0.9996982, 0.132669, 0.07879655)
(0.9991893, 0.13244, 0.07848232)
(0.9987487, 0.1321847, 0.07807946)
(0.9987597, 0.1312383, 0.07747345)
(0.9989898, 0.1312157, 0.07782824)
other
(0.2016096, 1.760751, -0.3383657)
(0.2014549, 1.760137, -0.3381151)
(0.2012455, 1.75959, -0.3378986)
(0.2012455, 1.75959, -0.3378986)
(0.2008474, 1.758601, -0.3374745)
(0.2005091, 1.758317, -0.3372427)
(0.2000964, 1.758181, -0.3370641)
(0.1996975, 1.758102, -0.3368016)
(0.1991158, 1.758176, -0.3364745)
(0.198432, 1.758339, -0.3360606)
(0.1975584, 1.758584, -0.3356303)
(0.1966152, 1.758896, -0.3351339)
(0.1956499, 1.75926, -0.3347)
(0.1945398, 1.759768, -0.3344201)
(0.1933727, 1.760129, -0.334051)
(0.1920917, 1.760413, -0.3337308)
(0.1909509, 1.760739, -0.3333837)
(0.1894417, 1.76088, -0.3330196)
(0.1878958, 1.760912, -0.3327297)
(0.1861088, 1.760897, -0.3324991)
(0.1841125, 1.760942, -0.3325399)
(0.1841125, 1.760942, -0.3325399)
(0.1797411, 1.760609, -0.3325623)
(0.1773853, 1.760348, -0.3327218)
(0.1749203, 1.76006, -0.3329335)
(0.1722541, 1.759714, -0.333125)
(0.1693745, 1.759374, -0.3334926)
(0.166414, 1.759107, -0.3337103)
(0.163141, 1.758803, -0.3341271)
(0.1597216, 1.758543, -0.3345379)
(0.1597216, 1.758543, -0.3345379)
(0.1530507, 1.758302, -0.3352755)
(0.1497998, 1.758219, -0.3356255)
(0.146739, 1.758153, -0.3357757)
(0.1433685, 1.757943, -0.3357962)
(0.1401083, 1.757925, -0.3358914)
(0.1368933, 1.757954, -0.3359171)
(0.1336899, 1.757877, -0.335812)
(0.1303742, 1.757912, -0.3360065)
(0.1303742, 1.757912, -0.3360065)
(0.1243553, 1.758356, -0.3360914)
(0.1214263, 1.758544, -0.33611)
(0.1186211, 1.758915, -0.3360225)
(0.1158633, 1.759242, -0.3359364)
(0.1133175, 1.759597, -0.3359171)
(0.1108937, 1.760082, -0.3356172)
(0.108629, 1.760932, -0.3354441)
(0.1062195, 1.761652, -0.3352913)
(0.1039743, 1.762462, -0.3348788)
(0.1018896, 1.76284, -0.3343951)
(0.09993482, 1.763301, -0.3341867)
(0.09821081, 1.763766, -0.3336128)
(0.0963099, 1.76408, -0.3331918)
(0.09465003, 1.764462, -0.3330399)
(0.09292293, 1.765195, -0.3326651)
(0.09132791, 1.765787, -0.3325394)
(0.08983755, 1.766425, -0.332496)
(0.08826232, 1.767489, -0.3321105)
(0.08692503, 1.768273, -0.3316766)
(0.08566856, 1.769105, -0.3311213)
(0.08451462, 1.770062, -0.330299)
(0.08332229, 1.770659, -0.3295192)
(0.08233213, 1.77147, -0.3288244)
(0.08129692, 1.772343, -0.3281299)
(0.08032203, 1.772933, -0.3274823)
(0.07939506, 1.773684, -0.326883)
(0.07834244, 1.77447, -0.3262743)
(0.07752323, 1.774774, -0.3255314)
(0.0768342, 1.775278, -0.3249606)
(0.07612967, 1.775916, -0.3241452)
(0.07546949, 1.776238, -0.3234192)
(0.07497406, 1.776593, -0.3227051)
(0.0744791, 1.777019, -0.3219756)
(0.07427788, 1.77741, -0.3211159)
(0.07392979, 1.77773, -0.3203532)
(0.07384801, 1.777903, -0.319369)
(0.07368183, 1.778063, -0.3184134)
(0.07352734, 1.778135, -0.3174764)
(0.07345986, 1.778119, -0.3164457)
(0.0732944, 1.77812, -0.3154877)
(0.07333732, 1.777954, -0.3143705)
(0.07330942, 1.777789, -0.3132998)
(0.07347655, 1.777383, -0.3122636)
(0.07356715, 1.777015, -0.3110455)
(0.07376552, 1.776286, -0.3099343)
(0.07396197, 1.77551, -0.3088647)
(0.07420063, 1.774691, -0.3078471)
(0.07440782, 1.773842, -0.3067998)
(0.07475853, 1.772851, -0.3057643)
(0.07512116, 1.771743, -0.3048185)
(0.07571077, 1.770632, -0.3038024)
(0.07612896, 1.769659, -0.302806)
(0.0765965, 1.768589, -0.301838)
(0.07718468, 1.767582, -0.3007866)
(0.07792783, 1.76687, -0.2996646)
(0.07856417, 1.76615, -0.2983388)
(0.07922935, 1.765515, -0.2969316)
(0.08006716, 1.764968, -0.2954048)
(0.08098173, 1.764315, -0.2934998)
(0.0820148, 1.763587, -0.2914971)
(0.08315325, 1.762908, -0.2894171)
(0.08423567, 1.761994, -0.287284)
(0.08541822, 1.760885, -0.2850672)
(0.0868957, 1.760134, -0.2826892)
(0.08820319, 1.759153, -0.280265)
(0.08973098, 1.757787, -0.2779051)
(0.0912292, 1.75665, -0.2753431)
(0.09303808, 1.754948, -0.2726451)
(0.09475255, 1.753612, -0.2697676)
(0.09652877, 1.752418, -0.2668895)
(0.09847093, 1.7514, -0.2636806)
(0.1004603, 1.750577, -0.2605854)
(0.1024451, 1.749744, -0.2570952)
(0.1048193, 1.749266, -0.2532429)
(0.1072493, 1.748753, -0.2496897)
(0.1096206, 1.748784, -0.2454912)
(0.1119471, 1.748882, -0.2411167)
(0.1142747, 1.748052, -0.236664)
(0.116863, 1.747483, -0.2324542)
(0.119472, 1.747074, -0.2279827)
(0.1221623, 1.746945, -0.2239477)
(0.124929, 1.747432, -0.2196971)
(0.1279507, 1.747735, -0.215067)
(0.1306996, 1.747779, -0.2108447)
(0.1336327, 1.747742, -0.2062017)
(0.1366875, 1.747558, -0.2011596)
(0.1396863, 1.747342, -0.1956524)
(0.1427391, 1.746992, -0.1901738)
(0.1459956, 1.746507, -0.1846849)
(0.1494033, 1.745919, -0.179902)
(0.1524899, 1.745344, -0.1755239)
(0.1561317, 1.744739, -0.1710276)
(0.1596644, 1.744031, -0.1674332)
(0.1631277, 1.743568, -0.1644131)
(0.1665947, 1.743009, -0.1610249)
(0.1700029, 1.742648, -0.1578695)
(0.1734416, 1.7425, -0.1544923)
(0.1769619, 1.742514, -0.1508001)
(0.1803737, 1.742545, -0.1470724)
(0.1838293, 1.742952, -0.1429614)
(0.1875861, 1.743224, -0.1380221)
(0.1910353, 1.743361, -0.1337396)
(0.1941712, 1.743659, -0.129773)
(0.1975222, 1.743838, -0.1255876)
(0.2008109, 1.743962, -0.121951)
(0.2039042, 1.744084, -0.1183881)
(0.2070594, 1.744222, -0.1149742)
(0.2100511, 1.744335, -0.1116268)
(0.2130592, 1.74431, -0.1086065)
(0.2159936, 1.750839, -0.1053792)
(0.2189903, 1.751421, -0.1021518)
(0.2216847, 1.75187, -0.09918846)
(0.2244098, 1.752704, -0.09619559)
(0.2269728, 1.753649, -0.09343208)
(0.2295821, 1.755037, -0.090804)
(0.2320249, 1.756776, -0.08824743)
(0.2344098, 1.758915, -0.08586444)
(0.2366967, 1.761685, -0.08364858)
(0.2389064, 1.764786, -0.08120598)
(0.2409604, 1.768088, -0.07912125)
(0.2429185, 1.772327, -0.07696404)
(0.2448182, 1.777239, -0.07466783)
(0.2465539, 1.783011, -0.07249583)
(0.2483325, 1.789515, -0.07037939)
(0.2499208, 1.796933, -0.06827249)
(0.2512207, 1.805092, -0.06629051)
(0.2526281, 1.813967, -0.06452002)
(0.2539248, 1.823266, -0.06253327)
(0.2551785, 1.833024, -0.06052531)
(0.256274, 1.843154, -0.05870809)
(0.25741, 1.853471, -0.05690135)
(0.2581537, 1.864014, -0.05526485)
(0.2590196, 1.87444, -0.05352964)
(0.2596817, 1.884949, -0.05172171)
(0.2604005, 1.894995, -0.05003442)
(0.2610891, 1.904681, -0.04846491)
(0.2618423, 1.913703, -0.04658999)
(0.2623088, 1.922092, -0.04486407)
(0.262845, 1.929893, -0.04311575)
(0.2633557, 1.937068, -0.04120888)
(0.2636967, 1.943586, -0.03929557)
(0.2641618, 1.949051, -0.03739513)
(0.2645662, 1.954112, -0.03548492)
(0.2645662, 1.958543, -0.03548492)
(0.2654431, 1.962215, -0.03225268)
(0.2659209, 1.965451, -0.03056945)
(0.2664275, 1.968273, -0.02907528)
(0.2667944, 1.970555, -0.0278448)
(0.2670794, 1.972916, -0.02655019)
(0.2676425, 1.974985, -0.02536692)
(0.2681763, 1.976819, -0.02426971)
(0.2687073, 1.978435, -0.02313437)
(0.2692666, 1.979843, -0.02203454)
(0.2699842, 1.981499, -0.02078475)
(0.2707126, 1.983566, -0.01928653)
(0.2712202, 1.985074, -0.01786532)
(0.2719827, 1.986248, -0.016436)
(0.2726862, 1.987391, -0.01483478)
(0.273345, 1.988644, -0.01333703)
(0.2741807, 1.989064, -0.01186885)
(0.2751915, 1.988905, -0.01058687)
(0.2762599, 1.988756, -0.009463682)
(0.277432, 1.988721, -0.00861372)
(0.2788749, 1.989998, -0.007559909)
(0.2795656, 1.992084, -0.006486787)
(0.2795656, 1.992229, -0.006486787)
(0.279937, 1.992392, -0.003377571)
(0.2801349, 1.99227, -0.001368656)
(0.2808199, 1.993156, 0.0005756477)
(0.2813778, 1.993456, 0.002987967)
(0.2818563, 1.992889, 0.00524293)
(0.2823715, 1.992305, 0.00750433)
(0.2828181, 1.992246, 0.01009427)
(0.2830615, 1.992171, 0.01251589)
(0.2833617, 1.991393, 0.01493107)
(0.2836747, 1.990467, 0.01727568)
(0.2836754, 1.989361, 0.01970159)
(0.2837207, 1.987812, 0.02208672)
(0.2836044, 1.986227, 0.02437483)
(0.2836533, 1.984859, 0.02656899)
(0.2835245, 1.983836, 0.02875434)
(0.283303, 1.983349, 0.03123008)
(0.2831216, 1.982953, 0.0336083)
(0.2829452, 1.982575, 0.03615628)
(0.2826478, 1.982223, 0.03889523)
(0.2822289, 1.981742, 0.04195724)
(0.2818282, 1.9812, 0.0448259)
(0.2811809, 1.980659, 0.04766689)
(0.2804894, 1.98012, 0.05032168)
(0.2797749, 1.979658, 0.05282365)
(0.2790053, 1.979346, 0.05538355)
(0.2779872, 1.979134, 0.05818664)
(0.276942, 1.979096, 0.06082641)
(0.2758055, 1.979154, 0.0636016)
(0.2744751, 1.979647, 0.06691681)
(0.2731323, 1.980082, 0.07031928)
(0.271574, 1.98043, 0.07384406)
(0.2699461, 1.980516, 0.07722889)
(0.2683766, 1.980569, 0.08077846)
(0.2666111, 1.980587, 0.08451758)
(0.2646093, 1.980381, 0.08855568)
(0.2627246, 1.980059, 0.09199511)
(0.2607555, 1.979755, 0.09516607)
(0.2584491, 1.979436, 0.09790502)
(0.2563851, 1.979189, 0.1006642)
(0.2544296, 1.978781, 0.1031929)
(0.2523785, 1.978538, 0.1061016)
(0.2503541, 1.978241, 0.108877)
(0.2483847, 1.977859, 0.1118187)
(0.2460043, 1.977633, 0.1152018)
(0.244077, 1.977552, 0.1183089)
(0.2420378, 1.97745, 0.1214861)
(0.2399611, 1.977444, 0.1247395)
(0.2379472, 1.97735, 0.1279031)
(0.2358274, 1.977254, 0.1308662)
(0.2336941, 1.977161, 0.1338714)
(0.2314467, 1.976941, 0.1367997)
(0.2292683, 1.976757, 0.1395022)
(0.2269351, 1.976611, 0.1424466)
(0.2269351, 1.976611, 0.1424466)
(0.2227228, 1.976591, 0.1475059)
(0.2203982, 1.976664, 0.1501995)
(0.2181191, 1.976622, 0.1529165)
(0.2158353, 1.976747, 0.155567)
(0.2135956, 1.976888, 0.1584617)
(0.2111235, 1.977093, 0.1614107)
(0.2086053, 1.977351, 0.1642159)
(0.2061782, 1.977617, 0.1671065)
(0.2038467, 1.977866, 0.1698233)
(0.2013884, 1.978213, 0.1725095)
(0.1990118, 1.985191, 0.175197)
(0.1966131, 1.986978, 0.177595)
(0.1942196, 1.989027, 0.17984)
(0.1918528, 1.991534, 0.181903)
(0.1893568, 1.99452, 0.1839241)
(0.1868515, 1.997962, 0.1857196)
(0.1845534, 2.001865, 0.1872061)
(0.1822939, 2.006015, 0.188764)
(0.180243, 2.010666, 0.190086)
(0.1781464, 2.01582, 0.1916455)
(0.1762931, 2.021155, 0.1932825)
(0.1744294, 2.02703, 0.1950351)
(0.1729093, 2.033319, 0.1970408)
(0.1714115, 2.040051, 0.1989082)
(0.1698453, 2.047559, 0.2008456)
(0.1686554, 2.055439, 0.2024019)
(0.1674888, 2.063932, 0.2036158)
(0.1663857, 2.072955, 0.2045284)
(0.1652994, 2.082609, 0.2054404)
(0.164494, 2.092693, 0.2058142)
(0.1634302, 2.103302, 0.2063403)
(0.1626098, 2.114114, 0.2066358)
(0.1618249, 2.125037, 0.2070167)
(0.1609735, 2.136352, 0.2075325)
(0.1602733, 2.147572, 0.2079922)
(0.1596553, 2.158343, 0.2084801)
(0.1590579, 2.169147, 0.2090098)
(0.158499, 2.179394, 0.2096289)
(0.1580637, 2.189138, 0.210243)
(0.1575775, 2.198385, 0.2110497)
(0.1570437, 2.207057, 0.2119083)
(0.1565404, 2.214776, 0.2127709)
(0.15593, 2.222078, 0.2136779)
(0.1554668, 2.228523, 0.2146278)
(0.15481, 2.233934, 0.215486)
(0.154269, 2.239028, 0.2161645)
(0.1536965, 2.243664, 0.2168832)
(0.1533213, 2.24786, 0.2171442)
(0.1526852, 2.251397, 0.2175072)
(0.1520627, 2.25434, 0.2177168)
(0.151547, 2.257081, 0.217743)
(0.1509118, 2.259418, 0.2175972)
(0.150238, 2.261592, 0.2174448)
(0.1496849, 2.263552, 0.2173267)
(0.1491261, 2.265395, 0.2171055)
(0.1484735, 2.267431, 0.2171423)
(0.147958, 2.269132, 0.2170634)
(0.1476078, 2.270752, 0.2169255)
(0.1471043, 2.272557, 0.2169155)
(0.1466813, 2.273968, 0.2169962)
(0.1463103, 2.275766, 0.2170578)
(0.1459658, 2.277489, 0.2171528)
(0.1458585, 2.279273, 0.2171284)
(0.145647, 2.281012, 0.2171448)
(0.145534, 2.282587, 0.2171265)
(0.1454356, 2.284079, 0.217039)
(0.145329, 2.285621, 0.2169893)
(0.1451647, 2.28711, 0.21692)
(0.1452031, 2.288395, 0.2169293)
(0.1452987, 2.289683, 0.2170569)
(0.1454568, 2.291035, 0.2172115)
(0.1458042, 2.292275, 0.2172888)
(0.146121, 2.293216, 0.2175033)
(0.1464305, 2.294068, 0.2177442)
(0.1468916, 2.294592, 0.217962)
(0.1474521, 2.294977, 0.2181132)
(0.1479833, 2.295105, 0.2182728)
(0.1486123, 2.295266, 0.2182863)
(0.149235, 2.295007, 0.2182264)
(0.1500213, 2.294712, 0.2182139)
(0.1507111, 2.294355, 0.2182163)
(0.1514711, 2.293905, 0.2181808)
(0.1520948, 2.2938, 0.218137)
(0.1530018, 2.293904, 0.2180108)
(0.1539183, 2.294031, 0.2178868)
(0.154779, 2.294459, 0.2179848)
(0.1555974, 2.29472, 0.2181266)
(0.1564534, 2.294955, 0.2181934)
(0.1574442, 2.29502, 0.218282)
(0.1584272, 2.295134, 0.2185658)
(0.1592672, 2.295215, 0.2192492)
(0.1600893, 2.295213, 0.2198647)
(0.1610126, 2.295121, 0.2204292)
(0.1619887, 2.295042, 0.2206888)
(0.1629822, 2.294997, 0.2208043)
(0.1639719, 2.295012, 0.2205157)
(0.1650093, 2.294848, 0.2201537)
(0.1659975, 2.294707, 0.2198126)
(0.1670046, 2.294627, 0.2193798)
(0.1679537, 2.294538, 0.2190368)
(0.1688786, 2.294589, 0.2188071)
(0.1697495, 2.294605, 0.2187445)
(0.1706793, 2.294791, 0.2187118)
(0.1715984, 2.295017, 0.2188593)
(0.1725805, 2.295306, 0.2188874)
(0.1734262, 2.295471, 0.2189712)
(0.1742489, 2.295696, 0.2192118)
(0.174998, 2.295801, 0.2193569)
(0.1758428, 2.295848, 0.2193355)
(0.1765625, 2.296024, 0.2193698)
(0.1765625, 2.296024, 0.2193698)
(0.1779025, 2.296064, 0.2194232)
(0.1784391, 2.29608, 0.2193025)
(0.1789539, 2.29593, 0.2193082)
(0.1796486, 2.295845, 0.2192175)
(0.1802304, 2.295799, 0.2192298)
(0.1809285, 2.295799, 0.2191197)
(0.1814651, 2.295827, 0.2191826)
(0.1819189, 2.295756, 0.2190951)
(0.1827288, 2.295742, 0.2190381)
(0.1827288, 2.295742, 0.2190381)
(0.1838615, 2.295582, 0.2190589)
(0.1845343, 2.295448, 0.2190689)
(0.1853251, 2.295266, 0.2189463)
(0.1860187, 2.295207, 0.2189735)
(0.1867709, 2.295174, 0.2188086)
(0.1874177, 2.295112, 0.218735)
(0.1880367, 2.295045, 0.2185997)
(0.1888413, 2.295053, 0.2183987)
(0.1894069, 2.295067, 0.218339)
(0.1899905, 2.295058, 0.2183391)
(0.1906736, 2.29519, 0.2182731)
(0.1913183, 2.295166, 0.218227)
(0.1917706, 2.295218, 0.2182531)
(0.192292, 2.295244, 0.2182723)
(0.1927283, 2.295288, 0.218413)
(0.1931276, 2.295307, 0.2184883)
(0.1936495, 2.295353, 0.2185094)
(0.1939745, 2.295343, 0.2186202)
(0.194263, 2.295304, 0.2186442)
(0.1944196, 2.295068, 0.2187997)
(0.1947043, 2.294952, 0.2187353)
(0.1949432, 2.294884, 0.2187477)
(0.195333, 2.294908, 0.2185429)
(0.1956315, 2.2948, 0.2183457)
(0.1958513, 2.294752, 0.2183121)
(0.196157, 2.294724, 0.2181785)
(0.1964455, 2.294626, 0.2180755)
(0.1966832, 2.294624, 0.2180859)
(0.1969757, 2.294637, 0.2179713)
(0.1972446, 2.294552, 0.2177927)
(0.1973872, 2.294551, 0.217602)
(0.1977077, 2.294584, 0.2174501)
(0.1978574, 2.294717, 0.2174324)
(0.1980131, 2.294794, 0.2172947)
(0.1983535, 2.294863, 0.2171783)
(0.1985366, 2.295014, 0.217181)
(0.1987846, 2.295068, 0.2171295)
(0.1991546, 2.295194, 0.2169919)
(0.1995184, 2.295158, 0.2168078)
(0.1998196, 2.2952, 0.2167386)
(0.2000589, 2.295163, 0.2166118)
####
(0.9918122, 0.09671932, 0.0316272)
(0.9945821, 0.09718908, 0.03174061)
(0.9972403, 0.09816135, 0.03207162)
(0.9972403, 0.09816135, 0.03207162)
(1.002325, 0.09898825, 0.03154401)
(1.004904, 0.1002823, 0.03223023)
(1.00659, 0.1008694, 0.03242891)
(1.00753, 0.1017588, 0.03306864)
(1.006883, 0.1029302, 0.03438427)
(1.005183, 0.1041362, 0.03580354)
(1.001459, 0.1056726, 0.03718103)
(0.9973759, 0.1072485, 0.03846562)
(0.9940133, 0.1088722, 0.03939378)
(0.9902181, 0.1118843, 0.04139234)
(0.9866824, 0.1151508, 0.04328982)
(0.9822343, 0.1194428, 0.04661008)
(0.9778054, 0.1241561, 0.04998766)
(0.9735231, 0.129299, 0.05351073)
(0.9694974, 0.1351997, 0.05747434)
(0.966387, 0.1418029, 0.06206681)
(0.9641036, 0.1495099, 0.06753626)
(0.9641036, 0.1495099, 0.06753626)
(0.9627226, 0.1635647, 0.07824024)
(0.9628097, 0.1700241, 0.0830869)
(0.9632986, 0.1763188, 0.08812666)
(0.9641927, 0.1821086, 0.09220626)
(0.9652708, 0.1876934, 0.09654598)
(0.9659226, 0.1930781, 0.1002145)
(0.9670167, 0.1986848, 0.1037387)
(0.9683131, 0.2047044, 0.1071788)
(0.9683131, 0.2047044, 0.1071788)
(0.9704189, 0.2151141, 0.1126281)
(0.9711882, 0.2200653, 0.1153329)
(0.9708718, 0.2247024, 0.1182113)
(0.9696246, 0.2290361, 0.1212106)
(0.9666692, 0.2330273, 0.1248127)
(0.9635982, 0.2358221, 0.127887)
(0.9605355, 0.2382786, 0.1316875)
(0.9574961, 0.2406226, 0.1360836)
(0.9574961, 0.2406226, 0.1360836)
(0.9548147, 0.2436062, 0.1434589)
(0.9543501, 0.2440196, 0.1461227)
(0.9538468, 0.2434088, 0.1476826)
(0.9530579, 0.2419447, 0.14809)
(0.9524015, 0.2400075, 0.1479067)
(0.951731, 0.2390564, 0.1481498)
(0.9523529, 0.2385822, 0.1487558)
(0.9537121, 0.2394383, 0.1506341)
(0.9548021, 0.2411823, 0.1525803)
(0.9553532, 0.2426833, 0.154374)
(0.9554883, 0.2441404, 0.1559901)
(0.9560325, 0.2449112, 0.1575071)
(0.9563912, 0.2460732, 0.1597266)
(0.9575199, 0.2463878, 0.1616254)
(0.9599298, 0.2475738, 0.1642685)
(0.9630291, 0.2495608, 0.1681089)
(0.9653992, 0.2508245, 0.1711351)
(0.9676379, 0.2535432, 0.1757815)
(0.9686282, 0.2561766, 0.1804864)
(0.9683429, 0.2578105, 0.1842956)
(0.9661873, 0.2585912, 0.1876606)
(0.9640898, 0.2594078, 0.1909702)
(0.9620477, 0.2591988, 0.1929007)
(0.9609778, 0.2594298, 0.1949149)
(0.9605756, 0.2593059, 0.1962558)
(0.9605016, 0.2589483, 0.1973659)
(0.960485, 0.258243, 0.198092)
(0.9601834, 0.2574564, 0.1987162)
(0.9593627, 0.2561574, 0.1986737)
(0.9584996, 0.2548082, 0.1984628)
(0.9572909, 0.253791, 0.1983413)
(0.9560797, 0.2529345, 0.1978011)
(0.9553602, 0.2524072, 0.1978035)
(0.9550355, 0.2522919, 0.1979626)
(0.9542631, 0.2522767, 0.1985408)
(0.9532768, 0.252847, 0.1997121)
(0.9517975, 0.2530101, 0.2004473)
(0.9500393, 0.2531339, 0.2015606)
(0.94846, 0.2537121, 0.2032743)
(0.9471688, 0.2543205, 0.2046219)
(0.9460559, 0.2543337, 0.2058672)
(0.9448813, 0.2548854, 0.207199)
(0.9437311, 0.2547926, 0.2078389)
(0.943175, 0.2545001, 0.2091126)
(0.9423171, 0.2544246, 0.2102927)
(0.94207, 0.2540595, 0.2114097)
(0.9420618, 0.2529659, 0.2122387)
(0.9423447, 0.2515665, 0.212824)
(0.9427105, 0.2493997, 0.212539)
(0.9431304, 0.2462339, 0.2107718)
(0.9440463, 0.2430478, 0.2088529)
(0.9448668, 0.2403603, 0.2072392)
(0.9452083, 0.2366174, 0.2039291)
(0.9457163, 0.2329915, 0.2009217)
(0.9461355, 0.2290643, 0.1977038)
(0.9462362, 0.2255503, 0.1956887)
(0.9458219, 0.2224624, 0.1947471)
(0.9446737, 0.2195664, 0.1935676)
(0.9425721, 0.2171107, 0.1929332)
(0.9399871, 0.2139682, 0.191083)
(0.9372651, 0.2114084, 0.1902342)
(0.9354367, 0.2086907, 0.1892149)
(0.9345782, 0.2071136, 0.1898405)
(0.9353152, 0.2055295, 0.1911792)
(0.936359, 0.2037294, 0.1922426)
(0.9374934, 0.2012984, 0.1929747)
(0.9382207, 0.1985985, 0.1928166)
(0.9382882, 0.1947371, 0.1920925)
(0.9391623, 0.1903559, 0.1908586)
(0.9404084, 0.1864304, 0.1900774)
(0.9436989, 0.1816648, 0.1887005)
(0.9471733, 0.1777713, 0.1877429)
(0.9513708, 0.173881, 0.1860935)
(0.9544195, 0.1688768, 0.1829943)
(0.9563615, 0.1640633, 0.1792931)
(0.9573363, 0.1583012, 0.1743446)
(0.9571855, 0.1525216, 0.168684)
(0.9555034, 0.1455628, 0.1620418)
(0.9549408, 0.1397379, 0.1569472)
(0.9581535, 0.1339186, 0.1520364)
(0.9663619, 0.1301271, 0.1487929)
(0.9805478, 0.1277382, 0.14598)
(0.9933468, 0.1256354, 0.1412151)
(0.9998487, 0.1238371, 0.1353883)
(1.000544, 0.1203994, 0.1272284)
(0.9977901, 0.1169229, 0.1196715)
(0.9912711, 0.1129582, 0.1122145)
(0.9850855, 0.1108015, 0.1072682)
(0.9806079, 0.109051, 0.1029573)
(0.9800251, 0.1078167, 0.09883863)
(0.9829897, 0.108595, 0.09678478)
(0.9888243, 0.10965, 0.09493688)
(0.9949745, 0.1104728, 0.09358491)
(1.002352, 0.111371, 0.09324648)
(1.008799, 0.1123993, 0.09302222)
(1.015679, 0.1142594, 0.0938039)
(1.021333, 0.1160283, 0.09379401)
(1.025289, 0.1165437, 0.09265154)
(1.026963, 0.1169056, 0.09092032)
(1.025268, 0.1162313, 0.08825579)
(1.020442, 0.1140667, 0.08451875)
(1.015519, 0.1117094, 0.08050169)
(1.009651, 0.1088042, 0.07626304)
(1.006168, 0.106195, 0.07191805)
(1.003794, 0.1043829, 0.06845904)
(1.00284, 0.1025707, 0.06511742)
(1.003367, 0.101542, 0.06361418)
(1.004208, 0.1007859, 0.06219465)
(1.005431, 0.09969261, 0.06117516)
(1.006556, 0.09910663, 0.06056781)
(1.006845, 0.09797009, 0.0598597)
(1.006622, 0.09774931, 0.05984469)
(1.007347, 0.09758113, 0.05950975)
(1.009158, 0.09813422, 0.05990348)
(1.011824, 0.09932674, 0.06126762)
(1.016123, 0.1008906, 0.0626146)
(1.020616, 0.1019686, 0.06333891)
(1.026009, 0.1027553, 0.06414325)
(1.029817, 0.1027609, 0.06394025)
(1.032586, 0.102296, 0.06402896)
(1.034155, 0.1012923, 0.06360975)
(1.035639, 0.0994868, 0.06271259)
(1.037483, 0.09705365, 0.06200268)
(1.039654, 0.09493991, 0.06132435)
(1.042861, 0.09204866, 0.05930001)
(1.046115, 0.09022883, 0.05792969)
(1.04898, 0.08745723, 0.05463842)
(1.051353, 0.08434337, 0.051024)
(1.05334, 0.08046195, 0.04683742)
(1.054698, 0.07611349, 0.04242655)
(1.055901, 0.07207158, 0.03903033)
(1.056943, 0.06856916, 0.03640787)
(1.058602, 0.06478591, 0.03397206)
(1.059841, 0.06091785, 0.03171656)
(1.0611, 0.05678019, 0.02873171)
(1.061467, 0.05212014, 0.02481362)
(1.062058, 0.04756881, 0.02075946)
(1.06126, 0.04387103, 0.01731118)
(1.059654, 0.04089136, 0.01345514)
(1.058686, 0.03744386, 0.009168673)
(1.058166, 0.03669251, 0.006777752)
(1.056661, 0.03404955, 0.00285825)
(1.055923, 0.03603158, 0.001973437)
(1.055923, 0.03603158, 0.001973437)
(1.056052, 0.03754761, 6.281613)
(1.058187, 0.03818639, 6.279439)
(1.060046, 0.03745831, 6.275369)
(1.062599, 0.03794756, 6.272536)
(1.065479, 0.03861034, 6.269569)
(1.068907, 0.03939062, 6.267251)
(1.071433, 0.04205914, 6.266656)
(1.072551, 0.04718089, 6.269565)
(1.073352, 0.05374593, 6.275272)
(1.074609, 0.0599453, 6.281572)
(1.075624, 0.0662954, 0.004123789)
(1.073288, 0.0724427, 0.01107907)
(1.068869, 0.08027044, 0.0205238)
(1.065868, 0.08680198, 0.02778312)
(1.063769, 0.09353289, 0.03468943)
(1.060272, 0.1027367, 0.04463011)
(1.055812, 0.1149877, 0.05918524)
(1.052985, 0.1280283, 0.07517952)
(1.054276, 0.1416424, 0.09180011)
(1.062551, 0.144992, 0.09566641)
(1.072256, 0.1400039, 0.08658051)
(1.072256, 0.1400039, 0.08658051)
(1.066823, 0.1228331, 0.05682604)
(1.059768, 0.1130171, 0.04284142)
(1.056205, 0.1056011, 0.03189355)
(1.052113, 0.1006262, 0.02312811)
(1.044643, 0.09924219, 0.01814455)
(1.038296, 0.1014156, 0.01662529)
(1.037664, 0.1013413, 0.0123476)
(1.039146, 0.1041736, 0.01202243)
(1.041043, 0.1089936, 0.01445627)
(1.042787, 0.1122295, 0.01429508)
(1.045345, 0.1175059, 0.01560415)
(1.04525, 0.1205859, 0.01564048)
(1.043877, 0.1240837, 0.01760637)
(1.044635, 0.1269165, 0.02000337)
(1.047908, 0.1310433, 0.02501508)
(1.051091, 0.13675, 0.03069061)
(1.053355, 0.1427994, 0.03534427)
(1.055185, 0.1482999, 0.03748238)
(1.0565, 0.1541007, 0.03863034)
(1.05424, 0.1593573, 0.03829475)
(1.050978, 0.1646325, 0.03930335)
(1.048566, 0.16928, 0.04012483)
(1.047552, 0.1744834, 0.04212243)
(1.048611, 0.180992, 0.0458667)
(1.052031, 0.1871957, 0.04901101)
(1.057857, 0.192917, 0.05155897)
(1.063076, 0.1982581, 0.05370266)
(1.067489, 0.2026737, 0.05530454)
(1.074329, 0.2061251, 0.05600413)
(1.080951, 0.209217, 0.05756398)
(1.082854, 0.2116808, 0.06037537)
(1.08038, 0.2130739, 0.06407864)
(1.075214, 0.2124904, 0.06851902)
(1.071215, 0.2121186, 0.07382584)
(1.066807, 0.210109, 0.07997004)
(1.064565, 0.2069078, 0.08425141)
(1.065054, 0.2039329, 0.08764471)
(1.067882, 0.1996391, 0.08983018)
(1.07204, 0.1952973, 0.09121559)
(1.077, 0.1897531, 0.0914434)
(1.080974, 0.1848909, 0.09203374)
(1.083098, 0.1798127, 0.09228518)
(1.083791, 0.1747635, 0.09206038)
(1.08347, 0.1682012, 0.09063866)
(1.082164, 0.1614081, 0.08746362)
(1.08112, 0.1558241, 0.08505118)
(1.079973, 0.1500215, 0.08089274)
(1.079279, 0.1456294, 0.07828824)
(1.0783, 0.1433602, 0.07642491)
(1.078048, 0.1412542, 0.07503746)
(1.078106, 0.1409747, 0.07454538)
(1.077898, 0.1404587, 0.07379592)
(1.078454, 0.1405268, 0.07386472)
(1.078454, 0.1405268, 0.07386472)
(1.079825, 0.1439964, 0.0783824)
(1.080161, 0.1476569, 0.0834856)
(1.079461, 0.1502722, 0.08766603)
(1.078273, 0.1537162, 0.09247185)
(1.076612, 0.1574616, 0.09678029)
(1.074274, 0.1613678, 0.1002258)
(1.071982, 0.164999, 0.1030039)
(1.06956, 0.1679622, 0.104767)
(1.067437, 0.1706434, 0.1067824)
(1.066121, 0.1728175, 0.1083777)
(1.065839, 0.1759286, 0.1111279)
(1.066942, 0.1789664, 0.1136117)
(1.068448, 0.1824945, 0.1162618)
(1.071202, 0.1855804, 0.1185861)
(1.075187, 0.1898914, 0.1223354)
(1.078653, 0.193901, 0.1254608)
(1.083067, 0.196486, 0.1274733)
(1.086748, 0.1997165, 0.1295128)
(1.088824, 0.2015644, 0.1302304)
(1.089189, 0.2026483, 0.1299502)
(1.086993, 0.2028216, 0.128444)
(1.083605, 0.2034626, 0.1270522)
(1.078331, 0.2027281, 0.124456)
(1.073742, 0.2033986, 0.1236251)
(1.069176, 0.2046212, 0.1231056)
(1.066482, 0.2064097, 0.1238498)
(1.065461, 0.2093502, 0.1257941)
(1.066529, 0.2128828, 0.1290598)
(1.069162, 0.2165321, 0.1320808)
(1.073026, 0.2202918, 0.1357957)
(1.076422, 0.2244324, 0.1396842)
(1.080246, 0.2279614, 0.1439734)
(1.083168, 0.231516, 0.1479514)
(1.08591, 0.2342634, 0.1513172)
(1.088042, 0.2366501, 0.1536245)
(1.089215, 0.2383239, 0.1548398)
(1.089337, 0.239538, 0.1548257)
(1.088519, 0.2410226, 0.1550269)
(1.086785, 0.2414135, 0.1541428)
(1.084729, 0.2414546, 0.1529902)
(1.080817, 0.2417156, 0.1522257)
(1.076638, 0.2403804, 0.150068)
(1.071204, 0.2396443, 0.1481389)
(1.066353, 0.2377053, 0.1451355)
(1.062395, 0.2369855, 0.1436663)
(1.058905, 0.2353037, 0.1415882)
(1.056465, 0.2347201, 0.1406707)
(1.054353, 0.2335365, 0.1403163)
(1.052594, 0.2332438, 0.140687)
(1.051562, 0.2324905, 0.1410384)
(1.05106, 0.2323097, 0.1421499)
(1.051182, 0.231068, 0.1423305)
(1.051581, 0.2296942, 0.1424102)
(1.051506, 0.228536, 0.1421932)
(1.050738, 0.2269439, 0.1414771)
(1.049926, 0.2253505, 0.1412603)
(1.049078, 0.2237539, 0.1402866)
(1.047527, 0.2217286, 0.1389637)
(1.045316, 0.2207712, 0.1391371)
(1.042192, 0.2199666, 0.140013)
(1.037615, 0.2190778, 0.1412826)
(1.033293, 0.2182223, 0.1427343)
(1.029298, 0.2169922, 0.1438702)
(1.025575, 0.216407, 0.1456788)
(1.022318, 0.2141742, 0.1455568)
(1.019617, 0.2125858, 0.1462353)
(1.016824, 0.21021, 0.1460591)
(1.014437, 0.207865, 0.1461347)
(1.011635, 0.2048284, 0.1453891)
(1.008841, 0.2017037, 0.1442274)
(1.005819, 0.1979165, 0.1425944)
(1.003198, 0.1951347, 0.1414667)
(1.000345, 0.192239, 0.1398129)
(0.997339, 0.1893424, 0.137949)
(0.9948158, 0.1867381, 0.1363787)
(0.9923921, 0.1842351, 0.1347614)
(0.989926, 0.1819414, 0.1333837)
(0.9880239, 0.1802296, 0.1324324)
(0.9859718, 0.1785883, 0.1317676)
(0.9848337, 0.1770588, 0.1320619)
(0.9836446, 0.1754249, 0.1315237)
(0.9828299, 0.173994, 0.1312146)
(0.9829298, 0.1726638, 0.1311073)
(0.9852045, 0.1716725, 0.1315409)
(0.9889859, 0.1704828, 0.1316797)
(0.9953147, 0.1700899, 0.132797)
(0.9999981, 0.1695396, 0.1337245)
(1.001758, 0.169382, 0.1344093)
(1.000018, 0.167329, 0.1335386)
(0.9968474, 0.1655166, 0.1324426)
(0.9922584, 0.1629441, 0.1294838)
(0.9884633, 0.160879, 0.126399)
(0.9852713, 0.158955, 0.1224061)
(0.9840959, 0.1577898, 0.118863)
(0.985197, 0.1571399, 0.1150789)
(0.9872424, 0.1575289, 0.1127711)
(0.9905589, 0.1583685, 0.1105751)
(0.9941427, 0.1599767, 0.110482)
(0.9966671, 0.1616176, 0.1106707)
(0.9988455, 0.1641145, 0.1115394)
(1.000742, 0.1667905, 0.1125444)
(1.00178, 0.1691905, 0.1138263)
(1.001951, 0.1720994, 0.1159548)
(1.001392, 0.1748749, 0.1185624)
(0.9996529, 0.1774917, 0.1223859)
(0.9974034, 0.1789576, 0.1247069)
(0.9949021, 0.179742, 0.1268177)
(0.9928292, 0.1801382, 0.1279702)
(0.9909655, 0.1799074, 0.1282188)
(0.9898985, 0.1786116, 0.1276744)
(0.9898985, 0.1786116, 0.1276744)
(0.9897851, 0.1740248, 0.1248189)
(0.9896609, 0.1715771, 0.1232254)
(0.9904315, 0.1681511, 0.1205847)
(0.9908303, 0.1649034, 0.1176907)
(0.991696, 0.1611123, 0.1138493)
(0.9921931, 0.157496, 0.1097241)
(0.9928977, 0.1540327, 0.1057628)
(0.9930248, 0.1513357, 0.102534)
(0.993086, 0.1489816, 0.09945751)
(0.993086, 0.1489816, 0.09945751)
(0.9932361, 0.1471196, 0.09613424)
(0.9934889, 0.1472407, 0.0950122)
(0.9938955, 0.1475062, 0.09392815)
(0.9947297, 0.1482966, 0.09336593)
(0.995491, 0.1494678, 0.09283224)
(0.9963742, 0.1508902, 0.09272917)
(0.9974464, 0.1522665, 0.09280231)
(0.9980349, 0.1549572, 0.09402269)
(0.9984251, 0.1568309, 0.09455624)
(0.9985156, 0.1587726, 0.09583323)
(0.9987739, 0.1602968, 0.09637798)
(0.9985999, 0.1617148, 0.09676881)
(0.9980584, 0.162463, 0.09701004)
(0.9977761, 0.1632596, 0.09699794)
(0.9973784, 0.1637009, 0.09742777)
(0.9967316, 0.1635707, 0.09726716)
(0.9961895, 0.1636204, 0.09770148)
(0.9957091, 0.1631433, 0.09716979)
(0.9955048, 0.1619992, 0.09658328)
(0.9956374, 0.1609069, 0.0953317)
(0.9959619, 0.1592407, 0.09372099)
(0.9967476, 0.1570105, 0.09241752)
(0.9972279, 0.1546315, 0.09055093)
(0.9982257, 0.1519252, 0.08927628)
(0.9987993, 0.1492575, 0.08746571)
(0.9997595, 0.1467245, 0.08577709)
(1.000132, 0.1444891, 0.08453494)
(1.000679, 0.1424011, 0.08340245)
(1.001148, 0.1411045, 0.08321498)
(1.001177, 0.1395525, 0.08242901)
(1.001259, 0.1378289, 0.08146188)
(1.001706, 0.1370072, 0.08127204)
(1.001675, 0.1362381, 0.08104669)
(1.001782, 0.1355288, 0.08073857)
(1.001139, 0.1344679, 0.08019678)
(1.000605, 0.1336415, 0.07948529)
(0.9996982, 0.132669, 0.07879655)
(0.9991893, 0.13244, 0.07848232)
(0.9987487, 0.1321847, 0.07807946)
(0.9987597, 0.1312383, 0.07747345)
(0.9989898, 0.1312157, 0.07782824)
