(5.358673, 5.437241, 5.480223)
(5.358829, 5.436674, 5.480656)
(5.35829, 5.437485, 5.480039)
(5.358173, 5.43829, 5.479286)
(5.358228, 5.437337, 5.480162)
(5.358043, 5.436783, 5.480782)
(5.358143, 5.43734, 5.479971)
(5.358122, 5.437683, 5.47926)
(5.357888, 5.437681, 5.478854)
(5.357549, 5.438353, 5.478094)
(5.357782, 5.438307, 5.47792)
(5.357577, 5.437041, 5.478997)
(5.357381, 5.437451, 5.47831)
(5.356642, 5.438279, 5.477138)
(5.35531, 5.438162, 5.476881)
(5.355109, 5.438247, 5.47634)
(5.356182, 5.437518, 5.47542)
(5.356183, 5.437928, 5.474101)
(5.355241, 5.438688, 5.472845)
(5.35452, 5.438236, 5.473049)
(5.353704, 5.437513, 5.473409)
(5.353416, 5.437406, 5.473179)
(5.354961, 5.4382, 5.471598)
(5.355334, 5.437878, 5.471631)
(5.355371, 5.437283, 5.47183)
(5.354356, 5.436924, 5.47238)
(5.352445, 5.436404, 5.473328)
(5.352661, 5.436171, 5.473204)
(5.352888, 5.437586, 5.471732)
(5.352419, 5.437786, 5.47173)
(5.352137, 5.43822, 5.471245)
(5.352362, 5.436647, 5.473317)
(5.354608, 5.43613, 5.47401)
(5.355419, 5.436337, 5.473657)
(5.354164, 5.432374, 5.47879)
(5.354476, 5.433577, 5.480167)
(5.359874, 5.425426, 5.489223)
(5.364229, 5.423552, 5.493102)
(5.371366, 5.422095, 5.499896)
(5.376403, 5.41706, 5.50914)
(5.390501, 5.404704, 5.53088)
(5.412291, 5.391504, 5.560013)
(5.432403, 5.36339, 5.603508)
(5.473527, 5.299024, 5.684222)
(5.514062, 5.256275, 5.73411)
(5.53941, 5.241195, 5.761746)
(5.562751, 5.244156, 5.777911)
(5.597359, 5.265561, 5.786153)
(5.622257, 5.285244, 5.792189)
(5.627749, 5.301799, 5.800998)
(5.615661, 5.312874, 5.809414)
(5.626031, 5.296545, 5.840096)
(5.601599, 5.276205, 5.845787)
(5.541883, 5.297797, 5.823301)
(5.506769, 5.304061, 5.821066)
(5.483863, 5.287949, 5.835485)
(5.47609, 5.290767, 5.83386)
(5.466832, 5.301792, 5.825471)
(5.460029, 5.315761, 5.812713)
(5.450494, 5.323938, 5.804718)
(5.448956, 5.333121, 5.79427)
(5.443274, 5.330889, 5.790262)
(5.437724, 5.318295, 5.79688)
(5.435368, 5.300119, 5.80672)
(5.432787, 5.287751, 5.811404)
(5.434028, 5.269006, 5.818151)
(5.441238, 5.249114, 5.827068)
(5.447964, 5.233314, 5.832396)
(5.459555, 5.224023, 5.831659)
(5.471272, 5.221274, 5.826478)
(5.489695, 5.22684, 5.815985)
(5.508624, 5.237895, 5.805067)
(5.525491, 5.243859, 5.798747)
(5.545424, 5.249846, 5.793702)
(5.570708, 5.25137, 5.791286)
(5.601591, 5.251607, 5.785704)
(5.629499, 5.254993, 5.771619)
(5.649562, 5.262258, 5.748526)
(5.6533, 5.267206, 5.728656)
(5.655923, 5.265068, 5.718712)
(5.645846, 5.249035, 5.722144)
(5.631332, 5.225244, 5.738276)
(5.619641, 5.206784, 5.752369)
(5.614663, 5.198386, 5.756421)
(5.622074, 5.206799, 5.751837)
(5.645931, 5.240696, 5.727693)
(5.666788, 5.2737, 5.704903)
(5.677258, 5.330019, 5.679177)
(5.682052, 5.354931, 5.675433)
(5.679227, 5.376263, 5.680233)
(5.673187, 5.388966, 5.685174)
(5.661638, 5.362604, 5.707911)
(5.65539, 5.349476, 5.719065)
(5.659244, 5.308479, 5.744289)
(5.661283, 5.217273, 5.783468)
(5.536578, 5.205876, 5.695755)
(5.398419, 5.203988, 5.73333)
(5.359163, 5.305105, 5.683388)
(5.369781, 5.492058, 5.473452)
(5.39047, 5.546114, 5.419484)
(5.44581, 5.518302, 5.446393)
(5.423267, 5.50059, 5.436737)
(5.371334, 5.453717, 5.486681)
(5.360063, 5.467796, 5.537803)
(5.36539, 5.364496, 5.621801)
(5.379589, 5.412037, 5.546046)
(5.413019, 5.466881, 5.492845)
(5.388134, 5.532755, 5.421198)
(5.361002, 5.523026, 5.430034)
(5.401961, 5.443654, 5.507812)
(5.382362, 5.428207, 5.517365)
(5.37289, 5.442306, 5.514045)
(5.37385, 5.470209, 5.474154)
(5.392489, 5.494036, 5.446293)
(5.393474, 5.467654, 5.468001)
(5.394652, 5.454163, 5.479233)
(5.388879, 5.445734, 5.490653)
(5.384886, 5.460305, 5.476521)
(5.39016, 5.465551, 5.470736)
(5.390541, 5.455721, 5.478714)
(5.389944, 5.45858, 5.477141)
(5.391027, 5.465092, 5.47113)
(5.395554, 5.455433, 5.479989)
(5.39788, 5.44769, 5.485499)
(5.397255, 5.450319, 5.482705)
(5.400657, 5.454497, 5.475739)
(5.401956, 5.460426, 5.47077)
(5.409163, 5.441307, 5.49199)
(5.410264, 5.433095, 5.499369)
(5.404962, 5.446983, 5.490025)
(5.403831, 5.454524, 5.483305)
(5.404251, 5.449964, 5.489641)
(5.40359, 5.448936, 5.494282)
(5.404724, 5.447862, 5.496018)
(5.403809, 5.452686, 5.491976)
(5.399433, 5.45635, 5.492548)
(5.395484, 5.457918, 5.496476)
(5.39278, 5.461838, 5.497321)
(5.386949, 5.471541, 5.495354)
(5.377909, 5.480039, 5.495942)
(5.370968, 5.483057, 5.498455)
(5.36087, 5.479415, 5.50402)
(5.350218, 5.485638, 5.502009)
(5.343422, 5.489446, 5.497838)
(5.350259, 5.493024, 5.489437)
(5.363491, 5.491886, 5.486397)
(5.365087, 5.484243, 5.494627)
(5.354866, 5.486013, 5.498152)
(5.349554, 5.483858, 5.504464)
(5.342215, 5.48591, 5.503633)
(5.342072, 5.485943, 5.503898)
(5.344488, 5.491809, 5.497267)
(5.343708, 5.503425, 5.48702)
(5.34821, 5.501111, 5.495764)
(5.348661, 5.4818, 5.523273)
(5.345813, 5.465652, 5.54309)
(5.341563, 5.4478, 5.563804)
(5.333467, 5.449471, 5.560485)
(5.328383, 5.464754, 5.544708)
(5.32399, 5.514789, 5.496671)
(5.33383, 5.520485, 5.490777)
(5.346105, 5.486939, 5.524211)
(5.344699, 5.467568, 5.552142)
(5.343677, 5.437482, 5.58945)
(5.33828, 5.447825, 5.582752)
(5.335649, 5.469609, 5.567144)
(5.341369, 5.474683, 5.559578)
(5.345236, 5.466252, 5.568955)
(5.343639, 5.462577, 5.575793)
(5.345942, 5.456937, 5.582652)
(5.348408, 5.456002, 5.583696)
(5.343149, 5.459386, 5.583256)
(5.343915, 5.462878, 5.580479)
(5.345088, 5.461305, 5.581571)
(5.344521, 5.461402, 5.58138)
(5.347762, 5.46384, 5.580832)
(5.351498, 5.456003, 5.588463)
(5.349535, 5.452237, 5.588842)
(5.348777, 5.459021, 5.580355)
(5.350042, 5.462546, 5.574378)
(5.348448, 5.46593, 5.566826)
(5.344015, 5.47002, 5.55854)
(5.342457, 5.475258, 5.551372)
(5.347437, 5.476918, 5.55078)
(5.346847, 5.464183, 5.567658)
(5.345265, 5.458662, 5.57586)
(5.345685, 5.45266, 5.589856)
(5.348735, 5.443992, 5.603206)
(5.35293, 5.428741, 5.622956)
(5.360908, 5.417893, 5.638893)
(5.368549, 5.411959, 5.653097)
(5.371928, 5.403191, 5.667959)
(5.377863, 5.399245, 5.679064)
(5.389133, 5.400671, 5.683109)
(5.406598, 5.381508, 5.703993)
(5.429758, 5.362841, 5.723535)
(5.45574, 5.352489, 5.736996)
(5.493878, 5.334024, 5.756901)
(5.529853, 5.310231, 5.782552)
(5.567278, 5.286261, 5.810512)
(5.608273, 5.250825, 5.849646)
(5.654362, 5.216877, 5.898535)
(5.705135, 5.190403, 5.940084)
(5.764994, 5.165393, 5.987331)
(5.825449, 5.14116, 6.034347)
(5.885771, 5.123482, 6.074044)
(5.947169, 5.108136, 6.113956)
(6.002619, 5.094524, 6.151145)
(6.046821, 5.073321, 6.187849)
(6.058801, 5.049321, 6.20259)
(6.090225, 5.077112, 6.187626)
(6.08152, 5.112172, 6.150463)
(5.874245, 5.171654, 6.070717)
(5.83944, 5.168037, 6.070268)
(5.848955, 5.14558, 6.092044)
(5.851448, 5.128088, 6.115342)
(5.847247, 5.134651, 6.117382)
(5.829759, 5.146196, 6.112856)
(5.815437, 5.150755, 6.108231)
(5.803895, 5.154284, 6.103296)
(5.788259, 5.154114, 6.099356)
(5.768152, 5.150626, 6.095552)
(5.744107, 5.152898, 6.084708)
(5.724546, 5.15566, 6.074079)
(5.703244, 5.160273, 6.061081)
(5.68065, 5.163211, 6.049635)
(5.661195, 5.161573, 6.044302)
(5.646709, 5.159873, 6.041831)
(5.639329, 5.158271, 6.040501)
(5.632192, 5.162727, 6.028895)
(5.627665, 5.171832, 6.011619)
(5.635357, 5.19279, 5.970701)
(5.637157, 5.205939, 5.939949)
(5.642728, 5.218529, 5.904157)
(5.64508, 5.222309, 5.881693)
(5.646914, 5.213767, 5.877513)
(5.64417, 5.206068, 5.876664)
(5.6413, 5.191794, 5.890491)
(5.639562, 5.179416, 5.89792)
(5.637853, 5.174361, 5.897422)
(5.636676, 5.181742, 5.88434)
(5.63702, 5.19106, 5.868733)
(5.644693, 5.208222, 5.843868)
(5.656821, 5.227838, 5.816943)
(5.664405, 5.249436, 5.788777)
(5.670806, 5.26811, 5.766455)
(5.683087, 5.288883, 5.743882)
(5.69134, 5.302031, 5.72727)
(5.685818, 5.301395, 5.728053)
(5.662677, 5.288976, 5.746139)
(5.635648, 5.275441, 5.76927)
(5.608318, 5.24965, 5.811295)
(5.600215, 5.250678, 5.824934)
(5.607443, 5.281471, 5.805572)
(5.624264, 5.308736, 5.78347)
(5.670142, 5.342788, 5.744008)
(5.705724, 5.356267, 5.724629)
(5.721745, 5.355468, 5.724893)
(5.689534, 5.325023, 5.735361)
(5.560908, 5.374458, 5.666956)
(5.490711, 5.328855, 5.671384)
(5.434291, 5.352028, 5.646657)
(5.429509, 5.451857, 5.519416)
(5.420732, 5.529647, 5.454028)
(5.434546, 5.508704, 5.475902)
(5.446258, 5.469724, 5.510293)
(5.43719, 5.435418, 5.576937)
(5.36167, 5.480934, 5.509959)
(5.322805, 5.568036, 5.409636)
(5.333607, 5.553357, 5.47308)
(5.388588, 5.509996, 5.509573)
(5.416475, 5.458893, 5.536376)
(5.420866, 5.468386, 5.53458)
(5.40401, 5.486257, 5.513237)
(5.39711, 5.497095, 5.497369)
(5.403875, 5.489041, 5.506734)
(5.411328, 5.478746, 5.517789)
(5.407576, 5.478203, 5.519996)
(5.399084, 5.485388, 5.51415)
(5.402075, 5.484526, 5.513309)
(5.408915, 5.479692, 5.514368)
(5.411307, 5.480304, 5.511662)
(5.410694, 5.483132, 5.507908)
(5.408698, 5.48051, 5.510439)
(5.409328, 5.481731, 5.510628)
(5.409422, 5.482575, 5.510219)
(5.407635, 5.485004, 5.508712)
(5.40614, 5.486886, 5.508929)
(5.405394, 5.48702, 5.509816)
(5.404637, 5.488632, 5.507645)
(5.404366, 5.491431, 5.505806)
(5.406826, 5.48737, 5.509345)
(5.406993, 5.48665, 5.509685)
(5.405684, 5.489078, 5.507983)
(5.404202, 5.489594, 5.508634)
(5.40456, 5.486238, 5.512557)
(5.404806, 5.486197, 5.512855)
(5.404079, 5.487844, 5.512513)
(5.402639, 5.488999, 5.51254)
(5.402451, 5.486956, 5.51582)
(5.40182, 5.48455, 5.519787)
(5.400767, 5.488514, 5.517572)
(5.398749, 5.489605, 5.518481)
(5.39697, 5.489884, 5.521501)
(5.395317, 5.490627, 5.522892)
(5.391986, 5.493351, 5.523556)
(5.3889, 5.49767, 5.520932)
(5.38649, 5.502792, 5.517675)
(5.383437, 5.506001, 5.516988)
(5.380735, 5.506516, 5.517483)
(5.376099, 5.503833, 5.521704)
(5.376506, 5.505219, 5.519372)
(5.382793, 5.504508, 5.516394)
(5.384522, 5.505288, 5.515426)
(5.38295, 5.502836, 5.517627)
(5.381229, 5.501817, 5.519573)
(5.381877, 5.502876, 5.519708)
(5.381662, 5.503664, 5.519666)
(5.37982, 5.503887, 5.520485)
(5.378209, 5.504752, 5.519959)
(5.378661, 5.505514, 5.51866)
(5.38094, 5.505856, 5.518011)
(5.380971, 5.50508, 5.519444)
(5.379593, 5.50513, 5.52024)
(5.378652, 5.505954, 5.520242)
(5.379321, 5.507586, 5.518712)
(5.379813, 5.507841, 5.518554)
(5.379653, 5.506431, 5.519825)
(5.379465, 5.506344, 5.519244)
(5.381406, 5.506684, 5.518782)
(5.380979, 5.505948, 5.519455)
(5.38026, 5.506692, 5.51898)
(5.380198, 5.508749, 5.517394)
(5.380399, 5.507081, 5.519225)
(5.379817, 5.507203, 5.519545)
(5.379706, 5.507888, 5.5193)
(5.378152, 5.508227, 5.51923)
(5.378737, 5.508721, 5.517933)
(5.380733, 5.509632, 5.516377)
(5.380007, 5.509257, 5.51662)
(5.3787, 5.509179, 5.516987)
(5.377724, 5.510309, 5.516024)
(5.377685, 5.511022, 5.515689)
(5.377018, 5.509566, 5.517472)
(5.375848, 5.509506, 5.517983)
(5.375622, 5.510391, 5.516469)
(5.375814, 5.512954, 5.513699)
(5.375388, 5.512681, 5.514441)
(5.374546, 5.510884, 5.516623)
(5.373613, 5.509953, 5.517597)
(5.372838, 5.508228, 5.518115)
(5.373177, 5.509419, 5.514975)
(5.375251, 5.510532, 5.512334)
(5.375994, 5.510533, 5.511518)
(5.376024, 5.512189, 5.511721)
(5.375239, 5.5098, 5.516474)
(5.374729, 5.507701, 5.520356)
(5.373374, 5.509779, 5.521337)
(5.373057, 5.510483, 5.521411)
(5.372746, 5.512579, 5.518992)
(5.372546, 5.512712, 5.518607)
(5.371861, 5.512624, 5.518972)
(5.371292, 5.511853, 5.519672)
(5.37167, 5.512513, 5.518814)
(5.371966, 5.512761, 5.518435)
(5.371571, 5.514059, 5.517426)
(5.370192, 5.514705, 5.517333)
(5.369344, 5.51445, 5.517884)
