(-94.88746, 14.0168, 23.93607)
(-94.72705, 17.34801, 24.09601)
(-94.72705, 17.34801, 24.09601)
(-94.79667, 18.48447, 24.13862)
(-94.42681, 20.05909, 24.50199)
(-94.357, 21.30494, 24.72678)
(-94.38506, 22.33007, 24.9226)
(-94.42919, 23.31177, 25.20677)
(-94.40411, 24.22136, 25.59328)
(-94.38301, 26.29771, 26.46271)
(-94.38301, 26.29771, 26.46271)
(-94.7749, 28.71748, 27.45252)
(-95.06837, 29.84267, 27.86791)
(-95.59919, 30.96454, 28.27599)
(-96.45807, 33.15318, 28.9112)
(-96.45807, 33.15318, 28.9112)
(-97.00471, 34.04355, 29.16298)
(-97.49548, 34.91735, 29.45863)
(-98.02498, 35.63017, 29.68066)
(-98.62942, 36.11681, 29.87015)
(-99.17933, 36.49517, 30.04385)
(-99.82851, 36.71094, 30.08728)
(-100.5311, 36.88424, 30.09962)
(-101.1438, 37.17434, 30.20173)
(-101.9034, 37.16721, 30.13885)
(-102.7045, 37.03085, 30.02021)
(-103.5174, 36.81522, 29.90146)
(-104.2839, 36.7596, 29.82338)
(-105.3017, 36.13101, 29.5706)
(-107.1386, 34.9763, 29.16478)
(-108.0514, 34.26633, 28.97422)
(-108.998, 33.60075, 28.73039)
(-109.9794, 32.86823, 28.48042)
(-110.8769, 32.17216, 28.29611)
(-111.8968, 31.57892, 27.9976)
(-113.0711, 31.03592, 27.71146)
(-114.9725, 30.02467, 27.17611)
(-114.9725, 30.02467, 27.17611)
(-115.7811, 29.55649, 26.92043)
(-116.3838, 28.95213, 26.69758)
(-117.171, 28.38171, 26.35133)
(-118.3303, 27.41315, 25.85154)
(-118.9144, 27.11048, 25.63752)
(-118.9144, 27.11048, 25.63752)
(-119.6262, 26.78313, 25.37928)
(-119.9791, 26.58911, 25.31716)
(-120.4052, 26.48653, 25.28241)
(-120.7089, 26.35891, 25.33091)
(-120.9711, 26.11134, 25.37527)
(-121.1962, 25.79129, 25.36711)
(-121.4116, 25.45602, 25.38279)
(-121.5863, 25.12884, 25.36076)
