0.3896191
0.3225773
0.2941976
0.2530799
0.2474253
0.2573095
0.2388163
0.2178439
0.203588
0.1701104
0.1722029
0.1714733
0.1586983
0.1485187
0.1326642
0.1201303
0.1043455
0.08747372
0.07513868
0.0636336
0.05093041
0.04145433
0.0312542
0.02035681
0.01694219
0.01220639
0.01447403
0.01631945
0.01872524
0.01726131
0.01591549
0.01789852
0.01915497
0.01825092
0.01691396
MSE 0.1187687
total_moving_Distance 0.6925088
height_from_ground 0.1052275
height_from_ground_error 0.01772551
height_from_ground_error2 0.01772552