(-12.14502, -3.058481, 62.30185)
(-12.15259, -3.022408, 62.26242)
(-12.11532, -3.03452, 62.2956)
(-12.08754, -3.056836, 62.34253)
(-12.08838, -3.049684, 62.35223)
(-12.08668, -3.046775, 62.36005)
(-12.12165, -3.041267, 62.34665)
(-12.15384, -3.020453, 62.32548)
(-12.13927, -3.014731, 62.3261)
(-12.13961, -3.015351, 62.33199)
(-12.12003, -2.992702, 62.33063)
(-12.09738, -2.97873, 62.34631)
(-12.09431, -2.970934, 62.35938)
(-12.0743, -2.989674, 62.39304)
(-12.06391, -2.992797, 62.40213)
(-12.06453, -2.991915, 62.41991)
(-12.04286, -2.996111, 62.43458)
(-12.02505, -3.000712, 62.44893)
(-11.99797, -2.997375, 62.47144)
(-11.98708, -2.994728, 62.48548)
(-11.96988, -3.008842, 62.49571)
(-11.98685, -3.00386, 62.50856)
(-12.00445, -3.017735, 62.48367)
(-12.01015, -3.026319, 62.46371)
(-12.01637, -3.026319, 62.47599)
(-12.01017, -3.020978, 62.4989)
(-11.98748, -3.013015, 62.53307)
(-11.98218, -3.013515, 62.55281)
(-11.97361, -3.015995, 62.55224)
(-11.97412, -3.010082, 62.54251)
(-11.98485, -3.012323, 62.52074)
(-11.99317, -3.012538, 62.50892)
(-11.99703, -3.013706, 62.50729)
(-11.97476, -3.014588, 62.51538)
(-11.9803, -2.986574, 62.50253)
(-11.9632, -2.986121, 62.5165)
(-11.95207, -2.982163, 62.53963)
(-11.94193, -2.986598, 62.54659)
(-11.94477, -2.99387, 62.54673)
(-11.96389, -3.00293, 62.5643)
(-11.96204, -2.991223, 62.57792)
(-11.99393, -3.025126, 62.53552)
(-11.99725, -3.021312, 62.54938)
(-11.97603, -3.026199, 62.56454)
(-11.98593, -3.041697, 62.57351)
(-11.98239, -3.045678, 62.59499)
(-11.98238, -3.043365, 62.60073)
(-11.98906, -3.066468, 62.60674)
(-11.9998, -3.067994, 62.63068)
(-11.99035, -3.070021, 62.62949)
(-11.97988, -3.066158, 62.63938)
(-11.97367, -3.054142, 62.63499)
(-11.96334, -3.058434, 62.64801)
(-11.94212, -3.055, 62.67462)
(-11.94625, -3.051972, 62.70111)
(-11.96318, -3.04513, 62.69631)
(-11.96482, -3.046441, 62.70494)
(-11.97479, -3.046823, 62.71987)
(-11.98561, -3.052378, 62.7141)
(-11.99968, -3.056335, 62.69147)
(-12.02402, -3.050113, 62.69467)
(-12.03212, -3.049684, 62.70261)
(-12.01605, -3.03731, 62.72309)
(-12.00607, -3.037548, 62.75201)
(-12.00569, -3.037834, 62.79812)
(-12.00287, -3.03638, 62.82558)
