(5.357549, 5.749969, 5.57665)
(5.352575, 5.747067, 5.578362)
(5.343564, 5.76368, 5.563957)
(5.351084, 5.789943, 5.539857)
(5.35276, 5.799946, 5.53184)
(5.347696, 5.7913, 5.543555)
(5.350069, 5.774643, 5.563056)
(5.348318, 5.748925, 5.610545)
(5.363027, 5.763196, 5.664396)
(5.370261, 5.836184, 5.635419)
(5.380128, 5.911448, 5.56515)
(5.378725, 5.959147, 5.528047)
(5.349262, 5.990296, 5.528754)
(5.332006, 5.990714, 5.559967)
(5.330541, 5.988969, 5.574441)
(5.333904, 5.970985, 5.593867)
(5.348989, 5.965269, 5.603598)
(5.355846, 5.968579, 5.597507)
(5.34797, 5.958292, 5.581921)
(5.346074, 5.944678, 5.585513)
(5.348869, 5.947173, 5.585341)
(5.361564, 5.969966, 5.55695)
(5.370463, 6.003209, 5.511867)
(5.36689, 6.023869, 5.482288)
(5.33716, 6.03767, 5.468086)
(5.290906, 6.032655, 5.493711)
(5.266049, 6.016313, 5.516144)
(5.26623, 6.012239, 5.513914)
(5.290505, 6.028712, 5.496545)
(5.33142, 6.03815, 5.483164)
(5.330697, 5.986052, 5.523981)
(5.330697, 5.986052, 5.523981)
(5.312911, 5.983648, 5.528909)
(5.278181, 6.001077, 5.517273)
(5.255243, 6.02664, 5.4945)
(5.249431, 6.031435, 5.491213)
(5.261723, 6.026403, 5.499031)
(5.2851, 5.999922, 5.527403)
(5.314051, 5.962338, 5.557999)
(5.325954, 5.940811, 5.579314)
(5.318655, 5.910388, 5.609225)
(5.309206, 5.908698, 5.611012)
(5.307329, 5.978373, 5.53887)
(5.303479, 6.037135, 5.483237)
(5.301774, 6.033576, 5.485255)
(5.303863, 6.024884, 5.492787)
(5.306112, 5.985624, 5.531419)
(5.300093, 5.967004, 5.552421)
(5.299187, 5.974082, 5.547915)
(5.307154, 5.995892, 5.525162)
(5.307572, 6.004745, 5.516209)
(5.306285, 6.014321, 5.50403)
(5.294631, 6.016905, 5.502327)
(5.28489, 6.030596, 5.489691)
(5.27732, 6.042226, 5.480067)
(5.275055, 6.047211, 5.477184)
(5.292059, 6.041539, 5.478054)
(5.299223, 6.039455, 5.477752)
(5.294631, 6.031621, 5.483688)
(5.285107, 6.033519, 5.48008)
(5.25799, 6.057216, 5.460953)
(5.243693, 6.081847, 5.441699)
(5.254416, 6.087761, 5.440335)
(5.305205, 6.079515, 5.442345)
(5.341795, 6.069748, 5.445754)
(5.338736, 6.019987, 5.486991)
(5.314726, 6.01341, 5.496076)
(5.282033, 6.051751, 5.473013)
(5.251476, 6.068978, 5.460467)
(5.23484, 6.08886, 5.441427)
(5.251396, 6.08523, 5.441666)
(5.25853, 6.069832, 5.45382)
(5.266286, 6.072229, 5.450697)
(5.266683, 6.081811, 5.440525)
(5.262489, 6.082374, 5.440365)
(5.2578, 6.079913, 5.441998)
(5.2565, 6.084214, 5.436234)
(5.255356, 6.088218, 5.431195)
(5.249096, 6.09355, 5.426199)
(5.240436, 6.094916, 5.427424)
(5.236428, 6.100797, 5.423908)
(5.247454, 6.100582, 5.422608)
(5.256804, 6.10088, 5.41831)
(5.247212, 6.111782, 5.410443)
(5.23432, 6.117485, 5.407188)
(5.234828, 6.134616, 5.391964)
(5.240748, 6.10398, 5.42325)
(5.238113, 6.078421, 5.452326)
(5.262799, 6.047182, 5.483515)
(5.290277, 6.013788, 5.512259)
(5.297063, 5.979577, 5.536794)
(5.274666, 6.006072, 5.510701)
(5.256468, 6.040929, 5.478878)
(5.231307, 6.137552, 5.389046)
(5.209932, 6.187068, 5.350203)
(5.206369, 6.145081, 5.394687)
(5.221663, 6.045294, 5.491132)
(5.250479, 6.011601, 5.533261)
(5.336659, 5.935315, 5.585162)
(5.35951, 5.913885, 5.596395)
(5.321928, 5.944312, 5.571419)
(5.21178, 6.156155, 5.374135)
(5.21178, 6.156155, 5.374135)
(5.18611, 6.226679, 5.317976)
(5.186507, 6.148286, 5.382224)
(5.21297, 6.073319, 5.453591)
(5.252598, 6.023463, 5.503489)
(5.277445, 5.990687, 5.533016)
(5.271344, 5.976926, 5.554746)
(5.284314, 5.96936, 5.559171)
(5.280767, 5.990037, 5.538327)
(5.282738, 6.014321, 5.516227)
(5.312707, 6.033697, 5.486733)
(5.326757, 6.04384, 5.478507)
(5.331433, 6.023394, 5.501009)
(5.324332, 5.980457, 5.540189)
(5.31296, 5.970738, 5.556818)
(5.314729, 5.978642, 5.552598)
(5.334049, 5.983996, 5.544689)
(5.351547, 5.981925, 5.546353)
(5.360168, 5.967407, 5.558332)
(5.345029, 5.957605, 5.568405)
(5.329031, 5.96291, 5.569089)
(5.321902, 5.964084, 5.569697)
(5.326016, 5.962266, 5.570162)
(5.340321, 5.962171, 5.569394)
(5.351573, 5.960596, 5.568715)
(5.3517, 5.959167, 5.570037)
(5.349187, 5.958358, 5.571081)
(5.340811, 5.958248, 5.572453)
(5.340811, 5.958248, 5.572453)
(5.338878, 5.964257, 5.566572)
(5.333873, 5.97113, 5.560593)
(5.328709, 5.977099, 5.555788)
(5.323442, 5.981037, 5.550302)
(5.314156, 5.986784, 5.545645)
(5.305796, 5.996702, 5.538404)
(5.30655, 5.994422, 5.539775)
(5.318488, 5.9861, 5.547198)
(5.333937, 5.972178, 5.557287)
(5.332168, 5.974741, 5.55379)
(5.322889, 5.982754, 5.547658)
(5.311051, 5.994454, 5.538423)
(5.307237, 5.998707, 5.535372)
(5.314991, 5.986863, 5.546392)
