(-5455.663, -175.2863, 2195.996)
(0.543082, -4.406242, -6.474993)
(3.336079, 0.4391547, 0.8508623)
(-3.27391, -0.4351337, 7.246612)
(0, 0, 0)
(-7.278445, 4.394952, 7.456264)
(1.411652, -1.441465, -3.333108)
(19.21651, -5.420223, -13.41879)
(3.318965, 0.935044, -3.572574)
(0.2059405, -1.520791, -0.1929792)
(4.205188, -1.010135, 0.876637)
(1.369522, 1.927159, 1.119547)
(0.8405069, 0.5286304, 2.214322)
(4.314199, 0.2507833, 2.126206)
(3.706436, -1.31154, 0.647547)
(3.625874, -0.5032077, -0.5603203)
(6.541256, 3.064809, 1.91637)
(2.904861, 0.9229997, 1.83306)
(-0.9393117, -0.03701721, 2.364474)
(-5.278114, -4.455123, -1.5838)
(-2.961761, -1.717522, 0.6960032)
(-1.518453, -1.816309, -0.116686)
(1.249475, -1.857429, 2.603385)
(1.552433, -1.268794, -0.79029)
(1.553295, -0.9734796, 0.3799317)
(4.41818, -0.1892574, 0.4209344)
(0.6162586, -1.379554, -0.611934)
(-1.245091, -0.6698371, 1.051272)
(-1.302257, -2.737794, -2.118598)
(0.6921805, -1.923588, 0.8269872)
(-0.920647, -0.1709991, 0.3954355)
(4.798457, 1.968891, 2.250705)
(2.730549, -0.3413186, 0.7427437)
(0.3939687, 0.1534146, 0.5522926)
(-0.4854416, -2.081331, -2.906582)
(1.658486, -3.328178, -1.147493)
(-0.1684663, -0.2385364, -1.095776)
(-3.310081, -1.636898, -0.6168604)
(-1.481562, -2.059265, 0.4689838)
(-0.5173037, -0.7852185, -0.9163258)
(-5.060827, -3.184182, -3.466385)
(-0.7443352, -1.204814, 0.815825)
(0.05248846, 1.168439, -0.1620296)
(6.301788, 0.6330302, -3.792479)
(4.010769, -0.8582602, -0.4221863)
(0.3208126, 1.236302, -0.6181512)
(-0.408556, 0.3072899, -1.815804)
(-3.217811, -0.754715, 0.583877)
(-4.737887, 1.513229, -0.2438156)
(-5.064273, -0.9588735, -1.115134)
(-0.3426279, -1.584917, -0.7420102)
(1.026827, 2.907525, -2.630172)
(8.706614, -7.357657, 5.768741)
(-4.504197, 16.07287, -9.542864)
(-1.194687, 0.01087492, -0.116517)
(-8.238033, -3.806861, -4.951431)
(-3.20953, 0.4159311, -1.607981)
(1.543938, 0.6824872, 1.09198)
(3.952121, 0.6339046, -2.097363)
(3.054134, 0.1918263, -1.129404)
(-1.000341, -0.20866, 0.8714623)
(-2.791923, 0.9371037, -1.111599)
(-3.462113, 1.164803, -2.531993)
