(304.1349, 148.6255, 50.65326)
(302.7785, 146.5655, 52.45054)
(301.8333, 145.3863, 53.58426)
(301.8155, 145.1542, 54.01761)
(303.565, 145.4061, 53.99307)
(305.3324, 145.9201, 53.33601)
(306.3112, 146.7641, 52.66182)
(306.5369, 147.0894, 52.36969)
(305.9723, 146.6085, 52.73767)
(305.1174, 145.804, 53.4142)
(304.2485, 145.3757, 53.74351)
(303.993, 145.2802, 53.80273)
(304.1539, 145.6293, 53.39046)
(304.8933, 146.0076, 53.1226)
(305.5823, 145.8434, 53.30295)
(305.6083, 145.5582, 53.53966)
(305.3087, 145.3318, 53.75961)
(304.5562, 145.0715, 53.90062)
(304.2951, 145.178, 53.7665)
(304.6383, 145.461, 53.50336)
(305.2049, 145.6717, 53.35141)
(305.4998, 145.7617, 53.34974)
(305.4517, 145.5709, 53.52642)
(304.9322, 145.4414, 53.62717)
(304.7515, 145.3683, 53.68301)
(304.7588, 145.3833, 53.59811)
(304.9871, 145.7729, 53.27954)
(305.2774, 145.8974, 53.21092)
(305.347, 145.9534, 53.13474)
(305.2725, 145.9415, 53.23689)
(305.1822, 145.6979, 53.47258)
(304.8332, 145.6961, 53.46189)
(304.9195, 145.6955, 53.45991)
(305.061, 145.5883, 53.48692)
(305.2365, 145.8267, 53.30207)
(305.1972, 145.9268, 53.23677)
(305.1049, 145.6715, 53.47888)
(305.0311, 145.6264, 53.56491)
(305.0931, 145.5396, 53.64756)
