(-20.68602, 1.917124, 177.6879)
(-20.71896, 1.924372, 177.6835)
(-20.66373, 1.932311, 177.6339)
(-20.62415, 1.937795, 177.5899)
(-20.65425, 1.962566, 177.5755)
(-20.67812, 1.970363, 177.5935)
(-20.73906, 1.972413, 177.6506)
(-20.73889, 1.959538, 177.6844)
(-20.76488, 1.962757, 177.699)
(-20.77641, 1.969838, 177.7074)
(-20.77391, 1.977968, 177.6856)
(-20.781, 1.976919, 177.6809)
(-20.77627, 1.968837, 177.6864)
(-20.7849, 1.974392, 177.6854)
(-20.79542, 1.980162, 177.7011)
(-20.7931, 1.985025, 177.6921)
(-20.80382, 2.002883, 177.6728)
(-20.80486, 2.009511, 177.6867)
(-20.81523, 2.009749, 177.7042)
(-20.83141, 2.000284, 177.7468)
(-20.86043, 1.998687, 177.7812)
(-20.87232, 1.999831, 177.7846)
(-20.8792, 2.01447, 177.7532)
(-20.88033, 1.995254, 177.7296)
(-20.8634, 1.98772, 177.7154)
(-20.84622, 1.987433, 177.6881)
(-20.81246, 1.988959, 177.6667)
(-20.79556, 1.970816, 177.6394)
(-20.78931, 1.965451, 177.627)
(-20.79811, 1.966238, 177.6372)
(-20.83732, 1.966929, 177.6628)
(-20.8402, 1.943564, 177.6982)
(-20.83324, 1.971531, 177.719)
(-20.81915, 1.976109, 177.699)
(-20.79823, 1.971269, 177.6879)
(-20.77265, 1.989937, 177.6912)
(-20.76752, 1.990175, 177.6975)
(-20.76802, 1.9979, 177.6959)
(-20.79399, 1.970005, 177.6854)
(-20.79915, 1.962924, 177.6785)
(-20.78823, 1.94993, 177.6823)
(-20.80375, 1.946592, 177.6929)
(-20.81173, 1.942229, 177.7068)
(-20.83828, 1.955843, 177.7092)
(-20.81212, 1.971459, 177.718)
(-20.78282, 1.974225, 177.6928)
(-20.7773, 1.979041, 177.6736)
(-20.77999, 1.954603, 177.6556)
(-20.79804, 1.95086, 177.665)
