0.5440616
0.5210474
0.494063
0.4746017
0.4499916
0.4409989
0.451396
0.4110556
0.4138179
0.4098347
0.4020903
0.3900734
0.3764069
0.3681152
0.3556854
0.3480164
0.3278595
0.3111712
0.2978951
0.2870131
0.2846409
0.2444126
0.2249426
0.2122286
0.1978854
0.186002
0.172258
0.1718411
0.1542675
0.1312614
0.1190391
0.1120916
0.0948642
0.08618689
0.08869112
0.0611228
0.06260435
0.0565114
0.0458639
0.04151664
0.03710094
0.03225345
0.02654805
0.02246259
0.0157502
0.007433109
0.00786699
0.01103162
MSE 0.2288307
total_moving_Distance 0.8270326
height_from_ground 0.09244633
height_from_ground_error 0.0007042885
height_from_ground_error2 0.0007042885