(319.7433, 0.8907356, 22.3084)
(320.6218, 5.017634, 17.14245)
(320.6096, 12.51401, 9.129621)
(323.8975, 19.89512, 1.758692)
(328.2273, 26.25477, 358.0834)
(334.0718, 32.01211, 359.1109)
(326.7441, 31.49411, 359.1632)
(322.8379, 30.92995, 359.3647)
(320.1982, 29.48681, 0.07505739)
(319.7316, 28.75649, 359.4619)
(319.8151, 26.64615, 359.5444)
(319.9662, 24.83284, 359.8318)
(321.3454, 22.85875, 0.5372213)
(322.6376, 22.49115, 0.1635385)
(323.3541, 22.96953, 359.0812)
(323.7636, 23.26976, 358.3548)
(323.5222, 24.44654, 357.7578)
(322.8071, 25.96236, 357.4798)
(322.6756, 27.06279, 357.9201)
(323.1441, 28.12706, 358.7704)
(323.9957, 28.95465, 359.9145)
(324.3831, 29.5766, 1.026971)
(324.3732, 30.32652, 2.366812)
(324.3372, 31.18491, 3.232706)
(324.2573, 31.98212, 3.681676)
(324.0261, 32.58433, 3.781682)
(324.2334, 32.876, 3.905108)
(324.9081, 32.5983, 4.700381)
(326.3268, 30.0615, 7.54845)
(326.8632, 28.49014, 9.95979)
(326.713, 26.67621, 12.83651)
(325.7446, 24.96533, 15.36892)
(324.2477, 23.93003, 16.89519)
(322.9571, 23.40984, 17.88988)
(321.0863, 23.34977, 18.22985)
(320.4073, 22.14136, 19.42022)
(320.3719, 20.74079, 21.27056)
(319.682, 19.93812, 23.1421)
(318.6033, 19.26786, 24.50661)
(317.2815, 18.79594, 25.60495)
(316.1077, 18.14502, 26.7976)
(314.8456, 17.02938, 28.31765)
(313.409, 15.80135, 30.12783)
(311.3907, 14.81412, 31.63886)
(310.3184, 13.47844, 33.3461)
(309.1267, 12.25243, 34.71103)
(307.6812, 12.14312, 35.05399)
(306.5207, 13.97694, 33.53656)
