other
(0.139245, 1.503735, -0.485391)
(0.1393564, 1.50349, -0.4850482)
(0.1394749, 1.503368, -0.4847304)
(0.1395099, 1.503224, -0.4843544)
(0.1395798, 1.503098, -0.4839693)
(0.1397252, 1.502995, -0.4834961)
(0.1397269, 1.502788, -0.4830362)
(0.1397097, 1.502631, -0.4826056)
(0.1395817, 1.502364, -0.4822603)
(0.1395674, 1.502107, -0.4818729)
(0.1396205, 1.501857, -0.4815596)
(0.1397805, 1.50168, -0.4811417)
(0.1397467, 1.501484, -0.4806436)
(0.1397223, 1.501366, -0.4802293)
(0.1397133, 1.50114, -0.4797744)
(0.1397855, 1.50097, -0.479443)
(0.1399078, 1.500688, -0.4790591)
(0.1400237, 1.500512, -0.4787472)
(0.1401865, 1.500445, -0.4784838)
(0.1402941, 1.500344, -0.4781703)
(0.1403368, 1.500254, -0.4778298)
(0.1404204, 1.500216, -0.477564)
(0.1404526, 1.500155, -0.4773966)
(0.1405275, 1.500013, -0.477266)
(0.1402733, 1.49965, -0.4769267)
(0.1402528, 1.499512, -0.4767946)
(0.1401968, 1.499453, -0.4766103)
(0.140116, 1.499276, -0.4764353)
(0.1401651, 1.499136, -0.4762512)
(0.1403754, 1.499193, -0.4762532)
(0.1403608, 1.499091, -0.4761115)
(0.1403337, 1.499004, -0.4760157)
(0.1403947, 1.498926, -0.4759182)
(0.1403782, 1.498789, -0.4759971)
(0.1403546, 1.498731, -0.475948)
(0.1402934, 1.498621, -0.4759327)
(0.1402905, 1.498524, -0.4758891)
(0.140327, 1.498468, -0.4758965)
(0.1404128, 1.498474, -0.4759513)
(0.1403883, 1.498378, -0.4757293)
(0.1403859, 1.498306, -0.4757727)
(0.1401539, 1.49815, -0.4758331)
(0.1401086, 1.498109, -0.4758934)
(0.1400805, 1.498086, -0.4759442)
(0.1399229, 1.498013, -0.4760097)
(0.1398728, 1.497956, -0.4760572)
(0.1399066, 1.497896, -0.4761304)
(0.1400383, 1.497858, -0.4761549)
(0.1399994, 1.497751, -0.4762346)
(0.1400077, 1.497754, -0.4762937)
(0.1400077, 1.49773, -0.4764122)
(0.1399677, 1.497701, -0.4765655)
(0.1398673, 1.497681, -0.4766458)
(0.1398542, 1.497577, -0.4767731)
(0.139833, 1.497458, -0.476931)
(0.1396916, 1.497468, -0.4770125)
(0.1397543, 1.497401, -0.4772314)
(0.1396849, 1.497311, -0.4773391)
(0.1397686, 1.497159, -0.4775254)
(0.139643, 1.496959, -0.4775807)
(0.1395342, 1.49681, -0.4776403)
(0.1393847, 1.496611, -0.4777721)
(0.1392972, 1.496458, -0.4779173)
(0.1391294, 1.496269, -0.4780732)
(0.1390131, 1.496115, -0.478181)
(0.1388447, 1.495848, -0.4782449)
(0.1386635, 1.495598, -0.4782442)
(0.1384242, 1.495381, -0.4782432)
(0.1381855, 1.494995, -0.478207)
(0.137934, 1.494578, -0.478165)
(0.1377392, 1.494107, -0.4781324)
(0.1374073, 1.493495, -0.4780442)
(0.1371911, 1.492839, -0.4780806)
(0.1368985, 1.491971, -0.4779106)
(0.1365807, 1.490884, -0.4776813)
(0.1361954, 1.489674, -0.4773175)
(0.1358237, 1.488223, -0.4769446)
(0.1354351, 1.48667, -0.4765586)
(0.1350088, 1.484835, -0.4761974)
(0.1346085, 1.482797, -0.4757901)
(0.1340754, 1.480677, -0.475391)
(0.1334791, 1.478387, -0.4749531)
(0.1328607, 1.476517, -0.4746062)
(0.1322527, 1.474528, -0.4737827)
(0.1317196, 1.47272, -0.4728383)
(0.1310985, 1.470743, -0.4717225)
(0.1305363, 1.468631, -0.470692)
(0.1297014, 1.466154, -0.4695865)
(0.1291134, 1.464028, -0.468655)
(0.1287534, 1.462089, -0.467656)
(0.1282721, 1.460389, -0.466704)
(0.1277506, 1.45873, -0.4652656)
(0.1270988, 1.456848, -0.463684)
(0.1264219, 1.454548, -0.462231)
(0.1257913, 1.452061, -0.460673)
(0.1255105, 1.449876, -0.4589428)
(0.125237, 1.44834, -0.4569532)
(0.124933, 1.446876, -0.4548753)
(0.1248832, 1.446008, -0.4526838)
(0.1247175, 1.444998, -0.4504036)
(0.1246505, 1.444237, -0.4478101)
(0.1245985, 1.443493, -0.4451972)
(0.1249628, 1.443092, -0.4426476)
(0.1254253, 1.442795, -0.4399379)
(0.1259952, 1.442619, -0.4374365)
(0.1265829, 1.44275, -0.4348923)
(0.1270287, 1.443001, -0.4321901)
(0.1273649, 1.443166, -0.4292823)
(0.1278434, 1.443385, -0.4263598)
(0.1283293, 1.443619, -0.4230601)
(0.1286778, 1.4435, -0.4195491)
(0.1291833, 1.443326, -0.4159189)
(0.1295168, 1.443044, -0.4119159)
(0.1300256, 1.44247, -0.4083966)
(0.130549, 1.441639, -0.4048303)
(0.1310928, 1.440773, -0.4012202)
(0.1315002, 1.439363, -0.3975481)
(0.1320722, 1.4381, -0.3939065)
(0.1325326, 1.43672, -0.3903514)
(0.1330245, 1.435361, -0.3869442)
(0.133641, 1.433937, -0.383356)
(0.134181, 1.432578, -0.3795425)
(0.1348114, 1.431345, -0.3759962)
(0.1354361, 1.430019, -0.3723854)
(0.1360636, 1.428676, -0.3685552)
(0.1367016, 1.426936, -0.3644062)
(0.1374555, 1.42525, -0.3605698)
(0.1382732, 1.423578, -0.356373)
(0.1392381, 1.421907, -0.3524982)
(0.1404405, 1.420188, -0.348394)
(0.1417201, 1.418325, -0.3438851)
(0.1429794, 1.416479, -0.3397952)
(0.1443009, 1.414536, -0.3356003)
(0.145596, 1.412925, -0.331144)
(0.1470785, 1.411517, -0.3264724)
(0.1486907, 1.41026, -0.3215278)
(0.1506932, 1.409401, -0.3160042)
(0.1527305, 1.408672, -0.3103038)
(0.1549587, 1.408162, -0.3041767)
(0.1571634, 1.407754, -0.2973517)
(0.159142, 1.407694, -0.2909571)
(0.1611121, 1.408195, -0.2840854)
(0.1631117, 1.409153, -0.2771527)
(0.1650715, 1.410955, -0.2699333)
(0.1669011, 1.412439, -0.2628788)
(0.1686604, 1.414707, -0.2554978)
(0.1703413, 1.416304, -0.248669)
(0.1718435, 1.417997, -0.2423262)
(0.1731365, 1.41964, -0.2363476)
(0.1743741, 1.421226, -0.2305709)
(0.1752701, 1.422506, -0.2254979)
(0.1760714, 1.42376, -0.2198142)
(0.1766272, 1.42485, -0.2139129)
(0.1771774, 1.426008, -0.2081033)
(0.1773958, 1.427195, -0.2027155)
(0.1777716, 1.428316, -0.1978203)
(0.178205, 1.429193, -0.1934267)
(0.1787019, 1.429883, -0.1890189)
(0.1790829, 1.430402, -0.1843735)
(0.1794891, 1.430816, -0.1802658)
(0.1797597, 1.431473, -0.1760303)
(0.180198, 1.43215, -0.1721536)
(0.1805699, 1.432896, -0.1683129)
(0.1808286, 1.433765, -0.164461)
(0.1809139, 1.434606, -0.1603683)
(0.1810551, 1.435488, -0.1559752)
(0.1812277, 1.436255, -0.1512441)
(0.1815257, 1.436862, -0.146001)
(0.1817589, 1.437227, -0.1413361)
(0.1818507, 1.43758, -0.1367449)
(0.1820588, 1.437755, -0.1323358)
(0.1823306, 1.437901, -0.1279501)
(0.18257, 1.4378, -0.1235768)
(0.1827013, 1.43743, -0.1191152)
(0.1830473, 1.436775, -0.1147906)
(0.1832502, 1.436058, -0.1103937)
(0.1835854, 1.434982, -0.1059257)
(0.1837966, 1.433989, -0.1021372)
(0.1836631, 1.433357, -0.09816636)
(0.1834674, 1.432693, -0.09429897)
(0.1834455, 1.432441, -0.09031285)
(0.1829891, 1.432538, -0.08582248)
(0.1826847, 1.432476, -0.08119716)
(0.1820953, 1.432197, -0.07629313)
(0.1814566, 1.431386, -0.07091703)
(0.1806402, 1.430369, -0.06613649)
(0.1796279, 1.429357, -0.06191243)
(0.1785998, 1.428461, -0.05757059)
(0.17767, 1.427512, -0.05354513)
(0.1765554, 1.426435, -0.04942693)
(0.1752009, 1.425178, -0.04480447)
(0.1738198, 1.42372, -0.03987969)
(0.1722982, 1.422222, -0.03507723)
(0.1707077, 1.420847, -0.03007306)
(0.1690915, 1.419396, -0.02487935)
(0.1674047, 1.418105, -0.02028526)
(0.1657255, 1.417354, -0.01534547)
(0.1641035, 1.41751, -0.01027502)
(0.1625926, 1.418379, -0.005270376)
(0.1608846, 1.420602, 3.253017E-05)
(0.1593306, 1.422587, 0.005430088)
(0.1574841, 1.424007, 0.01095353)
(0.1558414, 1.424948, 0.01629935)
(0.1542892, 1.42496, 0.02232133)
(0.1533089, 1.424919, 0.02697931)
(0.1520429, 1.425307, 0.03110228)
(0.1509781, 1.4262, 0.03434645)
(0.1500032, 1.427486, 0.03707801)
(0.1487484, 1.429152, 0.03938805)
(0.1473186, 1.430548, 0.04211508)
(0.1461849, 1.431883, 0.04493938)
(0.1451011, 1.43278, 0.04832493)
(0.1444225, 1.433389, 0.05199848)
(0.144007, 1.433808, 0.05545221)
(0.1432381, 1.434642, 0.05882274)
(0.1427202, 1.435605, 0.0615872)
(0.1421499, 1.436579, 0.06433521)
(0.1414993, 1.437345, 0.06686674)
(0.1408143, 1.437657, 0.06962262)
(0.1403286, 1.437858, 0.07222782)
(0.139729, 1.437671, 0.07464467)
(0.1392698, 1.437358, 0.07689486)
(0.1387305, 1.436814, 0.07883058)
(0.1380053, 1.436447, 0.08099256)
(0.1374516, 1.43603, 0.08287488)
(0.1368623, 1.435743, 0.08469497)
(0.136173, 1.435378, 0.08647905)
(0.1356051, 1.434969, 0.08820902)
(0.1350079, 1.434523, 0.08984505)
(0.1345007, 1.434073, 0.09156452)
(0.134038, 1.433891, 0.09321748)
(0.1335297, 1.433746, 0.09476386)
(0.1328688, 1.433628, 0.09637867)
(0.1323485, 1.433589, 0.09781776)
(0.1319101, 1.433665, 0.09915577)
(0.1313558, 1.43378, 0.1006373)
(0.1309876, 1.433716, 0.1021226)
(0.1307092, 1.433596, 0.1035594)
(0.1303992, 1.433257, 0.104859)
(0.1304617, 1.433124, 0.1058465)
(0.1303928, 1.43311, 0.1064643)
(0.1303163, 1.433316, 0.1073853)
(0.1305747, 1.433893, 0.1081444)
(0.130831, 1.434434, 0.1090563)
(0.1310928, 1.434968, 0.1102577)
(0.131542, 1.435252, 0.1114946)
(0.1322393, 1.435582, 0.112558)
(0.1330245, 1.43591, 0.1132704)
(0.1337953, 1.436678, 0.1137854)
(0.1345303, 1.438201, 0.1139296)
(0.1352341, 1.440153, 0.1142131)
(0.1360321, 1.442772, 0.1144966)
(0.1368778, 1.445071, 0.1150051)
(0.1377974, 1.44737, 0.1159457)
(0.1388044, 1.44939, 0.1169182)
(0.1399662, 1.451508, 0.11788)
(0.1408646, 1.453539, 0.1184534)
(0.1419101, 1.455394, 0.1184593)
(0.1427317, 1.457014, 0.118286)
(0.1434329, 1.458448, 0.1179973)
(0.1443007, 1.459738, 0.1173388)
(0.1450477, 1.461037, 0.1170796)
(0.1459663, 1.46197, 0.1167339)
(0.1467683, 1.463, 0.1166671)
(0.1475432, 1.463916, 0.1169501)
(0.1485255, 1.465253, 0.1171802)
(0.1496654, 1.466833, 0.1172498)
(0.1507053, 1.468567, 0.1172641)
(0.151706, 1.470328, 0.1171137)
(0.1528547, 1.472216, 0.1165598)
(0.1539645, 1.473965, 0.1159938)
(0.1548786, 1.475451, 0.115331)
(0.1558857, 1.477024, 0.1146751)
(0.1568294, 1.478618, 0.1139649)
(0.1576767, 1.480111, 0.1130873)
(0.1586177, 1.481848, 0.1121687)
(0.159405, 1.48347, 0.1113523)
(0.1602213, 1.484894, 0.1107098)
(0.1609387, 1.486323, 0.1101903)
(0.1616576, 1.487627, 0.1097749)
(0.1623139, 1.488914, 0.1093877)
(0.1629934, 1.490037, 0.1091384)
(0.1638098, 1.491129, 0.1088017)
(0.1646471, 1.492031, 0.1081122)
(0.1655698, 1.492907, 0.1072005)
(0.1663525, 1.493681, 0.1064638)
(0.1670091, 1.494399, 0.1055344)
(0.1677728, 1.495265, 0.104601)
(0.1684971, 1.496072, 0.1038188)
(0.1692348, 1.496836, 0.1028761)
(0.1699419, 1.497758, 0.1019915)
(0.1705616, 1.498702, 0.101245)
(0.1712556, 1.499635, 0.1003257)
(0.1718268, 1.500572, 0.09966885)
(0.17237, 1.501538, 0.09910546)
(0.1728151, 1.502465, 0.09848796)
(0.1733813, 1.50335, 0.09782396)
(0.1738267, 1.504082, 0.09709392)
(0.1743307, 1.504718, 0.09626828)
(0.1749341, 1.50537, 0.09537373)
(0.1753976, 1.505983, 0.09451233)
(0.1759632, 1.50647, 0.09353362)
(0.1765423, 1.507075, 0.0925325)
(0.1770601, 1.507577, 0.09179078)
(0.177532, 1.507995, 0.09091149)
(0.1780829, 1.508545, 0.08993064)
(0.1784871, 1.508942, 0.0890175)
(0.1790943, 1.509151, 0.08804213)
(0.1797972, 1.509681, 0.08696972)
(0.180289, 1.510065, 0.08615671)
####
(0.1278343, 0.03304623, 0.05312155)
(0.1296939, 0.03313246, 0.05272125)
(0.1319728, 0.03276019, 0.05214638)
(0.1339454, 0.03261525, 0.05181821)
(0.135074, 0.03258235, 0.05162379)
(0.1361119, 0.03250929, 0.05077818)
(0.1371898, 0.03235771, 0.04999541)
(0.1388853, 0.0326254, 0.049197)
(0.1413626, 0.03264, 0.04842605)
(0.1441169, 0.03281808, 0.04836882)
(0.1467817, 0.03325787, 0.04837998)
(0.1488326, 0.03307265, 0.04817173)
(0.1504615, 0.03333463, 0.04771644)
(0.151852, 0.03358709, 0.04740408)
(0.1530695, 0.03369204, 0.04725784)
(0.1549927, 0.03387306, 0.0470318)
(0.1572615, 0.03406436, 0.04719185)
(0.1598416, 0.03425964, 0.04735554)
(0.1618069, 0.03452789, 0.04729929)
(0.162898, 0.03467628, 0.0472232)
(0.1625775, 0.0350727, 0.04691112)
(0.1633076, 0.03530775, 0.04659466)
(0.1638057, 0.03554646, 0.04632845)
(0.1650665, 0.03576978, 0.04580247)
(0.1660412, 0.03606365, 0.0452879)
(0.167323, 0.0366878, 0.0451497)
(0.1684229, 0.0368014, 0.04514804)
(0.1698927, 0.03708075, 0.04484352)
(0.1709981, 0.03744148, 0.04467649)
(0.1716027, 0.03733953, 0.04463156)
(0.1721001, 0.03748799, 0.04436634)
(0.1725473, 0.03758893, 0.04430722)
(0.173763, 0.03789338, 0.043909)
(0.1749952, 0.03791647, 0.04360678)
(0.176432, 0.03777548, 0.04362075)
(0.1773584, 0.0382385, 0.04384205)
(0.178045, 0.03834073, 0.04381478)
(0.1786515, 0.03826525, 0.04393336)
(0.1789878, 0.03825076, 0.04370648)
(0.1794846, 0.03848242, 0.04360346)
(0.1803001, 0.03860879, 0.04344801)
(0.1811611, 0.03874407, 0.04345257)
(0.1822546, 0.03853536, 0.04308007)
(0.182634, 0.03820005, 0.04277277)
(0.1827032, 0.03856805, 0.04271464)
(0.1827245, 0.03830637, 0.04228861)
(0.1830789, 0.03826291, 0.04242472)
(0.1835143, 0.03863815, 0.04275912)
(0.1834905, 0.03908151, 0.04261732)
(0.1842874, 0.03956415, 0.04186516)
(0.1849034, 0.0398997, 0.04082451)
(0.1856349, 0.04039174, 0.04009232)
(0.1861969, 0.0412531, 0.04003692)
(0.1870533, 0.04181725, 0.04025061)
(0.188379, 0.04263807, 0.04069607)
(0.1895649, 0.04341353, 0.04106206)
(0.1903628, 0.04436033, 0.04127838)
(0.1910902, 0.04559448, 0.04175598)
(0.1916725, 0.04628697, 0.0412305)
(0.1924154, 0.04663073, 0.04128304)
(0.1934996, 0.0473348, 0.04107725)
(0.1947124, 0.04789553, 0.04118698)
(0.1964127, 0.04820359, 0.04102705)
(0.1981236, 0.04889574, 0.04064849)
(0.1996691, 0.04956774, 0.04069494)
(0.201531, 0.0499304, 0.04030579)
(0.2034822, 0.05046213, 0.0398611)
(0.2059043, 0.05110382, 0.03982547)
(0.2083905, 0.05189037, 0.03919683)
(0.2118583, 0.05294256, 0.03838498)
(0.2153381, 0.05384726, 0.03782828)
(0.2202335, 0.05457737, 0.03695831)
(0.2252849, 0.05571985, 0.03633549)
(0.2326496, 0.05704697, 0.03581018)
(0.2416925, 0.05867834, 0.0350977)
(0.2510132, 0.06003487, 0.03436636)
(0.2627464, 0.06189266, 0.03384314)
(0.2749964, 0.06362335, 0.03285208)
(0.2903625, 0.06599128, 0.03205759)
(0.307174, 0.06852956, 0.03151607)
(0.3250014, 0.07110388, 0.0312764)
(0.3444406, 0.07424842, 0.03125947)
(0.3634651, 0.07765079, 0.03159361)
(0.3801909, 0.08107653, 0.03184317)
(0.3920974, 0.0841189, 0.03220303)
(0.4029251, 0.08680435, 0.03280962)
(0.4158391, 0.08961008, 0.03328119)
(0.4320309, 0.09290556, 0.03389634)
(0.4498569, 0.09660455, 0.03521429)
(0.468787, 0.1005087, 0.0360125)
(0.4840637, 0.1044044, 0.03599367)
(0.4939482, 0.107433, 0.03339443)
(0.5018528, 0.1093873, 0.03050794)
(0.5079162, 0.1109557, 0.0265889)
(0.5113515, 0.1124278, 0.02366231)
(0.5182769, 0.1139248, 0.02276053)
(0.5267893, 0.1156538, 0.02297459)
(0.5353004, 0.1185526, 0.02346443)
(0.5475253, 0.1213201, 0.02530684)
(0.5566176, 0.1229046, 0.02698988)
(0.562192, 0.123313, 0.02907686)
(0.569489, 0.1234136, 0.03272318)
(0.5768555, 0.1218288, 0.03745848)
(0.5863911, 0.1203726, 0.0434048)
(0.5953352, 0.118608, 0.04835932)
(0.6042315, 0.1160705, 0.05227176)
(0.6126338, 0.1143868, 0.05434724)
(0.6200225, 0.1125711, 0.05460214)
(0.6253728, 0.1113332, 0.05428115)
(0.6268995, 0.1109779, 0.0526453)
(0.627029, 0.1111724, 0.05123885)
(0.6250297, 0.1120045, 0.0487683)
(0.6242366, 0.1132339, 0.04696222)
(0.6245441, 0.1148314, 0.04611405)
(0.6257885, 0.117388, 0.04614646)
(0.6277819, 0.1197986, 0.046646)
(0.6303303, 0.1230253, 0.0482918)
(0.6338011, 0.1257033, 0.0493872)
(0.6384957, 0.1285631, 0.05132261)
(0.6440377, 0.1306451, 0.05284379)
(0.6504326, 0.1322236, 0.05461067)
(0.6567779, 0.1330947, 0.05669839)
(0.6612158, 0.1335537, 0.05864555)
(0.6636909, 0.13348, 0.06014132)
(0.6647928, 0.1331365, 0.06152216)
(0.6629744, 0.1317324, 0.06197022)
(0.6608742, 0.1295726, 0.06185937)
(0.6591648, 0.1268168, 0.06201625)
(0.6590651, 0.1245725, 0.06206517)
(0.6604074, 0.1216733, 0.06197419)
(0.6616569, 0.1181423, 0.06061427)
(0.6622776, 0.1150606, 0.05888303)
(0.6622347, 0.1119766, 0.05642628)
(0.6624292, 0.1088685, 0.05419278)
(0.6616426, 0.1050935, 0.05245156)
(0.6595086, 0.1006712, 0.05167415)
(0.6552029, 0.09523091, 0.05159326)
(0.6505758, 0.08977001, 0.05201323)
(0.6445535, 0.0835047, 0.05136766)
(0.6369796, 0.07695107, 0.0498753)
(0.6304741, 0.07053592, 0.04875044)
(0.6240588, 0.06311747, 0.04686083)
(0.6205472, 0.05533781, 0.04477755)
(0.6213315, 0.04732664, 0.04270257)
(0.6223938, 0.04058723, 0.04036107)
(0.6266197, 0.03650548, 0.03713883)
(0.6288248, 0.03258273, 0.03397966)
(0.6327131, 0.02965108, 0.03166601)
(0.6371806, 0.025892, 0.03187986)
(0.6409176, 0.02079093, 0.0345155)
(0.6414995, 0.01487142, 0.03900795)
(0.637915, 0.007646523, 0.04093445)
(0.6288041, 0.001153265, 0.03904901)
(0.6224129, 6.280762, 0.03565553)
(0.6222385, 6.279291, 0.03191959)
(0.6266133, 6.278328, 0.03054932)
(0.633335, 6.277739, 0.03150077)
(0.6389917, 6.275919, 0.03274673)
(0.6449626, 6.272799, 0.03397917)
(0.6492028, 6.270382, 0.03527984)
(0.6545978, 6.268206, 0.03594151)
(0.6619712, 6.266737, 0.03714454)
(0.6697186, 6.264629, 0.03620001)
(0.6782117, 6.263003, 0.03301217)
(0.6828243, 6.261266, 0.02977628)
(0.6820407, 6.259142, 0.02649834)
(0.6777308, 6.256972, 0.02411158)
(0.6694148, 6.25473, 0.02234706)
(0.6627703, 6.253731, 0.02059625)
(0.6595496, 6.253005, 0.01918173)
(0.6589804, 6.253973, 0.01907392)
(0.6595612, 6.255249, 0.01950087)
(0.6608997, 6.257246, 0.02062115)
(0.6617082, 6.259262, 0.02310764)
(0.6618562, 6.261988, 0.02597366)
(0.6621239, 6.264773, 0.02868148)
(0.6632104, 6.26831, 0.03172987)
(0.6662638, 6.271675, 0.03396164)
(0.6702577, 6.27458, 0.03538003)
(0.6760532, 6.277653, 0.03672525)
(0.6805823, 6.279998, 0.0370407)
(0.6826651, 0.0003819531, 0.0377696)
(0.680544, 0.003375784, 0.03723394)
(0.6729827, 0.007549576, 0.03677813)
(0.663089, 0.01103675, 0.03522776)
(0.6561998, 0.0152713, 0.03425753)
(0.653006, 0.02087023, 0.03391948)
(0.6535579, 0.02704502, 0.03454408)
(0.6568073, 0.03508973, 0.03633986)
(0.6584828, 0.04276712, 0.03775522)
(0.6580708, 0.05154748, 0.03910572)
(0.6558238, 0.0604216, 0.04042027)
(0.6521812, 0.0705863, 0.04226996)
(0.6491093, 0.08034302, 0.04448349)
(0.6453053, 0.09110946, 0.04750888)
(0.6430649, 0.09946407, 0.04999342)
(0.6443239, 0.107562, 0.05237142)
(0.6508323, 0.1164771, 0.05538001)
(0.6616027, 0.1271951, 0.05834319)
(0.6806815, 0.1407289, 0.06064708)
(0.6940759, 0.1524144, 0.06083483)
(0.6990661, 0.1624055, 0.05881266)
(0.6937974, 0.1669258, 0.05460395)
(0.6746189, 0.1651115, 0.05002551)
(0.6573432, 0.1628208, 0.05032536)
(0.6539465, 0.1647945, 0.05379411)
(0.6631431, 0.1675742, 0.05945554)
(0.6785044, 0.1723709, 0.06412015)
(0.7009038, 0.1771028, 0.06770543)
(0.7176931, 0.1808252, 0.06869697)
(0.7267566, 0.1832971, 0.06892825)
(0.725615, 0.1835832, 0.07033104)
(0.7146828, 0.1816336, 0.07354806)
(0.7019936, 0.1789466, 0.07799594)
(0.6971158, 0.177789, 0.08185134)
(0.6971333, 0.1770473, 0.08424988)
(0.7001859, 0.1763576, 0.08380231)
(0.7038022, 0.1758836, 0.08225361)
(0.7055382, 0.1752106, 0.08063514)
(0.7058423, 0.1757488, 0.07837811)
(0.7049079, 0.1769982, 0.07665223)
(0.7036695, 0.1786907, 0.07565999)
(0.7028416, 0.17929, 0.07495656)
(0.7036743, 0.179925, 0.07559144)
(0.706721, 0.1800551, 0.0769048)
(0.711031, 0.1809073, 0.07830402)
(0.7164142, 0.1823147, 0.08116715)
(0.7207932, 0.1843261, 0.08428612)
(0.7243805, 0.186057, 0.0877137)
(0.7263104, 0.1868196, 0.0899705)
(0.726954, 0.1867445, 0.0917146)
(0.726511, 0.1854051, 0.09262881)
(0.7267635, 0.1846565, 0.09362771)
(0.7270695, 0.183534, 0.09470201)
(0.7275332, 0.1835142, 0.09609284)
(0.7264658, 0.1825227, 0.09721358)
(0.7237837, 0.1806916, 0.09742149)
(0.7183736, 0.1779968, 0.09741922)
(0.7120364, 0.1744294, 0.09653203)
(0.7071372, 0.1709962, 0.0968914)
(0.7044681, 0.1671244, 0.09801319)
(0.7035667, 0.1638832, 0.09900037)
(0.7029849, 0.1607564, 0.09988312)
(0.6992888, 0.1564264, 0.09967569)
(0.690798, 0.1507538, 0.09809411)
(0.6798348, 0.1442836, 0.09680448)
(0.6650276, 0.1361797, 0.09548642)
(0.6523517, 0.1284971, 0.09461971)
(0.6444046, 0.1216913, 0.09469506)
(0.641517, 0.1155745, 0.09522036)
(0.6425693, 0.110942, 0.09569539)
(0.6447857, 0.1064746, 0.09500609)
(0.6398073, 0.1015931, 0.0933885)
(0.6272784, 0.0958254, 0.09012083)
(0.6103501, 0.09043399, 0.08731551)
(0.5893228, 0.08465203, 0.08405536)
(0.5724787, 0.08034231, 0.0811714)
(0.5583097, 0.07695165, 0.07758597)
(0.545705, 0.07509492, 0.07238486)
(0.5338411, 0.07394492, 0.06740263)
(0.5220425, 0.07304221, 0.06216035)
(0.5098755, 0.07176678, 0.05962923)
(0.4951912, 0.07121116, 0.05975153)
(0.4789606, 0.06960174, 0.06118139)
(0.4611182, 0.06783788, 0.06365747)
(0.4419208, 0.06540456, 0.06665196)
(0.4273887, 0.06384625, 0.06892535)
(0.4170973, 0.06270244, 0.07194223)
(0.4092623, 0.06165906, 0.07527895)
(0.4033495, 0.06032638, 0.07941617)
(0.3954558, 0.05796404, 0.083372)
(0.3860918, 0.05429151, 0.0860013)
(0.375782, 0.05018705, 0.08710251)
(0.3649625, 0.04583839, 0.08645689)
(0.3547153, 0.04235497, 0.08479888)
(0.3441552, 0.03932413, 0.08252692)
(0.3338876, 0.03732188, 0.07917724)
(0.3223975, 0.03533197, 0.07597385)
(0.3106397, 0.03366242, 0.07191185)
(0.2977584, 0.03200223, 0.06861655)
(0.2856144, 0.03001072, 0.06612106)
(0.2729146, 0.02854685, 0.06479824)
(0.2618225, 0.02687366, 0.06483947)
(0.2525922, 0.02555976, 0.06565144)
(0.24681, 0.02449818, 0.06645096)
(0.2422598, 0.02317388, 0.06772615)
(0.239071, 0.02180204, 0.06929415)
(0.2345011, 0.02058772, 0.07064316)
(0.2295998, 0.01879924, 0.07092798)
(0.2238911, 0.01741778, 0.07035994)
(0.2173249, 0.01591709, 0.06867503)
(0.2105313, 0.01455622, 0.06721511)
(0.2019441, 0.0128957, 0.06562449)
(0.1929059, 0.01110808, 0.06392033)
(0.1843373, 0.009553589, 0.06231765)
(0.1756167, 0.007939827, 0.06014512)
(0.1672171, 0.006394089, 0.05833551)
(0.1600761, 0.005037146, 0.0567688)
(0.1539648, 0.003825536, 0.05574521)
(0.1488069, 0.002973114, 0.05503661)
(0.1445161, 0.002313012, 0.05471126)
(0.1410047, 0.001635401, 0.05419062)
(0.1363479, 0.0008009005, 0.05366576)
(0.1319708, -1.820665E-05, 0.05321221)
(0.1281822, 6.282883, 0.05239213)
(0.1244391, 6.282265, 0.05157087)
(0.1214086, 6.282353, 0.05046009)
(0.1178527, 6.282068, 0.04916545)
(0.1152204, 6.282077, 0.04832529)
(0.112078, 6.28192, 0.04747251)
other
(0.139245, 1.623735, -0.485391)
(0.1393564, 1.62349, -0.4850482)
(0.1394749, 1.623368, -0.4847304)
(0.1395099, 1.623224, -0.4843544)
(0.1395798, 1.623098, -0.4839693)
(0.1397252, 1.622995, -0.4834961)
(0.1397269, 1.622788, -0.4830362)
(0.1397097, 1.622631, -0.4826056)
(0.1395817, 1.622364, -0.4822603)
(0.1395674, 1.622107, -0.4818729)
(0.1396205, 1.621857, -0.4815596)
(0.1397805, 1.62168, -0.4811417)
(0.1397467, 1.621484, -0.4806436)
(0.1397223, 1.621366, -0.4802293)
(0.1397133, 1.62114, -0.4797744)
(0.1397855, 1.62097, -0.479443)
(0.1399078, 1.620688, -0.4790591)
(0.1400237, 1.620512, -0.4787472)
(0.1401865, 1.620445, -0.4784838)
(0.1402941, 1.620344, -0.4781703)
(0.1403368, 1.620254, -0.4778298)
(0.1404204, 1.620216, -0.477564)
(0.1404526, 1.620155, -0.4773966)
(0.1405275, 1.620013, -0.477266)
(0.1402733, 1.61965, -0.4769267)
(0.1402528, 1.619512, -0.4767946)
(0.1401968, 1.619453, -0.4766103)
(0.140116, 1.619276, -0.4764353)
(0.1401651, 1.619136, -0.4762512)
(0.1403754, 1.619193, -0.4762532)
(0.1403608, 1.619091, -0.4761115)
(0.1403337, 1.619004, -0.4760157)
(0.1403947, 1.618926, -0.4759182)
(0.1403782, 1.618789, -0.4759971)
(0.1403546, 1.618731, -0.475948)
(0.1402934, 1.618621, -0.4759327)
(0.1402905, 1.618524, -0.4758891)
(0.140327, 1.618468, -0.4758965)
(0.1404128, 1.618474, -0.4759513)
(0.1403883, 1.618378, -0.4757293)
(0.1403859, 1.618306, -0.4757727)
(0.1401539, 1.61815, -0.4758331)
(0.1401086, 1.618109, -0.4758934)
(0.1400805, 1.618086, -0.4759442)
(0.1399229, 1.618013, -0.4760097)
(0.1398728, 1.617956, -0.4760572)
(0.1399066, 1.617896, -0.4761304)
(0.1400383, 1.617858, -0.4761549)
(0.1399994, 1.617751, -0.4762346)
(0.1400077, 1.617754, -0.4762937)
(0.1400077, 1.61773, -0.4764122)
(0.1399677, 1.617701, -0.4765655)
(0.1398673, 1.617681, -0.4766458)
(0.1398542, 1.617577, -0.4767731)
(0.139833, 1.617458, -0.476931)
(0.1396916, 1.617468, -0.4770125)
(0.1397543, 1.617401, -0.4772314)
(0.1396849, 1.617311, -0.4773391)
(0.1397686, 1.617159, -0.4775254)
(0.139643, 1.616959, -0.4775807)
(0.1395342, 1.61681, -0.4776403)
(0.1393847, 1.616611, -0.4777721)
(0.1392972, 1.616458, -0.4779173)
(0.1391294, 1.616269, -0.4780732)
(0.1390131, 1.616115, -0.478181)
(0.1388447, 1.615848, -0.4782449)
(0.1386635, 1.615598, -0.4782442)
(0.1384242, 1.615381, -0.4782432)
(0.1381855, 1.614995, -0.478207)
(0.137934, 1.614578, -0.478165)
(0.1377392, 1.614107, -0.4781324)
(0.1374073, 1.613495, -0.4780442)
(0.1371911, 1.612839, -0.4780806)
(0.1368985, 1.611971, -0.4779106)
(0.1365807, 1.610884, -0.4776813)
(0.1361954, 1.609674, -0.4773175)
(0.1358237, 1.608223, -0.4769446)
(0.1354351, 1.60667, -0.4765586)
(0.1350088, 1.604835, -0.4761974)
(0.1346085, 1.602797, -0.4757901)
(0.1340754, 1.600677, -0.475391)
(0.1334791, 1.598387, -0.4749531)
(0.1328607, 1.596517, -0.4746062)
(0.1322527, 1.594528, -0.4737827)
(0.1317196, 1.59272, -0.4728383)
(0.1310985, 1.590743, -0.4717225)
(0.1305363, 1.588631, -0.470692)
(0.1297014, 1.586154, -0.4695865)
(0.1291134, 1.584028, -0.468655)
(0.1287534, 1.582089, -0.467656)
(0.1282721, 1.580389, -0.466704)
(0.1277506, 1.57873, -0.4652656)
(0.1270988, 1.576848, -0.463684)
(0.1264219, 1.574548, -0.462231)
(0.1257913, 1.572061, -0.460673)
(0.1255105, 1.569876, -0.4589428)
(0.125237, 1.56834, -0.4569532)
(0.124933, 1.566876, -0.4548753)
(0.1248832, 1.566008, -0.4526838)
(0.1247175, 1.564998, -0.4504036)
(0.1246505, 1.564237, -0.4478101)
(0.1245985, 1.563493, -0.4451972)
(0.1249628, 1.563092, -0.4426476)
(0.1254253, 1.562795, -0.4399379)
(0.1259952, 1.562619, -0.4374365)
(0.1265829, 1.56275, -0.4348923)
(0.1270287, 1.563001, -0.4321901)
(0.1273649, 1.563166, -0.4292823)
(0.1278434, 1.563385, -0.4263598)
(0.1283293, 1.563619, -0.4230601)
(0.1286778, 1.5635, -0.4195491)
(0.1291833, 1.563326, -0.4159189)
(0.1295168, 1.563044, -0.4119159)
(0.1300256, 1.56247, -0.4083966)
(0.130549, 1.561639, -0.4048303)
(0.1310928, 1.560773, -0.4012202)
(0.1315002, 1.559363, -0.3975481)
(0.1320722, 1.5581, -0.3939065)
(0.1325326, 1.55672, -0.3903514)
(0.1330245, 1.555361, -0.3869442)
(0.133641, 1.553937, -0.383356)
(0.134181, 1.552578, -0.3795425)
(0.1348114, 1.551345, -0.3759962)
(0.1354361, 1.550019, -0.3723854)
(0.1360636, 1.548676, -0.3685552)
(0.1367016, 1.546936, -0.3644062)
(0.1374555, 1.54525, -0.3605698)
(0.1382732, 1.543578, -0.356373)
(0.1392381, 1.541907, -0.3524982)
(0.1404405, 1.540188, -0.348394)
(0.1417201, 1.538325, -0.3438851)
(0.1429794, 1.536479, -0.3397952)
(0.1443009, 1.534536, -0.3356003)
(0.145596, 1.532925, -0.331144)
(0.1470785, 1.531517, -0.3264724)
(0.1486907, 1.53026, -0.3215278)
(0.1506932, 1.529401, -0.3160042)
(0.1527305, 1.528672, -0.3103038)
(0.1549587, 1.528162, -0.3041767)
(0.1571634, 1.527404, -0.2973517)
(0.159142, 1.526972, -0.2909571)
(0.1611121, 1.527223, -0.2840854)
(0.1631117, 1.527923, -0.2771527)
(0.1650715, 1.52895, -0.2699333)
(0.1669011, 1.528915, -0.2628788)
(0.1686604, 1.533662, -0.2554978)
(0.1703413, 1.539569, -0.248669)
(0.1718435, 1.545571, -0.2423262)
(0.1731365, 1.551523, -0.2363476)
(0.1743741, 1.557417, -0.2305709)
(0.1752701, 1.563244, -0.2254979)
(0.1760714, 1.569431, -0.2198142)
(0.1766272, 1.57581, -0.2139129)
(0.1771774, 1.582564, -0.2081033)
(0.1773958, 1.589598, -0.2027155)
(0.1777716, 1.596755, -0.1978203)
(0.178205, 1.603782, -0.1934267)
(0.1787019, 1.610661, -0.1890189)
(0.1790829, 1.61733, -0.1843735)
(0.1794891, 1.623779, -0.1802658)
(0.1797597, 1.630283, -0.1760303)
(0.180198, 1.636556, -0.1721536)
(0.1805699, 1.642589, -0.1683129)
(0.1808286, 1.648392, -0.164461)
(0.1809139, 1.653779, -0.1603683)
(0.1810551, 1.658798, -0.1559752)
(0.1812277, 1.663281, -0.1512441)
(0.1815257, 1.667186, -0.146001)
(0.1817589, 1.67044, -0.1413361)
(0.1818507, 1.673293, -0.1367449)
(0.1820588, 1.675604, -0.1323358)
(0.1823306, 1.677552, -0.1279501)
(0.18257, 1.678952, -0.1235768)
(0.1827013, 1.679816, -0.1191152)
(0.1830473, 1.680165, -0.1147906)
(0.1832502, 1.680253, -0.1103937)
(0.1835854, 1.679815, -0.1059257)
(0.1837966, 1.678989, -0.1021372)
(0.1836631, 1.678357, -0.09816636)
(0.1834674, 1.677693, -0.09429897)
(0.1834455, 1.677441, -0.09031285)
(0.1829891, 1.677538, -0.08582248)
(0.1826847, 1.677476, -0.08119716)
(0.1820953, 1.677197, -0.07629313)
(0.1814566, 1.676386, -0.07091703)
(0.1806402, 1.675369, -0.06613649)
(0.1796279, 1.674357, -0.06191243)
(0.1785998, 1.673461, -0.05757059)
(0.17767, 1.672512, -0.05354513)
(0.1765554, 1.671435, -0.04942693)
(0.1752009, 1.670178, -0.04480447)
(0.1738198, 1.66872, -0.03987969)
(0.1722982, 1.667222, -0.03507723)
(0.1707077, 1.665847, -0.03007306)
(0.1690915, 1.664396, -0.02487935)
(0.1674047, 1.663105, -0.02028526)
(0.1657255, 1.660694, -0.01534547)
(0.1641035, 1.66162, -0.01027502)
(0.1625926, 1.665929, -0.005270376)
(0.1608846, 1.672461, 3.253017E-05)
(0.1593306, 1.678755, 0.005430088)
(0.1574841, 1.684484, 0.01095353)
(0.1558414, 1.68999, 0.01629935)
(0.1542892, 1.69495, 0.02232133)
(0.1533089, 1.700208, 0.02697931)
(0.1520429, 1.7062, 0.03110228)
(0.1509781, 1.712944, 0.03434645)
(0.1500032, 1.720267, 0.03707801)
(0.1487484, 1.728085, 0.03938805)
(0.1473186, 1.735669, 0.04211508)
(0.1461849, 1.743155, 0.04493938)
(0.1451011, 1.750088, 0.04832493)
(0.1444225, 1.75655, 0.05199848)
(0.144007, 1.762571, 0.05545221)
(0.1432381, 1.768705, 0.05882274)
(0.1427202, 1.774616, 0.0615872)
(0.1421499, 1.780154, 0.06433521)
(0.1414993, 1.785078, 0.06686674)
(0.1408143, 1.789131, 0.06962262)
(0.1403286, 1.792657, 0.07222782)
(0.139729, 1.795388, 0.07464467)
(0.1392698, 1.797604, 0.07689486)
(0.1387305, 1.799225, 0.07883058)
(0.1380053, 1.80069, 0.08099256)
(0.1374516, 1.801802, 0.08287488)
(0.1368623, 1.802776, 0.08469497)
(0.136173, 1.803439, 0.08647905)
(0.1356051, 1.803856, 0.08820902)
(0.1350079, 1.804067, 0.08984505)
(0.1345007, 1.804073, 0.09156452)
(0.134038, 1.803891, 0.09321748)
(0.1335297, 1.803746, 0.09476386)
(0.1328688, 1.803628, 0.09637867)
(0.1323485, 1.803589, 0.09781776)
(0.1319101, 1.803665, 0.09915577)
(0.1313558, 1.80378, 0.1006373)
(0.1309876, 1.803716, 0.1021226)
(0.1307092, 1.803596, 0.1035594)
(0.1303992, 1.803257, 0.104859)
(0.1304617, 1.803124, 0.1058465)
(0.1303928, 1.80311, 0.1064643)
(0.1303163, 1.803316, 0.1073853)
(0.1305747, 1.803893, 0.1081444)
(0.130831, 1.804434, 0.1090563)
(0.1310928, 1.804968, 0.1102577)
(0.131542, 1.805252, 0.1114946)
(0.1322393, 1.805582, 0.112558)
(0.1330245, 1.80591, 0.1132704)
(0.1337953, 1.806678, 0.1137854)
(0.1345303, 1.808201, 0.1139296)
(0.1352341, 1.810153, 0.1142131)
(0.1360321, 1.812772, 0.1144966)
(0.1368778, 1.815071, 0.1150051)
(0.1377974, 1.81737, 0.1159457)
(0.1388044, 1.81939, 0.1169182)
(0.1399662, 1.821508, 0.11788)
(0.1408646, 1.823539, 0.1184534)
(0.1419101, 1.825394, 0.1184593)
(0.1427317, 1.827014, 0.118286)
(0.1434329, 1.828448, 0.1179973)
(0.1443007, 1.829738, 0.1173388)
(0.1450477, 1.831037, 0.1170796)
(0.1459663, 1.83197, 0.1167339)
(0.1467683, 1.833, 0.1166671)
(0.1475432, 1.833916, 0.1169501)
(0.1485255, 1.835253, 0.1171802)
(0.1496654, 1.836833, 0.1172498)
(0.1507053, 1.838567, 0.1172641)
(0.151706, 1.840328, 0.1171137)
(0.1528547, 1.842216, 0.1165598)
(0.1539645, 1.843965, 0.1159938)
(0.1548786, 1.845451, 0.115331)
(0.1558857, 1.847024, 0.1146751)
(0.1568294, 1.848618, 0.1139649)
(0.1576767, 1.850111, 0.1130873)
(0.1586177, 1.851848, 0.1121687)
(0.159405, 1.85347, 0.1113523)
(0.1602213, 1.854894, 0.1107098)
(0.1609387, 1.856323, 0.1101903)
(0.1616576, 1.857627, 0.1097749)
(0.1623139, 1.858914, 0.1093877)
(0.1629934, 1.860037, 0.1091384)
(0.1638098, 1.861129, 0.1088017)
(0.1646471, 1.862031, 0.1081122)
(0.1655698, 1.862907, 0.1072005)
(0.1663525, 1.863681, 0.1064638)
(0.1670091, 1.864399, 0.1055344)
(0.1677728, 1.865265, 0.104601)
(0.1684971, 1.866072, 0.1038188)
(0.1692348, 1.866836, 0.1028761)
(0.1699419, 1.867758, 0.1019915)
(0.1705616, 1.868702, 0.101245)
(0.1712556, 1.869635, 0.1003257)
(0.1718268, 1.870572, 0.09966885)
(0.17237, 1.871538, 0.09910546)
(0.1728151, 1.872465, 0.09848796)
(0.1733813, 1.87335, 0.09782396)
(0.1738267, 1.874082, 0.09709392)
(0.1743307, 1.874718, 0.09626828)
(0.1749341, 1.87537, 0.09537373)
(0.1753976, 1.875983, 0.09451233)
(0.1759632, 1.87647, 0.09353362)
(0.1765423, 1.877075, 0.0925325)
(0.1770601, 1.877577, 0.09179078)
(0.177532, 1.877995, 0.09091149)
(0.1780829, 1.878545, 0.08993064)
(0.1784871, 1.878942, 0.0890175)
(0.1790943, 1.879151, 0.08804213)
(0.1797972, 1.879681, 0.08696972)
(0.180289, 1.880065, 0.08615671)
####
(0.1278343, 0.03304623, 0.05312155)
(0.1296939, 0.03313246, 0.05272125)
(0.1319728, 0.03276019, 0.05214638)
(0.1339454, 0.03261525, 0.05181821)
(0.135074, 0.03258235, 0.05162379)
(0.1361119, 0.03250929, 0.05077818)
(0.1371898, 0.03235771, 0.04999541)
(0.1388853, 0.0326254, 0.049197)
(0.1413626, 0.03264, 0.04842605)
(0.1441169, 0.03281808, 0.04836882)
(0.1467817, 0.03325787, 0.04837998)
(0.1488326, 0.03307265, 0.04817173)
(0.1504615, 0.03333463, 0.04771644)
(0.151852, 0.03358709, 0.04740408)
(0.1530695, 0.03369204, 0.04725784)
(0.1549927, 0.03387306, 0.0470318)
(0.1572615, 0.03406436, 0.04719185)
(0.1598416, 0.03425964, 0.04735554)
(0.1618069, 0.03452789, 0.04729929)
(0.162898, 0.03467628, 0.0472232)
(0.1625775, 0.0350727, 0.04691112)
(0.1633076, 0.03530775, 0.04659466)
(0.1638057, 0.03554646, 0.04632845)
(0.1650665, 0.03576978, 0.04580247)
(0.1660412, 0.03606365, 0.0452879)
(0.167323, 0.0366878, 0.0451497)
(0.1684229, 0.0368014, 0.04514804)
(0.1698927, 0.03708075, 0.04484352)
(0.1709981, 0.03744148, 0.04467649)
(0.1716027, 0.03733953, 0.04463156)
(0.1721001, 0.03748799, 0.04436634)
(0.1725473, 0.03758893, 0.04430722)
(0.173763, 0.03789338, 0.043909)
(0.1749952, 0.03791647, 0.04360678)
(0.176432, 0.03777548, 0.04362075)
(0.1773584, 0.0382385, 0.04384205)
(0.178045, 0.03834073, 0.04381478)
(0.1786515, 0.03826525, 0.04393336)
(0.1789878, 0.03825076, 0.04370648)
(0.1794846, 0.03848242, 0.04360346)
(0.1803001, 0.03860879, 0.04344801)
(0.1811611, 0.03874407, 0.04345257)
(0.1822546, 0.03853536, 0.04308007)
(0.182634, 0.03820005, 0.04277277)
(0.1827032, 0.03856805, 0.04271464)
(0.1827245, 0.03830637, 0.04228861)
(0.1830789, 0.03826291, 0.04242472)
(0.1835143, 0.03863815, 0.04275912)
(0.1834905, 0.03908151, 0.04261732)
(0.1842874, 0.03956415, 0.04186516)
(0.1849034, 0.0398997, 0.04082451)
(0.1856349, 0.04039174, 0.04009232)
(0.1861969, 0.0412531, 0.04003692)
(0.1870533, 0.04181725, 0.04025061)
(0.188379, 0.04263807, 0.04069607)
(0.1895649, 0.04341353, 0.04106206)
(0.1903628, 0.04436033, 0.04127838)
(0.1910902, 0.04559448, 0.04175598)
(0.1916725, 0.04628697, 0.0412305)
(0.1924154, 0.04663073, 0.04128304)
(0.1934996, 0.0473348, 0.04107725)
(0.1947124, 0.04789553, 0.04118698)
(0.1964127, 0.04820359, 0.04102705)
(0.1981236, 0.04889574, 0.04064849)
(0.1996691, 0.04956774, 0.04069494)
(0.201531, 0.0499304, 0.04030579)
(0.2034822, 0.05046213, 0.0398611)
(0.2059043, 0.05110382, 0.03982547)
(0.2083905, 0.05189037, 0.03919683)
(0.2118583, 0.05294256, 0.03838498)
(0.2153381, 0.05384726, 0.03782828)
(0.2202335, 0.05457737, 0.03695831)
(0.2252849, 0.05571985, 0.03633549)
(0.2326496, 0.05704697, 0.03581018)
(0.2416925, 0.05867834, 0.0350977)
(0.2510132, 0.06003487, 0.03436636)
(0.2627464, 0.06189266, 0.03384314)
(0.2749964, 0.06362335, 0.03285208)
(0.2903625, 0.06599128, 0.03205759)
(0.307174, 0.06852956, 0.03151607)
(0.3250014, 0.07110388, 0.0312764)
(0.3444406, 0.07424842, 0.03125947)
(0.3634651, 0.07765079, 0.03159361)
(0.3801909, 0.08107653, 0.03184317)
(0.3920974, 0.0841189, 0.03220303)
(0.4029251, 0.08680435, 0.03280962)
(0.4158391, 0.08961008, 0.03328119)
(0.4320309, 0.09290556, 0.03389634)
(0.4498569, 0.09660455, 0.03521429)
(0.468787, 0.1005087, 0.0360125)
(0.4840637, 0.1044044, 0.03599367)
(0.4939482, 0.107433, 0.03339443)
(0.5018528, 0.1093873, 0.03050794)
(0.5079162, 0.1109557, 0.0265889)
(0.5113515, 0.1124278, 0.02366231)
(0.5182769, 0.1139248, 0.02276053)
(0.5267893, 0.1156538, 0.02297459)
(0.5353004, 0.1185526, 0.02346443)
(0.5475253, 0.1213201, 0.02530684)
(0.5566176, 0.1229046, 0.02698988)
(0.562192, 0.123313, 0.02907686)
(0.569489, 0.1234136, 0.03272318)
(0.5768555, 0.1218288, 0.03745848)
(0.5863911, 0.1203726, 0.0434048)
(0.5953352, 0.118608, 0.04835932)
(0.6042315, 0.1160705, 0.05227176)
(0.6126338, 0.1143868, 0.05434724)
(0.6200225, 0.1125711, 0.05460214)
(0.6253728, 0.1113332, 0.05428115)
(0.6268995, 0.1109779, 0.0526453)
(0.627029, 0.1111724, 0.05123885)
(0.6250297, 0.1120045, 0.0487683)
(0.6242366, 0.1132339, 0.04696222)
(0.6245441, 0.1148314, 0.04611405)
(0.6257885, 0.117388, 0.04614646)
(0.6277819, 0.1197986, 0.046646)
(0.6303303, 0.1230253, 0.0482918)
(0.6338011, 0.1257033, 0.0493872)
(0.6384957, 0.1285631, 0.05132261)
(0.6440377, 0.1306451, 0.05284379)
(0.6504326, 0.1322236, 0.05461067)
(0.6567779, 0.1330947, 0.05669839)
(0.6612158, 0.1335537, 0.05864555)
(0.6636909, 0.13348, 0.06014132)
(0.6647928, 0.1331365, 0.06152216)
(0.6629744, 0.1317324, 0.06197022)
(0.6608742, 0.1295726, 0.06185937)
(0.6591648, 0.1268168, 0.06201625)
(0.6590651, 0.1245725, 0.06206517)
(0.6604074, 0.1216733, 0.06197419)
(0.6616569, 0.1181423, 0.06061427)
(0.6622776, 0.1150606, 0.05888303)
(0.6622347, 0.1119766, 0.05642628)
(0.6624292, 0.1088685, 0.05419278)
(0.6616426, 0.1050935, 0.05245156)
(0.6595086, 0.1006712, 0.05167415)
(0.6552029, 0.09523091, 0.05159326)
(0.6505758, 0.08977001, 0.05201323)
(0.6445535, 0.0835047, 0.05136766)
(0.6369796, 0.07695107, 0.0498753)
(0.6304741, 0.07053592, 0.04875044)
(0.6240588, 0.06311747, 0.04686083)
(0.6205472, 0.05533781, 0.04477755)
(0.6213315, 0.04732664, 0.04270257)
(0.6223938, 0.04058723, 0.04036107)
(0.6266197, 0.03650548, 0.03713883)
(0.6288248, 0.03258273, 0.03397966)
(0.6327131, 0.02965108, 0.03166601)
(0.6371806, 0.025892, 0.03187986)
(0.6409176, 0.02079093, 0.0345155)
(0.6414995, 0.01487142, 0.03900795)
(0.637915, 0.007646523, 0.04093445)
(0.6288041, 0.001153265, 0.03904901)
(0.6224129, 6.280762, 0.03565553)
(0.6222385, 6.279291, 0.03191959)
(0.6266133, 6.278328, 0.03054932)
(0.633335, 6.277739, 0.03150077)
(0.6389917, 6.275919, 0.03274673)
(0.6449626, 6.272799, 0.03397917)
(0.6492028, 6.270382, 0.03527984)
(0.6545978, 6.268206, 0.03594151)
(0.6619712, 6.266737, 0.03714454)
(0.6697186, 6.264629, 0.03620001)
(0.6782117, 6.263003, 0.03301217)
(0.6828243, 6.261266, 0.02977628)
(0.6820407, 6.259142, 0.02649834)
(0.6777308, 6.256972, 0.02411158)
(0.6694148, 6.25473, 0.02234706)
(0.6627703, 6.253731, 0.02059625)
(0.6595496, 6.253005, 0.01918173)
(0.6589804, 6.253973, 0.01907392)
(0.6595612, 6.255249, 0.01950087)
(0.6608997, 6.257246, 0.02062115)
(0.6617082, 6.259262, 0.02310764)
(0.6618562, 6.261988, 0.02597366)
(0.6621239, 6.264773, 0.02868148)
(0.6632104, 6.26831, 0.03172987)
(0.6662638, 6.271675, 0.03396164)
(0.6702577, 6.27458, 0.03538003)
(0.6760532, 6.277653, 0.03672525)
(0.6805823, 6.279998, 0.0370407)
(0.6826651, 0.0003819531, 0.0377696)
(0.680544, 0.003375784, 0.03723394)
(0.6729827, 0.007549576, 0.03677813)
(0.663089, 0.01103675, 0.03522776)
(0.6561998, 0.0152713, 0.03425753)
(0.653006, 0.02087023, 0.03391948)
(0.6535579, 0.02704502, 0.03454408)
(0.6568073, 0.03508973, 0.03633986)
(0.6584828, 0.04276712, 0.03775522)
(0.6580708, 0.05154748, 0.03910572)
(0.6558238, 0.0604216, 0.04042027)
(0.6521812, 0.0705863, 0.04226996)
(0.6491093, 0.08034302, 0.04448349)
(0.6453053, 0.09110946, 0.04750888)
(0.6430649, 0.09946407, 0.04999342)
(0.6443239, 0.107562, 0.05237142)
(0.6508323, 0.1164771, 0.05538001)
(0.6616027, 0.1271951, 0.05834319)
(0.6806815, 0.1407289, 0.06064708)
(0.6940759, 0.1524144, 0.06083483)
(0.6990661, 0.1624055, 0.05881266)
(0.6937974, 0.1669258, 0.05460395)
(0.6746189, 0.1651115, 0.05002551)
(0.6573432, 0.1628208, 0.05032536)
(0.6539465, 0.1647945, 0.05379411)
(0.6631431, 0.1675742, 0.05945554)
(0.6785044, 0.1723709, 0.06412015)
(0.7009038, 0.1771028, 0.06770543)
(0.7176931, 0.1808252, 0.06869697)
(0.7267566, 0.1832971, 0.06892825)
(0.725615, 0.1835832, 0.07033104)
(0.7146828, 0.1816336, 0.07354806)
(0.7019936, 0.1789466, 0.07799594)
(0.6971158, 0.177789, 0.08185134)
(0.6971333, 0.1770473, 0.08424988)
(0.7001859, 0.1763576, 0.08380231)
(0.7038022, 0.1758836, 0.08225361)
(0.7055382, 0.1752106, 0.08063514)
(0.7058423, 0.1757488, 0.07837811)
(0.7049079, 0.1769982, 0.07665223)
(0.7036695, 0.1786907, 0.07565999)
(0.7028416, 0.17929, 0.07495656)
(0.7036743, 0.179925, 0.07559144)
(0.706721, 0.1800551, 0.0769048)
(0.711031, 0.1809073, 0.07830402)
(0.7164142, 0.1823147, 0.08116715)
(0.7207932, 0.1843261, 0.08428612)
(0.7243805, 0.186057, 0.0877137)
(0.7263104, 0.1868196, 0.0899705)
(0.726954, 0.1867445, 0.0917146)
(0.726511, 0.1854051, 0.09262881)
(0.7267635, 0.1846565, 0.09362771)
(0.7270695, 0.183534, 0.09470201)
(0.7275332, 0.1835142, 0.09609284)
(0.7264658, 0.1825227, 0.09721358)
(0.7237837, 0.1806916, 0.09742149)
(0.7183736, 0.1779968, 0.09741922)
(0.7120364, 0.1744294, 0.09653203)
(0.7071372, 0.1709962, 0.0968914)
(0.7044681, 0.1671244, 0.09801319)
(0.7035667, 0.1638832, 0.09900037)
(0.7029849, 0.1607564, 0.09988312)
(0.6992888, 0.1564264, 0.09967569)
(0.690798, 0.1507538, 0.09809411)
(0.6798348, 0.1442836, 0.09680448)
(0.6650276, 0.1361797, 0.09548642)
(0.6523517, 0.1284971, 0.09461971)
(0.6444046, 0.1216913, 0.09469506)
(0.641517, 0.1155745, 0.09522036)
(0.6425693, 0.110942, 0.09569539)
(0.6447857, 0.1064746, 0.09500609)
(0.6398073, 0.1015931, 0.0933885)
(0.6272784, 0.0958254, 0.09012083)
(0.6103501, 0.09043399, 0.08731551)
(0.5893228, 0.08465203, 0.08405536)
(0.5724787, 0.08034231, 0.0811714)
(0.5583097, 0.07695165, 0.07758597)
(0.545705, 0.07509492, 0.07238486)
(0.5338411, 0.07394492, 0.06740263)
(0.5220425, 0.07304221, 0.06216035)
(0.5098755, 0.07176678, 0.05962923)
(0.4951912, 0.07121116, 0.05975153)
(0.4789606, 0.06960174, 0.06118139)
(0.4611182, 0.06783788, 0.06365747)
(0.4419208, 0.06540456, 0.06665196)
(0.4273887, 0.06384625, 0.06892535)
(0.4170973, 0.06270244, 0.07194223)
(0.4092623, 0.06165906, 0.07527895)
(0.4033495, 0.06032638, 0.07941617)
(0.3954558, 0.05796404, 0.083372)
(0.3860918, 0.05429151, 0.0860013)
(0.375782, 0.05018705, 0.08710251)
(0.3649625, 0.04583839, 0.08645689)
(0.3547153, 0.04235497, 0.08479888)
(0.3441552, 0.03932413, 0.08252692)
(0.3338876, 0.03732188, 0.07917724)
(0.3223975, 0.03533197, 0.07597385)
(0.3106397, 0.03366242, 0.07191185)
(0.2977584, 0.03200223, 0.06861655)
(0.2856144, 0.03001072, 0.06612106)
(0.2729146, 0.02854685, 0.06479824)
(0.2618225, 0.02687366, 0.06483947)
(0.2525922, 0.02555976, 0.06565144)
(0.24681, 0.02449818, 0.06645096)
(0.2422598, 0.02317388, 0.06772615)
(0.239071, 0.02180204, 0.06929415)
(0.2345011, 0.02058772, 0.07064316)
(0.2295998, 0.01879924, 0.07092798)
(0.2238911, 0.01741778, 0.07035994)
(0.2173249, 0.01591709, 0.06867503)
(0.2105313, 0.01455622, 0.06721511)
(0.2019441, 0.0128957, 0.06562449)
(0.1929059, 0.01110808, 0.06392033)
(0.1843373, 0.009553589, 0.06231765)
(0.1756167, 0.007939827, 0.06014512)
(0.1672171, 0.006394089, 0.05833551)
(0.1600761, 0.005037146, 0.0567688)
(0.1539648, 0.003825536, 0.05574521)
(0.1488069, 0.002973114, 0.05503661)
(0.1445161, 0.002313012, 0.05471126)
(0.1410047, 0.001635401, 0.05419062)
(0.1363479, 0.0008009005, 0.05366576)
(0.1319708, -1.820665E-05, 0.05321221)
(0.1281822, 6.282883, 0.05239213)
(0.1244391, 6.282265, 0.05157087)
(0.1214086, 6.282353, 0.05046009)
(0.1178527, 6.282068, 0.04916545)
(0.1152204, 6.282077, 0.04832529)
(0.112078, 6.28192, 0.04747251)
