(302.9691, 317.9022, 54.78956)
(303.5755, 318.1761, 54.59401)
(304.6126, 317.7267, 54.95655)
(305.3357, 317.6367, 55.27962)
(305.5481, 317.2977, 55.55231)
(305.0126, 317.1202, 55.61231)
(303.9879, 317.1031, 55.57716)
(303.4219, 316.8894, 55.6922)
(303.2336, 317.0665, 55.48666)
(303.703, 317.2946, 55.43042)
(303.9845, 317.4146, 55.35884)
(304.6118, 317.3889, 55.58697)
(305.0023, 317.3219, 55.69825)
(305.087, 317.482, 55.53086)
(304.9338, 317.2963, 55.72579)
(304.5833, 317.2668, 55.5192)
(304.137, 317.0862, 55.76979)
(304.1013, 317.1653, 55.5214)
(304.0041, 317.2573, 55.5394)
(304.2391, 317.431, 55.48923)
(304.3577, 317.3267, 55.55246)
(304.8147, 317.2019, 55.77992)
(304.8838, 317.3314, 55.53567)
(304.8134, 317.4052, 55.41311)
(304.5942, 317.3351, 55.46079)
(304.3781, 317.0888, 55.60807)
(304.2231, 317.01, 55.59764)
(304.0345, 317.1988, 55.46895)
(304.2406, 317.269, 55.58633)
(304.7291, 317.0374, 55.83099)
(305.024, 317.1287, 55.72895)
(304.9124, 317.0167, 55.77493)
(304.7892, 316.7333, 55.93262)
(304.2224, 317.1858, 55.3395)
(303.5562, 317.5453, 55.15968)
(303.6998, 317.4269, 55.32428)
(304.0256, 317.1076, 55.68037)
(304.8817, 317.1392, 55.74887)
(305.1756, 317.1648, 55.79491)
(305.3158, 317.0281, 55.89149)
