(-476.0742, 67.57025, 343.0451)
(-106.2278, 114.6033, -28.55276)
(-135.7634, 67.32972, -24.37079)
(-111.0294, 99.11797, -64.1259)
(-76.24298, 87.99795, -84.18479)
(0, 0, 0)
(-91.3708, 212.8933, -106.7815)
(-9.251036, 53.87454, -16.76406)
(-89.36361, 104.3712, -58.71669)
(-30.70268, 35.52718, -16.18804)
(-166.8684, 147.9914, -77.77753)
(-36.79648, 24.45386, -12.90348)
(-228.9, 46.40466, -42.39175)
(-48.88918, -9.647767, 6.995079)
(-153.0143, -38.07962, 6.912009)
(-96.53925, -14.88816, 12.03916)
(-77.63499, -10.42583, 8.456966)
(-83.94011, -11.65904, 21.4073)
(-74.72786, -25.45206, 39.48032)
(-67.33587, -24.45367, 49.02689)
(0, 0, 0)
(-65.88506, -27.04406, 59.4577)
(-90.41502, -50.94187, 114.9602)
(-17.96489, -13.9727, 31.21998)
(-69.2569, -82.22297, 105.145)
(-22.05903, -38.07654, 55.06488)
