(-0.5401335, 0.5999764, -1.750094)
(-0.5401449, 0.5999469, -1.750084)
(-0.5402007, 0.599943, -1.750052)
(-0.5401688, 0.5999646, -1.75005)
(-0.5402217, 0.5999442, -1.750121)
(-0.5400529, 0.5999552, -1.750032)
(-0.5399847, 0.6000496, -1.750056)
(-0.5399847, 0.60004, -1.750053)
(-0.5398889, 0.6000435, -1.749967)
(-0.5398676, 0.6000693, -1.749972)
(-0.5398488, 0.6000524, -1.750114)
(-0.539896, 0.6000514, -1.750087)
(-0.5398681, 0.6001089, -1.750116)
(-0.5398107, 0.6000564, -1.750113)
(-0.540072, 0.6000657, -1.750189)
(-0.5400541, 0.6001171, -1.750211)
(-0.540061, 0.6001035, -1.750264)
(-0.5402031, 0.6000391, -1.750382)
(-0.5402071, 0.6000547, -1.750391)
(-0.5402267, 0.6000561, -1.750389)
(-0.5401523, 0.6001339, -1.750278)
(-0.5401208, 0.600184, -1.750301)
(-0.5401168, 0.600165, -1.750264)
(-0.5399246, 0.6001648, -1.750216)
(-0.5398595, 0.6002892, -1.750264)
(-0.539855, 0.6002914, -1.75022)
(-0.5399351, 0.600287, -1.750279)
(-0.5399544, 0.6002634, -1.750274)
(-0.5399501, 0.6002729, -1.750309)
(-0.5399976, 0.6003294, -1.750283)
(-0.5399656, 0.6003879, -1.750304)
(-0.5399179, 0.600368, -1.750311)
(-0.5399823, 0.6003729, -1.750308)
(-0.5399871, 0.6004078, -1.750325)
(-0.5399756, 0.6004131, -1.750348)
(-0.5400238, 0.6003556, -1.750438)
(-0.540081, 0.6001844, -1.750399)
(-0.5401058, 0.600166, -1.750443)
(-0.5399952, 0.6002107, -1.75037)
(-0.5399625, 0.600293, -1.750412)
(-0.5399604, 0.6002901, -1.750355)
(-0.5398557, 0.6002927, -1.750333)
(-0.539814, 0.6003203, -1.750354)
(-0.5398333, 0.6003294, -1.750363)
(-0.5399809, 0.6003327, -1.750418)
(-0.5399847, 0.6003428, -1.750421)
(-0.5399694, 0.6003351, -1.750408)
(-0.5400803, 0.6002967, -1.750494)
(-0.540102, 0.6002656, -1.750515)
(-0.5401123, 0.600262, -1.750507)
(-0.5400782, 0.6002145, -1.750573)
(-0.5401607, 0.6000477, -1.750517)
(-0.5401306, 0.6000321, -1.750535)
(-0.5400257, 0.5999892, -1.750541)
(-0.5400548, 0.599902, -1.750524)
(-0.5400505, 0.5998843, -1.750471)
(-0.5401039, 0.5999488, -1.750371)
(-0.5400767, 0.5999963, -1.7504)
(-0.5400801, 0.599973, -1.750299)
(-0.5402222, 0.6000695, -1.750164)
(-0.5401964, 0.6001503, -1.750201)
(-0.540215, 0.6001512, -1.750288)
(-0.5402615, 0.6001199, -1.750339)
(-0.5402472, 0.6001786, -1.750351)
(-0.5402675, 0.6001811, -1.750292)
(-0.5401757, 0.6001794, -1.750229)
(-0.540206, 0.6001277, -1.750224)
(-0.5402117, 0.6001288, -1.750202)
(-0.5401435, 0.6001283, -1.750175)
(-0.5400729, 0.6003091, -1.750247)
(-0.5400627, 0.6003119, -1.750243)
(-0.5399976, 0.6003472, -1.750175)
(-0.5399542, 0.6004498, -1.750205)
(-0.5399504, 0.6004552, -1.750247)
(-0.5398722, 0.6004168, -1.750302)
(-0.5398743, 0.6003788, -1.750272)
(-0.5398834, 0.6003991, -1.750174)
(-0.5399303, 0.6004279, -1.75019)
(-0.5399151, 0.6004454, -1.7502)
(-0.5398884, 0.6004299, -1.750257)
(-0.5397496, 0.6003178, -1.750337)
(-0.5397689, 0.6002072, -1.750271)
(-0.5397754, 0.600211, -1.750281)
(-0.5399985, 0.6002307, -1.750328)
(-0.539948, 0.6002775, -1.750342)
(-0.5399909, 0.6002637, -1.750415)
(-0.5398984, 0.6002477, -1.750382)
(-0.5398746, 0.6002237, -1.750387)
(-0.5398836, 0.6002178, -1.750491)
(-0.539875, 0.6002387, -1.750466)
(-0.5399063, 0.6001264, -1.750434)
(-0.5399103, 0.6001059, -1.750442)
(-0.5398874, 0.6001471, -1.750373)
(-0.5398974, 0.6001415, -1.750386)
(-0.5398941, 0.6001897, -1.750276)
(-0.5400736, 0.6001707, -1.750294)
(-0.5400379, 0.6002157, -1.750311)
(-0.5400414, 0.600219, -1.750229)
(-0.5400112, 0.6002371, -1.750216)
(-0.5399725, 0.6003057, -1.750228)
(-0.5399725, 0.600305, -1.750279)
(-0.5398793, 0.6003406, -1.750213)
(-0.5398881, 0.6003662, -1.750207)
(-0.5398722, 0.6003751, -1.750289)
(-0.5398252, 0.6003947, -1.750294)
(-0.539855, 0.6003137, -1.750247)
(-0.5398347, 0.6003317, -1.750234)
(-0.5399971, 0.6002996, -1.750304)
(-0.5399933, 0.6003515, -1.750328)
(-0.5399759, 0.6003679, -1.750283)
(-0.5400591, 0.6003232, -1.750371)
(-0.5400844, 0.6002798, -1.750368)
(-0.540066, 0.6002952, -1.750287)
(-0.5399427, 0.6003276, -1.750153)
(-0.5399795, 0.6002418, -1.750108)
(-0.5399647, 0.6002274, -1.750211)
(-0.5401115, 0.6001793, -1.750309)
(-0.5401628, 0.6000775, -1.750266)
(-0.5401511, 0.6000637, -1.750312)
(-0.5401735, 0.6000373, -1.750317)
(-0.5401387, 0.6001319, -1.750374)
(-0.5401635, 0.6001197, -1.750461)
(-0.5402379, 0.6001186, -1.750488)
(-0.540261, 0.6001089, -1.750494)
(-0.5402677, 0.6001103, -1.750434)
(-0.5401399, 0.6000868, -1.750431)
(-0.5401034, 0.6001406, -1.750463)
(-0.5400949, 0.6001379, -1.75046)
(-0.5399241, 0.6001402, -1.750384)
(-0.5398803, 0.6001755, -1.750435)
(-0.5399375, 0.6002531, -1.750343)
(-0.5400021, 0.6002617, -1.750349)
(-0.5400157, 0.6001853, -1.750338)
(-0.5400264, 0.6001735, -1.750273)
(-0.5400164, 0.6001619, -1.750263)
(-0.5399613, 0.6002972, -1.750337)
(-0.5399597, 0.6003151, -1.750331)
(-0.5399704, 0.6002856, -1.750376)
(-0.5399745, 0.6002705, -1.750368)
(-0.5399451, 0.6002216, -1.750418)
(-0.5399666, 0.6002121, -1.750426)
(-0.5399356, 0.6002557, -1.750462)
(-0.5399337, 0.6002582, -1.750379)
(-0.5399342, 0.6002514, -1.750365)
(-0.5399442, 0.6002145, -1.750362)
(-0.539921, 0.6002218, -1.750239)
(-0.5398636, 0.6002728, -1.750121)
(-0.5398927, 0.6002157, -1.750098)
(-0.539871, 0.6002219, -1.750068)
(-0.5398176, 0.6002227, -1.75004)
(-0.5398436, 0.6000855, -1.749963)
(-0.539835, 0.6000789, -1.750042)
(-0.539855, 0.6001188, -1.74998)
(-0.5398288, 0.6001846, -1.74998)
(-0.5398207, 0.6001886, -1.750043)
(-0.539783, 0.6001271, -1.75007)
(-0.5397339, 0.6001966, -1.750103)
(-0.5397224, 0.6001902, -1.750141)
(-0.5397456, 0.6001611, -1.750163)
(-0.5396657, 0.6002872, -1.750212)
(-0.5396671, 0.6002696, -1.750242)
(-0.5397038, 0.6002382, -1.750298)
(-0.5397077, 0.6002057, -1.750316)
(-0.5396996, 0.6001511, -1.750373)
(-0.539958, 0.6002288, -1.750336)
(-0.5400362, 0.6000711, -1.750287)
(-0.5400367, 0.6000521, -1.750282)
(-0.5401325, 0.6000252, -1.750381)
(-0.5400839, 0.6001278, -1.75045)
(-0.5400972, 0.6000931, -1.750374)
(-0.5400648, 0.6000808, -1.750394)
(-0.5400376, 0.6001084, -1.750401)
(-0.5400782, 0.6001046, -1.750407)
(-0.5400133, 0.6001043, -1.750406)
(-0.5399828, 0.6001456, -1.750431)
(-0.5400016, 0.600142, -1.750343)
(-0.5401278, 0.600228, -1.750244)
(-0.540168, 0.6002002, -1.750249)
(-0.5401735, 0.6001997, -1.750274)
(-0.5399752, 0.6001868, -1.750277)
(-0.5400233, 0.6000354, -1.750205)
(-0.5400538, 0.6000096, -1.750224)
(-0.5399339, 0.5999874, -1.750234)
(-0.5398979, 0.6000766, -1.750288)
(-0.5399554, 0.6001304, -1.750233)
(-0.5402203, 0.600127, -1.750317)
(-0.5402617, 0.6000477, -1.750272)
(-0.5402994, 0.6000259, -1.750223)
(-0.5402331, 0.5999693, -1.750297)
(-0.5401952, 0.6000991, -1.750365)
(-0.5401959, 0.6000742, -1.750328)
(-0.5402141, 0.6001096, -1.750282)
(-0.5402818, 0.6000164, -1.75024)
(-0.5402813, 0.600031, -1.750134)
(-0.5403099, 0.6000167, -1.750141)
(-0.5402679, 0.6001506, -1.750202)
(-0.5402608, 0.6001395, -1.750116)
(-0.5402687, 0.6001589, -1.750069)
(-0.5402968, 0.6001101, -1.750029)
(-0.5403214, 0.6001058, -1.750151)
(-0.5400677, 0.6000793, -1.750116)
(-0.5400875, 0.600033, -1.750077)
(-0.5400877, 0.6000184, -1.750091)
(-0.5401163, 0.599993, -1.750053)
(-0.5400591, 0.6001422, -1.750124)
(-0.5400467, 0.6001297, -1.75017)
(-0.540143, 0.6001399, -1.750178)
(-0.5401061, 0.6002412, -1.750226)
(-0.5400982, 0.600244, -1.75029)
(-0.5401773, 0.6002231, -1.750306)
(-0.5401678, 0.6002444, -1.750318)
(-0.5401549, 0.6002506, -1.750214)
(-0.5401282, 0.6002109, -1.750263)
(-0.5400937, 0.6003343, -1.750306)
(-0.5400865, 0.6003258, -1.750241)
(-0.5400369, 0.6003672, -1.750213)
(-0.539988, 0.6005087, -1.750256)
(-0.5399728, 0.6005161, -1.750197)
(-0.539988, 0.6005197, -1.750246)
(-0.5399995, 0.6004608, -1.750216)
(-0.5399871, 0.600475, -1.750164)
(-0.5398626, 0.6004924, -1.750108)
(-0.5398355, 0.6005002, -1.750104)
(-0.5398118, 0.600504, -1.750073)
(-0.5397401, 0.6005199, -1.749999)
(-0.5397828, 0.6004009, -1.749928)
(-0.5397587, 0.6004061, -1.749974)
(-0.539701, 0.6003821, -1.750017)
(-0.5396857, 0.6003597, -1.749973)
(-0.5396764, 0.6003575, -1.750083)
(-0.5396872, 0.6003258, -1.750096)
(-0.5396678, 0.6003522, -1.750118)
(-0.5396512, 0.6003561, -1.750205)
(-0.5397129, 0.6004016, -1.750176)
(-0.5397868, 0.6002117, -1.750098)
(-0.539773, 0.6002102, -1.750197)
(-0.5400138, 0.6002116, -1.750269)
(-0.5400071, 0.6002153, -1.750267)
(-0.540029, 0.6002425, -1.750278)
(-0.5400238, 0.600252, -1.750277)
(-0.5400302, 0.6002638, -1.750276)
(-0.5400152, 0.6002735, -1.750216)
(-0.5399704, 0.6002547, -1.750208)
(-0.5399528, 0.6003078, -1.75026)
(-0.5399685, 0.6003082, -1.750332)
(-0.5400243, 0.6002592, -1.75042)
(-0.5400426, 0.6002545, -1.750422)
(-0.5400834, 0.6002978, -1.750362)
(-0.5401187, 0.6002942, -1.750373)
(-0.5401349, 0.6002759, -1.750365)
(-0.5401483, 0.6002744, -1.750358)
(-0.5401812, 0.600292, -1.750357)
(-0.5402234, 0.6002948, -1.750361)
(-0.540225, 0.6002976, -1.75035)
(-0.5401826, 0.6002138, -1.750431)
(-0.5401778, 0.6002563, -1.750462)
(-0.5401468, 0.6001692, -1.750551)
(-0.5401664, 0.600175, -1.750564)
(-0.5401468, 0.6002157, -1.750611)
(-0.5401478, 0.6002084, -1.750529)
(-0.5399866, 0.6002021, -1.750493)
(-0.539958, 0.6002792, -1.75052)
(-0.5399675, 0.6002728, -1.750514)
(-0.5399437, 0.6002905, -1.750505)
(-0.5400236, 0.6001101, -1.750448)
(-0.540009, 0.6000987, -1.750416)
(-0.5399909, 0.6000787, -1.750396)
(-0.539927, 0.6002406, -1.750476)
(-0.5399241, 0.6002346, -1.750494)
(-0.5398157, 0.6002388, -1.750481)
(-0.5398059, 0.6002433, -1.750489)
(-0.5397911, 0.6002423, -1.750511)
(-0.5397701, 0.6003553, -1.750371)
(-0.5397658, 0.6003398, -1.750363)
(-0.5397439, 0.6003398, -1.75028)
(-0.5397096, 0.6004076, -1.750214)
