0.7603862
0.7373659
0.7422291
0.7236308
0.6884294
0.6677845
0.544456
0.5456517
0.5046027
0.5140332
0.5138679
0.5136939
0.4710881
0.4414504
0.4293682
0.3916644
0.3868437
0.3597804
0.3435817
0.319467
0.3047498
0.2847653
0.2719411
0.2635703
0.2550948
0.2457505
0.2306405
0.227767
0.2162963
0.2020981
0.1999477
0.1922753
0.1813432
0.1844274
0.1834311
0.1746163
0.1728446
0.162616
0.1827829
0.1691717
0.1498337
0.1471095
0.1481832
0.1413741
0.1396604
0.1325564
0.1274769
0.1202818
0.1136367
0.1145322
0.1072957
0.1065982
0.1038412
0.1024878
0.09388702
0.09274908
0.08609813
0.08749971
0.09281188
0.08570535
0.09561585
0.08728156
0.09096345
0.09849148
0.09111963
0.1018329
0.1056188
MSE 0.266717
total_moving_Distance 0.8396534