0.5572492
0.552348
0.5379155
0.5148263
0.449312
0.3910766
0.3665116
0.3486937
0.3247751
0.2836544
0.2707071
0.2857995
0.258573
0.2368239
0.2512645
0.2495208
0.2470523
0.2480541
0.2485223
0.243589
0.254164
0.2707475
0.2631553
0.2579336
0.2689713
0.2676512
0.2719165
0.2788605
0.2667274
0.2674538
0.2664482
0.2575684
0.2996238
0.2901102
0.2775166
0.2640691
0.2487799
0.2429549
0.2451695
0.2386038
0.2262508
0.2229298
0.2232829
0.2183725
0.2126015
0.2009533
0.2002045
0.2044762
0.1989029
0.1726875
0.1981376
0.2139753
0.1760451
0.1715091
0.1807949
0.1881165
0.1819608
0.1890382
0.1912297
0.1936543
0.1903847
0.1858005
0.1819587
0.1827566
0.1852077
0.1858857
0.1955243
0.1986577
0.196769
MSE 0.2584459
total_moving_Distance 0.9462882