(0.1202176, 1.079668, -0.07375455)
(0.1203423, 1.079595, -0.07344615)
(0.1204824, 1.079617, -0.07323742)
(0.1205876, 1.079547, -0.07305884)
(0.1204622, 1.07953, -0.07285023)
(0.1205318, 1.079417, -0.07252371)
(0.1206298, 1.07944, -0.07212818)
(0.1207416, 1.079411, -0.07185197)
(0.120872, 1.079436, -0.07158601)
(0.1209481, 1.079466, -0.0712769)
(0.1210895, 1.07952, -0.07095432)
(0.1211402, 1.079514, -0.07063413)
(0.1211982, 1.079591, -0.07034814)
(0.1213284, 1.079607, -0.0699811)
(0.1214597, 1.079653, -0.06971133)
(0.1216025, 1.079721, -0.06937194)
(0.1215775, 1.079928, -0.06898761)
(0.1216545, 1.079992, -0.06861627)
(0.1217232, 1.080056, -0.06833982)
(0.1216416, 1.080128, -0.06808686)
(0.1216593, 1.080096, -0.06769037)
(0.1217182, 1.080185, -0.06744957)
(0.1218224, 1.080257, -0.06719387)
(0.1218345, 1.080264, -0.06683409)
(0.1218801, 1.080395, -0.06659842)
(0.121762, 1.080546, -0.06633973)
(0.1217451, 1.080628, -0.06619501)
(0.1216922, 1.080665, -0.06605041)
(0.1215215, 1.080735, -0.06585634)
(0.121526, 1.08086, -0.06585371)
(0.1214883, 1.080893, -0.0657016)
(0.1214762, 1.080959, -0.06555045)
(0.1213939, 1.080927, -0.06538081)
(0.1213868, 1.080916, -0.06543267)
(0.1213381, 1.080968, -0.06533444)
(0.1212337, 1.080958, -0.06515872)
(0.1211803, 1.080994, -0.06498599)
(0.121145, 1.081025, -0.06482267)
(0.1210856, 1.081051, -0.0646975)
(0.1209996, 1.081071, -0.06464493)
(0.1206377, 1.081159, -0.06456208)
(0.1204996, 1.081043, -0.06439066)
(0.1204078, 1.081014, -0.06436849)
(0.1202455, 1.081072, -0.06418109)
(0.120295, 1.08112, -0.06415939)
(0.1202312, 1.081073, -0.06415772)
(0.1199923, 1.081137, -0.0640521)
(0.1199238, 1.081134, -0.06400979)
(0.1198349, 1.081143, -0.06387091)
(0.119724, 1.081189, -0.06372094)
(0.1196718, 1.081248, -0.06371295)
(0.1195791, 1.08121, -0.06376851)
(0.1196461, 1.081015, -0.06387615)
(0.1195407, 1.081084, -0.06396008)
(0.1194878, 1.081056, -0.06390834)
(0.119256, 1.081048, -0.06385267)
(0.1191616, 1.081026, -0.06379497)
(0.1190794, 1.080955, -0.06382465)
(0.1191084, 1.0809, -0.06373847)
(0.1190281, 1.08082, -0.06364489)
(0.1189716, 1.080767, -0.06359076)
(0.1189444, 1.080716, -0.06353259)
(0.1188915, 1.080637, -0.06347573)
(0.1188564, 1.080583, -0.06338346)
(0.1187897, 1.080366, -0.0635345)
(0.1187992, 1.080318, -0.06348264)
(0.118782, 1.080202, -0.06342721)
(0.1187439, 1.080086, -0.06329274)
(0.1187868, 1.080023, -0.0632472)
(0.1188011, 1.079914, -0.06319618)
(0.1187272, 1.079912, -0.0629282)
(0.1186805, 1.079738, -0.06271648)
(0.1187248, 1.079639, -0.0624733)
(0.1186454, 1.079551, -0.06224537)
(0.1186688, 1.079295, -0.06203902)
(0.1187129, 1.079175, -0.06186676)
(0.1187434, 1.079146, -0.06159937)
(0.1187532, 1.079099, -0.06138575)
(0.118757, 1.079002, -0.06118929)
(0.1187904, 1.078852, -0.06105101)
(0.1188488, 1.078787, -0.06083488)
(0.1189344, 1.078754, -0.06058371)
(0.1190538, 1.078684, -0.06038523)
(0.1191587, 1.07867, -0.06025743)
(0.1192276, 1.078615, -0.06012726)
(0.1192205, 1.078628, -0.05986071)
(0.1193082, 1.078591, -0.05966949)
(0.1193821, 1.078499, -0.05950797)
(0.1193748, 1.078473, -0.0592761)
(0.1194468, 1.078416, -0.05903375)
(0.1195412, 1.078485, -0.05877435)
(0.1196477, 1.078551, -0.05852866)
(0.1197419, 1.078719, -0.05841672)
(0.1197498, 1.07876, -0.05837691)
(0.1199253, 1.07871, -0.05824578)
(0.1199646, 1.078735, -0.05804479)
(0.1200385, 1.07878, -0.05778432)
(0.1201389, 1.078814, -0.05762172)
(0.1201081, 1.078884, -0.05752921)
(0.1201303, 1.078924, -0.0574578)
(0.1199911, 1.079015, -0.05730927)
(0.1199019, 1.078958, -0.05700934)
(0.1198895, 1.079059, -0.05680156)
(0.1198151, 1.079248, -0.05654681)
(0.119966, 1.079312, -0.05626619)
(0.1199846, 1.079433, -0.05607176)
(0.1197426, 1.079581, -0.05589545)
(0.1198738, 1.079964, -0.05593169)
(0.1198428, 1.080102, -0.05572617)
(0.1196775, 1.080231, -0.05561781)
(0.1196086, 1.080354, -0.05541384)
(0.1195769, 1.080493, -0.05525017)
(0.1195655, 1.080556, -0.05515671)
(0.1196184, 1.080763, -0.05506063)
(0.1196237, 1.080896, -0.05488193)
(0.119709, 1.080909, -0.0548768)
(0.1197228, 1.081075, -0.05476844)
(0.11971, 1.081191, -0.05460763)
(0.1196735, 1.081313, -0.05448306)
(0.1196802, 1.081457, -0.05434418)
(0.1197031, 1.0816, -0.05406022)
(0.119633, 1.081734, -0.05392897)
(0.1195583, 1.08169, -0.05369651)
(0.1195521, 1.081742, -0.05363083)
(0.1194906, 1.081878, -0.05344915)
(0.1194789, 1.081928, -0.05332041)
(0.1194537, 1.081986, -0.05333245)
(0.1193144, 1.082078, -0.05323911)
(0.1193168, 1.082144, -0.05312407)
(0.1192997, 1.082186, -0.05310929)
(0.1193299, 1.082215, -0.05297327)
(0.1193016, 1.082104, -0.05283797)
(0.1192722, 1.082053, -0.05271757)
(0.1191816, 1.08217, -0.05248773)
(0.1191463, 1.082184, -0.05233765)
(0.1190505, 1.082246, -0.05207634)
(0.1188765, 1.082278, -0.05193353)
(0.1188698, 1.082325, -0.05188692)
(0.1187932, 1.082294, -0.05197525)
(0.1186268, 1.082383, -0.05181479)
(0.1186657, 1.082405, -0.0517211)
(0.1186552, 1.082386, -0.05169582)
(0.1188242, 1.082349, -0.0515275)
(0.1188374, 1.082355, -0.05142927)
(0.1187797, 1.082349, -0.05141675)
(0.1186571, 1.082478, -0.05116558)
(0.1186738, 1.082518, -0.05107927)
(0.1187141, 1.082516, -0.05109417)
(0.1187267, 1.082661, -0.05081916)
(0.11888, 1.082609, -0.05049443)
(0.1191652, 1.082692, -0.0502727)
(0.1193962, 1.082815, -0.04997063)
(0.1197701, 1.082768, -0.04966831)
(0.1203039, 1.082633, -0.04948497)
(0.1207809, 1.082585, -0.04911852)
(0.1214552, 1.082427, -0.04890013)
(0.1221371, 1.082282, -0.04872823)
(0.1227002, 1.082132, -0.04857373)
(0.1235681, 1.082104, -0.04860675)
(0.1243751, 1.081946, -0.04854941)
(0.1251979, 1.081781, -0.04853141)
(0.1260285, 1.08162, -0.04849327)
(0.1269412, 1.081492, -0.04848623)
(0.127799, 1.081413, -0.04855776)
(0.1286931, 1.081339, -0.04854918)
(0.1296115, 1.081303, -0.04852271)
(0.1307707, 1.081178, -0.04861355)
(0.1318364, 1.081174, -0.04874361)
(0.1328537, 1.081075, -0.04866672)
(0.1337261, 1.080925, -0.0488236)
(0.1347775, 1.080738, -0.04882669)
(0.1359916, 1.080626, -0.04879475)
(0.1372583, 1.080332, -0.04917967)
(0.1385128, 1.080239, -0.0493232)
(0.1398613, 1.080193, -0.04945827)
(0.1413734, 1.080107, -0.04969156)
(0.142477, 1.079884, -0.04983187)
(0.1438434, 1.079804, -0.04991591)
(0.1452942, 1.079681, -0.04996908)
(0.1466427, 1.07954, -0.05009437)
(0.1480727, 1.079471, -0.05015898)
(0.1493125, 1.079564, -0.05014443)
(0.1507976, 1.07958, -0.05023217)
(0.1522889, 1.079563, -0.05021095)
(0.1537383, 1.079593, -0.05016935)
(0.1552222, 1.079339, -0.05002034)
(0.1568556, 1.079314, -0.05009675)
(0.1585612, 1.079191, -0.05015087)
(0.1603291, 1.079309, -0.0503602)
(0.162097, 1.079387, -0.05027461)
(0.1638978, 1.079322, -0.05039728)
(0.1656401, 1.079501, -0.05062819)
(0.1673691, 1.07954, -0.05073464)
(0.1691697, 1.079475, -0.05110455)
(0.1709578, 1.079282, -0.05125272)
(0.172936, 1.079217, -0.05150604)
(0.1747916, 1.079253, -0.05176485)
(0.176939, 1.079405, -0.05222785)
(0.17906, 1.079508, -0.05247283)
(0.1811867, 1.079603, -0.05283844)
(0.1833575, 1.079651, -0.05305958)
(0.1856487, 1.079937, -0.05329168)
(0.188175, 1.080248, -0.05355835)
(0.190105, 1.080527, -0.05372918)
(0.1922929, 1.080722, -0.05382323)
(0.1940467, 1.080587, -0.05375254)
(0.1957669, 1.080016, -0.05332661)
(0.1971977, 1.079352, -0.05261624)
(0.1985877, 1.078883, -0.05186629)
(0.1991386, 1.078725, -0.05075812)
(0.2000725, 1.078395, -0.04995692)
(0.1996953, 1.077768, -0.04851949)
(0.199753, 1.077272, -0.0473932)
(0.199399, 1.076976, -0.04595542)
(0.1993978, 1.076509, -0.04492939)
(0.1995053, 1.076364, -0.04365301)
(0.1996326, 1.076392, -0.04233241)
(0.1999285, 1.076549, -0.04126668)
(0.2002039, 1.076709, -0.04001188)
(0.2006404, 1.077045, -0.03865457)
(0.2010479, 1.077333, -0.03733826)
(0.2013297, 1.077247, -0.03566921)
(0.2016191, 1.077272, -0.03385794)
(0.201504, 1.077287, -0.03228343)
(0.2014513, 1.077299, -0.03050303)
(0.2013073, 1.077386, -0.02864134)
(0.2008352, 1.077408, -0.02673936)
(0.200671, 1.077341, -0.02487254)
(0.2005119, 1.077148, -0.02283907)
(0.2003822, 1.07675, -0.02065587)
(0.2003114, 1.076493, -0.01835704)
(0.2001426, 1.076294, -0.01620209)
(0.1998181, 1.076192, -0.01390314)
(0.1996727, 1.076123, -0.01187944)
(0.199399, 1.075823, -0.009495258)
(0.1989739, 1.075623, -0.007094145)
(0.1984892, 1.075202, -0.004502296)
(0.1980555, 1.074937, -0.001816869)
(0.197361, 1.074761, 0.001274347)
(0.1967945, 1.074329, 0.004212141)
(0.1962233, 1.073917, 0.007172108)
(0.1955559, 1.07353, 0.01037574)
(0.1949668, 1.073022, 0.0134331)
(0.1943645, 1.072415, 0.01664174)
(0.193583, 1.071832, 0.01991987)
(0.192771, 1.07116, 0.02347136)
(0.1920044, 1.07067, 0.02708077)
(0.1910944, 1.070239, 0.0311327)
(0.1902168, 1.069582, 0.03511)
(0.189383, 1.068951, 0.03892338)
(0.188489, 1.068114, 0.04318953)
(0.1876092, 1.067528, 0.04716063)
(0.1866841, 1.06683, 0.05163908)
(0.1856899, 1.066211, 0.05626369)
(0.1847143, 1.065558, 0.06082892)
(0.1835856, 1.064876, 0.06571186)
(0.1822932, 1.064069, 0.0712446)
(0.1808259, 1.063272, 0.07683837)
(0.1794324, 1.062452, 0.08219445)
(0.1779227, 1.061474, 0.08798003)
(0.176311, 1.060698, 0.09377193)
(0.1745365, 1.059985, 0.1000388)
(0.172811, 1.059327, 0.1062337)
(0.1708992, 1.0589, 0.1127871)
(0.1689048, 1.058613, 0.1195513)
(0.166714, 1.058342, 0.1270308)
(0.1644797, 1.058105, 0.1343758)
(0.1622236, 1.058137, 0.1414807)
(0.1600811, 1.058378, 0.148423)
(0.1579115, 1.058813, 0.1553624)
(0.1557596, 1.059914, 0.1620859)
(0.1539547, 1.061338, 0.1687592)
(0.151859, 1.063178, 0.1754726)
(0.149833, 1.065496, 0.1820679)
(0.1477246, 1.067953, 0.1891545)
(0.1454601, 1.070897, 0.1956378)
(0.1432223, 1.074374, 0.2017722)
(0.1409173, 1.078106, 0.2077174)
(0.1382484, 1.081373, 0.2140965)
(0.1357031, 1.085643, 0.2198821)
(0.1330822, 1.090101, 0.2253721)
(0.1303952, 1.094825, 0.2307414)
(0.1277089, 1.099683, 0.2358184)
(0.12485, 1.105008, 0.2415851)
(0.1222544, 1.110186, 0.2459064)
(0.119839, 1.115137, 0.2504258)
(0.1178465, 1.120295, 0.2545614)
(0.1158249, 1.125485, 0.2583745)
(0.1139202, 1.130762, 0.2619967)
(0.1121774, 1.135858, 0.2655261)
(0.1109416, 1.141292, 0.2681394)
(0.1094062, 1.146395, 0.2711515)
(0.1075559, 1.152162, 0.2742391)
(0.1063285, 1.157399, 0.2766585)
(0.105077, 1.16256, 0.278923)
(0.1036792, 1.167637, 0.2812796)
(0.1025741, 1.172764, 0.2833295)
(0.101558, 1.177144, 0.2850199)
(0.1005821, 1.181413, 0.2869997)
(0.09971285, 1.185696, 0.2886167)
(0.0987711, 1.189429, 0.2902555)
(0.09767485, 1.193562, 0.2922275)
(0.09714341, 1.196681, 0.2935059)
(0.09637952, 1.199761, 0.2949228)
(0.09582329, 1.202386, 0.296675)
(0.09535527, 1.205271, 0.2980649)
(0.09461761, 1.207473, 0.299542)
(0.09415817, 1.209219, 0.3009565)
(0.09356976, 1.21057, 0.3023629)
(0.09307718, 1.212061, 0.3036325)
(0.09254432, 1.213376, 0.305305)
(0.09225273, 1.214284, 0.306478)
(0.09193349, 1.214974, 0.3076863)
(0.09170866, 1.215655, 0.3091855)
(0.09143496, 1.216321, 0.3105378)
(0.09116268, 1.216702, 0.311986)
(0.09107661, 1.217107, 0.3134959)
(0.09083915, 1.217094, 0.3150342)
(0.0905726, 1.217309, 0.3167632)
(0.0903964, 1.217475, 0.3182156)
(0.09009862, 1.217576, 0.3199031)
(0.08987331, 1.217772, 0.3214004)
(0.08972549, 1.217968, 0.323019)
(0.08933377, 1.218001, 0.3248224)
(0.08925653, 1.218131, 0.3265231)
(0.08946466, 1.218184, 0.3283505)
(0.08951688, 1.218133, 0.3303168)
(0.0897851, 1.218221, 0.3321693)
(0.09036922, 1.218234, 0.3341622)
(0.09062338, 1.218123, 0.3363457)
(0.0912652, 1.218256, 0.3384638)
(0.09191298, 1.218367, 0.3404951)
(0.09243679, 1.218302, 0.3427315)
(0.09324718, 1.218302, 0.3449094)
(0.09414053, 1.218169, 0.3471932)
(0.09493876, 1.218006, 0.3495121)
(0.09591341, 1.217642, 0.3522339)
(0.09675145, 1.217346, 0.3548951)
(0.09778047, 1.216885, 0.3575618)
(0.09906363, 1.216621, 0.3601832)
(0.1003065, 1.216069, 0.3628042)
(0.1016967, 1.215735, 0.3652973)
(0.1032453, 1.215174, 0.3681169)
(0.1047025, 1.214561, 0.3708386)
(0.1064239, 1.213917, 0.3738053)
(0.1084771, 1.213319, 0.3772535)
(0.1105025, 1.212751, 0.3803239)
(0.1124136, 1.211925, 0.3837204)
(0.1145952, 1.211304, 0.3870261)
(0.1165442, 1.210772, 0.3904974)
(0.1187508, 1.210121, 0.3938055)
(0.1211309, 1.209542, 0.3973763)
(0.1234834, 1.209156, 0.4011455)
(0.1260576, 1.20901, 0.4050083)
(0.1290064, 1.208954, 0.4095809)
(0.1315925, 1.208707, 0.4134924)
(0.1343825, 1.208198, 0.4177191)
(0.1372595, 1.207893, 0.4219267)
(0.1404114, 1.207868, 0.4258356)
(0.143564, 1.208051, 0.4299605)
(0.1470904, 1.208968, 0.4342699)
(0.1506362, 1.210007, 0.438354)
(0.1539705, 1.211145, 0.4424736)
(0.1579897, 1.212701, 0.4471481)
(0.1618252, 1.214108, 0.4512668)
(0.1655996, 1.216561, 0.4555368)
(0.1694012, 1.218871, 0.4597011)
(0.1733651, 1.221789, 0.4633656)
(0.1770589, 1.224565, 0.4675465)
(0.1811399, 1.228147, 0.4717)
(0.1852007, 1.231719, 0.4754348)
(0.1890454, 1.235606, 0.4793489)
(0.1934206, 1.239924, 0.4834816)
(0.1971307, 1.244269, 0.4873087)
(0.200695, 1.248728, 0.4907565)
(0.2043486, 1.252996, 0.4943886)
(0.2079089, 1.257319, 0.4976964)
(0.2114832, 1.261811, 0.5006113)
(0.2146404, 1.265922, 0.5034125)
(0.2177572, 1.269991, 0.5063775)
(0.2206562, 1.274254, 0.508594)
(0.2234552, 1.278609, 0.5112686)
(0.2257509, 1.282667, 0.5137777)
(0.227704, 1.286633, 0.5158453)
(0.2297108, 1.290747, 0.5176857)
(0.2313623, 1.294792, 0.5195236)
(0.2331822, 1.298792, 0.5212975)
(0.2350414, 1.302721, 0.5229108)
(0.2367527, 1.306618, 0.5243323)
(0.2386763, 1.310491, 0.5255606)
(0.2407777, 1.314484, 0.5270185)
(0.2422502, 1.318179, 0.5283809)
(0.2440572, 1.321768, 0.5293984)
(0.2458847, 1.325065, 0.5306237)
(0.2470801, 1.328032, 0.5316815)
(0.2486298, 1.331118, 0.5326369)
(0.2498245, 1.333351, 0.5336721)
(0.2508996, 1.33584, 0.5347114)
(0.2519548, 1.337767, 0.5358374)
(0.2530971, 1.339671, 0.5369644)
(0.2538884, 1.341213, 0.5383723)
(0.2550921, 1.342629, 0.5391147)
(0.2559705, 1.343901, 0.5402715)
(0.2567778, 1.344738, 0.5414281)
(0.2577984, 1.345637, 0.5422263)
(0.2585413, 1.34624, 0.5432885)
(0.259222, 1.346827, 0.5442252)
(0.2598066, 1.34729, 0.5453141)
(0.2603395, 1.347829, 0.5466714)
(0.2605426, 1.348506, 0.5480337)
(0.2607646, 1.348957, 0.5494094)
(0.2611535, 1.349468, 0.5509987)
(0.2611969, 1.349894, 0.5523386)
(0.261168, 1.350081, 0.5539832)
(0.2612853, 1.350497, 0.5555017)
(0.2614546, 1.350795, 0.5568178)
(0.2613993, 1.350975, 0.5586393)
(0.2614679, 1.351246, 0.5604055)
(0.2615216, 1.351302, 0.5618343)
(0.2615321, 1.351387, 0.5634816)
(0.2615757, 1.351548, 0.5650742)
(0.2615662, 1.35138, 0.5666409)
(0.2614009, 1.35124, 0.5681689)
(0.2613289, 1.351018, 0.5696204)
(0.2613628, 1.350535, 0.5708301)
(0.2611322, 1.350264, 0.5718722)
(0.2607412, 1.350048, 0.5731156)
(0.2599926, 1.350118, 0.5743849)
(0.2593114, 1.35002, 0.575376)
(0.258729, 1.349972, 0.5765152)
(0.2578542, 1.349987, 0.5777354)
(0.2568824, 1.349852, 0.5788145)
(0.2558999, 1.349823, 0.5798984)
(0.2549312, 1.349757, 0.5808949)
(0.2536602, 1.34974, 0.5819468)
(0.252265, 1.349865, 0.5831943)
(0.2509, 1.350131, 0.5844259)
(0.2494617, 1.350574, 0.5856316)
(0.2480664, 1.351002, 0.5868859)
(0.2466936, 1.351453, 0.5878687)
(0.2452121, 1.351996, 0.58903)
(0.2438328, 1.352471, 0.5904095)
(0.2420495, 1.352987, 0.5918026)
(0.2406633, 1.353141, 0.5928643)
(0.23914, 1.353035, 0.593807)
(0.2377696, 1.352799, 0.5949082)
(0.2365854, 1.35251, 0.5958731)
(0.2352121, 1.352181, 0.5967789)
(0.2339289, 1.351833, 0.5979939)
(0.232713, 1.351603, 0.5989273)
(0.2313964, 1.35132, 0.5999072)
(0.2299962, 1.351046, 0.6008863)
(0.2287672, 1.350874, 0.6016603)
(0.22732, 1.350618, 0.6025739)
(0.2260768, 1.350524, 0.6034665)
(0.2247539, 1.350684, 0.6041548)
(0.2234333, 1.350801, 0.6047976)
(0.2221944, 1.351246, 0.6055999)
(0.2208226, 1.351506, 0.6064174)
(0.2197375, 1.351869, 0.6070418)
(0.2186787, 1.352218, 0.607867)
(0.2177234, 1.352264, 0.6084597)
(0.2168882, 1.352291, 0.6091363)
(0.2159965, 1.352266, 0.6097085)
(0.2152402, 1.352002, 0.6103837)
(0.2146342, 1.352007, 0.6111825)
(0.2140248, 1.351947, 0.6116157)
(0.2136741, 1.352208, 0.6117265)
(0.2133102, 1.35228, 0.6122804)
(0.2125192, 1.352386, 0.612633)
(0.2121744, 1.352476, 0.6127772)
(0.2118654, 1.352545, 0.6130877)
(0.2112174, 1.352475, 0.6129394)
(0.2108839, 1.352475, 0.6129966)
(0.2106321, 1.352584, 0.6133506)
(0.2102423, 1.352573, 0.6130061)
(0.2098804, 1.352627, 0.6130085)
(0.2096782, 1.35273, 0.6131406)
(0.2095256, 1.352634, 0.6128397)
(0.2095394, 1.352836, 0.6124697)
(0.2095304, 1.352931, 0.6122968)
(0.209374, 1.353016, 0.6120124)
(0.2094462, 1.353028, 0.6117003)
(0.2097929, 1.352906, 0.6112423)
(0.209691, 1.352977, 0.6107433)
(0.2098234, 1.353071, 0.6102607)
(0.2099507, 1.353085, 0.6095827)
(0.2104988, 1.35296, 0.6087995)
(0.2109156, 1.353259, 0.6080329)
(0.2112019, 1.353319, 0.6071968)
(0.2120836, 1.353245, 0.6065996)
(0.2126009, 1.353381, 0.60589)
(0.2131474, 1.353412, 0.6048436)
