(-7437.242, 190.7999, 411.1779)
(-50.85627, 26.42566, 18.72305)
(-61.04338, 40.74074, 19.25882)
(-73.05431, 57.46423, 7.396043)
(-93.59479, 72.17056, 0.7731857)
(-118.0104, 86.61363, -20.67398)
(-102.0269, 89.31509, 7.596842)
(-96.97012, 125.0207, 16.83759)
(-107.0761, 105.4914, 3.830742)
(-100.2563, 99.56628, 26.15021)
(-106.8654, 119.7405, 33.99055)
(-107.5554, 104.1281, 18.37976)
(-115.8352, 105.1628, 13.96181)
(-124.4447, 91.42609, -4.410343)
(-121.4925, 85.87565, 0.3886275)
(-120.6656, 92.46621, 6.385824)
(-111.1804, 71.0007, 15.82084)
(-106.0845, 64.34917, 24.28931)
(-106.9385, 60.12591, 28.18768)
(-113.1484, 72.56447, 27.13051)
(-109.0623, 56.06079, 39.64153)
(-113.0299, 60.26664, 38.81954)
(-103.6284, 36.77031, 44.34615)
(-134.1956, 35.06672, 60.89757)
(-114.4261, 34.40762, 48.53727)
(-113.803, 11.79604, 66.6514)
(-123.9649, -0.07560546, 41.66509)
(-115.3809, -10.34565, 68.63602)
(-112.1342, -6.253609, 69.20531)
(-99.48342, -23.18026, 74.21627)
(-104.9106, -31.9046, 87.81918)
(-99.1806, -41.5017, 91.3447)
(-89.23398, -44.63523, 90.24885)
(-99.09884, -36.95233, 86.61723)
(-92.8262, -55.967, 95.18903)
(-92.80227, -54.51948, 93.59377)
(-90.48485, -69.83359, 94.37181)
(-90.38887, -77.49579, 93.6944)
(-85.80064, -80.26588, 89.40968)
(-86.14266, -91.11301, 92.86598)
(-85.99017, -88.77647, 91.59321)
(-86.42129, -83.97272, 92.75072)
(-80.64984, -89.85097, 90.73318)
(-85.02392, -85.77492, 88.03866)
(-88.37843, -84.96943, 87.9928)
(-80.73338, -94.41159, 77.02293)
(-84.35201, -84.93188, 72.41625)
(-87.39921, -84.01919, 61.84693)
(-76.01347, -84.945, 58.77071)
(-64.00162, -66.59229, 49.99437)
(-60.33334, -58.56655, 54.55499)
(-30.0499, -61.87209, 53.35284)
(-19.00849, -45.88868, 45.28716)
(-25.719, -53.22086, 46.87822)
(16.74031, -59.19268, 40.4492)
(23.12611, -46.16645, 22.50381)
(18.74038, -52.54189, 8.489941)
(57.91193, -50.26724, 16.41283)
