0.370131
0.3287328
0.3029051
0.2983817
0.2803473
0.2498507
0.214041
0.2070748
0.2024739
0.1945764
0.1901074
0.1811949
0.1781745
0.1710483
0.1610211
0.1315347
0.1200239
0.1174364
0.09963087
0.1128564
0.1176758
0.1159487
0.1045974
0.09322157
0.07727271
0.06310341
0.06821091
0.04182041
0.02781234
0.0321516
0.02866489
0.02457399
0.02033677
0.01404189
0.006386922
0.005256601
0.01172426
0.006450542
0.009946626
0.0131921
0.01682293
0.01794572
0.02283551
0.02431254
0.02547194
0.02809491
0.02571499
MSE 0.1096837
total_moving_Distance 0.6928962