0.2474452
0.2300739
0.2082982
0.1893111
0.1707313
0.1488932
0.1360406
0.1203026
0.1099706
0.0976903
0.08207532
0.07618155
0.07101412
0.06570632
0.06417326
0.05968183
0.05662199
0.05203231
0.04521104
0.04004538
0.08938058
0.09846689
0.1080917
0.1064143
0.1029585
0.108126
0.1038919
0.09862147
0.09633324
0.09624325
0.09429085
0.09612233
0.09191974
0.08752858
0.08395485
0.08327511
0.07793233
0.07439424
0.0756641
0.07272396
0.07106072
0.06951682
0.0681422
0.06613223
0.0690584
0.06982381
0.06949019
0.06967977
0.06961576
0.06745955
0.06667759
0.0645343
0.06344298
0.06339671
0.06051839
0.05944152
0.05859298
0.0589785
0.05947721
0.06184721
0.06289794
0.06484725
0.06120369
0.05698882
0.05491538
0.04976459
0.04706096
0.04011976
0.03859033
0.04031996
0.04439159
0.04264959
0.04230142
0.04383621
MSE 0.08262984
total_moving_Distance 0.7126312