0.210737
0.2088002
0.188646
0.1932722
0.1815433
0.1823904
0.1419792
0.2970125
0.2492963
0.1928913
0.1514122
0.1059358
0.09340411
0.07801697
0.05618859
0.05449877
0.05191472
0.04577328
0.04706315
0.04821634
0.0505224
0.05586262
0.05974441
0.0631965
0.06030903
0.06434647
0.05945698
0.06498221
0.06354533
0.06090192
0.0632697
0.06051664
0.05690236
0.05396621
0.05697789
0.05490704
0.06100259
0.05501032
0.05117701
0.05143182
0.0458327
0.03556165
0.03027313
MSE 0.0943881
total_moving_Distance 0.3106439