0.4138451
0.4018863
0.370104
0.3292738
0.2949146
0.2521368
0.2174179
0.2135133
0.2129609
0.2188064
0.1991575
0.1903482
0.1831871
0.1772456
0.1843339
0.1855864
0.1784589
0.1742781
0.1709992
0.1517251
0.1397601
0.1535733
0.1386647
0.0919661
0.08692967
0.09701153
0.09003206
0.08575537
0.07477444
0.05980386
0.06012175
0.05670874
0.0382462
0.02834296
0.01601333
0.01558628
0.01897685
0.01176682
0.01443473
0.01106842
0.008845395
0.0159732
0.0308594
0.04753087
MSE 0.1389301
total_moving_Distance 0.6239649