0.0161733
0.0064759
0.0103743
0.010974
0.0155929
0.0064532
0.0121231
0.0108706
0.0155139
0.006365
0.0112192
0.0110718
0.0159326
0.0068828
0.010001
0.0120608
0.0158454
0.0061767
0.010906
0.0110867
0.0154911
0.0107263
0.0066523
0.0110584
0.0156619
0.007305
0.0110146
0.0109754
0.0163524
0.0061753
0.0104273
0.0110786
0.0158799
0.007026
0.0111386
0.0110651
0.0156646
0.0061323
0.0110996
0.0110024
0.015711
0.0064845
0.0118151
0.0110505
0.0162889
0.0073088
0.0094289
0.0110462
0.0160209
0.0112078
0.0055503
0.0120741
0.0154039
0.0066462
