(-2386.683, 285.3788, -269.6016)
(5.387302, 95.67032, 38.18037)
(0, 0, 0)
(-38.03857, 235.1989, 114.4476)
(-107.0239, 255.4523, 77.46349)
(-89.72816, 175.0403, 45.65314)
(-90.40915, 150.1835, 32.69812)
(-58.57429, 130.1807, 34.58382)
(-40.70702, 52.22008, 11.17021)
(-161.7843, 203.2835, 39.522)
(-124.8088, 76.56335, 2.366628)
(-159.3291, 125.2704, 11.20445)
(-103.0284, 73.6814, 8.688849)
(-118.894, 44.55829, -3.773765)
(-129.1244, 62.95655, -2.667938)
(-85.77586, 33.00805, 6.207615)
(-154.8511, 29.90807, -1.422671)
(-205.2245, 57.75617, -2.499676)
(-137.1218, 19.17138, 6.413949)
(-170.1111, 14.71774, 1.1355)
(-132.5157, 21.61144, -2.914748)
(-67.70438, -1.349694, -5.776491)
(-305.1138, 26.56271, -37.72278)
(-226.4728, 10.6102, -46.50941)
(-173.3476, 13.73642, -28.56021)
(-164.8727, -5.700457, -39.82351)
(-132.018, -5.161855, -29.82688)
(-122.3741, -4.871917, -27.70903)
(-164.6912, -5.177462, -32.19926)
(-224.6827, 4.447715, -36.24551)
(-141.5064, -0.01394976, -20.3645)
(-101.7295, 2.994164, -11.52205)
(-139.2374, 2.285402, -12.31492)
(-209.0548, -7.511112, -30.05081)
(-63.82513, 1.135473, -8.043451)
(-179.8572, -5.218107, -29.42051)
(-96.87449, -10.03459, -16.82489)
(-128.5502, -18.81308, -29.94562)
(-87.82044, -11.95189, -26.26454)
(-45.17892, 0.3064446, -23.37801)
(-58.87244, 0.3603039, -40.23312)
(-80.83829, -18.23091, -63.76437)
(-37.23824, -14.12639, -35.60676)
(-65.69896, -26.57269, -63.22467)
(-108.4815, -83.36589, -4.435851)
(0, 0, 0)
(-59.15808, -44.96799, -54.98401)
(0, 0, 0)
(-73.49574, -63.76803, -7.28524)
(-14.41502, -0.2145731, -16.15199)
(19.7822, -30.9909, -32.6476)
(5.586034, -33.88322, -51.95911)
