(299.8155, 347.0705, 34.34947)
(300.0142, 346.5561, 34.92763)
(300.0482, 346.6286, 34.66255)
(299.9276, 347.1816, 34.25652)
(299.7951, 346.9444, 34.53791)
(299.7951, 346.9444, 34.53791)
(300.0187, 346.6321, 34.80365)
(300.089, 346.8173, 34.64832)
(299.9279, 346.9489, 34.44367)
(299.7776, 346.9206, 34.46374)
(299.6098, 346.7355, 34.57086)
(299.6006, 346.8077, 34.50679)
(299.7433, 346.643, 34.69876)
(299.8782, 346.7095, 34.58107)
(299.8998, 346.8148, 34.56013)
(299.843, 346.6289, 34.6787)
(299.791, 346.6582, 34.689)
(299.7946, 346.6123, 34.72248)
(299.7027, 346.6876, 34.61252)
(299.7965, 346.7302, 34.62304)
(299.8701, 346.3405, 34.96602)
(299.8601, 346.1989, 34.95066)
(299.6661, 346.7253, 34.51958)
(299.6351, 346.4513, 34.69297)
(299.6376, 346.4203, 34.77127)
(299.7163, 346.4284, 34.79836)
(299.7683, 346.4525, 34.75594)
(299.7532, 346.6124, 34.64315)
(299.7778, 346.4942, 34.7483)
(299.7209, 346.4116, 34.82687)
(299.6894, 346.4098, 34.83121)
(299.6918, 346.3426, 34.85151)
(299.679, 346.415, 34.75562)
(299.6203, 346.3632, 34.7547)
(299.5482, 346.4074, 34.70472)
(299.5573, 346.4117, 34.78037)
(299.6826, 346.2619, 34.92802)
(299.7579, 346.3199, 34.91687)
(299.771, 346.3433, 34.91306)
(299.6582, 346.3032, 34.93421)
(299.5647, 346.3092, 34.94673)
(299.5697, 346.2083, 35.00478)
(299.6653, 346.342, 34.91595)
(299.7339, 346.2951, 34.95148)
(299.6821, 346.2846, 34.92504)
(299.6389, 346.3169, 34.95134)
(299.5549, 346.26, 34.97317)
(299.5823, 346.4551, 34.87854)
(299.7267, 346.4167, 34.952)
(299.8459, 346.0446, 35.31984)
(299.7627, 346.1784, 35.09506)
