0.02162811
0.02944728
0.03500124
0.05246517
0.08827147
0.1197144
0.1505943
0.1505943
0.1647215
0.1811912
0.1972129
0.2138184
0.2296685
0.2449441
0.2621759
0.277188
0.2894231
0.3040762
0.3123704
0.1986321
0.2128107
0.2128107
0.2200739
0.223122
0.2224294
0.2224294
0.2241049
0.2232942
0.2229856
0.2203605
0.2180952
0.2153635
0.212363
0.2092385
0.2054955
0.07700944
0.07291712
0.0692389
0.06691527
0.06374647
0.06178785
0.05974412
0.0563519
0.05177116
0.04577851
0.04091024
0.03850543
0.03614342
0.03496933
0.03496933
0.02954568
0.02538313
0.0212332
0.01654196
0.01380515
