0.0206251
0.02316319
0.03005873
0.03005873
0.03537296
0.04527389
0.05902718
0.07080579
0.07992493
0.08755694
0.09561992
0.1005103
0.1064405
0.1194246
0.1290247
0.1399115
0.148676
0.1564487
0.1639722
0.1679235
0.1731845
0.1781434
0.1831211
0.1886426
0.1945581
0.1978088
0.2001537
0.2030667
0.201521
0.2018515
0.2006938
0.2006938
0.200315
0.1999993
0.1991429
0.1978322
0.1965127
0.07330179
0.0708437
0.067765
0.06494594
0.06135357
0.05887831
0.05553665
0.05164457
0.04564965
0.04158807
0.03757179
0.03393688
0.03003455
0.02501774
0.01868737
0.01214685
