0.3417571
0.3370598
0.3249942
0.3204913
0.3094287
0.2918968
0.2817807
0.2659164
0.2474291
0.2404386
0.2248699
0.1995647
0.1986873
0.1851659
0.1592185
0.1551469
0.1364027
0.1120561
0.09901647
0.08827272
0.09060838
0.09815033
0.0540301
0.03099285
0.04388547
0.03952665
0.02708414
0.02981555
0.02606263
0.01713005
0.01862988
0.01186657
0.006227699
0.003431413
0.005593641
0.01108625
0.01694505
0.01966326
0.0236406
0.03432644
0.04502432
0.05308598
0.06523483
0.08087427
MSE 0.1221025
total_moving_Distance 0.382687