(-0.1265623, -0.6991493, 0.7036848)
(-0.1266912, -0.6994165, 0.703396)
(-0.126538, -0.6994815, 0.7033589)
(-0.127576, -0.7001277, 0.7025281)
(-0.1281252, -0.701322, 0.7012357)
(-0.1281441, -0.701944, 0.7006095)
(-0.127383, -0.7021817, 0.7005101)
(-0.1276195, -0.7025321, 0.7001157)
(-0.1278457, -0.7024809, 0.7001258)
(-0.1274764, -0.703208, 0.6994629)
(-0.1276716, -0.7042731, 0.6983547)
(-0.1281264, -0.7053633, 0.6971702)
(-0.1284325, -0.706473, 0.6959892)
(-0.1287126, -0.7075403, 0.6948524)
(-0.128796, -0.7086154, 0.6937405)
(-0.1280988, -0.709292, 0.6931779)
(-0.1274547, -0.7101797, 0.6923872)
(-0.1265209, -0.7106652, 0.6920603)
(-0.1261735, -0.711227, 0.6915464)
(-0.1262909, -0.7120121, 0.6907166)
(-0.1261631, -0.7126663, 0.690065)
(-0.1261417, -0.7130498, 0.6896725)
(-0.1263263, -0.7136074, 0.6890618)
(-0.1267011, -0.7141398, 0.6884412)
(-0.1273963, -0.7145716, 0.6878646)
(-0.127702, -0.7150489, 0.6873116)
(-0.1278019, -0.7157935, 0.6865176)
(-0.127445, -0.7164937, 0.6858531)
(-0.1276571, -0.71723, 0.6850436)
(-0.1274771, -0.7175107, 0.6847832)
(-0.127088, -0.7173192, 0.6850561)
(-0.1262718, -0.7170345, 0.685505)
(-0.1262206, -0.7177806, 0.6847331)
(-0.1262998, -0.7178491, 0.6846466)
(-0.1259473, -0.7176545, 0.6849156)
(-0.1253676, -0.7181082, 0.6845463)
(-0.1244479, -0.718149, 0.6846713)
(-0.1237407, -0.7180855, 0.684866)
(-0.1231248, -0.7178819, 0.6851905)
(-0.1228803, -0.7176226, 0.6855058)
(-0.1225743, -0.7178804, 0.6852907)
(-0.1223568, -0.7182443, 0.6849481)
(-0.1223619, -0.7185575, 0.6846187)
(-0.1223905, -0.7187787, 0.6843812)
(-0.122108, -0.7189636, 0.6842376)
(-0.1217848, -0.7190862, 0.6841663)
(-0.1217348, -0.7191473, 0.684111)
(-0.1215441, -0.7186946, 0.6846204)
(-0.1210543, -0.7181014, 0.6853293)
(-0.1209333, -0.7179331, 0.685527)
(-0.1207175, -0.7178208, 0.6856826)
(-0.1198245, -0.7178076, 0.6858531)
(-0.1194593, -0.7180204, 0.6856939)
(-0.119458, -0.7180426, 0.6856709)
(-0.1192629, -0.7176206, 0.6861465)
(-0.1189376, -0.717327, 0.6865099)
(-0.1188515, -0.7172272, 0.6866291)
(-0.1190229, -0.7166916, 0.6871585)
(-0.119423, -0.7159867, 0.6878235)
(-0.1203783, -0.7154761, 0.6881882)
(-0.1214882, -0.7155032, 0.687965)
(-0.1224767, -0.7154971, 0.687796)
(-0.1233575, -0.7154692, 0.6876676)
(-0.1245392, -0.7154199, 0.6875059)
(-0.1254604, -0.7156052, 0.6871455)
(-0.1259011, -0.7154456, 0.6872311)
(-0.1259224, -0.715294, 0.6873848)
(-0.1256819, -0.7155758, 0.6871356)
(-0.1259982, -0.7157997, 0.6868444)
(-0.1271861, -0.7166218, 0.6857674)
(-0.1287717, -0.7174966, 0.6845556)
(-0.1301379, -0.7180862, 0.6836785)
(-0.1308754, -0.7180794, 0.6835449)
(-0.1310153, -0.7182295, 0.6833603)
(-0.131786, -0.7189088, 0.6824973)
(-0.1332461, -0.7205436, 0.6804869)
(-0.133122, -0.7212973, 0.6797124)
(-0.1311058, -0.7210132, 0.6804052)
(-0.129277, -0.7215047, 0.6802341)
(-0.1291625, -0.7230273, 0.6786373)
(-0.129992, -0.7242779, 0.6771437)
(-0.1287705, -0.7250105, 0.6765928)
(-0.1263371, -0.7260904, 0.6758932)
(-0.123851, -0.7275029, 0.6748336)
(-0.1216211, -0.7290969, 0.6735175)
(-0.1186393, -0.7310929, 0.6718838)
(-0.1152088, -0.7332849, 0.6700897)
(-0.1129887, -0.7352899, 0.6682681)
(-0.1090652, -0.7363971, 0.6677006)
(-0.104677, -0.7367468, 0.6680171)
(-0.09929903, -0.7375135, 0.6679922)
(-0.09416707, -0.7395945, 0.6664327)
(-0.08793102, -0.7431858, 0.663282)
(-0.08393027, -0.7457198, 0.6609521)
(-0.08020343, -0.7485501, 0.6582098)
(-0.07649855, -0.7498268, 0.6571969)
(-0.07128215, -0.7508008, 0.656671)
(-0.06508574, -0.752763, 0.6550661)
(-0.06057818, -0.7553978, 0.6524603)
(-0.05789673, -0.7591858, 0.6482939)
(-0.0543419, -0.7621475, 0.6451188)
(-0.05105294, -0.7628549, 0.6445509)
(-0.04777455, -0.7625917, 0.6451136)
(-0.04469563, -0.763126, 0.6447023)
(-0.04169966, -0.7639995, 0.6438679)
(-0.03802903, -0.7659835, 0.6417343)
(-0.03769433, -0.7702125, 0.6366725)
(-0.04016444, -0.7741964, 0.6316698)
(-0.04445471, -0.7753355, 0.629983)
(-0.04423605, -0.7748169, 0.6306362)
(-0.04198346, -0.7736077, 0.6322725)
(-0.04165512, -0.7741873, 0.6315845)
(-0.04352072, -0.7759431, 0.6292998)
(-0.04673116, -0.7783506, 0.6260883)
(-0.04982904, -0.7808413, 0.6227391)
(-0.05180478, -0.7829003, 0.6199867)
(-0.0530632, -0.7841862, 0.6182526)
(-0.05451748, -0.7846049, 0.6175945)
(-0.0557292, -0.7849664, 0.6170267)
(-0.05687045, -0.7849899, 0.6168927)
(-0.05731106, -0.7849717, 0.6168751)
(-0.05701365, -0.7857465, 0.6159154)
(-0.05612063, -0.7863116, 0.615276)
(-0.05599399, -0.7855643, 0.6162413)
(-0.05512404, -0.7845808, 0.6175714)
(-0.05499098, -0.7851096, 0.6169108)
(-0.05719042, -0.7872801, 0.6139376)
(-0.06063873, -0.7884423, 0.6121126)
(-0.06281772, -0.7875077, 0.6130952)
(-0.0630735, -0.7861816, 0.6147686)
(-0.06412072, -0.7857982, 0.6151502)
(-0.06682666, -0.785984, 0.6146245)
(-0.06941004, -0.7863995, 0.6138063)
(-0.07216623, -0.7870477, 0.6126565)
(-0.07565451, -0.7872443, 0.6119827)
(-0.08310913, -0.7871058, 0.6111934)
(-0.08900416, -0.7866008, 0.6110134)
(-0.09419672, -0.7855714, 0.6115592)
(-0.09566134, -0.7845123, 0.6126903)
(-0.09662226, -0.7840497, 0.6131315)
(-0.09945497, -0.7844383, 0.6121808)
(-0.1063069, -0.7842167, 0.6113126)
(-0.1144675, -0.783074, 0.6113038)
(-0.1230282, -0.7789899, 0.6148486)
(-0.1280366, -0.7733761, 0.6208833)
(-0.1319783, -0.7704359, 0.6237069)
(-0.1317786, -0.7703416, 0.6238656)
(-0.132058, -0.7708467, 0.6231822)
(-0.1339252, -0.7696179, 0.6243015)
(-0.1349064, -0.7646571, 0.6301585)
(-0.1321044, -0.7595675, 0.6368718)
(-0.1270976, -0.7557902, 0.6423609)
(-0.1215185, -0.7543785, 0.645094)
(-0.1139777, -0.7606402, 0.6390896)
(-0.1119181, -0.7649186, 0.6343296)
(-0.1152866, -0.7659496, 0.6324794)
(-0.1249324, -0.7645765, 0.6323091)
(-0.1338615, -0.7634557, 0.6318359)
(-0.1467929, -0.7629064, 0.6296235)
(-0.1569626, -0.7669712, 0.622188)
(-0.1627854, -0.7727438, 0.6134884)
(-0.1671943, -0.7777602, 0.6059169)
(-0.1726369, -0.7840856, 0.5961596)
(-0.1806092, -0.7876049, 0.589117)
(-0.190985, -0.7916057, 0.5804181)
(-0.1978611, -0.7951301, 0.5732532)
(-0.2016486, -0.7953208, 0.5716666)
(-0.1995395, -0.7904137, 0.5791633)
(-0.1959713, -0.7879757, 0.5836862)
(-0.1969301, -0.7894939, 0.5813071)
(-0.2007608, -0.7911644, 0.5777146)
(-0.2055957, -0.7932498, 0.5731363)
(-0.2099601, -0.7951536, 0.5689003)
(-0.2151072, -0.7980885, 0.5628353)
(-0.2193442, -0.8003101, 0.5580249)
(-0.2237603, -0.8014027, 0.5546936)
(-0.2280429, -0.8013691, 0.5529954)
(-0.230851, -0.801428, 0.5517437)
(-0.2332052, -0.8020275, 0.5498793)
(-0.2354304, -0.80284, 0.5477413)
(-0.2373059, -0.80404, 0.5451657)
(-0.2390834, -0.8052164, 0.5426469)
(-0.241837, -0.8058761, 0.5404429)
(-0.2447315, -0.8061817, 0.5386814)
(-0.2471099, -0.8052137, 0.5390432)
(-0.2473409, -0.8041064, 0.5405881)
(-0.2470611, -0.8034967, 0.5416216)
(-0.2472223, -0.8039937, 0.5408099)
(-0.2467701, -0.8045215, 0.5402311)
(-0.2457378, -0.804334, 0.5409804)
(-0.2460092, -0.8044802, 0.5406395)
(-0.2469915, -0.8048428, 0.539651)
(-0.2473553, -0.8048801, 0.5394287)
(-0.2472641, -0.804395, 0.5401936)
(-0.2470999, -0.8039285, 0.5409627)
(-0.2483154, -0.8036377, 0.5408382)
(-0.2496643, -0.8036123, 0.5402546)
(-0.2506784, -0.8036553, 0.5397209)
(-0.2525814, -0.8025924, 0.5404148)
(-0.254549, -0.8011779, 0.5415891)
(-0.2562189, -0.798981, 0.5440416)
(-0.2566251, -0.7971017, 0.5466007)
(-0.2567424, -0.7961141, 0.5479832)
(-0.2576022, -0.7955917, 0.5483384)
(-0.2601609, -0.7951599, 0.5477563)
(-0.2637339, -0.7934314, 0.5485536)
(-0.2648159, -0.7911789, 0.551279)
(-0.2613893, -0.7897074, 0.5550117)
(-0.2576761, -0.789802, 0.5566111)
(-0.2551181, -0.7913997, 0.5555189)
(-0.2558108, -0.7923907, 0.553785)
(-0.2579079, -0.7941352, 0.5503026)
(-0.2578952, -0.7957526, 0.5479671)
(-0.2568868, -0.7952569, 0.5491591)
(-0.2547203, -0.794327, 0.5515091)
(-0.2509855, -0.7939696, 0.5537315)
(-0.2486059, -0.79453, 0.554001)
(-0.2481214, -0.7966466, 0.5511715)
(-0.2498924, -0.8007247, 0.5444206)
(-0.2510321, -0.8033443, 0.5400193)
(-0.2501875, -0.8041434, 0.5392213)
(-0.2443705, -0.7998716, 0.5481683)
(-0.2363354, -0.7945437, 0.5593263)
(-0.231202, -0.7905743, 0.5670432)
(-0.2236692, -0.78908, 0.5721232)
(-0.2164259, -0.7903202, 0.5731962)
(-0.2113298, -0.7909225, 0.574266)
(-0.2106118, -0.7933765, 0.571136)
(-0.2130242, -0.7953942, 0.5674229)
(-0.2132445, -0.7977976, 0.5639554)
(-0.2106141, -0.7987766, 0.563558)
(-0.2034681, -0.7985793, 0.5664556)
(-0.1960398, -0.7992554, 0.5681189)
(-0.1910672, -0.8006296, 0.5678781)
(-0.1874589, -0.8030849, 0.5656092)
(-0.1855104, -0.8037207, 0.5653485)
(-0.185448, -0.8057728, 0.5624405)
(-0.1842552, -0.8079504, 0.5597017)
(-0.1824697, -0.8080401, 0.5601572)
(-0.1813411, -0.8050543, 0.5648035)
(-0.1776129, -0.7986753, 0.5749535)
(-0.1702573, -0.7929205, 0.5850552)
(-0.1639461, -0.791345, 0.5889777)
(-0.160431, -0.7917006, 0.5894675)
(-0.1596495, -0.7928945, 0.5880734)
(-0.1598356, -0.7935965, 0.5870751)
(-0.1591452, -0.7925498, 0.5886744)
(-0.156869, -0.790235, 0.5923855)
(-0.1542533, -0.787666, 0.59648)
(-0.151409, -0.7847492, 0.6010358)
(-0.1488133, -0.782373, 0.6047704)
(-0.1465908, -0.7803084, 0.607972)
(-0.1448828, -0.7785897, 0.6105793)
(-0.1435303, -0.7767045, 0.6132938)
(-0.14165, -0.7745782, 0.6164122)
(-0.1397153, -0.7723611, 0.6196274)
(-0.1373318, -0.7699596, 0.623139)
(-0.1352033, -0.7668853, 0.6273811)
(-0.1334831, -0.763376, 0.6320121)
(-0.1318575, -0.7608469, 0.6353942)
(-0.1306339, -0.7593921, 0.6373841)
(-0.1301319, -0.7566248, 0.6407688)
(-0.1293792, -0.7532363, 0.6449001)
(-0.1293193, -0.7506327, 0.6479407)
(-0.1293957, -0.7490289, 0.6497788)
(-0.130467, -0.746746, 0.6521877)
(-0.1317708, -0.7444391, 0.6545585)
(-0.1341463, -0.7431266, 0.6555668)
(-0.1358508, -0.7411875, 0.6574083)
(-0.136917, -0.7390419, 0.6595989)
(-0.1365802, -0.7360522, 0.663003)
(-0.136523, -0.7338189, 0.6654857)
(-0.136792, -0.732335, 0.6670634)
(-0.1385853, -0.7309912, 0.6681662)
(-0.1402372, -0.7291886, 0.6697891)
(-0.1414955, -0.726708, 0.6722161)
(-0.1415515, -0.7229701, 0.6762229)
(-0.1422304, -0.7198222, 0.6794311)
(-0.1443515, -0.7184431, 0.6804427)
(-0.1486514, -0.7190719, 0.6788508)
(-0.1524378, -0.7184896, 0.6786275)
(-0.1537355, -0.7157621, 0.6812122)
(-0.1535004, -0.7133566, 0.6837837)
(-0.1534558, -0.7121284, 0.6850726)
(-0.1553866, -0.7117013, 0.6850812)
(-0.1574159, -0.7107077, 0.6856492)
(-0.1596724, -0.7093275, 0.6865562)
(-0.1623559, -0.7092009, 0.6860573)
(-0.1661836, -0.709096, 0.6852488)
(-0.1689735, -0.707781, 0.6859257)
(-0.1698022, -0.7040246, 0.6895771)
(-0.1706401, -0.6997131, 0.6937461)
(-0.1729719, -0.6969829, 0.6959135)
(-0.1757449, -0.6958236, 0.6963787)
(-0.1774703, -0.6971146, 0.6946478)
(-0.1787429, -0.6969686, 0.694468)
(-0.1788716, -0.6967833, 0.6946207)
(-0.1793, -0.6956147, 0.6956807)
(-0.1801735, -0.6943272, 0.6967404)
(-0.1812743, -0.693057, 0.6977189)
(-0.1820464, -0.6922503, 0.6983185)
(-0.1828797, -0.6911271, 0.6992127)
(-0.1837622, -0.6900097, 0.7000844)
(-0.1845683, -0.6884251, 0.701431)
(-0.1860126, -0.6856436, 0.70377)
(-0.1873158, -0.6847604, 0.7042841)
(-0.1885111, -0.6852053, 0.703532)
(-0.1897063, -0.6852797, 0.7031381)
(-0.1907349, -0.6829681, 0.7051061)
(-0.1908422, -0.6814689, 0.7065263)
(-0.1909213, -0.6811817, 0.7067819)
(-0.1924833, -0.6813317, 0.7062134)
(-0.1942989, -0.6807826, 0.7062458)
(-0.1925702, -0.6813356, 0.7061859)
(-0.1936313, -0.680858, 0.7063563)
(-0.1941233, -0.6799952, 0.7070521)
(-0.1945329, -0.6795466, 0.7073708)
(-0.1949583, -0.6799952, 0.7068223)
(-0.1955876, -0.68033, 0.706326)
(-0.1958498, -0.6800705, 0.7065033)
(-0.1961789, -0.6791336, 0.7073128)
(-0.195948, -0.678852, 0.7076471)
(-0.1958337, -0.6787779, 0.7077498)
(-0.1957853, -0.6786939, 0.7078437)
(-0.195429, -0.6789857, 0.7076623)
(-0.1948866, -0.6787822, 0.7080071)
(-0.1945587, -0.6793702, 0.7075331)
(-0.1943722, -0.6797184, 0.7072498)
(-0.1935797, -0.679598, 0.7075828)
