(63.03851, 3.815746, 245.1773)
(61.926, 5.470657, 244.2444)
(61.39004, 6.776285, 243.9951)
(60.16742, 9.806108, 242.7724)
(60.16742, 9.806108, 242.7724)
(59.10154, 12.47842, 241.2064)
(58.52802, 13.61921, 240.3835)
(57.74997, 14.80873, 239.3061)
(57.16326, 15.85708, 238.5043)
(56.48689, 16.69102, 237.7048)
(55.70094, 17.68286, 236.5628)
(55.32771, 18.39082, 235.9957)
(54.50044, 19.52505, 234.7694)
(53.79799, 20.47744, 233.7132)
(53.32574, 21.27934, 232.8172)
(52.83287, 21.93678, 231.8592)
(52.33537, 22.42928, 230.7302)
(52.03228, 22.77155, 229.6654)
(51.81277, 22.8961, 228.4813)
(51.493, 23.09055, 227.2919)
(51.30229, 23.16539, 225.9249)
(51.09094, 23.01159, 224.5208)
(50.78827, 23.0016, 223.1643)
(50.57681, 22.7386, 221.7468)
(50.37478, 22.3803, 220.3286)
(50.22137, 22.02294, 218.9465)
(50.15529, 21.45143, 217.4135)
(50.14989, 20.74478, 215.82)
(50.15451, 20.02411, 214.3167)
(50.23725, 19.1484, 212.5308)
(50.38978, 18.42024, 210.7367)
(50.44198, 17.77914, 209.0882)
(50.43607, 16.96591, 207.427)
(50.3799, 16.02929, 205.8202)
(50.3333, 15.04753, 204.2154)
(50.2177, 13.94145, 202.4858)
(50.16445, 12.9077, 200.6421)
(50.15433, 11.99746, 198.8673)
(50.10532, 11.10034, 196.9876)
(50.11128, 10.30073, 195.4628)
(50.18041, 9.309959, 194.0193)
(50.11904, 8.244562, 192.5994)
(50.14851, 7.308698, 191.1961)
(50.20908, 6.398463, 189.8105)
(50.3117, 5.643129, 188.4717)
(50.47731, 5.083752, 187.1537)
(50.56141, 4.584861, 185.9709)
(50.5232, 3.912067, 184.7507)
(50.46365, 3.331542, 183.7026)
(50.36097, 2.76413, 182.7876)
(50.25957, 2.208114, 181.8015)
(50.24998, 1.81663, 180.8268)
(50.25756, 1.403475, 179.84)
