(0.3169374, 0.1742411, -0.653713)
(0.3169444, 0.1742563, -0.6537204)
(0.3169332, 0.1742711, -0.6537776)
(0.3169484, 0.1742733, -0.653821)
(0.3170006, 0.1742589, -0.6537619)
(0.3169596, 0.174212, -0.653728)
(0.3169458, 0.174222, -0.6537488)
(0.3168657, 0.174186, -0.6538057)
(0.3168359, 0.1741335, -0.6536655)
(0.3168633, 0.1740894, -0.6537309)
(0.3168783, 0.17401, -0.6536262)
(0.3168318, 0.1739426, -0.6536241)
(0.3167484, 0.1739855, -0.6535785)
(0.3167219, 0.1740928, -0.6537428)
(0.3166721, 0.1740348, -0.6536694)
(0.3165731, 0.1740837, -0.653677)
(0.3167574, 0.1741645, -0.6535807)
(0.316637, 0.1741238, -0.6536555)
(0.3168783, 0.1739471, -0.6538117)
(0.3168821, 0.1739295, -0.6538258)
(0.3167129, 0.173588, -0.6535559)
(0.3166354, 0.1736124, -0.6535068)
(0.3168173, 0.1738124, -0.6535866)
(0.3168211, 0.1737435, -0.6534994)
(0.3165851, 0.1739173, -0.6533847)
(0.3165588, 0.173887, -0.653424)
(0.3165157, 0.173789, -0.65341)
(0.3166654, 0.1736574, -0.6535227)
(0.3167863, 0.1738181, -0.6536045)
(0.3167934, 0.1737447, -0.6534777)
(0.3166931, 0.1738343, -0.6534271)
(0.316853, 0.1739242, -0.6534076)
(0.3168252, 0.173876, -0.6534753)
(0.3168871, 0.1738875, -0.6534672)
(0.3167756, 0.1738398, -0.6535401)
(0.3167703, 0.1737223, -0.6533937)
(0.3166795, 0.1737864, -0.6533692)
(0.3167357, 0.173779, -0.6533782)
(0.3167143, 0.1737421, -0.653389)
(0.3168173, 0.1736605, -0.6534622)
(0.3169384, 0.1737919, -0.6535444)
(0.3169398, 0.1737387, -0.6535218)
(0.3169563, 0.173754, -0.6535618)
(0.3170996, 0.1737652, -0.6535439)
(0.3171141, 0.1737339, -0.6535985)
(0.3171048, 0.1737669, -0.6535945)
(0.3171825, 0.1737661, -0.6535876)
(0.3171442, 0.1736457, -0.653574)
(0.3171024, 0.1736929, -0.6535764)
(0.3171396, 0.1736841, -0.6536469)
(0.3171382, 0.1734698, -0.6532931)
(0.3171699, 0.1734569, -0.6533046)
(0.3170869, 0.1734045, -0.6533618)
(0.3170567, 0.1734409, -0.6535721)
(0.3170962, 0.1734014, -0.6536517)
(0.3173029, 0.1734149, -0.6536438)
(0.3172359, 0.1731241, -0.6535292)
(0.3171976, 0.1731343, -0.6535158)
(0.3172388, 0.173059, -0.653537)
(0.317307, 0.1730685, -0.6535418)
(0.3172429, 0.1731107, -0.6534743)
(0.3172357, 0.1730981, -0.6534586)
(0.3171844, 0.172981, -0.6533582)
(0.3172171, 0.172951, -0.6534524)
(0.3173714, 0.1729589, -0.6534462)
(0.3173995, 0.1728244, -0.6533623)
(0.3173728, 0.1728477, -0.6532931)
(0.317421, 0.1727595, -0.6532822)
(0.3173342, 0.1724582, -0.6531599)
(0.3173792, 0.1724195, -0.653173)
(0.3174512, 0.1724606, -0.6531785)
(0.3173618, 0.1723948, -0.6532755)
(0.3173201, 0.1723902, -0.6533489)
(0.3173101, 0.1723676, -0.6534076)
(0.3173826, 0.1722629, -0.6531308)
(0.3173611, 0.1722817, -0.6531117)
(0.317641, 0.1724229, -0.6531315)
(0.3176579, 0.1723397, -0.6532331)
(0.3177011, 0.1723394, -0.6531878)
(0.3177445, 0.1723497, -0.6531596)
(0.3175225, 0.1720254, -0.6531358)
(0.3175962, 0.1719477, -0.6533012)
(0.3176911, 0.1719098, -0.6533806)
(0.3178444, 0.1719515, -0.6533406)
(0.3179467, 0.1718817, -0.653378)
(0.3180292, 0.1718671, -0.6533251)
(0.3179836, 0.1716995, -0.6532116)
(0.3178852, 0.1717145, -0.653229)
(0.3178239, 0.1716564, -0.6533747)
(0.3179924, 0.1718493, -0.653475)
(0.3179505, 0.171881, -0.6535969)
(0.3179924, 0.1719017, -0.6536915)
(0.3178616, 0.1717565, -0.6537807)
(0.3179288, 0.1717296, -0.6539063)
(0.3180721, 0.1718912, -0.6540048)
(0.3180025, 0.1718936, -0.6540213)
(0.3179035, 0.1719575, -0.6540763)
(0.3178637, 0.1719999, -0.6541374)
(0.3177826, 0.1719649, -0.6540177)
(0.3177872, 0.1719339, -0.6541755)
(0.3176701, 0.1719735, -0.6542859)
(0.3175385, 0.1719656, -0.6543198)
(0.3173602, 0.1720076, -0.6543348)
(0.3171976, 0.1720126, -0.6543674)
(0.3169875, 0.1718779, -0.6542654)
(0.3167701, 0.1719549, -0.6542368)
(0.3167567, 0.172025, -0.6541283)
(0.3165598, 0.1720512, -0.6541257)
(0.3162465, 0.1722045, -0.6540613)
(0.3160012, 0.1723061, -0.6540594)
(0.3157125, 0.1724453, -0.6541097)
(0.3153286, 0.1726117, -0.6540475)
(0.3150802, 0.1727479, -0.6537993)
(0.3147457, 0.1728809, -0.6534982)
(0.3144226, 0.1730804, -0.6533444)
(0.3140144, 0.1733127, -0.6531899)
(0.3136466, 0.1735945, -0.6530087)
(0.3132334, 0.1739881, -0.6525629)
(0.3130267, 0.174432, -0.6520269)
(0.3127677, 0.175354, -0.6510308)
(0.3127246, 0.176079, -0.6502969)
(0.3124998, 0.1771049, -0.6490085)
(0.3123224, 0.1781507, -0.6477752)
(0.3124287, 0.1800435, -0.6459572)
(0.3123477, 0.1821606, -0.6442859)
(0.3124204, 0.1844509, -0.642271)
(0.3123775, 0.1892977, -0.6411095)
(0.3120203, 0.1949127, -0.6404014)
(0.3101137, 0.2050164, -0.640301)
(0.309422, 0.2137961, -0.640343)
(0.3076069, 0.2254333, -0.6391356)
(0.3068538, 0.2376719, -0.637172)
(0.3059578, 0.253252, -0.6355691)
(0.3038962, 0.2710257, -0.6327453)
(0.3019474, 0.2857144, -0.6291432)
(0.3008413, 0.3020709, -0.6257625)
(0.2991703, 0.3183417, -0.6214967)
(0.2974844, 0.3329482, -0.6159921)
(0.2967281, 0.3477242, -0.6100245)
(0.2964301, 0.3613954, -0.6034954)
(0.2963059, 0.3740728, -0.5964859)
(0.2958274, 0.3872292, -0.587285)
(0.2958534, 0.3975215, -0.5791922)
(0.2957156, 0.4065433, -0.5708294)
(0.2954457, 0.4154141, -0.5626237)
(0.2943256, 0.422896, -0.5534081)
(0.2939231, 0.4281088, -0.5443816)
(0.2925723, 0.4342421, -0.5350556)
(0.2920735, 0.4365802, -0.5255513)
(0.2915976, 0.4374141, -0.5158753)
(0.2901998, 0.4379466, -0.5052807)
(0.2895334, 0.4360918, -0.4941707)
(0.2889352, 0.4342489, -0.483891)
(0.2883008, 0.4295419, -0.473)
(0.2872171, 0.4244848, -0.4617538)
(0.2865434, 0.4189789, -0.450949)
(0.285866, 0.4114454, -0.4397216)
(0.2890539, 0.4061356, -0.4302385)
(0.2889192, 0.3967893, -0.4190941)
(0.2886591, 0.3870168, -0.4077618)
(0.2888463, 0.3760395, -0.3953996)
(0.2897563, 0.3668559, -0.3846436)
(0.2905293, 0.3557062, -0.3738253)
(0.2915404, 0.3442659, -0.3633947)
(0.2926321, 0.3331962, -0.3533254)
(0.2947159, 0.3211324, -0.3449259)
(0.2968564, 0.3097599, -0.33706)
(0.2985876, 0.298562, -0.3301854)
(0.3002138, 0.28703, -0.3252132)
(0.3013954, 0.2752059, -0.3183165)
(0.301919, 0.2642467, -0.3125837)
(0.3030546, 0.2541733, -0.3098035)
(0.3036427, 0.245306, -0.3077447)
(0.3041627, 0.2362738, -0.306509)
(0.3056648, 0.2270484, -0.3060086)
(0.3064241, 0.2174745, -0.3062122)
(0.3075356, 0.208571, -0.30616)
(0.308876, 0.2004402, -0.3067572)
(0.3108177, 0.1932747, -0.3074234)
(0.3119614, 0.1863031, -0.3083565)
(0.3132205, 0.1800721, -0.312911)
(0.3104887, 0.174746, -0.3212934)
(0.3136215, 0.1704912, -0.3239088)
(0.3076148, 0.1650279, -0.3298762)
(0.3079515, 0.1660848, -0.3240397)
(0.3057663, 0.1661115, -0.3222852)
(0.3068123, 0.1688843, -0.3201368)
(0.3086176, 0.1709793, -0.318362)
(0.3108935, 0.1719794, -0.3177714)
(0.3129756, 0.170294, -0.3179379)
(0.3130741, 0.1688914, -0.318234)
(0.3128638, 0.1666677, -0.319267)
(0.312526, 0.1653652, -0.3198607)
(0.3139954, 0.165705, -0.3208559)
(0.3147812, 0.1659837, -0.3206859)
(0.3148127, 0.167897, -0.3201127)
(0.3151376, 0.1680343, -0.3197629)
(0.3156919, 0.1679549, -0.3196661)
(0.3153505, 0.1674695, -0.3194318)
(0.3154013, 0.1672275, -0.3193588)
(0.3155181, 0.1672492, -0.3194695)
(0.3153718, 0.1674778, -0.319557)
(0.3157437, 0.16767, -0.3201063)
(0.3162158, 0.1680641, -0.3208458)
(0.3162103, 0.1683533, -0.3213122)
(0.316309, 0.1683254, -0.3217363)
(0.316391, 0.1683674, -0.3220878)
(0.3163621, 0.1683261, -0.3221915)
(0.3163013, 0.1683114, -0.3223293)
(0.3165381, 0.1683776, -0.3223283)
(0.3165314, 0.1684284, -0.3223827)
(0.3167169, 0.1683424, -0.3224943)
(0.3167465, 0.1682048, -0.3228748)
(0.3166208, 0.1684773, -0.3229263)
(0.3167815, 0.168735, -0.3230398)
(0.3168697, 0.1690712, -0.3232727)
(0.3168857, 0.1693406, -0.3231564)
(0.3167605, 0.1695044, -0.3230422)
(0.3166492, 0.1694112, -0.3229952)
(0.3167493, 0.1693342, -0.3228989)
(0.3167143, 0.1691644, -0.3226056)
(0.3166671, 0.1692576, -0.3225033)
(0.3165822, 0.1693928, -0.3221319)
(0.3166323, 0.1694632, -0.3217022)
(0.3166189, 0.1695437, -0.3212752)
(0.3163567, 0.1697636, -0.3207555)
(0.3158181, 0.1694305, -0.3201506)
(0.3156178, 0.1694496, -0.3195398)
(0.3153253, 0.169467, -0.3188381)
(0.3152046, 0.1693957, -0.3182447)
(0.3152335, 0.1692712, -0.3177288)
(0.3152928, 0.1690865, -0.3172631)
(0.3151953, 0.168946, -0.3166311)
(0.315218, 0.168941, -0.3159616)
(0.3152471, 0.1691735, -0.3153076)
(0.3152599, 0.169354, -0.3147917)
(0.3153315, 0.1694424, -0.3143625)
(0.3153846, 0.1693516, -0.3142278)
(0.3154314, 0.1692967, -0.3135738)
(0.3154783, 0.169369, -0.3128781)
(0.3152366, 0.1696639, -0.311975)
(0.3150749, 0.1699412, -0.3113279)
(0.3147819, 0.1703603, -0.3107705)
(0.3144481, 0.1706471, -0.3103578)
(0.314362, 0.1707277, -0.3099508)
(0.3143675, 0.1707466, -0.3093905)
(0.3143635, 0.1709816, -0.3084857)
(0.3140435, 0.1714303, -0.3074026)
(0.3138051, 0.1719878, -0.3064468)
(0.3130155, 0.1729181, -0.3052883)
(0.3123319, 0.173624, -0.3043175)
(0.3117161, 0.1744375, -0.3032048)
(0.3110969, 0.1756272, -0.3019273)
(0.3105266, 0.1768298, -0.3002787)
(0.310075, 0.1787477, -0.2978015)
(0.3101318, 0.1814635, -0.2948825)
(0.310302, 0.1856766, -0.2909145)
(0.3104663, 0.1902421, -0.2873683)
(0.3120954, 0.1974154, -0.2827849)
(0.313278, 0.2038238, -0.2782547)
(0.3146639, 0.2126074, -0.2711928)
(0.3159664, 0.2199283, -0.2630181)
(0.3162255, 0.2268653, -0.2549243)
(0.3147025, 0.2349675, -0.2467353)
(0.3133516, 0.2420282, -0.2397618)
(0.3117158, 0.2510803, -0.233458)
(0.3099675, 0.2625713, -0.228281)
(0.3069742, 0.2753525, -0.2257798)
(0.3041573, 0.2880836, -0.2229116)
(0.3025203, 0.3034861, -0.2169304)
(0.2999372, 0.3173778, -0.211879)
(0.2975388, 0.3307774, -0.2068543)
(0.2957404, 0.3440001, -0.1995907)
(0.2936919, 0.3565865, -0.193049)
(0.2919996, 0.3689215, -0.1869071)
(0.2904971, 0.3797579, -0.1796491)
(0.2893126, 0.3898618, -0.1731296)
(0.2884579, 0.400296, -0.1665721)
(0.2876284, 0.4097006, -0.1592555)
(0.2869246, 0.4190319, -0.1521516)
(0.2861774, 0.4266722, -0.1452332)
(0.2852502, 0.4321055, -0.1380053)
(0.2843909, 0.4383416, -0.1312346)
(0.2837882, 0.4433591, -0.1245375)
(0.2823427, 0.4453433, -0.1173189)
(0.2809176, 0.4475183, -0.1100092)
(0.2805738, 0.4480844, -0.1034875)
(0.2804029, 0.4476739, -0.09696841)
(0.2785971, 0.4457285, -0.08866596)
(0.2785251, 0.4443357, -0.08195949)
(0.2785578, 0.4405091, -0.07517052)
(0.2777967, 0.4356635, -0.06791925)
(0.2781153, 0.4305705, -0.06136513)
(0.2780893, 0.4254556, -0.05464053)
(0.27794, 0.4183323, -0.04798889)
(0.2784834, 0.4108696, -0.04202294)
(0.2791817, 0.4025004, -0.03628159)
(0.2805221, 0.3927777, -0.03014231)
(0.2814093, 0.3837833, -0.02468014)
(0.2825105, 0.373558, -0.01973009)
(0.2836244, 0.3630545, -0.01562715)
(0.2841444, 0.3524323, -0.01161861)
(0.2843969, 0.3421071, -0.007747889)
(0.2827613, 0.3301544, -0.004616261)
(0.2840328, 0.3202093, -0.00289011)
(0.28139, 0.3077283, -0.000336647)
(0.2837293, 0.2977314, -0.0001440048)
(0.2769616, 0.2812304, 0.006121635)
(0.2766905, 0.2711642, 0.008457184)
(0.2776892, 0.2609575, 0.01000786)
(0.2776809, 0.2514534, 0.01183701)
(0.2777503, 0.2423732, 0.01331711)
(0.2788587, 0.2326345, 0.01400828)
(0.2794054, 0.2236972, 0.01493406)
(0.2796214, 0.2146504, 0.01493573)
(0.2807908, 0.2047951, 0.01427507)
(0.2813454, 0.1965225, 0.01324463)
(0.2816718, 0.1891956, 0.01076388)
(0.282171, 0.1827056, 0.006991148)
(0.2823095, 0.1777098, 0.001378536)
(0.2816784, 0.1730797, -0.008110523)
(0.2794962, 0.1738586, -0.02009058)
(0.2788198, 0.1718128, -0.02757764)
(0.2752473, 0.1696749, -0.02837348)
(0.2732742, 0.1667905, -0.02854347)
(0.2717063, 0.1642928, -0.02852869)
(0.2749701, 0.1649406, -0.02715731)
(0.281137, 0.1680434, -0.02669048)
(0.2828932, 0.169116, -0.02669311)
(0.2834761, 0.1699882, -0.02802515)
(0.2847788, 0.1700492, -0.02887583)
(0.285279, 0.169693, -0.03046536)
(0.2841606, 0.1684544, -0.03292799)
(0.2830551, 0.1678543, -0.03445053)
(0.2821524, 0.1675947, -0.03675508)
(0.281672, 0.1670628, -0.03805137)
(0.2813129, 0.1667717, -0.03888655)
(0.2819614, 0.1667035, -0.03931284)
(0.2825534, 0.1664228, -0.03815985)
(0.2830729, 0.1669323, -0.03596115)
(0.2837272, 0.1669941, -0.03463292)
(0.2844095, 0.1674054, -0.03397012)
(0.2845125, 0.1675282, -0.03329039)
(0.2845011, 0.1676595, -0.03335905)
(0.284301, 0.167742, -0.03400946)
(0.2842188, 0.1677625, -0.0346117)
(0.2842214, 0.1678443, -0.03470469)
(0.2840524, 0.1675889, -0.03440523)
(0.284173, 0.167614, -0.03400612)
(0.2842426, 0.1674707, -0.03374648)
(0.284452, 0.1674981, -0.03351045)
(0.2844493, 0.1674342, -0.03333783)
(0.2844176, 0.1673331, -0.03336668)
(0.2844257, 0.1672986, -0.03339553)
(0.2841635, 0.1674564, -0.03321838)
(0.2842026, 0.1675622, -0.03324246)
(0.2842851, 0.1676221, -0.03310609)
(0.2844396, 0.1676185, -0.03313231)
(0.2846282, 0.1676047, -0.03310251)
(0.2847097, 0.1674266, -0.03294015)
(0.2847261, 0.1674702, -0.0329988)
(0.2847736, 0.1674225, -0.03316259)
(0.28496, 0.1675425, -0.03346658)
(0.284997, 0.1673911, -0.03366089)
(0.2850461, 0.1673164, -0.03378892)
(0.2852397, 0.1674263, -0.03405595)
(0.2853031, 0.1674688, -0.03431773)
(0.2854924, 0.1674888, -0.03437829)
(0.2856266, 0.1675062, -0.03461695)
####
(0.1951247, 1.834543, 2.544389)
(0.1948705, 1.835031, 2.544533)
(0.1951438, 1.835121, 2.544327)
(0.1950681, 1.834979, 2.544242)
(0.1951824, 1.834656, 2.543906)
(0.1951134, 1.833886, 2.543734)
(0.1950384, 1.833552, 2.543532)
(0.1949702, 1.833577, 2.543499)
(0.1949723, 1.833817, 2.543627)
(0.1946139, 1.834067, 2.543684)
(0.1945992, 1.834311, 2.544004)
(0.1946601, 1.833961, 2.54396)
(0.1945525, 1.833661, 2.544143)
(0.1946759, 1.833351, 2.543918)
(0.1945573, 1.83336, 2.543944)
(0.1943678, 1.833696, 2.544164)
(0.1943086, 1.834358, 2.544199)
(0.1942251, 1.834855, 2.544261)
(0.1941952, 1.835036, 2.544498)
(0.1942005, 1.835119, 2.544609)
(0.1940319, 1.835117, 2.544983)
(0.1940308, 1.834943, 2.545292)
(0.194197, 1.834727, 2.545361)
(0.1943599, 1.834563, 2.545318)
(0.1942996, 1.834328, 2.545336)
(0.1945619, 1.834313, 2.545027)
(0.1946848, 1.834139, 2.544999)
(0.194911, 1.833828, 2.544763)
(0.1948851, 1.833786, 2.544695)
(0.1950968, 1.833684, 2.544533)
(0.1949409, 1.834017, 2.544891)
(0.1951451, 1.834328, 2.545)
(0.1953471, 1.834309, 2.545082)
(0.195592, 1.834136, 2.545152)
(0.1955926, 1.833668, 2.545115)
(0.1955462, 1.83319, 2.545127)
(0.1956398, 1.833145, 2.54497)
(0.1956912, 1.833713, 2.545118)
(0.1960294, 1.833637, 2.54493)
(0.1961255, 1.833282, 2.544876)
(0.1962885, 1.832993, 2.544831)
(0.1965234, 1.832362, 2.544774)
(0.1965789, 1.832576, 2.544939)
(0.1967478, 1.832965, 2.545114)
(0.196879, 1.833035, 2.545048)
(0.1973516, 1.832776, 2.545286)
(0.1975172, 1.831839, 2.545254)
(0.1976655, 1.831208, 2.545222)
(0.1977361, 1.830913, 2.545329)
(0.1979329, 1.831581, 2.545519)
(0.1982609, 1.832014, 2.545617)
(0.1985857, 1.831836, 2.545703)
(0.1986057, 1.830738, 2.545672)
(0.1987273, 1.830402, 2.545632)
(0.1988037, 1.830724, 2.54584)
(0.1990519, 1.831339, 2.546106)
(0.1994568, 1.832276, 2.546545)
(0.2000474, 1.832182, 2.546564)
(0.2008581, 1.830513, 2.546374)
(0.2012453, 1.828161, 2.546115)
(0.2014447, 1.826733, 2.546375)
(0.2013803, 1.826385, 2.546569)
(0.2013162, 1.826172, 2.546657)
(0.2012911, 1.827438, 2.547004)
(0.2013429, 1.828672, 2.547294)
(0.2017377, 1.82889, 2.547539)
(0.2021192, 1.828314, 2.547832)
(0.2029787, 1.82617, 2.547694)
(0.2034326, 1.823707, 2.5475)
(0.2039056, 1.82223, 2.547357)
(0.203766, 1.822563, 2.547312)
(0.203704, 1.822907, 2.54723)
(0.2033975, 1.824514, 2.547301)
(0.2030615, 1.825755, 2.547479)
(0.2035659, 1.825999, 2.547468)
(0.2036123, 1.826387, 2.547575)
(0.2041491, 1.825889, 2.54781)
(0.2052309, 1.823805, 2.547619)
(0.2057338, 1.822091, 2.547493)
(0.2056198, 1.820532, 2.547424)
(0.205451, 1.820241, 2.547223)
(0.2051944, 1.822952, 2.547454)
(0.2056174, 1.82554, 2.547745)
(0.2063834, 1.82548, 2.54772)
(0.2067432, 1.824051, 2.547208)
(0.206829, 1.821427, 2.546814)
(0.2067101, 1.819787, 2.54631)
(0.2062566, 1.820853, 2.546133)
(0.2063725, 1.821902, 2.545773)
(0.2066205, 1.823039, 2.545407)
(0.2064612, 1.823887, 2.544829)
(0.2060449, 1.825271, 2.544452)
(0.2054801, 1.826296, 2.543821)
(0.2052356, 1.826455, 2.54336)
(0.2056275, 1.826969, 2.542776)
(0.2052533, 1.826491, 2.542065)
(0.2041832, 1.827554, 2.541894)
(0.2033459, 1.828597, 2.541549)
(0.202618, 1.829615, 2.541231)
(0.2017073, 1.831445, 2.540913)
(0.2006907, 1.833184, 2.540484)
(0.19994, 1.834062, 2.540113)
(0.1987454, 1.834291, 2.539757)
(0.1974718, 1.833242, 2.539291)
(0.1961739, 1.831891, 2.538597)
(0.1950639, 1.830996, 2.537994)
(0.1938666, 1.83003, 2.537625)
(0.1925099, 1.829365, 2.537131)
(0.1907034, 1.829291, 2.5371)
(0.1888714, 1.829428, 2.536818)
(0.1867459, 1.829229, 2.536677)
(0.1845332, 1.828139, 2.536501)
(0.1825822, 1.82501, 2.53589)
(0.1792794, 1.824836, 2.537256)
(0.1761905, 1.825925, 2.538702)
(0.1729368, 1.827981, 2.541587)
(0.1696574, 1.829739, 2.544626)
(0.1654249, 1.831939, 2.549836)
(0.1607564, 1.832136, 2.555531)
(0.1546677, 1.832882, 2.567407)
(0.148513, 1.831385, 2.577545)
(0.14017, 1.838825, 2.594355)
(0.1331245, 1.842572, 2.60906)
(0.1197956, 1.850499, 2.635256)
(0.1103269, 1.859229, 2.660202)
(0.1000922, 1.868533, 2.684608)
(0.09828938, 1.868903, 2.720745)
(0.09593232, 1.873576, 2.754958)
(0.07664661, 1.889919, 2.800423)
(0.05978469, 1.90339, 2.843164)
(0.0310385, 1.916378, 2.891872)
(0.01395237, 1.917188, 2.938759)
(6.28122, 1.915802, 2.994707)
(6.26758, 1.91375, 3.037272)
(6.249633, 1.914496, 3.076101)
(6.232398, 1.915836, 3.112784)
(6.217462, 1.914552, 3.144847)
(6.204573, 1.906544, 3.171107)
(6.198286, 1.893855, 3.200182)
(6.206412, 1.868996, 3.223159)
(6.217711, 1.842676, 3.243304)
(6.229006, 1.819614, 3.26234)
(6.243051, 1.798876, 3.272538)
(6.253698, 1.780008, 3.279856)
(6.263223, 1.765267, 3.285934)
(6.271279, 1.756836, 3.280813)
(6.275923, 1.752645, 3.271226)
(6.279413, 1.747403, 3.264181)
(6.282582, 1.748339, 3.245756)
(0.004473161, 1.749728, 3.224023)
(0.01129599, 1.74963, 3.200046)
(0.01980765, 1.751639, 3.171049)
(0.028216, 1.752847, 3.145406)
(0.0372099, 1.754258, 3.114401)
(0.04702962, 1.756132, 3.080621)
(0.05652136, 1.755729, 3.049966)
(0.06814739, 1.755992, 3.013673)
(0.07976441, 1.757215, 2.976808)
(0.08902804, 1.760165, 2.940767)
(0.09752274, 1.764697, 2.905658)
(0.1066876, 1.767882, 2.868126)
(0.1154294, 1.767145, 2.834298)
(0.1241646, 1.761151, 2.801355)
(0.1326236, 1.74859, 2.768906)
(0.142299, 1.732259, 2.737545)
(0.1515308, 1.706859, 2.708998)
(0.1584622, 1.675152, 2.680738)
(0.1665756, 1.639709, 2.649994)
(0.1717717, 1.60232, 2.622565)
(0.1776563, 1.576337, 2.5934)
(0.1823343, 1.562042, 2.570707)
(0.178131, 1.568299, 2.558918)
(0.1671358, 1.587462, 2.547683)
(0.1560182, 1.616716, 2.539589)
(0.1484617, 1.642765, 2.527895)
(0.142263, 1.686441, 2.519293)
(0.1390161, 1.721204, 2.509482)
(0.1400759, 1.747722, 2.504955)
(0.1387842, 1.738334, 2.502957)
(0.1362748, 1.720355, 2.501537)
(0.1288439, 1.657619, 2.519035)
(0.1382259, 1.58868, 2.579803)
(0.1117732, 1.679627, 2.536892)
(0.1512039, 1.726577, 2.552403)
(0.1614723, 1.797116, 2.559802)
(0.1500825, 1.762108, 2.579602)
(0.1551054, 1.729843, 2.582424)
(0.1427632, 1.722048, 2.588277)
(0.1474246, 1.679867, 2.596189)
(0.1693834, 1.653554, 2.594887)
(0.176011, 1.639425, 2.59524)
(0.1811332, 1.644402, 2.589764)
(0.1836739, 1.646805, 2.588182)
(0.1829662, 1.656612, 2.592934)
(0.1874833, 1.669293, 2.599035)
(0.1919184, 1.672431, 2.601819)
(0.1874721, 1.669294, 2.603933)
(0.1906836, 1.664568, 2.604146)
(0.1894711, 1.653573, 2.601416)
(0.1885952, 1.646475, 2.600301)
(0.1869569, 1.642479, 2.59854)
(0.1858199, 1.641002, 2.597029)
(0.1860894, 1.645208, 2.594443)
(0.1865601, 1.650766, 2.592261)
(0.1846937, 1.654278, 2.590082)
(0.1839146, 1.654257, 2.588535)
(0.1819199, 1.653917, 2.586388)
(0.1808844, 1.650279, 2.584359)
(0.1811422, 1.650292, 2.583225)
(0.1836215, 1.651792, 2.582546)
(0.1846653, 1.651896, 2.582424)
(0.1871016, 1.653758, 2.582605)
(0.1889634, 1.653756, 2.58206)
(0.1898368, 1.65748, 2.583775)
(0.1890044, 1.66493, 2.586648)
(0.1896146, 1.669879, 2.589086)
(0.188531, 1.672898, 2.592227)
(0.1853544, 1.674068, 2.593153)
(0.1841593, 1.676394, 2.596227)
(0.1842437, 1.678692, 2.598587)
(0.1848749, 1.681933, 2.602854)
(0.184167, 1.684321, 2.606982)
(0.1846417, 1.686613, 2.611571)
(0.1849138, 1.687786, 2.615875)
(0.1854706, 1.688454, 2.620795)
(0.1847281, 1.690815, 2.626137)
(0.1835014, 1.694524, 2.631645)
(0.1812064, 1.702215, 2.638736)
(0.1793222, 1.705988, 2.645545)
(0.1782737, 1.708175, 2.651556)
(0.178452, 1.708612, 2.657978)
(0.1791301, 1.709315, 2.663738)
(0.1785597, 1.711753, 2.670122)
(0.1776939, 1.711319, 2.67682)
(0.1756345, 1.711071, 2.682754)
(0.1754156, 1.713084, 2.689006)
(0.1742835, 1.719086, 2.696538)
(0.1736414, 1.726284, 2.705053)
(0.1729832, 1.731926, 2.713946)
(0.1723459, 1.734388, 2.722488)
(0.1712925, 1.731968, 2.730402)
(0.1692062, 1.732458, 2.737281)
(0.1653137, 1.736347, 2.744786)
(0.1616793, 1.743647, 2.752833)
(0.1592617, 1.751895, 2.761184)
(0.1577076, 1.75782, 2.769035)
(0.1552944, 1.758071, 2.777735)
(0.1524129, 1.755139, 2.787059)
(0.1494804, 1.755429, 2.796522)
(0.1425135, 1.75894, 2.808558)
(0.1375332, 1.761744, 2.819125)
(0.1335362, 1.76565, 2.830707)
(0.1238787, 1.774277, 2.845331)
(0.1137205, 1.778969, 2.859301)
(0.1015909, 1.781973, 2.876463)
(0.09358218, 1.780762, 2.895013)
(0.08589819, 1.778337, 2.912879)
(0.08065197, 1.778414, 2.932479)
(0.07454336, 1.792101, 2.951821)
(0.06198582, 1.810025, 2.968308)
(0.03887509, 1.83331, 2.987973)
(0.009012501, 1.845474, 3.01231)
(6.270955, 1.845541, 3.038221)
(0.01201565, 1.815258, 3.066036)
(0.01542709, 1.803888, 3.091409)
(0.01502989, 1.78734, 3.121754)
(0.008352965, 1.780044, 3.157044)
(6.279287, 1.786569, 3.191173)
(6.255233, 1.825113, 3.225083)
(6.206162, 1.854685, 3.255574)
(6.185569, 1.859738, 3.299236)
(6.174714, 1.861813, 3.330651)
(6.173513, 1.854674, 3.359748)
(6.176584, 1.84102, 3.393466)
(6.178438, 1.828959, 3.42426)
(6.185378, 1.815851, 3.449528)
(6.195797, 1.803103, 3.470936)
(6.208773, 1.789707, 3.48987)
(6.224239, 1.775751, 3.50505)
(6.231473, 1.767392, 3.515596)
(6.237336, 1.759641, 3.526402)
(6.239238, 1.753963, 3.53219)
(6.23749, 1.753004, 3.53174)
(6.236457, 1.754061, 3.531025)
(6.233839, 1.756811, 3.523818)
(6.231501, 1.757631, 3.51391)
(6.2326, 1.76069, 3.4999)
(6.234366, 1.763563, 3.482841)
(6.233903, 1.765796, 3.463162)
(6.234487, 1.767253, 3.444942)
(6.238819, 1.76758, 3.423275)
(6.244696, 1.766728, 3.398652)
(6.249389, 1.765613, 3.374456)
(6.254379, 1.763444, 3.352256)
(6.262256, 1.758919, 3.329009)
(6.271648, 1.7547, 3.306123)
(6.283053, 1.747805, 3.283864)
(0.01714715, 1.736023, 3.258754)
(0.03351272, 1.722803, 3.234671)
(0.05594656, 1.703275, 3.209143)
(0.07546582, 1.683625, 3.183023)
(0.09131175, 1.668217, 3.155895)
(0.1018255, 1.658367, 3.12768)
(0.1021755, 1.660396, 3.097233)
(0.1021765, 1.666772, 3.066282)
(0.08597959, 1.692765, 3.03102)
(0.07542016, 1.717501, 2.993533)
(0.07033517, 1.733141, 2.960319)
(0.06618528, 1.744778, 2.92655)
(0.06567435, 1.749452, 2.894675)
(0.06592558, 1.753198, 2.86331)
(0.06676768, 1.750261, 2.835019)
(0.0716596, 1.741695, 2.806617)
(0.08067431, 1.733239, 2.78004)
(0.08976255, 1.72072, 2.752405)
(0.09643059, 1.703609, 2.721238)
(0.1017477, 1.686952, 2.692268)
(0.1080369, 1.66388, 2.665343)
(0.1147936, 1.646056, 2.642229)
(0.121258, 1.639109, 2.621542)
(0.1133035, 1.614183, 2.622978)
(0.1374675, 1.654129, 2.692512)
(0.07246403, 1.812723, 2.573606)
(0.09622967, 1.911401, 2.598276)
(0.1163074, 1.92853, 2.578661)
(0.1263625, 1.876551, 2.567993)
(0.1539672, 1.833648, 2.539881)
(0.1328514, 1.76294, 2.538952)
(0.1446434, 1.711353, 2.522872)
(0.1714978, 1.713966, 2.522286)
(0.1676195, 1.722292, 2.52038)
(0.160868, 1.712509, 2.508499)
(0.1647923, 1.7257, 2.499438)
(0.17053, 1.742338, 2.493134)
(0.1702131, 1.787531, 2.491578)
(0.1666879, 1.831631, 2.493431)
(0.1688625, 1.859602, 2.494469)
(0.1727562, 1.86861, 2.493772)
(0.1769195, 1.846078, 2.493511)
(0.1796926, 1.806757, 2.491495)
(0.1792194, 1.771472, 2.489901)
(0.1804255, 1.751931, 2.488736)
(0.1810469, 1.738718, 2.489675)
(0.1801521, 1.738185, 2.491567)
(0.1798453, 1.753828, 2.495187)
(0.179247, 1.774777, 2.499481)
(0.1788207, 1.78531, 2.502449)
(0.178382, 1.789579, 2.504952)
(0.1792738, 1.784838, 2.50617)
(0.1802651, 1.777641, 2.506444)
(0.18061, 1.773908, 2.506769)
(0.1804481, 1.771464, 2.507198)
(0.1803409, 1.772714, 2.508225)
(0.1805834, 1.775617, 2.509233)
(0.1805809, 1.777084, 2.510233)
(0.180481, 1.777197, 2.510776)
(0.180682, 1.775723, 2.511221)
(0.1812547, 1.773803, 2.511602)
(0.1825062, 1.771332, 2.511301)
(0.1837867, 1.769945, 2.510718)
(0.1847912, 1.769042, 2.509585)
(0.1852028, 1.768963, 2.508083)
(0.1858196, 1.769817, 2.506511)
(0.1864053, 1.771861, 2.50531)
(0.1871537, 1.772924, 2.504293)
(0.1883505, 1.773588, 2.502873)
(0.1892439, 1.773698, 2.501629)
(0.1897906, 1.773288, 2.500738)
(0.190748, 1.7743, 2.500497)
####
(0.3169374, 0.06448229, -0.653713)
(0.3169444, 0.06449755, -0.6537204)
(0.3169332, 0.06451233, -0.6537776)
(0.3169484, 0.06451447, -0.653821)
(0.3170006, 0.06450017, -0.6537619)
(0.3169596, 0.0644532, -0.653728)
(0.3169458, 0.06446321, -0.6537488)
(0.3168657, 0.06442721, -0.6538057)
(0.3168359, 0.06437476, -0.6536655)
(0.3168633, 0.06433065, -0.6537309)
(0.3168783, 0.06425126, -0.6536262)
(0.3168318, 0.06418379, -0.6536241)
(0.3167484, 0.0642267, -0.6535785)
(0.3167219, 0.06433399, -0.6537428)
(0.3166721, 0.06427605, -0.6536694)
(0.3165731, 0.06432493, -0.653677)
(0.3167574, 0.06440575, -0.6535807)
(0.316637, 0.06436498, -0.6536555)
(0.3168783, 0.06418832, -0.6538117)
(0.3168821, 0.06417067, -0.6538258)
(0.3167129, 0.06382926, -0.6535559)
(0.3166354, 0.06385358, -0.6535068)
(0.3168173, 0.06405361, -0.6535866)
(0.3168211, 0.06398471, -0.6534994)
(0.3165851, 0.06415851, -0.6533847)
(0.3165588, 0.06412823, -0.653424)
(0.3165157, 0.06403024, -0.65341)
(0.3166654, 0.06389864, -0.6535227)
(0.3167863, 0.06405933, -0.6536045)
(0.3167934, 0.0639859, -0.6534777)
(0.3166931, 0.06407554, -0.6534271)
(0.316853, 0.06416543, -0.6534076)
(0.3168252, 0.06411727, -0.6534753)
(0.3168871, 0.06412871, -0.6534672)
(0.3167756, 0.06408103, -0.6535401)
(0.3167703, 0.06396349, -0.6533937)
(0.3166795, 0.06402762, -0.6533692)
(0.3167357, 0.06402023, -0.6533782)
(0.3167143, 0.06398328, -0.653389)
(0.3168173, 0.06390174, -0.6534622)
(0.3169384, 0.06403311, -0.6535444)
(0.3169398, 0.06397994, -0.6535218)
(0.3169563, 0.0639952, -0.6535618)
(0.3170996, 0.0640064, -0.6535439)
(0.3171141, 0.06397517, -0.6535985)
(0.3171048, 0.06400807, -0.6535945)
(0.3171825, 0.06400736, -0.6535876)
(0.3171442, 0.06388696, -0.653574)
(0.3171024, 0.06393416, -0.6535764)
(0.3171396, 0.06392534, -0.6536469)
(0.3171382, 0.063711, -0.6532931)
(0.3171699, 0.06369813, -0.6533046)
(0.3170869, 0.06364568, -0.6533618)
(0.3170567, 0.06368215, -0.6535721)
(0.3170962, 0.06364258, -0.6536517)
(0.3173029, 0.06365617, -0.6536438)
(0.3172359, 0.0633653, -0.6535292)
(0.3171976, 0.06337555, -0.6535158)
(0.3172388, 0.06330021, -0.653537)
(0.317307, 0.06330974, -0.6535418)
(0.3172429, 0.06335194, -0.6534743)
(0.3172357, 0.06333931, -0.6534586)
(0.3171844, 0.06322224, -0.6533582)
(0.3172171, 0.0631922, -0.6534524)
(0.3173714, 0.06320007, -0.6534462)
(0.3173995, 0.0630656, -0.6533623)
(0.3173728, 0.06308897, -0.6532931)
(0.317421, 0.06300075, -0.6532822)
(0.3173342, 0.06269939, -0.6531599)
(0.3173792, 0.06266077, -0.653173)
(0.3174512, 0.06270178, -0.6531785)
(0.3173618, 0.06263597, -0.6532755)
(0.3173201, 0.06263144, -0.6533489)
(0.3173101, 0.06260879, -0.6534076)
(0.3173826, 0.06250413, -0.6531308)
(0.3173611, 0.06252296, -0.6531117)
(0.317641, 0.06266411, -0.6531315)
(0.3176579, 0.0625809, -0.6532331)
(0.3177011, 0.06258066, -0.6531878)
(0.3177445, 0.06259091, -0.6531596)
(0.3175225, 0.06226666, -0.6531358)
(0.3175962, 0.06218894, -0.6533012)
(0.3176911, 0.06215103, -0.6533806)
(0.3178444, 0.06219275, -0.6533406)
(0.3179467, 0.0621229, -0.653378)
(0.3180292, 0.06210835, -0.6533251)
(0.3179836, 0.06194074, -0.6532116)
(0.3178852, 0.06195576, -0.653229)
(0.3178239, 0.06189759, -0.6533747)
(0.3179924, 0.06209047, -0.653475)
(0.3179505, 0.06212218, -0.6535969)
(0.3179924, 0.06214292, -0.6536915)
(0.3178616, 0.06199773, -0.6537807)
(0.3179288, 0.06197079, -0.6539063)
(0.3180721, 0.06213243, -0.6540048)
(0.3180025, 0.06213482, -0.6540213)
(0.3179035, 0.06219871, -0.6540763)
(0.3178637, 0.06224115, -0.6541374)
(0.3177826, 0.0622061, -0.6540177)
(0.3177872, 0.06217511, -0.6541755)
(0.3176701, 0.06221469, -0.6542859)
(0.3175385, 0.06220682, -0.6543198)
(0.3173602, 0.06224878, -0.6543348)
(0.3171976, 0.06225379, -0.6543674)
(0.3169875, 0.06211908, -0.6542654)
(0.3167701, 0.06219609, -0.6542368)
(0.3167567, 0.06226619, -0.6541283)
(0.3165598, 0.06229241, -0.6541257)
(0.3162465, 0.06244572, -0.6540613)
(0.3160012, 0.06254728, -0.6540594)
(0.3157125, 0.06268652, -0.6541097)
(0.3153286, 0.06285293, -0.6540475)
(0.3150802, 0.06298907, -0.6537993)
(0.3147457, 0.06312211, -0.6534982)
(0.3144226, 0.06332166, -0.6533444)
(0.3140144, 0.06355388, -0.6531899)
(0.3136466, 0.0638357, -0.6530087)
(0.3132334, 0.06422932, -0.6525629)
(0.3130267, 0.06467326, -0.6520269)
(0.3127677, 0.06559522, -0.6510308)
(0.3127246, 0.06632026, -0.6502969)
(0.3124998, 0.06734617, -0.6490085)
(0.3123224, 0.06839187, -0.6477752)
(0.3124287, 0.07028468, -0.6459572)
(0.3123477, 0.07240184, -0.6442859)
(0.3124204, 0.07469209, -0.642271)
(0.3123775, 0.0795389, -0.6411095)
(0.3120203, 0.08515389, -0.6404014)
(0.3101137, 0.0952576, -0.640301)
(0.309422, 0.1040374, -0.640343)
(0.3076069, 0.1156746, -0.6391356)
(0.3068538, 0.3458459, -0.637172)
(0.3059578, 0.3629927, -0.6355691)
(0.3038962, 0.3833533, -0.6327453)
(0.3019474, 0.4010428, -0.6291432)
(0.3008413, 0.4199355, -0.6257625)
(0.2991703, 0.4390565, -0.6214967)
(0.2974844, 0.4568292, -0.6159921)
(0.2967281, 0.4744768, -0.6100245)
(0.2964301, 0.4907285, -0.6034954)
(0.2963059, 0.5056393, -0.5964859)
(0.2958274, 0.5210575, -0.587285)
(0.2958534, 0.5328512, -0.5791922)
(0.2957156, 0.5430589, -0.5708294)
(0.2954457, 0.5528162, -0.5626237)
(0.2943256, 0.5610459, -0.5534081)
(0.2939231, 0.5668004, -0.5443816)
(0.2925723, 0.5733469, -0.5350556)
(0.2920735, 0.575993, -0.5255513)
(0.2915976, 0.577055, -0.5158753)
(0.2901998, 0.5777659, -0.5052807)
(0.2895334, 0.5760416, -0.4941707)
(0.2889352, 0.5742833, -0.483891)
(0.2883008, 0.5696393, -0.473)
(0.2872171, 0.5646271, -0.4617538)
(0.2865434, 0.5591511, -0.450949)
(0.285866, 0.5516391, -0.4397216)
(0.2890539, 0.5463422, -0.4302385)
(0.2889192, 0.5370067, -0.4190941)
(0.2886591, 0.5272416, -0.4077618)
(0.2888463, 0.5162699, -0.3953996)
(0.2897563, 0.5070895, -0.3846436)
(0.2905293, 0.4959422, -0.3738253)
(0.2915404, 0.4845034, -0.3633947)
(0.2926321, 0.4734347, -0.3533254)
(0.2947159, 0.4613716, -0.3449259)
(0.2968564, 0.4499995, -0.33706)
(0.2985876, 0.4388021, -0.3301854)
(0.3002138, 0.4272702, -0.3252132)
(0.3013954, 0.4154462, -0.3183165)
(0.301919, 0.4044873, -0.3125837)
(0.3030546, 0.3944139, -0.3098035)
(0.3036427, 0.3855466, -0.3077447)
(0.3041627, 0.3765144, -0.306509)
(0.3056648, 0.3672891, -0.3060086)
(0.3064241, 0.3577151, -0.3062122)
(0.3075356, 0.3488116, -0.30616)
(0.308876, 0.3406808, -0.3067572)
(0.3108177, 0.3335154, -0.3074234)
(0.3119614, 0.3265438, -0.3083565)
(0.3132205, 0.3203127, -0.312911)
(0.3104887, 0.3149867, -0.3212934)
(0.3136215, 0.3107319, -0.3239088)
(0.3076148, 0.3052685, -0.3298762)
(0.3079515, 0.3063254, -0.3240397)
(0.3057663, 0.3063521, -0.3222852)
(0.3068123, 0.3091249, -0.3201368)
(0.3086176, 0.3112199, -0.318362)
(0.3108935, 0.3122201, -0.3177714)
(0.3129756, 0.3105347, -0.3179379)
(0.3130741, 0.3091321, -0.318234)
(0.3128638, 0.3069084, -0.319267)
(0.312526, 0.3056059, -0.3198607)
(0.3139954, 0.3059456, -0.3208559)
(0.3147812, 0.3062243, -0.3206859)
(0.3148127, 0.3081377, -0.3201127)
(0.3151376, 0.308275, -0.3197629)
(0.3156919, 0.3081956, -0.3196661)
(0.3153505, 0.3077102, -0.3194318)
(0.3154013, 0.3074682, -0.3193588)
(0.3155181, 0.3074899, -0.3194695)
(0.3153718, 0.3077185, -0.319557)
(0.3157437, 0.3079107, -0.3201063)
(0.3162158, 0.3083048, -0.3208458)
(0.3162103, 0.308594, -0.3213122)
(0.316309, 0.3085661, -0.3217363)
(0.316391, 0.3086081, -0.3220878)
(0.3163621, 0.3085668, -0.3221915)
(0.3163013, 0.308552, -0.3223293)
(0.3165381, 0.3086183, -0.3223283)
(0.3165314, 0.3086691, -0.3223827)
(0.3167169, 0.308583, -0.3224943)
(0.3167465, 0.3084455, -0.3228748)
(0.3166208, 0.308718, -0.3229263)
(0.3167815, 0.3089757, -0.3230398)
(0.3168697, 0.3093119, -0.3232727)
(0.3168857, 0.3095813, -0.3231564)
(0.3167605, 0.3097451, -0.3230422)
(0.3166492, 0.3096519, -0.3229952)
(0.3167493, 0.3095748, -0.3228989)
(0.3167143, 0.3094051, -0.3226056)
(0.3166671, 0.3094983, -0.3225033)
(0.3165822, 0.3096335, -0.3221319)
(0.3166323, 0.3097038, -0.3217022)
(0.3166189, 0.3097844, -0.3212752)
(0.3163567, 0.3100042, -0.3207555)
(0.3158181, 0.3096712, -0.3201506)
(0.3156178, 0.3096902, -0.3195398)
(0.3153253, 0.3097076, -0.3188381)
(0.3152046, 0.3096364, -0.3182447)
(0.3152335, 0.3095119, -0.3177288)
(0.3152928, 0.3093271, -0.3172631)
(0.3151953, 0.3091867, -0.3166311)
(0.315218, 0.3091817, -0.3159616)
(0.3152471, 0.3094141, -0.3153076)
(0.3152599, 0.3095946, -0.3147917)
(0.3153315, 0.3096831, -0.3143625)
(0.3153846, 0.3095922, -0.3142278)
(0.3154314, 0.3095374, -0.3135738)
(0.3154783, 0.3096097, -0.3128781)
(0.3152366, 0.3099046, -0.311975)
(0.3150749, 0.3101819, -0.3113279)
(0.3147819, 0.310601, -0.3107705)
(0.3144481, 0.3108878, -0.3103578)
(0.314362, 0.3109684, -0.3099508)
(0.3143675, 0.3109872, -0.3093905)
(0.3143635, 0.3112223, -0.3084857)
(0.3140435, 0.311671, -0.3074026)
(0.3138051, 0.3122284, -0.3064468)
(0.3130155, 0.3131588, -0.3052883)
(0.3123319, 0.3138647, -0.3043175)
(0.3117161, 0.3146782, -0.3032048)
(0.3110969, 0.3158679, -0.3019273)
(0.3105266, 0.3170705, -0.3002787)
(0.310075, 0.3189883, -0.2978015)
(0.3101318, 0.3217041, -0.2948825)
(0.310302, 0.3259172, -0.2909145)
(0.3104663, 0.3304827, -0.2873683)
(0.3120954, 0.337656, -0.2827849)
(0.313278, 0.3440645, -0.2782547)
(0.3146639, 0.3528481, -0.2711928)
(0.3159664, 0.3601689, -0.2630181)
(0.3162255, 0.3721924, -0.2549243)
(0.3147025, 0.3818695, -0.2467353)
(0.3133516, 0.3906441, -0.2397618)
(0.3117158, 0.4016141, -0.233458)
(0.3099675, 0.4149966, -0.228281)
(0.3069742, 0.4288092, -0.2257798)
(0.3041573, 0.4428276, -0.2229116)
(0.3025203, 0.4613175, -0.2169304)
(0.2999372, 0.4783015, -0.211879)
(0.2975388, 0.4952891, -0.2068543)
(0.2957404, 0.514755, -0.1995907)
(0.2936919, 0.5342202, -0.193049)
(0.2919996, 0.554284, -0.1869071)
(0.2904971, 0.576085, -0.1796491)
(0.2893126, 0.5979557, -0.1731296)
(0.2884579, 0.6222576, -0.1665721)
(0.2876284, 0.6497288, -0.1592555)
(0.2869246, 0.6793203, -0.1521516)
(0.2861774, 0.7092348, -0.1452332)
(0.2852502, 0.7404085, -0.1380053)
(0.2843909, 0.7726774, -0.1312346)
(0.2837882, 0.8047678, -0.1245375)
(0.2823427, 0.8367006, -0.1173189)
(0.2809176, 0.8691658, -0.1100092)
(0.2805738, 0.8960145, -0.1034875)
(0.2804029, 0.9205956, -0.09696841)
(0.2785971, 0.9479333, -0.08866596)
(0.2785251, 0.9677305, -0.08195949)
(0.2785578, 0.9829384, -0.07517052)
(0.2777967, 0.9957268, -0.06791925)
(0.2781153, 1.004275, -0.06136513)
(0.2780893, 1.011061, -0.05464053)
(0.27794, 1.013831, -0.04798889)
(0.2784834, 1.013835, -0.04202294)
(0.2791817, 1.011554, -0.03628159)
(0.2805221, 1.007306, -0.03014231)
(0.2814093, 1.002407, -0.02468014)
(0.2825105, 0.9953482, -0.01973009)
(0.2836244, 0.9871269, -0.01562715)
(0.2841444, 0.9784696, -0.01161861)
(0.2843969, 0.9698206, -0.007747889)
(0.2827613, 0.9590816, -0.004616261)
(0.2840328, 0.9497556, -0.00289011)
(0.28139, 0.9381301, -0.000336647)
(0.2837293, 0.9281949, -0.0001440048)
(0.2769616, 0.9135076, 0.006121635)
(0.2766905, 0.904029, 0.008457184)
(0.2776892, 0.8941887, 0.01000786)
(0.2776809, 0.8850937, 0.01183701)
(0.2777503, 0.8763273, 0.01331711)
(0.2788587, 0.8667302, 0.01400828)
(0.2794054, 0.8579773, 0.01493406)
(0.2796214, 0.8489308, 0.01493573)
(0.2807908, 0.8390756, 0.01427507)
(0.2813454, 0.8308029, 0.01324463)
(0.2816718, 0.8234761, 0.01076388)
(0.282171, 0.8072801, 0.006991148)
(0.2823095, 0.7888705, 0.001378536)
(0.2816784, 0.7673016, -0.008110523)
(0.2794962, 0.7503214, -0.02009058)
(0.2788198, 0.7282836, -0.02757764)
(0.2752473, 0.7038749, -0.02837348)
(0.2732742, 0.6760677, -0.02854347)
(0.2717063, 0.6461884, -0.02852869)
(0.2749701, 0.6468362, -0.02715731)
(0.281137, 0.6499389, -0.02669048)
(0.2828932, 0.6510116, -0.02669311)
(0.2834761, 0.6518837, -0.02802515)
(0.2847788, 0.6519448, -0.02887583)
(0.285279, 0.6515886, -0.03046536)
(0.2841606, 0.65035, -0.03292799)
(0.2830551, 0.6497499, -0.03445053)
(0.2821524, 0.6494902, -0.03675508)
(0.281672, 0.6489583, -0.03805137)
(0.2813129, 0.6486672, -0.03888655)
(0.2819614, 0.648599, -0.03931284)
(0.2825534, 0.6483184, -0.03815985)
(0.2830729, 0.6488279, -0.03596115)
(0.2837272, 0.6488897, -0.03463292)
(0.2844095, 0.6493009, -0.03397012)
(0.2845125, 0.6494237, -0.03329039)
(0.2845011, 0.6495551, -0.03335905)
(0.284301, 0.6496376, -0.03400946)
(0.2842188, 0.6496581, -0.0346117)
(0.2842214, 0.6497399, -0.03470469)
(0.2840524, 0.6494845, -0.03440523)
(0.284173, 0.6495095, -0.03400612)
(0.2842426, 0.6493663, -0.03374648)
(0.284452, 0.6493937, -0.03351045)
(0.2844493, 0.6493298, -0.03333783)
(0.2844176, 0.6492287, -0.03336668)
(0.2844257, 0.6491941, -0.03339553)
(0.2841635, 0.649352, -0.03321838)
(0.2842026, 0.6494578, -0.03324246)
(0.2842851, 0.6495177, -0.03310609)
(0.2844396, 0.6495141, -0.03313231)
(0.2846282, 0.6495003, -0.03310251)
(0.2847097, 0.6493222, -0.03294015)
(0.2847261, 0.6493658, -0.0329988)
(0.2847736, 0.6493181, -0.03316259)
(0.28496, 0.649438, -0.03346658)
(0.284997, 0.6492866, -0.03366089)
(0.2850461, 0.649212, -0.03378892)
(0.2852397, 0.6493219, -0.03405595)
(0.2853031, 0.6493644, -0.03431773)
(0.2854924, 0.6493844, -0.03437829)
(0.2856266, 0.6494018, -0.03461695)
####
0.1097588
0.1097588
0.1097588
0.1097588
0.1097588
0.1097588
0.1097588
0.1097588
0.1097588
0.1097588
0.1097588
0.1097588
0.1097588
0.1097588
0.1097588
0.1097588
0.1097588
0.1097588
0.1097588
0.1097588
0.1097588
0.1097588
0.1097588
0.1097588
0.1097588
0.1097588
0.1097588
0.1097588
0.1097588
0.1097588
0.1097588
0.1097588
0.1097588
0.1097588
0.1097588
0.1097588
0.1097588
0.1097588
0.1097588
0.1097588
0.1097588
0.1097588
0.1097588
0.1097588
0.1097588
0.1097588
0.1097588
0.1097588
0.1097588
0.1097588
0.1097588
0.1097588
0.1097588
0.1097588
0.1097588
0.1097588
0.1097588
0.1097588
0.1097588
0.1097588
0.1097588
0.1097588
0.1097588
0.1097588
0.1097588
0.1097588
0.1097588
0.1097588
0.1097588
0.1097588
0.1097588
0.1097588
0.1097588
0.1097588
0.1097588
0.1097588
0.1097588
0.1097588
0.1097588
0.1097588
0.1097588
0.1097588
0.1097588
0.1097588
0.1097588
0.1097588
0.1097588
0.1097588
0.1097588
0.1097588
0.1097588
0.1097588
0.1097588
0.1097588
0.1097588
0.1097588
0.1097588
0.1097588
0.1097588
0.1097588
0.1097588
0.1097588
0.1097588
0.1097588
0.1097588
0.1097588
0.1097588
0.1097588
0.1097588
0.1097588
0.1097588
0.1097588
0.1097588
0.1097588
0.1097588
0.1097588
0.1097588
0.1097588
0.1097588
0.1097588
0.1097588
0.1097588
0.1097588
0.1097588
0.1097588
0.1097588
0.1097588
0.1097588
0.1097588
0.1097588
0.1097588
0.1097588
0.1097588
0.1097588
0.1097588
0.1097588
0.1097588
0.1097588
0.1097588
0.1097588
0.1097588
0.1097588
0.1097588
0.1097588
0.1097588
0.1097588
0.1097588
0.1097588
0.1097588
0.1097588
0.1097588
0.1097588
0.1097588
0.1097588
0.1097588
0.1097588
0.1097588
0.1097588
0.1097588
0.1097588
0.1097588
0.1097588
0.1097588
0.1097588
0.1097588
0.1097588
0.1097588
0.1097588
0.1097588
0.1097588
0.1097588
0.1097588
0.1097588
0.1097588
0.1097588
0.1097588
0.1097588
0.1097588
0.1097588
0.1097588
0.1097588
0.1097588
0.1097588
0.1097588
0.1097588
0.1097588
0.1097588
0.1097588
0.1097588
0.1097588
0.1097588
0.1097588
0.1097588
0.1097588
0.1097588
0.1097588
0.1097588
0.1097588
0.1097588
0.1097588
0.1097588
0.1097588
0.1097588
0.1097588
0.1097588
0.1097588
0.1097588
0.1097588
0.1097588
0.1097588
0.1097588
0.1097588
0.1097588
0.1097588
0.1097588
0.1097588
0.1097588
0.1097588
0.1097588
0.1097588
0.1097588
0.1097588
0.1097588
0.1097588
0.1097588
0.1097588
0.1097588
0.1097588
0.1097588
0.1097588
0.1097588
0.1097588
0.1097588
0.1097588
0.1097588
0.1097588
0.1097588
0.1097588
0.1097588
0.1097588
0.1097588
0.1097588
0.1097588
0.1097588
0.1097588
0.1097588
0.1097588
0.1097588
0.1097588
0.1097588
0.1097588
0.1097588
0.1097588
0.1097588
0.1097588
0.1097588
0.1097588
0.1097588
0.1097588
0.1097588
0.1097588
0.1097588
0.1097588
0.1097588
0.1097588
0.1097588
0.1097588
0.1097588
0.1097588
0.1097588
0.1097588
0.1097588
0.1097588
0.1097588
0.1097588
0.1097588
0.1097588
0.1097588
0.1097588
0.1097588
0.1097588
0.1097588
0.1097588
0.1097588
0.1097588
0.1097588
0.1097588
0.1097588
0.1097588
0.1097588
0.1097588
0.1097588
0.1097588
0.1097588
0.1097588
0.1097588
0.1097588
0.1097588
0.1097588
0.1097588
0.1097588
0.1097588
0.1097588
0.1097588
0.1097588
0.1097588
0.1097588
0.1097588
0.1097588
0.1097588
0.1097588
0.1097588
0.1097588
0.1097588
0.1097588
0.1097588
0.1097588
0.1097588
0.1097588
0.1097588
0.1097588
0.1097588
0.1097588
0.1097588
0.1097588
0.1097588
0.1097588
0.1097588
0.1097588
0.1097588
0.1097588
0.1097588
0.1097588
0.1097588
0.1097588
0.1097588
0.1097588
0.1097588
0.1097588
0.1097588
0.1097588
0.1097588
0.1097588
0.1097588
0.1097588
0.1097588
0.1097588
0.1097588
0.1097588
0.1097588
0.1097588
0.1097588
0.1097588
0.1097588
0.1097588
0.1097588
0.1097588
0.1097588
0.1097588
0.1097588
0.1097588
0.1097588
0.1097588
0.1097588
0.1097588
0.1097588
0.1097588
0.1097588
0.1097588
