(-2.446285, 0.8229721, -0.09278072)
(-2.446163, 0.8230654, -0.09286226)
(-2.446045, 0.8230704, -0.09256758)
(-2.446188, 0.823119, -0.09255518)
(-2.445961, 0.8232927, -0.09270085)
(-2.445899, 0.823334, -0.09261383)
(-2.446086, 0.8233989, -0.0926155)
(-2.446053, 0.8234468, -0.09264053)
(-2.446061, 0.8234518, -0.09269966)
(-2.446036, 0.8234189, -0.09271468)
(-2.446025, 0.8234605, -0.09271206)
(-2.44599, 0.8234842, -0.09260644)
(-2.446119, 0.8235598, -0.09259762)
(-2.446248, 0.8235021, -0.09249796)
(-2.44626, 0.8235309, -0.0925218)
(-2.446146, 0.8233999, -0.09255733)
(-2.446271, 0.8232886, -0.09248556)
(-2.446282, 0.8233047, -0.09251989)
(-2.446336, 0.8233583, -0.09250511)
(-2.446416, 0.8233128, -0.09244575)
(-2.446459, 0.8233082, -0.09252729)
(-2.44628, 0.8232174, -0.09253277)
(-2.4464, 0.8231093, -0.09244503)
(-2.446444, 0.8230922, -0.09255232)
(-2.446336, 0.8231049, -0.09252991)
(-2.446381, 0.8230737, -0.09248842)
(-2.446419, 0.8230299, -0.09254564)
(-2.446367, 0.8230748, -0.09251823)
(-2.446357, 0.8230785, -0.09251894)
(-2.446372, 0.823078, -0.09256019)
(-2.446452, 0.8230159, -0.09257187)
(-2.446323, 0.8231065, -0.0926434)
(-2.446295, 0.823112, -0.09258141)
(-2.44645, 0.8230482, -0.09260501)
(-2.446315, 0.8231292, -0.09268703)
(-2.44632, 0.823121, -0.0927545)
(-2.446309, 0.8232718, -0.0927092)
(-2.446076, 0.8234456, -0.09285845)
(-2.446067, 0.8234619, -0.09294285)
(-2.445998, 0.8233365, -0.09298767)
(-2.445985, 0.8233029, -0.09299006)
(-2.445891, 0.8233051, -0.09279408)
(-2.445835, 0.8233193, -0.09278287)
(-2.445951, 0.8232224, -0.09266771)
(-2.445908, 0.8232123, -0.09260525)
(-2.445959, 0.8233346, -0.09255423)
(-2.446131, 0.8231726, -0.09241499)
(-2.44609, 0.8231785, -0.09230746)
(-2.446071, 0.8232141, -0.09227242)
(-2.446159, 0.8231422, -0.09217562)
(-2.446244, 0.8231295, -0.09246935)
(-2.446251, 0.8231776, -0.0924436)
(-2.446311, 0.8231126, -0.09236707)
(-2.446304, 0.8230972, -0.09232654)
(-2.446373, 0.8230292, -0.09233011)
(-2.446269, 0.8230879, -0.09237064)
(-2.446279, 0.8231177, -0.09245576)
(-2.446239, 0.8230355, -0.09246935)
(-2.446229, 0.8230438, -0.09247912)
(-2.446296, 0.8230193, -0.0926329)
(-2.446447, 0.823136, -0.09262241)
(-2.446279, 0.82329, -0.09276022)
(-2.446237, 0.823284, -0.09255804)
(-2.446242, 0.8232127, -0.09260048)
(-2.446159, 0.8233026, -0.09266557)
(-2.446207, 0.8233083, -0.09286989)
(-2.446228, 0.8233913, -0.09285463)
(-2.44627, 0.8233594, -0.092847)
(-2.446263, 0.8233733, -0.09277786)
(-2.446312, 0.8232572, -0.09283246)
(-2.446402, 0.8231891, -0.09279217)
(-2.446412, 0.8232064, -0.09277739)
(-2.446307, 0.8232614, -0.09275879)
(-2.446382, 0.8232095, -0.09272636)
(-2.446371, 0.8232203, -0.0926844)
(-2.446326, 0.8231689, -0.09272732)
(-2.446334, 0.823136, -0.09266104)
(-2.446334, 0.823158, -0.0926434)
(-2.446205, 0.8230613, -0.09267344)
(-2.446306, 0.8229927, -0.09257974)
(-2.446247, 0.8229754, -0.09242119)
(-2.446375, 0.8230064, -0.0924014)
(-2.446348, 0.8229994, -0.09242357)
(-2.446432, 0.823006, -0.09262528)
(-2.446322, 0.8230096, -0.09259476)
(-2.446268, 0.8230218, -0.09263052)
(-2.446293, 0.8230304, -0.09267677)
(-2.446315, 0.8232502, -0.09260835)
(-2.446234, 0.8233262, -0.09266151)
(-2.446202, 0.8233124, -0.09251417)
(-2.446275, 0.8233715, -0.09246673)
(-2.4462, 0.8234514, -0.09247674)
(-2.446229, 0.8234783, -0.09258236)
(-2.446291, 0.8235058, -0.09259333)
(-2.446309, 0.8235005, -0.09256376)
(-2.446314, 0.8235168, -0.09254302)
(-2.446317, 0.8235763, -0.09249367)
(-2.44638, 0.8235419, -0.09242453)
(-2.446381, 0.8235676, -0.09238304)
(-2.446364, 0.8233397, -0.09243573)
(-2.446285, 0.8234044, -0.09247316)
(-2.446288, 0.8233914, -0.09247412)
(-2.446215, 0.8232493, -0.09249558)
(-2.446136, 0.8232965, -0.09253706)
(-2.44616, 0.8233169, -0.09263672)
(-2.446126, 0.8233871, -0.09262861)
(-2.446188, 0.8233238, -0.09256877)
(-2.446127, 0.8233228, -0.09239925)
(-2.446146, 0.8232032, -0.09242)
(-2.446301, 0.8231096, -0.09229864)
(-2.44635, 0.8230994, -0.09245695)
(-2.446339, 0.8230139, -0.09247293)
(-2.446363, 0.8229312, -0.09236778)
(-2.446373, 0.8228922, -0.09240068)
(-2.446397, 0.8230807, -0.09231557)
(-2.446385, 0.8230807, -0.09229149)
(-2.446492, 0.8230636, -0.09259857)
(-2.446516, 0.823118, -0.0925671)
(-2.446473, 0.8231378, -0.09255637)
(-2.446526, 0.8231221, -0.09270181)
(-2.446466, 0.823154, -0.09268107)
(-2.446326, 0.8232493, -0.09278835)
(-2.446324, 0.823239, -0.09277453)
(-2.446454, 0.8233303, -0.09275736)
(-2.446334, 0.8234653, -0.09285368)
(-2.446346, 0.8234485, -0.09289326)
(-2.446388, 0.8235012, -0.0928985)
(-2.446318, 0.8236077, -0.09297527)
(-2.446319, 0.8236068, -0.09293832)
(-2.446292, 0.8235856, -0.09297813)
(-2.446273, 0.8236259, -0.0930263)
(-2.446244, 0.8236601, -0.09295501)
(-2.446217, 0.8234999, -0.09301628)
(-2.446359, 0.8234187, -0.0929419)
(-2.446367, 0.8234329, -0.09293188)
(-2.446308, 0.8233459, -0.09296145)
(-2.446437, 0.8232422, -0.09289421)
(-2.446445, 0.8232301, -0.09287871)
(-2.446275, 0.8233026, -0.09285797)
(-2.446449, 0.8231677, -0.09275354)
(-2.446415, 0.8231487, -0.09258856)
(-2.446338, 0.8230662, -0.09257855)
(-2.446365, 0.8230171, -0.0925466)
(-2.446369, 0.8229929, -0.09254278)
(-2.446382, 0.8229883, -0.09250893)
(-2.446352, 0.8230172, -0.09253325)
(-2.446348, 0.8230128, -0.09248318)
(-2.446384, 0.8230257, -0.09246482)
(-2.446247, 0.8231575, -0.09251513)
(-2.446278, 0.8231373, -0.09260763)
(-2.446427, 0.8232495, -0.09256043)
(-2.44643, 0.8232508, -0.09253563)
(-2.446462, 0.8232554, -0.09262003)
(-2.446342, 0.8230349, -0.09268869)
(-2.446226, 0.8231248, -0.09277119)
(-2.446268, 0.8231007, -0.09288539)
(-2.4463, 0.8232355, -0.09286107)
(-2.44627, 0.8232682, -0.09287275)
(-2.446262, 0.823256, -0.09293403)
(-2.446372, 0.823391, -0.09288229)
(-2.446416, 0.823374, -0.09286346)
(-2.446381, 0.8233821, -0.09276427)
(-2.446399, 0.823411, -0.09274067)
(-2.446373, 0.823437, -0.0927359)
(-2.446393, 0.8234545, -0.09275497)
(-2.446333, 0.8235126, -0.09274544)
(-2.44629, 0.8235421, -0.09280218)
(-2.446264, 0.8235826, -0.09274019)
(-2.44623, 0.8235846, -0.09272613)
(-2.446256, 0.8236005, -0.09271325)
(-2.446223, 0.8236233, -0.09266342)
(-2.44628, 0.8235465, -0.0926825)
(-2.446293, 0.8235604, -0.09265532)
(-2.44633, 0.8235406, -0.09280838)
(-2.446283, 0.8234816, -0.09281863)
(-2.446228, 0.8234427, -0.09276308)
(-2.446172, 0.8234838, -0.09265555)
(-2.446198, 0.823288, -0.09271397)
(-2.446209, 0.8232757, -0.09270109)
(-2.446192, 0.8232716, -0.0926279)
(-2.446275, 0.8232915, -0.09261335)
(-2.446282, 0.8233043, -0.09260334)
(-2.446241, 0.8232936, -0.09251894)
(-2.446287, 0.823333, -0.09249462)
(-2.446337, 0.8232858, -0.09245481)
(-2.446396, 0.8232682, -0.09262003)
(-2.446389, 0.8231764, -0.09264363)
(-2.446375, 0.8231968, -0.09266914)
(-2.446403, 0.8231912, -0.09276737)
(-2.446239, 0.8232522, -0.09276594)
(-2.446255, 0.8232168, -0.09275688)
(-2.446274, 0.8232006, -0.09283151)
(-2.446312, 0.8233237, -0.09282054)
(-2.446261, 0.8233294, -0.09283341)
(-2.446224, 0.8233124, -0.09270228)
(-2.446319, 0.8232625, -0.09272827)
(-2.446275, 0.8232956, -0.0927638)
(-2.446257, 0.8232915, -0.09276308)
(-2.446331, 0.8233764, -0.09274258)
(-2.446311, 0.8233881, -0.09276022)
(-2.446343, 0.8234218, -0.09274592)
(-2.446368, 0.8232903, -0.09280695)
(-2.446336, 0.8233265, -0.09282722)
(-2.446311, 0.8233371, -0.09272327)
(-2.446383, 0.8232232, -0.09276594)
(-2.446318, 0.8232442, -0.09280695)
(-2.446283, 0.8232415, -0.09271134)
(-2.446309, 0.8232431, -0.09271564)
(-2.446299, 0.8232627, -0.09272231)
(-2.44631, 0.8232597, -0.09273161)
(-2.446292, 0.8232781, -0.09272398)
(-2.446381, 0.8232363, -0.09268202)
(-2.446332, 0.8232337, -0.09252705)
(-2.446178, 0.823161, -0.09252895)
(-2.446143, 0.8231879, -0.09255375)
(-2.446195, 0.8231585, -0.09279622)
(-2.446174, 0.8231729, -0.0927812)
(-2.446278, 0.8230764, -0.09271587)
(-2.446286, 0.8230692, -0.09274353)
(-2.446255, 0.8229944, -0.09278049)
(-2.446259, 0.8229852, -0.09278049)
(-2.44623, 0.8229531, -0.09261765)
(-2.446314, 0.8230582, -0.09257402)
(-2.446292, 0.8230574, -0.09258856)
(-2.446279, 0.8230183, -0.09253944)
(-2.446228, 0.8230095, -0.09251942)
(-2.446222, 0.822986, -0.09252681)
(-2.446239, 0.8229702, -0.09264292)
(-2.446223, 0.8231692, -0.09259142)
(-2.44619, 0.8231698, -0.09258927)
(-2.446157, 0.8231634, -0.09250487)
(-2.44624, 0.8230525, -0.09253563)
(-2.446098, 0.8231527, -0.09261145)
(-2.446078, 0.8231499, -0.09262718)
(-2.446207, 0.8232548, -0.0925919)
(-2.446092, 0.8233596, -0.09266819)
(-2.446115, 0.8233628, -0.09275235)
(-2.446077, 0.8232653, -0.09281315)
(-2.446143, 0.8232718, -0.09279217)
(-2.446063, 0.8232622, -0.0926124)
(-2.446241, 0.8234591, -0.09254636)
(-2.446195, 0.8234962, -0.09256329)
(-2.446172, 0.8235176, -0.09251703)
(-2.446079, 0.8234723, -0.092528)
(-2.446128, 0.8234411, -0.09249653)
(-2.446131, 0.8234659, -0.09252752)
(-2.446042, 0.8233968, -0.09254207)
(-2.446139, 0.8233318, -0.09247674)
(-2.446167, 0.8233395, -0.0925106)
(-2.446068, 0.8232785, -0.09253277)
(-2.446173, 0.8232218, -0.09248413)
(-2.446231, 0.823177, -0.09261574)
(-2.446119, 0.8230612, -0.09265198)
(-2.446149, 0.8230339, -0.0926453)
(-2.446144, 0.8230381, -0.09262909)
(-2.446109, 0.8229283, -0.09265293)
(-2.446104, 0.8229002, -0.09268107)
(-2.4461, 0.8228819, -0.09265269)
(-2.446122, 0.8227999, -0.09268941)
(-2.446107, 0.8227862, -0.09270014)
(-2.446149, 0.8227628, -0.0927874)
(-2.446202, 0.8229426, -0.09275116)
(-2.446193, 0.8229555, -0.09278573)
(-2.446183, 0.8229356, -0.09273018)
(-2.446264, 0.8231298, -0.0926751)
(-2.446228, 0.8231761, -0.09273161)
(-2.44622, 0.8231877, -0.09267558)
(-2.446345, 0.8231939, -0.09267916)
(-2.446271, 0.8232802, -0.09275402)
