0.0113192
0.010444
0.0107647
0.010952
0.0116784
0.0115248
0.011418
0.0109403
0.010594
0.0110183
0.0117191
0.0099091
0.0114156
0.0125864
0.01106
0.0101078
0.0115341
0.010911
0.0111288
0.0105335
0.0110213
0.0122109
0.0106286
0.0109596
0.0114048
0.0113034
0.010764
0.0107733
0.0109145
0.0105039
0.0125067
0.010854
0.0111235
0.0108499
0.0117142
0.0105385
0.0113711
0.010405
0.0120196
0.0108269
0.0116056
0.0108405
0.0107214
0.0109718
0.0111151
0.0111754
0.0114551
0.0115489
0.010806
0.0105703
0.0113896
0.0107444
0.0115581
0.0100845
0.0117944
0.0120528
0.0118866
0.0099728
0.0116477
0.0106837
0.010754
0.0112585
0.0114819
0.0100956
0.0152127
0.0074525
0.0111767
0.0110711
