(1.138935, 0.4301735, 0.8041539)
(1.13908, 0.4302796, 0.8040392)
(1.139304, 0.4304134, 0.803973)
(1.139528, 0.4306111, 0.8039443)
(1.13988, 0.4311953, 0.8039567)
(1.140222, 0.4314246, 0.8041666)
(1.140188, 0.4315308, 0.8043289)
(1.140376, 0.4316776, 0.8046846)
(1.140539, 0.4318274, 0.8049583)
(1.140894, 0.432265, 0.8051846)
(1.141051, 0.4331528, 0.8053689)
(1.141412, 0.4338297, 0.8057144)
(1.141772, 0.434604, 0.8065219)
(1.14206, 0.4355197, 0.8078468)
(1.14238, 0.4370731, 0.8090622)
(1.142836, 0.4393468, 0.8104734)
(1.143281, 0.4417102, 0.8118756)
(1.144283, 0.4453713, 0.8132546)
(1.14703, 0.4514672, 0.8153031)
(1.149436, 0.4575046, 0.8172541)
(1.153254, 0.4658418, 0.8187366)
(1.156902, 0.4781352, 0.8196867)
(1.161088, 0.491351, 0.8217347)
(1.165225, 0.5043023, 0.8233919)
(1.169291, 0.5200884, 0.826299)
(1.172845, 0.5344948, 0.8299391)
(1.177978, 0.551773, 0.8333149)
(1.182816, 0.5718939, 0.8376203)
(1.187161, 0.5908699, 0.8432469)
(1.191581, 0.6104336, 0.8492892)
(1.195647, 0.6293602, 0.8559005)
(1.198876, 0.64737, 0.8630109)
(1.202489, 0.6655449, 0.8702772)
(1.206008, 0.6828736, 0.8783152)
(1.209925, 0.7001089, 0.8860049)
(1.213388, 0.7158984, 0.8947973)
(1.216013, 0.7315986, 0.9061589)
(1.219359, 0.7444063, 0.9158826)
(1.221197, 0.7558417, 0.9283304)
(1.22375, 0.7644718, 0.9400549)
(1.227006, 0.7728491, 0.9512229)
(1.228585, 0.7814317, 0.9641428)
(1.230544, 0.78578, 0.9767642)
(1.232918, 0.7892426, 0.9890122)
(1.234187, 0.7932382, 1.003062)
(1.236027, 0.7934769, 1.018488)
(1.237814, 0.7923878, 1.032396)
(1.238826, 0.7905294, 1.047446)
(1.239987, 0.7870127, 1.061844)
(1.24119, 0.7825259, 1.076589)
(1.242448, 0.7789041, 1.091401)
(1.243981, 0.7736238, 1.105869)
(1.245064, 0.7673635, 1.119551)
(1.246245, 0.7616391, 1.131926)
(1.247814, 0.7556055, 1.145066)
(1.248174, 0.7492905, 1.157415)
(1.248991, 0.7439121, 1.167085)
(1.249671, 0.7391875, 1.175406)
(1.250091, 0.7336965, 1.184025)
(1.25067, 0.7293814, 1.190825)
(1.250934, 0.7250136, 1.194932)
(1.250892, 0.7189728, 1.19995)
(1.251014, 0.7141447, 1.204204)
(1.251185, 0.7094628, 1.207469)
(1.250592, 0.7043207, 1.211575)
(1.250477, 0.7005104, 1.213691)
(1.251063, 0.6976254, 1.216162)
(1.251623, 0.6953595, 1.218266)
(1.252411, 0.6960486, 1.221057)
(1.252935, 0.7041268, 1.221861)
(1.253771, 0.7088767, 1.220558)
(1.253258, 0.7109972, 1.221437)
(1.250815, 0.7073586, 1.225365)
(1.249935, 0.7017342, 1.230313)
(1.252106, 0.6986154, 1.236059)
(1.252869, 0.6988478, 1.240018)
(1.253209, 0.7002573, 1.237516)
(1.252869, 0.7004356, 1.23637)
(1.25116, 0.6999928, 1.23483)
(1.24969, 0.6994065, 1.233493)
(1.249507, 0.6991459, 1.234812)
(1.250653, 0.6995738, 1.237036)
(1.250746, 0.6998482, 1.237477)
(1.249446, 0.6996478, 1.23754)
(1.248464, 0.699553, 1.237462)
(1.248371, 0.6995716, 1.236962)
(1.247846, 0.6995627, 1.237405)
(1.246859, 0.6995658, 1.237787)
(1.24702, 0.6994531, 1.237312)
(1.246272, 0.6992599, 1.237132)
(1.245625, 0.6990176, 1.236623)
(1.245295, 0.698921, 1.236225)
(1.244753, 0.6989757, 1.235923)
(1.250398, 0.6923193, 1.230127)
(1.249995, 0.691918, 1.229738)
(1.249552, 0.6919212, 1.229371)
(1.249202, 0.6916817, 1.228902)
(1.248797, 0.6914366, 1.228279)
(1.248075, 0.6913289, 1.227598)
(1.247726, 0.6910689, 1.226941)
(1.247199, 0.6906222, 1.226437)
(1.246649, 0.6903874, 1.225527)
(1.245967, 0.6906099, 1.225101)
(1.245586, 0.6905007, 1.224213)
(1.245003, 0.6908758, 1.223598)
(1.244823, 0.6910374, 1.222527)
(1.244454, 0.6909769, 1.221465)
(1.24425, 0.690881, 1.22037)
(1.24389, 0.690834, 1.219183)
(1.243512, 0.6907498, 1.218259)
(1.243297, 0.6907591, 1.217224)
(1.243173, 0.6907201, 1.21623)
(1.243014, 0.6908767, 1.215244)
(1.242837, 0.6908494, 1.214301)
(1.242455, 0.6909529, 1.213828)
(1.24227, 0.6910353, 1.213414)
(1.242096, 0.6907711, 1.213849)
(1.241966, 0.6905645, 1.213862)
(1.241875, 0.6906503, 1.21376)
(1.241725, 0.6906776, 1.213701)
(1.241664, 0.6905211, 1.213552)
(1.241873, 0.6905414, 1.213531)
(1.242031, 0.6905178, 1.213617)
(1.242289, 0.6904455, 1.213823)
(1.242434, 0.690287, 1.213879)
(1.242582, 0.690082, 1.213709)
(1.242386, 0.690293, 1.213653)
(1.242206, 0.6902637, 1.214047)
(1.242238, 0.6905512, 1.214719)
(1.242477, 0.6906035, 1.215344)
(1.242831, 0.6907479, 1.215844)
(1.243122, 0.6907723, 1.216378)
(1.243491, 0.6908556, 1.217347)
(1.243568, 0.6907136, 1.21815)
(1.243721, 0.690649, 1.218791)
(1.243747, 0.6907884, 1.219673)
(1.244102, 0.6906933, 1.22028)
(1.24414, 0.6905996, 1.221012)
(1.244124, 0.690711, 1.221859)
(1.243966, 0.6908729, 1.223148)
(1.243957, 0.690955, 1.224098)
(1.244185, 0.6910248, 1.224792)
(1.244472, 0.6911038, 1.22526)
(1.244488, 0.6911204, 1.225701)
(1.244675, 0.6913642, 1.226514)
(1.244621, 0.6917251, 1.22738)
(1.244748, 0.6923708, 1.228161)
(1.244888, 0.6929616, 1.228706)
(1.244982, 0.6939033, 1.228468)
(1.244895, 0.6946837, 1.228481)
(1.244968, 0.6959907, 1.228782)
(1.244722, 0.6976106, 1.229498)
(1.244968, 0.699446, 1.230406)
(1.245228, 0.7026417, 1.232021)
(1.245532, 0.7061424, 1.233657)
(1.245893, 0.7095671, 1.234936)
(1.24639, 0.7138686, 1.23622)
(1.246173, 0.7188578, 1.238328)
(1.245929, 0.7241968, 1.240236)
(1.24524, 0.7311411, 1.243125)
(1.244981, 0.7373906, 1.246268)
(1.244658, 0.7440898, 1.250632)
(1.244303, 0.7502611, 1.255901)
(1.243453, 0.7561352, 1.262112)
(1.243167, 0.7618006, 1.268929)
(1.242627, 0.7677109, 1.274855)
(1.24428, 0.7751749, 1.280342)
(1.24542, 0.7821022, 1.284758)
(1.247405, 0.7899843, 1.286787)
(1.24905, 0.7975544, 1.287696)
(1.250712, 0.805228, 1.288321)
(1.25429, 0.813207, 1.285637)
(1.256695, 0.8215954, 1.283067)
(1.258994, 0.8312831, 1.280369)
(1.261121, 0.8415604, 1.279538)
(1.262112, 0.8512251, 1.279246)
(1.263939, 0.8610721, 1.278434)
(1.266154, 0.8718402, 1.277602)
(1.268484, 0.8830289, 1.276388)
(1.271522, 0.8958441, 1.275246)
(1.274881, 0.9100362, 1.274021)
(1.277807, 0.9240139, 1.273813)
(1.280027, 0.9379203, 1.274506)
(1.282572, 0.9509475, 1.275129)
(1.284454, 0.964623, 1.277188)
(1.286158, 0.9774015, 1.278782)
(1.287721, 0.9896923, 1.2814)
(1.289927, 1.002515, 1.283118)
(1.291409, 1.013508, 1.286102)
(1.293218, 1.023978, 1.289942)
(1.295548, 1.034633, 1.292411)
(1.296814, 1.042897, 1.296425)
(1.297785, 1.051815, 1.301113)
(1.299068, 1.05666, 1.306263)
(1.299759, 1.0631, 1.311724)
(1.300344, 1.06614, 1.317627)
(1.30107, 1.06957, 1.323056)
(1.300586, 1.070283, 1.329891)
(1.299172, 1.069214, 1.338926)
(1.298653, 1.068622, 1.345853)
(1.297213, 1.065062, 1.353829)
(1.295493, 1.060884, 1.362607)
(1.293799, 1.055577, 1.371079)
(1.291893, 1.050837, 1.379804)
(1.29015, 1.044405, 1.389026)
(1.28798, 1.037238, 1.398432)
(1.285703, 1.030404, 1.407528)
(1.283607, 1.021804, 1.417796)
(1.280743, 1.013703, 1.428272)
(1.278201, 1.006472, 1.438148)
(1.276198, 0.9992323, 1.447309)
(1.273408, 0.9929861, 1.456781)
(1.27118, 0.9872884, 1.465318)
(1.269969, 0.9816598, 1.47208)
(1.267676, 0.9765378, 1.480268)
(1.266212, 0.9720042, 1.487299)
(1.265778, 0.9666524, 1.493393)
(1.264566, 0.9616296, 1.500203)
(1.265, 0.9578587, 1.505661)
(1.265319, 0.9544749, 1.509647)
(1.267855, 0.9519137, 1.511559)
(1.267472, 0.9534657, 1.508189)
(1.268933, 0.9584215, 1.498733)
(1.267862, 0.9594517, 1.493986)
(1.268194, 0.9600776, 1.491081)
(1.268267, 0.9569995, 1.490147)
(1.266906, 0.9531723, 1.493311)
(1.2656, 0.9524999, 1.496671)
(1.263483, 0.9531761, 1.49905)
(1.265355, 0.9558585, 1.499261)
(1.265095, 0.9556925, 1.500227)
(1.26452, 0.9548458, 1.499504)
(1.265626, 0.9553703, 1.497558)
(1.265356, 0.9552091, 1.495947)
(1.265235, 0.9551672, 1.495296)
(1.265748, 0.9552221, 1.494724)
(1.265756, 0.9546787, 1.494761)
(1.265519, 0.9544934, 1.494666)
(1.265734, 0.9547179, 1.493937)
(1.265334, 0.9548894, 1.49383)
(1.265037, 0.9548452, 1.493687)
(1.264807, 0.9549605, 1.493591)
(1.264287, 0.9549192, 1.493791)
(1.264063, 0.9548973, 1.493846)
(1.263982, 0.9549789, 1.493551)
(1.263993, 0.9550098, 1.493122)
(1.26397, 0.9550343, 1.49278)
(1.263987, 0.954926, 1.492552)
(1.264115, 0.9548955, 1.49244)
(1.264283, 0.9548018, 1.492553)
(1.264154, 0.954625, 1.492898)
(1.264119, 0.9546463, 1.493093)
(1.264064, 0.9546963, 1.493111)
(1.263918, 0.9546601, 1.493102)
(1.263784, 0.954636, 1.493)
(1.263688, 0.9546047, 1.492963)
(1.263736, 0.9546634, 1.492981)
(1.263812, 0.9545864, 1.49297)
(1.264036, 0.954558, 1.493062)
(1.26408, 0.9545337, 1.49302)
(1.264135, 0.9545078, 1.492973)
(1.264257, 0.9545012, 1.493134)
(1.264224, 0.9544877, 1.493194)
(1.264123, 0.9545424, 1.493212)
(1.26419, 0.9545237, 1.493226)
(1.264256, 0.9545234, 1.493122)
(1.26428, 0.9545133, 1.493089)
(1.2644, 0.9544361, 1.493097)
(1.264485, 0.9543563, 1.493147)
(1.264654, 0.954283, 1.493178)
(1.26471, 0.9542451, 1.493137)
(1.264752, 0.9541967, 1.493193)
(1.264814, 0.9542013, 1.493219)
(1.26486, 0.9541515, 1.49313)
