(-0.009993985, -0.8125261, 0.582839)
(-0.0122629, -0.8127098, 0.5825396)
(-0.0138472, -0.812445, 0.5828734)
(-0.01437654, -0.8128057, 0.5823575)
(-0.01426111, -0.8151019, 0.5791421)
(-0.0141736, -0.8176977, 0.5754734)
(-0.01424205, -0.8190947, 0.5734814)
(-0.0135612, -0.8193734, 0.5730998)
(-0.01474743, -0.8211746, 0.5704863)
(-0.01703805, -0.8238476, 0.5665553)
(-0.01773727, -0.8254701, 0.5641672)
(-0.01725507, -0.8268919, 0.5620961)
(-0.01749185, -0.8283181, 0.559985)
(-0.01764049, -0.82947, 0.5582726)
(-0.01718785, -0.8309914, 0.5560196)
(-0.01706958, -0.832669, 0.5535079)
(-0.01782112, -0.8341064, 0.5513157)
(-0.01882699, -0.8353787, 0.5493523)
(-0.01971671, -0.836718, 0.5472789)
(-0.02036856, -0.8380226, 0.5452551)
(-0.02119017, -0.8394735, 0.5429873)
(-0.02210148, -0.8408073, 0.5408833)
(-0.02418198, -0.84238, 0.5383412)
(-0.02714464, -0.8431292, 0.5370255)
(-0.02929747, -0.8434399, 0.5364241)
(-0.03131104, -0.843957, 0.5354963)
(-0.03333881, -0.8443354, 0.5347769)
(-0.03642875, -0.845185, 0.5332309)
(-0.03953588, -0.8455987, 0.5323531)
(-0.0422315, -0.8459358, 0.5316099)
(-0.04622124, -0.8459615, 0.531237)
(-0.05124967, -0.8467518, 0.5295138)
(-0.0570723, -0.8483535, 0.526345)
(-0.06120184, -0.8511035, 0.5214183)
(-0.06617598, -0.8534212, 0.5170041)
(-0.07176615, -0.8555104, 0.5127881)
(-0.07934251, -0.857162, 0.508899)
(-0.08537701, -0.8587936, 0.5051577)
(-0.09334566, -0.8593893, 0.5027291)
(-0.0990012, -0.8590117, 0.5022924)
(-0.1045801, -0.8585497, 0.5019517)
(-0.108108, -0.8575099, 0.5029806)
(-0.1116769, -0.857527, 0.5021711)
(-0.113428, -0.8595692, 0.498272)
(-0.117031, -0.8608326, 0.4952484)
(-0.121312, -0.8651749, 0.4865755)
(-0.1251575, -0.8682384, 0.4801016)
(-0.1254582, -0.8689284, 0.4787731)
(-0.1272791, -0.8704484, 0.4755206)
(-0.1297517, -0.8713044, 0.4732793)
(-0.1301561, -0.8725248, 0.4709139)
(-0.1319682, -0.8743325, 0.4670408)
(-0.1340166, -0.8784576, 0.4586413)
(-0.1347568, -0.8811266, 0.453273)
(-0.1312149, -0.8833029, 0.4500652)
(-0.1291797, -0.8858746, 0.445577)
(-0.1295773, -0.8888816, 0.4394307)
(-0.1296015, -0.8904697, 0.4361964)
(-0.1287909, -0.8903164, 0.436749)
(-0.1267665, -0.8900781, 0.4378255)
(-0.1249695, -0.8911468, 0.4361652)
(-0.1216563, -0.8931151, 0.433065)
(-0.118139, -0.8949363, 0.4302701)
(-0.1150098, -0.8959832, 0.4289368)
(-0.1118294, -0.8968735, 0.4279162)
(-0.1092267, -0.8973891, 0.4275073)
(-0.107299, -0.8981832, 0.426326)
(-0.1060397, -0.8980238, 0.4269764)
(-0.1037618, -0.8980339, 0.4275147)
(-0.101262, -0.8984819, 0.4271725)
(-0.09984991, -0.898662, 0.4271261)
(-0.0984644, -0.89858, 0.4276201)
(-0.09798159, -0.8988307, 0.4272037)
(-0.09668569, -0.9001532, 0.4247073)
(-0.09386536, -0.9004825, 0.4246418)
(-0.09066471, -0.8997289, 0.4269284)
(-0.08853205, -0.8993724, 0.4281254)
(-0.08686306, -0.9004852, 0.4261235)
(-0.08540443, -0.901166, 0.4249778)
(-0.08335076, -0.900491, 0.4268122)
(-0.08004695, -0.9004891, 0.4274483)
(-0.07522991, -0.9033295, 0.4222989)
(-0.07028776, -0.9076784, 0.4137386)
(-0.06560616, -0.9084978, 0.4127077)
(-0.06014104, -0.9066582, 0.4175572)
(-0.05457406, -0.9068063, 0.4179999)
(-0.04873531, -0.908634, 0.41474)
(-0.04309274, -0.9101091, 0.4121219)
(-0.03218691, -0.9138218, 0.4048381)
(-0.0230889, -0.9160108, 0.4004886)
(-0.0168014, -0.9145244, 0.4041816)
(-0.01287131, -0.9103048, 0.4137385)
(-0.006980643, -0.9083963, 0.418052)
(0.001965404, -0.9056701, 0.4239785)
(0.0100854, -0.9020245, 0.431567)
(0.01950723, -0.896693, 0.442223)
(0.0302003, -0.8930299, 0.4489827)
(0.04366198, -0.8909675, 0.451963)
(0.05606881, -0.8905904, 0.4513369)
(0.06288412, -0.8916803, 0.4482765)
(0.05929534, -0.8965899, 0.4388742)
(0.05360253, -0.9007712, 0.4309734)
(0.05492961, -0.9023908, 0.4274033)
(0.0553872, -0.9056945, 0.4202973)
(0.05950789, -0.908344, 0.4139685)
(0.06870845, -0.9039209, 0.4221447)
(0.0810758, -0.8944804, 0.4396949)
(0.08788519, -0.8907292, 0.445957)
(0.08860241, -0.8904099, 0.4464524)
(0.08884713, -0.8900007, 0.4472191)
(0.09182861, -0.8897905, 0.447035)
(0.09864537, -0.8899614, 0.4452391)
(0.104901, -0.89002, 0.4436892)
(0.110272, -0.8890237, 0.444384)
(0.1138874, -0.887497, 0.4465185)
(0.1175755, -0.8856016, 0.4493171)
(0.1224719, -0.8834916, 0.452154)
(0.1276688, -0.8816572, 0.454292)
(0.1349822, -0.8800506, 0.4552919)
(0.1399729, -0.8807546, 0.4524146)
(0.1433269, -0.8813595, 0.450181)
(0.1473404, -0.8813093, 0.4489818)
(0.150817, -0.8817191, 0.4470187)
(0.1557121, -0.8807892, 0.4471736)
(0.1604463, -0.8805395, 0.44599)
(0.1627929, -0.8818446, 0.4425479)
(0.1650075, -0.8825591, 0.4402976)
(0.1667675, -0.8831609, 0.4384237)
(0.1690532, -0.8828508, 0.4381731)
(0.1728048, -0.8818321, 0.4387605)
(0.1752351, -0.8818272, 0.4378053)
(0.1747921, -0.8832843, 0.4350364)
(0.1761611, -0.8835086, 0.4340274)
(0.1783925, -0.8825067, 0.435153)
(0.1799357, -0.8834087, 0.4326804)
(0.1810477, -0.8841761, 0.4306442)
(0.180938, -0.8858136, 0.4273123)
(0.1790414, -0.8882235, 0.4230875)
(0.1789694, -0.8894566, 0.4205198)
(0.1820806, -0.8894625, 0.4191697)
(0.184072, -0.8898972, 0.4173734)
(0.1842393, -0.8905385, 0.4159291)
(0.1839377, -0.8906876, 0.4157435)
(0.1848574, -0.8908494, 0.414988)
(0.1858968, -0.8912677, 0.4136233)
(0.1864469, -0.8920814, 0.4116168)
(0.1852612, -0.8929063, 0.4103616)
(0.1831193, -0.8933617, 0.4103318)
(0.1808091, -0.8937806, 0.410444)
(0.1776925, -0.8937591, 0.4118497)
(0.1763209, -0.893892, 0.4121504)
(0.174082, -0.8942824, 0.4122554)
(0.1711024, -0.8947461, 0.4124967)
(0.1682025, -0.896171, 0.4105915)
(0.1640363, -0.8984076, 0.4073768)
(0.1569234, -0.9005552, 0.4054324)
(0.1457246, -0.90211, 0.406155)
(0.1366162, -0.9038779, 0.4053895)
(0.1301067, -0.9075565, 0.3992663)
(0.1227584, -0.911457, 0.3926532)
(0.1130895, -0.9151431, 0.3869417)
(0.1039737, -0.917056, 0.3849646)
(0.09627745, -0.9168327, 0.3874899)
(0.08937186, -0.9144644, 0.394674)
(0.08044386, -0.9093094, 0.4082712)
(0.07103708, -0.9059771, 0.4173239)
(0.0630464, -0.8993283, 0.4327052)
(0.05724528, -0.8909828, 0.4504139)
(0.05030715, -0.886392, 0.4601938)
(0.04328153, -0.883724, 0.4660029)
(0.04011324, -0.8840882, 0.4655953)
(0.03736174, -0.8853382, 0.4634441)
(0.03521615, -0.8889675, 0.4566142)
(0.02886495, -0.8907182, 0.4536385)
(0.0195342, -0.8917319, 0.4521424)
(0.01141259, -0.892132, 0.4516306)
(0.002685428, -0.8887951, 0.458297)
(-1.296401E-05, -0.8815261, 0.4721354)
(-0.0005541146, -0.8747977, 0.484488)
(-0.005991936, -0.8714311, 0.4904813)
(-0.01378006, -0.8698403, 0.493141)
(-0.02065554, -0.870066, 0.4925023)
(-0.02600408, -0.8702033, 0.4920062)
(-0.02946731, -0.8691392, 0.4936891)
(-0.03234875, -0.8670565, 0.4971586)
(-0.03391734, -0.8640352, 0.5022876)
(-0.03524163, -0.8607547, 0.5077986)
(-0.03657767, -0.8567151, 0.5144912)
(-0.03834316, -0.8529651, 0.5205578)
(-0.04021125, -0.850225, 0.5248814)
(-0.04168469, -0.847997, 0.5283593)
(-0.04282175, -0.8463326, 0.5309309)
(-0.04403888, -0.8452204, 0.5326003)
(-0.04580253, -0.8448847, 0.5329842)
(-0.04791282, -0.8444014, 0.5335642)
(-0.04944007, -0.8429068, 0.5357834)
(-0.05027445, -0.8406608, 0.5392235)
(-0.05067721, -0.8380557, 0.543226)
(-0.0517268, -0.8357898, 0.5466075)
(-0.05551255, -0.8343134, 0.5484884)
(-0.0591076, -0.8332054, 0.5497955)
(-0.06258486, -0.8328772, 0.5499079)
(-0.06384712, -0.8332652, 0.5491747)
(-0.06420669, -0.8339148, 0.5481457)
(-0.06528473, -0.8342698, 0.5474777)
(-0.06721058, -0.8355643, 0.5452661)
(-0.06885813, -0.837385, 0.542259)
(-0.06955919, -0.8391407, 0.5394483)
(-0.07061951, -0.8406138, 0.5370114)
(-0.07081166, -0.8413895, 0.5357699)
(-0.07047173, -0.8406061, 0.537043)
(-0.06992316, -0.8387544, 0.5400019)
(-0.0691691, -0.8377056, 0.541724)
(-0.06833883, -0.8378136, 0.5416625)
(-0.0663538, -0.8381512, 0.5413869)
(-0.06334449, -0.8376821, 0.5424723)
(-0.05959688, -0.8365037, 0.5447108)
(-0.05414191, -0.8341347, 0.548897)
(-0.04843087, -0.8319361, 0.5527539)
(-0.0428879, -0.8329086, 0.5517462)
(-0.03843293, -0.835466, 0.5481966)
(-0.03283507, -0.8340873, 0.5506544)
(-0.0264166, -0.8303469, 0.5566204)
(-0.01994377, -0.826021, 0.5632864)
(-0.01622684, -0.824186, 0.5660868)
(-0.01171823, -0.8230768, 0.5678092)
(-0.006266043, -0.8213648, 0.570369)
(-0.0001902282, -0.819418, 0.5731965)
(0.00630042, -0.8187373, 0.5741338)
(0.01044096, -0.8204781, 0.5715826)
(0.01382174, -0.8217693, 0.5696527)
(0.01722066, -0.8213441, 0.5701731)
(0.01972099, -0.8189763, 0.5734883)
(0.02153498, -0.8162597, 0.5772836)
(0.02353987, -0.814126, 0.5802109)
(0.02425309, -0.8122226, 0.5828432)
(0.02482662, -0.8111498, 0.5843112)
(0.02549733, -0.8103765, 0.5853546)
(0.02571167, -0.8091776, 0.5870013)
(0.02482726, -0.8082619, 0.5882995)
(0.0245299, -0.8073708, 0.5895342)
(0.02341413, -0.8066995, 0.5904979)
(0.02250329, -0.8058021, 0.5917572)
(0.02253842, -0.8049964, 0.5928515)
(0.02195196, -0.8056504, 0.5919845)
(0.02114975, -0.8062655, 0.5911757)
(0.02039742, -0.8059557, 0.5916243)
(0.01975079, -0.8055835, 0.5921531)
(0.01909825, -0.8053194, 0.5925333)
(0.01861885, -0.8051111, 0.5928319)
(0.01830129, -0.8053005, 0.5925843)
(0.01816799, -0.8052963, 0.5925941)
(0.01805528, -0.804718, 0.5933827)
(0.01913005, -0.8044945, 0.5936519)
(0.0210155, -0.8049326, 0.592994)
(0.02346052, -0.8054065, 0.5922583)
(0.02473351, -0.8059946, 0.5914059)
(0.02518885, -0.8069221, 0.5901205)
(0.02589974, -0.8073378, 0.5895209)
(0.0268129, -0.8081617, 0.58835)
(0.02792679, -0.8090705, 0.5870478)
(0.02972537, -0.8093126, 0.5866256)
(0.03111546, -0.8077531, 0.5886991)
(0.03076561, -0.8083196, 0.5879395)
(0.03108464, -0.8103393, 0.5851358)
