(-4.959106E-05, -0.1400156, 0.01331806)
(-0.0001859665, -0.1401157, 0.01320648)
(-0.0002617836, -0.1404345, 0.01311064)
(-0.0001111031, -0.1403601, 0.01337159)
(-0.0001716614, -0.1406877, 0.01351225)
(-4.935265E-05, -0.140729, 0.01349878)
(1.525879E-05, -0.1408446, 0.01331711)
(1.525879E-05, -0.1408446, 0.01331711)
(0.0001749992, -0.1409976, 0.01292515)
(0.0001952648, -0.1410427, 0.01283681)
(0.0001990795, -0.1408527, 0.01308846)
(0.0001952648, -0.1411297, 0.01303804)
(0.0002112389, -0.1411777, 0.01289272)
(0.0002264977, -0.1416528, 0.01274216)
(0.0002565384, -0.1417277, 0.01267242)
(0.0002856255, -0.141753, 0.01264811)
(0.0002856255, -0.141753, 0.01264811)
(0.000392437, -0.1419799, 0.01243687)
(0.0003809929, -0.1420438, 0.01240253)
(0.0005235672, -0.1419973, 0.01251745)
(0.0005710125, -0.1422257, 0.01242089)
(0.0003325939, -0.1421666, 0.01228416)
(0.0003752708, -0.1422458, 0.01218653)
(0.000418663, -0.1423457, 0.01211917)
(0.0002727509, -0.1420991, 0.01246977)
(0.0002727509, -0.1420991, 0.01246977)
(0.0004916191, -0.142035, 0.0119468)
(0.0004611015, -0.1420901, 0.01183081)
(0.0003452301, -0.141901, 0.01196539)
(0.0002412796, -0.1419537, 0.01205218)
(0.000770092, -0.1422367, 0.01180959)
(0.0009322166, -0.1422162, 0.01161242)
(0.001011133, -0.142225, 0.0115211)
(0.0006461143, -0.1420252, 0.01144516)
(0.0006461143, -0.1420252, 0.01144516)
(0.0004589558, -0.1422257, 0.01155698)
(0.0004270077, -0.142246, 0.01141465)
(0.0003507137, -0.1421559, 0.01150918)
(0.0001993179, -0.1422489, 0.0116992)
(0.0001678467, -0.1423166, 0.01159167)
(0.0001235008, -0.1422625, 0.01171982)
(9.870529E-05, -0.1422753, 0.0116173)
(0.0001940727, -0.1421542, 0.01181412)
(0.0001940727, -0.1421542, 0.01181412)
(0.0001502037, -0.1419139, 0.01180279)
(0.0001676083, -0.1419432, 0.01170671)
(0.0002458096, -0.1418157, 0.01188588)
(0.0001037121, -0.1417704, 0.01211333)
(0.0001659393, -0.1418042, 0.01208961)
(-9.775162E-05, -0.1414647, 0.01239407)
(-2.813339E-05, -0.1412826, 0.01235723)
(-0.0002396107, -0.1408544, 0.01282728)
(-0.0002396107, -0.1408544, 0.01282728)
(-0.0002474785, -0.1405771, 0.01288044)
(-0.0001890659, -0.1404915, 0.01277721)
(-0.0002257824, -0.1402571, 0.01274204)
(-0.0003056526, -0.140003, 0.01299047)
(-0.000282526, -0.1397729, 0.01282465)
(-0.0007812977, -0.139364, 0.0134213)
(-0.0008034706, -0.1392634, 0.01327384)
(-0.0007271767, -0.139035, 0.01320863)
(-0.0007271767, -0.139035, 0.01320863)
(-0.0008158684, -0.1388593, 0.01328468)
(-0.0008001328, -0.1387031, 0.01316237)
(-0.0007591248, -0.1387558, 0.01285434)
(-0.0004985332, -0.1385937, 0.01279974)
(-0.0004985332, -0.1385937, 0.01279974)
(-0.0003771782, -0.1385527, 0.01268959)
(-0.0003108978, -0.1386702, 0.01252472)
(-0.0001587868, -0.1383843, 0.0129447)
(-0.0001587868, -0.1383843, 0.0129447)
(-0.0003466606, -0.1384394, 0.0132134)
(-0.0004286766, -0.13851, 0.0131793)
(-0.0004806519, -0.1387539, 0.01314807)
(-0.0001821518, -0.1388717, 0.01313412)
(4.577637E-05, -0.1390045, 0.01313448)
(4.577637E-05, -0.1390045, 0.01313448)
(0.0004611015, -0.1390526, 0.01283157)
(0.0006313324, -0.1389945, 0.01278758)
(0.0006313324, -0.1389945, 0.01278758)
(0.0006957054, -0.1389561, 0.01279831)
(0.0008592606, -0.1391675, 0.01254916)
(0.001094341, -0.138916, 0.01309061)
(0.0012815, -0.1390719, 0.01290917)
(0.001384497, -0.1391525, 0.01266742)
(0.001321793, -0.1395459, 0.01281798)
(-0.001441002, -0.1357167, 0.01751578)
(-0.001441002, -0.1357167, 0.01751578)
(-0.001635551, -0.1357999, 0.01757336)
(-0.001782417, -0.1358349, 0.01761961)
(-0.001983643, -0.1355534, 0.01806831)
(-0.002015114, -0.1354778, 0.01815605)
(-0.001955509, -0.1354566, 0.01821613)
(-0.001955509, -0.1354566, 0.01821613)
(-0.002490044, -0.1354251, 0.01811457)
(-0.001998663, -0.1364319, 0.01708555)
(-0.001920223, -0.1364954, 0.01717401)
(-0.001920223, -0.1364954, 0.01717401)
(-0.002058983, -0.136888, 0.01747632)
(-0.002567291, -0.1361091, 0.01851702)
(-0.003010273, -0.1361406, 0.01830292)
(-0.003224611, -0.1364083, 0.01809144)
(-0.003224611, -0.1364083, 0.01809144)
(-0.003231049, -0.1365464, 0.01839328)
(-0.003321648, -0.1366632, 0.01814103)
(-0.00281477, -0.1365979, 0.01848435)
(-0.00281477, -0.1365979, 0.01848435)
(-0.00255084, -0.136354, 0.0183028)
(-0.002704144, -0.1361625, 0.01827097)
(-0.002377033, -0.1360917, 0.01836312)
(-0.002737999, -0.1362588, 0.01827085)
(-0.002685785, -0.1362095, 0.01827192)
(-0.002889395, -0.1364872, 0.01845682)
(-0.003081799, -0.1362517, 0.01865637)
(-0.002694845, -0.1361902, 0.01886547)
(-0.002694845, -0.1361902, 0.01886547)
(-0.002700806, -0.1362844, 0.01902831)
(-0.002776146, -0.1362445, 0.01906276)
(-0.003138542, -0.1363108, 0.01900768)
(-0.003181219, -0.1363473, 0.01897311)
(-0.003293753, -0.1365607, 0.01849687)
(-0.003266335, -0.136565, 0.0184443)
(-0.003149033, -0.1365736, 0.01838398)
(-0.002810001, -0.1364856, 0.01845121)
(-0.002810001, -0.1364856, 0.01845121)
(-0.002869844, -0.1365254, 0.01843929)
(-0.003057241, -0.1364372, 0.01835704)
(-0.002933025, -0.1365693, 0.0183326)
(-0.003032923, -0.1368818, 0.01844561)
(-0.003011465, -0.1368899, 0.01880682)
(-0.002864599, -0.1371233, 0.01890373)
(-0.002548695, -0.137028, 0.01934588)
(-0.002260447, -0.1368549, 0.01962996)
(-0.002260447, -0.1368549, 0.01962996)
(-0.001863003, -0.1365211, 0.01944017)
(-0.001711607, -0.1365592, 0.01912677)
(-0.001364946, -0.1362126, 0.01933181)
(-0.000939846, -0.1363041, 0.01948214)
(2.026558E-05, -0.1356871, 0.02130723)
(0.0003294945, -0.1360345, 0.02257967)
(0.0008172989, -0.1358404, 0.02347255)
(0.001146793, -0.1354058, 0.02499235)
(0.001146793, -0.1354058, 0.02499235)
(0.001096249, -0.1355665, 0.02651846)
(0.00113368, -0.1357083, 0.02789271)
(0.001369238, -0.1356788, 0.03016579)
(0.001451969, -0.1355267, 0.03185034)
(0.002292871, -0.1340961, 0.03673816)
(0.002292871, -0.1340961, 0.03673816)
(0.003092289, -0.1309044, 0.04218388)
(0.003092289, -0.1309044, 0.04218388)
(0.003731728, -0.1289003, 0.04470491)
(0.004564285, -0.1260979, 0.04729819)
(0.00497508, -0.1234074, 0.04981804)
(0.005606651, -0.121279, 0.05189562)
(0.006958723, -0.1166213, 0.05575442)
(0.007936239, -0.1140051, 0.05761218)
(0.008799314, -0.1110957, 0.0598464)
(0.009745598, -0.1070004, 0.06255031)
(0.01119614, -0.1039014, 0.0642848)
(0.01119614, -0.1039014, 0.0642848)
(0.01213503, -0.1004343, 0.06538486)
(0.01311088, -0.09547734, 0.06601274)
(0.01531553, -0.08820033, 0.06707287)
(0.01985049, -0.07236791, 0.07111239)
(0.02161026, -0.06353831, 0.07192659)
(0.02352142, -0.05397367, 0.0729537)
(0.02599382, -0.04255247, 0.07437181)
(0.02832341, -0.0302043, 0.07655895)
(0.02832341, -0.0302043, 0.07655895)
(0.03096914, -0.01716471, 0.08058739)
(0.03433895, -0.003753185, 0.08542705)
(0.03648543, 0.008756399, 0.09010601)
(0.04032826, 0.02046061, 0.0957644)
(0.04602194, 0.04088569, 0.1082937)
(0.05002928, 0.05230212, 0.1167297)
(0.05285263, 0.064008, 0.1283867)
(0.05285263, 0.064008, 0.1283867)
(0.05352998, 0.0735898, 0.1386254)
(0.056036, 0.08370352, 0.1485958)
(0.05751443, 0.09245896, 0.1599247)
(0.05760479, 0.09857464, 0.1729895)
(0.05922294, 0.1066799, 0.1846468)
(0.05936956, 0.1134524, 0.1993809)
(0.06012225, 0.1265974, 0.2285451)
(0.06000805, 0.1327045, 0.2462122)
(0.06000805, 0.1327045, 0.2462122)
(0.0599432, 0.1373129, 0.2615387)
(0.06115818, 0.1402757, 0.2791033)
(0.06171131, 0.1446486, 0.2966676)
(0.06256962, 0.1475542, 0.3144145)
(0.06451964, 0.1535766, 0.3507457)
(0.06522512, 0.1551251, 0.3694017)
(0.06617832, 0.1569881, 0.3882754)
(0.06795096, 0.1588972, 0.4088914)
(0.06795096, 0.1588972, 0.4088914)
(0.06970882, 0.160277, 0.42782)
(0.07106113, 0.1610732, 0.446918)
(0.07414126, 0.1630104, 0.4824071)
(0.07553005, 0.1629237, 0.5019755)
(0.07553005, 0.1629237, 0.5019755)
(0.07724714, 0.1630903, 0.518784)
(0.07955742, 0.1632882, 0.5351574)
(0.08121443, 0.1631469, 0.5516615)
(0.08203244, 0.165285, 0.5680304)
(0.0863502, 0.1630409, 0.5941391)
(0.08794737, 0.1618412, 0.6062598)
(0.09041715, 0.1590934, 0.617486)
(0.09041715, 0.1590934, 0.617486)
(0.09147787, 0.1551968, 0.6264751)
(0.09312773, 0.1516407, 0.635443)
(0.09441423, 0.1457784, 0.64182)
(0.09542489, 0.14028, 0.6495109)
(0.09625745, 0.1330652, 0.6549714)
(0.09743094, 0.1251085, 0.6604073)
(0.1066823, 0.1150768, 0.6688731)
(0.09358549, 0.1345522, 0.6659212)
(0.09358549, 0.1345522, 0.6659212)
(0.09775662, 0.1265366, 0.6622839)
(0.09291697, 0.1332397, 0.6496124)
(0.09672785, 0.1343043, 0.6460068)
(0.1006393, 0.1297023, 0.6559656)
(0.1009376, 0.13097, 0.6590931)
(0.09853888, 0.1274047, 0.6628382)
(0.09696126, 0.1216137, 0.662858)
(0.09795809, 0.1238067, 0.662075)
(0.09795809, 0.1238067, 0.662075)
(0.09919381, 0.1271827, 0.6596491)
(0.09830832, 0.1255434, 0.6569133)
(0.09732914, 0.1243978, 0.6559315)
(0.09698296, 0.1246314, 0.6554685)
(0.09641218, 0.1251721, 0.657474)
(0.09761262, 0.125129, 0.657001)
(0.09819794, 0.1251638, 0.6577702)
(0.09819794, 0.1251638, 0.6577702)
(0.09818578, 0.1250033, 0.657702)
(0.09925222, 0.1257479, 0.6569252)
(0.09878206, 0.1256232, 0.6569607)
(0.09891295, 0.1257179, 0.6569808)
(0.09880805, 0.1258867, 0.6566494)
(0.09885812, 0.1252198, 0.6568787)
(0.09892058, 0.125138, 0.6569276)
(0.09885859, 0.125165, 0.6573017)
(0.09885859, 0.125165, 0.6573017)
(0.09848857, 0.1248965, 0.6571417)
(0.09833574, 0.124733, 0.6574202)
(0.09812522, 0.1244137, 0.6573644)
(0.09780145, 0.1241951, 0.6574364)
(0.0976162, 0.1239622, 0.6576638)
(0.09689736, 0.1235905, 0.6572974)
(0.09658241, 0.1233053, 0.6572444)
(0.09645653, 0.1232319, 0.6572328)
(0.09645653, 0.1232319, 0.6572328)
(0.09627938, 0.123085, 0.6571362)
(0.0962851, 0.1230333, 0.6571784)
(0.09637213, 0.1231236, 0.6573069)
(0.09618044, 0.1231201, 0.6570432)
(0.0960753, 0.1234512, 0.6571662)
(0.09629607, 0.1235428, 0.6568427)
(0.09681058, 0.1237204, 0.6567817)
(0.09711313, 0.1241062, 0.6568823)
(0.09711313, 0.1241062, 0.6568823)
(0.09753942, 0.1242266, 0.6567128)
(0.09783173, 0.1243234, 0.6567607)
(0.09807849, 0.1244631, 0.6566191)
(0.09826851, 0.1245651, 0.656549)
(0.09828424, 0.1244771, 0.656764)
(0.09846592, 0.1246641, 0.6570017)
(0.09849167, 0.1247299, 0.6569667)
(0.09838653, 0.1247509, 0.6568971)
(0.09838653, 0.1247509, 0.6568971)
(0.09828424, 0.1245904, 0.6567898)
(0.09851956, 0.1247787, 0.6568105)
(0.09862566, 0.1245551, 0.6566391)
(0.09853292, 0.124501, 0.6563728)
(0.09869552, 0.1241832, 0.6563652)
(0.09874368, 0.1240101, 0.6565418)
(0.09901142, 0.124059, 0.6565151)
(0.0992732, 0.1240437, 0.6564758)
(0.0992732, 0.1240437, 0.6564758)
(0.09916091, 0.1239629, 0.6560495)
(0.09925866, 0.1238701, 0.6560178)
(0.09931135, 0.1237631, 0.6562796)
(0.09926319, 0.123647, 0.6563296)
(0.09921479, 0.1234586, 0.6563699)
(0.09916091, 0.1232791, 0.6559899)
(0.0992918, 0.1232607, 0.65609)
(0.09933448, 0.1232619, 0.6561806)
(0.09933448, 0.1232619, 0.6561806)
(0.09892201, 0.1230986, 0.6556876)
(0.09906721, 0.123059, 0.6557653)
(0.09928846, 0.1231256, 0.6557288)
(0.09911704, 0.1230104, 0.6553783)
(0.0988307, 0.122683, 0.6556206)
(0.09862542, 0.1225512, 0.6555018)
(0.09857869, 0.1224732, 0.6553979)
(0.09848809, 0.1224563, 0.6552801)
(0.09848809, 0.1224563, 0.6552801)
(0.09853125, 0.1223698, 0.6550443)
(0.09867811, 0.1223152, 0.6552296)
(0.09786797, 0.1235816, 0.6565089)
(0.0983448, 0.1235919, 0.6568475)
(0.1026435, 0.1228673, 0.6549318)
(0.0996232, 0.1257885, 0.6550498)
(0.09710884, 0.1259332, 0.6558645)
(0.09549928, 0.1240203, 0.6572342)
(0.09549928, 0.1240203, 0.6572342)
(0.1004345, 0.1222847, 0.6566124)
(0.1012373, 0.1237814, 0.6574502)
(0.1011107, 0.124984, 0.655544)
(0.100147, 0.1250803, 0.6550429)
(0.09972882, 0.1242428, 0.6565702)
(0.09960508, 0.1243503, 0.6567831)
(0.1004069, 0.1240606, 0.6562703)
(0.1004069, 0.1240606, 0.6562703)
(0.1005054, 0.1244729, 0.6563234)
(0.09999967, 0.124572, 0.6564059)
(0.09997296, 0.1248188, 0.6562941)
(0.09973097, 0.1247406, 0.6561661)
(0.09963608, 0.1247737, 0.6559422)
(0.1003597, 0.1251371, 0.6559474)
(0.09995222, 0.1249645, 0.6558881)
(0.09997034, 0.1248388, 0.6560698)
(0.09997034, 0.1248388, 0.6560698)
(0.1001799, 0.1249402, 0.6563504)
(0.1000676, 0.1248288, 0.6560638)
(0.1000102, 0.1247571, 0.6559927)
(0.09986973, 0.1247842, 0.6560085)
(0.09982181, 0.1247766, 0.6559634)
(0.09969497, 0.1247389, 0.6558759)
(0.09971309, 0.1247938, 0.6557875)
(0.1000144, 0.1250198, 0.6555676)
(0.1000144, 0.1250198, 0.6555676)
(0.1001487, 0.1251793, 0.6556909)
(0.1004937, 0.1252723, 0.6557851)
(0.1004839, 0.1252382, 0.6556799)
(0.100651, 0.1251693, 0.6555152)
(0.1008031, 0.1251836, 0.6555548)
(0.1009848, 0.1249332, 0.6558218)
(0.1010122, 0.1249144, 0.6557262)
(0.1012676, 0.1250572, 0.6558008)
(0.1012676, 0.1250572, 0.6558008)
(0.1013057, 0.1250989, 0.6557543)
(0.1012006, 0.1250725, 0.6555474)
(0.1012428, 0.1249728, 0.655602)
(0.1012893, 0.1250815, 0.6557236)
(0.1013968, 0.1250622, 0.6557655)
(0.1013908, 0.1251223, 0.6558447)
(0.1011055, 0.1250598, 0.6555502)
(0.1011977, 0.1252124, 0.6553426)
(0.1011977, 0.1252124, 0.6553426)
(0.1011999, 0.1251714, 0.6552486)
(0.1011386, 0.1251128, 0.6551158)
(0.1011493, 0.1251097, 0.6550691)
(0.1011176, 0.1251254, 0.6551323)
(0.1009231, 0.1250753, 0.6550109)
(0.1007345, 0.1250978, 0.6549618)
(0.1007679, 0.1250997, 0.6548834)
(0.1007679, 0.1250997, 0.6548834)
(0.1007247, 0.1250091, 0.6549432)
(0.1007409, 0.1250875, 0.6550553)
(0.1005275, 0.1250758, 0.6549032)
(0.1002662, 0.1247733, 0.6551323)
(0.1001253, 0.12463, 0.6550617)
(0.0998621, 0.124532, 0.6549611)
(0.09949899, 0.1246524, 0.654825)
(0.09958196, 0.1245172, 0.6551344)
(0.09958196, 0.1245172, 0.6551344)
(0.09949112, 0.1245427, 0.6552153)
(0.09891748, 0.1245885, 0.6551001)
(0.09844255, 0.1245055, 0.6546478)
(0.09819698, 0.1244075, 0.6543689)
(0.09794354, 0.1245422, 0.6543286)
(0.09800482, 0.1243629, 0.6542006)
(0.09757829, 0.1240227, 0.6544387)
(0.09745502, 0.1239796, 0.6543074)
(0.09745502, 0.1239796, 0.6543074)
(0.09723186, 0.1237411, 0.6543334)
(0.0967834, 0.1237264, 0.654563)
(0.09667444, 0.1235325, 0.6547332)
(0.09655452, 0.1237695, 0.6547787)
(0.09688663, 0.1233501, 0.6545851)
(0.09751558, 0.1237087, 0.654567)
(0.09784722, 0.1234953, 0.6545966)
(0.09758902, 0.1234233, 0.6544464)
(0.09758902, 0.1234233, 0.6544464)
(0.09779, 0.1236296, 0.6542907)
(0.09810066, 0.1235924, 0.6541011)
(0.09847927, 0.1237123, 0.6539116)
(0.09861016, 0.123848, 0.654078)
(0.09858847, 0.1237953, 0.6541209)
(0.09937263, 0.1238601, 0.6543014)
(0.09969425, 0.1240399, 0.6542161)
(0.100168, 0.1240942, 0.654295)
(0.100168, 0.1240942, 0.654295)
(0.1001928, 0.1239474, 0.6543646)
(0.1003704, 0.1239455, 0.6543524)
(0.1006393, 0.1239071, 0.6543972)
