(-74.5806, 13.80098, 38.96829)
(-74.38252, 14.6091, 38.75489)
(-74.07697, 15.31159, 38.45749)
(-73.82155, 16.37175, 38.46468)
(-73.75185, 17.11717, 38.61598)
(-73.99309, 18.13961, 38.90201)
(-74.2317, 19.03387, 39.12394)
(-74.1209, 19.84163, 39.05332)
(-74.24342, 20.55322, 39.0671)
(-74.43259, 21.29572, 38.90793)
(-74.84023, 22.01273, 38.88914)
(-75.36163, 22.84963, 38.89777)
(-75.89772, 23.62313, 38.81009)
(-76.43969, 24.41312, 38.74842)
(-77.12295, 25.13984, 38.68551)
(-77.88422, 25.88911, 38.64976)
(-78.6062, 26.62896, 38.59103)
(-79.45063, 27.32576, 38.49508)
(-80.32796, 28.01607, 38.41994)
(-81.20901, 28.67761, 38.29397)
(-82.18129, 29.29503, 38.20047)
(-83.13853, 29.79268, 38.23948)
(-85.1834, 30.85729, 38.14813)
(-85.1834, 30.85729, 38.14813)
(-85.94182, 31.12756, 38.28446)
(-87.24976, 32.24146, 38.59085)
(-88.21259, 32.39807, 38.70716)
(-89.17136, 32.54395, 38.71777)
(-89.97073, 32.68576, 38.78659)
(-90.89205, 32.66327, 38.89091)
(-91.71658, 32.51989, 38.93661)
(-92.45019, 32.3586, 38.98487)
(-93.1498, 32.2492, 39.0125)
(-93.81771, 32.14112, 38.93621)
(-94.48185, 31.97936, 38.85429)
(-95.16392, 31.64778, 38.80907)
(-95.84482, 31.19639, 38.72341)
(-96.54825, 30.69687, 38.64162)
(-97.18335, 30.22909, 38.64405)
(-98.32845, 29.29931, 38.65056)
(-98.85063, 28.92939, 38.62647)
(-99.33765, 28.55083, 38.65659)
(-99.79589, 28.20567, 38.63907)
(-100.194, 27.86193, 38.67078)
(-100.528, 27.4542, 38.67309)
(-100.9599, 26.99523, 38.54648)
(-101.246, 26.54726, 38.3183)
(-101.5969, 26.11774, 38.13206)
(-101.9053, 25.60449, 37.82269)
(-102.1721, 25.06418, 37.58511)
(-102.4704, 24.54394, 37.42562)
