(339.4364, 44.27139, 7.070642)
(343.2691, 46.89849, 9.037415)
(346.0815, 49.33968, 10.67672)
(346.1306, 48.01984, 16.05582)
(346.1306, 48.01984, 16.05582)
(337.8162, 31.55301, 25.63982)
(331.6392, 38.65877, 22.84893)
(330.4167, 46.9925, 18.75905)
(330.8036, 49.49635, 15.96138)
(331.9538, 51.33946, 15.25167)
(333.821, 52.278, 15.85376)
(334.7119, 50.16537, 17.02274)
(334.761, 48.97114, 17.85374)
(334.7491, 48.25891, 17.88635)
(334.4951, 48.02591, 17.55952)
(333.994, 48.44987, 16.96674)
(333.1385, 49.16184, 16.2254)
(332.2755, 49.89031, 15.53198)
(331.1685, 50.96923, 14.60989)
(330.3399, 51.92373, 13.80899)
(329.808, 53.11008, 12.71095)
(329.1355, 53.75228, 12.09794)
(328.1905, 54.30251, 11.54663)
(326.921, 55.11543, 10.78933)
(325.5619, 56.26127, 9.57622)
(323.7571, 57.46721, 8.127223)
(321.7547, 58.76023, 6.649959)
(319.9334, 60.19191, 5.018162)
(318.2106, 61.78368, 3.164402)
(316.6805, 63.96161, 0.5940974)
(315.5249, 66.03121, 358.1662)
(314.7776, 68.07819, 355.4841)
(314.5645, 69.53868, 352.8816)
(314.7928, 70.16352, 350.7528)
(315.794, 69.95238, 349.5412)
(317.0788, 69.66309, 348.2834)
(318.7696, 69.01736, 347.1515)
(319.5501, 68.47266, 345.9128)
(320.1234, 67.47494, 344.665)
(320.0243, 66.61749, 343.5836)
(319.4159, 64.78867, 343.438)
(320.8178, 61.84469, 344.5197)
(322.9479, 58.84235, 345.3279)
(325.6997, 54.38816, 347.4198)
