(-51.10892, 1.631665, 221.1611)
(-51.16551, 1.611376, 221.1507)
(-51.24462, 1.604247, 221.1727)
(-51.29312, 1.594257, 221.1873)
(-51.34618, 1.589298, 221.2197)
(-51.35536, 1.578546, 221.2502)
(-51.30635, 1.557636, 221.2314)
(-51.28255, 1.548171, 221.2258)
(-51.28715, 1.526117, 221.2141)
(-51.29844, 1.525545, 221.2028)
(-51.3385, 1.542044, 221.1853)
(-51.38012, 1.538754, 221.1848)
(-51.38886, 1.555681, 221.2053)
(-51.38359, 1.548457, 221.2229)
(-51.36235, 1.53091, 221.2816)
(-51.34954, 1.559162, 221.2631)
(-51.3556, 1.564288, 221.243)
(-51.36964, 1.555896, 221.2188)
(-51.37315, 1.542807, 221.2095)
(-51.3867, 1.547003, 221.2036)
(-51.38256, 1.578641, 221.2474)
(-51.35468, 1.566458, 221.2758)
(-51.34257, 1.544452, 221.264)
(-51.32285, 1.558924, 221.2497)
(-51.2991, 1.551628, 221.239)
(-51.28246, 1.570535, 221.2318)
(-51.2765, 1.580453, 221.2242)
(-51.29454, 1.586628, 221.2268)
(-51.31395, 1.560664, 221.2253)
(-51.29151, 1.560116, 221.2241)
(-51.28151, 1.560497, 221.2234)
(-51.27882, 1.568675, 221.2124)
(-51.28046, 1.591563, 221.2074)
(-51.25626, 1.609302, 221.2058)
(-51.20148, 1.63939, 221.2107)
(-51.15322, 1.642823, 221.2039)
(-51.13435, 1.622534, 221.1845)
(-51.18375, 1.618862, 221.1614)
(-51.22403, 1.595902, 221.1907)
(-51.22831, 1.561618, 221.2165)
(-51.27268, 1.559734, 221.2487)
(-51.2691, 1.57702, 221.2591)
(-51.25148, 1.599503, 221.2347)
(-51.23545, 1.596308, 221.2202)
(-51.19106, 1.608038, 221.2069)
(-51.14433, 1.610589, 221.2232)
(-51.11709, 1.617074, 221.2142)
(-51.15124, 1.627183, 221.2505)
(-51.16167, 1.625943, 221.2503)
(-51.1613, 1.615572, 221.2346)
(-51.20175, 1.625848, 221.2364)
(-51.2154, 1.629829, 221.2342)
(-51.20668, 1.593709, 221.2153)
(-51.18884, 1.588297, 221.2217)
(-51.16203, 1.59831, 221.2516)
(-51.15317, 1.595116, 221.2706)
(-51.1605, 1.591253, 221.29)
