(0.2214893, -0.7501141, 0.6231143)
(0.2220452, -0.7515373, 0.6211986)
(0.2221321, -0.7528036, 0.6196322)
(0.2221737, -0.7551143, 0.6167992)
(0.2228687, -0.7570865, 0.6141251)
(0.2230583, -0.7594665, 0.6111102)
(0.2221989, -0.7617911, 0.6085244)
(0.2211137, -0.7644209, 0.605615)
(0.2191959, -0.7666022, 0.6035514)
(0.2174415, -0.7688727, 0.6012936)
(0.2143414, -0.7713301, 0.5992559)
(0.2117987, -0.7737024, 0.5970979)
(0.2077872, -0.7764046, 0.5949961)
(0.2031536, -0.7789539, 0.5932617)
(0.1972375, -0.7816621, 0.591694)
(0.1913342, -0.7845533, 0.5898029)
(0.1842504, -0.7874203, 0.5882357)
(0.1759725, -0.7903838, 0.586794)
(0.1665555, -0.7938398, 0.5848742)
(0.1563865, -0.7985755, 0.5812232)
(0.1477008, -0.8028268, 0.5776274)
(0.1383154, -0.8073251, 0.5736681)
(0.128585, -0.8105826, 0.5713333)
(0.1196875, -0.8131379, 0.5696328)
(0.110784, -0.8161933, 0.5670586)
(0.1017372, -0.8195593, 0.5638902)
(0.09380113, -0.8229078, 0.5603786)
(0.09380113, -0.8229078, 0.5603786)
(0.08025292, -0.8290835, 0.5533354)
(0.07275873, -0.8313483, 0.5509685)
(0.06671316, -0.8332157, 0.5489088)
(0.06114916, -0.8341698, 0.5481072)
(0.05668981, -0.8355539, 0.5464759)
(0.05267116, -0.8370729, 0.5445501)
(0.04962269, -0.838625, 0.5424442)
(0.04516395, -0.8399954, 0.5407105)
(0.03982083, -0.8416732, 0.5385169)
(0.03501187, -0.8440536, 0.5351146)
(0.03109298, -0.8455456, 0.532997)
(0.02789381, -0.8470777, 0.5307366)
(0.02495946, -0.8484586, 0.5286728)
(0.02290213, -0.8497122, 0.5267493)
(0.01961489, -0.8513709, 0.5241975)
(0.01568817, -0.853851, 0.520281)
(0.01156288, -0.8566982, 0.5156886)
(0.008550065, -0.8587, 0.5124072)
(0.005612509, -0.8593851, 0.5112981)
(0.004277565, -0.8601087, 0.5100929)
(0.005468577, -0.8618453, 0.5071418)
(0.005591575, -0.8636303, 0.5040947)
(0.005607838, -0.8655927, 0.5007173)
(0.004050175, -0.867386, 0.4976195)
(0.001709523, -0.8696963, 0.4935843)
(-0.0002461039, -0.8712791, 0.4907879)
(-0.001006151, -0.8718122, 0.4898393)
(0.0001466498, -0.8725011, 0.4886123)
(0.0008778721, -0.8733012, 0.4871799)
(0.0006521903, -0.874139, 0.4856753)
(-0.0001930743, -0.8751897, 0.4837798)
(-0.001629774, -0.8765842, 0.4812458)
(-0.002426986, -0.877946, 0.4787534)
(-0.002747543, -0.8789449, 0.4769154)
(-0.001904793, -0.8792889, 0.4762851)
(-0.001180224, -0.8797082, 0.4755125)
(-0.000724297, -0.8805084, 0.47403)
(-0.0001583584, -0.8813174, 0.4725249)
(0.00131835, -0.8821031, 0.4710545)
(0.002704024, -0.8829118, 0.4695311)
(0.003832933, -0.8825892, 0.4701295)
(0.005450856, -0.8820224, 0.4711759)
(0.008527966, -0.8812896, 0.4724998)
(0.01162275, -0.8804265, 0.4740402)
(0.01446573, -0.8800451, 0.4746697)
(0.01657182, -0.8802012, 0.4743114)
(0.01859946, -0.8803625, 0.4739367)
(0.02092352, -0.8819551, 0.4708688)
(0.02432352, -0.8835322, 0.4677384)
(0.0282205, -0.8815704, 0.4712084)
(0.03271881, -0.8789884, 0.4757192)
(0.04092408, -0.8768313, 0.4790533)
(0.04671855, -0.8777664, 0.4768054)
(0.05051732, -0.8800656, 0.4721573)
(0.05291909, -0.8843507, 0.4638141)
(0.05719274, -0.8863251, 0.4595181)
(0.06268512, -0.8868069, 0.4578691)
(0.07010177, -0.8857444, 0.4588494)
(0.08516925, -0.8820594, 0.4633762)
(0.09659061, -0.8820495, 0.4611496)
(0.1048758, -0.8848913, 0.4538376)
(0.1124476, -0.8879292, 0.4460238)
(0.1212387, -0.8908594, 0.4378023)
(0.1278512, -0.8933582, 0.4307728)
(0.133968, -0.894698, 0.4261082)
(0.1392803, -0.8961558, 0.4213143)
(0.141299, -0.8966821, 0.4195187)
(0.1428453, -0.8964224, 0.4195499)
(0.1456296, -0.8966476, 0.4181092)
(0.1477516, -0.8975726, 0.4153709)
(0.1516386, -0.8963684, 0.4165688)
(0.1562677, -0.8943043, 0.4192852)
(0.1601769, -0.8943956, 0.4176121)
(0.1646755, -0.8946957, 0.4152126)
(0.1713004, -0.8939204, 0.4142011)
(0.1790524, -0.8927566, 0.4134319)
(0.1848689, -0.8914939, 0.4135965)
(0.1897351, -0.8905369, 0.4134547)
(0.1956378, -0.8893845, 0.4131841)
(0.2029244, -0.8879297, 0.4127984)
(0.2118127, -0.8857939, 0.4129221)
(0.2196242, -0.8843522, 0.4119303)
(0.2260314, -0.8835899, 0.4100961)
(0.2319799, -0.882288, 0.4095769)
(0.2358467, -0.881282, 0.4095343)
(0.2379019, -0.8807124, 0.4095709)
(0.2402615, -0.8798904, 0.4099601)
(0.2427474, -0.8793547, 0.4096452)
(0.247197, -0.8784543, 0.4089155)
(0.2531669, -0.8777186, 0.4068373)
(0.2589245, -0.8766637, 0.4054859)
(0.2635247, -0.8755733, 0.4048779)
(0.2664534, -0.8747668, 0.4047047)
(0.2695309, -0.8734118, 0.4055922)
(0.2739033, -0.8716195, 0.4065176)
(0.2776743, -0.8698809, 0.4076816)
(0.2815348, -0.8680659, 0.4089006)
(0.285271, -0.8668372, 0.408918)
(0.2884183, -0.8660517, 0.4083741)
(0.2915757, -0.8652773, 0.4077728)
(0.2947119, -0.8644397, 0.4072948)
(0.2965356, -0.8637159, 0.4075062)
(0.298183, -0.8623829, 0.4091243)
(0.3000639, -0.8605741, 0.4115507)
(0.3014393, -0.859723, 0.4123235)
(0.3030781, -0.8595772, 0.4114253)
(0.3054424, -0.8587126, 0.4114823)
(0.3091437, -0.8575228, 0.4111993)
(0.3121014, -0.8568245, 0.4104201)
(0.3130365, -0.8557128, 0.4120242)
(0.3135789, -0.8545724, 0.4139739)
(0.3136271, -0.8544281, 0.414235)
(0.3134836, -0.8552375, 0.4126704)
(0.3145219, -0.8550961, 0.412173)
(0.3157288, -0.8550158, 0.4114162)
(0.3170885, -0.8553822, 0.4096047)
(0.3164313, -0.8559328, 0.4089626)
(0.3155057, -0.8549021, 0.4118233)
(0.3152209, -0.8539016, 0.4141109)
(0.3146579, -0.8541335, 0.4140608)
(0.3142645, -0.8553324, 0.4118789)
(0.3155695, -0.8560656, 0.4093503)
(0.3173692, -0.8562424, 0.4075854)
(0.3180227, -0.856885, 0.4057213)
(0.3195266, -0.8577178, 0.4027692)
(0.323315, -0.8577675, 0.3996279)
(0.3246301, -0.8572627, 0.3996449)
(0.3225516, -0.8572373, 0.4013785)
(0.3213702, -0.8578677, 0.4009791)
(0.3217657, -0.858532, 0.3992365)
(0.3229412, -0.8595212, 0.3961469)
(0.3237198, -0.8596786, 0.3951687)
(0.3237762, -0.8594831, 0.3955476)
(0.323097, -0.8587409, 0.397709)
(0.3208683, -0.8583551, 0.4003374)
(0.3176229, -0.8587694, 0.4020334)
(0.3144323, -0.8592161, 0.4035841)
(0.3122753, -0.8600283, 0.4035288)
(0.3101735, -0.8611346, 0.4027897)
(0.3091051, -0.8616291, 0.4025537)
(0.3089055, -0.8616006, 0.4027678)
(0.3098499, -0.8612788, 0.4027307)
(0.3084803, -0.8609489, 0.4044835)
(0.3058432, -0.8614495, 0.4054192)
(0.3053946, -0.8632195, 0.4019779)
(0.3036189, -0.8663321, 0.3965907)
(0.2996814, -0.8693463, 0.3929735)
(0.293432, -0.8729504, 0.3896863)
(0.289299, -0.8761884, 0.3854866)
(0.2890114, -0.8784184, 0.3805965)
(0.2882525, -0.8802747, 0.3768647)
(0.284473, -0.8821884, 0.3752583)
(0.2783612, -0.8836797, 0.3763314)
(0.2783031, -0.8837387, 0.376236)
(0.2804424, -0.88432, 0.3732698)
(0.2779965, -0.8861282, 0.3708029)
(0.267639, -0.8900914, 0.3689262)
(0.257277, -0.8938547, 0.3671953)
(0.24947, -0.896865, 0.3652369)
(0.2426362, -0.8988033, 0.3650756)
(0.2368636, -0.8990792, 0.3681744)
(0.2327111, -0.8974685, 0.3746943)
(0.2307347, -0.8960847, 0.3792012)
(0.225531, -0.8977517, 0.3783882)
(0.2191992, -0.8992602, 0.3785271)
(0.2113937, -0.9011042, 0.3785816)
(0.2040056, -0.9027586, 0.3786933)
(0.1976028, -0.9033172, 0.3807509)
(0.190921, -0.904165, 0.382145)
(0.1869132, -0.9065342, 0.3784961)
(0.184355, -0.9076176, 0.3771517)
(0.1791259, -0.9082162, 0.378229)
(0.172104, -0.9089268, 0.3797792)
(0.1663554, -0.9098185, 0.3802057)
(0.1622463, -0.9105293, 0.3802797)
(0.1613775, -0.9108812, 0.3798061)
(0.1601079, -0.9112551, 0.3794466)
(0.1593145, -0.9115334, 0.3791119)
(0.1572363, -0.9122698, 0.3782071)
(0.152362, -0.9137802, 0.3765521)
(0.1462804, -0.9159731, 0.3736248)
(0.1420625, -0.9173489, 0.3718727)
(0.1387574, -0.9179128, 0.3717292)
(0.1349322, -0.9183434, 0.3720736)
(0.1313429, -0.9182122, 0.3736784)
(0.1283329, -0.9186382, 0.3736771)
(0.1251787, -0.9194044, 0.3728618)
(0.1234098, -0.9197089, 0.3727004)
(0.1239435, -0.9191503, 0.3738994)
(0.1219834, -0.9189024, 0.3751513)
(0.1186755, -0.9189181, 0.3761724)
(0.1150767, -0.9190682, 0.3769232)
(0.1118206, -0.9193273, 0.3772713)
(0.1104539, -0.919652, 0.376882)
(0.1083479, -0.9199952, 0.3766557)
(0.105111, -0.9199634, 0.3776496)
(0.1008991, -0.919938, 0.378858)
(0.0952085, -0.9201701, 0.3797663)
(0.09163357, -0.9199725, 0.3811219)
(0.08997441, -0.9193431, 0.3830312)
(0.08875577, -0.9188873, 0.384407)
(0.08727329, -0.9180189, 0.3868136)
(0.0828474, -0.9177781, 0.3883551)
(0.07808025, -0.9179152, 0.3890181)
(0.07556101, -0.9174432, 0.3906258)
(0.07460503, -0.9166698, 0.3926201)
(0.07542684, -0.914935, 0.3964906)
(0.07558309, -0.91343, 0.3999162)
(0.07494821, -0.9122726, 0.4026678)
(0.07467332, -0.9109455, 0.4057121)
(0.07443734, -0.9093108, 0.4094056)
(0.07516568, -0.9074422, 0.4133994)
(0.07639945, -0.9055901, 0.4172168)
(0.07901165, -0.9029336, 0.422455)
(0.08064353, -0.9007924, 0.4266964)
(0.08386765, -0.898204, 0.4315041)
(0.08614425, -0.8956714, 0.4362935)
(0.08912122, -0.8929488, 0.4412481)
(0.0923208, -0.8899814, 0.4465534)
(0.09686143, -0.8865879, 0.452305)
(0.1027312, -0.8836521, 0.4567333)
(0.1067333, -0.8808817, 0.4611457)
(0.1116232, -0.8782102, 0.4650667)
(0.1179662, -0.8759618, 0.4677339)
(0.1244689, -0.8720684, 0.4732908)
(0.1296484, -0.8675182, 0.4802121)
(0.1332053, -0.8639768, 0.485593)
(0.1376705, -0.8604239, 0.4906299)
(0.1417146, -0.8566208, 0.4961028)
(0.1457547, -0.8537117, 0.499932)
(0.1505189, -0.8510306, 0.5030814)
(0.1555613, -0.8487962, 0.5053175)
(0.1595752, -0.8460096, 0.5087275)
(0.1607989, -0.8424659, 0.5141935)
(0.1599249, -0.8396137, 0.5191077)
(0.1567322, -0.8369391, 0.5243739)
(0.1559294, -0.8332411, 0.530467)
(0.1545892, -0.8292671, 0.5370457)
(0.1524847, -0.8263745, 0.5420827)
(0.149525, -0.8236284, 0.5470636)
(0.1441246, -0.820607, 0.553021)
(0.140467, -0.817724, 0.5582083)
(0.1387267, -0.8142006, 0.5637661)
(0.1388338, -0.8108677, 0.5685232)
(0.1375748, -0.807864, 0.5730873)
(0.1353295, -0.8053707, 0.577117)
(0.1335908, -0.8021982, 0.5819207)
(0.1327734, -0.8003079, 0.5847037)
(0.1322936, -0.7976056, 0.5884928)
(0.1313569, -0.7949683, 0.592259)
(0.1302577, -0.7922039, 0.5961928)
(0.1281751, -0.7907688, 0.5985448)
(0.1287088, -0.7891924, 0.6005076)
(0.1299287, -0.7863887, 0.6039134)
(0.129656, -0.7840562, 0.6069969)
(0.1289061, -0.7821659, 0.6095898)
(0.1282541, -0.7807124, 0.6115873)
(0.1278172, -0.7788303, 0.6140733)
(0.1265324, -0.7773628, 0.6161953)
(0.1252006, -0.7759899, 0.6181946)
(0.1236568, -0.7742227, 0.6207159)
(0.1236826, -0.7738209, 0.6212115)
(0.1251504, -0.7726914, 0.6223225)
(0.1258247, -0.7717098, 0.6234037)
(0.1255329, -0.7710417, 0.6242886)
(0.1243655, -0.771408, 0.6240696)
(0.1232718, -0.7715972, 0.6240528)
(0.1218219, -0.7722555, 0.623523)
(0.1218606, -0.7723957, 0.6233417)
(0.1224261, -0.7721774, 0.6235014)
(0.1230489, -0.7724512, 0.6230395)
(0.1236678, -0.7731138, 0.6220942)
(0.1240436, -0.7737343, 0.6212475)
(0.1238455, -0.7743288, 0.620546)
(0.1226562, -0.7751963, 0.6196984)
