(0.03833628, -0.1342824, 0.3319077)
(0.03851461, -0.1343582, 0.3318505)
(0.03820157, -0.1340771, 0.3323562)
(0.03832006, -0.1341207, 0.3323054)
(0.03843641, -0.1341546, 0.3322704)
(0.03861904, -0.1343284, 0.3320842)
(0.0386436, -0.1343904, 0.3320127)
(0.03855133, -0.1344721, 0.3318377)
(0.0383172, -0.1343353, 0.3321955)
(0.03833318, -0.134387, 0.3321514)
(0.0383873, -0.1344647, 0.3320985)
(0.03837109, -0.1344104, 0.3322368)
(0.03837013, -0.134522, 0.3322148)
(0.03833652, -0.1345928, 0.3321726)
(0.03793764, -0.1344182, 0.3323324)
(0.03789043, -0.1345029, 0.3322458)
(0.03798556, -0.1346071, 0.3322268)
(0.03774118, -0.1343765, 0.3326504)
(0.03774071, -0.134413, 0.3326261)
(0.03774786, -0.1344812, 0.3325834)
(0.03838468, -0.1349831, 0.3319392)
(0.03840637, -0.1350503, 0.3318951)
(0.03830409, -0.1352091, 0.3316853)
(0.03824949, -0.1352093, 0.3317893)
(0.03827429, -0.1353087, 0.331764)
(0.03833246, -0.1354141, 0.3317266)
(0.03846645, -0.135689, 0.3315837)
(0.03848934, -0.1357543, 0.3315306)
(0.03852057, -0.1358724, 0.3314331)
(0.03875971, -0.1362212, 0.3309641)
(0.0387733, -0.1362984, 0.3308713)
(0.03883147, -0.136373, 0.3307917)
(0.0390358, -0.1365216, 0.330864)
(0.03911209, -0.1366184, 0.3308411)
(0.03919625, -0.136728, 0.3308172)
(0.03896976, -0.1365588, 0.3312511)
(0.03901243, -0.136626, 0.3312135)
(0.03903222, -0.136729, 0.3311028)
(0.03891468, -0.1365633, 0.3312473)
(0.03893447, -0.1366353, 0.3311453)
(0.03889537, -0.1367075, 0.3310153)
(0.03901196, -0.1367459, 0.3308492)
(0.03905654, -0.1368384, 0.3308022)
(0.0392127, -0.1370103, 0.3307006)
(0.03940606, -0.1373432, 0.3303528)
(0.03938031, -0.1374054, 0.3302751)
(0.039428, -0.1374109, 0.3303394)
(0.03922272, -0.1372924, 0.3304651)
(0.0392375, -0.1373656, 0.3303776)
(0.03923106, -0.1374605, 0.3302135)
(0.03951144, -0.137836, 0.3297086)
(0.03948498, -0.1378934, 0.3296194)
(0.03906846, -0.1378429, 0.3294306)
(0.03236294, -0.128114, 0.3395627)
(0.03596163, -0.1332409, 0.3345194)
(0.03574991, -0.1332052, 0.3343992)
(0.03570294, -0.133194, 0.3343816)
(0.03538823, -0.1330762, 0.3342011)
(0.03543186, -0.1330352, 0.3342669)
(0.03545642, -0.1331136, 0.3343575)
(0.03550029, -0.1332631, 0.334271)
(0.03557205, -0.1332798, 0.3342323)
(0.03543949, -0.1333973, 0.3343215)
(0.03543115, -0.1334286, 0.3343225)
(0.03553057, -0.1334448, 0.3344016)
(0.03567791, -0.1332695, 0.3341987)
(0.03570223, -0.1332734, 0.3341801)
(0.03583694, -0.1333065, 0.3342354)
(0.03583407, -0.1333876, 0.3343184)
(0.03541183, -0.1327515, 0.3349521)
(0.03518915, -0.1327422, 0.33483)
(0.03506017, -0.1328161, 0.3345053)
(0.03497767, -0.1327112, 0.3345771)
(0.03502321, -0.1326549, 0.3346205)
(0.03510666, -0.1325629, 0.3345296)
(0.03503513, -0.1324596, 0.3346071)
(0.03521943, -0.1324382, 0.3347518)
(0.03522062, -0.1324136, 0.3347714)
(0.03523636, -0.132637, 0.334528)
(0.03534842, -0.1325645, 0.3345964)
(0.03533983, -0.1326015, 0.334583)
(0.0356369, -0.1325939, 0.3348734)
(0.03586721, -0.1325712, 0.3349855)
(0.03571272, -0.1327295, 0.3350339)
(0.03561592, -0.1326678, 0.3351226)
(0.03565431, -0.1326699, 0.3352075)
(0.03559375, -0.1326947, 0.3352046)
(0.03541231, -0.132642, 0.3351178)
(0.03550363, -0.1326392, 0.3351917)
(0.03553963, -0.1325858, 0.3351319)
(0.03548217, -0.1325736, 0.3351147)
(0.03558969, -0.1326938, 0.3350358)
(0.03556824, -0.1326756, 0.3349981)
(0.03538799, -0.1326869, 0.3349159)
(0.03540134, -0.132726, 0.3349924)
(0.03539443, -0.132756, 0.3350585)
(0.03552032, -0.1328843, 0.334996)
(0.03554821, -0.1328988, 0.3349748)
(0.03547072, -0.1330431, 0.3350937)
(0.03545356, -0.1331153, 0.3349822)
(0.035501, -0.1331966, 0.334944)
(0.03549266, -0.1332123, 0.3348835)
(0.03556442, -0.1332626, 0.3352013)
(0.03537917, -0.1333239, 0.3351352)
(0.03530073, -0.1334798, 0.3351169)
(0.03527594, -0.1334484, 0.3351474)
(0.03511524, -0.1335487, 0.335073)
(0.03516078, -0.1334908, 0.3349793)
(0.03497887, -0.1334112, 0.3352184)
(0.03494978, -0.1335368, 0.3352997)
(0.03496909, -0.1335976, 0.3352818)
(0.03486609, -0.1337435, 0.3353131)
(0.03484941, -0.1339417, 0.3354428)
(0.03481293, -0.1340423, 0.3354423)
(0.03477573, -0.1340487, 0.3356619)
(0.03510451, -0.1341648, 0.3359771)
(0.03525448, -0.1342494, 0.3362615)
(0.0355618, -0.134284, 0.3364196)
(0.03579926, -0.1342227, 0.3366585)
(0.03590679, -0.1341541, 0.3377514)
(0.03573227, -0.1339021, 0.3394411)
(0.0357666, -0.1333437, 0.3402908)
(0.03620386, -0.1325531, 0.3413372)
(0.03594851, -0.1317148, 0.3449116)
(0.03578305, -0.1315954, 0.3487797)
(0.03534722, -0.1319301, 0.3516006)
(0.03463912, -0.1314442, 0.3560922)
(0.03309321, -0.1290648, 0.3596554)
(0.03331947, -0.1254807, 0.363534)
(0.0342145, -0.1167896, 0.3685193)
(0.03471041, -0.1072013, 0.3726985)
(0.03581357, -0.09630919, 0.3794479)
(0.03766608, -0.09161091, 0.3849494)
(0.04114437, -0.08628297, 0.3877954)
(0.04417825, -0.07420611, 0.3881538)
(0.04905438, -0.06057072, 0.3908617)
(0.05221891, -0.04736066, 0.3918426)
(0.05547452, -0.03465414, 0.3947647)
(0.05820084, -0.02156472, 0.3959155)
(0.0591929, -0.008920193, 0.3964648)
(0.05882382, 0.004643679, 0.3986514)
(0.05902147, 0.0242486, 0.3990026)
(0.06001163, 0.04136562, 0.4001107)
(0.06059599, 0.0611012, 0.4014771)
(0.06177139, 0.08079338, 0.4039714)
(0.06379199, 0.1023657, 0.4077876)
(0.06692052, 0.1244433, 0.4126768)
(0.07090998, 0.1462696, 0.4182775)
(0.07461715, 0.1684741, 0.4253552)
(0.07897997, 0.1907685, 0.4332609)
(0.08441901, 0.215361, 0.4442887)
(0.08767533, 0.2371542, 0.4543226)
(0.09267521, 0.2598641, 0.4654064)
(0.09641457, 0.2814323, 0.4789712)
(0.09917974, 0.3018585, 0.4920707)
(0.1036329, 0.3234062, 0.5031428)
(0.105901, 0.3411895, 0.5163779)
(0.1073241, 0.3568894, 0.5290329)
(0.1103299, 0.3748832, 0.5411601)
(0.1116281, 0.3914758, 0.5581427)
(0.1144228, 0.4019791, 0.5741158)
(0.1178322, 0.4146045, 0.5878208)
(0.1203365, 0.424039, 0.604176)
(0.1235454, 0.4334047, 0.6205804)
(0.1267786, 0.4401699, 0.6368163)
(0.1291125, 0.4458518, 0.6543348)
(0.1321166, 0.4498835, 0.6718009)
(0.1350312, 0.4533408, 0.6893523)
(0.1382618, 0.457541, 0.7085016)
(0.1415637, 0.4575937, 0.7265038)
(0.1440649, 0.4587817, 0.7445769)
(0.1470523, 0.4594612, 0.7620716)
(0.1501939, 0.4585695, 0.7794909)
(0.1519909, 0.4561483, 0.797591)
(0.1540592, 0.4545497, 0.8143587)
(0.1565187, 0.4528925, 0.8312051)
(0.157378, 0.4501102, 0.8483169)
(0.1591024, 0.4480019, 0.8652229)
(0.1612003, 0.4458824, 0.8804288)
(0.1617928, 0.4428712, 0.8964469)
(0.1638596, 0.4395152, 0.9092989)
(0.1656508, 0.4369758, 0.9228332)
(0.1662142, 0.4328208, 0.9362543)
(0.1685841, 0.4286041, 0.9463668)
(0.169668, 0.4251305, 0.9557896)
(0.1691067, 0.4207199, 0.9654181)
(0.1702554, 0.4160616, 0.9742904)
(0.1704552, 0.4121602, 0.9809709)
(0.169749, 0.4070311, 0.9874191)
(0.1707659, 0.4018083, 0.9918189)
(0.171459, 0.3973219, 0.9967167)
(0.1718504, 0.3913115, 1.000101)
(0.1727133, 0.3868037, 1.007087)
(0.1750708, 0.3790804, 1.008519)
(0.1749234, 0.3716506, 1.007945)
(0.1744747, 0.3815806, 0.9991829)
(0.1734712, 0.3894081, 0.9946985)
(0.1733005, 0.3880119, 0.9896798)
(0.1752443, 0.3843992, 0.9888818)
(0.175313, 0.377022, 0.9909904)
(0.1739488, 0.3763261, 1.001003)
(0.1729548, 0.3748568, 1.008682)
(0.1702504, 0.3722566, 1.010983)
(0.1716883, 0.3726802, 1.008559)
(0.1725893, 0.3734035, 1.00345)
(0.1734867, 0.3719108, 0.9989135)
(0.1739128, 0.3718131, 0.9937482)
(0.1727412, 0.3713882, 0.9901471)
(0.1731875, 0.3729265, 0.9926972)
(0.1718609, 0.3740448, 0.9959748)
(0.171546, 0.3727576, 0.999465)
(0.1716008, 0.3719959, 1.001609)
(0.1725779, 0.3700675, 1.00151)
(0.1711891, 0.3699284, 1.00241)
(0.1702592, 0.3720018, 1.001279)
(0.1716323, 0.3715975, 0.9984779)
(0.1716647, 0.3722497, 0.9976652)
(0.1723824, 0.3716762, 0.9972224)
(0.1714089, 0.3723409, 0.9978702)
(0.170579, 0.3729467, 0.9993601)
(0.1706667, 0.3716965, 1.000968)
(0.1707208, 0.3710572, 1.001399)
(0.170984, 0.3716298, 1.001419)
(0.1714172, 0.3721572, 1.000738)
(0.1721592, 0.3722419, 0.999516)
(0.1723654, 0.3724884, 0.9990017)
(0.1721077, 0.3727082, 0.9994347)
(0.1717546, 0.3723415, 0.999732)
(0.1717229, 0.3721116, 1.00011)
(0.171643, 0.3720245, 1.000022)
(0.1717591, 0.3720514, 0.9999225)
(0.1719315, 0.3726401, 0.9999776)
(0.1722903, 0.3730382, 0.9994283)
(0.1724913, 0.3732408, 0.99893)
(0.1724339, 0.3737159, 0.9985251)
(0.1724856, 0.3740088, 0.99824)
(0.1726351, 0.3741616, 0.9981601)
(0.1725001, 0.3742697, 0.9983943)
(0.1725416, 0.3738501, 0.9988716)
(0.1724942, 0.3736591, 0.9991682)
(0.1725342, 0.3736528, 0.9992046)
(0.1726637, 0.3740413, 0.9989321)
(0.1728268, 0.3745992, 0.9982841)
(0.1728356, 0.3750472, 0.99791)
(0.1732166, 0.375288, 0.9977772)
(0.173419, 0.3752681, 0.9980052)
(0.173758, 0.375155, 0.9981873)
(0.1739433, 0.3748883, 0.9980192)
(0.174099, 0.374912, 0.9979677)
(0.1740997, 0.3749957, 0.9983354)
(0.1738539, 0.3748623, 0.9982743)
(0.1735487, 0.3748367, 0.9982932)
(0.1732721, 0.3750179, 0.9983795)
(0.1734452, 0.3752526, 0.9983029)
(0.1735365, 0.3756459, 0.9977732)
(0.1733787, 0.3757426, 0.9976747)
(0.1736596, 0.3754424, 0.9980061)
(0.173507, 0.3752033, 0.9984663)
(0.1736109, 0.3750865, 0.9986236)
(0.1735032, 0.3751664, 0.9983835)
(0.1731501, 0.3751345, 0.9979305)
(0.1730986, 0.3751707, 0.9976635)
(0.173111, 0.3750597, 0.9977462)
(0.1732123, 0.3749523, 0.9978023)
(0.1733067, 0.375064, 0.9976141)
(0.173281, 0.3751121, 0.9972072)
(0.1731324, 0.3751594, 0.9970274)
(0.172683, 0.3752841, 0.9970098)
(0.1729498, 0.3749118, 0.9974992)
(0.1731625, 0.3739762, 0.9988945)
(0.1730814, 0.3736422, 0.9996765)
(0.1732128, 0.3736361, 0.9988346)
(0.1731105, 0.3753536, 0.9968352)
(0.1726727, 0.3758858, 0.995883)
(0.1730621, 0.3749373, 0.9966028)
(0.1732845, 0.3754549, 0.997246)
(0.1742203, 0.3753291, 0.9977195)
(0.1761267, 0.3752133, 0.9977064)
(0.1767039, 0.3754426, 0.9976354)
(0.1769249, 0.3755029, 0.9978571)
(0.1758361, 0.3749497, 0.9986608)
(0.1745679, 0.3741847, 0.9988565)
(0.1734939, 0.3740474, 0.9985378)
(0.1733007, 0.3740748, 0.9984641)
(0.1732354, 0.3743455, 0.9980896)
(0.1737092, 0.3744677, 0.998342)
(0.173749, 0.3742251, 0.998296)
(0.1738439, 0.373751, 0.998744)
(0.1745071, 0.3729467, 0.9983847)
(0.1746759, 0.3727374, 0.9982119)
(0.1746213, 0.3725315, 0.9981859)
(0.1744781, 0.3726795, 0.9982684)
(0.1743736, 0.3726258, 0.9983249)
(0.1742301, 0.3726021, 0.998431)
(0.1736927, 0.3725921, 0.9986327)
(0.173353, 0.3724068, 0.9985662)
(0.173089, 0.3721807, 0.9986255)
(0.1730502, 0.3720194, 0.9985073)
(0.1734519, 0.3720113, 0.9987102)
(0.1736817, 0.3721311, 0.998533)
(0.1740303, 0.3720057, 0.9985063)
(0.1741538, 0.3719586, 0.9985645)
(0.1741173, 0.3718542, 0.9985752)
(0.1742444, 0.3718365, 0.9987195)
(0.1742973, 0.3717731, 0.9986675)
(0.174376, 0.3717762, 0.9985387)
(0.1742656, 0.3717809, 0.998426)
(0.1740463, 0.3717536, 0.9983475)
(0.1737533, 0.3716151, 0.9983032)
(0.1734903, 0.3712817, 0.9984832)
(0.1733656, 0.3711522, 0.9985199)
(0.1733718, 0.3712308, 0.9985502)
(0.1733911, 0.3711356, 0.9986415)
(0.1736937, 0.371004, 0.9987738)
(0.1738608, 0.3710585, 0.998678)
(0.1742301, 0.3711334, 0.9989357)
(0.174264, 0.3711358, 0.9987931)
(0.1740589, 0.3710424, 0.9985347)
(0.1740382, 0.3710836, 0.998524)
(0.1739078, 0.3709841, 0.9985554)
(0.1734281, 0.3709097, 0.998183)
(0.173316, 0.3708084, 0.9982681)
(0.1732523, 0.370669, 0.9982753)
(0.173187, 0.3706715, 0.9983122)
(0.1733427, 0.3707066, 0.9985268)
(0.1733744, 0.3705943, 0.9982722)
(0.1732149, 0.3705258, 0.9983964)
(0.1733134, 0.3705555, 0.9984717)
(0.1732318, 0.3703355, 0.9980969)
(0.1730742, 0.3702761, 0.9981933)
(0.1722343, 0.3710438, 0.9991329)
(0.1723754, 0.3710176, 0.9993799)
(0.172308, 0.3709788, 0.9994297)
(0.172178, 0.370883, 0.9993656)
(0.1721539, 0.3708882, 0.9993832)
(0.1719952, 0.3709441, 0.9991188)
(0.1719332, 0.3709642, 0.9991727)
(0.1720436, 0.3709726, 0.9991987)
(0.172236, 0.3712686, 0.9988976)
(0.1718307, 0.3714092, 0.9986918)
(0.1717973, 0.3713912, 0.9986382)
(0.1717343, 0.371352, 0.998682)
(0.1714921, 0.3713595, 0.9985578)
(0.1718466, 0.3714007, 0.9988875)
(0.1716325, 0.3713384, 0.9988811)
(0.1715648, 0.3713394, 0.9988723)
(0.1715927, 0.3713747, 0.9988849)
(0.1714218, 0.3712779, 0.9989724)
(0.1712117, 0.3713505, 0.9989226)
(0.1714768, 0.3713715, 0.999186)
(0.1715052, 0.3713847, 0.9992065)
(0.1715167, 0.3712682, 0.9990518)
(0.1717663, 0.3712622, 0.9992208)
(0.171562, 0.3711379, 0.9992738)
(0.1715333, 0.3711017, 0.9993494)
(0.1715167, 0.3710775, 0.9993863)
(0.1716905, 0.3713907, 0.9991248)
(0.1715968, 0.3713851, 0.9990292)
(0.1717978, 0.3713315, 0.9990737)
(0.1717834, 0.3713093, 0.999125)
(0.1718075, 0.3711975, 0.9990029)
(0.1719766, 0.3711759, 0.9991486)
(0.1720188, 0.3712726, 0.9989955)
