0.008844
0.0110879
0.0145188
0.0074487
0.0109925
0.0140437
0.0079854
0.0119813
0.0139428
0.0080077
0.0110636
0.0140816
0.0079655
0.010936
0.0143227
0.007825
0.0120319
0.0153507
0.0065529
0.0111405
0.0200814
0.0026096
0.0100948
0.0141102
0.0079172
0.0119804
0.0140985
0.0078586
0.0110335
0.0139301
0.0080512
0.0111577
0.0145808
0.0073416
0.0118959
0.0139804
0.0080454
0.0110665
0.0138318
0.0080589
0.0110501
0.0140138
0.0079772
0.0120803
0.0142215
0.0076918
0.0110189
0.0140007
0.0079375
0.0111101
0.0143357
0.0076285
0.0122028
