(5.762649, 1.230642, 5.835299)
(5.765909, 1.234953, 5.836169)
(5.768791, 1.23941, 5.836978)
(5.771064, 1.243541, 5.837931)
(5.772674, 1.247407, 5.838789)
(5.774994, 1.251671, 5.839419)
(5.777279, 1.255377, 5.840187)
(5.779872, 1.259085, 5.840829)
(5.783081, 1.263477, 5.841303)
(5.786052, 1.267262, 5.841448)
(5.788862, 1.270983, 5.841351)
(5.791922, 1.274893, 5.841165)
(5.791922, 1.274893, 5.841165)
(5.797946, 1.281676, 5.840532)
(5.801047, 1.285122, 5.840177)
(5.804457, 1.288657, 5.839665)
(5.807986, 1.291855, 5.839118)
(5.812352, 1.295926, 5.838099)
(5.816672, 1.299165, 5.837328)
(5.820905, 1.302328, 5.836315)
(5.825011, 1.305737, 5.835423)
(5.828915, 1.308581, 5.834774)
(5.832996, 1.311159, 5.834237)
(5.836991, 1.314019, 5.833708)
(5.840509, 1.31648, 5.833683)
(5.843952, 1.31907, 5.833251)
(5.847725, 1.322134, 5.833012)
(5.852039, 1.324703, 5.833418)
(5.85689, 1.326822, 5.833993)
(5.861952, 1.329831, 5.834266)
(5.866348, 1.333383, 5.833843)
(5.869654, 1.33821, 5.832285)
(5.873256, 1.343629, 5.830422)
(5.875623, 1.349712, 5.827929)
(5.876749, 1.355535, 5.826492)
(5.877506, 1.360126, 5.825956)
(5.878985, 1.363132, 5.826929)
(5.88091, 1.366196, 5.827771)
(5.883356, 1.369747, 5.829116)
(5.886045, 1.372791, 5.83063)
(5.889754, 1.374818, 5.833026)
(5.893492, 1.377556, 5.834858)
(5.897594, 1.379125, 5.837539)
(5.901195, 1.381075, 5.840152)
(5.904255, 1.38354, 5.842264)
(5.90807, 1.385044, 5.844471)
(5.91095, 1.386524, 5.84595)
(5.912939, 1.388885, 5.846755)
(5.914957, 1.391086, 5.847795)
(5.913978, 1.392737, 5.848109)
(5.913781, 1.394509, 5.848722)
(5.912178, 1.396002, 5.848842)
(5.909936, 1.397713, 5.8484)
(5.909071, 1.399655, 5.848248)
(5.907985, 1.401014, 5.847764)
(5.905782, 1.402787, 5.846753)
(5.905841, 1.405164, 5.845412)
(5.905721, 1.406929, 5.844576)
(5.904121, 1.408315, 5.843805)
(5.902028, 1.410588, 5.842529)
(5.898158, 1.41252, 5.841607)
(5.894963, 1.414574, 5.840184)
(5.893388, 1.416967, 5.838533)
(5.891749, 1.419587, 5.836483)
(5.892036, 1.422539, 5.834634)
(5.89159, 1.42557, 5.832399)
(5.891024, 1.42837, 5.830736)
(5.891114, 1.430907, 5.828749)
(5.891101, 1.433645, 5.827032)
(5.89167, 1.436531, 5.825012)
(5.893515, 1.439585, 5.822834)
(5.896063, 1.442468, 5.820496)
(5.899672, 1.445709, 5.818023)
(5.903184, 1.449338, 5.815126)
(5.906739, 1.453225, 5.812088)
(5.910053, 1.45657, 5.809923)
(5.913503, 1.458186, 5.809282)
(5.917003, 1.460338, 5.808122)
(5.919615, 1.461548, 5.807841)
(5.921004, 1.462892, 5.807785)
(5.919105, 1.464316, 5.80788)
(5.916167, 1.46601, 5.807954)
(5.908926, 1.468657, 5.807573)
(5.901031, 1.471338, 5.807699)
(5.894922, 1.473266, 5.808261)
(5.888379, 1.474119, 5.809958)
(5.882905, 1.47474, 5.811905)
(5.874258, 1.475316, 5.813626)
(5.863187, 1.477401, 5.814567)
(5.854302, 1.479371, 5.814918)
(5.84156, 1.481129, 5.814946)
(5.829905, 1.483122, 5.814722)
(5.817806, 1.485065, 5.814514)
(5.805229, 1.485889, 5.814828)
(5.794222, 1.486127, 5.81507)
(5.781462, 1.48651, 5.815132)
(5.763964, 1.48668, 5.815443)
(5.745379, 1.486483, 5.815371)
(5.730481, 1.486023, 5.814929)
(5.716891, 1.485499, 5.814579)
(5.707609, 1.482901, 5.81418)
(5.695012, 1.481575, 5.814039)
(5.682374, 1.479148, 5.81488)
(5.67275, 1.476167, 5.815687)
(5.664798, 1.473687, 5.816207)
(5.661759, 1.470141, 5.817337)
(5.660174, 1.466045, 5.81808)
(5.66061, 1.4611, 5.819271)
(5.659646, 1.455607, 5.820515)
(5.661165, 1.449601, 5.820778)
(5.659996, 1.446394, 5.818687)
(5.658305, 1.443482, 5.81681)
(5.657332, 1.443849, 5.81148)
(5.657396, 1.444643, 5.806075)
(5.656069, 1.4453, 5.802071)
(5.655133, 1.445049, 5.798456)
(5.655689, 1.444702, 5.796169)
(5.658684, 1.44227, 5.79586)
(5.661411, 1.439643, 5.795382)
(5.665154, 1.436629, 5.795993)
(5.668739, 1.434121, 5.796101)
(5.671864, 1.431786, 5.795413)
(5.674505, 1.430103, 5.794571)
(5.675254, 1.428148, 5.794525)
(5.674595, 1.424965, 5.794857)
(5.675432, 1.422488, 5.794946)
(5.675147, 1.419395, 5.79566)
(5.675056, 1.416796, 5.795454)
(5.67464, 1.414676, 5.795325)
(5.673605, 1.412201, 5.795225)
(5.671425, 1.409365, 5.794935)
(5.66908, 1.407098, 5.794618)
(5.66678, 1.404175, 5.794757)
(5.66525, 1.400297, 5.794995)
(5.664515, 1.396895, 5.795503)
(5.664689, 1.392811, 5.796475)
(5.665006, 1.388585, 5.797133)
(5.665399, 1.384712, 5.797822)
(5.664998, 1.381268, 5.798316)
(5.663064, 1.377929, 5.797875)
(5.662299, 1.375298, 5.797159)
(5.662975, 1.3721, 5.796594)
(5.664913, 1.367679, 5.796029)
(5.666493, 1.364745, 5.795417)
(5.667495, 1.361476, 5.795004)
(5.667462, 1.357958, 5.79466)
(5.666551, 1.354748, 5.795029)
(5.66539, 1.350963, 5.796064)
(5.664075, 1.346707, 5.79739)
(5.663894, 1.343277, 5.79867)
(5.663859, 1.339387, 5.800632)
(5.664473, 1.335897, 5.801775)
(5.665297, 1.333422, 5.80273)
(5.66715, 1.33164, 5.803234)
(5.669389, 1.329726, 5.803418)
(5.671305, 1.32867, 5.803442)
(5.673336, 1.327092, 5.803733)
(5.677238, 1.325945, 5.803148)
(5.680616, 1.324742, 5.803351)
(5.684617, 1.323853, 5.803211)
(5.687878, 1.322804, 5.80267)
(5.690156, 1.323116, 5.801984)
(5.692182, 1.322771, 5.801832)
(5.694374, 1.322354, 5.801464)
(5.69642, 1.322406, 5.801526)
(5.698411, 1.321902, 5.801939)
(5.699764, 1.321541, 5.802524)
(5.700472, 1.322317, 5.802711)
(5.700353, 1.323323, 5.802948)
(5.700054, 1.324415, 5.803274)
(5.700569, 1.325256, 5.803567)
(5.700838, 1.325706, 5.804606)
(5.701164, 1.326206, 5.805042)
(5.702749, 1.326785, 5.805623)
(5.704958, 1.327457, 5.806033)
(5.706878, 1.327706, 5.806611)
(5.707712, 1.328309, 5.807023)
(5.707332, 1.328053, 5.807804)
(5.705843, 1.327411, 5.80893)
(5.703589, 1.326456, 5.811054)
(5.700013, 1.324764, 5.813886)
(5.696751, 1.322928, 5.816529)
(5.69434, 1.322169, 5.818635)
(5.690758, 1.321168, 5.820867)
(5.684207, 1.318416, 5.824324)
(5.6781, 1.316371, 5.827243)
(5.670125, 1.313795, 5.829876)
(5.661198, 1.311501, 5.83199)
(5.654789, 1.31013, 5.833446)
(5.650891, 1.308908, 5.833907)
(5.646899, 1.307699, 5.83439)
(5.641496, 1.308646, 5.832607)
(5.633458, 1.31275, 5.82831)
(5.627297, 1.318034, 5.82332)
(5.623244, 1.321386, 5.820433)
(5.623098, 1.323985, 5.818878)
(5.6287, 1.323921, 5.820838)
(5.629069, 1.325227, 5.821108)
(5.635356, 1.324759, 5.8246)
(5.640406, 1.325042, 5.826962)
(5.644903, 1.326201, 5.828795)
(5.652371, 1.327257, 5.830559)
(5.658754, 1.329071, 5.831188)
(5.662649, 1.331445, 5.831496)
(5.663863, 1.333846, 5.831798)
(5.658953, 1.337083, 5.831779)
(5.657621, 1.339856, 5.832255)
(5.658677, 1.342504, 5.833031)
(5.661746, 1.344533, 5.833924)
(5.666444, 1.346447, 5.835458)
(5.669587, 1.348562, 5.836832)
(5.671218, 1.350987, 5.838436)
(5.673232, 1.35327, 5.839983)
(5.676669, 1.354646, 5.842231)
(5.68195, 1.354804, 5.845426)
(5.687096, 1.355361, 5.847919)
(5.692629, 1.354972, 5.850781)
(5.696073, 1.355674, 5.852294)
(5.698467, 1.356946, 5.853318)
(5.698926, 1.359114, 5.853088)
(5.698909, 1.361033, 5.852806)
(5.699043, 1.362674, 5.852838)
(5.697673, 1.363802, 5.852502)
(5.697636, 1.364449, 5.852495)
(5.69804, 1.36511, 5.852933)
(5.698014, 1.365669, 5.853342)
(5.698407, 1.3664, 5.853465)
(5.698616, 1.367825, 5.853633)
(5.700552, 1.369421, 5.853381)
(5.704268, 1.371276, 5.853117)
(5.706449, 1.372561, 5.853099)
(5.706976, 1.373834, 5.85335)
(5.705242, 1.375936, 5.853313)
(5.706017, 1.377309, 5.853762)
(5.707341, 1.378093, 5.854414)
(5.709548, 1.378968, 5.855078)
(5.711368, 1.380299, 5.85514)
(5.712444, 1.381533, 5.855214)
(5.713622, 1.382669, 5.855514)
(5.71512, 1.384054, 5.855412)
(5.717674, 1.385012, 5.855715)
(5.718985, 1.385686, 5.855806)
(5.719351, 1.386952, 5.855639)
(5.719602, 1.387704, 5.855188)
(5.719831, 1.388529, 5.854591)
(5.720651, 1.389127, 5.854139)
(5.721745, 1.389454, 5.853786)
(5.722126, 1.389621, 5.853177)
(5.722986, 1.389707, 5.852791)
(5.7238, 1.388771, 5.852804)
(5.723867, 1.387909, 5.852596)
(5.724513, 1.387459, 5.851797)
(5.725337, 1.386394, 5.851354)
(5.725561, 1.38554, 5.850817)
(5.725769, 1.384836, 5.850004)
(5.725938, 1.383794, 5.8496)
(5.72574, 1.382658, 5.849238)
(5.725248, 1.381585, 5.848891)
(5.723024, 1.37975, 5.849252)
(5.719571, 1.377855, 5.849348)
(5.715842, 1.37666, 5.849019)
(5.712471, 1.374446, 5.849761)
(5.709869, 1.371369, 5.85113)
(5.706678, 1.369155, 5.851985)
(5.702779, 1.367413, 5.852576)
(5.69807, 1.366039, 5.852686)
(5.69254, 1.364756, 5.852861)
(5.683614, 1.364138, 5.85267)
(5.673663, 1.362773, 5.853237)
(5.667072, 1.361226, 5.854323)
(5.661128, 1.358737, 5.856319)
(5.655851, 1.356971, 5.857425)
(5.649409, 1.355988, 5.858058)
(5.642168, 1.355172, 5.858823)
(5.633493, 1.354012, 5.859364)
(5.624631, 1.352988, 5.860008)
(5.615829, 1.352266, 5.859967)
(5.609279, 1.351606, 5.8592)
(5.603924, 1.350876, 5.859142)
(5.599087, 1.348835, 5.85986)
(5.592486, 1.346092, 5.861308)
(5.585321, 1.34422, 5.861432)
(5.580863, 1.34286, 5.8611)
(5.579158, 1.341709, 5.860129)
(5.578045, 1.339894, 5.859215)
(5.574819, 1.338318, 5.857245)
(5.56967, 1.337495, 5.854755)
(5.56609, 1.336605, 5.852443)
(5.56262, 1.33522, 5.850394)
(5.558337, 1.333391, 5.849055)
(5.553256, 1.332199, 5.847012)
(5.547224, 1.330771, 5.844836)
(5.540936, 1.329798, 5.84259)
(5.53554, 1.329247, 5.840009)
(5.531237, 1.328473, 5.837383)
(5.527787, 1.32907, 5.833471)
(5.52553, 1.329536, 5.829503)
(5.524882, 1.330076, 5.825523)
(5.523261, 1.330943, 5.821213)
(5.522236, 1.332447, 5.816108)
(5.52087, 1.333141, 5.811831)
(5.520307, 1.334519, 5.807233)
(5.520897, 1.336212, 5.802396)
(5.523801, 1.337176, 5.798064)
(5.529983, 1.337274, 5.794892)
(5.533436, 1.337668, 5.791723)
(5.537618, 1.337306, 5.789868)
(5.539931, 1.33724, 5.788228)
(5.541231, 1.337697, 5.786103)
(5.541735, 1.337756, 5.785367)
(5.542325, 1.337288, 5.7854)
(5.543518, 1.337134, 5.785111)
(5.544819, 1.336043, 5.786548)
(5.547101, 1.335243, 5.787689)
(5.54932, 1.334319, 5.78901)
(5.552277, 1.33228, 5.791958)
(5.554963, 1.330041, 5.794983)
(5.557525, 1.327957, 5.797874)
(5.559752, 1.325204, 5.80151)
(5.560461, 1.322263, 5.805453)
(5.561538, 1.319796, 5.808819)
(5.561069, 1.31657, 5.812532)
(5.562281, 1.313724, 5.815712)
(5.564519, 1.311308, 5.818516)
(5.566399, 1.309417, 5.820854)
(5.568205, 1.30836, 5.822339)
(5.569731, 1.307618, 5.823781)
(5.570768, 1.305782, 5.826165)
(5.570553, 1.302667, 5.83015)
(5.571412, 1.299919, 5.833599)
(5.571988, 1.297029, 5.837266)
(5.57345, 1.294322, 5.840884)
(5.575457, 1.292365, 5.843887)
(5.578084, 1.29076, 5.846431)
(5.581284, 1.289721, 5.84848)
(5.584606, 1.289236, 5.850235)
(5.58844, 1.288977, 5.851506)
(5.59216, 1.289387, 5.852444)
(5.595758, 1.290761, 5.852654)
(5.600259, 1.292244, 5.853245)
(5.605723, 1.297177, 5.852166)
(5.610301, 1.301552, 5.85159)
(5.615019, 1.307902, 5.850609)
(5.62048, 1.314862, 5.849606)
(5.627591, 1.322491, 5.848591)
(5.634522, 1.32952, 5.847898)
(5.642797, 1.338276, 5.846417)
(5.650816, 1.346765, 5.845064)
(5.659863, 1.3575, 5.842707)
(5.673383, 1.36927, 5.840127)
(5.683322, 1.378494, 5.838707)
(5.687223, 1.388704, 5.837263)
(5.688163, 1.401082, 5.834414)
(5.690412, 1.412568, 5.831549)
(5.695273, 1.422816, 5.829819)
(5.69645, 1.432488, 5.828177)
(5.69808, 1.441247, 5.826978)
(5.696673, 1.449895, 5.824788)
(5.695631, 1.461442, 5.820802)
(5.697847, 1.471561, 5.817708)
(5.702999, 1.480621, 5.814598)
(5.710356, 1.489157, 5.812116)
(5.716864, 1.496144, 5.810836)
(5.720778, 1.502816, 5.809794)
(5.72219, 1.508049, 5.810248)
(5.725232, 1.514546, 5.809461)
(5.727123, 1.518311, 5.810835)
(5.72814, 1.521759, 5.812571)
(5.729, 1.525666, 5.813484)
(5.72921, 1.528246, 5.815252)
(5.729323, 1.530736, 5.816519)
(5.728078, 1.533722, 5.817128)
(5.727238, 1.536866, 5.817556)
(5.727073, 1.540495, 5.816788)
(5.727822, 1.544265, 5.816052)
(5.729402, 1.548463, 5.81367)
(5.731248, 1.553006, 5.811799)
(5.733135, 1.556809, 5.810326)
(5.736248, 1.560083, 5.808961)
(5.738776, 1.563044, 5.808118)
(5.740681, 1.565537, 5.807882)
(5.74226, 1.567997, 5.807594)
(5.742554, 1.570026, 5.808177)
(5.743511, 1.572689, 5.808147)
(5.743439, 1.575367, 5.808043)
(5.742541, 1.579895, 5.806976)
(5.741786, 1.583779, 5.806005)
(5.740967, 1.588351, 5.804673)
(5.740699, 1.593047, 5.80331)
(5.740308, 1.597837, 5.802015)
(5.740266, 1.602124, 5.80109)
(5.740582, 1.607332, 5.799978)
(5.740681, 1.612406, 5.799042)
(5.741174, 1.617655, 5.798045)
(5.742692, 1.624639, 5.797164)
(5.743715, 1.631107, 5.796403)
(5.745095, 1.638504, 5.795527)
(5.746511, 1.646864, 5.794654)
(5.747715, 1.655789, 5.79401)
(5.748828, 1.664386, 5.793533)
(5.749768, 1.675828, 5.793441)
(5.750489, 1.687139, 5.793225)
(5.750018, 1.702008, 5.792379)
