(-0.4918981, 0.6128144, -1.911628)
(-0.4919233, 0.6127448, -1.911605)
(-0.4918261, 0.6126499, -1.911787)
(-0.4918597, 0.6126387, -1.911781)
(-0.4917862, 0.6127552, -1.911846)
(-0.4918208, 0.6128176, -1.911802)
(-0.4917612, 0.6128279, -1.911804)
(-0.4917579, 0.6128068, -1.911806)
(-0.4917278, 0.6128137, -1.911779)
(-0.4918473, 0.6128337, -1.911773)
(-0.4918952, 0.6126776, -1.911725)
(-0.4918823, 0.6126708, -1.911756)
(-0.4918494, 0.6127048, -1.911679)
(-0.4918709, 0.6125607, -1.911643)
(-0.4919074, 0.6126068, -1.911495)
(-0.4921167, 0.6125971, -1.91154)
(-0.4921308, 0.6125658, -1.911534)
(-0.4921432, 0.612555, -1.911589)
(-0.4919837, 0.6124773, -1.911646)
(-0.491987, 0.6124523, -1.91163)
(-0.4919851, 0.6124637, -1.911684)
(-0.4919233, 0.6124536, -1.911649)
(-0.4919639, 0.6123058, -1.911614)
(-0.491996, 0.6123283, -1.911572)
(-0.4920273, 0.6123047, -1.911577)
(-0.491981, 0.6123825, -1.911615)
(-0.4920044, 0.6123724, -1.911598)
(-0.4919367, 0.6123514, -1.911591)
(-0.4919159, 0.6123545, -1.9116)
(-0.4919353, 0.6123524, -1.911609)
(-0.4920373, 0.61233, -1.911644)
(-0.4920788, 0.6122392, -1.911635)
(-0.4921203, 0.6122788, -1.911519)
(-0.4923153, 0.6122572, -1.911546)
(-0.4923401, 0.6121824, -1.911529)
(-0.4923632, 0.6121664, -1.911528)
(-0.4922159, 0.6121937, -1.911404)
(-0.4921527, 0.6123551, -1.911448)
(-0.4921732, 0.6123438, -1.911498)
(-0.492105, 0.6123297, -1.91146)
(-0.4920769, 0.612383, -1.911483)
(-0.4920881, 0.6124063, -1.91145)
(-0.4920509, 0.6124054, -1.911423)
(-0.4919753, 0.6126025, -1.911473)
(-0.4919739, 0.6126051, -1.911489)
(-0.492054, 0.6126046, -1.911532)
(-0.4920359, 0.6127079, -1.911566)
(-0.4920077, 0.6126806, -1.911602)
(-0.4919658, 0.6126883, -1.911578)
(-0.4919958, 0.6125853, -1.911549)
(-0.4920216, 0.6125998, -1.911571)
(-0.4919357, 0.612614, -1.91156)
(-0.4919486, 0.6124991, -1.91152)
(-0.4919574, 0.6124973, -1.911503)
(-0.4921303, 0.6124592, -1.91159)
(-0.4921017, 0.6125159, -1.911618)
(-0.492095, 0.6125182, -1.911547)
(-0.4919739, 0.6125125, -1.911508)
(-0.491951, 0.6125453, -1.911518)
(-0.4919467, 0.6125382, -1.911547)
(-0.4919291, 0.6125395, -1.911537)
(-0.4918692, 0.6126862, -1.911587)
(-0.4918327, 0.6126832, -1.911583)
(-0.4918828, 0.6127068, -1.911603)
(-0.4918432, 0.6127675, -1.911622)
(-0.4918456, 0.6127617, -1.911697)
(-0.4918215, 0.6127591, -1.91171)
(-0.4917972, 0.6128105, -1.911728)
(-0.4917526, 0.6127933, -1.911694)
(-0.4917397, 0.6127956, -1.911693)
(-0.4917941, 0.6126604, -1.911641)
(-0.4917393, 0.612618, -1.911765)
(-0.4917781, 0.6126155, -1.911805)
(-0.4918232, 0.6124687, -1.911755)
(-0.491787, 0.6124626, -1.911739)
(-0.4918709, 0.6125739, -1.911605)
(-0.4918075, 0.6126995, -1.911663)
(-0.4918509, 0.6127578, -1.911547)
(-0.4917603, 0.6127762, -1.911534)
(-0.4917705, 0.6126987, -1.911498)
(-0.4917564, 0.6126955, -1.911492)
(-0.4920659, 0.6126881, -1.911614)
(-0.4921188, 0.6125727, -1.911556)
(-0.4920695, 0.612536, -1.911615)
(-0.4920294, 0.6125187, -1.911592)
(-0.4920151, 0.6125836, -1.911612)
(-0.492022, 0.6125913, -1.911614)
(-0.4919267, 0.612565, -1.91158)
(-0.4920287, 0.6123073, -1.911491)
(-0.4920249, 0.6122758, -1.911492)
(-0.4920216, 0.61224, -1.911473)
(-0.4920163, 0.612237, -1.911486)
(-0.4920368, 0.6122296, -1.911543)
(-0.4922941, 0.6121924, -1.911594)
(-0.4923301, 0.6121217, -1.911594)
(-0.4923601, 0.612093, -1.911575)
(-0.4922771, 0.6120828, -1.911561)
(-0.4921842, 0.6123012, -1.911641)
(-0.4921966, 0.612278, -1.911624)
(-0.4923482, 0.6123136, -1.911615)
(-0.4923728, 0.6122853, -1.91161)
(-0.4923582, 0.6122233, -1.911685)
(-0.4923704, 0.6122224, -1.911707)
(-0.4923623, 0.6122322, -1.911723)
(-0.4924316, 0.6122849, -1.911646)
(-0.4923306, 0.6122805, -1.911626)
(-0.4923019, 0.6123688, -1.911662)
(-0.4923005, 0.6123794, -1.911657)
(-0.4924121, 0.6124126, -1.911642)
(-0.4923396, 0.6126149, -1.911713)
(-0.4923654, 0.6126214, -1.911681)
(-0.4923422, 0.6125792, -1.911713)
(-0.4921784, 0.6126913, -1.911716)
(-0.4921393, 0.6126684, -1.911619)
(-0.4920402, 0.612684, -1.911593)
(-0.4920707, 0.6125741, -1.911572)
(-0.4920678, 0.6125808, -1.911617)
(-0.4919198, 0.6125544, -1.911596)
(-0.4918661, 0.6126858, -1.911646)
(-0.4918416, 0.6126903, -1.911708)
(-0.4918318, 0.6127474, -1.91167)
(-0.491888, 0.6125684, -1.911621)
(-0.4918456, 0.6125357, -1.911631)
(-0.49211, 0.6125238, -1.911702)
(-0.4921536, 0.612348, -1.911644)
(-0.4921806, 0.612337, -1.911598)
(-0.4921091, 0.612348, -1.911592)
(-0.4920568, 0.6124181, -1.911598)
(-0.4920864, 0.6124275, -1.911677)
(-0.4923172, 0.612437, -1.911738)
(-0.4923515, 0.6123207, -1.911707)
(-0.4923916, 0.6123487, -1.911658)
(-0.4923434, 0.6123403, -1.91162)
(-0.4923265, 0.6124365, -1.911668)
(-0.4923358, 0.6124283, -1.91166)
(-0.4922523, 0.6124483, -1.9116)
(-0.4922514, 0.6124651, -1.91162)
(-0.492244, 0.6124526, -1.911543)
(-0.4923286, 0.6124413, -1.911573)
(-0.492341, 0.6124117, -1.911594)
(-0.4923253, 0.6123544, -1.911591)
(-0.4921188, 0.6123612, -1.911566)
(-0.4920974, 0.6124396, -1.91159)
(-0.4921069, 0.6124406, -1.911621)
(-0.4921091, 0.6124809, -1.911564)
(-0.4920268, 0.6126437, -1.911609)
(-0.4920092, 0.6126517, -1.911607)
(-0.4920931, 0.6126603, -1.911646)
(-0.4920623, 0.6127275, -1.911658)
(-0.4920444, 0.6127121, -1.911712)
(-0.4919529, 0.612725, -1.911688)
(-0.4919527, 0.6126823, -1.911686)
(-0.4919262, 0.6126868, -1.911667)
(-0.4917502, 0.6126158, -1.91172)
(-0.4917002, 0.6127323, -1.911767)
(-0.4917114, 0.6127907, -1.911766)
(-0.49189, 0.612794, -1.91182)
(-0.4919848, 0.612543, -1.911737)
(-0.4919906, 0.6125866, -1.911686)
(-0.4919171, 0.6125849, -1.911661)
(-0.4918952, 0.6126298, -1.911699)
(-0.4918878, 0.6126331, -1.911694)
(-0.492105, 0.6126621, -1.911713)
(-0.4920831, 0.6127024, -1.911727)
(-0.4920974, 0.6127218, -1.911709)
(-0.4922023, 0.6127321, -1.911736)
(-0.4922302, 0.6126961, -1.911716)
(-0.4922061, 0.6126664, -1.911775)
(-0.4921551, 0.6126673, -1.911762)
(-0.4921494, 0.6126019, -1.911746)
(-0.4921627, 0.6126002, -1.911707)
(-0.4919944, 0.612525, -1.911791)
(-0.4920254, 0.6124253, -1.911757)
(-0.4920235, 0.6124254, -1.911828)
(-0.4921689, 0.6124429, -1.911839)
(-0.4922194, 0.6123259, -1.911813)
(-0.4922061, 0.6123184, -1.911851)
(-0.4920716, 0.6123024, -1.911803)
(-0.4920321, 0.6124021, -1.911867)
(-0.4920859, 0.6124833, -1.911666)
(-0.4922109, 0.6124756, -1.911695)
(-0.4922132, 0.6125005, -1.911715)
(-0.4922237, 0.6124913, -1.911707)
(-0.4922144, 0.6124995, -1.911695)
(-0.4921942, 0.6125963, -1.911745)
(-0.4921796, 0.6126032, -1.91173)
(-0.4920204, 0.6126102, -1.911677)
(-0.4920135, 0.6126611, -1.911695)
(-0.4919968, 0.6126764, -1.91165)
(-0.49224, 0.6126837, -1.91169)
(-0.4922407, 0.6127402, -1.911707)
(-0.4922266, 0.6127669, -1.911675)
(-0.4920459, 0.6128323, -1.911547)
(-0.4921117, 0.6127061, -1.911491)
(-0.4920852, 0.6127166, -1.911489)
(-0.4919884, 0.6127423, -1.911448)
(-0.492039, 0.6125863, -1.911374)
(-0.4920216, 0.6125937, -1.911376)
(-0.4920835, 0.6126057, -1.911386)
(-0.4920521, 0.6127034, -1.911383)
(-0.4920201, 0.6126909, -1.911491)
(-0.4922137, 0.6127162, -1.911554)
(-0.4922152, 0.6127048, -1.911512)
(-0.4921746, 0.6126541, -1.911593)
(-0.4920287, 0.6126789, -1.911548)
(-0.4919848, 0.6128032, -1.911589)
(-0.4919677, 0.6128047, -1.911581)
(-0.4918418, 0.6128352, -1.911555)
(-0.4918785, 0.6126883, -1.911496)
(-0.4918523, 0.6126502, -1.911538)
(-0.4919982, 0.6126568, -1.91159)
(-0.4919844, 0.6127018, -1.911595)
(-0.4919748, 0.6127104, -1.911582)
(-0.4920735, 0.6127135, -1.91161)
(-0.4920969, 0.6126376, -1.911583)
(-0.4921236, 0.6126405, -1.911653)
(-0.4922988, 0.6126359, -1.911708)
(-0.4923491, 0.6124867, -1.911643)
(-0.4923403, 0.6124746, -1.911757)
(-0.492111, 0.6124693, -1.911701)
(-0.4921179, 0.6123993, -1.911676)
(-0.4921794, 0.612434, -1.911688)
(-0.4922667, 0.6124252, -1.911707)
(-0.492296, 0.6123527, -1.911686)
(-0.4923024, 0.6123374, -1.911617)
(-0.4921741, 0.6123092, -1.911588)
(-0.4921439, 0.6123987, -1.911621)
(-0.4921451, 0.6123871, -1.911664)
(-0.4923043, 0.6123519, -1.911707)
(-0.4922466, 0.6124638, -1.911777)
(-0.4922953, 0.6124903, -1.911676)
(-0.4920611, 0.6124805, -1.911605)
(-0.4920511, 0.6125071, -1.911633)
(-0.4920962, 0.6125575, -1.911529)
(-0.4920535, 0.6125518, -1.911509)
(-0.4920175, 0.6126385, -1.911536)
(-0.4920385, 0.6126385, -1.911512)
(-0.4920533, 0.6125958, -1.911582)
(-0.4920444, 0.6125758, -1.911569)
(-0.4920325, 0.6125624, -1.911536)
(-0.4919481, 0.6125627, -1.911504)
(-0.4919405, 0.6126171, -1.911524)
(-0.4919438, 0.6126773, -1.911506)
(-0.4918339, 0.6126832, -1.911464)
(-0.491817, 0.612767, -1.911483)
(-0.491797, 0.6127857, -1.911531)
(-0.4917917, 0.6127568, -1.911586)
(-0.4918301, 0.612617, -1.911527)
(-0.491838, 0.6126615, -1.911598)
(-0.4919782, 0.6126717, -1.911646)
(-0.4919932, 0.612684, -1.911654)
(-0.4919808, 0.6126986, -1.911637)
(-0.4918509, 0.6127089, -1.911608)
(-0.4918449, 0.6127598, -1.911629)
(-0.4918256, 0.6127803, -1.911565)
(-0.4921045, 0.6127834, -1.911635)
(-0.4921422, 0.6126801, -1.9116)
(-0.492161, 0.6126814, -1.911606)
(-0.4920311, 0.6126353, -1.911675)
(-0.4920125, 0.6126802, -1.911693)
(-0.4920363, 0.6127105, -1.911665)
(-0.491931, 0.6127172, -1.911642)
(-0.4919887, 0.612558, -1.911587)
(-0.491946, 0.6124864, -1.911668)
(-0.4921179, 0.6124825, -1.911729)
(-0.4921284, 0.6124052, -1.911711)
(-0.4921732, 0.6124393, -1.911633)
(-0.4921196, 0.6124375, -1.911608)
(-0.492115, 0.6124229, -1.911595)
(-0.4921432, 0.6124574, -1.911527)
(-0.491993, 0.6124609, -1.911489)
(-0.4920077, 0.6123873, -1.911464)
(-0.492002, 0.612395, -1.91133)
(-0.4922614, 0.6123918, -1.911389)
(-0.4922101, 0.6125126, -1.911424)
(-0.4922414, 0.6125114, -1.911446)
(-0.4921253, 0.6125026, -1.911386)
(-0.492125, 0.6124692, -1.91137)
(-0.4921255, 0.6124671, -1.911446)
(-0.4920385, 0.6124259, -1.911446)
(-0.4920354, 0.6124408, -1.911452)
(-0.4920671, 0.6124476, -1.911491)
(-0.4922109, 0.6124268, -1.911489)
(-0.4922242, 0.6124773, -1.911526)
(-0.4922168, 0.6124885, -1.911466)
(-0.4921119, 0.6124928, -1.911424)
(-0.492135, 0.6124923, -1.911431)
(-0.4920821, 0.6124538, -1.911545)
(-0.4921308, 0.6124449, -1.911551)
(-0.4921298, 0.6124532, -1.911536)
(-0.4921484, 0.6124562, -1.911554)
(-0.4920211, 0.6124588, -1.911512)
(-0.491971, 0.6126395, -1.911568)
(-0.4919581, 0.6126475, -1.911577)
(-0.491894, 0.612682, -1.911566)
(-0.4918909, 0.6126726, -1.911563)
(-0.4918592, 0.6126788, -1.911592)
(-0.491775, 0.6126988, -1.911582)
(-0.4917521, 0.6127126, -1.911584)
(-0.4917345, 0.6127187, -1.911582)
(-0.4917831, 0.6127459, -1.9116)
(-0.4918466, 0.6126274, -1.911562)
(-0.4918046, 0.6126204, -1.911538)
(-0.4920583, 0.6126239, -1.91161)
(-0.4921174, 0.6124693, -1.911557)
(-0.4921608, 0.6125026, -1.911513)
(-0.4920478, 0.6125041, -1.911472)
(-0.4919846, 0.6126112, -1.911474)
(-0.4919901, 0.6126033, -1.911523)
(-0.4919353, 0.6126051, -1.911499)
(-0.4919672, 0.6124845, -1.911448)
(-0.4919577, 0.6124922, -1.9114)
(-0.4919786, 0.6124872, -1.911399)
(-0.4919913, 0.6124034, -1.911364)
(-0.4919667, 0.6123413, -1.911486)
(-0.4921987, 0.6123327, -1.911525)
(-0.492177, 0.6123487, -1.911542)
(-0.4922051, 0.6123763, -1.911544)
(-0.4923899, 0.6123723, -1.9116)
(-0.4923501, 0.6124684, -1.911639)
(-0.4922943, 0.6123729, -1.911785)
(-0.4923763, 0.6123772, -1.911814)
(-0.4923613, 0.6124843, -1.911764)
(-0.4923463, 0.6124767, -1.911777)
(-0.4922373, 0.612476, -1.91173)
(-0.492275, 0.6123694, -1.91171)
(-0.4922981, 0.612397, -1.911654)
