(0.1509559, -0.1349277, -0.009242594)
(0.1512902, -0.1348431, -0.007174194)
(0.1512408, -0.1353414, -0.006855369)
(0.1502947, -0.1357217, -0.008734763)
(0.1494645, -0.1355485, -0.01062351)
(0.1495836, -0.1348972, -0.01196569)
(0.1511948, -0.1345319, -0.01170242)
(0.1520612, -0.1347924, -0.01085085)
(0.152315, -0.1354854, -0.01029235)
(0.1521845, -0.1359994, -0.01004356)
(0.1521795, -0.1357851, -0.0100581)
(0.1526003, -0.1359274, -0.01074594)
(0.1526994, -0.1357685, -0.01099718)
(0.1530404, -0.1357747, -0.01109415)
(0.1529492, -0.135868, -0.01086867)
(0.152666, -0.1358603, -0.01088387)
(0.152662, -0.1359898, -0.0110299)
(0.1527044, -0.135826, -0.01117456)
(0.152737, -0.1357228, -0.01116115)
(0.1528068, -0.1359597, -0.01159263)
(0.1528863, -0.1358649, -0.01166058)
(0.1530043, -0.1357565, -0.0117712)
(0.1535589, -0.1356546, -0.01187098)
(0.1536461, -0.1356241, -0.01190186)
(0.1536649, -0.1355036, -0.01185381)
(0.1536487, -0.1353759, -0.01182854)
(0.1536161, -0.1352919, -0.01189339)
(0.1537261, -0.1352949, -0.01214492)
(0.1533163, -0.1355462, -0.01154816)
(0.1532612, -0.1355562, -0.01146334)
(0.153267, -0.1355175, -0.0114609)
(0.1532129, -0.1354544, -0.01146984)
(0.1532336, -0.1354516, -0.01138079)
(0.1532655, -0.1354156, -0.0116418)
(0.1531585, -0.1353072, -0.01169032)
(0.153084, -0.1353438, -0.01167864)
(0.1528863, -0.1360737, -0.01140869)
(0.1526679, -0.1362695, -0.01091939)
(0.1524695, -0.1364943, -0.01066279)
(0.1523728, -0.1365927, -0.01047707)
(0.1514242, -0.1364304, -0.01152968)
(0.1512972, -0.1366844, -0.01142818)
(0.1506948, -0.1369113, -0.01117468)
(0.1506604, -0.1367188, -0.01087767)
(0.1504506, -0.1366972, -0.01083344)
(0.149954, -0.1366557, -0.009981751)
(0.1496654, -0.1367477, -0.009981632)
(0.1493821, -0.1368207, -0.01005602)
(0.1499738, -0.1364367, -0.009571373)
(0.1499083, -0.1362619, -0.009955108)
(0.149635, -0.1363357, -0.009905756)
(0.1495414, -0.1363361, -0.0099051)
(0.1494386, -0.1361085, -0.009688258)
(0.1493423, -0.1360824, -0.009697974)
(0.1492414, -0.1360005, -0.009615779)
(0.1496223, -0.1357448, -0.01076311)
(0.152671, -0.13483, -0.01023519)
(0.1528519, -0.1347035, -0.01026005)
(0.1529371, -0.1345419, -0.01028001)
(0.1529993, -0.1344965, -0.01033807)
(0.1534897, -0.1344893, -0.009977639)
(0.1526096, -0.1352632, -0.008813977)
(0.1515874, -0.1354709, -0.009731174)
(0.1519921, -0.1365044, -0.009808481)
(0.1512641, -0.1370986, -0.01170594)
(0.1506927, -0.1364949, -0.01180071)
(0.151338, -0.1363564, -0.01059997)
(0.1513271, -0.1362979, -0.01064748)
(0.1512564, -0.1366171, -0.01053333)
(0.1517267, -0.1369605, -0.01112032)
(0.1516842, -0.136844, -0.0110966)
(0.1517308, -0.1367444, -0.01119643)
(0.1518049, -0.1365855, -0.01138163)
(0.1518674, -0.1365142, -0.01145655)
(0.1518213, -0.1360598, -0.01101005)
(0.1518577, -0.136434, -0.01095384)
(0.1519209, -0.1364017, -0.01095819)
(0.1518846, -0.1363467, -0.01085347)
(0.1518874, -0.1362953, -0.0108512)
(0.1519519, -0.1362324, -0.01087618)
(0.1519248, -0.13631, -0.01095414)
(0.1519655, -0.1362225, -0.01108849)
(0.1521028, -0.1360941, -0.01121682)
(0.1522003, -0.1359569, -0.01112992)
(0.1522495, -0.1359886, -0.01117772)
(0.1523565, -0.1359825, -0.01123202)
(0.1524053, -0.1359702, -0.01135838)
(0.152387, -0.135816, -0.01128173)
(0.1524686, -0.1357782, -0.01138437)
(0.1523998, -0.1357523, -0.01154155)
(0.1524765, -0.135711, -0.01157701)
(0.1524827, -0.1354703, -0.01165456)
(0.1526961, -0.1354698, -0.01194715)
(0.1526589, -0.1353168, -0.01182628)
(0.1526639, -0.1351676, -0.01191241)
(0.1525782, -0.1353832, -0.0120976)
(0.1524738, -0.135236, -0.0116781)
(0.152446, -0.1351444, -0.01168746)
(0.1525878, -0.1352428, -0.01189137)
(0.1524391, -0.1349124, -0.01165849)
(0.1524433, -0.1349018, -0.01166856)
(0.1526538, -0.1350673, -0.01174134)
(0.152472, -0.1349511, -0.01144743)
(0.1524482, -0.1352087, -0.01116073)
(0.152485, -0.1356333, -0.01092219)
(0.1523436, -0.1354939, -0.01050508)
(0.1522108, -0.1354028, -0.01057243)
(0.1518015, -0.1352574, -0.01037747)
(0.1516255, -0.1354024, -0.01009464)
(0.151523, -0.1355684, -0.009829402)
(0.1514897, -0.1358311, -0.01009488)
(0.151116, -0.1355296, -0.009511113)
(0.1510365, -0.1354449, -0.009268761)
(0.1511451, -0.135746, -0.009449482)
(0.1508933, -0.1355493, -0.00901562)
(0.1507865, -0.1353531, -0.008874655)
(0.1509203, -0.1354256, -0.009108603)
(0.150877, -0.1353878, -0.00903976)
(0.1508638, -0.1353136, -0.008979142)
(0.1507154, -0.1355127, -0.009020448)
(0.1506978, -0.1354544, -0.008979738)
(0.1506697, -0.1353905, -0.008951724)
(0.1508058, -0.1354533, -0.008978844)
(0.1507187, -0.1352813, -0.00880152)
(0.1507186, -0.1353006, -0.008919895)
(0.1508325, -0.1355026, -0.009229064)
(0.1508464, -0.1354498, -0.00921309)
(0.1507945, -0.1353526, -0.00916028)
(0.1509105, -0.1352459, -0.009091198)
(0.1509846, -0.1351761, -0.009139717)
(0.1510552, -0.1351185, -0.009125471)
(0.1511612, -0.1352564, -0.009191275)
(0.1511014, -0.1351875, -0.009107292)
(0.1511624, -0.1350998, -0.009101629)
(0.1512547, -0.1352886, -0.009349406)
(0.1512215, -0.1352516, -0.009283662)
(0.1512153, -0.1352266, -0.00932616)
(0.1511461, -0.1352601, -0.009572208)
(0.151186, -0.135215, -0.009548962)
(0.1511761, -0.1351993, -0.009598434)
(0.1511079, -0.1354566, -0.00980401)
(0.1509212, -0.1353606, -0.009429395)
(0.1507616, -0.1352202, -0.009275436)
(0.1509993, -0.1354871, -0.009380817)
(0.1507914, -0.1352946, -0.009193361)
(0.1506765, -0.1350967, -0.009097397)
(0.150636, -0.1350162, -0.009242952)
(0.1503296, -0.1345466, -0.009031475)
(0.1498963, -0.1339476, -0.009112656)
(0.1496066, -0.1338462, -0.009621263)
(0.1489532, -0.1332368, -0.009761751)
(0.148523, -0.1324962, -0.009800851)
(0.1481978, -0.1319605, -0.01020682)
(0.1478701, -0.1308717, -0.01148003)
(0.1477188, -0.1289138, -0.01189947)
(0.1485649, -0.1250192, -0.01275241)
(0.1486028, -0.1217879, -0.01380271)
(0.1492381, -0.1185694, -0.01450658)
(0.149749, -0.1159822, -0.01479656)
(0.1504194, -0.112648, -0.01499635)
(0.1506182, -0.1077334, -0.01440656)
(0.1507616, -0.1026036, -0.01348746)
(0.1488259, -0.0953387, -0.009003699)
(0.1498592, -0.09196126, -0.009008706)
(0.1500844, -0.0860312, -0.007056653)
(0.1502694, -0.08069444, -0.004030108)
(0.1503314, -0.07534254, -0.001042604)
(0.1514006, -0.06935489, 0.002327204)
(0.1520975, -0.06426501, 0.006569922)
(0.1529121, -0.05872989, 0.01197189)
(0.1542115, -0.05340588, 0.01605862)
(0.1557376, -0.04967856, 0.02209574)
(0.1568377, -0.04553092, 0.02788281)
(0.1587813, -0.04198444, 0.03342199)
(0.16074, -0.0395205, 0.04023355)
(0.1622715, -0.03694749, 0.04743344)
(0.1645604, -0.03468788, 0.05364245)
(0.1666654, -0.03386521, 0.06077689)
(0.1684289, -0.03296494, 0.06877273)
(0.1703899, -0.03287566, 0.07589513)
(0.1721842, -0.033571, 0.08307797)
(0.1738602, -0.03419137, 0.09020227)
(0.1753006, -0.03623974, 0.09789091)
(0.1770686, -0.03764725, 0.1052017)
(0.1787086, -0.03990817, 0.1125672)
(0.1791258, -0.04318202, 0.1203812)
(0.1801429, -0.04571426, 0.1276904)
(0.1804912, -0.05035496, 0.1345935)
(0.1803436, -0.05442369, 0.1419336)
(0.1793425, -0.0574702, 0.1470381)
(0.1788802, -0.06061816, 0.151287)
(0.1770023, -0.06371284, 0.1555876)
(0.1766472, -0.06608212, 0.1583962)
(0.1776038, -0.06986141, 0.1585013)
(0.1767006, -0.07453477, 0.1598009)
(0.1801664, -0.07070994, 0.1583757)
(0.1822931, -0.06995201, 0.1532807)
(0.1794943, -0.07369792, 0.1518157)
(0.1771681, -0.07189047, 0.1498786)
(0.1786447, -0.07057738, 0.1506977)
(0.1794714, -0.07034302, 0.1536456)
(0.1798626, -0.07190585, 0.1582696)
(0.1789623, -0.07376301, 0.1600565)
(0.1788166, -0.07426488, 0.160347)
(0.1787884, -0.07566082, 0.1594225)
(0.1787243, -0.07321739, 0.1595544)
(0.1797744, -0.07204485, 0.1593857)
(0.1794107, -0.07091427, 0.1608787)
(0.1801933, -0.07098186, 0.1636688)
(0.1805595, -0.06987405, 0.166747)
(0.1809376, -0.06785953, 0.1700109)
(0.1797695, -0.06437039, 0.1731978)
(0.1790073, -0.05988657, 0.1751133)
(0.1800797, -0.05533934, 0.1769575)
(0.181491, -0.0502516, 0.1806394)
(0.1816956, -0.04575312, 0.1842101)
(0.1815722, -0.03740776, 0.1879479)
(0.1819348, -0.03079271, 0.191716)
(0.1825616, -0.02373219, 0.1963664)
(0.1835093, -0.01650894, 0.2004907)
(0.1842413, -0.009797215, 0.2043349)
(0.1844276, -0.003689885, 0.2078569)
(0.1845083, 0.002552867, 0.211099)
(0.1840894, 0.0101577, 0.2152045)
(0.1834642, 0.01707888, 0.2188547)
(0.1835594, 0.02423871, 0.2227179)
(0.1819568, 0.03188515, 0.2275405)
(0.1827996, 0.04233038, 0.2337563)
(0.1833718, 0.04963624, 0.2402299)
(0.1833813, 0.05557442, 0.246196)
(0.1840354, 0.06181026, 0.2523928)
(0.1849757, 0.06566226, 0.2591102)
(0.1862895, 0.06971204, 0.2666941)
(0.1865864, 0.07349467, 0.2731928)
(0.1876932, 0.07665598, 0.2807359)
(0.1888101, 0.07981759, 0.2882605)
(0.1895263, 0.08233571, 0.2961252)
(0.1906266, 0.08411568, 0.3043915)
(0.1915298, 0.08529699, 0.3127151)
(0.1923132, 0.08666629, 0.3209217)
(0.1931149, 0.08707923, 0.3293849)
(0.1937326, 0.08739203, 0.338563)
(0.1943346, 0.08722013, 0.3471104)
(0.1944757, 0.08658713, 0.3557159)
(0.195078, 0.08615959, 0.3641468)
(0.1959473, 0.08483583, 0.3735739)
(0.1969357, 0.08358002, 0.3822351)
(0.1979672, 0.08232057, 0.390828)
(0.1989902, 0.08123291, 0.3995506)
(0.1998696, 0.07948411, 0.4082878)
(0.2013266, 0.0775438, 0.4165851)
(0.2024204, 0.07557273, 0.4246806)
(0.2037411, 0.07378089, 0.431372)
(0.2055845, 0.07188022, 0.4377052)
(0.2063282, 0.06998575, 0.4441909)
(0.2077777, 0.06833589, 0.4496353)
(0.2094996, 0.06608009, 0.4544854)
(0.210632, 0.06296706, 0.4598113)
(0.2126397, 0.05961835, 0.4633174)
(0.2171611, 0.05730593, 0.4687101)
(0.2188338, 0.05725157, 0.469944)
(0.217593, 0.05668938, 0.4705681)
(0.2100549, 0.05959749, 0.4564553)
(0.2093359, 0.06069112, 0.4520524)
(0.2083198, 0.05338156, 0.4505188)
(0.2121016, 0.0547924, 0.4624333)
(0.2112756, 0.05320668, 0.4694349)
(0.2116183, 0.048648, 0.4698093)
(0.2174726, 0.04308259, 0.4636587)
(0.2136542, 0.04756796, 0.4616375)
(0.213833, 0.04651964, 0.4616603)
(0.2137769, 0.04570639, 0.4617287)
(0.2137394, 0.04501379, 0.4621236)
(0.1975123, 0.04508388, 0.4935833)
(0.1986798, 0.04363656, 0.4939435)
(0.1966494, 0.04532886, 0.496066)
(0.199658, 0.06003046, 0.4592656)
(0.202359, 0.05821002, 0.4668919)
(0.1953242, 0.05859578, 0.4710937)
(0.2050574, 0.06635153, 0.472844)
(0.2070309, 0.06982195, 0.4773761)
(0.2070059, 0.0738039, 0.4790269)
(0.2079462, 0.07694483, 0.4799275)
(0.2083123, 0.08282793, 0.4826252)
(0.2064672, 0.08789754, 0.485673)
(0.2064483, 0.09321141, 0.4882802)
(0.2063087, 0.09986436, 0.4887874)
(0.2058142, 0.1060991, 0.4893818)
(0.2070076, 0.1122757, 0.4897809)
(0.2082131, 0.1182611, 0.4904332)
(0.2092386, 0.1241012, 0.4915192)
(0.2103277, 0.129355, 0.4933811)
(0.210127, 0.1358367, 0.4962006)
(0.209201, 0.1415231, 0.4985847)
(0.2093897, 0.147312, 0.5007542)
(0.2095062, 0.1521523, 0.5047438)
(0.2098979, 0.1567758, 0.5079433)
(0.2096635, 0.1596127, 0.5119427)
(0.2095683, 0.1617588, 0.5179317)
(0.2085625, 0.1638504, 0.5216311)
(0.2090584, 0.1650696, 0.5266942)
(0.2078377, 0.1663877, 0.5317302)
(0.2095839, 0.1689771, 0.5356593)
(0.2095474, 0.169157, 0.5416559)
(0.2108135, 0.1695757, 0.5463902)
(0.2115555, 0.1699947, 0.5518376)
(0.2124455, 0.1701812, 0.5550735)
(0.2137976, 0.1689352, 0.5612736)
(0.2140555, 0.1679225, 0.5667831)
(0.21532, 0.166428, 0.573169)
(0.2171521, 0.1640602, 0.5794948)
(0.2179086, 0.1614685, 0.5863719)
(0.2201111, 0.1597882, 0.5919423)
(0.221951, 0.1576692, 0.5991725)
(0.2238472, 0.1556161, 0.6046677)
(0.2363689, 0.1373929, 0.5967729)
(0.2377218, 0.1338198, 0.6026658)
(0.2385368, 0.1302974, 0.608583)
(0.2403421, 0.1251552, 0.6143057)
(0.242816, 0.119604, 0.6194838)
(0.2453172, 0.1148198, 0.62696)
(0.2478598, 0.1109748, 0.6331044)
(0.2493825, 0.1153113, 0.6167278)
(0.2528232, 0.1147486, 0.6210351)
(0.2485054, 0.1313797, 0.6163828)
(0.2500008, 0.1347048, 0.6159918)
(0.255517, 0.1325997, 0.6225299)
(0.2568043, 0.1317297, 0.627918)
(0.2586792, 0.1287607, 0.6322647)
(0.2555103, 0.1279871, 0.6263312)
(0.2505277, 0.1254379, 0.623069)
(0.2521238, 0.1223344, 0.620881)
(0.249137, 0.1265795, 0.617697)
(0.2471764, 0.1254846, 0.615702)
(0.2494832, 0.1261455, 0.6140072)
(0.2481519, 0.1242459, 0.6147802)
(0.2478766, 0.1232688, 0.6148951)
(0.2472428, 0.1233479, 0.6146046)
(0.2478381, 0.1222941, 0.6139803)
(0.2475319, 0.1230093, 0.6135613)
(0.2468897, 0.1211292, 0.6123813)
(0.247031, 0.1212782, 0.6121589)
(0.2471629, 0.1216358, 0.6120607)
(0.2466613, 0.1215786, 0.6121067)
(0.2457293, 0.1216372, 0.6117455)
(0.2452881, 0.1209915, 0.6115562)
(0.2451882, 0.1208185, 0.6112685)
(0.245067, 0.1209211, 0.6107466)
(0.2449503, 0.1210784, 0.6108332)
(0.2458471, 0.120854, 0.6113529)
(0.2457404, 0.1209071, 0.6110429)
(0.2456505, 0.1208223, 0.610689)
(0.2462896, 0.1210656, 0.610883)
(0.2465098, 0.1211163, 0.611361)
(0.2469814, 0.1211789, 0.6113793)
(0.2468795, 0.1210767, 0.6112435)
(0.246477, 0.1209075, 0.6112907)
(0.2465478, 0.1209447, 0.6114185)
(0.2462139, 0.1213278, 0.6115671)
(0.2467566, 0.1213, 0.6119789)
(0.2469144, 0.1213423, 0.6120628)
(0.246599, 0.121665, 0.6125193)
(0.2469102, 0.121942, 0.6127239)
(0.2469085, 0.1219796, 0.6125839)
(0.2470174, 0.1218715, 0.6126759)
(0.2470577, 0.1220559, 0.6127584)
(0.2469881, 0.1220925, 0.6126809)
(0.2470062, 0.1220442, 0.6125176)
(0.2469004, 0.1221151, 0.6123835)
(0.2466304, 0.1222126, 0.6121297)
(0.2465285, 0.1221716, 0.6120213)
(0.2462795, 0.1221464, 0.6118815)
(0.2461673, 0.12219, 0.6116934)
(0.2460277, 0.1221789, 0.6113902)
(0.2463984, 0.122316, 0.6115619)
(0.2462505, 0.122022, 0.6116117)
(0.2463311, 0.1220107, 0.6116213)
(0.2462475, 0.1224324, 0.6118503)
(0.2449632, 0.1220936, 0.6117146)
