0.5171732
0.5077563
0.4406955
0.3824195
0.4007412
0.4142158
0.4135744
0.3918725
0.3350793
0.2410399
0.2986113
0.2529674
0.2747971
0.2155158
0.1898568
0.2129395
0.2261019
0.2258969
0.1919991
0.1950175
0.2008691
0.1953514
0.1919639
0.1737638
0.1768866
0.1791745
0.187526
0.1889017
0.1748664
0.1754739
0.1845073
0.1636174
0.160204
0.1495161
0.152005
0.1507604
0.1537601
0.151221
0.1390344
0.1316051
0.1399237
0.145775
0.1482263
0.1422443
0.1499312
0.1491596
0.1493332
0.1482943
0.144314
0.1436445
0.138454
0.1367971
0.1368218
0.1408821
0.1387919
0.135796
0.1294848
0.1247376
0.1196558
0.1169585
0.1112866
0.1103503
0.1081847
0.1062418
0.09978843
0.09616221
0.09661365
0.09214667
0.09169384
0.09526276
0.09440432
0.09627686
0.09356633
0.1069009
0.1108426
MSE 0.186643
total_moving_Distance 0.8257876