(0.6404083, 0.0110752, 6.126927)
(0.6422594, 0.01154513, 6.12691)
(0.6439195, 0.01200465, 6.127313)
(0.6451023, 0.01203042, 6.128201)
(0.6468321, 0.01192811, 6.127973)
(0.6474947, 0.01071834, 6.127)
(0.6477366, 0.01052603, 6.126323)
(0.6477366, 0.01052603, 6.126323)
(0.6469867, 0.01347051, 6.127683)
(0.6459297, 0.01491535, 6.129278)
(0.6448458, 0.0147284, 6.130127)
(0.6441997, 0.01410397, 6.130315)
(0.6450921, 0.01108787, 6.130137)
(0.6465096, 0.008847912, 6.129822)
(0.6480317, 0.004955751, 6.128784)
(0.6483188, -3.558443E-05, 6.127021)
(0.647793, 6.278893, 6.125018)
(0.6473117, 6.276621, 6.124107)
(0.6463697, 6.276138, 6.124426)
(0.6454633, 6.27571, 6.124671)
(0.6436016, 6.27756, 6.12618)
(0.6417567, 6.278489, 6.127134)
(0.6404375, 6.279799, 6.127855)
(0.6381224, 6.281016, 6.129129)
(0.6372886, 6.281931, 6.130345)
(0.6379176, 6.281831, 6.130955)
(0.6395431, 6.28113, 6.13133)
(0.6407623, 6.280277, 6.131616)
(0.6408574, 6.279063, 6.131416)
(0.6401941, 6.277907, 6.131561)
(0.6403704, 6.276994, 6.133003)
(0.6420066, 6.276021, 6.133403)
(0.6436228, 6.275019, 6.1336)
(0.6448011, 6.273842, 6.13397)
(0.645399, 6.27311, 6.134047)
(0.6453443, 6.272568, 6.133961)
(0.6457766, 6.272296, 6.133734)
(0.6468086, 6.271583, 6.133386)
(0.6480947, 6.27075, 6.132542)
(0.6494029, 6.270192, 6.131746)
(0.6507171, 6.269392, 6.130591)
(0.6522598, 6.268991, 6.129753)
(0.6533935, 6.268732, 6.129067)
(0.6537969, 6.26855, 6.12832)
(0.6539012, 6.269295, 6.127914)
(0.6545397, 6.269526, 6.127711)
(0.6550092, 6.269799, 6.12686)
(0.6564792, 6.269955, 6.125966)
(0.6582396, 6.270002, 6.125024)
(0.659509, 6.270097, 6.124276)
(0.6607041, 6.271203, 6.124242)
(0.6615965, 6.272694, 6.124484)
(0.6625071, 6.273448, 6.124022)
(0.6635484, 6.274716, 6.12389)
(0.6648805, 6.275799, 6.123598)
(0.6668926, 6.276378, 6.122805)
(0.6691368, 6.277608, 6.122162)
(0.6722066, 6.278426, 6.121196)
(0.6746311, 6.279218, 6.120292)
(0.6764092, 6.280776, 6.120176)
(0.677214, 6.282235, 6.119878)
(0.6781848, 6.282972, 6.118975)
(0.6789709, 0.000899155, 6.11807)
(0.6809223, 0.001720867, 6.11674)
(0.6849197, 0.002427216, 6.114846)
(0.6905462, 0.00478573, 6.114301)
(0.6970201, 0.0062036, 6.113284)
(0.7043036, 0.008111697, 6.112174)
(0.7116252, 0.01017281, 6.111557)
(0.7216938, 0.01198412, 6.110976)
(0.729327, 0.01329825, 6.110132)
(0.7382158, 0.01215641, 6.107046)
(0.747351, 0.00975262, 6.102799)
(0.7574376, 0.005677123, 6.097096)
(0.7656985, 0.003465593, 6.093499)
(0.7753151, 0.0002704824, 6.090009)
(0.7849091, 6.279713, 6.085762)
(0.794418, 6.273384, 6.079409)
(0.8045248, 6.264257, 6.071124)
(0.8134853, 6.256818, 6.063801)
(0.8204992, 6.244299, 6.054152)
(0.8273452, 6.235523, 6.046898)
(0.8340136, 6.225915, 6.038709)
(0.840665, 6.216053, 6.029698)
(0.8482843, 6.202197, 6.01653)
(0.8578547, 6.192585, 6.006896)
(0.8664216, 6.185935, 6.001247)
(0.8762537, 6.181003, 5.999332)
(0.8762537, 6.181003, 5.999332)
(0.8948921, 6.160324, 5.983239)
(0.9033421, 6.148317, 5.973283)
(0.9113696, 6.137207, 5.964515)
(0.919489, 6.128686, 5.958839)
(0.9280352, 6.121599, 5.955038)
(0.9347961, 6.113038, 5.949823)
(0.9432881, 6.103564, 5.943285)
(0.9530638, 6.093408, 5.937023)
(0.9593287, 6.083396, 5.930459)
(0.9654831, 6.07508, 5.925016)
(0.9713517, 6.067423, 5.919734)
(0.9768838, 6.05958, 5.9138)
(0.9836276, 6.051636, 5.907978)
(0.9910468, 6.046114, 5.904145)
(0.9978985, 6.040977, 5.900375)
(1.004539, 6.032109, 5.892854)
(1.010579, 6.024342, 5.886695)
(1.016147, 6.018326, 5.881847)
(1.021343, 6.011449, 5.87599)
(1.026027, 6.004646, 5.870149)
(1.03071, 5.9978, 5.86423)
(1.034746, 5.992999, 5.860072)
(1.039361, 5.989334, 5.857225)
(1.043511, 5.984778, 5.853107)
(1.04778, 5.980157, 5.848938)
(1.051354, 5.974923, 5.84444)
(1.054529, 5.969743, 5.839827)
(1.05757, 5.966175, 5.83691)
(1.06057, 5.964637, 5.836486)
(1.063543, 5.962487, 5.835055)
(1.065151, 5.963274, 5.836641)
(1.066098, 5.964867, 5.839156)
(1.06767, 5.964854, 5.839212)
(1.069281, 5.964147, 5.838863)
(1.07022, 5.965184, 5.840421)
(1.070364, 5.967124, 5.842987)
(1.072404, 5.969552, 5.846358)
(1.074319, 5.971875, 5.849864)
(1.075229, 5.973947, 5.853218)
(1.077138, 5.977321, 5.857424)
(1.078231, 5.982135, 5.863021)
(1.077977, 5.987066, 5.869042)
(1.079053, 5.991417, 5.874238)
(1.082546, 5.996246, 5.880154)
(1.085467, 6.002485, 5.887489)
(1.088939, 6.010954, 5.897461)
(1.09437, 6.015049, 5.90335)
(1.09984, 6.016406, 5.905696)
(1.106814, 6.016637, 5.905291)
(1.11292, 6.021917, 5.907597)
(1.117749, 6.027493, 5.911757)
(1.123959, 6.035653, 5.915815)
(1.133383, 6.049636, 5.923988)
(1.14057, 6.062838, 5.933453)
(1.146367, 6.083098, 5.949038)
(1.149568, 6.108068, 5.969025)
(1.153407, 6.127935, 5.982228)
(1.158988, 6.144028, 5.99186)
(1.164125, 6.159131, 5.999954)
(1.167886, 6.173931, 6.008602)
(1.174297, 6.190085, 6.019751)
(1.18227, 6.20891, 6.033383)
(1.188882, 6.225892, 6.045395)
(1.197623, 6.236422, 6.051225)
(1.207012, 6.239362, 6.048761)
(1.214932, 6.247594, 6.051353)
(1.224044, 6.262053, 6.0606)
(1.233889, 6.274304, 6.069262)
(1.242175, 6.282772, 6.074141)
(1.250487, 0.006092085, 6.07829)
(1.258448, 0.01084417, 6.079942)
(1.264851, 0.01336876, 6.078473)
(1.270157, 0.01242992, 6.073427)
(1.27713, 0.01271127, 6.069298)
(1.28395, 0.01798816, 6.0697)
(1.290149, 0.02651767, 6.073687)
(1.293224, 0.0339777, 6.077102)
(1.296154, 0.03877718, 6.07843)
(1.300911, 0.04586217, 6.081705)
(1.305538, 0.04953339, 6.081804)
(1.31009, 0.04999794, 6.078785)
(1.315119, 0.04598852, 6.071413)
(1.320659, 0.04033842, 6.062037)
(1.325911, 0.04130399, 6.059135)
(1.330926, 0.04787362, 6.061906)
(1.33643, 0.05857699, 6.069458)
(1.342637, 0.07183614, 6.079848)
(1.348745, 0.08651651, 6.091841)
(1.348745, 0.08651651, 6.091841)
(1.355255, 0.1011374, 6.104784)
(1.360558, 0.1061907, 6.107624)
(1.368149, 0.08473323, 6.080389)
(1.370345, 0.06835828, 6.060603)
(1.37337, 0.05992811, 6.048583)
(1.374957, 0.05803761, 6.043263)
(1.376518, 0.06144427, 6.044129)
(1.376819, 0.06313336, 6.043584)
(1.374951, 0.05792428, 6.036684)
(1.371559, 0.04887462, 6.026999)
(1.369469, 0.03623803, 6.014149)
(1.367547, 0.0206888, 5.998528)
(1.364849, 0.005023556, 5.983029)
(1.361686, 6.271369, 5.966172)
(1.357666, 6.251842, 5.947294)
(1.353807, 6.235145, 5.9326)
(1.350635, 6.217709, 5.917534)
(1.346749, 6.196668, 5.901119)
(1.342137, 6.174447, 5.882359)
(1.337595, 6.139555, 5.851934)
(1.331731, 6.099247, 5.81579)
(1.326062, 6.060925, 5.781868)
(1.32286, 6.020501, 5.745789)
(1.322822, 5.963044, 5.693863)
(1.321682, 5.906656, 5.646192)
(1.318789, 5.847588, 5.593491)
(1.313089, 5.790613, 5.543967)
(1.30604, 5.753898, 5.514684)
(1.298248, 5.715951, 5.4842)
(1.291412, 5.685891, 5.458009)
(1.280364, 5.663081, 5.438735)
(1.268581, 5.64085, 5.421079)
(1.257655, 5.623995, 5.41028)
(1.246326, 5.611143, 5.405548)
(1.232512, 5.602391, 5.405744)
(1.218412, 5.59894, 5.414165)
(1.206243, 5.591104, 5.415108)
(1.196352, 5.587571, 5.419973)
(1.189833, 5.578207, 5.417394)
(1.183491, 5.568109, 5.414735)
(1.175672, 5.564568, 5.418935)
(1.17018, 5.564549, 5.426742)
(1.163411, 5.569981, 5.440966)
(1.156776, 5.573629, 5.454096)
(1.148157, 5.585271, 5.477802)
(1.14332, 5.584321, 5.485442)
(1.141468, 5.588156, 5.49403)
(1.136714, 5.591279, 5.504019)
(1.130876, 5.594141, 5.513651)
(1.124438, 5.598552, 5.524211)
(1.118632, 5.603493, 5.535304)
(1.11329, 5.606969, 5.545182)
(1.107588, 5.610405, 5.55478)
(1.102232, 5.611298, 5.561714)
(1.097486, 5.612333, 5.568628)
(1.093158, 5.615206, 5.576812)
(1.089633, 5.620054, 5.587468)
(1.086337, 5.627882, 5.600191)
(1.082469, 5.635394, 5.612436)
(1.078368, 5.642846, 5.622895)
(1.074152, 5.646572, 5.630194)
(1.069827, 5.651671, 5.637125)
(1.066166, 5.657663, 5.645047)
(1.063719, 5.663723, 5.653338)
(1.062367, 5.670686, 5.66168)
(1.060995, 5.677285, 5.669569)
(1.058, 5.684571, 5.677546)
(1.054933, 5.691603, 5.684737)
(1.050927, 5.700227, 5.691963)
(1.046122, 5.710111, 5.699686)
(1.041179, 5.72089, 5.707774)
(1.037189, 5.730675, 5.714697)
(1.035433, 5.737366, 5.719306)
(1.035522, 5.745962, 5.724393)
(1.036276, 5.757278, 5.732028)
(1.036073, 5.770233, 5.740833)
(1.035484, 5.784134, 5.749206)
(1.034695, 5.800718, 5.759519)
(1.034365, 5.815662, 5.768877)
(1.037138, 5.834774, 5.782312)
(1.041682, 5.856844, 5.800848)
(1.046059, 5.872804, 5.814477)
(1.052385, 5.883719, 5.822485)
(1.057328, 5.891019, 5.825649)
(1.054651, 5.908735, 5.838253)
(1.052346, 5.928243, 5.852399)
(1.047792, 5.948514, 5.867414)
(1.048275, 5.958685, 5.871787)
(1.048107, 5.969715, 5.875876)
(1.044783, 5.993217, 5.892648)
(1.042237, 6.01282, 5.906877)
(1.036732, 6.041448, 5.932415)
(1.03294, 6.059939, 5.946413)
(1.027198, 6.072826, 5.953753)
(1.021675, 6.083428, 5.95829)
(1.014548, 6.096271, 5.962949)
(1.008618, 6.115429, 5.973576)
(1.000006, 6.135381, 5.986298)
(0.9899457, 6.15468, 5.998697)
(0.9805798, 6.171245, 6.010007)
(0.9686794, 6.181562, 6.015691)
(0.9593809, 6.191046, 6.018867)
(0.9522116, 6.198493, 6.019341)
(0.9437665, 6.206849, 6.021586)
(0.9357553, 6.216126, 6.027328)
(0.9266304, 6.226768, 6.033836)
(0.9149196, 6.235597, 6.038016)
(0.9018412, 6.242667, 6.04032)
(0.8907061, 6.250128, 6.043231)
(0.8807254, 6.255054, 6.045192)
(0.8713835, 6.259577, 6.047236)
(0.8618878, 6.26598, 6.051728)
(0.8524336, 6.273869, 6.056819)
(0.8453693, 6.279984, 6.062173)
(0.8379095, 0.002729359, 6.066329)
(0.8308727, 0.008759925, 6.071602)
(0.8247688, 0.01235221, 6.075569)
(0.8165313, 0.01471814, 6.079069)
(0.8069195, 0.0163918, 6.081483)
(0.7975284, 0.01803087, 6.083259)
(0.788359, 0.01921307, 6.085128)
(0.7793242, 0.02181605, 6.088046)
(0.7705959, 0.02131019, 6.090374)
(0.7623621, 0.02025712, 6.09203)
(0.7539241, 0.0181352, 6.093456)
(0.7539241, 0.0181352, 6.093456)
(0.7397526, 0.01355586, 6.097402)
(0.7315887, 0.01241944, 6.099844)
(0.7226219, 0.01030348, 6.102519)
(0.7133846, 0.007902378, 6.105326)
(0.7044872, 0.005547561, 6.107993)
(0.696173, 0.0003558169, 6.110005)
(0.6890438, 6.279216, 6.112022)
(0.6851437, 6.271651, 6.112442)
(0.6851437, 6.271651, 6.112442)
(0.6827409, 6.251513, 6.105389)
(0.6777443, 6.245035, 6.105286)
(0.6671394, 6.242268, 6.109633)
(0.6558753, 6.24129, 6.114869)
(0.6488636, 6.238661, 6.118072)
(0.649528, 6.231384, 6.116333)
(0.648368, 6.224256, 6.115048)
(0.6462672, 6.216893, 6.115472)
(0.640923, 6.213671, 6.118382)
(0.6369734, 6.212587, 6.120008)
(0.6335672, 6.21065, 6.119851)
(0.628119, 6.207386, 6.119445)
(0.6209234, 6.202352, 6.117024)
(0.6159131, 6.198503, 6.115325)
(0.6158782, 6.195981, 6.113297)
(0.6157362, 6.192315, 6.111492)
(0.6199008, 6.187098, 6.108298)
(0.6243356, 6.184872, 6.106989)
(0.62657, 6.185715, 6.107677)
(0.6268547, 6.185805, 6.10835)
(0.627108, 6.185444, 6.109379)
(0.6283536, 6.183555, 6.109485)
(0.6299769, 6.180016, 6.108614)
(0.6312172, 6.176412, 6.108223)
(0.6316348, 6.175219, 6.109283)
(0.6314232, 6.173779, 6.110142)
(0.6317152, 6.170137, 6.109253)
(0.6326737, 6.166888, 6.108013)
(0.6341269, 6.164147, 6.106523)
