(-8465.04, 162.3087, -260.8252)
(-63.78978, 47.34005, -12.29158)
(-73.10484, 65.18188, -10.31378)
(-72.46208, 65.66353, -14.93545)
(-83.70816, 63.96791, -15.10863)
(-103.9404, 39.48981, 4.338855)
(-112.4355, 22.16591, 5.060638)
(-124.8979, 33.58793, 2.298133)
(-122.4206, 28.52758, 1.582368)
(0, 0, 0)
(-258.254, 38.55511, 6.406549)
(-156.8073, 17.97474, 5.312977)
(-141.6982, 6.554477, 12.07704)
(-168.3922, 10.1302, 9.11807)
(-155.0138, 0.03600785, 4.151494)
(-160.9253, -6.561823, 6.511839)
(-164.2354, -8.728558, 4.839607)
(-162.0057, -10.49903, 5.932009)
(-163.789, -21.54888, 7.367984)
(-161.624, -18.65985, 6.425561)
(-154.5263, -10.34206, 7.128798)
(-148.3293, -9.34442, 3.515478)
(-137.7926, -5.916887, 9.771064)
(0, 0, 0)
(-218.1102, -38.57969, 21.70432)
(0, 0, 0)
(-165.8997, -32.5527, 30.05437)
(-112.3694, -28.71616, 12.65149)
(-70.7563, -25.15804, 11.82134)
(-48.01113, -27.28816, 8.222312)
(-65.73689, -24.5938, 1.242439)
(-34.25328, -15.13739, 2.01465)
(-28.09779, -19.23433, -4.221195)
(-39.08797, -25.25949, -3.601666)
(-20.87822, -41.47264, -9.107478)
(-22.11074, -42.9498, -7.57262)
(-19.6185, -55.25173, -2.215805)
(0, 0, 0)
