(-86.45778, 2.521086, 37.06884)
(-86.47206, 2.437186, 37.19044)
(-86.60851, 2.527976, 37.04364)
(-86.7121, 2.605724, 36.98506)
(-86.81965, 2.855444, 36.57646)
(-86.81965, 2.855444, 36.57646)
(-86.77072, 2.837157, 36.52081)
(-86.56767, 2.774763, 36.64117)
(-86.52994, 2.695417, 36.73141)
(-86.60185, 2.632594, 36.79123)
(-86.71229, 2.66974, 36.82285)
(-86.78026, 2.693915, 36.83624)
(-86.84377, 2.71287, 36.84068)
(-86.8263, 2.728224, 36.76529)
(-86.79935, 2.696991, 36.75182)
(-86.76724, 2.718115, 36.73091)
(-86.72458, 2.702403, 36.71446)
(-86.72273, 2.690697, 36.66563)
(-86.72841, 2.689457, 36.64789)
(-86.76684, 2.690697, 36.66138)
(-86.75301, 2.691531, 36.65814)
(-86.75739, 2.694798, 36.68959)
(-86.80079, 2.724576, 36.70592)
(-86.79585, 2.716422, 36.72309)
(-86.80846, 2.722454, 36.71727)
(-86.7681, 2.735019, 36.66647)
(-86.7681, 2.735019, 36.66647)
(-86.77779, 2.72789, 36.65285)
(-86.7807, 2.741957, 36.6457)
(-86.78445, 2.737975, 36.65628)
(-86.78017, 2.727008, 36.64722)
(-86.76624, 2.721572, 36.63919)
(-86.73185, 2.731633, 36.60994)
(-86.70657, 2.741718, 36.57432)
(-86.71099, 2.743435, 36.58061)
(-86.72176, 2.76289, 36.6086)
(-86.7599, 2.756643, 36.63621)
(-86.82124, 2.733994, 36.69038)
(-86.85307, 2.726293, 36.69927)
(-86.86697, 2.731299, 36.71174)
(-86.83717, 2.742648, 36.67922)
(-86.81471, 2.739215, 36.64351)
(-86.79097, 2.747965, 36.61485)
(-86.74855, 2.710915, 36.62019)
(-86.78391, 2.719188, 36.66539)
(-86.79971, 2.716112, 36.67722)
(-86.81277, 2.702355, 36.68942)
(-86.82845, 2.699471, 36.70792)
(-86.82942, 2.699947, 36.70583)
(-86.84163, 2.702117, 36.70912)
