(327.8597, 182.575, 354.7979)
(335.0427, 183.9785, 355.4144)
(320.5583, 175.6169, 7.538592)
(322.3269, 176.7665, 6.820517)
(321.6808, 188.1007, 7.331341)
(319.1881, 181.9399, 12.49402)
(320.5711, 179.1654, 13.41826)
(320.3504, 179.2509, 13.42075)
(319.6877, 179.9005, 12.55114)
(318.986, 179.7985, 12.51114)
(318.8537, 179.295, 12.77596)
(318.9885, 178.094, 13.48682)
(319.0992, 177.6781, 13.55369)
(319.1534, 177.6963, 13.10092)
(319.0171, 177.7057, 12.62735)
(318.806, 177.8909, 10.94557)
(318.9302, 177.8306, 10.23537)
(319.5528, 177.5484, 8.715514)
(319.5528, 177.5484, 8.715514)
(320.6174, 176.9314, 7.034877)
(321.2308, 176.6911, 6.200246)
(321.8184, 176.4287, 5.392207)
(322.1871, 176.0321, 4.51981)
(322.95, 175.8026, 2.578525)
(323.5869, 175.8269, 1.615659)
(324.1586, 175.956, 0.6848953)
(324.1586, 175.956, 0.6848953)
(325.3253, 175.8908, 358.8947)
(325.5078, 175.7598, 357.9007)
(326.1189, 175.7757, 355.7236)
(326.7826, 176.0163, 354.3975)
(328.2872, 176.8197, 352.5392)
(329.5711, 177.9677, 348.9724)
(329.1825, 177.1659, 348.2027)
(329.1825, 177.1659, 348.2027)
(330.0795, 175.6002, 348.7133)
(331.4613, 175.0813, 349.5173)
(332.0504, 174.7247, 350.3116)
(331.3358, 174.2957, 350.8488)
(319.9788, 176.0522, 349.181)
(316.5838, 179.7416, 345.5294)
(314.5812, 183.8184, 340.1917)
(314.5812, 183.8184, 340.1917)
