(300.8258, 329.5314, 50.2233)
(301.7414, 329.2326, 50.49099)
(302.1304, 329.2931, 50.42904)
(302.1279, 329.642, 50.18416)
(301.9206, 329.6093, 50.21439)
(301.2325, 329.3078, 50.30732)
(300.9987, 329.256, 50.3726)
(301.0716, 329.1895, 50.43)
(301.2389, 329.2644, 50.36046)
(301.4704, 329.4205, 50.30749)
(301.5942, 329.42, 50.34301)
(301.6588, 329.361, 50.43975)
(301.692, 328.8582, 50.86695)
(301.4561, 328.8244, 50.6195)
(301.1158, 329.5328, 50.06737)
(301.1187, 329.4984, 49.98091)
(301.1795, 329.2031, 50.27427)
(301.3129, 329.1691, 50.44289)
(301.4191, 329.0777, 50.56443)
(301.5365, 329.1653, 50.50724)
(301.4888, 329.309, 50.29691)
(301.3729, 329.5108, 50.14548)
(301.3762, 329.2503, 50.34627)
(301.1888, 329.2852, 50.23289)
(301.1487, 329.3611, 50.25322)
(301.2732, 329.1328, 50.35643)
(301.2761, 329.3038, 50.28819)
(301.3849, 329.3751, 50.2654)
(301.4531, 329.2876, 50.30473)
(301.3176, 329.3532, 50.26855)
(301.168, 329.1502, 50.38739)
(301.1435, 329.2461, 50.21926)
(301.2567, 329.5307, 50.04528)
(301.3253, 329.343, 50.20249)
(301.4329, 329.0133, 50.4969)
(301.199, 329.0868, 50.40648)
(301.1248, 329.2283, 50.29693)
(301.1594, 329.1742, 50.30259)
(301.2146, 329.3175, 50.20292)
