(-20.0333, 2.689624, 110.1095)
(-20.10229, 2.905893, 110.8746)
(-20.08627, 3.717184, 112.213)
(-20.30379, 3.959012, 113.3254)
(-20.39285, 4.520392, 114.3218)
(-20.6262, 5.361462, 115.6027)
(-20.95215, 6.060958, 116.9029)
(-21.81488, 7.006669, 119.3864)
(-22.36238, 7.771778, 121.3003)
(-22.90304, 9.525037, 124.041)
(-23.75727, 11.31296, 126.7485)
(-23.88654, 12.97913, 128.4869)
(-23.91838, 13.92727, 130.0438)
(-24.16219, 15.41929, 133.9523)
(-24.57866, 16.05878, 135.8056)
(-24.89818, 16.76981, 137.5182)
(-25.1196, 17.44425, 139.3146)
(-25.30989, 18.01734, 140.9413)
(-25.52948, 18.68315, 142.5381)
(-25.59431, 19.42475, 144.4029)
(-25.67304, 19.94278, 145.7494)
(-25.83402, 21.30547, 148.7774)
(-25.93819, 21.88671, 150.2034)
(-26.07998, 22.48738, 151.8592)
(-26.15287, 22.80142, 152.9736)
(-26.44861, 23.53428, 155.5444)
(-26.55908, 24.02124, 156.7679)
(-26.62193, 24.39606, 157.7432)
(-26.66158, 24.70403, 158.8626)
(-26.71139, 24.9361, 159.8085)
(-26.73807, 25.07517, 160.6927)
(-26.72881, 25.17314, 161.6783)
(-26.71077, 25.16274, 162.5192)
(-26.65545, 25.01709, 163.3109)
(-26.62001, 24.8493, 164.0462)
(-26.63017, 24.63622, 164.8703)
(-26.74814, 24.21994, 166.1104)
(-26.80913, 23.88473, 166.7758)
(-26.82106, 23.49977, 167.3423)
(-26.8671, 23.14751, 167.9863)
(-26.95417, 22.63722, 168.5636)
(-26.94759, 22.10348, 169.0274)
(-27.04972, 21.46254, 169.6711)
(-27.15142, 21.01004, 169.9816)
(-27.2161, 19.89067, 170.8459)
(-27.30699, 19.27106, 171.3102)
(-27.24748, 18.68427, 171.6511)
(-27.22846, 18.12308, 172.1757)
(-27.22037, 17.50085, 172.6378)
(-27.18865, 17.04316, 173.0464)
(-27.15838, 16.41438, 173.6601)
(-27.18378, 15.93878, 173.9782)
(-27.15278, 14.66224, 175.0357)
(-27.19767, 14.03952, 175.5443)
(-27.18556, 13.42549, 176.0651)
(-27.1664, 12.82451, 176.5983)
(-27.14557, 12.15498, 177.1055)
(-27.08496, 11.55386, 177.6217)
(-27.07071, 10.96199, 178.1572)
(-27.05835, 10.32643, 178.7446)
(-27.02371, 9.278798, 180.067)
(-27.01527, 8.774877, 180.7791)
(-26.94404, 8.289099, 181.3939)
(-26.82363, 7.714725, 182.096)
(-26.69904, 7.062888, 182.7806)
(-26.55725, 6.456923, 183.4709)
(-26.42417, 5.3056, 185.0344)
(-26.42417, 5.3056, 185.0344)
(-26.38115, 4.937673, 185.5849)
(-26.39862, 4.184127, 186.9669)
(-26.41791, 4.088283, 187.4659)
(-26.26855, 3.65963, 188.4969)
(-26.02905, 3.407025, 188.9836)
(-25.44577, 2.831841, 189.8992)
(-25.2672, 2.629185, 190.1891)
(-25.09502, 2.347994, 190.4772)
(-24.86708, 1.962876, 190.7495)
(-24.74092, 1.510358, 190.9001)
