(-10716.85, 51.47204, -1303.474)
(127.6282, 42.01629, -15.99258)
(165.7349, 100.8754, -22.04007)
(137.4937, 79.90961, -8.260577)
(202.0083, 40.31354, 6.710925)
(180.9938, 21.83124, 8.79499)
(206.8383, 30.81902, 2.339029)
(247.8655, 8.198771, 6.795468)
(172.2507, 15.66352, -2.123836)
(233.5686, -2.786301, 4.748864)
(229.5694, 7.057006, 5.570946)
(232.0807, -21.7447, 2.424892)
(240.1875, -17.59734, 3.843342)
(242.9397, -32.28402, 6.088235)
(217.9444, -29.7354, 6.060103)
(263.4625, -40.77322, 15.62018)
(239.7603, -31.67463, 16.23078)
(227.9262, -18.64667, 27.68077)
(253.7019, -7.476429, 37.56278)
(206.4568, 7.706683, 25.47283)
(202.2354, 26.16171, 28.90889)
(194.7769, 37.0077, 16.22236)
(226.4274, 59.34968, -21.74948)
(119.2746, 35.94188, -23.24703)
(119.8453, 27.41178, -31.06012)
(76.36384, 8.545807, -12.33379)
(73.32113, 4.347423, -12.49671)
(52.90426, -8.656536, -17.14724)
(48.2799, -19.5912, -13.62931)
(19.50901, -45.71663, -5.0493)
(10.96834, -63.895, -4.926087)
(-7.51824, -86.95034, 0.4582717)
(25.86192, -53.76779, -3.092288)
(89.16135, -16.73137, 6.243346)
(34.60297, -19.31455, -0.5109382)
(-13.25734, -47.97729, 5.863235)
(6.077786, -37.23113, 11.74886)
(36.43787, -34.89215, 60.38037)
(0, 0, 0)
(1.486415, -16.8975, 1.699233)
(16.9923, -21.0798, 2.703722)
(12.66648, -11.72005, 3.418015)
(-1.716603, 12.28293, -0.6374106)
(-10.25375, -20.37158, 9.012692)
(8.72486, 8.147133, 4.844851)
(5.328704, -4.713541, 6.075604)
(-1.99123, -8.809683, 1.894685)
