(0.1756725, -0.1942761, 0.2982643)
(0.1753902, -0.1940627, 0.2984843)
(0.1753769, -0.1940963, 0.2985306)
(0.1753702, -0.194005, 0.2985139)
(0.1748133, -0.1935437, 0.2990286)
(0.1745067, -0.1934147, 0.2988298)
(0.1742883, -0.1933649, 0.2987003)
(0.173768, -0.1930001, 0.2991219)
(0.1737788, -0.1929781, 0.2994938)
(0.1737761, -0.1930273, 0.2996297)
(0.1736567, -0.1927075, 0.2995639)
(0.1735845, -0.1926086, 0.2995148)
(0.1735725, -0.1925788, 0.2995374)
(0.1735034, -0.1922002, 0.3000822)
(0.1736529, -0.1921229, 0.3003328)
(0.1738, -0.1916058, 0.3005083)
(0.1741142, -0.191057, 0.3005762)
(0.1748471, -0.1903899, 0.3005052)
(0.1752763, -0.1899161, 0.300591)
(0.175921, -0.189292, 0.3006446)
(0.1764104, -0.1887784, 0.300873)
(0.1766486, -0.1874738, 0.3007569)
(0.1771154, -0.1856997, 0.3006132)
(0.1772115, -0.1825747, 0.2998455)
(0.1750731, -0.1758494, 0.2970791)
(0.1730559, -0.1695774, 0.2956386)
(0.1748772, -0.1586702, 0.2962499)
(0.1749327, -0.1490476, 0.2967901)
(0.174742, -0.1391511, 0.2968249)
(0.1740429, -0.128653, 0.2969098)
(0.1716571, -0.1155734, 0.2979999)
(0.1706092, -0.1008532, 0.3009195)
(0.1706953, -0.08413196, 0.304584)
(0.1697729, -0.06483293, 0.3099501)
(0.170887, -0.04810548, 0.3150935)
(0.1725256, -0.03193235, 0.3209639)
(0.173228, -0.01481485, 0.3295891)
(0.1767032, 0.002549648, 0.3357079)
(0.1794775, 0.01904607, 0.3456609)
(0.181514, 0.03180861, 0.3541665)
(0.1828475, 0.0497973, 0.3659463)
(0.1849663, 0.0624342, 0.3780489)
(0.1870964, 0.0745635, 0.391567)
(0.1891673, 0.08892322, 0.4044995)
(0.191442, 0.09789276, 0.4187393)
(0.1942816, 0.1057398, 0.4335401)
(0.1970706, 0.1145709, 0.4478483)
(0.1990583, 0.121273, 0.4626944)
(0.2010167, 0.1247206, 0.4799516)
(0.2045527, 0.1295264, 0.4930215)
(0.2064941, 0.1319723, 0.5091789)
(0.2084227, 0.1365066, 0.5305636)
(0.2114975, 0.1381083, 0.5454078)
(0.214051, 0.1379223, 0.5612504)
(0.2159221, 0.140033, 0.5814774)
(0.2171125, 0.1402323, 0.5987837)
(0.2192056, 0.1382792, 0.613461)
(0.2213919, 0.1380315, 0.6297555)
(0.2205727, 0.137532, 0.645853)
(0.2224631, 0.135077, 0.6570184)
(0.2246945, 0.1339326, 0.6715848)
(0.2238536, 0.1326921, 0.6861238)
(0.227129, 0.128305, 0.6939921)
(0.2313001, 0.1243241, 0.7019913)
(0.2272265, 0.1254461, 0.7121878)
(0.2287371, 0.1222703, 0.7167187)
(0.2281761, 0.1207759, 0.7210531)
(0.2263203, 0.1167958, 0.7270832)
(0.2292669, 0.1102116, 0.7290895)
(0.2302217, 0.1071877, 0.7303677)
(0.2328231, 0.1023526, 0.7295365)
(0.2396965, 0.1048687, 0.7317424)
(0.2345374, 0.1158381, 0.7273693)
(0.2320981, 0.1181502, 0.7258801)
(0.2317874, 0.1189067, 0.7267871)
(0.2360585, 0.112078, 0.7294221)
(0.2334139, 0.1082563, 0.7358205)
(0.2306285, 0.1073351, 0.7439208)
(0.2276061, 0.1070681, 0.7479177)
(0.2275896, 0.1082692, 0.7460117)
(0.2314732, 0.1106811, 0.743834)
(0.2276645, 0.1142211, 0.7418983)
(0.227422, 0.1141858, 0.7378156)
(0.2265303, 0.1138194, 0.7386742)
(0.2239013, 0.1154535, 0.7438467)
(0.2232165, 0.1143827, 0.7458951)
(0.2228358, 0.1143935, 0.7486806)
(0.2207839, 0.115797, 0.7493768)
(0.2217138, 0.1178384, 0.7481222)
(0.2216218, 0.1184459, 0.7477851)
(0.2195818, 0.119822, 0.7479882)
(0.2190709, 0.1201634, 0.7482281)
(0.2181907, 0.1203701, 0.7492144)
(0.2173648, 0.1200781, 0.7497101)
(0.2185507, 0.1195984, 0.7490516)
(0.2179821, 0.1207349, 0.7499094)
(0.2170222, 0.121537, 0.7503996)
(0.2161651, 0.1217844, 0.7509375)
(0.2156098, 0.1221395, 0.7515006)
(0.2152286, 0.1226459, 0.7516284)
(0.2151101, 0.123183, 0.7521269)
(0.2146964, 0.1239469, 0.7524276)
(0.2140234, 0.1245692, 0.7528381)
(0.2131975, 0.1250384, 0.7534971)
(0.2126806, 0.1254833, 0.7539546)
(0.2123163, 0.1262236, 0.7547657)
(0.2116449, 0.1268828, 0.7554755)
(0.2110078, 0.1274185, 0.7558017)
(0.2105, 0.1281075, 0.7567451)
(0.2097168, 0.1286478, 0.7571383)
(0.2090991, 0.129123, 0.757585)
(0.2090197, 0.1296315, 0.7582483)
(0.2086518, 0.130214, 0.7587814)
(0.2081287, 0.1309383, 0.759727)
(0.2075446, 0.1315825, 0.760556)
(0.2067335, 0.1322799, 0.7613809)
(0.2061527, 0.1329207, 0.7617443)
(0.2054904, 0.1335604, 0.7619424)
(0.2042775, 0.1345334, 0.7629399)
(0.2036965, 0.1351614, 0.7633054)
(0.2033374, 0.1357903, 0.7635243)
(0.2025192, 0.1368225, 0.7640309)
(0.2020092, 0.137466, 0.7637148)
(0.2014327, 0.1381018, 0.763236)
(0.2002211, 0.1390681, 0.7642758)
(0.1996825, 0.1394675, 0.7652156)
(0.1988413, 0.1400933, 0.7663698)
(0.1972001, 0.141269, 0.7686093)
(0.1967695, 0.1416175, 0.7692912)
(0.1951382, 0.1426387, 0.7707324)
(0.1938951, 0.1435828, 0.7716329)
(0.1928513, 0.1442537, 0.7722015)
(0.1921861, 0.1445806, 0.7726648)
(0.1908574, 0.1458755, 0.774272)
(0.19029, 0.1469877, 0.7741609)
(0.1897709, 0.1477206, 0.7742858)
(0.1892202, 0.1480603, 0.7746041)
(0.1884389, 0.1484697, 0.7752528)
(0.1879263, 0.1483543, 0.7757962)
(0.1869555, 0.1488893, 0.7771914)
(0.1863914, 0.1491446, 0.7780941)
(0.1862826, 0.1498466, 0.7789834)
(0.1863182, 0.1507616, 0.7793443)
(0.1861813, 0.1516163, 0.7801387)
(0.1859236, 0.1525087, 0.7810044)
(0.185518, 0.1531706, 0.7825613)
(0.1851704, 0.1540891, 0.7842724)
(0.1846173, 0.1553004, 0.7863998)
(0.1839633, 0.156749, 0.7883108)
(0.1833715, 0.158643, 0.790293)
(0.1836653, 0.1614712, 0.7914121)
(0.1843257, 0.1647038, 0.7924902)
(0.1839614, 0.1683817, 0.7946877)
(0.1816089, 0.1709597, 0.8028581)
(0.1781273, 0.1777375, 0.8101079)
(0.1741567, 0.1906309, 0.8113294)
(0.1690443, 0.2104862, 0.8057709)
(0.1647277, 0.2290193, 0.8088503)
(0.1642504, 0.2454356, 0.8022957)
(0.1708231, 0.2640446, 0.7988124)
(0.1774127, 0.2704922, 0.7843654)
(0.1773815, 0.2934357, 0.7797854)
(0.1791651, 0.313074, 0.7748966)
(0.2118285, 0.2897619, 0.7371013)
(0.2108603, 0.3096905, 0.7399306)
(0.2221637, 0.3141228, 0.7259545)
(0.2293091, 0.3265228, 0.7221727)
(0.231272, 0.3447444, 0.7257595)
(0.2322774, 0.3613869, 0.7334549)
(0.2306461, 0.3839124, 0.7460654)
(0.2340932, 0.3969517, 0.7561345)
(0.2429984, 0.3998994, 0.7582908)
(0.2396348, 0.4196301, 0.7758529)
(0.2426691, 0.4243152, 0.7874737)
(0.248244, 0.4240284, 0.7960625)
(0.2490611, 0.4307474, 0.8101578)
(0.2509921, 0.431993, 0.823693)
(0.2520177, 0.4346668, 0.8420906)
(0.257216, 0.4333181, 0.8516517)
(0.2584386, 0.4311495, 0.866246)
(0.2582777, 0.4311393, 0.8855007)
(0.261765, 0.4267416, 0.8977222)
(0.2628684, 0.4220077, 0.913321)
(0.2626102, 0.4184867, 0.9328539)
(0.2638881, 0.4131029, 0.948822)
(0.2649364, 0.4081804, 0.9644349)
(0.2673345, 0.4020653, 0.9798038)
(0.2645071, 0.3999079, 0.9977016)
(0.2645068, 0.3958607, 1.010597)
(0.2679195, 0.3886621, 1.019654)
(0.2646656, 0.3867633, 1.03552)
(0.2670798, 0.3818207, 1.045465)
(0.2735734, 0.373639, 1.049998)
(0.2717736, 0.3705962, 1.062263)
(0.2740078, 0.3669204, 1.065809)
(0.2779033, 0.3599035, 1.063061)
(0.276865, 0.3542888, 1.067591)
(0.2810986, 0.3470699, 1.068872)
(0.2845042, 0.3463402, 1.066418)
(0.2772276, 0.3541756, 1.06575)
(0.2715235, 0.3573487, 1.064162)
(0.2723067, 0.3527763, 1.060041)
(0.2732179, 0.3471068, 1.058168)
(0.2749758, 0.3439617, 1.058927)
(0.2769344, 0.3452911, 1.063286)
(0.2778325, 0.3495843, 1.067484)
(0.2789586, 0.3497896, 1.069278)
(0.2771027, 0.3486248, 1.069683)
(0.2759786, 0.3496054, 1.07043)
(0.2733126, 0.3493376, 1.068875)
(0.2730412, 0.3475988, 1.063506)
(0.2728901, 0.3490362, 1.062176)
(0.2726302, 0.3482364, 1.061595)
(0.2750616, 0.3462237, 1.060053)
(0.2757721, 0.3472072, 1.060943)
(0.2758594, 0.3477308, 1.061938)
(0.2751868, 0.3479719, 1.063857)
(0.2763886, 0.3455451, 1.061024)
(0.2755115, 0.3455576, 1.06082)
(0.2767117, 0.3436923, 1.057597)
(0.2768953, 0.3441616, 1.056505)
(0.277029, 0.3442489, 1.056187)
(0.2792449, 0.3427569, 1.055006)
(0.2789865, 0.3426807, 1.055738)
(0.2788084, 0.3425653, 1.056211)
(0.2807212, 0.3402747, 1.05432)
(0.2805498, 0.3403354, 1.054285)
(0.280386, 0.3406477, 1.053991)
(0.2821839, 0.3390412, 1.05195)
(0.2820189, 0.3387879, 1.052137)
(0.2821565, 0.3387187, 1.052371)
