(-5915.485, 168.5372, 1253.857)
(-6.476397, 76.47363, -0.7246795)
(-17.71223, 72.8024, -5.696771)
(-12.59861, 61.13291, -4.007171)
(-5.691901, 78.75153, 0.5906315)
(-12.36438, 93.36161, 1.104823)
(-14.24321, 92.48837, 4.766234)
(-26.57522, 166.3466, 2.263456)
(0, 0, 0)
(-25.7415, 125.4793, -2.135874)
(-39.60737, 148.266, -5.660299)
(-41.31059, 123.0472, -6.317272)
(-33.73486, 102.563, -4.389028)
(-51.59545, 98.36948, -7.801762)
(-38.3493, 95.44849, -0.4347707)
(-60.39737, 88.68355, -4.498836)
(-63.81321, 77.08817, -3.089321)
(-54.52636, 56.23389, -0.1633671)
(-76.49181, 79.10208, 5.482142)
(-89.29413, 78.51219, 1.070425)
(-87.0354, 50.8415, 4.787039)
(-77.32334, 54.13405, 11.23651)
(-83.69626, 36.2013, 6.028103)
(-90.97921, 46.6722, 9.804625)
(-94.60963, 24.27705, 8.397903)
(-84.37138, 16.43683, 6.950954)
(-75.37611, 8.568695, 7.924508)
(-105.757, -1.460142, 9.925206)
(-140.5523, -2.352525, 14.39896)
(-102.0719, -20.84669, 11.22539)
(-110.3283, -26.6831, 14.86355)
(-71.28562, -21.00015, 9.218237)
(-129.527, -30.05104, 12.22454)
(-104.3089, -30.76898, 13.80062)
(-78.0331, -30.38279, 9.651195)
(-83.53712, -34.6336, 8.511482)
(-107.0883, -47.81013, 16.44912)
(-90.6249, -46.30115, 13.64386)
(-86.28307, -42.52877, 10.10856)
(-86.32365, -48.0852, 4.118337)
(-63.61349, -42.11917, 5.049479)
(-109.7077, -59.91301, 0.8530388)
(-64.20602, -32.66332, 0.3949727)
(-87.04245, -38.31615, -5.94317)
(0, 0, 0)
(-68.20972, -28.82483, 2.38975)
(-54.89048, -40.36219, 7.598309)
(-32.91351, -22.02501, 8.407209)
(-31.4934, -29.58531, 8.134904)
(-30.80725, -34.46775, 11.59762)
(-22.09093, -34.13188, 12.91189)
(-21.69258, -37.71971, 12.02912)
(-14.11796, -30.44814, 10.4766)
(-10.82883, -26.27871, 5.624052)
(-14.51778, -29.84794, 10.84959)
(-2.978748, -20.8765, 1.65107)
(-9.559273, -21.03592, 0.9839752)
(-1.841053, -11.65568, 5.680903)
