(0.1225767, -0.1450932, 0.08361983)
(0.1225791, -0.1450987, 0.08359337)
(0.1225593, -0.1450796, 0.0835942)
(0.1225612, -0.1450839, 0.08362269)
(0.1225481, -0.1450021, 0.08371735)
(0.1224597, -0.1450043, 0.08367813)
(0.1225371, -0.1449337, 0.08369493)
(0.1226444, -0.1450284, 0.08359766)
(0.1226289, -0.145041, 0.08357453)
(0.1226022, -0.1451294, 0.08365047)
(0.1225345, -0.1451371, 0.08355272)
(0.1224294, -0.1451678, 0.08347905)
(0.1224077, -0.1452501, 0.08353162)
(0.1224098, -0.1451573, 0.08371353)
(0.1222796, -0.1452022, 0.08364725)
(0.1224024, -0.1450107, 0.08349991)
(0.1224728, -0.1451306, 0.08330107)
(0.1226802, -0.1451468, 0.08337736)
(0.1226707, -0.1452298, 0.08343935)
(0.1227074, -0.1452482, 0.08339655)
(0.1225836, -0.1451113, 0.08349204)
(0.1225526, -0.1452196, 0.08355701)
(0.1225824, -0.1452193, 0.08358192)
(0.122685, -0.14517, 0.08368361)
(0.1228848, -0.1449082, 0.08347833)
(0.1230221, -0.1449296, 0.0834887)
(0.1230335, -0.1449273, 0.08344281)
(0.1229572, -0.1451275, 0.08361065)
(0.122941, -0.1451333, 0.08352053)
(0.122865, -0.1451244, 0.08349752)
(0.1229556, -0.1450243, 0.08340728)
(0.1228809, -0.1449242, 0.08337212)
(0.1228392, -0.1449416, 0.08329713)
(0.1228161, -0.1450975, 0.08337033)
(0.1229022, -0.1450558, 0.08349919)
(0.1230016, -0.145139, 0.08344603)
(0.1230278, -0.1451378, 0.08345664)
(0.1231275, -0.1451926, 0.08349562)
(0.1232059, -0.1452484, 0.08348644)
(0.1233835, -0.1451294, 0.08336985)
(0.1233976, -0.1450524, 0.08348095)
(0.1234317, -0.1450498, 0.08345711)
(0.1234226, -0.1451888, 0.0835222)
(0.1234255, -0.1452081, 0.08344185)
(0.1232536, -0.1452782, 0.08336914)
(0.1232085, -0.1452925, 0.08337355)
(0.1231959, -0.1453443, 0.08337009)
(0.1233025, -0.1453362, 0.08343518)
(0.1232781, -0.1453953, 0.08346736)
(0.1233406, -0.1453068, 0.0837512)
(0.1231127, -0.1453843, 0.08362198)
(0.1233985, -0.1453023, 0.08414304)
(0.1233852, -0.1453187, 0.08419943)
(0.1231062, -0.1454308, 0.08401084)
(0.1228569, -0.1457415, 0.0842737)
(0.1227853, -0.1458151, 0.0842936)
(0.1226997, -0.1458693, 0.08435488)
(0.1227491, -0.145777, 0.08430243)
(0.1227202, -0.1458271, 0.08433032)
(0.1224787, -0.1458282, 0.0843488)
(0.1225178, -0.1455712, 0.08418524)
(0.1224961, -0.145642, 0.08416843)
(0.1222281, -0.1456368, 0.08407259)
(0.1221597, -0.145298, 0.08388567)
(0.1219578, -0.1452224, 0.08395112)
(0.1218979, -0.1452169, 0.08397472)
(0.1218619, -0.145087, 0.08391142)
(0.1220493, -0.1451566, 0.08382905)
(0.1222835, -0.1450903, 0.08386898)
(0.1220479, -0.1452875, 0.08416104)
(0.1219535, -0.1452825, 0.08407021)
(0.1216938, -0.1452978, 0.08399558)
(0.1216607, -0.145231, 0.08388805)
(0.1214147, -0.1449993, 0.08386493)
(0.1211743, -0.1447985, 0.0838505)
(0.1210032, -0.1448441, 0.08387661)
(0.1208463, -0.144798, 0.08374035)
(0.1207061, -0.1447623, 0.08363974)
(0.120857, -0.1445181, 0.08350539)
(0.1208744, -0.1445107, 0.08341444)
(0.1208458, -0.1445181, 0.08334208)
(0.1209326, -0.1443636, 0.08317447)
(0.1209838, -0.1444175, 0.08316064)
(0.121053, -0.1443942, 0.08315086)
(0.1208732, -0.144583, 0.08334982)
(0.1209154, -0.1445143, 0.08348322)
(0.1208458, -0.1444418, 0.08344364)
(0.1208749, -0.1442208, 0.08356225)
(0.1205738, -0.1437452, 0.083691)
(0.1203482, -0.1433759, 0.08368266)
(0.1203547, -0.1430523, 0.08369803)
(0.1205459, -0.142875, 0.08365107)
(0.1206496, -0.1426592, 0.08381295)
(0.1204488, -0.1425986, 0.08402944)
(0.1203959, -0.1424375, 0.08409977)
(0.1203949, -0.1423001, 0.08406544)
(0.1202784, -0.1422551, 0.08393586)
(0.1202033, -0.1422029, 0.08403718)
(0.1201155, -0.1422174, 0.08416831)
(0.1200082, -0.1421895, 0.08415151)
(0.1199994, -0.1421144, 0.08412087)
(0.1203511, -0.1424792, 0.08352506)
(0.1203132, -0.142334, 0.08327961)
(0.1199536, -0.1419342, 0.0830307)
(0.1201241, -0.1418512, 0.08296514)
(0.1202357, -0.1417551, 0.08299708)
(0.1198993, -0.1415017, 0.08316922)
(0.1199691, -0.1417162, 0.0832299)
(0.1199577, -0.1419003, 0.08327341)
(0.1199217, -0.1420724, 0.08309662)
(0.1199634, -0.1419828, 0.08305025)
(0.1199634, -0.1421766, 0.08308148)
(0.1199276, -0.1422575, 0.08304107)
(0.1198337, -0.1423697, 0.08317113)
(0.1197653, -0.142545, 0.08309603)
(0.1196079, -0.1425312, 0.08311188)
(0.1195464, -0.1425872, 0.08305955)
(0.1195707, -0.1427796, 0.08312428)
(0.1197014, -0.1429932, 0.08318329)
(0.1198223, -0.1432848, 0.08327389)
(0.1198235, -0.1435726, 0.0832926)
(0.1197121, -0.143929, 0.08311629)
(0.1195021, -0.1442254, 0.08303022)
(0.1194181, -0.1447093, 0.0831089)
(0.1194754, -0.1449454, 0.08317089)
(0.1196358, -0.1452119, 0.08326828)
(0.1200123, -0.1454487, 0.0834434)
(0.1202807, -0.1456273, 0.08338022)
(0.1203899, -0.145777, 0.08319247)
(0.1206493, -0.145937, 0.0829742)
(0.1208608, -0.1461496, 0.08291173)
(0.1210287, -0.1458757, 0.08318985)
(0.1209221, -0.1459787, 0.08318377)
(0.1207891, -0.1463482, 0.08341503)
(0.1209016, -0.1465404, 0.08342218)
(0.1209552, -0.146647, 0.08351016)
(0.1210921, -0.1465237, 0.08341587)
(0.1211796, -0.14658, 0.08345246)
(0.1212845, -0.1466613, 0.08359301)
(0.1213555, -0.1467414, 0.08367586)
(0.1213536, -0.1467397, 0.08380938)
(0.1213367, -0.1468713, 0.08384836)
(0.1215508, -0.1466711, 0.08376014)
(0.1216302, -0.1465764, 0.08420849)
(0.1218405, -0.1469541, 0.08418429)
(0.1217732, -0.1470435, 0.0847826)
(0.1216872, -0.1471245, 0.08509636)
(0.1212726, -0.1466472, 0.08540261)
(0.1208937, -0.1461365, 0.08632934)
(0.1205053, -0.1459045, 0.08685732)
(0.1202612, -0.1454148, 0.0877502)
(0.1200829, -0.1447737, 0.08911788)
(0.1199701, -0.1437325, 0.09087348)
(0.1195793, -0.1434867, 0.09304059)
(0.1191483, -0.1430879, 0.09497976)
(0.1180475, -0.1426966, 0.09946609)
(0.1166205, -0.1422429, 0.103054)
(0.1145029, -0.1389091, 0.1083422)
(0.1124482, -0.1363254, 0.1121831)
(0.1081815, -0.1280308, 0.1180686)
(0.1043181, -0.1227133, 0.1229705)
(0.09818721, -0.1166463, 0.1316795)
(0.09085846, -0.1137607, 0.1410096)
(0.08649993, -0.1078329, 0.1447448)
(0.08530855, -0.09309983, 0.1539122)
(0.08193302, -0.08003402, 0.1589613)
(0.08143067, -0.06215549, 0.1791121)
(0.07544088, -0.04845285, 0.1858063)
(0.07124186, -0.03783059, 0.196577)
(0.06788874, -0.02252626, 0.2051401)
(0.06344104, -0.003811836, 0.2142223)
(0.06057477, 0.01273561, 0.2241088)
(0.06022191, 0.03285551, 0.2342589)
(0.05884767, 0.05210543, 0.2452587)
(0.0597589, 0.06924939, 0.2575808)
(0.05993176, 0.08589053, 0.2696297)
(0.06241226, 0.09938574, 0.2830951)
(0.06519866, 0.1137004, 0.2957871)
(0.07025576, 0.127043, 0.3135464)
(0.07429051, 0.1394236, 0.3286576)
(0.07989383, 0.1510112, 0.3437157)
(0.08398032, 0.160109, 0.3592539)
(0.08854055, 0.1664541, 0.3737922)
(0.09277606, 0.1730037, 0.388252)
(0.09525514, 0.181016, 0.4047115)
(0.0981729, 0.1876614, 0.4214444)
(0.1025498, 0.1952727, 0.4361229)
(0.1070821, 0.2024133, 0.4533148)
(0.1121719, 0.2078185, 0.469496)
(0.1165776, 0.2120458, 0.4853771)
(0.1214347, 0.2138834, 0.501395)
(0.1263206, 0.2144604, 0.5169518)
(0.1303186, 0.2136151, 0.5323534)
(0.1337368, 0.2135906, 0.5470626)
(0.1365099, 0.2120229, 0.5607958)
(0.13939, 0.2102834, 0.574774)
(0.1437941, 0.2075299, 0.5881362)
(0.1493857, 0.2055656, 0.600774)
(0.1552312, 0.2029501, 0.6133204)
(0.1609647, 0.2008632, 0.6249192)
(0.1667895, 0.1977532, 0.6350107)
(0.170166, 0.1941557, 0.6457839)
(0.174288, 0.1907477, 0.6545393)
(0.1761026, 0.1871148, 0.6619995)
(0.1776013, 0.1820855, 0.6709945)
(0.1812737, 0.1767334, 0.6776865)
(0.1840942, 0.1727819, 0.683336)
(0.1866257, 0.1685178, 0.6888499)
(0.189543, 0.1653017, 0.6939399)
(0.192596, 0.1608933, 0.6975992)
(0.193372, 0.1564082, 0.7015824)
(0.1954131, 0.1519351, 0.7052906)
(0.1963124, 0.1483431, 0.7079852)
(0.1980302, 0.1444235, 0.7115862)
(0.2013569, 0.1400907, 0.7136714)
(0.203572, 0.1370401, 0.7161295)
(0.2053621, 0.1342647, 0.719044)
(0.2067666, 0.1316667, 0.7214622)
(0.2078378, 0.1282129, 0.7230306)
(0.2077205, 0.1250029, 0.7242024)
(0.2085788, 0.1221721, 0.7260907)
(0.2089784, 0.1200447, 0.7281544)
(0.2102933, 0.1180253, 0.7299855)
(0.2118039, 0.1152956, 0.7321002)
(0.2137828, 0.1120968, 0.7334542)
(0.2157831, 0.1113908, 0.7347784)
(0.2176721, 0.1108851, 0.7346323)
(0.2198327, 0.1118536, 0.7344656)
(0.2199209, 0.1096334, 0.7323134)
(0.2173541, 0.111901, 0.7305777)
(0.2145376, 0.1144021, 0.7277417)
(0.2125764, 0.1131275, 0.7279541)
(0.2123749, 0.1106639, 0.7283745)
(0.2123466, 0.1077323, 0.7305222)
(0.2129574, 0.106163, 0.7324772)
(0.2133524, 0.1052456, 0.7339067)
(0.2133732, 0.1037958, 0.7351882)
(0.2154853, 0.1024046, 0.7355464)
(0.2172916, 0.1009033, 0.735132)
(0.2170379, 0.1006439, 0.7346239)
(0.2159731, 0.1034226, 0.7345567)
(0.2154531, 0.1047895, 0.7337198)
(0.2147596, 0.1049256, 0.7328188)
(0.2146304, 0.101258, 0.7325525)
(0.214406, 0.1005337, 0.7328691)
(0.2139127, 0.1012099, 0.7329338)
(0.2137423, 0.1008449, 0.7329085)
(0.2135706, 0.1004803, 0.7328825)
(0.2133987, 0.100117, 0.732856)
(0.2136822, 0.09932661, 0.7297542)
(0.2147248, 0.09998488, 0.7284882)
(0.2149491, 0.09826398, 0.7280371)
(0.2151625, 0.09655952, 0.7279341)
(0.214334, 0.09798455, 0.7282801)
(0.2121513, 0.10741, 0.729877)
(0.2152479, 0.09984589, 0.7320805)
(0.2152772, 0.09961534, 0.731811)
(0.2171302, 0.1005881, 0.7320685)
(0.2172618, 0.1004391, 0.73212)
(0.2161922, 0.1017444, 0.7330976)
(0.2162757, 0.1016743, 0.7329719)
(0.2163591, 0.1016042, 0.7328465)
(0.2161376, 0.100868, 0.7323613)
(0.2158327, 0.1004541, 0.7325115)
(0.2155418, 0.1003077, 0.7322073)
(0.2145686, 0.1014411, 0.7330627)
(0.2143641, 0.1011465, 0.7330377)
(0.2138491, 0.1010308, 0.7329054)
(0.2138727, 0.1012213, 0.7330236)
(0.2127242, 0.09987116, 0.7336118)
(0.2139471, 0.09985614, 0.734602)
(0.2143242, 0.1002862, 0.7347596)
(0.2139328, 0.1003983, 0.7349381)
(0.2138577, 0.1002989, 0.7349355)
(0.2137859, 0.1001878, 0.7349277)
(0.2139664, 0.1001275, 0.7349219)
(0.2136788, 0.1001196, 0.7345994)
(0.2138777, 0.1004169, 0.733824)
(0.2137811, 0.1006861, 0.7341323)
(0.2140522, 0.101068, 0.7339745)
(0.214206, 0.1014156, 0.7344799)
(0.2137251, 0.1004109, 0.7350347)
(0.2135558, 0.1002817, 0.7349505)
(0.2140355, 0.1006896, 0.7348127)
(0.213738, 0.1007578, 0.7342691)
(0.2136352, 0.1009378, 0.7345247)
(0.2134728, 0.1011665, 0.7346408)
(0.2136695, 0.1011388, 0.7346256)
(0.2137747, 0.1011775, 0.7344608)
(0.213681, 0.1012044, 0.7343976)
(0.2137051, 0.1011724, 0.734329)
(0.2135975, 0.1011586, 0.7342527)
(0.2137032, 0.1010859, 0.7342777)
(0.2135994, 0.1010778, 0.7342277)
(0.2135744, 0.1010692, 0.7343111)
(0.2136955, 0.101023, 0.7342787)
(0.2136605, 0.1009705, 0.7341402)
(0.2137454, 0.1010163, 0.7340689)
(0.2137992, 0.1010287, 0.7340102)
(0.2137797, 0.1010714, 0.733969)
(0.2136965, 0.1010377, 0.7339542)
(0.2136371, 0.1010907, 0.7338982)
(0.2134459, 0.1012986, 0.733882)
(0.2133286, 0.1011162, 0.7338996)
(0.2132487, 0.1011269, 0.7338426)
(0.2133398, 0.1011205, 0.7340112)
(0.2132492, 0.1011593, 0.7340579)
(0.2130659, 0.1012011, 0.7340684)
(0.2129989, 0.1012096, 0.7340789)
(0.2130611, 0.1014125, 0.7338054)
(0.213551, 0.1015875, 0.7343097)
(0.2136333, 0.1016657, 0.734195)
(0.2132223, 0.101598, 0.7338364)
(0.2131655, 0.1015203, 0.7339315)
(0.2132385, 0.1015673, 0.7340875)
(0.213289, 0.1016316, 0.73418)
(0.2133992, 0.1017964, 0.7341106)
(0.2134233, 0.1017966, 0.7341564)
(0.2134867, 0.1018574, 0.7341182)
(0.2136674, 0.1019943, 0.7345276)
(0.2137408, 0.102077, 0.734426)
(0.2137461, 0.1020391, 0.7346032)
(0.2140307, 0.1024499, 0.7353604)
(0.2140203, 0.1025586, 0.7354877)
(0.2139561, 0.1028876, 0.735146)
(0.2139254, 0.1030097, 0.7350917)
(0.2136481, 0.103092, 0.7347744)
(0.2135806, 0.1031897, 0.7346652)
(0.213443, 0.1032908, 0.7346377)
(0.2133496, 0.1033235, 0.7347202)
(0.213284, 0.1033847, 0.7349491)
(0.2132556, 0.1033297, 0.7351253)
(0.2132051, 0.1032805, 0.7352781)
(0.2130408, 0.1034169, 0.7354639)
(0.2125864, 0.1043942, 0.7367809)
(0.2121994, 0.1044066, 0.7366185)
(0.2121558, 0.104624, 0.7366164)
(0.2148252, 0.1015027, 0.7336268)
(0.2148981, 0.1015043, 0.7336483)
(0.2150147, 0.1017022, 0.7334473)
(0.2149625, 0.1015465, 0.7331207)
(0.2148988, 0.1014905, 0.7330287)
(0.2148693, 0.101423, 0.7330775)
(0.2145672, 0.101532, 0.7330537)
(0.2146623, 0.101547, 0.7331471)
(0.2144957, 0.1013513, 0.7333076)
(0.2140992, 0.1015337, 0.7333128)
(0.2142859, 0.1015718, 0.7335644)
(0.2143104, 0.1016741, 0.7334983)
(0.2140348, 0.1017749, 0.7333872)
(0.2141323, 0.1018424, 0.7334335)
(0.2140198, 0.1017816, 0.7335281)
(0.2139146, 0.1017992, 0.7334347)
(0.2140219, 0.1018806, 0.7336891)
(0.2140577, 0.1020474, 0.7335877)
(0.2140429, 0.1017869, 0.7333038)
(0.2141919, 0.1017761, 0.7334695)
(0.214206, 0.1018546, 0.7334869)
(0.2140508, 0.1018491, 0.7333927)
(0.2139335, 0.10185, 0.7333324)
(0.2139504, 0.1019082, 0.7332973)
(0.2138419, 0.1018991, 0.7332897)
(0.2139277, 0.1019156, 0.7334383)
(0.2137799, 0.1018174, 0.733624)
(0.2136371, 0.1018021, 0.7335539)
(0.2137368, 0.1017716, 0.7336354)
(0.2137473, 0.1017072, 0.7337608)
(0.213532, 0.1016142, 0.7338095)
(0.2135162, 0.1014438, 0.7337246)
(0.213712, 0.1018116, 0.7334545)
(0.2136681, 0.1018107, 0.733391)
(0.2137041, 0.1018019, 0.7334712)
(0.2137516, 0.1017616, 0.7336669)
(0.2136528, 0.1017671, 0.7336009)
(0.2136886, 0.1018138, 0.7336347)
(0.2135792, 0.1017103, 0.7337701)
(0.2135208, 0.1016486, 0.7337208)
(0.2133839, 0.1016359, 0.733716)
(0.2132969, 0.1015735, 0.7338297)
(0.2132542, 0.1015832, 0.7338235)
(0.2134967, 0.1013901, 0.7336998)
(0.2134972, 0.1014118, 0.7337012)
(0.2134905, 0.1013563, 0.7337058)
(0.2136281, 0.1013732, 0.7338631)
(0.2138178, 0.10164, 0.7336428)
(0.2136967, 0.1016693, 0.7335947)
(0.2137218, 0.1016986, 0.7336562)
(0.2137256, 0.1017201, 0.7337124)
(0.213675, 0.1017287, 0.7336757)
(0.2136221, 0.1017756, 0.7337315)
(0.2136381, 0.1018803, 0.7336817)
(0.2135541, 0.1019022, 0.7335882)
