(305.8792, 242.7552, 334.3047)
(307.1132, 243.9548, 332.9443)
(307.1132, 243.9548, 332.9443)
(307.3746, 244.6485, 332.267)
(306.7247, 244.0531, 332.7326)
(306.6224, 244.4053, 332.9261)
(305.7351, 242.8531, 334.364)
(306.0196, 244.3403, 333.3537)
(305.9215, 244.7392, 333.0121)
(305.1049, 244.9287, 332.8593)
(305.153, 245.9836, 331.9919)
(304.9364, 246.0845, 331.8875)
(304.4756, 246.815, 331.2722)
(304.5981, 246.2497, 332.0183)
(303.7463, 245.5767, 332.5374)
(303.3526, 245.1928, 332.8845)
(304.603, 246.4905, 331.6734)
(304.3603, 246.9191, 331.285)
(303.9236, 247.1656, 330.9208)
(303.4639, 248.1201, 329.6859)
(302.2474, 248.2405, 329.6075)
(301.2801, 248.0404, 329.6705)
(300.8586, 247.2349, 330.2195)
(302.309, 246.4586, 330.879)
(303.7507, 246.9753, 330.1857)
(303.4445, 248.3782, 329.0217)
(303.0082, 248.0378, 329.5564)
(302.4908, 247.4005, 330.2569)
(303.0677, 246.6364, 331.3518)
(305.1341, 244.5928, 333.1787)
(305.7968, 243.7867, 333.8042)
(305.7994, 243.3058, 334.5241)
(306.2715, 243.08, 335.1524)
(308.9182, 245.5553, 332.812)
(308.0668, 246.0119, 332.3464)
(304.3051, 244.9768, 333.2063)
(303.7621, 244.5338, 333.6444)
(304.2944, 243.7976, 334.2857)
(305.8652, 243.4654, 334.2994)
(306.3286, 243.993, 333.8229)
(306.5839, 244.7823, 333.0815)
(306.516, 245.2477, 332.7033)
(306.017, 244.7722, 333.2108)
(305.8114, 244.8382, 333.3205)
(305.5367, 244.4586, 333.7869)
(305.4336, 244.2621, 333.9296)
(305.3702, 244.4349, 333.7823)
(305.7181, 244.8646, 333.4179)
(305.7251, 244.802, 333.3263)
(305.5449, 244.7149, 333.3842)
(305.6407, 244.5473, 333.4999)
(305.9657, 244.5253, 333.5682)
(305.9473, 244.6311, 333.6245)
(305.6863, 244.7052, 333.6011)
(305.3623, 245.3868, 333.0839)
(305.3008, 245.5553, 333.1928)
(304.9777, 244.8301, 333.6183)
(305.2892, 244.4745, 333.8219)
(305.8624, 244.7128, 333.6141)
(305.9643, 244.9651, 333.3627)
(305.8029, 244.9394, 333.4445)
(305.7383, 244.7036, 333.6694)
(305.8829, 244.885, 333.6179)
(305.8453, 245.2124, 333.5446)
(305.4, 244.8012, 333.8477)
(305.3661, 244.6184, 333.9844)
(305.35, 243.8627, 334.3707)
(306.1281, 243.9258, 334.3023)
(306.028, 243.8232, 334.2583)
(306.2169, 244.7506, 333.3116)
(306.4424, 245.3804, 333.0436)
