(-51.46183, 3.196955, 8.743525)
(-51.46183, 3.196955, 8.743525)
(-49.96046, 4.153299, 8.615518)
(-49.25181, 5.426812, 8.553886)
(-49.16719, 6.493282, 8.538734)
(-49.60305, 7.501912, 9.242845)
(-49.1778, 8.621979, 9.210384)
(-49.00738, 9.966278, 9.008956)
(-49.07256, 10.93602, 8.928466)
(-48.96106, 11.87642, 8.887959)
(-49.76221, 13.68053, 8.767509)
(-50.32224, 14.58223, 8.695948)
(-51.79747, 16.40853, 8.798922)
(-52.77768, 17.39159, 8.803368)
(-53.75954, 18.26485, 8.898807)
(-54.77184, 18.96479, 8.86054)
(-55.82555, 19.53798, 8.83075)
(-56.85765, 20.11513, 8.81598)
(-57.93237, 20.49076, 8.744502)
(-60.21033, 20.97749, 8.715618)
(-61.249, 21.00661, 8.693636)
(-62.31848, 20.98807, 8.600712)
(-63.33445, 20.94069, 8.604932)
(-64.28996, 20.78283, 8.648872)
(-66.24974, 20.24474, 8.633459)
(-67.23283, 20.02146, 8.579326)
(-69.33295, 19.14003, 8.406961)
(-69.33295, 19.14003, 8.406961)
(-70.06625, 18.65246, 8.420383)
(-70.9803, 18.21269, 8.427)
(-71.83605, 17.76105, 8.357096)
(-72.58566, 17.37148, 8.33255)
(-73.41274, 16.98937, 8.257341)
(-74.04259, 16.79467, 8.222115)
(-75.39257, 16.22337, 8.264076)
(-76.11932, 15.86051, 8.294606)
(-76.11932, 15.86051, 8.294606)
(-77.36858, 15.1401, 8.307755)
(-77.89957, 14.75743, 8.327723)
(-78.37785, 14.47344, 8.428442)
(-78.72671, 14.31932, 8.539593)
(-79.05672, 14.20608, 8.618093)
(-79.30964, 14.13746, 8.779716)
(-79.81207, 13.43725, 8.930504)
(-79.81207, 13.43725, 8.930504)
