(1.380018, 0.4219604, 0.5774479)
(1.380041, 0.4219776, 0.5774717)
(1.380183, 0.4219617, 0.5776253)
(1.380083, 0.4219395, 0.5774803)
(1.379792, 0.4214302, 0.5777874)
(1.379821, 0.4213864, 0.5778179)
(1.379837, 0.4213572, 0.5778553)
(1.379854, 0.4213278, 0.577893)
(1.379872, 0.4212962, 0.5779335)
(1.379872, 0.4212962, 0.5779335)
(1.378504, 0.4211428, 0.5770502)
(1.378461, 0.4211038, 0.577035)
(1.379699, 0.421367, 0.5784094)
(1.380224, 0.4220358, 0.5775964)
(1.379995, 0.4222652, 0.5777745)
(1.379868, 0.4211643, 0.5765734)
(1.37945, 0.4221574, 0.5771155)
(1.379426, 0.4221809, 0.5771737)
(1.379346, 0.4220313, 0.5770011)
(1.379184, 0.4217414, 0.5770984)
(1.37923, 0.4218894, 0.5768757)
(1.379244, 0.421872, 0.5768657)
(1.379135, 0.4219579, 0.5769365)
(1.379097, 0.4219629, 0.5768926)
(1.379031, 0.4219522, 0.5768828)
(1.379086, 0.4218888, 0.5768783)
(1.379019, 0.4218286, 0.5769503)
(1.379139, 0.4218303, 0.5770407)
(1.379311, 0.4217286, 0.5770214)
(1.379323, 0.4216982, 0.5770149)
(1.379184, 0.4216527, 0.5768864)
(1.379125, 0.4217976, 0.5770779)
(1.379139, 0.4217871, 0.5770221)
(1.379197, 0.421742, 0.5770664)
(1.37923, 0.4217049, 0.5771034)
(1.379275, 0.4216927, 0.5771565)
(1.379275, 0.4216927, 0.5771565)
(1.379256, 0.4216918, 0.5771813)
(1.379461, 0.421857, 0.5768118)
(1.379484, 0.4218184, 0.576726)
(1.379492, 0.4218419, 0.5766938)
(1.379454, 0.421783, 0.5766439)
(1.379293, 0.4217211, 0.5763979)
(1.379415, 0.421486, 0.5761542)
(1.379324, 0.4214429, 0.5761354)
(1.379238, 0.4214791, 0.5761604)
(1.379098, 0.4216859, 0.5763378)
(1.379178, 0.4218727, 0.5759842)
(1.379193, 0.4219208, 0.5758505)
(1.379295, 0.4217136, 0.5754704)
(1.37919, 0.421666, 0.5755086)
(1.379028, 0.4217155, 0.5755215)
(1.37888, 0.4218178, 0.5757914)
(1.378775, 0.4220321, 0.5759847)
(1.378985, 0.4221261, 0.5766306)
(1.378985, 0.4221261, 0.5766306)
(1.378633, 0.422352, 0.5770509)
(1.378633, 0.422352, 0.5770509)
(1.378304, 0.4226519, 0.5775876)
(1.37822, 0.4228258, 0.5777428)
(1.378055, 0.4228711, 0.5780687)
(1.377796, 0.4232023, 0.578763)
(1.377805, 0.4234672, 0.5801353)
(1.377819, 0.4236877, 0.5811753)
(1.377829, 0.4242802, 0.5830934)
(1.377805, 0.4251509, 0.5848756)
(1.377606, 0.4274715, 0.5872583)
(1.37788, 0.4301014, 0.5893476)
(1.378365, 0.4356699, 0.5923462)
(1.37874, 0.4408168, 0.5951874)
(1.379423, 0.447062, 0.5977323)
(1.375845, 0.4550742, 0.6010332)
(1.375845, 0.4550742, 0.6010332)
(1.374058, 0.4635824, 0.603188)
(1.368972, 0.4882393, 0.6043615)
(1.367223, 0.502113, 0.6049635)
(1.367223, 0.502113, 0.6049635)
(1.365226, 0.5277846, 0.6096916)
(1.364258, 0.5415033, 0.6136699)
(1.362674, 0.5547618, 0.6183977)
(1.361574, 0.5677989, 0.6231122)
(1.360954, 0.5784446, 0.6290081)
(1.360937, 0.5882282, 0.6351037)
(1.360831, 0.5979787, 0.6410871)
(1.361143, 0.6049525, 0.6482768)
(1.359918, 0.6150512, 0.6567178)
(1.36087, 0.6207671, 0.6643562)
(1.36133, 0.6253577, 0.6721241)
(1.361594, 0.6314356, 0.6807237)
(1.362879, 0.634426, 0.6900935)
(1.362879, 0.634426, 0.6900935)
(1.364845, 0.6379828, 0.7090111)
(1.36621, 0.6388087, 0.7183328)
(1.368107, 0.6376848, 0.7285419)
(1.369393, 0.6365929, 0.7386413)
(1.371431, 0.6340438, 0.7502804)
(1.371431, 0.6340438, 0.7502804)
(1.373421, 0.6307402, 0.7613604)
(1.375337, 0.6282928, 0.7722888)
(1.380329, 0.6192842, 0.7950108)
(1.380329, 0.6192842, 0.7950108)
(1.382638, 0.6153911, 0.8051291)
(1.384701, 0.6113681, 0.8150077)
(1.387486, 0.6078444, 0.8244982)
(1.38996, 0.6042446, 0.8332121)
(1.392079, 0.6012937, 0.8411779)
(1.395057, 0.5987304, 0.848772)
(1.397633, 0.5951365, 0.8554149)
(1.403194, 0.5913532, 0.8670042)
(1.403194, 0.5913532, 0.8670042)
(1.405865, 0.5879507, 0.8720219)
(1.407185, 0.5856951, 0.8759584)
(1.409109, 0.5832251, 0.8808498)
(1.410646, 0.5798628, 0.883611)
(1.411532, 0.5770324, 0.8873897)
(1.412396, 0.5743837, 0.8906355)
(1.413671, 0.5682873, 0.8936357)
(1.413565, 0.5654553, 0.8954911)
(1.413565, 0.5654553, 0.8954911)
(1.413897, 0.5627669, 0.8972642)
(1.414423, 0.5601404, 0.8996651)
(1.414949, 0.5575137, 0.9020677)
(1.415476, 0.5548896, 0.9044695)
(1.416002, 0.5522687, 0.9068694)
(1.417105, 0.5712746, 0.8967421)
(1.42268, 0.568791, 0.9008558)
(1.42221, 0.5493592, 0.908756)
(1.42221, 0.5493592, 0.908756)
(1.423899, 0.5479991, 0.9104047)
(1.425593, 0.5466365, 0.9120584)
(1.427284, 0.5452768, 0.9137096)
(1.428988, 0.5439081, 0.9153738)
(1.42846, 0.5404239, 0.9143755)
(1.409105, 0.5647067, 0.8933196)
(1.406817, 0.552435, 0.8999004)
(1.403019, 0.5603441, 0.9047542)
(1.403019, 0.5603441, 0.9047542)
(1.404645, 0.557956, 0.9028459)
(1.404668, 0.5578934, 0.9032552)
(1.405013, 0.5581015, 0.9038265)
(1.405608, 0.5574634, 0.9037838)
(1.405732, 0.5573037, 0.9039607)
(1.406043, 0.5570896, 0.9041297)
(1.406112, 0.5570376, 0.9044766)
(1.406232, 0.5567387, 0.9047136)
(1.40663, 0.5565207, 0.9050331)
(1.406984, 0.5560967, 0.9050403)
(1.40725, 0.5557898, 0.9052136)
(1.407782, 0.5554419, 0.9057412)
(1.408308, 0.5551342, 0.9062848)
(1.408374, 0.554772, 0.9070015)
(1.408465, 0.5544758, 0.9078195)
(1.408114, 0.5537477, 0.9095058)
(1.408599, 0.5531609, 0.9102483)
(1.408599, 0.5531609, 0.9102483)
(1.408949, 0.5524573, 0.9107313)
(1.409286, 0.5522535, 0.9106975)
(1.409536, 0.5517889, 0.9109774)
(1.409996, 0.5515815, 0.9111738)
(1.410425, 0.5515164, 0.9112253)
(1.410794, 0.5508925, 0.9116402)
(1.411464, 0.5506649, 0.9118059)
(1.412431, 0.5502558, 0.9117372)
(1.412431, 0.5502558, 0.9117372)
(1.412894, 0.5499929, 0.9114723)
(1.413125, 0.549727, 0.9112208)
(1.413525, 0.5494909, 0.9109035)
(1.413845, 0.5492738, 0.9106948)
(1.414577, 0.5495875, 0.9095559)
(1.414985, 0.5494375, 0.9089355)
(1.415226, 0.549258, 0.9084327)
(1.415979, 0.5493728, 0.9077117)
(1.416614, 0.5493237, 0.9071264)
(1.417166, 0.5493448, 0.9065201)
(1.417622, 0.5495534, 0.9056296)
(1.4179, 0.5494843, 0.9048584)
(1.418055, 0.5497, 0.9041808)
(1.418283, 0.5498267, 0.9030824)
(1.41888, 0.5500845, 0.9018428)
(1.419842, 0.5501803, 0.8995707)
(1.420244, 0.5503896, 0.8985085)
(1.420244, 0.5503896, 0.8985085)
(1.420506, 0.5506263, 0.8977697)
(1.420761, 0.5507655, 0.8972702)
(1.420744, 0.5509467, 0.8966651)
(1.420945, 0.5510888, 0.8960369)
(1.421058, 0.5513654, 0.8956313)
(1.42066, 0.5516021, 0.89503)
(1.420532, 0.5516945, 0.8947005)
(1.420249, 0.5517186, 0.8945258)
(1.420093, 0.5517465, 0.8944442)
(1.420012, 0.5517428, 0.8943691)
(1.420073, 0.5516329, 0.8943193)
(1.4202, 0.5516498, 0.8943076)
(1.420228, 0.5515064, 0.8943222)
(1.420137, 0.5514309, 0.8944669)
(1.419845, 0.5512964, 0.8946152)
(1.419554, 0.5512872, 0.8949034)
(1.419299, 0.5513122, 0.8950558)
(1.418792, 0.5511917, 0.8952806)
(1.418217, 0.5513394, 0.8960352)
(1.417563, 0.5511512, 0.8967216)
(1.417085, 0.5510263, 0.8973162)
(1.41645, 0.5509701, 0.8978281)
(1.415945, 0.5508074, 0.8982913)
(1.415713, 0.5508453, 0.8984179)
(1.415608, 0.5508391, 0.8984964)
(1.415759, 0.5508243, 0.898433)
(1.416111, 0.5509697, 0.898272)
(1.416027, 0.5510484, 0.8982036)
(1.41615, 0.5510803, 0.8982189)
(1.416308, 0.5511633, 0.8982198)
(1.416504, 0.5514818, 0.8986728)
(1.416412, 0.5515594, 0.8990309)
(1.416361, 0.5516422, 0.8991241)
(1.416589, 0.5514171, 0.8990262)
(1.416705, 0.5514358, 0.8990343)
(1.416741, 0.5515888, 0.89924)
(1.416625, 0.5518677, 0.8995075)
(1.416587, 0.5520278, 0.8998299)
(1.416503, 0.5520989, 0.9001627)
(1.416237, 0.552313, 0.9004467)
(1.41608, 0.5523636, 0.900682)
(1.415893, 0.5523709, 0.9009254)
(1.415886, 0.5524807, 0.9010899)
(1.415871, 0.552526, 0.9012139)
(1.415754, 0.5525522, 0.9011188)
(1.415729, 0.5523387, 0.9013159)
(1.414366, 0.5509797, 0.9031069)
(1.414359, 0.5511523, 0.9032714)
(1.414242, 0.551423, 0.9034383)
(1.413891, 0.5512841, 0.9038849)
(1.41463, 0.55143, 0.9039388)
(1.414103, 0.5513817, 0.9039767)
(1.414071, 0.551437, 0.9040661)
(1.414044, 0.5514475, 0.9038668)
(1.413952, 0.5514734, 0.9036467)
(1.413767, 0.5512438, 0.9035492)
(1.413868, 0.551167, 0.9032524)
(1.41363, 0.551371, 0.9031637)
(1.41364, 0.5512704, 0.9028859)
(1.41353, 0.551162, 0.9023912)
(1.41338, 0.5511281, 0.9020257)
(1.41337, 0.5511146, 0.9016495)
(1.413232, 0.551056, 0.9013712)
(1.412973, 0.5511879, 0.9011743)
(1.412814, 0.5509197, 0.9011259)
(1.412727, 0.5508337, 0.9007764)
(1.412776, 0.55076, 0.9004426)
(1.41284, 0.5509, 0.9001298)
(1.412687, 0.5509884, 0.9000607)
(1.412633, 0.5509787, 0.8998451)
(1.412569, 0.5510999, 0.8997436)
(1.412365, 0.5511149, 0.8995965)
(1.412224, 0.5512447, 0.8995779)
(1.412243, 0.5514076, 0.8995132)
(1.412066, 0.5515101, 0.899524)
(1.41207, 0.5515461, 0.8994925)
(1.412195, 0.5517883, 0.8995543)
(1.412503, 0.5519341, 0.8999374)
(1.412487, 0.5522373, 0.9002528)
(1.412473, 0.5524687, 0.9008856)
(1.41242, 0.5529269, 0.9015424)
(1.412627, 0.5530249, 0.9019651)
(1.412941, 0.5540679, 0.9037993)
(1.413053, 0.5547104, 0.9050469)
(1.413595, 0.5564618, 0.9069347)
(1.414334, 0.5580478, 0.9084446)
(1.415562, 0.5610223, 0.9099784)
(1.417024, 0.5635979, 0.911304)
(1.418433, 0.5667529, 0.9129207)
(1.419999, 0.5704949, 0.9150481)
(1.42191, 0.5750936, 0.9164715)
(1.423943, 0.5794637, 0.918155)
(1.427224, 0.5857153, 0.9207575)
(1.429676, 0.5904658, 0.9230771)
(1.432779, 0.595953, 0.9261405)
(1.435992, 0.6022278, 0.9308794)
(1.43926, 0.6077237, 0.9363513)
(1.441477, 0.6128368, 0.9405766)
(1.443179, 0.6194167, 0.9438968)
(1.444793, 0.625538, 0.9474111)
(1.445025, 0.6338061, 0.949223)
(1.444711, 0.6425534, 0.9492462)
(1.444571, 0.6517403, 0.9493902)
(1.442949, 0.661694, 0.9476316)
(1.43871, 0.6767207, 0.9442861)
(1.437437, 0.6901828, 0.9450445)
(1.435241, 0.7034774, 0.9457588)
(1.433229, 0.7163368, 0.9465852)
(1.432795, 0.7289374, 0.9485383)
(1.430989, 0.7417178, 0.9505687)
(1.429257, 0.754216, 0.9532492)
(1.427223, 0.7661262, 0.9564052)
(1.425586, 0.7771509, 0.9609995)
(1.424164, 0.7878858, 0.9664731)
(1.421892, 0.7968465, 0.9718242)
(1.420886, 0.8049203, 0.9771149)
(1.419219, 0.8095646, 0.9830849)
(1.418072, 0.8181227, 0.9885187)
(1.417557, 0.8217881, 0.9950848)
(1.416733, 0.8240961, 1.001609)
(1.416478, 0.827093, 1.008404)
(1.416405, 0.8274152, 1.01561)
(1.415886, 0.8269013, 1.023593)
(1.415594, 0.8278614, 1.030825)
(1.415842, 0.8253623, 1.038344)
(1.416238, 0.8220149, 1.046118)
(1.415842, 0.8183231, 1.054852)
(1.416521, 0.8128854, 1.063737)
(1.417458, 0.806543, 1.073032)
(1.418637, 0.8007072, 1.082201)
(1.419682, 0.7941146, 1.091655)
(1.421116, 0.7852299, 1.102318)
(1.422721, 0.7778279, 1.111427)
(1.424579, 0.7690071, 1.121824)
(1.426497, 0.7607973, 1.13205)
(1.429629, 0.7532368, 1.140389)
(1.43146, 0.7456559, 1.150138)
(1.432937, 0.7387428, 1.159253)
(1.435898, 0.7320583, 1.166949)
(1.437593, 0.726091, 1.17621)
(1.439691, 0.7203517, 1.185699)
(1.443351, 0.7163247, 1.190448)
(1.444937, 0.7121962, 1.197638)
(1.446345, 0.7097976, 1.202436)
(1.450169, 0.7060189, 1.205507)
(1.45112, 0.7042447, 1.207851)
(1.451737, 0.7014477, 1.211839)
(1.452983, 0.6999178, 1.212865)
(1.452256, 0.6985064, 1.212802)
(1.448205, 0.6979144, 1.211721)
(1.444256, 0.6963997, 1.212065)
(1.441239, 0.694352, 1.213138)
(1.444551, 0.6938666, 1.214063)
(1.444567, 0.6924993, 1.216718)
(1.444951, 0.6922483, 1.219541)
(1.444438, 0.6925048, 1.220093)
(1.444515, 0.6927798, 1.219493)
(1.444975, 0.692731, 1.218641)
(1.444665, 0.6924508, 1.218352)
(1.444623, 0.692237, 1.218161)
(1.445155, 0.6925036, 1.217482)
(1.444617, 0.6923674, 1.217011)
(1.444137, 0.6924781, 1.216818)
(1.444227, 0.6926087, 1.216454)
(1.444172, 0.6923553, 1.216625)
(1.443879, 0.6922956, 1.216695)
(1.444132, 0.6924235, 1.216327)
(1.443927, 0.6924312, 1.216414)
(1.443794, 0.6923093, 1.216353)
(1.443979, 0.6924865, 1.216022)
(1.444116, 0.692454, 1.216067)
(1.44416, 0.6923618, 1.216077)
(1.444196, 0.6923814, 1.215981)
(1.44431, 0.6923524, 1.215955)
(1.444169, 0.6925801, 1.216089)
(1.444094, 0.6925629, 1.216117)
(1.444183, 0.692602, 1.216112)
(1.444384, 0.6923515, 1.215934)
(1.444414, 0.6923721, 1.215713)
(1.444378, 0.692345, 1.215505)
(1.444493, 0.6922539, 1.215438)
(1.444487, 0.6921328, 1.215455)
(1.444441, 0.6920892, 1.215419)
(1.444417, 0.692129, 1.215532)
(1.444416, 0.6921252, 1.215516)
(1.444327, 0.6922208, 1.215663)
(1.444332, 0.6922321, 1.215773)
(1.44429, 0.6921833, 1.215916)
(1.444426, 0.6922098, 1.216098)
(1.444476, 0.6921911, 1.216182)
(1.444418, 0.6920668, 1.216322)
(1.444754, 0.6921015, 1.216484)
(1.444802, 0.6921623, 1.216594)
(1.444758, 0.6920313, 1.216784)
(1.444672, 0.6920121, 1.216733)
(1.444565, 0.6921759, 1.216875)
(1.444583, 0.6922344, 1.21683)
(1.444818, 0.6922705, 1.216947)
(1.444858, 0.6922928, 1.216983)
(1.44487, 0.692323, 1.217007)
(1.4447, 0.6921422, 1.217263)
(1.444597, 0.6921368, 1.217217)
(1.444542, 0.6921668, 1.217171)
(1.444538, 0.6921459, 1.217189)
(1.444494, 0.6921877, 1.216997)
(1.444655, 0.6920589, 1.216897)
(1.444535, 0.6918309, 1.217231)
(1.444638, 0.6918269, 1.217239)
(1.444628, 0.6919856, 1.217373)
(1.444633, 0.6919535, 1.217399)
(1.444647, 0.6919447, 1.2174)
(1.444662, 0.6919351, 1.217401)
