(5.048693, 0.11, -0.7204313)
(5.048556, 0.1098422, -0.720565)
(5.048254, 0.1098138, -0.7206339)
(5.047781, 0.1098651, -0.7204887)
(5.047215, 0.1098836, -0.7205376)
(5.046926, 0.1098386, -0.7206735)
(5.046561, 0.1097463, -0.7206544)
(5.046237, 0.1096505, -0.7206171)
(5.046194, 0.1090981, -0.7209611)
(5.045934, 0.1089359, -0.7209719)
(5.046231, 0.1084567, -0.7213687)
(5.04625, 0.1081787, -0.7216447)
(5.046215, 0.1080924, -0.7215838)
(5.046564, 0.1077076, -0.7220124)
(5.046041, 0.108271, -0.7210245)
(5.045998, 0.1084365, -0.7210112)
(5.045791, 0.1086291, -0.7208993)
(5.045619, 0.1090816, -0.7203714)
(5.045801, 0.1091894, -0.7201359)
(5.045643, 0.109291, -0.7202644)
(5.045442, 0.110046, -0.7198113)
(5.045516, 0.1103643, -0.7197531)
(5.045351, 0.1105627, -0.7196428)
(5.044523, 0.1113616, -0.7178492)
(5.044466, 0.1114465, -0.7176394)
(5.044635, 0.111394, -0.7176717)
(5.044322, 0.1117862, -0.7172907)
(5.044222, 0.1120347, -0.7173523)
(5.044364, 0.1120511, -0.7174564)
(5.044291, 0.1124371, -0.7171189)
(5.044271, 0.112589, -0.7169526)
(5.04434, 0.1127518, -0.7167532)
(5.044553, 0.1129597, -0.717185)
(5.044394, 0.1131071, -0.7171218)
(5.044218, 0.1133233, -0.7171045)
(5.043922, 0.1139208, -0.7165078)
(5.043972, 0.1142136, -0.7163689)
(5.044456, 0.1141482, -0.7164783)
(5.04459, 0.1144582, -0.716403)
(5.04458, 0.1145576, -0.7161879)
(5.044522, 0.1145874, -0.716094)
(5.044458, 0.1147374, -0.7158931)
(5.044436, 0.1148535, -0.7156379)
(5.044823, 0.1146158, -0.7158413)
(5.044956, 0.1146694, -0.7157988)
(5.045001, 0.114673, -0.7156014)
(5.0451, 0.1144796, -0.7158986)
(5.045033, 0.1145736, -0.7156927)
(5.04504, 0.1146632, -0.7155364)
(5.045584, 0.1142317, -0.7159144)
(5.045894, 0.1141151, -0.7163806)
(5.045817, 0.1141316, -0.7161508)
(5.046221, 0.1138102, -0.7163887)
(5.046371, 0.113758, -0.7165427)
(5.046385, 0.1137906, -0.7163781)
(5.046348, 0.1135906, -0.7164421)
(5.046261, 0.1135045, -0.7160139)
(5.046213, 0.1134816, -0.7156995)
(5.046391, 0.11317, -0.7158335)
(5.046367, 0.1132368, -0.7156457)
(5.046338, 0.1132117, -0.7154609)
(5.046231, 0.1130394, -0.7155027)
(5.046082, 0.1132773, -0.7151513)
(5.045984, 0.1132883, -0.7149918)
(5.04641, 0.1129364, -0.7152762)
(5.046103, 0.1132232, -0.7145702)
(5.046035, 0.1132392, -0.7143753)
(5.046139, 0.1130234, -0.7143694)
(5.0463, 0.112804, -0.7145049)
(5.046256, 0.1127142, -0.7141542)
(5.046254, 0.1124183, -0.7141354)
(5.045789, 0.1125456, -0.7130132)
(5.045682, 0.1126088, -0.7126691)
(5.045456, 0.1126841, -0.7124593)
(5.045281, 0.1130801, -0.711857)
(5.045241, 0.1133505, -0.7113759)
(5.045257, 0.1137551, -0.7108554)
(5.045329, 0.114374, -0.7101198)
(5.045535, 0.1146923, -0.7095079)
(5.045732, 0.1149191, -0.7089626)
(5.046124, 0.1152099, -0.7086317)
(5.046153, 0.1157003, -0.7077891)
(5.046355, 0.1159528, -0.7072844)
(5.046406, 0.1162277, -0.7066649)
(5.046307, 0.1168154, -0.70576)
(5.046248, 0.1173571, -0.7050882)
(5.047816, 0.1155201, -0.7078586)
(5.048857, 0.1150337, -0.708194)
(5.048612, 0.1162854, -0.7069625)
(5.048311, 0.117479, -0.7059722)
(5.047596, 0.1194111, -0.7043322)
(5.046968, 0.1209615, -0.7029709)
(5.046466, 0.1230341, -0.7010114)
(5.045953, 0.1251777, -0.6991758)
(5.045708, 0.1278158, -0.6968851)
(5.045049, 0.1301974, -0.6941099)
(5.04471, 0.1332079, -0.6913713)
(5.04461, 0.1368042, -0.6877064)
(5.044265, 0.1402701, -0.684353)
(5.043647, 0.1444713, -0.6795226)
(5.042625, 0.1484746, -0.6746456)
(5.041372, 0.1533908, -0.668601)
(5.040461, 0.1579379, -0.6624742)
(5.039428, 0.163864, -0.6540819)
(5.038132, 0.1700531, -0.6454503)
(5.037579, 0.1756793, -0.6377515)
(5.036812, 0.1830388, -0.628577)
(5.035874, 0.1905068, -0.6198153)
(5.035386, 0.1990707, -0.6100378)
(5.034803, 0.208171, -0.5999028)
(5.033957, 0.2175549, -0.5895458)
(5.03326, 0.2272924, -0.5795701)
(5.033064, 0.2385527, -0.5679698)
(5.033517, 0.2500576, -0.557158)
(5.033994, 0.2609321, -0.5472025)
(5.035065, 0.273096, -0.5377446)
(5.035327, 0.2845653, -0.5271809)
(5.035745, 0.2976478, -0.5167002)
(5.036323, 0.3100796, -0.506175)
(5.037212, 0.322081, -0.4947151)
(5.03776, 0.3351781, -0.4838676)
(5.039051, 0.3487307, -0.4724464)
(5.040407, 0.3607084, -0.4618098)
(5.041006, 0.3742349, -0.4508465)
(5.042132, 0.3864443, -0.4402295)
(5.043405, 0.3985945, -0.4296567)
(5.043603, 0.4106299, -0.4186377)
(5.04458, 0.4221873, -0.4080755)
(5.045642, 0.4324809, -0.3977828)
(5.045944, 0.4426067, -0.3867896)
(5.04704, 0.4507505, -0.3751906)
(5.047236, 0.4551129, -0.3639912)
(5.04712, 0.4611267, -0.3524229)
(5.047309, 0.4643742, -0.3410627)
(5.047758, 0.4666892, -0.330229)
(5.047747, 0.4681281, -0.3188434)
(5.047765, 0.4669625, -0.307351)
(5.047968, 0.4648235, -0.2964651)
(5.04791, 0.4618718, -0.2849921)
(5.047915, 0.456119, -0.2724735)
(5.047669, 0.4496384, -0.261367)
(5.047812, 0.4420711, -0.2503042)
(5.047736, 0.4399136, -0.2391219)
(5.047577, 0.4373921, -0.2276473)
(5.047333, 0.4344073, -0.2165532)
(5.047011, 0.4312228, -0.2056265)
(5.04619, 0.4277855, -0.1948127)
(5.045626, 0.4244708, -0.1844694)
(5.044724, 0.42091, -0.1744456)
(5.043611, 0.4173241, -0.1642168)
(5.042937, 0.4141465, -0.1553617)
(5.042557, 0.4111118, -0.1469306)
(5.041486, 0.4077478, -0.1379346)
(5.040901, 0.4049546, -0.1311111)
(5.040377, 0.4023051, -0.1253706)
(5.039278, 0.3994981, -0.1197409)
(5.038667, 0.3970485, -0.1150674)
(5.03829, 0.3950099, -0.113112)
(5.037579, 0.3926204, -0.1096125)
(5.037751, 0.3908344, -0.1087296)
(5.038357, 0.3890856, -0.1083616)
(5.037985, 0.3869509, -0.1071368)
(5.038016, 0.3851474, -0.1084157)
(5.037802, 0.383259, -0.1104366)
(5.03732, 0.3811606, -0.1114716)
(5.038158, 0.3790839, -0.1147323)
(5.040827, 0.3772822, -0.1185866)
(5.041745, 0.3754912, -0.1214125)
(5.040777, 0.3739923, -0.1228976)
(5.042608, 0.371354, -0.1217188)
(5.044463, 0.3696116, -0.1199308)
(5.046208, 0.3696121, -0.1170777)
(5.043528, 0.3721098, -0.1165046)
(5.040285, 0.3752958, -0.1162664)
(5.037973, 0.3760031, -0.1152647)
(5.035832, 0.3756422, -0.1133799)
(5.035671, 0.3749312, -0.1125617)
(5.035346, 0.3742355, -0.1124515)
(5.035791, 0.3735324, -0.113517)
(5.036912, 0.3729323, -0.115229)
(5.037666, 0.3718861, -0.1161801)
(5.037611, 0.3709902, -0.1167165)
(5.03795, 0.3704163, -0.1168034)
(5.037561, 0.3702794, -0.116177)
(5.037025, 0.3699924, -0.1159713)
(5.036821, 0.3701791, -0.1159791)
(5.036565, 0.3701791, -0.1157014)
(5.036417, 0.369964, -0.1156462)
(5.036748, 0.3698786, -0.1158312)
(5.037077, 0.3698207, -0.1156179)
(5.037708, 0.3696371, -0.1157481)
(5.037922, 0.3697535, -0.1162848)
(5.037853, 0.3699094, -0.116451)
(5.03791, 0.3700808, -0.1168073)
(5.037981, 0.3702635, -0.1172595)
(5.037863, 0.3705333, -0.1173996)
(5.038059, 0.370536, -0.1177341)
(5.037796, 0.3705965, -0.1175674)
(5.037783, 0.3707362, -0.1177413)
(5.038236, 0.3705794, -0.1181643)
(5.038508, 0.3706309, -0.1185439)
(5.038413, 0.3707665, -0.118622)
(5.038411, 0.370597, -0.1191353)
(5.038244, 0.3706459, -0.1192002)
(5.037966, 0.3707901, -0.1191417)
(5.038091, 0.3705789, -0.1193747)
(5.038027, 0.3705617, -0.1195929)
(5.037909, 0.3705987, -0.1195938)
(5.038268, 0.3703624, -0.1198942)
(5.038234, 0.370376, -0.1201369)
(5.038121, 0.3704542, -0.1201769)
(5.038162, 0.3702701, -0.120529)
(5.03772, 0.3703367, -0.1201641)
(5.037564, 0.3703805, -0.1201941)
(5.037764, 0.370248, -0.1203727)
(5.037691, 0.3703035, -0.1204588)
(5.037632, 0.3704084, -0.1204071)
(5.038062, 0.3700844, -0.1207234)
(5.038042, 0.3698925, -0.1207451)
(5.03792, 0.3699354, -0.1207199)
(5.0379, 0.3696297, -0.1211044)
(5.037892, 0.3693734, -0.1212992)
(5.037744, 0.3694366, -0.1212217)
(5.037773, 0.3690826, -0.1216201)
(5.038287, 0.368503, -0.1225884)
(5.038224, 0.3685242, -0.1224302)
(5.038492, 0.368075, -0.1227051)
(5.038641, 0.3677791, -0.1229821)
(5.038518, 0.3678013, -0.1228671)
(5.038436, 0.3677193, -0.1229378)
(5.038535, 0.3674737, -0.1231809)
(5.038471, 0.3675011, -0.1232019)
(5.038477, 0.3671423, -0.1237707)
(5.038346, 0.3670739, -0.1235731)
(5.038296, 0.367175, -0.1235592)
(5.038826, 0.3667442, -0.1240147)
(5.039049, 0.3666345, -0.124237)
(5.03911, 0.3667513, -0.1241946)
(5.039719, 0.3665508, -0.1243888)
(5.03992, 0.3665639, -0.1245478)
(5.040004, 0.3667394, -0.1246329)
(5.040211, 0.3667346, -0.12495)
(5.040252, 0.366906, -0.1249706)
(5.040384, 0.3671426, -0.125153)
(5.040904, 0.3671757, -0.1254863)
(5.04119, 0.3673841, -0.1257784)
(5.04142, 0.3676749, -0.1258647)
(5.042027, 0.3675514, -0.1262983)
(5.042266, 0.367731, -0.1260535)
(5.042583, 0.3679901, -0.1257169)
(5.043142, 0.3678256, -0.1258615)
(5.043706, 0.3679768, -0.1259629)
(5.043921, 0.3682092, -0.1255916)
(5.044066, 0.3679713, -0.1259434)
(5.044201, 0.3679608, -0.1258192)
(5.04433, 0.3680454, -0.1258012)
(5.044974, 0.3675727, -0.1263624)
(5.045743, 0.3672429, -0.1273524)
(5.045944, 0.3672708, -0.1274265)
(5.046273, 0.3669854, -0.1278873)
(5.04617, 0.3668658, -0.1276768)
(5.046207, 0.3667997, -0.1278666)
(5.046379, 0.3664061, -0.1284695)
(5.046711, 0.3660432, -0.1292178)
(5.046759, 0.3660072, -0.1293944)
(5.047304, 0.365548, -0.1299814)
(5.047312, 0.3653876, -0.13)
(5.047486, 0.3653508, -0.1302156)
(5.047844, 0.3650948, -0.1307534)
(5.04809, 0.3648924, -0.1310539)
(5.048275, 0.3648373, -0.1311626)
(5.048538, 0.3644871, -0.1316131)
(5.048724, 0.3644544, -0.1316096)
(5.048805, 0.3644069, -0.1315)
(5.0488, 0.3641421, -0.1318041)
(5.048667, 0.3642944, -0.1314283)
(5.048723, 0.3642741, -0.1314199)
(5.049154, 0.3637706, -0.1320307)
(5.049343, 0.3636554, -0.1322677)
(5.049448, 0.3636245, -0.1324026)
(5.049532, 0.3633581, -0.1329309)
(5.049409, 0.363243, -0.1328311)
(5.04946, 0.3631409, -0.1330232)
(5.049976, 0.3625845, -0.1336417)
(5.050083, 0.3624319, -0.133848)
(5.050188, 0.3622783, -0.1340057)
(5.050337, 0.3619379, -0.1343896)
(5.050166, 0.3620163, -0.1341524)
(5.050233, 0.3619045, -0.134284)
(5.050365, 0.361637, -0.1345721)
(5.050306, 0.3616356, -0.1345058)
(5.050331, 0.361559, -0.1346482)
(5.050688, 0.3612372, -0.1349868)
(5.050406, 0.3613919, -0.1345284)
(5.050453, 0.3613118, -0.1345899)
(5.050331, 0.3612429, -0.1347494)
(5.050689, 0.3611563, -0.1354124)
(5.05072, 0.361086, -0.1355795)
(5.050892, 0.3610066, -0.1356465)
(5.050825, 0.3611118, -0.1356331)
(5.050788, 0.3611149, -0.1359262)
(5.050694, 0.3610603, -0.13629)
(5.050488, 0.361482, -0.1361322)
(5.050593, 0.3613948, -0.136331)
(5.050992, 0.3610533, -0.1366586)
