(323.2264, 191.3848, 354.8207)
(323.2264, 191.3848, 354.8207)
(308.0928, 187.5274, 348.1423)
(316.091, 198.4149, 336.1746)
(302.0538, 214.4451, 323.5595)
(302.0538, 214.4451, 323.5595)
(296.5476, 210.9182, 326.5573)
(294.6688, 212.8947, 325.3814)
(294.6688, 212.8947, 325.3814)
(290.4337, 209.7188, 331.9005)
(289.686, 200.3725, 345.7778)
(289.686, 200.3725, 345.7778)
(290.3253, 195.2429, 351.0214)
(285.0841, 190.4143, 351.9669)
(285.0841, 190.4143, 351.9669)
(284.2301, 184.1962, 356.7788)
(284.9943, 170.6994, 10.56179)
(284.9943, 170.6994, 10.56179)
(286.8594, 155.4777, 28.13853)
(285.1133, 208.4271, 334.287)
(280.4479, 198.479, 348.8038)
(287.6605, 223.3217, 325.3163)
(303.3968, 226.7231, 321.5076)
