(1.017519, 0.6546166, 6.267173)
(1.017473, 0.6538435, 6.266708)
(1.017742, 0.6536932, 6.266565)
(1.017747, 0.6541667, 6.267069)
(1.017755, 0.6558793, 6.268622)
(1.019171, 0.6557766, 6.268005)
(1.019497, 0.6545734, 6.266722)
(1.019125, 0.654439, 6.266408)
(1.019527, 0.6579193, 6.269517)
(1.020152, 0.6589144, 6.270328)
(1.020386, 0.65859, 6.270261)
(1.020184, 0.6581221, 6.270385)
(1.020327, 0.65864, 6.27092)
(1.021418, 0.6593843, 6.27191)
(1.022826, 0.6605083, 6.273094)
(1.023805, 0.6613793, 6.273846)
(1.024653, 0.6622688, 6.274859)
(1.025984, 0.663508, 6.276399)
(1.027328, 0.6656553, 6.278654)
(1.029078, 0.6694997, 6.282327)
(1.029688, 0.6741191, 0.003722883)
(1.029796, 0.6768581, 0.006649752)
(1.029917, 0.6783907, 0.008846002)
(1.030932, 0.6808421, 0.01200616)
(1.031986, 0.683412, 0.01518788)
(1.03296, 0.6866677, 0.01895673)
(1.033943, 0.6906931, 0.02354691)
(1.034047, 0.6943365, 0.02790003)
(1.034065, 0.6966072, 0.03106279)
(1.03405, 0.6995693, 0.03477252)
(1.034194, 0.7032011, 0.03915575)
(1.032968, 0.7084871, 0.04558152)
(1.032217, 0.7126544, 0.05119829)
(1.032276, 0.7165968, 0.05669238)
(1.032246, 0.7238507, 0.0641182)
(1.033623, 0.7338338, 0.07289571)
(1.034349, 0.7411978, 0.07896295)
(1.033377, 0.7524288, 0.08805978)
(1.032444, 0.7637316, 0.09841266)
(1.03049, 0.7715149, 0.1051401)
(1.028159, 0.7786652, 0.1110275)
(1.027379, 0.7878451, 0.11839)
(1.028643, 0.8001302, 0.1280883)
(1.031046, 0.8126009, 0.1376493)
(1.036538, 0.8252139, 0.1463959)
(1.042001, 0.836448, 0.1530884)
(1.047693, 0.8505743, 0.1622213)
(1.050477, 0.8663898, 0.1731412)
(1.05121, 0.8784947, 0.1819865)
(1.050561, 0.8867512, 0.188069)
(1.050729, 0.8895268, 0.1895418)
(1.052612, 0.8937371, 0.1914863)
(1.054655, 0.9016552, 0.1955478)
(1.058698, 0.9128934, 0.2012931)
(1.062652, 0.9230356, 0.2072998)
(1.065295, 0.9324655, 0.2125322)
(1.066885, 0.9401138, 0.2168481)
(1.068561, 0.9466866, 0.2206862)
(1.071559, 0.9508826, 0.222951)
(1.075078, 0.9547271, 0.2253584)
(1.078169, 0.9624814, 0.2310013)
(1.080457, 0.9708774, 0.2370761)
(1.082458, 0.9763294, 0.2427172)
(1.085361, 0.9802688, 0.2460286)
(1.087938, 0.9790102, 0.2446145)
(1.089934, 0.982416, 0.2470901)
(1.091922, 0.9870963, 0.2512926)
(1.094518, 0.9910959, 0.2545309)
(1.09955, 0.9951065, 0.257607)
(1.105456, 1.001641, 0.2630064)
(1.109854, 1.009747, 0.2704853)
(1.111461, 1.015513, 0.2769642)
(1.113314, 1.016191, 0.2785297)
(1.111242, 1.009585, 0.2733131)
(1.111243, 1.009119, 0.2735498)
(1.111963, 1.008636, 0.2737209)
(1.115312, 1.012411, 0.2770602)
(1.121951, 1.024505, 0.287394)
(1.127676, 1.037853, 0.2998936)
(1.129826, 1.041617, 0.3032923)
(1.13131, 1.032796, 0.2948783)
(1.134654, 1.025603, 0.2887034)
(1.136571, 1.018932, 0.2826288)
(1.13714, 1.017905, 0.2818302)
(1.141362, 1.023834, 0.2869551)
(1.144484, 1.029532, 0.2911069)
(1.147751, 1.017396, 0.2798918)
(1.152271, 1.00248, 0.2658364)
(1.15648, 0.985194, 0.2496548)
(1.160611, 0.9786564, 0.2433528)
(1.166991, 0.9787936, 0.2436315)
(1.175787, 0.9840838, 0.249092)
(1.184296, 0.9849342, 0.2502335)
(1.193328, 0.9828047, 0.2473817)
(1.200779, 0.9619229, 0.2247163)
(1.205747, 0.9396464, 0.201951)
(1.212585, 0.9283345, 0.1896673)
(1.219268, 0.9219136, 0.1820287)
(1.223829, 0.9198524, 0.1795672)
(1.226287, 0.9051805, 0.167074)
(1.229028, 0.880795, 0.1447473)
(1.231837, 0.8493795, 0.1159084)
(1.235089, 0.816256, 0.08495612)
(1.233679, 0.7771237, 0.04829053)
(1.226609, 0.7388439, 0.01309061)
(1.217633, 0.6993502, 6.261928)
(1.201377, 0.6636738, 6.237218)
(1.194061, 0.6542894, 6.237117)
(1.196678, 0.6605968, 6.247729)
(1.199058, 0.6588382, 6.252249)
(1.201584, 0.6408566, 6.241523)
(1.203701, 0.6201066, 6.228375)
(1.212403, 0.6043291, 6.220834)
(1.220867, 0.597056, 6.221423)
(1.233953, 0.6149123, 6.243635)
(1.244256, 0.6315877, 6.264406)
(1.259531, 0.6678591, 0.02173643)
(1.272245, 0.6971412, 0.05620355)
(1.281893, 0.7134352, 0.07801128)
(1.28568, 0.7099163, 0.08085534)
(1.287968, 0.7007979, 0.07843171)
(1.284325, 0.6785803, 0.06474011)
(1.275006, 0.6567355, 0.05192283)
(1.264452, 0.6433636, 0.04591444)
(1.256915, 0.6367935, 0.046803)
(1.249979, 0.6333785, 0.05119815)
(1.246068, 0.6259031, 0.05091674)
(1.243707, 0.6155056, 0.04746213)
(1.244534, 0.6072728, 0.04474579)
(1.245977, 0.6011165, 0.04378913)
(1.250555, 0.6106225, 0.05625582)
(1.252952, 0.6256051, 0.07429107)
(1.252971, 0.6320798, 0.08391668)
(1.252496, 0.6353669, 0.09063946)
(1.250618, 0.6353295, 0.09463767)
(1.247671, 0.6260543, 0.09208367)
(1.243795, 0.6153368, 0.08779944)
(1.241542, 0.6120822, 0.08909905)
(1.241229, 0.6115533, 0.09214521)
(1.242715, 0.6132342, 0.0961706)
(1.243026, 0.6136371, 0.09901275)
(1.243416, 0.6153349, 0.1019136)
(1.242389, 0.6142136, 0.1029625)
(1.235369, 0.6008232, 0.09329505)
(1.231199, 0.5862581, 0.08224066)
(1.227713, 0.5678746, 0.06653804)
(1.225625, 0.5595478, 0.05877718)
(1.224844, 0.5576321, 0.05622863)
(1.228408, 0.5702001, 0.06445099)
(1.232193, 0.589221, 0.07886276)
(1.234038, 0.6029943, 0.08927731)
(1.233804, 0.6068271, 0.0918627)
(1.229457, 0.5938371, 0.07961877)
(1.223963, 0.5777187, 0.06594827)
(1.218909, 0.5639372, 0.0527726)
(1.215716, 0.5645412, 0.04986419)
(1.215708, 0.57776, 0.05691874)
(1.21569, 0.6086311, 0.07824077)
(1.212975, 0.6191205, 0.08527893)
(1.211496, 0.6266956, 0.09075467)
(1.208775, 0.6294544, 0.09143858)
(1.201613, 0.620333, 0.08199964)
(1.196829, 0.6220134, 0.08155539)
(1.192625, 0.6244181, 0.08175058)
(1.194743, 0.64865, 0.1022)
(1.193542, 0.6786694, 0.1292583)
(1.184131, 0.7087492, 0.1605663)
(1.178628, 0.7179278, 0.1695988)
(1.175254, 0.7226545, 0.1741978)
(1.172375, 0.7309406, 0.1811958)
(1.168357, 0.7469602, 0.1936805)
(1.162678, 0.7641025, 0.2084586)
(1.157865, 0.7834995, 0.2263347)
(1.154759, 0.7953086, 0.2388127)
(1.152109, 0.8078341, 0.2520204)
(1.149076, 0.8074884, 0.2563304)
(1.144215, 0.8077057, 0.259253)
(1.135498, 0.8019953, 0.2560771)
(1.121958, 0.7942761, 0.2489299)
(1.108982, 0.7890908, 0.2424578)
(1.095813, 0.7871667, 0.2335756)
(1.089159, 0.794826, 0.2336265)
(1.092184, 0.8157252, 0.2506956)
(1.093079, 0.8361502, 0.2677854)
(1.097799, 0.8625109, 0.2912659)
(1.104549, 0.8802397, 0.3043987)
(1.117588, 0.8996381, 0.3168008)
(1.129552, 0.9178371, 0.3291881)
(1.141319, 0.9355163, 0.3411725)
(1.147697, 0.9552937, 0.3555375)
(1.150593, 0.9759908, 0.3702685)
(1.146666, 0.9824184, 0.3726175)
(1.142022, 0.9834568, 0.3708161)
(1.129385, 0.9728109, 0.3606253)
(1.122222, 0.9720719, 0.3583716)
(1.114836, 0.9704255, 0.3549933)
(1.110405, 0.9702305, 0.3537624)
(1.110267, 0.96898, 0.3513192)
(1.11127, 0.9716704, 0.3514632)
(1.116805, 0.9817029, 0.3564132)
(1.122942, 0.9913527, 0.3587119)
(1.125227, 0.9993337, 0.3608722)
(1.124433, 1.008896, 0.3652513)
(1.122025, 1.015243, 0.3677524)
(1.116814, 1.014219, 0.3645222)
(1.114066, 1.010423, 0.3581179)
(1.112754, 1.001941, 0.3483765)
(1.111926, 0.9981374, 0.3425038)
(1.111377, 1.001334, 0.3422979)
(1.112673, 1.004771, 0.3426683)
(1.114323, 1.009448, 0.3438576)
(1.115859, 1.015885, 0.3483405)
(1.116246, 1.019464, 0.3501971)
(1.116425, 1.019663, 0.3490933)
(1.116998, 1.016411, 0.3447323)
(1.116774, 1.009815, 0.337738)
(1.115947, 1.007854, 0.3350425)
(1.115851, 1.006702, 0.3343972)
(1.115251, 1.004917, 0.3340142)
(1.114275, 1.003822, 0.33377)
(1.114824, 1.000844, 0.332433)
(1.116996, 0.9965358, 0.3304622)
(1.118454, 0.9904347, 0.3263591)
(1.119283, 0.9851381, 0.3236584)
(1.1196, 0.9810544, 0.3232415)
(1.119365, 0.9772582, 0.3224306)
(1.117573, 0.9741946, 0.3239863)
(1.116189, 0.9684849, 0.3236803)
(1.116442, 0.9595429, 0.3195854)
(1.120965, 0.9475604, 0.3125586)
(1.123781, 0.9457121, 0.3152176)
(1.122531, 0.9488508, 0.3212273)
(1.119862, 0.9430649, 0.3186059)
(1.123421, 0.9322276, 0.3123569)
(1.127617, 0.9269949, 0.3095975)
(1.129304, 0.9263583, 0.3094685)
(1.125454, 0.9229252, 0.3076752)
(1.123404, 0.9136311, 0.3005387)
(1.123429, 0.8983679, 0.288042)
(1.12528, 0.8902843, 0.2830026)
(1.128368, 0.8903494, 0.2843729)
(1.130431, 0.8910996, 0.2864471)
(1.130551, 0.8935512, 0.2909992)
(1.130539, 0.8911436, 0.2919215)
(1.129894, 0.8914522, 0.2968505)
(1.131871, 0.8913853, 0.3018188)
(1.133317, 0.8896696, 0.3036511)
(1.137225, 0.885151, 0.3033475)
(1.140542, 0.8813631, 0.3035482)
(1.144274, 0.8769122, 0.3027794)
(1.147083, 0.8725929, 0.3019474)
(1.148488, 0.8654115, 0.2983113)
(1.15016, 0.8581455, 0.2944455)
(1.151936, 0.8488985, 0.2886875)
(1.15185, 0.8432598, 0.2855803)
(1.152696, 0.840917, 0.2860426)
(1.154814, 0.8410242, 0.2892037)
(1.157998, 0.8359132, 0.2874501)
(1.16097, 0.8311633, 0.2851829)
(1.163773, 0.8314803, 0.2879867)
(1.163569, 0.8347823, 0.2951105)
(1.164086, 0.8334941, 0.2972661)
(1.163791, 0.8325159, 0.3010333)
(1.16401, 0.8293927, 0.3033279)
(1.166188, 0.825853, 0.3043412)
(1.169091, 0.8214259, 0.3040337)
(1.171236, 0.8159926, 0.302747)
(1.173023, 0.814684, 0.3051946)
(1.174124, 0.8151354, 0.3093284)
(1.174007, 0.8205884, 0.31784)
(1.174719, 0.8230106, 0.323552)
(1.175122, 0.8241107, 0.3289221)
(1.17582, 0.8241906, 0.3341152)
(1.176844, 0.8232779, 0.3372822)
(1.17729, 0.8200569, 0.3382569)
(1.178287, 0.8191991, 0.3416497)
(1.179231, 0.8204315, 0.346799)
(1.179154, 0.8218858, 0.3520707)
