0.3123301
0.2639573
0.2405259
0.2246217
0.2077986
0.1992747
0.1818396
0.1639859
0.152353
0.0692057
0.1961282
0.188915
0.1249011
0.09660494
0.1059008
0.1021761
0.1014079
0.09931941
0.093537
0.09085017
0.1051702
0.1142923
0.1103075
0.1151581
0.1099728
0.09657419
0.09381842
0.09009578
0.09409656
0.09052025
0.06302225
0.06553412
0.07233519
0.06890319
0.07033183
0.07164486
0.07056559
0.06808258
0.06804313
0.06824104
0.06662188
0.06669039
0.06526147
0.06735975
0.06452942
0.06237343
0.06164907
0.06431551
0.05985852
0.05773212
0.05680044
0.05274838
0.0511585
MSE 0.107914
total_moving_Distance 0.7270522