(5.357488, 1.148463, 5.700016)
(5.355665, 1.146273, 5.702616)
(5.355094, 1.143821, 5.705187)
(5.355392, 1.143899, 5.704864)
(5.355669, 1.145143, 5.703704)
(5.356066, 1.147348, 5.701628)
(5.356369, 1.147329, 5.701307)
(5.356179, 1.145827, 5.702729)
(5.35592, 1.144723, 5.703584)
(5.356278, 1.145936, 5.702484)
(5.355384, 1.145873, 5.702853)
(5.356466, 1.145412, 5.702729)
(5.356973, 1.146877, 5.701419)
(5.357038, 1.146988, 5.701095)
(5.355441, 1.145838, 5.702234)
(5.35463, 1.146185, 5.701711)
(5.353787, 1.145867, 5.702813)
(5.354921, 1.145037, 5.702975)
(5.355221, 1.146398, 5.702526)
(5.355268, 1.146007, 5.702404)
(5.356363, 1.145763, 5.702262)
(5.355582, 1.142739, 5.704397)
(5.354754, 1.142667, 5.70458)
(5.353877, 1.143507, 5.703918)
(5.352993, 1.142639, 5.704343)
(5.352799, 1.141855, 5.704951)
(5.355298, 1.144728, 5.701185)
(5.357854, 1.147651, 5.697918)
(5.359518, 1.148244, 5.696939)
(5.359524, 1.14647, 5.698494)
(5.358876, 1.14585, 5.698735)
(5.358344, 1.146657, 5.697773)
(5.356597, 1.147249, 5.697401)
(5.355678, 1.146945, 5.697414)
(5.356439, 1.147802, 5.696558)
(5.356511, 1.147903, 5.696543)
(5.355875, 1.148317, 5.696187)
(5.355436, 1.147291, 5.697133)
(5.35272, 1.148031, 5.696658)
(5.351677, 1.149252, 5.695685)
(5.350736, 1.149049, 5.696022)
(5.351254, 1.14743, 5.697438)
(5.352107, 1.147807, 5.697112)
(5.352437, 1.147761, 5.6971)
(5.349578, 1.148402, 5.697444)
(5.349265, 1.145514, 5.700332)
(5.349391, 1.142618, 5.702665)
(5.350605, 1.14334, 5.702228)
(5.350846, 1.145066, 5.699814)
(5.351291, 1.146714, 5.698446)
(5.351063, 1.146091, 5.699028)
(5.351411, 1.142812, 5.701959)
(5.352488, 1.143058, 5.701504)
(5.353505, 1.144162, 5.700334)
(5.353947, 1.145091, 5.699156)
(5.354076, 1.145579, 5.698956)
(5.354362, 1.143073, 5.70097)
(5.354562, 1.143549, 5.700473)
(5.354454, 1.144114, 5.700027)
(5.353796, 1.143903, 5.699818)
(5.354122, 1.144153, 5.699603)
(5.35501, 1.143925, 5.699659)
(5.355785, 1.143791, 5.699718)
(5.356515, 1.145069, 5.698865)
(5.35708, 1.144227, 5.69943)
(5.356461, 1.144333, 5.699686)
(5.356846, 1.144502, 5.699288)
(5.357025, 1.144787, 5.699163)
(5.35735, 1.144091, 5.699748)
(5.357369, 1.144166, 5.699635)
(5.357618, 1.144823, 5.699145)
(5.358448, 1.145793, 5.698559)
(5.359056, 1.146017, 5.698285)
(5.358157, 1.14506, 5.699595)
(5.356925, 1.14412, 5.700395)
(5.357211, 1.146292, 5.698376)
(5.357529, 1.146661, 5.698144)
(5.357637, 1.146225, 5.698583)
(5.357347, 1.146433, 5.69892)
(5.355604, 1.144459, 5.70113)
(5.354538, 1.143524, 5.702579)
(5.353962, 1.143832, 5.702203)
(5.352816, 1.144025, 5.702483)
(5.351331, 1.143928, 5.702588)
(5.348426, 1.142808, 5.704017)
(5.346641, 1.142076, 5.704973)
(5.344821, 1.139938, 5.707029)
(5.34371, 1.136624, 5.710347)
(5.344692, 1.137736, 5.709642)
(5.349482, 1.139877, 5.707508)
(5.351365, 1.140278, 5.706791)
(5.352173, 1.140218, 5.706723)
(5.348686, 1.138633, 5.708736)
(5.344975, 1.136437, 5.711147)
(5.343527, 1.135509, 5.712759)
(5.34337, 1.133914, 5.714137)
(5.345237, 1.136357, 5.711611)
(5.344454, 1.137101, 5.711103)
(5.342196, 1.136437, 5.711693)
(5.337471, 1.134389, 5.713972)
(5.333697, 1.130767, 5.717566)
(5.330322, 1.127047, 5.72157)
(5.329231, 1.126163, 5.722931)
(5.328803, 1.124712, 5.723956)
(5.328293, 1.126036, 5.722263)
(5.327625, 1.127877, 5.720583)
(5.326836, 1.127402, 5.721066)
(5.327608, 1.125433, 5.723373)
(5.327882, 1.123209, 5.725732)
(5.327922, 1.120951, 5.728312)
(5.329417, 1.121267, 5.72834)
(5.330224, 1.122078, 5.728298)
(5.332787, 1.122452, 5.728463)
(5.337075, 1.123328, 5.727845)
(5.338745, 1.123057, 5.728522)
(5.339404, 1.122929, 5.729016)
(5.340004, 1.123269, 5.730151)
(5.343225, 1.123149, 5.73078)
(5.34674, 1.123896, 5.730656)
(5.351621, 1.124542, 5.73254)
(5.357878, 1.123271, 5.735208)
(5.364399, 1.125133, 5.73469)
(5.373922, 1.12566, 5.736561)
(5.37853, 1.123608, 5.74093)
(5.388178, 1.121602, 5.750889)
(5.411514, 1.120713, 5.764634)
(5.447385, 1.126965, 5.773242)
(5.495158, 1.119934, 5.805741)
(5.520813, 1.05922, 5.880667)
(5.564486, 0.9541543, 6.00462)
(5.619071, 0.8721061, 6.098263)
(5.687795, 0.7985286, 6.163511)
(5.74509, 0.864786, 6.092409)
(5.863714, 0.8643549, 6.121424)
(5.920634, 0.8593587, 6.160711)
(5.946757, 0.8573273, 6.183475)
(5.985447, 0.8711438, 6.199065)
(6.012472, 0.8688596, 6.232882)
(5.967308, 0.9113739, 6.22157)
(5.928053, 0.9200602, 6.232797)
(5.913835, 0.9309888, 6.246713)
(5.893393, 0.9174462, 6.236117)
(5.868456, 0.9182196, 6.260523)
(5.836651, 0.9349955, 6.282984)
(5.858258, 0.9545891, 6.282434)
(5.894547, 0.9561734, 0.003893364)
(5.941562, 0.9530155, 0.01576653)
(5.966464, 0.9493521, 0.0294731)
(5.978136, 0.943423, 0.04236365)
(5.961148, 0.9430959, 0.04501171)
(5.929173, 0.96054, 0.02906629)
(5.911864, 0.9691259, 0.02542605)
(5.860438, 0.9655134, 0.02760166)
(5.830867, 0.9478467, 0.0423643)
(5.812317, 0.9370962, 0.05299076)
(5.80179, 0.9339189, 0.04959107)
(5.783283, 0.9324409, 0.04038682)
(5.764102, 0.9268338, 0.03781153)
(5.745785, 0.9233897, 0.02949663)
(5.728594, 0.9218919, 0.02044489)
(5.712669, 0.9206159, 0.01168621)
(5.699556, 0.9430857, 6.250064)
(5.67403, 0.9589612, 6.216039)
(5.647783, 0.9727648, 6.178443)
(5.627406, 0.9791362, 6.151086)
(5.604796, 0.976596, 6.138223)
(5.586473, 0.979024, 6.119947)
(5.575792, 0.9966965, 6.079713)
(5.560283, 1.016389, 6.042811)
(5.537105, 1.042319, 6.00088)
(5.502776, 1.067764, 5.961994)
(5.471972, 1.088284, 5.928104)
(5.445293, 1.108848, 5.895072)
(5.431999, 1.134379, 5.855893)
(5.426693, 1.165068, 5.808725)
(5.419838, 1.193182, 5.764724)
(5.412019, 1.210944, 5.730057)
(5.40432, 1.22895, 5.696668)
(5.397125, 1.255344, 5.654627)
(5.391023, 1.272801, 5.610157)
(5.381646, 1.284089, 5.575986)
(5.363852, 1.274323, 5.564357)
(5.346315, 1.270647, 5.552009)
(5.330074, 1.258953, 5.553074)
(5.318911, 1.25452, 5.547964)
(5.3213, 1.246016, 5.558387)
(5.328238, 1.245543, 5.554192)
(5.345991, 1.250845, 5.545799)
(5.360812, 1.247765, 5.541254)
(5.381074, 1.233407, 5.545188)
(5.405689, 1.168154, 5.626578)
(5.423347, 1.116263, 5.661429)
(5.474768, 1.140395, 5.608322)
(5.486277, 1.14573, 5.618505)
(5.436737, 1.121205, 5.665109)
(5.381134, 1.073529, 5.751204)
(5.364253, 0.977553, 5.921684)
(5.367864, 1.047222, 5.838123)
(5.340027, 1.063697, 5.81398)
(5.353158, 1.03349, 5.803129)
(5.426067, 1.051489, 5.7413)
(5.463652, 1.193895, 5.632432)
(5.445491, 1.257547, 5.585562)
(5.370343, 1.229731, 5.592137)
(5.33158, 1.259293, 5.566506)
(5.325943, 1.336496, 5.525872)
(5.320302, 1.340679, 5.53358)
(5.330381, 1.240971, 5.618119)
(5.390442, 1.137897, 5.706855)
(5.435551, 1.093283, 5.745914)
(5.432727, 1.083336, 5.747645)
(5.415096, 1.054069, 5.775113)
(5.355941, 1.052253, 5.789483)
(5.31503, 1.154848, 5.699944)
(5.301704, 1.177641, 5.681274)
(5.290774, 1.199856, 5.655083)
(5.294634, 1.205526, 5.650168)
(5.344958, 1.190407, 5.663558)
(5.372387, 1.177094, 5.673861)
(5.381355, 1.136756, 5.704934)
(5.35378, 1.10225, 5.733713)
(5.334597, 1.109919, 5.732318)
(5.318756, 1.132846, 5.71731)
(5.301198, 1.16122, 5.690296)
(5.297925, 1.188354, 5.663275)
(5.304739, 1.199178, 5.653921)
(5.330636, 1.173455, 5.675019)
(5.341917, 1.155388, 5.68999)
(5.347029, 1.136672, 5.706089)
(5.341247, 1.13009, 5.712234)
(5.325492, 1.138696, 5.707231)
(5.320009, 1.159347, 5.688858)
(5.321037, 1.164689, 5.682542)
(5.329071, 1.167152, 5.678639)
(5.335267, 1.160952, 5.684219)
(5.33081, 1.154476, 5.691303)
(5.328566, 1.150113, 5.69613)
(5.324806, 1.151899, 5.694135)
(5.3245, 1.152848, 5.693481)
(5.327515, 1.16236, 5.68367)
(5.332832, 1.159549, 5.685621)
(5.333189, 1.160244, 5.683657)
(5.331079, 1.164428, 5.680496)
(5.328499, 1.167898, 5.677015)
(5.325572, 1.168284, 5.67777)
(5.321131, 1.164932, 5.681566)
(5.324317, 1.160424, 5.685452)
(5.326162, 1.157534, 5.688042)
(5.329739, 1.159507, 5.685687)
(5.332302, 1.16987, 5.675691)
(5.332943, 1.172019, 5.673553)
(5.333103, 1.168691, 5.676842)
(5.331337, 1.161297, 5.684358)
(5.326514, 1.15581, 5.689983)
(5.324923, 1.156353, 5.690218)
(5.325571, 1.161489, 5.685534)
(5.329163, 1.163576, 5.68346)
(5.33764, 1.164572, 5.68229)
(5.337644, 1.160302, 5.685308)
(5.334561, 1.162091, 5.684546)
(5.328483, 1.166324, 5.681183)
(5.326372, 1.1641, 5.683826)
(5.326444, 1.163152, 5.685104)
(5.332297, 1.156242, 5.691283)
(5.334153, 1.155754, 5.690728)
(5.334213, 1.158282, 5.688445)
(5.331718, 1.16934, 5.677589)
(5.329623, 1.170041, 5.677518)
(5.330153, 1.16926, 5.678766)
(5.333849, 1.15718, 5.689803)
(5.335429, 1.151803, 5.694137)
(5.335675, 1.154511, 5.69156)
(5.332137, 1.171565, 5.676)
(5.333278, 1.173924, 5.674201)
(5.33608, 1.165744, 5.681411)
(5.33478, 1.152766, 5.693007)
(5.328684, 1.161016, 5.686133)
(5.325425, 1.167219, 5.68123)
(5.325469, 1.165818, 5.682831)
(5.328364, 1.162691, 5.685279)
(5.33663, 1.149872, 5.696557)
(5.336619, 1.156844, 5.688515)
(5.334775, 1.174789, 5.67305)
(5.333353, 1.171999, 5.675451)
(5.328174, 1.168846, 5.678491)
(5.323891, 1.170272, 5.679963)
(5.332534, 1.150988, 5.696964)
(5.328425, 1.14562, 5.700801)
(5.324557, 1.171427, 5.677415)
(5.327169, 1.190335, 5.660816)
(5.335435, 1.17198, 5.677885)
(5.335799, 1.142568, 5.703113)
(5.326309, 1.151704, 5.696794)
(5.324713, 1.166624, 5.686503)
(5.331697, 1.159076, 5.692853)
(5.344889, 1.157686, 5.693212)
(5.354043, 1.164279, 5.687243)
(5.355071, 1.165058, 5.686108)
(5.344914, 1.158822, 5.692002)
(5.332063, 1.162418, 5.689533)
(5.325565, 1.163427, 5.689652)
(5.324073, 1.159754, 5.692694)
(5.329895, 1.151515, 5.699286)
(5.342297, 1.159545, 5.691064)
(5.348563, 1.161047, 5.690009)
(5.352133, 1.15824, 5.691735)
(5.352913, 1.157002, 5.692649)
(5.348159, 1.157902, 5.692515)
(5.344067, 1.157983, 5.692699)
(5.343152, 1.156502, 5.694447)
(5.345441, 1.15443, 5.696501)
(5.347882, 1.153726, 5.696956)
(5.348065, 1.153341, 5.69732)
(5.343866, 1.152721, 5.698715)
(5.341601, 1.149799, 5.702348)
(5.340511, 1.145457, 5.706908)
(5.342389, 1.143069, 5.708831)
(5.345608, 1.142093, 5.709579)
(5.348075, 1.14582, 5.704447)
(5.347408, 1.150854, 5.69981)
(5.34565, 1.153624, 5.697267)
(5.345356, 1.148457, 5.701855)
(5.346769, 1.14577, 5.704664)
(5.348077, 1.144047, 5.705867)
(5.347872, 1.146409, 5.703511)
(5.34554, 1.151102, 5.699674)
(5.344904, 1.150651, 5.700125)
(5.344938, 1.144404, 5.705856)
(5.344611, 1.142753, 5.707177)
(5.3451, 1.146102, 5.704138)
(5.345125, 1.148805, 5.701168)
(5.346044, 1.150303, 5.699434)
(5.346742, 1.149614, 5.700153)
(5.346799, 1.146245, 5.702902)
(5.34588, 1.146302, 5.702868)
(5.344815, 1.147676, 5.701866)
(5.344497, 1.151325, 5.698531)
(5.346731, 1.150811, 5.699586)
(5.349245, 1.143388, 5.706263)
(5.349143, 1.142105, 5.707543)
(5.345983, 1.146155, 5.70395)
(5.343718, 1.149484, 5.701163)
(5.344218, 1.14918, 5.701238)
