(0.7362843, 0.00485396, 0.3241062)
(0.7374414, 0.006064842, 0.3228766)
(0.7385782, 0.007107571, 0.3223038)
(0.7396053, 0.009111728, 0.3218799)
(0.7404109, 0.01290507, 0.3227264)
(0.740257, 0.01551544, 0.3238323)
(0.7401798, 0.01821725, 0.3248107)
(0.7389839, 0.02005441, 0.3257902)
(0.7385044, 0.02140317, 0.3265788)
(0.7381365, 0.02267347, 0.3275043)
(0.7382894, 0.0227324, 0.3281941)
(0.7386601, 0.02290104, 0.3283301)
(0.7395289, 0.02232005, 0.3276637)
(0.7401593, 0.02280966, 0.3278621)
(0.7412404, 0.02414938, 0.3283341)
(0.7424985, 0.0254974, 0.3289332)
(0.7437574, 0.02649943, 0.3295494)
(0.7451934, 0.02801741, 0.3306218)
(0.7470359, 0.03081667, 0.3323247)
(0.7489066, 0.03403759, 0.3344137)
(0.7498742, 0.03725341, 0.336233)
(0.7507277, 0.04152636, 0.338319)
(0.7508286, 0.04614703, 0.3404428)
(0.7474736, 0.05121553, 0.342952)
(0.7432874, 0.05653493, 0.3457071)
(0.7366633, 0.06400882, 0.3508884)
(0.7323111, 0.07099511, 0.35625)
(0.7295448, 0.07902485, 0.3633167)
(0.7282082, 0.08829734, 0.3707329)
(0.72738, 0.09869363, 0.37953)
(0.7280421, 0.1082191, 0.3874956)
(0.7293912, 0.1166765, 0.3943443)
(0.7329054, 0.1244733, 0.4001997)
(0.7373155, 0.1324848, 0.4060035)
(0.741124, 0.1406463, 0.4118632)
(0.7455108, 0.1488705, 0.4170673)
(0.7508878, 0.1550792, 0.4207407)
(0.7556739, 0.1613168, 0.4235869)
(0.7592801, 0.1686219, 0.4282929)
(0.7648287, 0.1714911, 0.4264534)
(0.767859, 0.1766944, 0.4281391)
(0.771629, 0.1828238, 0.4310211)
(0.7753932, 0.1889733, 0.4339399)
(0.7749197, 0.1867586, 0.4285607)
(0.7784426, 0.1894799, 0.4286907)
(0.7822348, 0.1924852, 0.4290294)
(0.7858675, 0.1967521, 0.4300151)
(0.7894439, 0.1944003, 0.4275024)
(0.7929744, 0.1976457, 0.4281964)
(0.7963259, 0.2005365, 0.4285863)
(0.8019552, 0.2062621, 0.4364745)
(0.8052495, 0.209087, 0.4387896)
(0.809514, 0.2093235, 0.4384367)
(0.8127785, 0.2126508, 0.4407182)
(0.8151931, 0.2167747, 0.4431326)
(0.8182456, 0.2193159, 0.4438995)
(0.8204114, 0.2208409, 0.4438649)
(0.8226041, 0.220572, 0.4422106)
(0.8243617, 0.222246, 0.4429107)
(0.8262405, 0.2210744, 0.4416812)
(0.828, 0.2220383, 0.4414557)
(0.829525, 0.2227673, 0.4411308)
(0.8302524, 0.2234799, 0.4403483)
(0.8308285, 0.2219611, 0.4369703)
(0.8310745, 0.2214908, 0.4340132)
(0.8319683, 0.2210377, 0.432067)
(0.8327455, 0.221878, 0.429722)
(0.8325028, 0.2236274, 0.4277421)
(0.8326036, 0.2247746, 0.4257028)
(0.8313384, 0.2259687, 0.4231215)
(0.8302794, 0.2269904, 0.4201282)
(0.8294699, 0.2282152, 0.4177336)
(0.8295776, 0.2294744, 0.4154761)
(0.8298817, 0.229857, 0.4127714)
(0.830671, 0.228892, 0.409669)
(0.8316499, 0.2277302, 0.4055217)
(0.8373687, 0.2273092, 0.4018534)
(0.846173, 0.2264867, 0.3983714)
(0.8546154, 0.2246126, 0.3943959)
(0.8660934, 0.2185647, 0.3875167)
(0.8794024, 0.2039618, 0.3737852)
(0.8947101, 0.1889553, 0.3614357)
(0.9228824, 0.1688559, 0.3446785)
(0.9441382, 0.1546009, 0.3286868)
(0.9474294, 0.1406819, 0.3130964)
(0.9406643, 0.1236897, 0.2980871)
(0.934557, 0.1062819, 0.2868264)
(0.9369781, 0.09018718, 0.2775188)
(0.9459397, 0.07619893, 0.2714572)
(0.9539762, 0.0552447, 0.2570933)
(0.9621727, 0.03769554, 0.2471006)
(0.9711731, 0.0232879, 0.2407364)
(0.9776714, 0.006792238, 0.2305716)
(0.9841076, 6.270103, 0.2169319)
(0.9909606, 6.250073, 0.2028845)
(0.9981464, 6.230427, 0.1886135)
(1.005241, 6.211207, 0.1748121)
(1.010655, 6.192897, 0.1624545)
(1.014935, 6.176511, 0.1527839)
(1.019072, 6.160143, 0.1433263)
(1.022475, 6.146249, 0.1358183)
(1.025578, 6.132083, 0.1280287)
(1.026439, 6.119689, 0.1213803)
(1.02669, 6.107498, 0.1152075)
(1.025202, 6.094329, 0.1079543)
(1.024932, 6.082147, 0.10197)
(1.024804, 6.070132, 0.09591752)
(1.024936, 6.061108, 0.0935506)
(1.025455, 6.051547, 0.09092528)
(1.026831, 6.04529, 0.09055445)
(1.027138, 6.03719, 0.08846575)
(1.027316, 6.028872, 0.08549986)
(1.027655, 6.020964, 0.08181414)
(1.027915, 6.012553, 0.07767074)
(1.027693, 6.003622, 0.07346585)
(1.027825, 5.995678, 0.06969884)
(1.028119, 5.989108, 0.06756689)
(1.028477, 5.983345, 0.06642193)
(1.029048, 5.97641, 0.06474409)
(1.029279, 5.970239, 0.06406788)
(1.029697, 5.964918, 0.0635196)
(1.029923, 5.95898, 0.06248878)
(1.029615, 5.953831, 0.0621379)
(1.030747, 5.949052, 0.06242078)
(1.030916, 5.946671, 0.06464959)
(1.030184, 5.941324, 0.06400598)
(1.032007, 5.936688, 0.06489445)
(1.032189, 5.934664, 0.06689554)
(1.03267, 5.93121, 0.06748085)
(1.033647, 5.928589, 0.06890476)
(1.033185, 5.926161, 0.06980721)
(1.032881, 5.925361, 0.07244439)
(1.032394, 5.924891, 0.07568576)
(1.029888, 5.926075, 0.08017849)
(1.027894, 5.925828, 0.08315281)
(1.025982, 5.926994, 0.08753963)
(1.022547, 5.932596, 0.09472275)
(1.020101, 5.938801, 0.1025696)
(1.019376, 5.943241, 0.1090832)
(1.017617, 5.94811, 0.1151457)
(1.016779, 5.951926, 0.1210108)
(1.019332, 5.953317, 0.1235936)
(1.016171, 5.957565, 0.1267491)
(1.010434, 5.959316, 0.1303589)
(1.011094, 5.964117, 0.1367641)
(1.013726, 5.968546, 0.1426031)
(1.017538, 5.97282, 0.1487211)
(1.020581, 5.97793, 0.1555803)
(1.022837, 5.980548, 0.1611463)
(1.027207, 5.980493, 0.163765)
(1.033192, 5.983149, 0.1676952)
(1.039887, 5.988595, 0.1721312)
(1.046031, 5.99278, 0.1758772)
(1.056038, 5.999421, 0.1803412)
(1.070309, 6.013946, 0.1877677)
(1.076579, 6.029267, 0.1984276)
(1.081061, 6.041574, 0.2075462)
(1.0811, 6.052806, 0.2153791)
(1.077636, 6.065257, 0.2251806)
(1.07954, 6.07226, 0.2303887)
(1.080257, 6.077832, 0.2330762)
(1.080566, 6.084973, 0.2375481)
(1.081957, 6.094581, 0.2445263)
(1.084642, 6.104697, 0.2514105)
(1.086241, 6.115516, 0.2591955)
(1.088485, 6.126848, 0.2678716)
(1.092919, 6.138329, 0.2752217)
(1.095558, 6.149094, 0.2822528)
(1.099316, 6.161843, 0.2904305)
(1.100725, 6.172758, 0.2968382)
(1.101572, 6.182539, 0.3023091)
(1.103094, 6.19268, 0.3069418)
(1.104495, 6.20317, 0.3115915)
(1.105654, 6.213651, 0.3155546)
(1.106324, 6.223166, 0.3188739)
(1.106618, 6.23219, 0.3220703)
(1.106138, 6.241292, 0.324641)
(1.106127, 6.249653, 0.3266297)
(1.105228, 6.258412, 0.329186)
(1.105284, 6.268199, 0.3329233)
(1.104952, 6.278567, 0.3368316)
(1.103995, 0.003788077, 0.3403971)
(1.101929, 0.01145023, 0.343985)
(1.099862, 0.01809628, 0.3463783)
(1.097709, 0.02376517, 0.3475007)
(1.096081, 0.0285585, 0.3480614)
(1.094111, 0.03532775, 0.3503894)
(1.091212, 0.04049023, 0.3514429)
(1.087638, 0.04487043, 0.3517172)
(1.083901, 0.0503171, 0.3525984)
(1.079563, 0.05366454, 0.3521486)
(1.075636, 0.05772501, 0.3526265)
(1.071626, 0.06184196, 0.3528428)
(1.067471, 0.06459803, 0.3524962)
(1.06399, 0.06806335, 0.3526892)
(1.060573, 0.0718237, 0.3533536)
(1.057625, 0.07451543, 0.3535276)
(1.053943, 0.07663744, 0.3527683)
(1.04971, 0.0779971, 0.351888)
(1.045454, 0.07869347, 0.3514267)
(1.041118, 0.07907477, 0.3508245)
(1.03655, 0.07925697, 0.350564)
(1.031782, 0.07868847, 0.3494217)
(1.026708, 0.07802538, 0.3486638)
(1.021111, 0.07746734, 0.3483479)
(1.014291, 0.07444882, 0.3465887)
(1.008151, 0.07155032, 0.3449194)
(1.000736, 0.06628152, 0.3426101)
(0.995161, 0.05983508, 0.3391598)
(0.9915538, 0.05328677, 0.3351302)
(0.9866224, 0.04450388, 0.3289581)
(0.9817034, 0.03308576, 0.3217199)
(0.9756302, 0.02196293, 0.3156143)
(0.9698987, 0.01264576, 0.311389)
(0.9561977, 0.002598976, 0.3101533)
(0.9391128, 6.279513, 0.3148069)
(0.9442518, 6.274361, 0.3204751)
(0.9582689, 6.264922, 0.3104338)
(0.9569032, 6.251179, 0.297044)
(0.9562683, 6.242345, 0.2890488)
(0.9521833, 6.230324, 0.2780274)
(0.9463628, 6.213875, 0.2654211)
(0.944685, 6.196526, 0.2524829)
(0.9474658, 6.189675, 0.2468591)
(0.9432541, 6.184245, 0.2431014)
(0.938232, 6.182079, 0.2433494)
(0.9322826, 6.183994, 0.2482175)
(0.9260455, 6.17937, 0.2471768)
(0.9214107, 6.177748, 0.2485322)
(0.9160447, 6.178011, 0.2501673)
(0.9107022, 6.175602, 0.2502249)
(0.9066554, 6.173485, 0.2510573)
(0.9045839, 6.170898, 0.2517523)
(0.905394, 6.169933, 0.2533729)
(0.9068195, 6.171859, 0.2566423)
(0.908268, 6.172458, 0.258129)
(0.9092394, 6.172657, 0.2593595)
(0.9091088, 6.172959, 0.2599222)
(0.9084275, 6.174118, 0.2605357)
(0.906833, 6.175605, 0.260647)
(0.9042778, 6.177598, 0.2615361)
(0.9017586, 6.181, 0.2632035)
(0.9002012, 6.184031, 0.2641707)
