(460.5789, 84.24673, -1920.356)
(124.427, 257.0885, 20.65147)
(93.51276, 170.8791, -24.68608)
(50.87581, 131.6331, 1.336994)
(121.0365, 213.8284, -1.000135)
(57.97313, 120.9954, 10.44705)
(151.0393, 306.1507, 14.53403)
(125.6002, 268.3355, 14.48693)
(0, 0, 0)
(153.7277, 328.868, 15.37638)
(84.34277, 172.941, 9.823491)
(98.58796, 210.8459, 4.624224)
(0, 0, 0)
(91.14878, 181.0945, 6.892801)
(144.8485, 268.9337, -2.62508)
(81.69553, 156.0291, -3.289166)
(104.3088, 149.4141, 2.266048)
(0, 0, 0)
(73.9402, 98.1792, -1.91745)
(141.8799, 161.9067, 9.146179)
(94.3617, 63.08054, 4.840647)
(72.65315, 43.01717, 3.653604)
(72.16097, 38.18349, 6.754856)
(78.3699, -28.64748, 4.986922)
(88.81377, -24.60811, 5.278908)
(43.13844, -38.47108, 3.738403)
(66.01228, -53.79383, 6.932719)
(123.8535, -169.5715, 22.47631)
(105.7742, -183.2725, 20.01212)
(66.13988, -146.1516, 14.33619)
(65.0946, -164.9082, 14.85321)
(65.41531, -191.8271, 16.20223)
(38.14131, -105.2265, 9.755808)
(87.48842, -313.2481, 28.11826)
(58.63688, -189.2644, 17.07997)
(103.8623, -277.4282, 40.81531)
(55.55825, -180.6301, 10.75711)
(61.34259, -177.9182, 12.08085)
(72.57365, -201.4568, 13.62404)
(45.13158, -212.162, -2.672209)
(30.97059, -169.0925, 8.199619)
(50.6284, -163.017, 36.52618)
(48.67662, -159.3951, 30.67402)
(37.62654, -172.6877, 20.49793)
(25.20739, -141.3741, 35.82332)
(24.51478, -112.1982, 31.14089)
(8.870452, -80.24316, 12.66409)
(5.868361, -94.08694, 0.2909161)
(5.75196, -97.18027, 8.993401)
(-37.89673, -96.47, -7.888758)
(-14.78513, -53.07505, 4.993214)
(-36.10086, -66.78408, 4.17453)
