(301.144, 56.17959, 314.7818)
(301.7832, 57.83803, 314.1092)
(302.994, 58.77477, 312.4064)
(303.6806, 56.7175, 313.5996)
(303.0111, 54.39178, 315.1308)
(302.2217, 52.02023, 317.7565)
(301.0459, 52.29292, 318.3562)
(299.5292, 53.27068, 320.4122)
(302.3677, 48.88454, 326.9949)
(303.2662, 49.62772, 328.1531)
(303.307, 50.932, 328.268)
(302.8981, 49.16265, 330.4736)
(303.0704, 46.87057, 332.9219)
(304.2339, 43.25661, 335.5605)
(306.679, 40.39084, 337.7669)
(308.8069, 38.65534, 339.2538)
(309.9578, 39.17904, 338.729)
(310.6699, 40.22568, 338.3742)
(315.3201, 38.77541, 341.9408)
(315.3201, 38.77541, 341.9408)
(315.9036, 38.49974, 342.83)
(316.2598, 37.7117, 343.6581)
(316.8201, 37.2773, 344.1241)
(317.5099, 37.36955, 343.9028)
(318.5305, 37.52961, 343.7473)
(319.4388, 38.15496, 342.958)
(319.8448, 38.27028, 342.5781)
(320.122, 37.90638, 342.2848)
(320.8382, 37.64907, 342.2394)
(321.4897, 38.08189, 342.1598)
(321.0121, 38.49474, 342.422)
(320.4927, 38.41906, 343.2983)
(320.0396, 37.88575, 344.6999)
(319.8916, 36.87865, 346.4335)
(319.7784, 36.1283, 347.9044)
(319.6949, 34.99466, 349.727)
(319.9777, 33.6749, 351.6743)
(320.2146, 32.42809, 353.3633)
(320.1809, 31.35497, 354.5013)
(320.2967, 30.29141, 355.4328)
(320.7918, 29.28871, 356.3174)
(322.0315, 28.41009, 356.9559)
(323.7057, 27.77352, 357.5027)
(325.2625, 27.12737, 358.1599)
(329.0493, 26.55155, 358.0415)
(329.0493, 26.55155, 358.0415)
(328.7215, 25.91317, 357.893)
(327.56, 24.74705, 357.7696)
(325.7466, 23.91418, 357.3151)
(324.7255, 23.42928, 356.9116)
(323.9688, 23.29151, 356.3604)
(324.1152, 23.6269, 355.8434)
(325.2405, 24.02384, 354.7928)
(326.6722, 24.06421, 353.9411)
(327.8892, 24.64417, 353.0227)
(328.0667, 25.33649, 352.7149)
(328.5853, 27.6133, 351.0193)
(322.8424, 31.72392, 346.6451)
(318.2956, 28.66584, 346.4185)
(316.7809, 28.64964, 344.7301)
(315.192, 30.46718, 341.3108)
(314.6225, 31.75827, 338.3643)
(313.7015, 33.59158, 335.4616)
(312.2881, 37.58018, 330.6196)
