0.2171362
0.1966984
0.1744405
0.1546719
0.1391224
0.1273423
0.1245869
0.1163674
0.13839
0.06641337
0.04148063
0.07689193
0.07435387
0.06338348
0.04521862
0.03928049
0.02599106
0.01549126
0.01217292
0.007532747
0.008726967
0.006998125
0.01872076
0.05129033
0.07522859
0.01526778
0.01833615
0.01524973
0.01574641
0.01172781
0.01624639
0.01780705
0.01516861
0.01675802
0.009454711
0.005180716
0.006952856
0.01426406
0.01510242
0.0138774
0.01022966
0.01127292
0.008708887
0.01140491
0.00990737
0.007889202
0.01365265
0.01406167
0.01142441
0.01128357
0.01290445
0.01414868
0.01185099
0.00794367
0.01035046
MSE 0.0434928
total_moving_Distance 0.5034118