(0.07835782, -0.1346816, -0.06167471)
(0.07842517, -0.1347616, -0.06175041)
(0.07853091, -0.1346873, -0.06211543)
(0.07850206, -0.1346929, -0.06218737)
(0.07847774, -0.1348681, -0.06252915)
(0.07854593, -0.1349175, -0.06274408)
(0.07857084, -0.1349063, -0.06272793)
(0.07849884, -0.1348944, -0.06274688)
(0.0786041, -0.1350695, -0.06282586)
(0.07850587, -0.1349581, -0.0628956)
(0.07844245, -0.1348232, -0.06293601)
(0.07841051, -0.1347829, -0.06315064)
(0.07836258, -0.1342293, -0.06314063)
(0.07851195, -0.1335362, -0.06331348)
(0.07870317, -0.1325879, -0.06339675)
(0.07946134, -0.1308342, -0.06337404)
(0.08023071, -0.1287234, -0.06341183)
(0.07989609, -0.1259732, -0.06267607)
(0.08018398, -0.1228219, -0.0614298)
(0.0805279, -0.1203417, -0.06065661)
(0.08089435, -0.1173799, -0.05907178)
(0.08163345, -0.1144575, -0.05782777)
(0.08251798, -0.1118113, -0.05627799)
(0.08283651, -0.1087919, -0.05469972)
(0.08318722, -0.1052566, -0.05202979)
(0.08405197, -0.1016023, -0.04915506)
(0.08510554, -0.097664, -0.04603302)
(0.08556771, -0.09386551, -0.04275274)
(0.08619368, -0.09014225, -0.03867465)
(0.08734703, -0.08622658, -0.03419393)
(0.0884459, -0.08258128, -0.02973652)
(0.08950222, -0.07887244, -0.02526546)
(0.09116268, -0.07498372, -0.02050966)
(0.09253418, -0.07163095, -0.01593077)
(0.09397697, -0.06826878, -0.01069206)
(0.09552908, -0.0650841, -0.005394399)
(0.09728062, -0.06193125, 9.232759E-05)
(0.09965444, -0.05946684, 0.004622519)
(0.1017067, -0.05631363, 0.01053876)
(0.1036109, -0.05354643, 0.01609588)
(0.1048334, -0.04962838, 0.02278996)
(0.1066209, -0.0470376, 0.02839619)
(0.1081895, -0.04464293, 0.03428566)
(0.110056, -0.04299426, 0.0398252)
(0.1119021, -0.04130399, 0.04569983)
(0.1135759, -0.04052627, 0.05146527)
(0.1153445, -0.03947234, 0.05704135)
(0.1171976, -0.03864336, 0.0629757)
(0.1189531, -0.03778684, 0.06852835)
(0.1204023, -0.03736484, 0.07375145)
(0.1216239, -0.03741765, 0.07898402)
(0.1228179, -0.03785932, 0.08428043)
(0.1242845, -0.03941369, 0.08887345)
(0.1255895, -0.0413847, 0.09360784)
(0.127401, -0.04374456, 0.098212)
(0.1288068, -0.04605007, 0.1024498)
(0.1302663, -0.04885662, 0.1065843)
(0.1316123, -0.05138266, 0.1099899)
(0.1325969, -0.05357194, 0.1130465)
(0.133594, -0.05582833, 0.1163343)
(0.1346533, -0.05722892, 0.1186407)
(0.1358324, -0.05820382, 0.1201554)
(0.1364702, -0.05921233, 0.1218245)
(0.1372561, -0.06182909, 0.123349)
(0.1377743, -0.06430709, 0.1252542)
(0.13772, -0.0679673, 0.1277271)
(0.1372536, -0.07241786, 0.1286384)
(0.1382629, -0.07618403, 0.12845)
(0.1406027, -0.07081687, 0.1247374)
(0.140186, -0.0646739, 0.1227352)
(0.1398797, -0.0659095, 0.1230224)
(0.1377892, -0.07048702, 0.123456)
(0.1372322, -0.07118714, 0.125405)
(0.1374714, -0.07179117, 0.1265905)
(0.1392406, -0.07093489, 0.1286551)
(0.1404309, -0.07049072, 0.1288252)
(0.1385731, -0.0717895, 0.1283402)
(0.1376978, -0.0712198, 0.127643)
(0.1375657, -0.07116807, 0.1275063)
(0.1374625, -0.07124972, 0.1274084)
(0.137648, -0.07124555, 0.1274338)
(0.1379375, -0.07136106, 0.1284633)
(0.1378771, -0.07147968, 0.1296061)
(0.1377572, -0.0713402, 0.1303269)
(0.1373514, -0.07098544, 0.1308255)
(0.1365827, -0.07082367, 0.1311781)
(0.1360837, -0.07073891, 0.13173)
(0.1359018, -0.07063162, 0.132658)
(0.1359738, -0.07051706, 0.1337792)
(0.135493, -0.06994629, 0.1353564)
(0.1350508, -0.06901729, 0.1373088)
(0.1345216, -0.06865084, 0.1384208)
(0.1339104, -0.06819189, 0.1397716)
(0.1334786, -0.06765866, 0.1409739)
(0.1362072, -0.06091166, 0.1459817)
(0.1340815, -0.05800664, 0.1503934)
(0.1335855, -0.05440962, 0.1533439)
(0.1328844, -0.04322541, 0.1563305)
(0.1334306, -0.03303313, 0.1591964)
(0.1358315, -0.02285182, 0.1643431)
(0.1357999, -0.01430058, 0.16781)
(0.1374664, -0.00649333, 0.1729551)
(0.139153, 0.001660109, 0.1770691)
(0.142743, 0.0108124, 0.1820865)
(0.1473128, 0.01940751, 0.1885528)
(0.1523243, 0.02784717, 0.1943132)
(0.1579469, 0.0349108, 0.2018244)
(0.1632471, 0.04197562, 0.2086769)
(0.1674136, 0.04843378, 0.2160395)
(0.1714493, 0.05453157, 0.2235575)
(0.1764596, 0.06164944, 0.2309325)
(0.1801618, 0.0669868, 0.2389281)
(0.1841474, 0.07250947, 0.2478155)
(0.1877328, 0.07770759, 0.2560884)
(0.1912972, 0.08213359, 0.2636411)
(0.1939344, 0.085572, 0.2723943)
(0.196944, 0.08889788, 0.2819601)
(0.2001866, 0.09233683, 0.2901298)
(0.2028241, 0.09365374, 0.299634)
(0.2061079, 0.0964309, 0.3100063)
(0.2087435, 0.0972594, 0.319657)
(0.2113093, 0.09791338, 0.3294948)
(0.2141932, 0.09901255, 0.3396974)
(0.2171726, 0.09943211, 0.3497272)
(0.219816, 0.09884763, 0.3596581)
(0.2217121, 0.09816444, 0.3700099)
(0.2236723, 0.09684902, 0.3791889)
(0.2254261, 0.09570599, 0.3882027)
(0.2261082, 0.09434807, 0.3980534)
(0.2215238, 0.09925503, 0.4136716)
(0.2247906, 0.09387785, 0.4166338)
(0.2242138, 0.09216201, 0.4226476)
(0.2252108, 0.09001881, 0.427303)
(0.2244629, 0.08806407, 0.4292629)
(0.223551, 0.08500433, 0.4337349)
(0.2233019, 0.08138347, 0.4359781)
(0.2231121, 0.07802981, 0.4381675)
(0.222474, 0.07446116, 0.4403836)
(0.2241437, 0.07025641, 0.4416388)
(0.2248269, 0.06676376, 0.4430627)
(0.2254907, 0.06373465, 0.4444779)
(0.2268714, 0.06071842, 0.4453378)
(0.2275283, 0.05825257, 0.4456189)
(0.2283165, 0.05503404, 0.4466521)
(0.2314446, 0.05306709, 0.445981)
(0.2327346, 0.05224538, 0.4445767)
(0.2347559, 0.05539525, 0.4419303)
(0.2332395, 0.0561235, 0.4418582)
(0.230818, 0.05632079, 0.4410008)
(0.2313914, 0.05447114, 0.4425203)
(0.231244, 0.05271304, 0.4434029)
(0.2316709, 0.05261278, 0.4472941)
(0.2321095, 0.05139863, 0.447089)
(0.2337395, 0.05218303, 0.4454476)
(0.2334892, 0.05292869, 0.4435366)
(0.2337743, 0.05340362, 0.441891)
(0.2345006, 0.05391884, 0.4427735)
(0.2351363, 0.05394185, 0.4439203)
(0.2358799, 0.05505431, 0.4441975)
(0.2365074, 0.0558989, 0.4446129)
(0.2367939, 0.05667913, 0.4445381)
(0.2382655, 0.05778182, 0.4450713)
(0.2403171, 0.05964303, 0.4453908)
(0.2416892, 0.06139874, 0.4458544)
(0.243652, 0.06349754, 0.4456556)
(0.2453241, 0.06688404, 0.4444733)
(0.246755, 0.07137799, 0.442537)
(0.2481618, 0.07990551, 0.4396142)
(0.2476405, 0.08952713, 0.4372947)
(0.2466662, 0.09821141, 0.4350892)
(0.2469107, 0.1073152, 0.4342766)
(0.2476162, 0.1151221, 0.4352587)
(0.2474071, 0.1205631, 0.4350075)
(0.2466996, 0.1259203, 0.4364345)
(0.2459965, 0.1299511, 0.4404231)
(0.2452056, 0.134424, 0.4440422)
(0.2446024, 0.1371403, 0.4491022)
(0.2434639, 0.140059, 0.453807)
(0.2424115, 0.143753, 0.4602934)
(0.2418542, 0.1462282, 0.4662203)
(0.2404487, 0.146252, 0.4736944)
(0.2401165, 0.1488377, 0.4800696)
(0.2402937, 0.1488722, 0.4872682)
(0.2405305, 0.1482294, 0.4937298)
(0.2431394, 0.1496328, 0.4985454)
(0.2430447, 0.1476868, 0.5064659)
(0.2441481, 0.1472179, 0.513401)
(0.2455677, 0.1463566, 0.5205857)
(0.246381, 0.1458198, 0.5275005)
(0.2471842, 0.1451893, 0.5343617)
(0.2484064, 0.1437365, 0.5421934)
(0.2486888, 0.1418443, 0.5498701)
(0.2493593, 0.1404589, 0.5564817)
(0.2502245, 0.138355, 0.5621548)
(0.2505064, 0.136591, 0.5680479)
(0.2508128, 0.1349343, 0.5736276)
(0.2507041, 0.1330718, 0.5780984)
(0.2502136, 0.1309779, 0.5826889)
(0.2498887, 0.1287909, 0.5864745)
(0.2500038, 0.1262896, 0.5896949)
(0.2497541, 0.1229953, 0.5928254)
(0.2496012, 0.1204288, 0.5961152)
(0.250967, 0.1170322, 0.5987545)
(0.2515621, 0.1139176, 0.6013947)
(0.2527083, 0.1202844, 0.5961925)
(0.2531471, 0.1235207, 0.5903009)
(0.2510332, 0.1200389, 0.5887617)
(0.2505323, 0.1183258, 0.5883044)
(0.2500615, 0.116538, 0.5877842)
(0.2535866, 0.1189482, 0.5891887)
(0.2544935, 0.1185915, 0.5925801)
(0.2545025, 0.1183089, 0.5938395)
(0.2534504, 0.1173673, 0.5938592)
(0.2526639, 0.1167585, 0.5930947)
(0.2521888, 0.117817, 0.5924392)
(0.2521689, 0.1182578, 0.5913163)
(0.2517924, 0.1171563, 0.590806)
(0.2518966, 0.116974, 0.59102)
(0.2529196, 0.1181463, 0.590995)
(0.2535222, 0.1178576, 0.5913423)
(0.253337, 0.1175061, 0.5914779)
(0.2537034, 0.1175885, 0.5905873)
(0.2536937, 0.1178203, 0.5905532)
(0.2537782, 0.1177645, 0.5904859)
(0.2540823, 0.1174841, 0.5900804)
(0.2541004, 0.1177545, 0.5905848)
(0.2538818, 0.1177533, 0.5905443)
(0.2537334, 0.1177686, 0.5901916)
