(294.8522, 292.2414, 88.0309)
(295.8494, 282.1612, 97.1031)
(296.3911, 284.8039, 89.87531)
(298.6317, 296.0844, 76.98473)
(303.2357, 309.9946, 60.7823)
(302.9741, 306.9652, 59.53179)
(302.9741, 306.9652, 59.53179)
(303.0561, 295.3781, 70.60754)
(303.1759, 289.7543, 74.63613)
(302.581, 291.2402, 71.98937)
(302.7014, 302.2862, 62.42246)
(302.4842, 311.1611, 54.62372)
(302.7495, 319.8976, 45.59579)
(302.5853, 328.5035, 35.93663)
(302.3617, 336.1156, 27.06574)
(302.9467, 339.998, 21.63796)
(303.6184, 342.108, 18.17117)
(303.9263, 341.0034, 17.80625)
(305.337, 340.6102, 16.9672)
(306.9301, 341.5019, 15.49633)
(309.2224, 340.0265, 16.01765)
(310.5994, 340.2296, 14.91701)
(312.1661, 341.2733, 13.21178)
(313.4719, 343.2773, 10.77061)
(314.599, 345.2261, 8.475826)
(315.9255, 347.2517, 6.388399)
(317.7597, 349.0088, 4.613288)
(319.4055, 350.2587, 3.327322)
(321.1352, 351.2573, 2.349759)
(322.8298, 351.5528, 1.689977)
(324.4167, 351.432, 1.08124)
(325.9458, 351.2195, 0.6017458)
(327.1268, 350.3533, 0.6796661)
(328.3768, 349.6161, 0.7640679)
(329.7172, 349.2477, 0.1952002)
(331.209, 348.6746, 359.6269)
(332.459, 347.5495, 359.5523)
(332.9977, 346.4692, 359.7914)
(332.7436, 345.5754, 359.7392)
(332.1238, 344.4929, 0.05062823)
(331.486, 343.7354, 0.3659224)
(330.2538, 344.0724, 0.09795721)
(330.5049, 344.4954, 359.6313)
(331.4673, 344.5637, 359.619)
(332.6533, 344.3654, 0.1307635)
(333.4091, 344.1983, 0.5954527)
(333.5629, 343.9132, 1.420943)
(332.9327, 343.256, 2.898891)
(331.6161, 342.0052, 5.328726)
(330.6082, 340.6318, 7.806246)
(330.0155, 338.8481, 11.25137)
(330.8058, 336.4174, 15.13509)
(331.5311, 333.802, 19.10287)
(330.615, 332.7318, 21.70616)
(329.4591, 332.3828, 23.14882)
(326.8169, 333.3138, 22.99101)
(324.9768, 334.6297, 22.69786)
