(-4923.596, 152.9185, 12099.99)
(-138.7934, 56.39713, -105.857)
(-71.56376, 63.26773, -101.4446)
(-47.41688, 41.08912, -98.80787)
(-47.09492, 25.77647, -74.65718)
(-172.3795, 237.4896, -358.9629)
(-180.3192, 365.5111, -344.982)
(-58.68241, 118.5799, -131.3192)
(-38.12655, 93.52277, -96.03357)
(-58.36206, 174.5424, -174.1808)
(-57.71933, 132.6355, -130.2763)
(-61.36872, 100.5736, -123.1444)
(-31.71902, 71.63904, -95.52573)
(-118.3651, 210.2007, -262.2887)
(-90.70069, 118.5666, -171.5413)
(-66.13908, 88.02905, -149.2944)
(-71.0332, 75.38616, -114.6317)
(-118.7544, 111.0558, -167.0933)
(-90.98447, 68.02289, -117.8024)
(-92.15128, 72.64732, -118.2215)
(-68.90849, 44.39926, -80.66039)
(-122.4167, 55.17551, -153.6851)
(-83.3337, 37.09571, -109.4147)
(-74.31772, 22.0701, -101.7224)
(-58.91099, -9.36229, -79.24718)
(-106.5952, -24.02941, -142.4956)
(-70.75391, -6.58604, -96.27975)
(-78.76597, -39.26168, -89.0964)
(-62.06864, -36.12459, -72.73264)
(-103.9647, -50.54026, -129.5473)
(-83.69259, -58.79147, -89.36782)
(-82.69285, -67.23389, -93.84676)
(-73.90995, -61.51914, -80.53898)
(-112.1896, -95.28672, -107.5832)
(-87.66287, -75.64163, -87.4408)
(-89.22598, -90.23396, -84.72825)
(-67.73202, -72.54719, -63.85411)
(-109.2219, -142.4825, -112.6231)
(-83.93768, -97.16981, -90.36112)
(-70.94791, -102.2478, -83.53812)
(-39.34584, -55.8117, -51.70054)
(-145.183, -202.5609, -182.3598)
(-71.994, -114.6182, -91.39085)
(-63.15153, -87.17923, -79.30947)
(-40.33035, -71.38491, -61.43975)
(-53.82644, -138.3293, -104.4552)
(-31.36744, -79.69845, -62.83949)
(-37.34163, -89.64968, -73.80085)
(-12.96348, -45.97974, -39.03655)
(-35.10111, -89.66916, -62.14472)
(-31.11338, -78.80811, -55.67171)
(-19.66641, -77.74375, -31.40847)
(-13.42087, -60.65118, -18.33273)
(-19.54514, -139.6563, -9.531864)
