(0.7532551, 0.02126888, 0.01954946)
(0.752904, 0.02316794, 0.01957382)
(0.7520146, 0.02483909, 0.01917043)
(0.7515098, 0.02673307, 0.01893404)
(0.7512301, 0.0285167, 0.01864372)
(0.7518756, 0.03055278, 0.01923321)
(0.7525425, 0.03243683, 0.02066439)
(0.7526571, 0.03381804, 0.02170165)
(0.7524305, 0.03524809, 0.02237843)
(0.7528313, 0.03590418, 0.02270632)
(0.7544318, 0.03759838, 0.02332483)
(0.7574659, 0.03982599, 0.02469307)
(0.7629982, 0.04117098, 0.02529253)
(0.7715514, 0.04354543, 0.02709371)
(0.78126, 0.04523357, 0.02859061)
(0.7892203, 0.04696346, 0.02931384)
(0.7944488, 0.04790148, 0.0286599)
(0.7955974, 0.04891203, 0.02736461)
(0.7898189, 0.04939605, 0.02504908)
(0.782677, 0.05020621, 0.02327857)
(0.7723842, 0.05111961, 0.0222772)
(0.7654972, 0.05201472, 0.02242456)
(0.7607777, 0.05265371, 0.02277145)
(0.7587032, 0.05354811, 0.0233793)
(0.7590083, 0.05421691, 0.02378854)
(0.7608349, 0.05533344, 0.02430445)
(0.7645014, 0.05608916, 0.02481076)
(0.7667335, 0.05684048, 0.02512441)
(0.7671504, 0.05705468, 0.02511612)
(0.7663182, 0.05680513, 0.02517938)
(0.7651748, 0.05713431, 0.0254158)
(0.7649738, 0.05643785, 0.02561688)
(0.7656947, 0.05618867, 0.02605295)
(0.767287, 0.0553866, 0.02655525)
(0.7686409, 0.05499734, 0.02678243)
(0.7694998, 0.05449385, 0.02705912)
(0.7695433, 0.05352731, 0.02682264)
(0.7689673, 0.05319021, 0.02708482)
(0.7683762, 0.05221898, 0.02663413)
(0.7679322, 0.05142443, 0.02676409)
(0.7677463, 0.05077041, 0.0266728)
(0.7673976, 0.05005815, 0.02640362)
(0.7679647, 0.04991202, 0.02616577)
(0.7685661, 0.04948207, 0.025773)
(0.7691185, 0.04925216, 0.02558592)
(0.7689456, 0.04871349, 0.0248953)
(0.7681945, 0.048588, 0.02413041)
(0.7681945, 0.048588, 0.02413041)
(0.7663733, 0.04835267, 0.02174668)
(0.7662838, 0.04868082, 0.02107396)
(0.7669886, 0.04922581, 0.02054037)
(0.7684007, 0.0495974, 0.02014341)
(0.7706364, 0.05040624, 0.02029795)
(0.7725549, 0.05138567, 0.02081431)
(0.7741227, 0.05169689, 0.02096938)
(0.7747961, 0.0521215, 0.02083309)
(0.7748092, 0.05205011, 0.01998452)
(0.7749892, 0.05240156, 0.01970473)
(0.776113, 0.05269774, 0.01993741)
(0.7774174, 0.05288704, 0.02055072)
(0.7789816, 0.05298994, 0.02190501)
(0.7803217, 0.05313923, 0.0236822)
(0.7804469, 0.05262198, 0.02567397)
(0.7775593, 0.05139801, 0.02694656)
(0.7732282, 0.0498885, 0.02649071)
(0.7682048, 0.04792995, 0.02516725)
(0.7653924, 0.04643985, 0.02404113)
(0.7657189, 0.04503122, 0.02313375)
(0.7677639, 0.04395857, 0.02361194)
(0.7702969, 0.042458, 0.02402638)
(0.7717516, 0.04114053, 0.02427654)
(0.7715631, 0.03987559, 0.02388699)
(0.7687569, 0.03904192, 0.02319566)
(0.7644287, 0.03733024, 0.02154944)
(0.7575721, 0.03605595, 0.01987544)
(0.7517056, 0.03464241, 0.0176743)
(0.7493983, 0.03394115, 0.01659494)
(0.7496005, 0.0332461, 0.01621357)
(0.7521282, 0.03266232, 0.01608792)
(0.7539639, 0.03166255, 0.01543302)
(0.7548004, 0.02965846, 0.01283983)
(0.7532921, 0.02883858, 0.01138655)
(0.7511089, 0.02780295, 0.009964444)
(0.7513283, 0.02729126, 0.008914016)
(0.753556, 0.02697764, 0.008171937)
(0.7579992, 0.02617454, 0.008694858)
(0.7629498, 0.02470256, 0.009488409)
(0.7683804, 0.02272483, 0.01037571)
(0.7708601, 0.0201796, 0.01047886)
(0.7698605, 0.01783158, 0.01030364)
(0.7645115, 0.01541061, 0.01040546)
(0.7575366, 0.01224873, 0.0100219)
(0.7475967, 0.009029773, 0.01075256)
(0.7387414, 0.00492946, 0.011223)
(0.7297809, 0.001445873, 0.01215108)
(0.7225704, 6.281341, 0.01271839)
(0.7188297, 6.277935, 0.0124821)
(0.7176344, 6.274258, 0.01191515)
(0.7181917, 6.270195, 0.01045422)
(0.7204921, 6.266317, 0.007876117)
(0.7237259, 6.262456, 0.004753924)
(0.7288976, 6.258036, 0.001121364)
(0.7337635, 6.253956, 6.280946)
(0.740504, 6.248914, 6.277242)
(0.7463713, 6.244175, 6.273472)
(0.752368, 6.238787, 6.269323)
(0.7574151, 6.233611, 6.26479)
(0.7629958, 6.228328, 6.259607)
(0.7670591, 6.22349, 6.25426)
(0.7690452, 6.21981, 6.250378)
(0.7679895, 6.216131, 6.246686)
(0.7653515, 6.212868, 6.244149)
(0.759495, 6.210903, 6.243256)
(0.7549298, 6.20937, 6.242916)
(0.7516065, 6.208438, 6.243288)
(0.750277, 6.2079, 6.244531)
(0.7508494, 6.206978, 6.245416)
(0.7531192, 6.206936, 6.246796)
(0.7561852, 6.206398, 6.246867)
(0.7605059, 6.20618, 6.247058)
(0.7637697, 6.205329, 6.246108)
(0.7664461, 6.205058, 6.245427)
(0.7684492, 6.204556, 6.244517)
(0.7706996, 6.204294, 6.243474)
(0.772886, 6.20455, 6.243089)
(0.7761097, 6.204593, 6.243228)
(0.779413, 6.205176, 6.243567)
(0.7816355, 6.205835, 6.244011)
(0.7829216, 6.20704, 6.245378)
(0.7828321, 6.208048, 6.24667)
(0.7805771, 6.208633, 6.24811)
(0.7777888, 6.208812, 6.248778)
(0.7755092, 6.209049, 6.249516)
(0.7747182, 6.209433, 6.249927)
(0.7755224, 6.209186, 6.24953)
(0.7785141, 6.209163, 6.248777)
(0.7810609, 6.209313, 6.248231)
(0.7841106, 6.209637, 6.247428)
(0.7859017, 6.210281, 6.246758)
(0.7867309, 6.210719, 6.245717)
(0.7867845, 6.211536, 6.245138)
(0.7861847, 6.212807, 6.244882)
(0.7861651, 6.214521, 6.244725)
(0.7871943, 6.217888, 6.245392)
(0.7889491, 6.221024, 6.246004)
(0.7889287, 6.224767, 6.247587)
(0.7862641, 6.228695, 6.248709)
(0.7817838, 6.232618, 6.249645)
(0.7759678, 6.237936, 6.252061)
(0.772198, 6.242918, 6.254313)
(0.7703632, 6.248641, 6.257176)
(0.7708361, 6.254941, 6.260303)
(0.7725863, 6.260201, 6.263148)
(0.7746148, 6.265254, 6.266742)
(0.7746112, 6.270133, 6.269953)
(0.7713579, 6.274734, 6.273424)
(0.7673383, 6.278612, 6.276423)
(0.7633076, 6.281572, 6.27931)
(0.7622346, 0.001517116, 6.282283)
(0.7647898, 0.003603271, 0.001459121)
(0.7695199, 0.006288766, 0.004488565)
(0.7742451, 0.008212753, 0.007253796)
(0.7800367, 0.009119412, 0.009673346)
(0.785419, 0.01011023, 0.01121833)
(0.790099, 0.01073946, 0.0118341)
(0.7935274, 0.01071136, 0.0112994)
(0.7952262, 0.01005792, 0.009682194)
(0.7958896, 0.009361899, 0.007872758)
(0.7956318, 0.007919915, 0.005008773)
(0.7934361, 0.005945927, 0.002618181)
(0.7905673, 0.004651081, 0.000871437)
(0.7839094, 0.003920888, 3.065327e-05)
(0.7775186, 0.003170886, 6.282573)
(0.7718481, 0.002198544, 0.0003727621)
(0.7697081, 0.001408236, 0.001709416)
(0.7717992, 6.28254, 0.002990796)
(0.7767007, 6.280386, 0.004787275)
(0.7859041, 6.27726, 0.006164192)
(0.7970768, 6.274666, 0.007694194)
(0.8078781, 6.273263, 0.009365274)
(0.820542, 6.272166, 0.009898392)
(0.8317115, 6.271492, 0.009476043)
(0.8424658, 6.270574, 0.008372606)
(0.8494712, 6.269059, 0.007075422)
(0.8507077, 6.265433, 0.005812263)
(0.8470229, 6.261697, 0.004800015)
(0.8364264, 6.25659, 0.002880221)
(0.8250377, 6.252248, 0.0004609663)
(0.8174142, 6.249909, 6.281818)
(0.810241, 6.247703, 6.280541)
(0.806878, 6.24636, 6.279576)
(0.806963, 6.245514, 6.278661)
(0.8097155, 6.244631, 6.278475)
(0.8153818, 6.244942, 6.279517)
(0.8209512, 6.245394, 6.280476)
(0.8276919, 6.247241, 6.282073)
(0.8330299, 6.248401, 6.282923)
(0.8360667, 6.249471, 0.0006579041)
(0.836963, 6.250543, 0.00105911)
(0.8366038, 6.250906, 0.001511695)
(0.8345652, 6.251493, 0.001297235)
(0.8325528, 6.251715, 0.0006402669)
(0.8304159, 6.251428, 6.282922)
(0.8294765, 6.251133, 6.281497)
(0.8288183, 6.251077, 6.280601)
(0.8286555, 6.250758, 6.280013)
(0.8276012, 6.251319, 6.279883)
(0.8266747, 6.251605, 6.279749)
(0.8256905, 6.251651, 6.28002)
(0.825202, 6.252524, 6.280801)
(0.8253608, 6.252944, 6.281329)
(0.825925, 6.25294, 6.28194)
(0.8266134, 6.253292, 6.282783)
(0.8265079, 6.253008, 0.000658038)
(0.825846, 6.252947, 0.002044422)
(0.8241207, 6.252518, 0.00330806)
(0.8217807, 6.251858, 0.004832643)
(0.8194257, 6.251111, 0.006307468)
(0.816876, 6.250422, 0.007124084)
(0.8145135, 6.250214, 0.008566349)
(0.8120517, 6.249619, 0.009916123)
(0.80967, 6.249014, 0.01148758)
(0.8083793, 6.248645, 0.01296492)
(0.8070375, 6.247942, 0.01430061)
(0.80661, 6.2479, 0.01642241)
(0.8070704, 6.247835, 0.01886682)
(0.8083119, 6.247858, 0.02133616)
(0.8104088, 6.247451, 0.02333825)
(0.8118932, 6.247193, 0.02517084)
(0.8136355, 6.247203, 0.02733501)
(0.8148306, 6.246629, 0.02903452)
(0.8155712, 6.246298, 0.03032864)
(0.8155665, 6.245931, 0.03087159)
(0.814775, 6.245455, 0.03091133)
(0.812675, 6.24476, 0.03022899)
(0.8104582, 6.24367, 0.02983908)
(0.8065661, 6.243002, 0.02923554)
(0.8033637, 6.242066, 0.02867121)
(0.8008726, 6.24124, 0.02835796)
(0.7991073, 6.240627, 0.0280259)
(0.7980144, 6.240153, 0.02714156)
(0.7965905, 6.239344, 0.02582503)
(0.7944365, 6.239546, 0.02503616)
(0.7924726, 6.239799, 0.02517881)
(0.7913694, 6.240485, 0.02557558)
(0.7905617, 6.241501, 0.02599647)
(0.7901505, 6.242209, 0.02685071)
(0.79006, 6.242898, 0.02819393)
(0.790595, 6.244338, 0.0291769)
(0.7917398, 6.245332, 0.02938103)
(0.7930385, 6.246585, 0.03003784)
(0.7954673, 6.247055, 0.02962491)
(0.7973546, 6.247368, 0.02910743)
(0.7992935, 6.247603, 0.02870846)
(0.800949, 6.247237, 0.02751208)
(0.8017986, 6.24684, 0.0265108)
(0.8019702, 6.246569, 0.0254357)
(0.8016562, 6.246378, 0.02459265)
(0.8016562, 6.246378, 0.02459265)
(0.8016562, 6.246378, 0.02459265)
(0.8016562, 6.246378, 0.02459265)
(0.8016562, 6.246378, 0.02459265)
(0.8016562, 6.246378, 0.02459265)
(0.8016562, 6.246378, 0.02459265)
(0.8016562, 6.246378, 0.02459265)
(0.8016562, 6.246378, 0.02459265)
(0.8016562, 6.246378, 0.02459265)
(0.8016562, 6.246378, 0.02459265)
(0.8016562, 6.246378, 0.02459265)
(0.8016562, 6.246378, 0.02459265)
(0.8016562, 6.246378, 0.02459265)
(0.8016562, 6.246378, 0.02459265)
(0.8016562, 6.246378, 0.02459265)
(0.8016562, 6.246378, 0.02459265)
(0.8016562, 6.246378, 0.02459265)
(0.8016562, 6.246378, 0.02459265)
(0.8016562, 6.246378, 0.02459265)
(0.8016562, 6.246378, 0.02459265)
(0.8016562, 6.246378, 0.02459265)
(0.8016562, 6.246378, 0.02459265)
(0.8016562, 6.246378, 0.02459265)
(0.8016562, 6.246378, 0.02459265)
(0.8016562, 6.246378, 0.02459265)
(0.8016562, 6.246378, 0.02459265)
(0.8016562, 6.246378, 0.02459265)
(0.8016562, 6.246378, 0.02459265)
(0.8016562, 6.246378, 0.02459265)
(0.8016562, 6.246378, 0.02459265)
(0.8016562, 6.246378, 0.02459265)
(0.8016562, 6.246378, 0.02459265)
(0.8016562, 6.246378, 0.02459265)
(0.8016562, 6.246378, 0.02459265)
(0.8016562, 6.246378, 0.02459265)
(0.8016562, 6.246378, 0.02459265)
(0.8016562, 6.246378, 0.02459265)
(0.8016562, 6.246378, 0.02459265)
(0.8016562, 6.246378, 0.02459265)
(0.8016562, 6.246378, 0.02459265)
(0.8016562, 6.246378, 0.02459265)
(0.8016562, 6.246378, 0.02459265)
(0.8016562, 6.246378, 0.02459265)
