(18.56578, -3.993845, 65.65433)
(18.69356, -3.876185, 65.74599)
(18.73005, -3.884697, 65.73839)
(18.72461, -3.893542, 65.73205)
(18.72315, -3.837681, 65.74142)
(18.67716, -3.826332, 65.71384)
(18.62122, -3.795958, 65.73401)
(18.6271, -3.734422, 65.75623)
(18.6417, -3.735518, 65.74931)
(18.65103, -3.721333, 65.72852)
(18.67247, -3.671598, 65.73598)
(18.68277, -3.6551, 65.71674)
(18.66398, -3.613329, 65.70587)
(18.62451, -3.550863, 65.68861)
(18.56689, -3.524852, 65.65785)
(18.51418, -3.492212, 65.64178)
(18.45641, -3.466558, 65.6054)
(18.432, -3.409672, 65.53902)
(18.40896, -3.371024, 65.49518)
(18.41813, -3.32737, 65.43069)
(18.4285, -3.287482, 65.38322)
(18.43809, -3.247595, 65.3194)
(18.43148, -3.239512, 65.24438)
(18.34816, -3.207922, 65.18445)
(18.27317, -3.181124, 65.17477)
(18.25051, -3.154159, 65.14876)
(18.32255, -3.155208, 65.12943)
(18.41959, -3.198624, 65.12061)
(18.50995, -3.381467, 65.24463)
(18.63911, -3.410268, 65.37221)
(18.69959, -3.530741, 65.46726)
(18.7472, -3.625107, 65.6105)
(18.73868, -3.648591, 65.65733)
(18.75388, -3.659916, 65.67762)
(18.73305, -3.623104, 65.55915)
(18.67233, -3.635716, 65.50694)
(18.70909, -3.650522, 65.47379)
(18.7958, -3.649545, 65.5251)
