0.02881908
0.03720856
0.05439211
0.06862831
0.08812929
0.1119392
0.1270499
0.1436665
0.1588528
0.1736054
0.1903799
0.2036777
0.2200497
0.2337384
0.2430726
0.2562723
0.265586
0.1634305
0.1634305
0.1702991
0.1737722
0.1777555
0.1789987
0.1829953
0.185178
0.186312
0.1872035
0.186751
0.1861352
0.1852341
0.1843716
0.1843716
0.1833342
0.1834075
0.1844547
0.1841338
0.06518508
0.06586172
0.06533565
0.06574239
0.06591679
0.06494452
0.06305708
0.06154934
0.05815257
0.05815257
0.05733396
0.05670966
0.05552532
0.05403998
0.05142322
0.04876092
0.04621746
0.04431857
0.04196109
0.03999461
0.03765251
0.03462197
0.03092326
0.02273859
0.01910617
0.01910617
