(-31.58654, -3.015447, 166.6784)
(-31.61439, -3.052974, 166.624)
(-31.65095, -3.080702, 166.586)
(-31.59491, -3.105712, 166.5419)
(-31.57234, -3.019977, 166.5977)
(-31.57234, -3.019977, 166.5977)
(-31.5869, -2.96948, 166.6429)
(-31.57833, -2.99449, 166.6566)
(-31.60762, -2.981901, 166.6653)
(-31.64629, -2.969527, 166.6593)
(-31.67654, -2.957606, 166.6582)
(-31.70445, -2.94466, 166.6313)
(-31.72458, -2.946687, 166.6147)
(-31.7085, -2.91853, 166.6163)
(-31.6955, -2.92058, 166.5981)
(-31.68612, -2.923203, 166.5906)
(-31.65038, -2.89855, 166.608)
(-31.67602, -2.881885, 166.5892)
(-31.71079, -2.875137, 166.5908)
(-31.71288, -2.866077, 166.5825)
(-31.70396, -2.870846, 166.5765)
(-31.70571, -2.876782, 166.5648)
(-31.68811, -2.858782, 166.5698)
(-31.68179, -2.866769, 166.5606)
(-31.68327, -2.870893, 166.5555)
(-31.67803, -2.85213, 166.5679)
(-31.67106, -2.890754, 166.5679)
(-31.70397, -2.898955, 166.5711)
(-31.69848, -2.878451, 166.5783)
(-31.68571, -2.887177, 166.5583)
(-31.66059, -2.89495, 166.5435)
(-31.62057, -2.898026, 166.5276)
(-31.61873, -2.891994, 166.5104)
(-31.61342, -2.895713, 166.5065)
(-31.60501, -2.886844, 166.5167)
(-31.61432, -2.886558, 166.4997)
(-31.60948, -2.890277, 166.4886)
(-31.60069, -2.885175, 166.4874)
(-31.62042, -2.876401, 166.4833)
(-31.64041, -2.878904, 166.4844)
(-31.62783, -2.85573, 166.4839)
(-31.62813, -2.870345, 166.4914)
(-31.63471, -2.875423, 166.4805)
(-31.61583, -2.855825, 166.486)
(-31.58491, -2.867937, 166.4615)
