(0.04402637, -0.1485162, 0.1990137)
(0.04410219, -0.1482215, 0.1989479)
(0.04426217, -0.1484404, 0.1987413)
(0.04387689, -0.1482892, 0.1987575)
(0.04379892, -0.1479647, 0.1989069)
(0.04393816, -0.1481481, 0.1987112)
(0.04371572, -0.1477044, 0.1992124)
(0.04371333, -0.1476517, 0.1992081)
(0.04385829, -0.1478169, 0.1990205)
(0.04381442, -0.1476181, 0.1992587)
(0.04367042, -0.1475656, 0.1994923)
(0.04380941, -0.1477764, 0.1993134)
(0.04341626, -0.1475194, 0.1994706)
(0.04314637, -0.1474388, 0.199908)
(0.04324675, -0.1476169, 0.1997503)
(0.04305577, -0.1474679, 0.1999348)
(0.04285645, -0.1473434, 0.200241)
(0.04293752, -0.1475263, 0.2000765)
(0.04286027, -0.1472809, 0.2004821)
(0.04305053, -0.1471217, 0.2001928)
(0.04317641, -0.1473024, 0.2000164)
(0.04296803, -0.1470792, 0.2002494)
(0.04297018, -0.1467993, 0.2002636)
(0.04307652, -0.1469398, 0.2000921)
(0.04298973, -0.146621, 0.2004701)
(0.04270315, -0.1465533, 0.2009461)
(0.04281211, -0.1467109, 0.2007968)
(0.04261565, -0.1466303, 0.2008404)
(0.04250431, -0.1464322, 0.2009866)
(0.04258108, -0.1466005, 0.2008362)
(0.04247737, -0.1463418, 0.2011974)
(0.04238248, -0.1460841, 0.2013706)
(0.04246998, -0.1462231, 0.2012405)
(0.04222107, -0.1459713, 0.2014748)
(0.04234743, -0.1459186, 0.2012683)
(0.04243016, -0.1460536, 0.2011081)
(0.04224968, -0.1460042, 0.2010651)
(0.0421555, -0.1457787, 0.2011847)
(0.04224133, -0.1459289, 0.201008)
(0.04213309, -0.1457782, 0.2011805)
(0.04212356, -0.145673, 0.2011822)
(0.04221225, -0.1458147, 0.2010159)
(0.04219198, -0.1454663, 0.2015024)
(0.04183221, -0.1453228, 0.2020608)
(0.04189539, -0.1454554, 0.2019527)
(0.04177094, -0.1451511, 0.2023908)
(0.04162765, -0.1449618, 0.2026746)
(0.04170799, -0.1450987, 0.2025851)
(0.04152155, -0.1447477, 0.2030544)
(0.04156351, -0.1445727, 0.2030065)
(0.04162931, -0.144691, 0.2029159)
(0.04117823, -0.1442378, 0.2033548)
(0.04099202, -0.144084, 0.2036372)
(0.04104114, -0.1442013, 0.2035578)
(0.04096675, -0.1441538, 0.2036231)
(0.04115582, -0.1439826, 0.2033414)
(0.04122758, -0.1440897, 0.2032287)
(0.04104686, -0.1440213, 0.2032394)
(0.04094362, -0.1438754, 0.2033817)
(0.04099631, -0.1439717, 0.2032859)
(0.04086089, -0.1436985, 0.2036365)
(0.04063582, -0.1435115, 0.2039721)
(0.04066968, -0.1436017, 0.20388)
(0.04049683, -0.1434643, 0.2040052)
(0.04027319, -0.1432152, 0.2043122)
(0.04029679, -0.1433315, 0.2042164)
(0.04027629, -0.1433139, 0.204276)
(0.04015303, -0.1431532, 0.2044334)
(0.04017901, -0.143255, 0.2043529)
(0.04027748, -0.1433592, 0.2043003)
(0.04008102, -0.1432102, 0.2045807)
(0.04011154, -0.1432948, 0.2045143)
(0.04005289, -0.1433094, 0.2045215)
(0.04013562, -0.143064, 0.2043631)
(0.04017591, -0.1431649, 0.2042632)
(0.04014921, -0.142767, 0.2048501)
(0.04018283, -0.1425643, 0.2048289)
(0.0402441, -0.1426494, 0.2047484)
(0.04009604, -0.1424119, 0.2050089)
(0.04004431, -0.142406, 0.2051218)
(0.04008818, -0.1424949, 0.2050273)
(0.03984952, -0.1424928, 0.2049035)
(0.03978133, -0.1424792, 0.2049761)
(0.03981662, -0.1425791, 0.2048978)
(0.03977919, -0.1423566, 0.2052231)
(0.03956914, -0.142199, 0.2055347)
(0.03959107, -0.1422882, 0.2054722)
(0.03946495, -0.1423917, 0.2053415)
(0.03956223, -0.1422181, 0.205168)
(0.03958368, -0.1423078, 0.2050641)
(0.03974652, -0.1421494, 0.2054329)
(0.03954148, -0.1419992, 0.2057809)
(0.03958964, -0.1421056, 0.2057307)
(0.03937078, -0.1420422, 0.2057319)
(0.03943682, -0.1418386, 0.2055874)
(0.03948236, -0.1419106, 0.2055172)
(0.03952408, -0.1418679, 0.2056093)
(0.03948402, -0.1418493, 0.2056794)
(0.03953886, -0.1419201, 0.2056333)
(0.03952146, -0.1417003, 0.2059814)
(0.03951693, -0.1414165, 0.2060447)
(0.03960252, -0.1414809, 0.205964)
(0.03950691, -0.1415527, 0.2057818)
(0.03944683, -0.1414635, 0.2058892)
(0.03950858, -0.1415167, 0.2058258)
(0.03945279, -0.1415963, 0.2056437)
(0.03922558, -0.1414151, 0.2060161)
(0.03925085, -0.1414816, 0.2059549)
(0.03948379, -0.1415665, 0.2060084)
(0.03953886, -0.1415222, 0.2059449)
(0.03960586, -0.1416056, 0.2058423)
(0.03970242, -0.1418645, 0.2055225)
(0.03961325, -0.1417174, 0.2056757)
(0.03967357, -0.1418099, 0.2056066)
(0.03956723, -0.1415749, 0.2059125)
(0.03936601, -0.1415339, 0.2062339)
(0.03941178, -0.1416204, 0.2061725)
(0.03946447, -0.1416059, 0.2062906)
(0.03925538, -0.1413798, 0.2066152)
(0.03929329, -0.1414821, 0.2065665)
(0.03926969, -0.141479, 0.2066133)
(0.03915834, -0.1413763, 0.206793)
(0.03917575, -0.1414676, 0.2067536)
(0.0389905, -0.1414111, 0.2068298)
(0.0391295, -0.1412301, 0.2066063)
(0.03917408, -0.1413088, 0.2065353)
(0.03909087, -0.1411955, 0.2067021)
(0.03890944, -0.1411166, 0.2070074)
(0.03893828, -0.1412289, 0.2069675)
(0.03881478, -0.1413965, 0.206722)
(0.03891611, -0.1412177, 0.2065089)
(0.03892946, -0.1413174, 0.2064314)
(0.03893209, -0.1413102, 0.2065424)
(0.03896856, -0.1412609, 0.2065358)
(0.03919578, -0.1414039, 0.2064217)
(0.03944349, -0.1413813, 0.2065015)
(0.03933263, -0.1413929, 0.2068223)
(0.03931427, -0.1414208, 0.2068331)
(0.0390017, -0.1415284, 0.2065504)
(0.0385952, -0.1411877, 0.2069973)
(0.03849578, -0.141052, 0.2071257)
(0.03860068, -0.1407425, 0.2077588)
(0.03830004, -0.1401718, 0.2088239)
(0.03834462, -0.1395953, 0.2107724)
(0.03844714, -0.1392221, 0.2123218)
(0.03832817, -0.1381249, 0.2147205)
(0.03994179, -0.1366258, 0.2184349)
(0.04260564, -0.1360381, 0.221637)
(0.04495716, -0.134275, 0.226898)
(0.04534006, -0.1283693, 0.2305797)
(0.04607797, -0.107471, 0.2267263)
(0.04952955, -0.0955236, 0.2300389)
(0.05302811, -0.07865787, 0.235622)
(0.05612898, -0.0618391, 0.2380949)
(0.05890298, -0.04911518, 0.2382929)
(0.06247711, -0.03029537, 0.2385821)
(0.06663775, -0.01238084, 0.2441914)
(0.07231665, 0.003479004, 0.2468295)
(0.07776523, 0.02313805, 0.2512221)
(0.08248258, 0.04335618, 0.2586737)
(0.0857532, 0.06507444, 0.2671857)
(0.0902288, 0.08330989, 0.2757959)
(0.09343719, 0.1002254, 0.2860014)
(0.09364939, 0.1231411, 0.3005743)
(0.09591174, 0.1360927, 0.3143291)
(0.09791517, 0.1476054, 0.3252895)
(0.09671569, 0.1651318, 0.3423414)
(0.09841919, 0.1701363, 0.3563297)
(0.1001058, 0.1726183, 0.3727949)
(0.1023562, 0.1828015, 0.3881152)
(0.1049368, 0.184615, 0.4049647)
(0.1107714, 0.1859919, 0.4165199)
(0.1064141, 0.1926055, 0.4428971)
(0.1065609, 0.192106, 0.4628358)
(0.1083717, 0.1891967, 0.478411)
(0.1089232, 0.1840558, 0.4945989)
(0.1080165, 0.1795549, 0.511781)
(0.1090257, 0.1747729, 0.5270493)
(0.1095555, 0.1712412, 0.5414171)
(0.1090858, 0.1690872, 0.5548851)
(0.1094627, 0.1641967, 0.569814)
(0.1088479, 0.1581736, 0.580106)
(0.1077931, 0.1501954, 0.5885696)
(0.1063447, 0.141886, 0.596348)
(0.1064446, 0.1364977, 0.6009057)
(0.1073627, 0.1303215, 0.6046841)
(0.1103306, 0.1286209, 0.6107018)
(0.1098483, 0.1238425, 0.6076915)
(0.1114531, 0.1342263, 0.6072834)
(0.1104176, 0.1304417, 0.5979342)
(0.110971, 0.1319113, 0.5937998)
(0.1116464, 0.1293314, 0.5911436)
(0.1126099, 0.1265187, 0.5959911)
(0.1129472, 0.1246886, 0.6031022)
(0.111495, 0.1233459, 0.6075773)
(0.1100197, 0.1220191, 0.6105635)
(0.1114335, 0.1213059, 0.608439)
(0.1131651, 0.1215148, 0.6070435)
(0.1150408, 0.1217794, 0.6034722)
(0.1132686, 0.1247749, 0.6025343)
(0.1086166, 0.1254339, 0.6043725)
(0.1054161, 0.124799, 0.6045334)
(0.1042786, 0.1222017, 0.604383)
(0.1065407, 0.1209583, 0.6050115)
(0.1078801, 0.1239719, 0.6047685)
(0.1078262, 0.1252537, 0.6053066)
(0.1064043, 0.1256363, 0.6058984)
(0.1053493, 0.1250656, 0.6045096)
(0.1049008, 0.1230416, 0.6035371)
(0.1043701, 0.1237252, 0.6040165)
(0.104583, 0.1245482, 0.6040869)
(0.1053839, 0.1253774, 0.6036673)
(0.1052275, 0.1256466, 0.6038694)
(0.1047263, 0.125452, 0.6034167)
(0.1044559, 0.125432, 0.6031122)
(0.1041291, 0.125874, 0.6031787)
(0.1046624, 0.1259522, 0.603174)
(0.1048598, 0.1260324, 0.6030858)
(0.104985, 0.1262286, 0.6032033)
(0.1051476, 0.1263416, 0.603296)
(0.105001, 0.1264198, 0.6032147)
(0.1050215, 0.1264019, 0.6030715)
(0.1054282, 0.1263976, 0.6031575)
(0.10551, 0.1266284, 0.6032279)
(0.1056457, 0.1266358, 0.6031251)
(0.1055512, 0.1267691, 0.6030476)
(0.1053493, 0.126725, 0.6029437)
(0.1053717, 0.1267302, 0.6027436)
(0.1053085, 0.1267269, 0.6025901)
(0.105166, 0.1268239, 0.6025827)
(0.1049128, 0.126997, 0.6027317)
(0.1050189, 0.1269522, 0.6029289)
(0.1049285, 0.1268663, 0.6030102)
(0.1049507, 0.1268282, 0.6029303)
(0.1050282, 0.1267989, 0.6030912)
(0.1050222, 0.126766, 0.6028223)
(0.1049488, 0.1268415, 0.6028848)
(0.1051018, 0.1268039, 0.6029539)
(0.1051247, 0.1267159, 0.602931)
(0.1053398, 0.1264706, 0.602797)
(0.1055169, 0.1264989, 0.6028028)
(0.105623, 0.1265807, 0.6024494)
(0.1058991, 0.1263218, 0.60218)
(0.1061747, 0.1262605, 0.6022589)
(0.10621, 0.1260457, 0.6027508)
(0.1061068, 0.1260912, 0.6026914)
(0.1060302, 0.126014, 0.6025188)
(0.1060321, 0.1257885, 0.6027324)
(0.1057742, 0.1259797, 0.603112)
(0.1057131, 0.1260729, 0.6032841)
(0.105747, 0.1259041, 0.6034744)
(0.1057913, 0.1257877, 0.6035032)
(0.1057827, 0.1256416, 0.6038358)
(0.1055427, 0.1256347, 0.6039453)
(0.1052146, 0.1255515, 0.6042252)
(0.104991, 0.1251612, 0.6048481)
(0.1048439, 0.1250694, 0.6052983)
(0.1049147, 0.1246395, 0.6052115)
(0.1048818, 0.1245012, 0.6053166)
(0.1052265, 0.1247244, 0.6056085)
(0.1052959, 0.1246774, 0.606025)
(0.105021, 0.1246951, 0.6065826)
(0.1046746, 0.1245866, 0.6074529)
(0.1044171, 0.1244879, 0.6082084)
(0.104331, 0.1247156, 0.6091249)
(0.1042256, 0.1255474, 0.610384)
(0.1037884, 0.1261876, 0.6121078)
(0.1030858, 0.1267965, 0.6147075)
(0.1027262, 0.1270573, 0.617373)
(0.1019177, 0.1274283, 0.6202481)
(0.101635, 0.1276519, 0.6228104)
(0.1017799, 0.1270795, 0.627027)
(0.1023524, 0.1266851, 0.6320679)
(0.1026187, 0.1268694, 0.6361105)
(0.1023643, 0.1299078, 0.6400688)
(0.102217, 0.1351993, 0.6454666)
(0.1018345, 0.1414745, 0.649261)
(0.1014836, 0.152348, 0.6527112)
(0.1015832, 0.167315, 0.6555176)
(0.102057, 0.1781691, 0.6588266)
(0.1024673, 0.1882715, 0.6624975)
(0.1044478, 0.1990993, 0.6556945)
(0.1034861, 0.2065657, 0.6538889)
(0.1050906, 0.2175699, 0.6493821)
(0.1065588, 0.2282305, 0.6477926)
(0.1063662, 0.2407193, 0.6456132)
(0.1078832, 0.2540051, 0.6448014)
(0.1088147, 0.2686578, 0.6439667)
(0.108923, 0.2831028, 0.6423686)
(0.1090271, 0.2984582, 0.6416018)
(0.1096449, 0.3151938, 0.6420817)
(0.109458, 0.3310349, 0.644104)
(0.1091592, 0.3460976, 0.6471624)
(0.1095359, 0.3607454, 0.6505284)
(0.1092813, 0.376545, 0.6564591)
(0.1104603, 0.3929193, 0.6628602)
(0.1111348, 0.4082093, 0.6699769)
(0.1118805, 0.4226452, 0.6765735)
(0.1129684, 0.434751, 0.6847258)
(0.1135583, 0.4439654, 0.6930816)
(0.1138659, 0.4519652, 0.7007425)
(0.114229, 0.4594911, 0.709125)
(0.1141946, 0.4639574, 0.7188654)
(0.1148682, 0.465853, 0.7288065)
(0.1154377, 0.4668355, 0.7379894)
(0.1145892, 0.4667913, 0.7486839)
(0.1153154, 0.4677683, 0.758882)
(0.1148279, 0.4659033, 0.7704411)
(0.1138201, 0.463323, 0.7837007)
(0.1132452, 0.4595522, 0.7966399)
(0.1126592, 0.4561273, 0.8088086)
(0.1126459, 0.450655, 0.8210893)
(0.1122897, 0.44453, 0.8352163)
(0.11218, 0.4394802, 0.8476799)
(0.1130033, 0.4317136, 0.8591301)
(0.1125731, 0.4230636, 0.8716576)
(0.1132627, 0.412534, 0.8839886)
(0.1154299, 0.4058776, 0.8940487)
(0.1176946, 0.4038607, 0.9051251)
(0.1214046, 0.4038904, 0.9138534)
(0.1247323, 0.4010648, 0.919992)
(0.1258848, 0.3992269, 0.925539)
(0.1247747, 0.3925352, 0.9320283)
(0.1269944, 0.3904256, 0.9387774)
(0.1237545, 0.3792558, 0.942826)
(0.1258311, 0.3646547, 0.9463079)
(0.1326032, 0.3689135, 0.9408696)
(0.1298318, 0.3782899, 0.935504)
(0.1298602, 0.382611, 0.9336734)
(0.1290529, 0.3811125, 0.9276071)
(0.1293819, 0.3805474, 0.9257274)
(0.1280501, 0.3762264, 0.928946)
(0.1265643, 0.3742533, 0.9347618)
(0.1267898, 0.3744105, 0.9389403)
(0.1282165, 0.3736269, 0.9395289)
(0.1296959, 0.3718815, 0.9403875)
(0.1281826, 0.3725151, 0.9391029)
(0.1291022, 0.3754264, 0.9362888)
(0.1295364, 0.3753147, 0.9351811)
(0.1292794, 0.3752098, 0.9340961)
(0.1296186, 0.375582, 0.9333706)
(0.1294165, 0.3751032, 0.9349921)
(0.1296887, 0.3741975, 0.9356012)
(0.130219, 0.3740284, 0.9356763)
(0.1303751, 0.3738835, 0.9357104)
(0.1299374, 0.3737248, 0.9349415)
(0.130595, 0.3741876, 0.9336996)
(0.1307313, 0.3741398, 0.9334302)
(0.1304119, 0.3740633, 0.9330487)
(0.1306489, 0.3738704, 0.9333129)
(0.130944, 0.3735545, 0.9336379)
(0.131031, 0.3733556, 0.9335506)
(0.1310122, 0.3732156, 0.933624)
(0.1311584, 0.3731922, 0.9333882)
