(-3126.67, 1312.085, 846.8007)
(-1.726866, 95.76703, 30.56422)
(-31.47147, 159.1901, 10.07686)
(-13.3708, 71.42789, 9.800718)
(-32.03341, 144.932, 26.13445)
(-22.70492, 96.28292, 11.72649)
(-8.797485, 84.63272, 29.27727)
(2.577756, 73.50836, 33.11592)
(14.14921, 73.14561, 51.65434)
(23.59155, 88.31824, 77.48914)
(-4.182434, 91.94839, 41.99879)
(-6.086395, 76.41175, 31.15459)
(-12.17561, 83.57874, 26.00722)
(-21.35103, 97.83186, 5.941055)
(-16.10924, 91.00433, -1.591309)
(-13.10861, 66.22887, 7.895814)
(-34.73944, 92.80066, -0.395713)
(-16.18429, 47.85012, 8.600273)
(-42.24685, 114.2862, 44.08166)
(-52.18726, 64.15427, 28.06893)
(-65.90601, 44.41082, 26.86926)
(-64.82292, 55.7659, 22.68229)
(-91.16859, 46.11187, 6.595802)
(-99.02236, 43.61565, -13.04496)
(-103.4127, 47.93139, -12.61865)
(-123.5284, 32.30922, -29.49273)
(-120.392, 31.20647, -30.93237)
(-144.1469, 30.12719, -25.73782)
(-165.7013, 17.17794, -23.92432)
(-168.0229, 25.23754, -14.92066)
(-155.1848, 33.0689, -0.5134816)
(-233.328, 49.5258, 0.5768614)
(0, 0, 0)
(-226.2912, 39.39214, -15.1455)
(-272.4811, 50.31975, -6.116213)
(-175.4848, 34.62669, -9.114349)
(-197.3443, 20.60737, -21.00027)
(-181.0471, 28.87049, -12.22086)
(-181.2231, 28.06223, -5.682525)
(-175.844, 23.68685, -11.20666)
(-169.3531, 38.64126, -3.554408)
(-161.511, 34.09367, 5.46621)
(-159.6297, 19.71429, -1.880172)
(-140.3339, 17.42948, -0.6275838)
(-138.9936, 9.525597, -1.23652)
(-93.44712, -2.869612, -10.99331)
(-175.7148, 11.45681, -24.32149)
(-177.9397, 3.452278, -13.71565)
(-114.5362, -2.95006, -7.394742)
(-112.4874, 4.489514, -9.728901)
(-93.61221, -7.170571, -0.5260183)
(-90.27645, -10.4512, -4.092906)
(-94.01096, -4.919344, -7.181957)
(-81.38813, -15.47888, -3.670572)
(-85.50853, -26.86065, -6.576481)
(-73.33994, -27.45581, -10.11364)
(-70.26777, -18.6661, -9.646949)
(-59.23477, -19.15203, 0.9551538)
(-60.00816, -23.5096, -6.353782)
(-31.38189, -20.05986, -0.2140333)
(-68.52496, -36.84747, 1.191635)
(-55.34768, -36.9221, -0.7449694)
(-39.86676, -27.39677, -1.058802)
(-35.063, -38.50837, -8.117164)
(-31.47013, -39.80046, -10.96108)
(-27.60061, -13.15457, -22.38869)
(-17.08081, 8.921161, -7.757868)
(-19.38441, -32.35986, 9.448962)
(-4.46125, -34.58673, 3.815485)
