(-0.2983279, 0.1877494, -0.5183115)
(-0.2985141, 0.1873991, -0.5180578)
(-0.2992291, 0.1871912, -0.5181284)
(-0.2997265, 0.1873543, -0.5182056)
(-0.3000884, 0.1870708, -0.5182154)
(-0.3004656, 0.1868918, -0.5180743)
(-0.3011608, 0.1864996, -0.5179338)
(-0.3016448, 0.1862442, -0.5183597)
(-0.3019173, 0.1858199, -0.5185084)
(-0.3025653, 0.1853428, -0.5186932)
(-0.3031242, 0.1847634, -0.5191739)
(-0.3038926, 0.1843052, -0.5195508)
(-0.3047876, 0.1833575, -0.5195675)
(-0.3054898, 0.1829431, -0.5198193)
(-0.3059728, 0.1825316, -0.5198445)
(-0.3066068, 0.1818492, -0.5197027)
(-0.3070827, 0.181596, -0.5195229)
(-0.3071737, 0.1812859, -0.5193956)
(-0.3073788, 0.1808629, -0.5191557)
(-0.3073864, 0.1806757, -0.5188639)
(-0.3075435, 0.1806259, -0.5187941)
(-0.3074975, 0.1807549, -0.5187123)
(-0.3075128, 0.1808197, -0.518611)
(-0.3074114, 0.1810343, -0.5183866)
(-0.3075192, 0.1812496, -0.5184133)
(-0.3076608, 0.1812725, -0.5182819)
(-0.307847, 0.1812677, -0.5181227)
(-0.3076024, 0.181695, -0.5181651)
(-0.3075597, 0.181761, -0.5179837)
(-0.3079085, 0.1818538, -0.5180199)
(-0.3078997, 0.1821318, -0.5182948)
(-0.3081365, 0.1821601, -0.5183887)
(-0.3088381, 0.1821589, -0.5189009)
(-0.3089061, 0.1824315, -0.5193665)
(-0.3090587, 0.1824679, -0.519537)
(-0.309114, 0.1825383, -0.5195589)
(-0.3089883, 0.1829467, -0.5196285)
(-0.3085897, 0.1831729, -0.5193465)
(-0.3088489, 0.1832998, -0.5193384)
(-0.3089273, 0.1835251, -0.5191925)
(-0.3084602, 0.183073, -0.5197883)
(-0.3082023, 0.1831582, -0.5195551)
(-0.3081255, 0.1832402, -0.5193264)
(-0.3077478, 0.1830201, -0.5193782)
(-0.3075531, 0.1830993, -0.5191076)
(-0.3075352, 0.1827199, -0.5190792)
(-0.3064942, 0.1818063, -0.5196977)
(-0.3060884, 0.1818638, -0.5193639)
(-0.3061049, 0.1816347, -0.5190358)
(-0.306035, 0.1818562, -0.5185924)
(-0.3056381, 0.1819956, -0.517998)
(-0.305223, 0.1821885, -0.5176125)
(-0.3055785, 0.1826937, -0.5170829)
(-0.3052022, 0.1828575, -0.516407)
(-0.3050618, 0.1833246, -0.5163686)
(-0.3052335, 0.1840777, -0.5154381)
(-0.3050425, 0.1843588, -0.5147941)
(-0.3047097, 0.184598, -0.5143223)
(-0.3045411, 0.1850762, -0.513207)
(-0.3039598, 0.1854424, -0.5118856)
(-0.3033392, 0.1861739, -0.5107391)
(-0.3029835, 0.1868405, -0.5094731)
(-0.3026013, 0.187552, -0.5078692)
(-0.3023617, 0.1885023, -0.5058923)
(-0.301821, 0.189919, -0.5036685)
(-0.3014374, 0.1912987, -0.5015585)
(-0.3010848, 0.1931479, -0.4990203)
(-0.3009584, 0.1949086, -0.4962068)
(-0.3014035, 0.197382, -0.4924002)
(-0.3019011, 0.1996543, -0.4890378)
(-0.3025961, 0.2025552, -0.4847906)
(-0.3034444, 0.2057784, -0.4802747)
(-0.3045175, 0.2101977, -0.4740369)
(-0.3052046, 0.2148669, -0.4675562)
(-0.305588, 0.2202847, -0.4591684)
(-0.3061059, 0.2260518, -0.448741)
(-0.3060679, 0.2314253, -0.4385672)
(-0.3069034, 0.2384739, -0.42365)
(-0.3077822, 0.24476, -0.4100165)
(-0.3081529, 0.2532656, -0.3946421)
(-0.3078339, 0.2629762, -0.3784757)
(-0.3081062, 0.2754397, -0.3592837)
(-0.3064368, 0.2913129, -0.3390701)
(-0.3057952, 0.3038018, -0.3208499)
(-0.3059916, 0.3201785, -0.3038955)
(-0.3051212, 0.338974, -0.2890708)
(-0.3020144, 0.3588643, -0.2728608)
(-0.3011372, 0.3767107, -0.2548516)
(-0.2980719, 0.3947084, -0.2365799)
(-0.2951071, 0.412432, -0.2179456)
(-0.2930005, 0.42933, -0.199141)
(-0.2908885, 0.4472678, -0.1801879)
(-0.2882326, 0.462669, -0.1627564)
(-0.2853148, 0.476083, -0.1454298)
(-0.2847807, 0.4896941, -0.1277838)
(-0.2827647, 0.4986451, -0.1105199)
(-0.2806792, 0.5066866, -0.0944941)
(-0.2814016, 0.5134751, -0.0764389)
(-0.2803669, 0.5189334, -0.0593214)
(-0.2783906, 0.5227396, -0.04290605)
(-0.279489, 0.5249726, -0.02329826)
(-0.2794783, 0.5259495, -0.005767584)
(-0.2788954, 0.5229614, 0.011482)
(-0.2800426, 0.521771, 0.02927542)
(-0.2811422, 0.5171485, 0.04700351)
(-0.2821989, 0.5122353, 0.06399202)
(-0.2837262, 0.5074267, 0.08219647)
(-0.2862282, 0.5006307, 0.09924269)
(-0.2886355, 0.4939255, 0.1157203)
(-0.2912536, 0.4869802, 0.1321769)
(-0.2938008, 0.4804312, 0.1457236)
(-0.2970188, 0.4738705, 0.1583874)
(-0.2993021, 0.4687265, 0.169693)
(-0.3011947, 0.4647518, 0.1757605)
(-0.3048272, 0.4591652, 0.1841846)
(-0.3070059, 0.4570487, 0.1876459)
(-0.3082206, 0.4545628, 0.1925209)
(-0.311327, 0.4505029, 0.195575)
(-0.3116238, 0.4483651, 0.1960292)
(-0.3110304, 0.4458063, 0.194905)
(-0.3119161, 0.4405851, 0.194232)
(-0.3114221, 0.436872, 0.1934562)
(-0.3094847, 0.4331629, 0.1905951)
(-0.3070512, 0.4317622, 0.190407)
(-0.3051326, 0.4345948, 0.1935797)
(-0.3061099, 0.4364537, 0.1953683)
(-0.3073316, 0.4371438, 0.1987407)
(-0.3109136, 0.4363272, 0.2028835)
(-0.3142207, 0.4366715, 0.203315)
(-0.3156376, 0.4376866, 0.2007649)
(-0.3154318, 0.4369838, 0.2007742)
(-0.3145943, 0.4360383, 0.2008338)
(-0.3142486, 0.4370217, 0.2008209)
(-0.3142626, 0.4370847, 0.201189)
(-0.3152034, 0.4369264, 0.2007749)
(-0.3153174, 0.4370826, 0.2002342)
(-0.3165038, 0.4372272, 0.2001665)
(-0.317265, 0.4373311, 0.1998191)
(-0.3173938, 0.4380435, 0.1992662)
(-0.3178009, 0.438306, 0.1991401)
(-0.3177255, 0.4384756, 0.1993294)
(-0.3178653, 0.4390148, 0.1990876)
(-0.3182423, 0.4394135, 0.1993601)
(-0.3182389, 0.439597, 0.1994257)
(-0.3183153, 0.4399034, 0.1994755)
(-0.3184069, 0.4401252, 0.1995602)
(-0.3184001, 0.4403069, 0.1995468)
(-0.3185632, 0.4407309, 0.1999371)
(-0.3187356, 0.4412141, 0.2003653)
(-0.3187755, 0.4414251, 0.2006347)
(-0.3186369, 0.4418138, 0.2004859)
(-0.3187504, 0.4421531, 0.2006176)
(-0.3184453, 0.4421782, 0.2005394)
(-0.3181832, 0.4426861, 0.200583)
(-0.3181434, 0.4433249, 0.2011013)
(-0.317408, 0.4435654, 0.2014623)
(-0.3174175, 0.443872, 0.2017438)
(-0.3174725, 0.4441566, 0.2019851)
(-0.3172146, 0.4442885, 0.2020636)
(-0.3090453, 0.4364846, 0.1933951)
(-0.3034887, 0.4324898, 0.1895018)
(-0.3032169, 0.432636, 0.189395)
(-0.3028936, 0.4326813, 0.1888506)
(-0.3022871, 0.4323845, 0.1882226)
(-0.3020003, 0.4324406, 0.1877503)
(-0.3011203, 0.4328464, 0.1874704)
(-0.3004196, 0.432999, 0.1872602)
(-0.3000526, 0.4330822, 0.1867898)
(-0.299859, 0.4329189, 0.1867507)
(-0.3000274, 0.4331751, 0.1864524)
(-0.2999294, 0.4332398, 0.1860592)
(-0.3000627, 0.4332116, 0.1860104)
(-0.3001339, 0.4336396, 0.1858103)
(-0.2999175, 0.4337676, 0.1852)
(-0.2994394, 0.433762, 0.1847582)
(-0.2987094, 0.4337925, 0.1845415)
(-0.2979887, 0.4337181, 0.1835501)
(-0.2971783, 0.4336109, 0.1841347)
(-0.2961292, 0.4345934, 0.183413)
(-0.2962539, 0.4350551, 0.1831479)
(-0.2961328, 0.4351043, 0.1834812)
(-0.295625, 0.4356769, 0.1828692)
(-0.294317, 0.4364209, 0.1826944)
(-0.2944307, 0.4368818, 0.1825438)
(-0.2939816, 0.4374422, 0.1823339)
(-0.2938497, 0.4376931, 0.1819022)
(-0.2934251, 0.4376353, 0.1814661)
(-0.2933021, 0.4379478, 0.1811121)
(-0.2929585, 0.4382015, 0.1810393)
(-0.2928367, 0.4383087, 0.1805992)
(-0.2927675, 0.438622, 0.1804218)
(-0.292232, 0.4386504, 0.1805072)
(-0.2918394, 0.438902, 0.1804159)
(-0.2916703, 0.4389774, 0.1803405)
(-0.2915628, 0.4389961, 0.1802495)
(-0.2911463, 0.4392914, 0.179893)
(-0.2909651, 0.4395114, 0.1798704)
(-0.2909725, 0.4396178, 0.179693)
(-0.2907658, 0.4398097, 0.1795774)
(-0.2907078, 0.440019, 0.1796651)
(-0.2907515, 0.4401392, 0.1796052)
(-0.2907307, 0.4402903, 0.1796272)
(-0.2907512, 0.4405651, 0.1797109)
(-0.2906759, 0.4407837, 0.1796384)
(-0.2907352, 0.4407518, 0.1797161)
(-0.2906005, 0.4409645, 0.1797147)
(-0.29058, 0.4410955, 0.1794341)
(-0.2906678, 0.4408665, 0.1794515)
(-0.2905955, 0.4408994, 0.1793783)
(-0.2906101, 0.4408619, 0.1791966)
(-0.2906299, 0.4406823, 0.1796095)
(-0.2907593, 0.4408636, 0.1798041)
(-0.2908449, 0.4408711, 0.1798036)
(-0.2910056, 0.4407301, 0.1800718)
(-0.2909689, 0.4407871, 0.1801579)
(-0.2910364, 0.440817, 0.1801353)
(-0.291214, 0.4405448, 0.1805117)
