(-0.399178, 0.5581357, -2.089073)
(-0.3991585, 0.5581609, -2.088996)
(-0.399013, 0.5581682, -2.08944)
(-0.3989964, 0.5581737, -2.089493)
(-0.3989964, 0.5581737, -2.089493)
(-0.3988819, 0.5581025, -2.089767)
(-0.39887, 0.5580969, -2.089734)
(-0.3989086, 0.5581461, -2.08967)
(-0.3989558, 0.5581461, -2.089423)
(-0.3989341, 0.5581472, -2.089456)
(-0.399189, 0.5582149, -2.089461)
(-0.3991842, 0.5581799, -2.089333)
(-0.3991821, 0.5581858, -2.089386)
(-0.3991821, 0.5581858, -2.089386)
(-0.3991818, 0.5581459, -2.089611)
(-0.3992465, 0.5581529, -2.089438)
(-0.3993993, 0.5582387, -2.089313)
(-0.3993993, 0.5582387, -2.089313)
(-0.3994417, 0.5582848, -2.089427)
(-0.3994541, 0.5583919, -2.089131)
(-0.3994887, 0.5583403, -2.088971)
(-0.399507, 0.5583633, -2.089015)
(-0.399507, 0.5583633, -2.089015)
(-0.3995533, 0.5586001, -2.088226)
(-0.3996124, 0.5585852, -2.088012)
(-0.3996413, 0.5585951, -2.088006)
(-0.399554, 0.5587275, -2.087703)
(-0.3995662, 0.5587186, -2.087703)
(-0.3995695, 0.5587407, -2.087658)
(-0.3995981, 0.558746, -2.087621)
(-0.3995805, 0.5587316, -2.08764)
(-0.3995805, 0.5587316, -2.08764)
(-0.3997607, 0.5587592, -2.087678)
(-0.3999796, 0.5587091, -2.087037)
(-0.3999796, 0.5587091, -2.087037)
(-0.3998733, 0.5587215, -2.087224)
(-0.3998716, 0.5586907, -2.087194)
(-0.3998716, 0.5586907, -2.087194)
(-0.4000769, 0.5588553, -2.086491)
(-0.4000683, 0.5588369, -2.086458)
(-0.4000683, 0.5588369, -2.086458)
(-0.4001794, 0.5590249, -2.085853)
(-0.4002032, 0.5590167, -2.08584)
(-0.4002013, 0.558984, -2.085795)
(-0.4000585, 0.5589525, -2.086161)
(-0.4001207, 0.5589939, -2.086176)
(-0.4002271, 0.5591356, -2.085626)
(-0.4000914, 0.5590867, -2.085973)
(-0.4001293, 0.5591222, -2.086029)
(-0.4001293, 0.5591222, -2.086029)
(-0.3998978, 0.5590566, -2.086089)
(-0.3997893, 0.5590254, -2.086374)
(-0.3999333, 0.5591414, -2.08617)
(-0.3999333, 0.5591414, -2.08617)
(-0.4000125, 0.5591676, -2.086054)
(-0.4001288, 0.5592803, -2.085708)
(-0.4000041, 0.5592791, -2.085966)
(-0.4000444, 0.5593252, -2.086014)
(-0.4000444, 0.5593252, -2.086014)
(-0.4000349, 0.5592033, -2.086377)
(-0.4001017, 0.5591934, -2.086129)
(-0.3999887, 0.5591956, -2.086155)
(-0.4000168, 0.5592151, -2.086041)
(-0.4000509, 0.5592401, -2.08601)
(-0.3998086, 0.5590652, -2.086492)
(-0.3998337, 0.5591625, -2.086334)
(-0.399857, 0.5592003, -2.086327)
(-0.399857, 0.5592003, -2.086327)
(-0.3999336, 0.5592752, -2.086105)
(-0.39995, 0.5593191, -2.085983)
(-0.3998618, 0.5593098, -2.085946)
(-0.3999019, 0.5593512, -2.085811)
(-0.3999393, 0.5594099, -2.085858)
(-0.4000249, 0.5593113, -2.086187)
(-0.4000366, 0.5593073, -2.085973)
(-0.4000726, 0.5593423, -2.086004)
(-0.4000726, 0.5593423, -2.086004)
(-0.4000044, 0.5594155, -2.085785)
(-0.3999104, 0.5594517, -2.086074)
(-0.3998828, 0.5594145, -2.086055)
(-0.3999124, 0.5594211, -2.085789)
(-0.3999305, 0.5594856, -2.085777)
(-0.399673, 0.559195, -2.086649)
(-0.39979, 0.5591427, -2.086093)
(-0.3998008, 0.5591643, -2.086028)
(-0.3998008, 0.5591643, -2.086028)
(-0.3999281, 0.5591391, -2.086282)
(-0.399894, 0.5591508, -2.086325)
(-0.3998981, 0.5591619, -2.086287)
(-0.400106, 0.5593232, -2.085986)
(-0.4001224, 0.5593317, -2.085942)
(-0.4002805, 0.5593661, -2.085836)
(-0.4002995, 0.5593497, -2.085804)
(-0.4003124, 0.5593678, -2.085766)
(-0.4003124, 0.5593678, -2.085766)
(-0.4001727, 0.5592177, -2.086219)
(-0.4002528, 0.5592337, -2.085908)
(-0.4002528, 0.5592337, -2.085908)
(-0.4002001, 0.5593188, -2.08595)
(-0.4002156, 0.5593474, -2.085922)
(-0.4000945, 0.5592719, -2.086019)
(-0.4000149, 0.5593356, -2.086264)
(-0.400028, 0.5593792, -2.086257)
(-0.400028, 0.5593792, -2.086257)
(-0.3999314, 0.5592915, -2.086486)
(-0.3999753, 0.5592258, -2.086364)
(-0.4000883, 0.5593704, -2.085972)
(-0.399996, 0.5593444, -2.086195)
(-0.4000034, 0.559361, -2.086152)
(-0.4000266, 0.5593572, -2.086251)
(-0.4000053, 0.5594076, -2.086315)
(-0.4000139, 0.5594305, -2.08628)
(-0.4000139, 0.5594305, -2.08628)
(-0.3998511, 0.5593319, -2.086492)
(-0.3999414, 0.5593362, -2.086166)
(-0.3999288, 0.5593519, -2.086126)
(-0.4000692, 0.5593966, -2.085596)
(-0.4000702, 0.55941, -2.085531)
(-0.4000049, 0.5593977, -2.0855)
(-0.4001236, 0.5594361, -2.085125)
(-0.4001279, 0.5594506, -2.085064)
(-0.4001279, 0.5594506, -2.085064)
(-0.4000399, 0.5593957, -2.085102)
(-0.3999538, 0.559407, -2.085221)
(-0.3999088, 0.5593134, -2.085482)
(-0.3998601, 0.559298, -2.085602)
(-0.3998785, 0.5593148, -2.085552)
(-0.3999367, 0.5593545, -2.085442)
(-0.3999147, 0.5593508, -2.085452)
(-0.3998826, 0.5593554, -2.085377)
(-0.3998826, 0.5593554, -2.085377)
(-0.4000101, 0.5594455, -2.085178)
(-0.3999686, 0.5594927, -2.08526)
(-0.3999686, 0.5594927, -2.08526)
(-0.4001112, 0.5596054, -2.084842)
(-0.4001112, 0.5596054, -2.084842)
(-0.4001083, 0.5596145, -2.084785)
(-0.4002595, 0.5595961, -2.084935)
(-0.4002709, 0.5596026, -2.084854)
(-0.4002709, 0.5596026, -2.084854)
(-0.4002368, 0.5595238, -2.085045)
(-0.4002309, 0.5595244, -2.08498)
(-0.4004822, 0.5596004, -2.084862)
(-0.4003868, 0.5595998, -2.08517)
(-0.4003868, 0.5595998, -2.08517)
(-0.4004006, 0.5596113, -2.085096)
(-0.4001918, 0.5595433, -2.085346)
(-0.4002132, 0.5595552, -2.085268)
(-0.4001186, 0.5595865, -2.085038)
(-0.4002545, 0.5596316, -2.084479)
(-0.4002986, 0.5596576, -2.084452)
(-0.4003043, 0.5596393, -2.084166)
(-0.4002934, 0.5596222, -2.084035)
(-0.4002934, 0.5596222, -2.084035)
(-0.4003305, 0.5596776, -2.08406)
(-0.40045, 0.5597321, -2.083879)
(-0.4003615, 0.5597405, -2.084072)
(-0.4003477, 0.5597794, -2.083797)
(-0.400398, 0.5597547, -2.083626)
(-0.4004612, 0.5598001, -2.083565)
(-0.4004965, 0.559772, -2.083588)
(-0.4004507, 0.5597486, -2.083682)
(-0.4004507, 0.5597486, -2.083682)
(-0.4004784, 0.5597581, -2.08358)
(-0.4004159, 0.5596805, -2.084587)
(-0.4004426, 0.5597043, -2.084513)
(-0.4004426, 0.5597043, -2.084513)
(-0.4005587, 0.5595504, -2.0841)
(-0.4005589, 0.5595353, -2.084007)
(-0.4005213, 0.5593426, -2.084525)
(-0.4004059, 0.5593817, -2.085168)
(-0.4004059, 0.5593817, -2.085168)
(-0.4004178, 0.5593987, -2.085158)
(-0.4006, 0.5594527, -2.08503)
(-0.4004831, 0.5595212, -2.085462)
(-0.4003539, 0.5596037, -2.085231)
(-0.4002585, 0.5596024, -2.08571)
(-0.4002652, 0.5596341, -2.085723)
(-0.4002557, 0.5596849, -2.085469)
(-0.4002912, 0.5596608, -2.085334)
(-0.4002912, 0.5596608, -2.085334)
(-0.4002953, 0.5596113, -2.085628)
(-0.4002953, 0.5596113, -2.085628)
(-0.4002717, 0.5596107, -2.085805)
(-0.3999734, 0.5593801, -2.086366)
(-0.4001615, 0.5593424, -2.085814)
(-0.4001517, 0.5593282, -2.085775)
(-0.4001107, 0.5593089, -2.085793)
(-0.4001088, 0.5593072, -2.085825)
(-0.4001088, 0.5593072, -2.085825)
(-0.4001148, 0.5593007, -2.085772)
(-0.4000843, 0.5592412, -2.085913)
(-0.4000988, 0.5592514, -2.085914)
(-0.4000278, 0.5591499, -2.086088)
(-0.4000278, 0.5591499, -2.086088)
(-0.3999665, 0.559136, -2.086276)
(-0.4000292, 0.5590837, -2.086521)
(-0.3999963, 0.5591397, -2.086685)
(-0.3999963, 0.5591397, -2.086685)
(-0.3999929, 0.5591524, -2.086655)
(-0.3998475, 0.5591432, -2.086664)
(-0.3998556, 0.5591705, -2.086678)
(-0.3999176, 0.5593202, -2.086254)
(-0.3999135, 0.5593514, -2.08632)
(-0.3998849, 0.5593656, -2.086297)
(-0.4000649, 0.5593635, -2.086422)
(-0.4000826, 0.5593469, -2.086368)
(-0.4000826, 0.5593469, -2.086368)
(-0.4000854, 0.5593443, -2.086384)
(-0.4003778, 0.5592563, -2.086129)
(-0.4003892, 0.5592746, -2.086077)
(-0.4005222, 0.55934, -2.085864)
(-0.4004941, 0.5593073, -2.086051)
(-0.4005351, 0.5593338, -2.086028)
(-0.400537, 0.5593516, -2.085968)
(-0.4004908, 0.5593393, -2.086145)
(-0.4004908, 0.5593393, -2.086145)
(-0.4005101, 0.5593632, -2.086128)
(-0.4004483, 0.5592192, -2.086599)
(-0.4004483, 0.5592192, -2.086599)
(-0.4005411, 0.5593297, -2.086271)
(-0.4005611, 0.5593433, -2.086247)
(-0.4006176, 0.559391, -2.086236)
(-0.4005454, 0.5595129, -2.085916)
(-0.4006121, 0.5595092, -2.085629)
(-0.4006121, 0.5595092, -2.085629)
(-0.4006433, 0.5595351, -2.085589)
(-0.4004884, 0.5594507, -2.085763)
(-0.400526, 0.5594968, -2.085914)
(-0.4004564, 0.5595071, -2.085783)
(-0.4004347, 0.5595086, -2.085855)
(-0.400455, 0.5595263, -2.085801)
(-0.4002862, 0.5596343, -2.085393)
(-0.4002094, 0.5595573, -2.08568)
(-0.4002094, 0.5595573, -2.08568)
(-0.4002142, 0.5595804, -2.085618)
(-0.4002368, 0.5595831, -2.085612)
(-0.4002507, 0.5596151, -2.085599)
(-0.4000368, 0.5596195, -2.085519)
(-0.4000368, 0.5596195, -2.085519)
(-0.4002171, 0.5596189, -2.084764)
(-0.4001675, 0.5596777, -2.084478)
(-0.4001641, 0.5596671, -2.084358)
(-0.4001641, 0.5596671, -2.084358)
(-0.4001546, 0.5596733, -2.084312)
(-0.4001904, 0.5596808, -2.084612)
(-0.4001908, 0.5596856, -2.084557)
(-0.4001832, 0.559498, -2.085153)
(-0.4001288, 0.5595003, -2.085269)
(-0.4001279, 0.5594977, -2.085258)
(-0.4001169, 0.5594152, -2.085451)
(-0.4001722, 0.5593792, -2.085223)
(-0.4001722, 0.5593792, -2.085223)
(-0.4001706, 0.5593649, -2.085188)
(-0.4001603, 0.5593616, -2.08507)
(-0.4001954, 0.5593876, -2.085028)
(-0.4001985, 0.5593097, -2.08527)
(-0.4001484, 0.5593115, -2.085407)
(-0.400135, 0.5593032, -2.085368)
(-0.4000974, 0.5592321, -2.0856)
(-0.4000387, 0.5592166, -2.085863)
(-0.4000387, 0.5592166, -2.085863)
(-0.4000278, 0.5592204, -2.08585)
(-0.3999166, 0.5592381, -2.08567)
(-0.3998466, 0.5592804, -2.08584)
(-0.3998897, 0.5591514, -2.08635)
(-0.3999159, 0.5591167, -2.086206)
(-0.399931, 0.5591304, -2.0862)
(-0.3998508, 0.5591805, -2.085938)
(-0.3997598, 0.5591595, -2.086151)
(-0.3997598, 0.5591595, -2.086151)
(-0.3997579, 0.5591716, -2.086135)
(-0.3998041, 0.5590403, -2.086625)
(-0.3998847, 0.559033, -2.086385)
(-0.3998451, 0.5589513, -2.086598)
(-0.3998451, 0.5589513, -2.086598)
(-0.3997874, 0.5589788, -2.086783)
(-0.3998241, 0.5590349, -2.086619)
(-0.3997779, 0.5591065, -2.08676)
(-0.3997779, 0.5591065, -2.08676)
(-0.3997967, 0.5591228, -2.086789)
(-0.3998322, 0.5590862, -2.086867)
(-0.3998468, 0.5591148, -2.086826)
(-0.399857, 0.5591642, -2.086687)
(-0.4000483, 0.5591781, -2.085995)
(-0.400032, 0.5591685, -2.085962)
(-0.39991, 0.5589101, -2.086682)
(-0.3998151, 0.558897, -2.08706)
(-0.3998151, 0.558897, -2.08706)
(-0.3998187, 0.5589081, -2.087086)
(-0.4000621, 0.5589768, -2.086699)
(-0.4000592, 0.5589821, -2.086678)
(-0.3997266, 0.5587896, -2.087146)
