(0.220806, 126.0935, 1.527962)
(6.252322, 139.6293, 12.51084)
(344.7079, 134.7634, 4.353115)
(348.5144, 120.5299, 5.728615)
(347.7383, 121.0664, 2.896339)
(344.6002, 121.2545, 2.361223)
(334.008, 123.5384, 357.2671)
(331.8403, 124.1219, 357.0699)
(325.1409, 126.9474, 354.1665)
(322.525, 128.4129, 352.3263)
(317.4106, 130.9554, 348.9209)
(314.911, 132.2915, 347.4156)
(310.6019, 137.4319, 342.2383)
(309.1006, 143.7329, 335.5224)
(306.0948, 154.4496, 320.6369)
(304.2601, 157.4645, 316.3235)
(302.4982, 159.9839, 310.1346)
(302.2974, 162.8657, 305.3102)
(301.407, 171.2642, 294.847)
(301.5458, 173.3693, 291.9442)
(303.4624, 168.117, 297.5851)
(303.8113, 165.7226, 299.7507)
(304.8378, 165.5738, 301.6553)
(306.0282, 166.4268, 300.0753)
(300.6751, 155.7139, 316.0792)
(298.6183, 151.7951, 320.6945)
(298.557, 161.7281, 310.6836)
(298.6607, 164.1233, 308.5448)
