(0.6634051, 1.107822, 0.3907855)
(0.6633536, 1.107507, 0.3907218)
(0.6632679, 1.107323, 0.39077)
(0.663262, 1.107097, 0.3907313)
(0.6632603, 1.106824, 0.3907402)
(0.6634014, 1.106438, 0.3905299)
(0.6634312, 1.106133, 0.3905196)
(0.6635709, 1.105997, 0.3904264)
(0.6634867, 1.10586, 0.3904102)
(0.6633195, 1.105816, 0.3903883)
(0.6631461, 1.10579, 0.3902922)
(0.6632599, 1.105569, 0.3900256)
(0.6632622, 1.105572, 0.3900521)
(0.6630689, 1.10544, 0.3900275)
(0.6626422, 1.105552, 0.3900197)
(0.6624978, 1.105519, 0.3900161)
(0.6623861, 1.105441, 0.3900435)
(0.6621937, 1.105355, 0.3900681)
(0.6619993, 1.105229, 0.3901489)
(0.661628, 1.104998, 0.3902934)
(0.6612089, 1.105008, 0.3904097)
(0.6607893, 1.104985, 0.3904283)
(0.6602762, 1.104843, 0.3906324)
(0.659694, 1.104983, 0.3909569)
(0.659248, 1.105031, 0.3911798)
(0.6588418, 1.105243, 0.3910985)
(0.6583027, 1.105235, 0.3911755)
(0.6575767, 1.105312, 0.3913426)
(0.6570094, 1.105615, 0.3913336)
(0.6563275, 1.105697, 0.3915131)
(0.6555398, 1.105828, 0.3918426)
(0.6546865, 1.105943, 0.3922138)
(0.6538221, 1.106029, 0.3925204)
(0.6527376, 1.106234, 0.393013)
(0.6517425, 1.106457, 0.3933911)
(0.6505978, 1.106611, 0.3938859)
(0.6493783, 1.106739, 0.3943906)
(0.6480038, 1.1067, 0.3951621)
(0.6465236, 1.106685, 0.3958685)
(0.644833, 1.10658, 0.3964636)
(0.6430765, 1.106346, 0.3971047)
(0.6409874, 1.106107, 0.3977547)
(0.6389793, 1.105926, 0.398314)
(0.6371046, 1.105873, 0.3988633)
(0.6349632, 1.105799, 0.3994389)
(0.6325611, 1.105826, 0.3999648)
(0.6302512, 1.105945, 0.4004781)
(0.627807, 1.105958, 0.4010651)
(0.6253535, 1.105857, 0.4015365)
(0.6228397, 1.105805, 0.4018364)
(0.6201354, 1.105891, 0.4024038)
(0.617999, 1.106159, 0.4027705)
(0.6156045, 1.106098, 0.4033344)
(0.6135731, 1.106494, 0.4037321)
(0.6117885, 1.106865, 0.4040241)
(0.6098323, 1.107085, 0.4044428)
(0.6079144, 1.107784, 0.4050746)
(0.6061686, 1.108263, 0.40534)
(0.6047193, 1.108701, 0.4055581)
(0.6030464, 1.109027, 0.4057069)
(0.601976, 1.109202, 0.4056487)
(0.600769, 1.109448, 0.4055586)
(0.599713, 1.10979, 0.4056416)
(0.5988903, 1.110162, 0.4056277)
(0.5981307, 1.110605, 0.4057817)
(0.5972321, 1.111148, 0.4059145)
(0.596384, 1.111676, 0.4059336)
(0.5955307, 1.111957, 0.4061086)
(0.5947882, 1.112204, 0.406146)
(0.5940984, 1.11243, 0.4061711)
(0.5933931, 1.112634, 0.4062946)
(0.5927851, 1.113071, 0.4066198)
(0.5921379, 1.113479, 0.4067574)
(0.5918236, 1.114132, 0.4071226)
(0.5914793, 1.114686, 0.4076757)
(0.5912775, 1.115109, 0.4081895)
(0.5909697, 1.11542, 0.4087536)
(0.5908954, 1.11566, 0.409188)
(0.5906959, 1.115973, 0.4097128)
(0.5906281, 1.116399, 0.4102206)
(0.5907189, 1.116583, 0.4107957)
(0.5906042, 1.116844, 0.4114988)
(0.5906694, 1.117188, 0.4121735)
(0.5907469, 1.117293, 0.412765)
(0.5907792, 1.117497, 0.4136188)
(0.5908914, 1.117744, 0.4145751)
(0.591094, 1.117764, 0.415334)
(0.59127, 1.117811, 0.4162984)
(0.5915568, 1.117946, 0.4170563)
(0.5917689, 1.117799, 0.4179819)
(0.5921402, 1.117684, 0.419035)
(0.5924623, 1.117685, 0.4199259)
(0.592853, 1.117614, 0.420943)
(0.5932389, 1.117586, 0.4220593)
(0.5937502, 1.117641, 0.4231632)
(0.5943556, 1.117438, 0.4242415)
(0.5950512, 1.117182, 0.4256928)
(0.5955391, 1.116953, 0.4268923)
(0.5963644, 1.116529, 0.4282181)
(0.5972043, 1.116137, 0.4297924)
(0.5979215, 1.115664, 0.4312775)
(0.5987159, 1.115206, 0.432858)
(0.5997697, 1.114627, 0.4346509)
(0.6007881, 1.114066, 0.4363661)
(0.6019059, 1.113529, 0.4381404)
(0.6032299, 1.113041, 0.440202)
(0.6042907, 1.11252, 0.4420087)
(0.6056296, 1.111966, 0.4440494)
(0.6070495, 1.111355, 0.4462547)
(0.6083513, 1.110492, 0.4487925)
(0.6097548, 1.109954, 0.4512885)
(0.6113778, 1.109413, 0.4539399)
(0.6131357, 1.108681, 0.4571507)
(0.6148475, 1.108161, 0.4602375)
(0.6167274, 1.107609, 0.4633765)
(0.6187121, 1.10722, 0.4663458)
(0.6206867, 1.106828, 0.4697137)
(0.622856, 1.10654, 0.4732463)
(0.6250796, 1.106423, 0.4766288)
(0.6273597, 1.106093, 0.4799831)
(0.6296446, 1.105912, 0.4835758)
(0.6319697, 1.105466, 0.4876773)
(0.6344429, 1.105116, 0.4912658)
(0.6368997, 1.104849, 0.4951456)
(0.6393878, 1.104589, 0.4989316)
(0.6420288, 1.104322, 0.5026636)
(0.6447656, 1.104195, 0.5067337)
(0.6473722, 1.103924, 0.5107923)
(0.6500738, 1.103819, 0.5149274)
(0.6528664, 1.103623, 0.5190187)
(0.6558691, 1.103334, 0.5234845)
(0.6588084, 1.103108, 0.5275998)
(0.6614897, 1.102936, 0.5314617)
(0.6646144, 1.102997, 0.5355051)
(0.6674392, 1.103312, 0.5398538)
(0.6705289, 1.103676, 0.5442901)
(0.6736945, 1.104188, 0.5486441)
(0.6768171, 1.104598, 0.5529284)
(0.6799877, 1.105311, 0.5573778)
(0.6833657, 1.105745, 0.5623515)
(0.6866224, 1.106581, 0.56672)
(0.6899105, 1.107636, 0.571043)
(0.6931905, 1.108677, 0.5754857)
(0.6966965, 1.110287, 0.5798428)
(0.7002988, 1.112101, 0.58426)
(0.7038187, 1.11375, 0.5886977)
(0.7075901, 1.115905, 0.5929153)
(0.7112415, 1.118538, 0.5970118)
(0.7150152, 1.121037, 0.6015332)
(0.7185178, 1.124003, 0.6051745)
(0.721786, 1.127481, 0.6088905)
(0.7250032, 1.130834, 0.6126785)
(0.728194, 1.134866, 0.6161911)
(0.73151, 1.139027, 0.6200259)
(0.7346903, 1.142995, 0.6235719)
(0.7379255, 1.146837, 0.6268969)
(0.7407926, 1.150754, 0.6300364)
(0.7441136, 1.154789, 0.6335382)
(0.7467995, 1.158382, 0.6364613)
(0.7493458, 1.161801, 0.639122)
(0.7523575, 1.165513, 0.6415968)
(0.7546794, 1.168878, 0.6441631)
(0.7570399, 1.172084, 0.6465716)
(0.7595049, 1.175549, 0.6484537)
(0.7616967, 1.178682, 0.6506171)
(0.763608, 1.181671, 0.6525655)
(0.7656724, 1.184956, 0.6544585)
(0.7674251, 1.187703, 0.6562705)
(0.7691232, 1.19032, 0.6580772)
(0.7709373, 1.193043, 0.6596477)
(0.7723871, 1.195447, 0.6612546)
(0.7739701, 1.197569, 0.6626358)
(0.7755764, 1.199532, 0.6638837)
(0.7770677, 1.20167, 0.6653492)
(0.7785354, 1.203513, 0.666425)
(0.7802366, 1.205663, 0.6675925)
(0.7817665, 1.207564, 0.6687479)
(0.7829916, 1.209403, 0.6698515)
(0.7843792, 1.211174, 0.6711006)
(0.7856591, 1.212837, 0.6722519)
(0.7867092, 1.214346, 0.6731312)
(0.7878335, 1.215745, 0.6741493)
(0.7889894, 1.217131, 0.6751463)
(0.7898639, 1.2183, 0.6760185)
(0.790958, 1.219674, 0.6771548)
(0.7919286, 1.22082, 0.678252)
(0.7927842, 1.221865, 0.6792705)
(0.7938356, 1.223039, 0.6801729)
(0.7945292, 1.223989, 0.6812072)
(0.7952486, 1.224716, 0.682035)
(0.7959809, 1.225384, 0.6828189)
(0.7966249, 1.226146, 0.6836843)
(0.7971128, 1.226724, 0.6844327)
(0.7978896, 1.22761, 0.6854112)
(0.7984626, 1.228428, 0.6863704)
(0.7989589, 1.229235, 0.6873841)
(0.7994131, 1.229826, 0.6884849)
(0.7998862, 1.230362, 0.6894274)
(0.8001767, 1.230706, 0.6902075)
(0.8004078, 1.230801, 0.6912944)
(0.8006872, 1.231179, 0.6923578)
(0.8008661, 1.231441, 0.6935129)
(0.8011748, 1.231834, 0.694726)
(0.8013091, 1.232193, 0.6959496)
(0.801553, 1.23241, 0.6971037)
(0.8019367, 1.232599, 0.6982574)
(0.8022846, 1.23267, 0.6994381)
(0.8024899, 1.232667, 0.7007589)
(0.8026865, 1.232684, 0.7021492)
(0.8027549, 1.232767, 0.7036681)
(0.8027174, 1.232662, 0.7052414)
(0.8027914, 1.232726, 0.7068324)
(0.8028685, 1.232572, 0.7083478)
(0.8027356, 1.232461, 0.7097964)
(0.8028164, 1.232473, 0.7113271)
(0.8028814, 1.23226, 0.712955)
(0.8027565, 1.231931, 0.7147932)
(0.8026011, 1.23159, 0.7165804)
(0.8022751, 1.231292, 0.7184589)
(0.8019643, 1.230861, 0.720614)
(0.8014609, 1.230181, 0.7230062)
(0.8012784, 1.229556, 0.7249734)
(0.8008972, 1.228883, 0.7273519)
(0.800344, 1.228151, 0.7297053)
(0.7998998, 1.227394, 0.7321732)
(0.7993863, 1.226771, 0.7347586)
(0.7989526, 1.22627, 0.7374132)
(0.7984189, 1.225723, 0.7401793)
(0.7977687, 1.225159, 0.7428255)
(0.7971809, 1.224459, 0.7458801)
(0.7966461, 1.224026, 0.7488496)
(0.7961102, 1.223748, 0.7519848)
(0.7954485, 1.223427, 0.7551806)
(0.7947737, 1.223498, 0.758527)
(0.7941294, 1.223588, 0.7620137)
(0.79328, 1.223488, 0.7654741)
(0.7925494, 1.223352, 0.7686527)
(0.7917947, 1.223241, 0.7721241)
(0.7908223, 1.222928, 0.7758479)
(0.7898631, 1.222629, 0.7794423)
(0.788877, 1.222311, 0.7830772)
(0.7879411, 1.222012, 0.786726)
(0.786844, 1.221686, 0.7904618)
(0.7856426, 1.221421, 0.7943695)
(0.7844853, 1.221195, 0.7983608)
(0.7831497, 1.220832, 0.8025026)
(0.7818247, 1.220346, 0.8065288)
(0.7802254, 1.219716, 0.8110576)
(0.778765, 1.219305, 0.815156)
(0.7771056, 1.219115, 0.8194969)
(0.7753806, 1.218868, 0.8238151)
(0.7735319, 1.219099, 0.8282993)
(0.771659, 1.219455, 0.8328991)
(0.7697115, 1.21983, 0.8374376)
(0.7676671, 1.220296, 0.8419988)
(0.765554, 1.221006, 0.8467507)
(0.7631929, 1.221867, 0.8517253)
(0.7612631, 1.222677, 0.8561921)
(0.7588979, 1.22411, 0.8608708)
(0.7563943, 1.225322, 0.865701)
(0.7542371, 1.227094, 0.8700852)
(0.7516919, 1.229301, 0.8746462)
(0.7490511, 1.231733, 0.8790879)
(0.7466416, 1.234112, 0.8833852)
(0.7439287, 1.237709, 0.8878903)
(0.7409647, 1.241433, 0.8928003)
(0.7383054, 1.245164, 0.8972263)
(0.7356346, 1.249455, 0.9016399)
(0.7327056, 1.25325, 0.9061697)
(0.7300112, 1.257713, 0.910136)
(0.7273904, 1.262205, 0.9138398)
(0.724937, 1.26671, 0.9172575)
(0.7225089, 1.271143, 0.9207511)
(0.7204492, 1.275786, 0.9237719)
(0.7184665, 1.280513, 0.9271336)
(0.7163516, 1.284884, 0.9302549)
(0.7144319, 1.289109, 0.9331393)
(0.7126634, 1.293535, 0.9358096)
(0.7105534, 1.297766, 0.9387207)
(0.7087373, 1.301653, 0.941242)
(0.7071466, 1.30566, 0.9435303)
(0.7052652, 1.309447, 0.9459252)
(0.7034841, 1.312992, 0.9481587)
(0.7017322, 1.317046, 0.9502509)
(0.6997939, 1.32063, 0.9525132)
(0.6980304, 1.323783, 0.9544139)
(0.6963811, 1.326912, 0.9562259)
(0.6947159, 1.329614, 0.957859)
(0.6931102, 1.332102, 0.9594259)
(0.6916902, 1.334446, 0.9608762)
(0.6902796, 1.33677, 0.962436)
(0.6889658, 1.338584, 0.9639313)
(0.687544, 1.340703, 0.9655468)
(0.6859883, 1.342678, 0.9672489)
(0.6845679, 1.344152, 0.9686062)
(0.6831155, 1.345522, 0.9700544)
(0.6817474, 1.3468, 0.971374)
(0.680619, 1.34778, 0.9725873)
(0.6795678, 1.34906, 0.9738247)
(0.6785454, 1.350127, 0.9750335)
(0.6775693, 1.351033, 0.9761674)
(0.6764746, 1.352027, 0.9774122)
(0.6756347, 1.352779, 0.978358)
(0.6747129, 1.353515, 0.9794405)
(0.6738532, 1.354139, 0.9805596)
(0.6733257, 1.354855, 0.9814484)
(0.6726276, 1.355701, 0.9824638)
(0.6721398, 1.356491, 0.9834731)
(0.6716452, 1.35729, 0.9845483)
(0.6710675, 1.357909, 0.9852915)
(0.6704586, 1.358295, 0.9863782)
(0.6699789, 1.358757, 0.9872487)
(0.6693802, 1.358977, 0.9876447)
(0.6689651, 1.359336, 0.9883709)
(0.6685861, 1.359701, 0.9891169)
(0.6683545, 1.360015, 0.9899127)
(0.6682611, 1.360401, 0.9905329)
(0.6681991, 1.360818, 0.9912863)
(0.6681919, 1.36125, 0.9920771)
(0.668326, 1.361483, 0.993058)
(0.6683837, 1.361814, 0.993897)
(0.6684864, 1.362073, 0.9949391)
(0.6683415, 1.362147, 0.9960444)
(0.6684468, 1.362181, 0.9970999)
(0.6685188, 1.362157, 0.9980695)
(0.6688229, 1.362052, 0.9989965)
(0.6691612, 1.361853, 0.9998591)
(0.6694224, 1.361527, 1.000433)
(0.6699138, 1.361371, 1.001081)
(0.6703097, 1.361179, 1.001728)
(0.6707793, 1.361022, 1.002142)
(0.6711994, 1.360814, 1.002677)
(0.6718311, 1.360565, 1.002956)
(0.6723509, 1.360321, 1.00335)
(0.6730919, 1.359899, 1.00353)
(0.6737964, 1.359355, 1.003515)
(0.6747391, 1.358748, 1.00366)
(0.675689, 1.357942, 1.003575)
(0.6765249, 1.357382, 1.003524)
(0.6774938, 1.356787, 1.003463)
(0.6787854, 1.356312, 1.003175)
(0.6797847, 1.355799, 1.003114)
(0.6808044, 1.355237, 1.002779)
(0.6819198, 1.354644, 1.002666)
(0.6832534, 1.353973, 1.002382)
(0.6845785, 1.353333, 1.002337)
(0.686034, 1.352621, 1.002206)
(0.6875056, 1.35194, 1.00189)
(0.6888473, 1.351435, 1.001616)
(0.690217, 1.351056, 1.001345)
(0.691566, 1.350834, 1.001064)
(0.6927594, 1.350711, 1.000839)
(0.6938075, 1.350768, 1.00071)
(0.6948357, 1.351024, 1.000528)
(0.6959043, 1.351421, 1.00056)
(0.6967182, 1.351869, 1.000649)
(0.6978908, 1.352087, 1.000511)
(0.6988518, 1.352448, 1.000621)
(0.6997694, 1.352558, 1.000624)
(0.7008039, 1.352729, 1.000488)
(0.7017217, 1.352856, 1.000283)
(0.7028346, 1.353102, 0.9999838)
(0.703655, 1.353244, 0.9998615)
(0.7046151, 1.353239, 0.9997935)
(0.7057253, 1.353179, 0.9996297)
(0.7066562, 1.353195, 0.999474)
(0.7076498, 1.353173, 0.999404)
(0.7086341, 1.353296, 0.9991367)
(0.7093812, 1.353462, 0.999032)
(0.710162, 1.353541, 0.9986687)
(0.7108386, 1.35361, 0.9985178)
(0.7115167, 1.353804, 0.9983044)
(0.7121035, 1.353865, 0.9978387)
(0.7127426, 1.354022, 0.9974682)
(0.7133896, 1.354074, 0.9971175)
(0.7140102, 1.354256, 0.9971356)
(0.7143292, 1.35437, 0.9968643)
(0.714836, 1.354412, 0.9964592)
(0.715209, 1.354443, 0.996031)
(0.7155803, 1.354437, 0.9956605)
(0.7156754, 1.354426, 0.9952543)
(0.7159126, 1.354399, 0.9948268)
(0.7160182, 1.354185, 0.9944489)
(0.7163891, 1.353984, 0.9938407)
(0.7164075, 1.353875, 0.9931827)
(0.7165056, 1.35395, 0.9925761)
