(-103.0664, 2.116966, 8.911967)
(-103.9232, 4.93288, 6.89981)
(-104.1254, 6.375861, 6.273913)
(-103.591, 9.435987, 4.59342)
(-103.3552, 13.6749, 2.231503)
(-103.7976, 17.20647, 0.6435871)
(-104.029, 18.85625, -0.1392365)
(-104.2253, 20.49707, -0.897789)
(-104.3851, 22.2014, -1.777315)
(-104.8583, 25.49626, -3.32489)
(-105.0582, 27.05694, -4.215193)
(-105.4688, 29.83311, -5.823636)
(-105.7556, 31.14639, -6.615067)
(-106.1948, 33.08411, -8.174038)
(-106.6087, 34.60871, -9.478903)
(-106.7936, 34.90588, -10.04386)
(-107.0751, 35.17499, -10.60474)
(-107.3183, 35.25982, -11.57031)
(-107.3183, 35.25982, -11.57031)
(-107.5658, 35.03017, -12.0554)
(-107.6989, 33.987, -12.80351)
(-107.8836, 32.91416, -13.09633)
(-107.9464, 32.04694, -13.39533)
(-108.2273, 27.69779, -14.05077)
(-108.2146, 25.91826, -14.19868)
(-108.2229, 24.27117, -14.36996)
(-107.9213, 20.44537, -14.6162)
(-107.5076, 18.37863, -14.83612)
(-107.2035, 16.54453, -15.10074)
(-106.0717, 13.14127, -15.72771)
(-105.7417, 11.33502, -15.87491)
(-105.3413, 9.601974, -15.97407)
(-104.6187, 6.152964, -16.10839)
(-104.2453, 3.578758, -16.20743)
(-104.3423, 2.443767, -16.25912)
(-104.7339, 1.924133, -16.33127)
(-105.3197, 0.4446983, -16.43946)
(-105.4793, 0.05309582, -16.50784)
