(-64.14969, 2.24998, 8.304429)
(-63.92741, 2.884436, 8.816123)
(-63.59291, 3.642368, 9.568071)
(-63.36179, 4.705763, 10.58586)
(-63.22641, 9.163547, 13.02114)
(-63.22641, 9.163547, 13.02114)
(-62.81819, 10.92048, 14.24384)
(-62.40623, 12.60045, 15.72506)
(-61.68296, 14.07437, 17.25869)
(-61.19802, 15.56814, 18.62404)
(-60.73288, 17.05208, 19.94476)
(-60.3064, 18.72289, 21.26215)
(-59.8285, 20.21046, 22.80035)
(-59.27618, 21.6898, 24.50042)
(-58.91994, 23.16425, 26.17726)
(-58.48559, 24.49651, 27.93093)
(-57.95746, 25.7478, 29.80032)
(-57.58553, 27.10314, 31.58078)
(-57.14258, 28.21754, 33.28362)
(-56.47807, 29.263, 35.01787)
(-55.9118, 30.25871, 36.59062)
(-55.39906, 30.8412, 37.87241)
(-54.49062, 31.9185, 40.01918)
(-53.90043, 32.50274, 41.57624)
(-53.27412, 32.92129, 43.1325)
(-52.60136, 33.39952, 44.73129)
(-51.95379, 33.55503, 46.1431)
(-51.28784, 33.53677, 47.57095)
(-50.5377, 33.40693, 48.98956)
(-49.79832, 33.22879, 50.36774)
(-48.97485, 32.54531, 51.87144)
(-48.22265, 32.09464, 53.28484)
(-47.5112, 31.25219, 54.6103)
(-46.84899, 30.30001, 55.86925)
(-46.20264, 29.3453, 57.05853)
(-45.53828, 28.07473, 58.1263)
(-44.92743, 26.77503, 59.18011)
(-44.41449, 25.44181, 60.23125)
(-43.8587, 24.12972, 61.40237)
(-43.44289, 22.67258, 62.65907)
(-43.14089, 21.18721, 63.77006)
(-42.69295, 19.51754, 64.9261)
(-42.28408, 17.85395, 65.87891)
(-41.88358, 16.12718, 66.69717)
(-41.3136, 14.11266, 67.521)
(-40.73539, 12.26089, 68.1776)
(-40.32166, 10.49144, 68.71104)
(-39.7625, 8.888721, 69.42668)
(-39.10105, 7.814837, 70.04781)
(-38.67786, 7.103157, 70.60242)
(-38.09492, 6.043005, 71.55209)
(-37.5308, 5.056715, 72.2656)
(-36.9529, 3.904939, 72.84045)
(-36.31139, 2.930164, 73.53062)
(-35.80362, 2.258325, 74.03049)
(-35.38064, 2.021742, 74.26114)
(-34.97942, 1.703334, 74.53282)
(-34.8624, 1.505947, 74.52934)
