(5.242736, 0.2691655, 5.801069)
(5.242761, 0.2693526, 5.800904)
(5.24294, 0.2697794, 5.800315)
(5.24296, 0.2694763, 5.800421)
(5.242884, 0.269749, 5.800181)
(5.242839, 0.269814, 5.800025)
(5.242891, 0.2695714, 5.800197)
(5.242939, 0.2694123, 5.800439)
(5.242932, 0.2692813, 5.800477)
(5.242909, 0.269544, 5.800327)
(5.243007, 0.2694151, 5.800313)
(5.243032, 0.2698138, 5.799967)
(5.2429, 0.2697705, 5.799978)
(5.242725, 0.2690091, 5.80029)
(5.243257, 0.2705105, 5.798873)
(5.243062, 0.2712248, 5.798139)
(5.242453, 0.269815, 5.799192)
(5.242532, 0.2706553, 5.798397)
(5.242738, 0.2709588, 5.797818)
(5.242802, 0.2709448, 5.797699)
(5.243119, 0.271341, 5.797224)
(5.242786, 0.2708591, 5.79768)
(5.242724, 0.2710067, 5.797478)
(5.242726, 0.2711804, 5.797012)
(5.243033, 0.2710702, 5.797136)
(5.243195, 0.2710226, 5.797053)
(5.243007, 0.2710238, 5.796852)
(5.242689, 0.2708139, 5.796927)
(5.242208, 0.2709231, 5.79693)
(5.242333, 0.2706123, 5.796823)
(5.242811, 0.2718645, 5.795786)
(5.242905, 0.27141, 5.796085)
(5.242565, 0.2713754, 5.79606)
(5.24238, 0.2712993, 5.796166)
(5.24239, 0.2714697, 5.795947)
(5.242758, 0.2715822, 5.795768)
(5.242674, 0.2717323, 5.79557)
(5.242492, 0.2719217, 5.795375)
(5.242574, 0.2714625, 5.795666)
(5.24241, 0.2713563, 5.795841)
(5.24248, 0.2719988, 5.795258)
(5.242404, 0.2715713, 5.795362)
(5.242473, 0.2712467, 5.795776)
(5.242624, 0.271944, 5.794991)
(5.242559, 0.2717358, 5.795295)
(5.24233, 0.2712682, 5.795633)
(5.242291, 0.2714681, 5.795405)
(5.242579, 0.2717811, 5.794827)
(5.242409, 0.2718384, 5.794855)
(5.242415, 0.2719252, 5.794726)
(5.242222, 0.2717094, 5.7948)
(5.242258, 0.2718944, 5.794606)
(5.242104, 0.2717906, 5.794579)
(5.242197, 0.2717562, 5.794554)
(5.242254, 0.27181, 5.794744)
(5.242282, 0.2709106, 5.795594)
(5.242292, 0.2708545, 5.795571)
(5.242201, 0.2711828, 5.795341)
(5.242015, 0.2706515, 5.795781)
(5.241882, 0.27073, 5.795617)
(5.242327, 0.271626, 5.794806)
(5.242338, 0.2702271, 5.796284)
(5.242252, 0.2693492, 5.797072)
(5.24179, 0.2706665, 5.795413)
(5.242517, 0.2713149, 5.794817)
(5.243172, 0.2717198, 5.794508)
(5.242446, 0.2678007, 5.798182)
(5.24343, 0.2672855, 5.798653)
(5.243999, 0.2677462, 5.798021)
(5.243979, 0.270738, 5.794618)
(5.243985, 0.2698462, 5.79583)
(5.243866, 0.2656279, 5.800151)
(5.244346, 0.2645847, 5.801075)
(5.245717, 0.266419, 5.799869)
(5.246061, 0.2665372, 5.799371)
(5.245491, 0.2655656, 5.800148)
(5.245247, 0.265984, 5.79951)
(5.245682, 0.2657252, 5.799611)
(5.246417, 0.2656519, 5.800242)
(5.246737, 0.2636622, 5.802236)
(5.246685, 0.2637504, 5.802259)
(5.246684, 0.2648242, 5.801196)
(5.246522, 0.2643107, 5.801637)
(5.24715, 0.2638218, 5.802238)
(5.247246, 0.2636126, 5.802794)
(5.247211, 0.2623481, 5.804018)
(5.24756, 0.2625467, 5.804005)
(5.247696, 0.2624123, 5.804399)
(5.247683, 0.2617539, 5.805057)
(5.247796, 0.2608597, 5.806174)
(5.248336, 0.2600414, 5.807153)
(5.248515, 0.2602365, 5.806931)
(5.248293, 0.2603314, 5.806762)
(5.248359, 0.2600405, 5.806999)
(5.248756, 0.2594514, 5.807754)
(5.249084, 0.258727, 5.808642)
(5.248827, 0.2584421, 5.809156)
(5.24885, 0.2578203, 5.809652)
(5.24904, 0.2583636, 5.80901)
(5.249056, 0.2586344, 5.808612)
(5.249078, 0.2593562, 5.807866)
(5.249375, 0.2604313, 5.806834)
(5.249127, 0.258793, 5.80888)
(5.249203, 0.2570603, 5.810493)
(5.249574, 0.257864, 5.809749)
(5.249961, 0.2580689, 5.809629)
(5.249839, 0.2580447, 5.809472)
(5.249474, 0.2575061, 5.809916)
(5.249152, 0.2573334, 5.809892)
(5.249367, 0.2575203, 5.809739)
(5.249665, 0.2576962, 5.809516)
(5.2495, 0.256967, 5.810333)
(5.24926, 0.2564949, 5.811033)
(5.249435, 0.2564067, 5.810982)
(5.24949, 0.2571081, 5.810208)
(5.249626, 0.257463, 5.809977)
(5.249516, 0.2567768, 5.810744)
(5.249395, 0.2559119, 5.811774)
(5.249454, 0.2562705, 5.811572)
(5.249561, 0.2564562, 5.811527)
(5.249511, 0.2555803, 5.812429)
(5.249471, 0.2553258, 5.812837)
(5.249446, 0.2559024, 5.812096)
(5.249884, 0.2555043, 5.812903)
(5.250062, 0.2546402, 5.813969)
(5.250361, 0.2540278, 5.814843)
(5.250329, 0.2539465, 5.815176)
(5.250583, 0.2530253, 5.816169)
(5.250591, 0.2532448, 5.815991)
(5.250924, 0.2545487, 5.815428)
(5.251101, 0.2516467, 5.818281)
(5.251143, 0.2509925, 5.819175)
(5.251819, 0.2527429, 5.817459)
(5.252027, 0.2539726, 5.816449)
(5.251127, 0.2517464, 5.818247)
(5.251669, 0.2512483, 5.818501)
(5.252164, 0.2515486, 5.81806)
(5.252485, 0.2519059, 5.817021)
(5.25221, 0.2541798, 5.814422)
(5.252799, 0.2550236, 5.813413)
(5.252187, 0.2533404, 5.81526)
(5.252216, 0.2512867, 5.817431)
(5.252467, 0.2503932, 5.818348)
(5.252661, 0.2527181, 5.815507)
(5.25272, 0.2548661, 5.813029)
(5.252447, 0.2555717, 5.812074)
(5.251675, 0.2532269, 5.813872)
(5.251206, 0.2531285, 5.814215)
(5.251449, 0.2536772, 5.813972)
(5.252154, 0.2531968, 5.814728)
(5.252047, 0.252405, 5.815278)
(5.250784, 0.2510273, 5.815614)
(5.250978, 0.252452, 5.81367)
(5.251739, 0.2547996, 5.81144)
(5.251865, 0.2519884, 5.813987)
(5.251568, 0.2511232, 5.814627)
(5.251297, 0.2517947, 5.813958)
(5.251377, 0.2520616, 5.813368)
(5.251472, 0.2508432, 5.814518)
(5.251186, 0.2501771, 5.814952)
(5.250686, 0.2503688, 5.814686)
(5.250362, 0.2504952, 5.814391)
(5.250663, 0.2507217, 5.814314)
(5.2514, 0.2489592, 5.81635)
(5.251479, 0.2484943, 5.816731)
(5.25161, 0.2493177, 5.816051)
(5.251482, 0.2493425, 5.816439)
(5.251514, 0.2483972, 5.817372)
(5.251668, 0.2481206, 5.81746)
(5.251559, 0.2501163, 5.815166)
(5.251586, 0.2504385, 5.814529)
(5.25152, 0.2492269, 5.815657)
(5.25206, 0.248516, 5.816153)
(5.25233, 0.2494343, 5.814856)
(5.252136, 0.2495468, 5.81497)
(5.25129, 0.2485221, 5.815076)
(5.251596, 0.2486395, 5.814471)
(5.251914, 0.250915, 5.811669)
(5.252332, 0.2518093, 5.810653)
(5.252888, 0.2494579, 5.812423)
(5.253312, 0.2471886, 5.813564)
(5.25508, 0.2461427, 5.813529)
(5.258247, 0.2466895, 5.812709)
(5.259877, 0.2461621, 5.812382)
(5.261675, 0.2445993, 5.812855)
(5.263944, 0.2434129, 5.813505)
(5.267002, 0.2426301, 5.814381)
(5.268876, 0.2441661, 5.811974)
(5.272427, 0.2430202, 5.813867)
(5.277112, 0.2463354, 5.81108)
(5.282048, 0.247441, 5.810658)
(5.289965, 0.2521133, 5.80831)
(5.298876, 0.253571, 5.810166)
(5.309725, 0.2424107, 5.822069)
(5.320822, 0.2276098, 5.836733)
(5.341128, 0.2161917, 5.851088)
(5.390906, 0.2148246, 5.864025)
(5.437044, 0.2154744, 5.873266)
(5.455057, 0.2069601, 5.885771)
(5.454973, 0.1766918, 5.92241)
(5.474488, 0.1425419, 5.967587)
(5.508938, 0.0997025, 6.021487)
(5.554145, 0.07262979, 6.060991)
(5.60084, 0.02780305, 6.113639)
(5.638765, 6.265561, 6.159059)
(5.686474, 6.2007, 6.200233)
(5.769546, 6.141505, 6.227749)
(5.871281, 6.141857, 6.219782)
(5.931228, 6.074928, 6.235607)
(6.031169, 5.986803, 6.207888)
(6.073808, 5.997654, 6.21645)
(6.035905, 6.025527, 6.122777)
(5.883775, 6.044908, 5.931725)
(5.799102, 6.125655, 5.850385)
(5.767413, 6.207451, 5.74144)
(5.793806, 6.243749, 5.691573)
(5.833189, 6.25061, 5.667284)
(5.824531, 6.258477, 5.646662)
(5.801264, 6.279343, 5.624178)
(5.777064, 0.01735654, 5.619073)
(5.774801, 0.0354842, 5.629611)
(5.779643, 0.05001466, 5.644817)
(5.783384, 0.06064226, 5.669349)
(5.758712, 0.07577981, 5.679501)
(5.730679, 0.09012868, 5.684391)
(5.705292, 0.1062922, 5.685218)
(5.683099, 0.111413, 5.692873)
(5.659723, 0.1103662, 5.707725)
(5.62337, 0.1039574, 5.725163)
(5.578756, 0.104491, 5.734066)
(5.547181, 0.1064367, 5.742719)
(5.518916, 0.1061552, 5.753017)
(5.486867, 0.1012856, 5.765126)
(5.448939, 0.1026359, 5.766702)
(5.411273, 0.09543333, 5.773683)
(5.37759, 0.08356858, 5.790606)
(5.340835, 0.06003248, 5.8281)
(5.310894, 0.04017159, 5.875761)
(5.298178, 0.02796995, 5.9258)
(5.299266, 0.02058547, 5.965307)
(5.289556, 0.01131123, 5.999568)
(5.264385, 0.02359849, 6.005293)
(5.2289, 0.03395861, 6.002606)
(5.225696, 0.01823249, 6.032606)
(5.235553, 6.281167, 6.073693)
(5.23107, 6.257063, 6.116561)
(5.214676, 6.239486, 6.154507)
(5.19054, 6.259468, 6.153285)
(5.182905, 0.01107577, 6.130632)
(5.212269, 0.04275697, 6.110385)
(5.223355, 0.03472068, 6.129883)
(5.220071, 0.02274048, 6.136421)
(5.215954, 0.009095441, 6.135486)
(5.227138, 0.007358825, 6.135875)
(5.245056, 0.01536343, 6.135903)
(5.248882, 0.02509863, 6.136314)
(5.243477, 0.05045548, 6.128373)
(5.3134, 0.1744608, 5.942825)
(5.36026, 0.3192191, 5.774678)
(5.353145, 0.3158873, 5.686997)
(5.322047, 0.2979011, 5.752704)
(5.348923, 0.2498332, 5.877057)
(5.30231, 0.2035725, 5.877291)
(5.206874, 0.1171002, 5.939394)
(5.129469, 0.02488933, 6.002419)
(5.173493, 0.1522457, 5.894724)
(5.32632, 0.2382338, 5.837825)
(5.396879, 0.2741154, 5.823689)
(5.448274, 0.2664583, 5.834487)
(5.374732, 0.2460485, 5.824277)
(5.278263, 0.2178162, 5.83036)
(5.252112, 0.2082524, 5.832232)
(5.189162, 0.1983661, 5.841198)
(5.22027, 0.1864528, 5.860973)
(5.277308, 0.1907276, 5.86082)
(5.321012, 0.2013732, 5.8581)
(5.341052, 0.2087369, 5.858579)
(5.337882, 0.2304598, 5.834346)
(5.303967, 0.2394899, 5.819552)
(5.271273, 0.2088745, 5.842715)
(5.268481, 0.1905991, 5.859124)
(5.278624, 0.1948876, 5.85843)
(5.289561, 0.204467, 5.850651)
(5.300222, 0.213883, 5.8419)
(5.298854, 0.2114252, 5.844238)
(5.295635, 0.2066861, 5.848522)
(5.290444, 0.2029011, 5.851181)
(5.289474, 0.2032767, 5.850371)
(5.293369, 0.2075897, 5.84606)
(5.294656, 0.2063408, 5.847307)
(5.294438, 0.2072619, 5.846015)
(5.294526, 0.2087997, 5.844584)
(5.29286, 0.2079504, 5.845002)
(5.292547, 0.2073157, 5.84569)
(5.293051, 0.2059442, 5.847348)
(5.294457, 0.2065425, 5.846893)
(5.295364, 0.2083663, 5.84531)
(5.295861, 0.2086072, 5.844862)
(5.294793, 0.2070957, 5.846147)
(5.293369, 0.2055916, 5.847507)
(5.293677, 0.2063343, 5.846653)
(5.29499, 0.2087962, 5.844721)
(5.295312, 0.2062459, 5.847402)
(5.294379, 0.205119, 5.848114)
(5.295326, 0.2081795, 5.845351)
(5.295399, 0.208087, 5.845667)
(5.294411, 0.2039962, 5.849546)
(5.29487, 0.2049901, 5.84883)
(5.29567, 0.2084185, 5.845364)
(5.295547, 0.2095784, 5.844052)
(5.294113, 0.2071855, 5.846299)
(5.293588, 0.2035031, 5.850177)
(5.293794, 0.2033288, 5.850376)
(5.292585, 0.2043933, 5.84902)
(5.295651, 0.2084542, 5.845241)
(5.294799, 0.2077498, 5.845578)
(5.293517, 0.2078586, 5.845762)
(5.292325, 0.2048518, 5.84868)
(5.291468, 0.2019273, 5.851504)
(5.293371, 0.2031135, 5.850419)
(5.29381, 0.2070542, 5.846077)
(5.293771, 0.208504, 5.844367)
(5.292392, 0.204752, 5.847801)
(5.293234, 0.2026505, 5.850351)
(5.292719, 0.2087647, 5.843433)
(5.298706, 0.2095889, 5.844856)
(5.291113, 0.1882082, 5.868463)
(5.289108, 0.1943741, 5.858176)
(5.293248, 0.2178403, 5.832344)
(5.299323, 0.2247795, 5.829269)
(5.297932, 0.2104043, 5.84395)
(5.295827, 0.1940447, 5.860322)
(5.294432, 0.1977368, 5.856566)
(5.293898, 0.2101485, 5.843304)
(5.293585, 0.2074296, 5.846066)
(5.294759, 0.2055548, 5.84825)
(5.297563, 0.2055721, 5.849129)
(5.296283, 0.2040308, 5.850574)
(5.29402, 0.2027947, 5.851002)
(5.295437, 0.2060921, 5.847649)
(5.296491, 0.2063854, 5.847818)
(5.296464, 0.2040928, 5.850159)
(5.296248, 0.2023618, 5.851703)
(5.295539, 0.2039189, 5.850024)
(5.295259, 0.2060649, 5.847603)
(5.294914, 0.2055833, 5.847915)
(5.294177, 0.2033316, 5.850424)
(5.293188, 0.2018358, 5.851849)
(5.293782, 0.2037228, 5.850066)
(5.295365, 0.2060953, 5.847586)
(5.295307, 0.2073143, 5.846165)
(5.29401, 0.2068957, 5.846722)
(5.293174, 0.2049223, 5.84883)
(5.292828, 0.2046037, 5.849311)
(5.293173, 0.2041188, 5.849786)
(5.293018, 0.2041422, 5.849852)
(5.29297, 0.204724, 5.849222)
(5.292918, 0.2037775, 5.850242)
(5.293772, 0.2038221, 5.850119)
(5.293907, 0.2044222, 5.849679)
(5.293716, 0.2040812, 5.849887)
(5.29368, 0.2039386, 5.850022)
(5.293878, 0.2039544, 5.850023)
(5.294141, 0.2039359, 5.85003)
(5.294262, 0.2045134, 5.849433)
(5.294188, 0.20489, 5.849024)
(5.293487, 0.2044269, 5.84941)
(5.293498, 0.2038567, 5.849916)
(5.293556, 0.2046097, 5.849314)
(5.294481, 0.2056923, 5.848241)
(5.294754, 0.2055304, 5.848181)
(5.29437, 0.2048713, 5.848956)
(5.293743, 0.2040994, 5.849568)
(5.294011, 0.2038864, 5.84974)
(5.294266, 0.2049168, 5.848684)
(5.294149, 0.2048667, 5.848664)
(5.294047, 0.2043589, 5.849103)
(5.293725, 0.2036697, 5.849953)
(5.294125, 0.2041463, 5.849329)
(5.294773, 0.2043526, 5.849045)
(5.295042, 0.2046568, 5.848831)
(5.294903, 0.2043983, 5.849034)
(5.2947, 0.2033672, 5.849967)
(5.295037, 0.2038851, 5.849746)
(5.295597, 0.2046815, 5.84906)
(5.295528, 0.2051032, 5.848608)
(5.295277, 0.2046122, 5.849078)
(5.295047, 0.2042675, 5.849408)
(5.295223, 0.2047999, 5.848991)
(5.295726, 0.2055202, 5.848133)
(5.295855, 0.2055375, 5.848141)
(5.295401, 0.2053277, 5.848408)
(5.295316, 0.2044949, 5.849278)
(5.295699, 0.2046337, 5.849071)
(5.296028, 0.2049294, 5.848857)
(5.295653, 0.2043855, 5.849305)
(5.296356, 0.2049761, 5.848804)
(5.297005, 0.2054636, 5.848451)
(5.296881, 0.2045949, 5.849402)
(5.296588, 0.2044796, 5.849461)
(5.296142, 0.2043427, 5.849426)
(5.296542, 0.204138, 5.849733)
(5.297406, 0.2052685, 5.848704)
(5.29738, 0.2052235, 5.848828)
(5.297126, 0.20473, 5.849322)
(5.296618, 0.2040736, 5.849789)
(5.297334, 0.2044181, 5.849631)
(5.297848, 0.2055179, 5.848558)
(5.297675, 0.2057262, 5.848281)
(5.297416, 0.2054211, 5.848638)
(5.297266, 0.2045662, 5.849586)
(5.297418, 0.2048469, 5.849301)
(5.297338, 0.205868, 5.84824)
(5.297319, 0.2054233, 5.848783)
(5.297074, 0.2049907, 5.849253)
(5.296896, 0.2046535, 5.849646)
(5.296293, 0.2047062, 5.849361)
(5.296293, 0.2054335, 5.848584)
(5.296482, 0.2059362, 5.848267)
(5.29671, 0.2063907, 5.847705)
(5.295399, 0.2036282, 5.850711)
(5.295658, 0.2046032, 5.849724)
(5.295723, 0.2049598, 5.84944)
(5.295601, 0.2050452, 5.849247)
(5.295103, 0.2053847, 5.84888)
(5.295051, 0.2066214, 5.847544)
(5.294921, 0.2065912, 5.84734)
(5.294727, 0.203539, 5.85104)
(5.295743, 0.2010816, 5.854195)
