(-37.96299, 2.188778, 230.72)
(-36.83156, 3.291702, 230.9107)
(-35.74425, 4.187393, 231.0923)
(-34.43958, 5.131221, 230.7662)
(-33.23914, 6.064701, 230.2527)
(-31.92412, 7.063031, 229.6668)
(-30.90994, 7.789588, 228.9231)
(-29.95942, 8.801556, 228.3195)
(-28.86328, 9.663463, 227.689)
(-27.94523, 10.60193, 227.0186)
(-26.97525, 11.67431, 226.539)
(-25.97301, 12.46321, 226.2558)
(-24.82845, 13.37826, 225.9326)
(-23.72658, 14.02047, 225.4743)
(-22.63887, 14.47208, 225.1943)
(-21.36569, 15.01982, 224.8855)
(-19.97073, 15.17589, 224.5727)
(-18.75253, 15.50198, 224.2233)
(-17.40865, 15.49933, 223.9908)
(-16.08555, 15.45532, 223.8261)
(-15.00539, 15.32233, 223.5961)
(-13.80848, 15.09178, 223.5593)
(-12.74657, 14.77485, 223.4328)
(-11.93496, 14.30187, 223.2967)
(-10.97225, 13.82344, 223.2384)
(-10.15828, 13.0703, 223.1455)
(-9.445869, 12.23984, 223.086)
(-8.753645, 11.33287, 223.1005)
(-8.09238, 10.37064, 223.1074)
(-7.503235, 9.369898, 223.2639)
(-6.880474, 8.414912, 223.3996)
(-6.248879, 7.552361, 223.4381)
(-5.623591, 6.619072, 223.5862)
(-5.076814, 5.683231, 223.6295)
(-4.492891, 4.82614, 223.6758)
(-3.910947, 3.98562, 223.7847)
(-3.536367, 3.307533, 223.8765)
(-3.369892, 2.584243, 223.9318)
(-3.137159, 1.983118, 224.0741)
(-3.056502, 1.3026, 224.1009)
