(0.1503727, -0.1378043, -0.03560656)
(0.150353, -0.1379527, -0.0354293)
(0.1503937, -0.1379322, -0.03546846)
(0.1504642, -0.1378802, -0.03550112)
(0.1504614, -0.1378745, -0.03560191)
(0.1504674, -0.1377943, -0.03553969)
(0.1503731, -0.1378046, -0.03567749)
(0.1504829, -0.1377897, -0.03579235)
(0.1504723, -0.1376975, -0.03582239)
(0.1505203, -0.1377668, -0.03594255)
(0.1504079, -0.1379936, -0.03575623)
(0.1503979, -0.1379609, -0.03574419)
(0.150691, -0.1378798, -0.03567261)
(0.1508106, -0.1378685, -0.03572345)
(0.1509268, -0.1378809, -0.03577137)
(0.1510271, -0.1378061, -0.03552049)
(0.1509244, -0.1378198, -0.03536206)
(0.1505359, -0.137841, -0.03520513)
(0.150064, -0.1374952, -0.03497654)
(0.1496267, -0.1368778, -0.03494)
(0.1493368, -0.1362377, -0.03465402)
(0.1498203, -0.1348946, -0.03312266)
(0.149582, -0.134038, -0.03211188)
(0.1495498, -0.1328694, -0.0315395)
(0.1492962, -0.1304485, -0.03081805)
(0.1490543, -0.1265188, -0.02978933)
(0.149026, -0.1227989, -0.02865338)
(0.1500826, -0.1177951, -0.02802527)
(0.1503119, -0.1141469, -0.02745438)
(0.1513293, -0.1098648, -0.02814019)
(0.1524742, -0.1059157, -0.02820188)
(0.1532127, -0.1019552, -0.02704787)
(0.1523118, -0.09678006, -0.02400994)
(0.151832, -0.09208965, -0.0223127)
(0.1518407, -0.0869143, -0.02007496)
(0.1515896, -0.08188999, -0.0172137)
(0.1517445, -0.0774461, -0.01429236)
(0.152169, -0.07291448, -0.01151776)
(0.1519797, -0.06826627, -0.007135153)
(0.1520427, -0.06435621, -0.002730489)
(0.1522318, -0.06004059, 0.001125693)
(0.1520787, -0.05686939, 0.006454766)
(0.1523758, -0.05371189, 0.01127625)
(0.1528949, -0.05070472, 0.01608074)
(0.1530988, -0.04850757, 0.02182925)
(0.153389, -0.04713368, 0.0275538)
(0.1539563, -0.0454371, 0.03299761)
(0.1544396, -0.04490209, 0.03969347)
(0.1549078, -0.04508185, 0.04589319)
(0.1556031, -0.04492855, 0.05198109)
(0.15593, -0.04590929, 0.05929309)
(0.1565241, -0.04651845, 0.06598735)
(0.1572049, -0.04774046, 0.07273859)
(0.1580584, -0.04854822, 0.07951951)
(0.1596761, -0.04985809, 0.08552223)
(0.1607236, -0.05144763, 0.09173465)
(0.1624384, -0.05355644, 0.09776133)
(0.1633499, -0.05522287, 0.1028792)
(0.163829, -0.05732834, 0.1086275)
(0.1644542, -0.05947292, 0.1122836)
(0.1650852, -0.06112671, 0.1165442)
(0.16477, -0.06301475, 0.1203871)
(0.1653538, -0.0649358, 0.1237874)
(0.1653985, -0.06657159, 0.125792)
(0.1656865, -0.06847608, 0.1285694)
(0.1665732, -0.0714525, 0.1301979)
(0.1688209, -0.0741874, 0.1313766)
(0.1677923, -0.0756799, 0.1305838)
(0.1676294, -0.07380593, 0.128091)
(0.1669394, -0.07037401, 0.1245908)
(0.1658809, -0.06991553, 0.1244044)
(0.1664227, -0.07031703, 0.1243356)
(0.168408, -0.07149959, 0.130649)
(0.1688602, -0.07241082, 0.1332221)
(0.1688137, -0.07474554, 0.13524)
(0.1676325, -0.07675552, 0.1348439)
(0.1700306, -0.074821, 0.1350405)
(0.1694802, -0.07427263, 0.1348118)
(0.1682639, -0.07470155, 0.1361161)
(0.1685894, -0.07265806, 0.138628)
(0.1689609, -0.07145441, 0.1410942)
(0.1697147, -0.06918275, 0.1449587)
(0.1710443, -0.06537449, 0.1465048)
(0.1712049, -0.05938733, 0.1479465)
(0.1714853, -0.05272532, 0.1488761)
(0.1713175, -0.04778004, 0.150418)
(0.1732289, -0.04075646, 0.1523792)
(0.1736493, -0.03361905, 0.1536344)
(0.1748708, -0.02540767, 0.15793)
(0.1754506, -0.01534212, 0.1598963)
(0.1757814, -0.006344438, 0.1642613)
(0.1761919, 0.0009434223, 0.169116)
(0.1778113, 0.00946486, 0.1750168)
(0.1796325, 0.01778841, 0.1811736)
(0.1815189, 0.02630436, 0.1876425)
(0.1827365, 0.03395033, 0.1954018)
(0.1841094, 0.04026985, 0.2026696)
(0.1861953, 0.04702377, 0.2092725)
(0.1880556, 0.05205846, 0.2174768)
(0.1900846, 0.05570877, 0.2254871)
(0.1928077, 0.06059933, 0.2326055)
(0.1951227, 0.064188, 0.2425907)
(0.1980298, 0.06618106, 0.2520259)
(0.2009397, 0.06950521, 0.2604851)
(0.2029984, 0.07152665, 0.2701467)
(0.2052592, 0.07312196, 0.2798327)
(0.2072115, 0.07483977, 0.2891271)
(0.2090081, 0.07611203, 0.2984141)
(0.2107799, 0.07656944, 0.3082116)
(0.2121551, 0.07675755, 0.3178945)
(0.2134981, 0.07616109, 0.3283238)
(0.215026, 0.07585245, 0.3381871)
(0.2158374, 0.07457787, 0.3476167)
(0.2167901, 0.07429415, 0.3577248)
(0.2184718, 0.07376283, 0.3670887)
(0.2199022, 0.07257324, 0.3762292)
(0.2213954, 0.07181978, 0.384616)
(0.2229886, 0.07100105, 0.3916003)
(0.2239637, 0.06996751, 0.3994403)
(0.2255291, 0.06866825, 0.4057862)
(0.2265029, 0.06752408, 0.4110658)
(0.2266005, 0.06560946, 0.4166664)
(0.2273356, 0.06407416, 0.420929)
(0.2280517, 0.06261778, 0.4251771)
(0.2281914, 0.06035054, 0.4286596)
(0.2275254, 0.05825162, 0.4317006)
(0.2287757, 0.05518568, 0.4345076)
(0.2307733, 0.05418742, 0.4373294)
(0.2319285, 0.05514181, 0.4315271)
(0.2278873, 0.05531085, 0.4266483)
(0.226431, 0.05696094, 0.425288)
(0.2268119, 0.05552101, 0.4247094)
(0.2284576, 0.05495095, 0.427581)
(0.2289804, 0.05502152, 0.431124)
(0.2302032, 0.05470276, 0.4347546)
(0.2310364, 0.05342281, 0.4357477)
(0.2317461, 0.05428803, 0.4354634)
(0.2301245, 0.0559113, 0.4359732)
(0.2290231, 0.05734074, 0.4353434)
(0.2287906, 0.05749512, 0.4349694)
(0.2290708, 0.05804741, 0.437199)
(0.229938, 0.05860209, 0.4390233)
(0.2311368, 0.0586108, 0.4417484)
(0.2320274, 0.06057858, 0.4445221)
(0.232306, 0.06242383, 0.4461778)
(0.2324647, 0.06578183, 0.4464576)
(0.2332705, 0.06943691, 0.4469985)
(0.2331128, 0.07506919, 0.4479541)
(0.2329708, 0.07915699, 0.4489988)
(0.2330111, 0.08473492, 0.4502627)
(0.2331328, 0.08948576, 0.4506449)
(0.2329191, 0.09485948, 0.4503953)
(0.2336775, 0.1002728, 0.4511322)
(0.2344092, 0.1051406, 0.4515396)
(0.2353798, 0.1102585, 0.4526955)
(0.2365617, 0.1160885, 0.4547442)
(0.2374364, 0.1214101, 0.4568378)
(0.238463, 0.1260747, 0.4589379)
(0.239195, 0.1301068, 0.4610417)
(0.239997, 0.1348084, 0.463423)
(0.2412626, 0.1374319, 0.4672832)
(0.2417295, 0.140292, 0.4709457)
(0.2423954, 0.1418193, 0.4751323)
(0.2430271, 0.1431504, 0.4794569)
(0.2433542, 0.1442738, 0.4846752)
(0.2443453, 0.1442864, 0.4897329)
(0.2458994, 0.1448677, 0.4941257)
(0.2465341, 0.1437344, 0.5001599)
(0.2477945, 0.1436383, 0.5055223)
(0.2490677, 0.1419717, 0.5118994)
(0.2500273, 0.1410044, 0.5182911)
(0.2510995, 0.139345, 0.5254532)
(0.2524283, 0.1381355, 0.5321027)
(0.253556, 0.1358863, 0.5388778)
(0.2541733, 0.1336708, 0.5455822)
(0.2548263, 0.1317654, 0.5523567)
(0.2553463, 0.1295245, 0.5590204)
(0.2558476, 0.1278961, 0.565776)
(0.2557316, 0.1261822, 0.5727791)
(0.2559032, 0.1245983, 0.5794373)
(0.2562512, 0.1220559, 0.5855261)
(0.2563087, 0.1186252, 0.5931164)
(0.2578433, 0.1160352, 0.5988311)
(0.2576119, 0.1165644, 0.6027412)
(0.2586384, 0.120005, 0.6047119)
(0.2579573, 0.1201638, 0.6009246)
(0.2585851, 0.1207805, 0.5982822)
(0.2565507, 0.1189966, 0.5931499)
(0.2578731, 0.1198264, 0.5919639)
(0.2602291, 0.1210018, 0.5948522)
(0.2611789, 0.1199417, 0.5961611)
(0.2608002, 0.1187497, 0.5974319)
(0.2587203, 0.1184773, 0.5976079)
(0.2587969, 0.1186755, 0.5970751)
(0.2593422, 0.1180303, 0.5958527)
(0.2589446, 0.1180294, 0.5952585)
(0.2597957, 0.1187404, 0.5950364)
(0.2597597, 0.1181173, 0.5948701)
(0.2593937, 0.1178585, 0.5950153)
(0.2595328, 0.1180636, 0.5944054)
(0.2600198, 0.1177028, 0.5940247)
(0.2601017, 0.1176294, 0.5936347)
(0.2603438, 0.1178284, 0.5933357)
(0.2603074, 0.1176126, 0.5931795)
(0.2602314, 0.1175358, 0.5931629)
(0.260159, 0.1175437, 0.5930066)
(0.2603947, 0.1173809, 0.5929896)
(0.2605537, 0.1172439, 0.592831)
(0.260603, 0.1171042, 0.5928438)
(0.2606673, 0.117023, 0.5927682)
(0.2608182, 0.1169494, 0.5929034)
(0.2609398, 0.1170002, 0.5927788)
(0.2610021, 0.1168854, 0.5926824)
(0.2609971, 0.1168699, 0.592628)
(0.2610722, 0.1168766, 0.5925372)
(0.2611661, 0.1168222, 0.5924894)
(0.2611895, 0.1167884, 0.5923836)
(0.2612203, 0.116727, 0.5923604)
(0.2611228, 0.1164868, 0.5924494)
(0.2610465, 0.1165223, 0.5925336)
(0.2610887, 0.1165919, 0.5924542)
(0.2610184, 0.1165323, 0.5924118)
(0.2609975, 0.1165575, 0.5924459)
(0.2610288, 0.1165493, 0.5924293)
(0.2611381, 0.1165123, 0.5923469)
(0.2611685, 0.1164726, 0.5922245)
(0.2610369, 0.1164646, 0.5922627)
