(0.03135037, -0.06266522, -0.6302184)
(0.03118896, -0.06264329, -0.6300455)
(0.03100991, -0.06262136, -0.6299088)
(0.03068447, -0.0625813, -0.629734)
(0.0305829, -0.06255794, -0.6297207)
(0.0303216, -0.06259513, -0.6295066)
(0.02973843, -0.06239176, -0.6290619)
(0.02933407, -0.06247902, -0.6288898)
(0.0289228, -0.06259084, -0.6287202)
(0.02907133, -0.06303334, -0.6288629)
(0.02858353, -0.06288648, -0.6284517)
(0.02821445, -0.0629971, -0.6282411)
(0.0282464, -0.06344891, -0.6284268)
(0.02746511, -0.06312323, -0.6273659)
(0.02726483, -0.06347752, -0.6272943)
(0.02689815, -0.06356883, -0.6275951)
(0.02668738, -0.06370807, -0.6277009)
(0.02653813, -0.06375408, -0.6277806)
(0.02633381, -0.0639081, -0.6281095)
(0.02600288, -0.06347513, -0.6276749)
(0.02580714, -0.06324816, -0.6275653)
(0.02578664, -0.06348848, -0.6276413)
(0.02549791, -0.06328297, -0.6271801)
(0.02534485, -0.06306863, -0.6269654)
(0.02527308, -0.06297779, -0.6270036)
(0.02523446, -0.06254578, -0.6267719)
(0.0252893, -0.06207037, -0.6265476)
(0.02533174, -0.06193495, -0.6266625)
(0.02544999, -0.06138611, -0.6264071)
(0.02553034, -0.06103945, -0.6262079)
(0.02598047, -0.061167, -0.6266277)
(0.02599812, -0.06086016, -0.6264365)
(0.02607346, -0.06049085, -0.6262383)
(0.0263176, -0.06034231, -0.6263199)
(0.02657604, -0.06017852, -0.6263754)
(0.0266335, -0.06001949, -0.6260381)
(0.02687097, -0.05983877, -0.6254735)
(0.02674675, -0.05983615, -0.6249828)
(0.02664709, -0.05970049, -0.6243764)
(0.02687716, -0.05999708, -0.6243339)
(0.02731371, -0.06001139, -0.6248043)
(0.02749467, -0.05975223, -0.6245229)
(0.02720046, -0.05899286, -0.6235045)
(0.02717185, -0.058851, -0.6232744)
(0.02705312, -0.05870295, -0.6229937)
(0.02732635, -0.05888534, -0.6231251)
(0.02654362, -0.05796337, -0.6214149)
(0.02649713, -0.05788374, -0.621153)
(0.02698088, -0.05813479, -0.6213026)
(0.02660084, -0.05757165, -0.6204411)
(0.02653241, -0.05736685, -0.6202317)
(0.02666998, -0.05727386, -0.6205828)
(0.02652717, -0.05706334, -0.6203418)
(0.02634645, -0.05695677, -0.6201668)
(0.02657342, -0.05709815, -0.6203394)
(0.0268259, -0.05719566, -0.6210101)
(0.02679658, -0.05697751, -0.6208202)
(0.02719712, -0.05710673, -0.6209636)
(0.02705431, -0.05678725, -0.6203258)
(0.02699828, -0.05677676, -0.6201215)
(0.02707386, -0.05666494, -0.6200447)
(0.02696705, -0.05664468, -0.619658)
(0.02693987, -0.05659819, -0.6192627)
(0.02658176, -0.05639791, -0.6191459)
(0.02654839, -0.05630898, -0.6189778)
(0.02641535, -0.05631161, -0.6187835)
(0.02601814, -0.05627704, -0.6186337)
(0.02551627, -0.05610991, -0.6175921)
(0.02530622, -0.05607891, -0.6171827)
(0.02497363, -0.05603027, -0.6167824)
(0.02474213, -0.05584264, -0.6163242)
(0.02448678, -0.05559349, -0.6159242)
(0.02474022, -0.05576587, -0.6160777)
(0.02489424, -0.05578256, -0.6163795)
(0.02483964, -0.05557513, -0.6158578)
(0.02640343, -0.05688405, -0.6171105)
(0.02687049, -0.05700231, -0.6170669)
(0.02705669, -0.05672073, -0.6163604)
(0.02724218, -0.05642414, -0.6155422)
(0.02714825, -0.05568504, -0.6146308)
(0.02688289, -0.05501533, -0.6140525)
(0.02669382, -0.05431318, -0.6133169)
(0.03099871, -0.06022644, -0.6223302)
(0.03075504, -0.05888581, -0.6210449)
(0.03030038, -0.05752611, -0.6193106)
(0.02998972, -0.05572367, -0.6174946)
(0.0294559, -0.05374599, -0.6154146)
(0.02892351, -0.05166125, -0.6130166)
(0.02833605, -0.04906774, -0.6105962)
(0.02780342, -0.04638505, -0.6079382)
(0.02702689, -0.04300976, -0.6048654)
(0.02651882, -0.03931284, -0.6013234)
(0.02576828, -0.03500128, -0.597074)
(0.02473307, -0.03036046, -0.5921348)
(0.02354312, -0.02563119, -0.5872728)
(0.02234316, -0.02012491, -0.580724)
(0.020895, -0.01416922, -0.5721493)
(0.01928711, -0.00816226, -0.5624548)
(0.01778865, -0.00265789, -0.5534745)
(0.01582718, 0.004232645, -0.5423335)
(0.01417279, 0.01156473, -0.5323427)
(0.01302147, 0.01998138, -0.5220203)
(0.01187229, 0.02918196, -0.5114155)
(0.01092243, 0.03902721, -0.5008795)
(0.009926081, 0.04949307, -0.4898798)
(0.008779526, 0.0591948, -0.4784353)
(0.008471251, 0.07014203, -0.4665872)
(0.008421421, 0.08096075, -0.4547055)
(0.008299828, 0.09220314, -0.4415419)
(0.008685112, 0.103842, -0.4307618)
(0.009122849, 0.115581, -0.419116)
(0.00895071, 0.1263533, -0.4071569)
(0.009128571, 0.1368692, -0.3950138)
(0.008899927, 0.1476514, -0.3821499)
(0.009007454, 0.1576376, -0.3700228)
(0.00957036, 0.167206, -0.3576989)
(0.009800673, 0.1773775, -0.3451533)
(0.01044631, 0.1866499, -0.3320352)
(0.01125908, 0.1939884, -0.3199201)
(0.01151848, 0.2012414, -0.307615)
(0.0126152, 0.2071524, -0.2959056)
(0.01383233, 0.2118511, -0.2837532)
(0.0143497, 0.2160889, -0.2714133)
(0.01561713, 0.2199663, -0.2598299)
(0.0165863, 0.221004, -0.2478502)
(0.01722813, 0.2225718, -0.2354529)
(0.01859951, 0.2220185, -0.2226052)
(0.0191195, 0.2191443, -0.2101798)
(0.01940298, 0.2153492, -0.1974285)
(0.02003694, 0.2107029, -0.185169)
(0.01983309, 0.2045244, -0.1728723)
(0.0198462, 0.1977186, -0.1598334)
(0.02029324, 0.1913533, -0.147571)
(0.0198698, 0.1822095, -0.1351312)
(0.0198493, 0.1734983, -0.1223693)
(0.01944852, 0.1619446, -0.108834)
(0.01911139, 0.1505077, -0.09682906)
(0.01896024, 0.1382575, -0.08519483)
(0.01835275, 0.1259115, -0.07350886)
(0.01772738, 0.1138737, -0.06169343)
(0.01709723, 0.1013279, -0.05073452)
(0.01626539, 0.0884068, -0.04019248)
(0.01577902, 0.07640839, -0.03085089)
(0.01544189, 0.06486845, -0.02226567)
(0.01428199, 0.05133128, -0.01203966)
(0.01374745, 0.04085565, -0.005304098)
(0.01318192, 0.03125429, 4.279613E-05)
(0.01303339, 0.02260399, 0.004432797)
(0.01192999, 0.01272464, 0.009879589)
(0.0117538, 0.006240845, 0.0107981)
(0.01083183, -0.002729893, 0.01452541)
(0.01034689, -0.009193182, 0.01541591)
(0.00964427, -0.01576829, 0.01583028)
(0.009270191, -0.0218246, 0.01593733)
(0.007975817, -0.0277741, 0.01547432)
(0.007234097, -0.03228521, 0.01323175)
(0.00759244, -0.03645825, 0.008707643)
(0.007164478, -0.03982091, 0.003733158)
(0.006885529, -0.04045677, 0.0003342628)
(0.006608963, -0.04302192, 0.0003085136)
(0.00859642, -0.04587078, 0.003008962)
(0.009666204, -0.04849505, 0.005041003)
(0.01003885, -0.04966044, 0.00476265)
(0.008835554, -0.04877043, 0.005041838)
(0.006636858, -0.04610085, 0.006415129)
(0.003914595, -0.0451932, 0.008019328)
(0.003235817, -0.04543161, 0.008740187)
(0.003485918, -0.0471549, 0.009142399)
(0.003908873, -0.04791212, 0.008110285)
(0.004633904, -0.04881239, 0.007140398)
(0.004639149, -0.04937482, 0.006371617)
(0.004826307, -0.04951954, 0.005083799)
(0.004457951, -0.04941988, 0.005366445)
(0.004008055, -0.04929399, 0.006042838)
(0.003683567, -0.04929256, 0.006504774)
(0.003261566, -0.04911757, 0.006112576)
(0.002862453, -0.04911017, 0.005969167)
(0.002753019, -0.04917979, 0.005838275)
(0.002915859, -0.04893422, 0.005285978)
(0.002900124, -0.04884768, 0.005101442)
(0.003019094, -0.04888964, 0.004814863)
(0.003215313, -0.04864883, 0.004359007)
(0.003258467, -0.04838848, 0.004273176)
(0.003434181, -0.04822969, 0.004188776)
(0.003447056, -0.04793143, 0.004110336)
(0.003428459, -0.04764342, 0.003857374)
(0.003607512, -0.04752469, 0.003546953)
(0.003554106, -0.04730868, 0.003286719)
(0.003549099, -0.04701447, 0.003057957)
(0.003555536, -0.04683733, 0.002575755)
(0.003488779, -0.04662538, 0.002389669)
(0.003398657, -0.04644418, 0.002213359)
(0.003498077, -0.04631734, 0.002309799)
(0.003412008, -0.04620409, 0.002319336)
(0.003349304, -0.04601836, 0.002308011)
(0.003298759, -0.04583287, 0.002393484)
(0.003404379, -0.04570794, 0.002490759)
(0.003465652, -0.0456531, 0.002617836)
(0.003690243, -0.04563522, 0.002493858)
(0.003702402, -0.04547572, 0.002573013)
(0.003599405, -0.04531789, 0.002610922)
(0.003828049, -0.045223, 0.002502918)
(0.003970861, -0.04502749, 0.002758384)
(0.004079819, -0.04493833, 0.003067613)
(0.004003763, -0.04489899, 0.003628016)
(0.00404954, -0.04480982, 0.003740191)
(0.004136801, -0.04470825, 0.003857374)
(0.004188776, -0.0448215, 0.00366962)
(0.004264593, -0.04457593, 0.003765702)
(0.004169941, -0.04452968, 0.003973961)
(0.004570246, -0.0446701, 0.003905773)
(0.004486561, -0.04469013, 0.004050016)
(0.004362106, -0.04471326, 0.004150152)
(0.004350185, -0.04480028, 0.004120588)
(0.004453182, -0.04492021, 0.004048586)
(0.004505157, -0.0448792, 0.004200101)
(0.004635096, -0.04500937, 0.004100204)
(0.004655361, -0.04514718, 0.004192114)
(0.004565954, -0.04502058, 0.004384995)
(0.004276991, -0.04535413, 0.004165053)
(0.004060268, -0.04533577, 0.004256845)
(0.003895044, -0.04533458, 0.004363179)
(0.004501104, -0.04598904, 0.003886104)
(0.004403591, -0.04595828, 0.00399363)
(0.004341364, -0.0458951, 0.004108548)
(0.00489521, -0.04626274, 0.003837585)
(0.004585266, -0.04616165, 0.004536748)
(0.004588127, -0.04584265, 0.004851341)
(0.00508666, -0.04580045, 0.004789591)
(0.005796432, -0.04577684, 0.004449129)
(0.006085157, -0.04535937, 0.004766822)
(0.006664991, -0.04530931, 0.004432559)
(0.006739378, -0.04475737, 0.00502944)
(0.006954432, -0.04417896, 0.005343914)
(0.006917477, -0.04379511, 0.005391359)
(0.007083654, -0.04325366, 0.005721331)
(0.007266521, -0.04273176, 0.006054401)
(0.008117199, -0.04290938, 0.005330682)
(0.008208752, -0.0425663, 0.005327225)
(0.008270264, -0.04225564, 0.005252361)
(0.009026289, -0.04259157, 0.004605174)
(0.00941062, -0.04263759, 0.004184008)
(0.009572268, -0.04257774, 0.004104376)
(0.01001573, -0.04277444, 0.003722072)
(0.009975433, -0.04263926, 0.003779173)
(0.01009536, -0.04265189, 0.003604174)
(0.01046658, -0.04307318, 0.003002882)
(0.01075792, -0.04322982, 0.00259006)
(0.01072645, -0.04321122, 0.002545118)
(0.01051903, -0.04308653, 0.002622604)
(0.01049185, -0.04302907, 0.002614021)
(0.0106709, -0.04324698, 0.002358913)
(0.01072192, -0.04315019, 0.002490759)
(0.01064634, -0.04289389, 0.002843857)
(0.01071525, -0.04278111, 0.002999306)
(0.01102781, -0.04299402, 0.00277698)
(0.01066017, -0.04253507, 0.003745794)
(0.01068354, -0.042454, 0.003930211)
(0.0110538, -0.04274487, 0.003708243)
(0.01103449, -0.04270148, 0.003840208)
(0.01102495, -0.04264474, 0.003945589)
(0.01142955, -0.04308438, 0.003472805)
(0.0114665, -0.04304862, 0.003525257)
(0.0115056, -0.04303122, 0.003524303)
(0.01189828, -0.04338479, 0.00297761)
(0.01195598, -0.04341292, 0.002878666)
(0.01201725, -0.04344249, 0.002774954)
(0.01233315, -0.0439384, 0.002096415)
(0.01251888, -0.04389358, 0.001822591)
(0.01263738, -0.04397774, 0.001708746)
(0.0120213, -0.04366589, 0.001945853)
(0.0120604, -0.0437417, 0.001845717)
(0.01211882, -0.04382181, 0.001805067)
(0.01177764, -0.04384542, 0.002189279)
(0.01177883, -0.04388666, 0.00221014)
(0.01179051, -0.04390025, 0.002231479)
(0.01195908, -0.04392552, 0.002351999)
(0.01196766, -0.04392815, 0.002380371)
(0.01199865, -0.04391837, 0.002411366)
(0.0125885, -0.0443635, 0.001754284)
(0.01262546, -0.04435873, 0.001759529)
(0.01265836, -0.04437566, 0.0017488)
(0.01277804, -0.0446527, 0.001565337)
(0.01281357, -0.04470301, 0.001539946)
(0.01284599, -0.04475284, 0.00151515)
(0.01275706, -0.04477024, 0.001269102)
(0.01277566, -0.04478288, 0.001196146)
(0.01278043, -0.04481244, 0.001099348)
(0.01219964, -0.04445386, 0.001175642)
(0.01220679, -0.04448271, 0.001077533)
####
(0.1944991, 4.824796, 5.574026)
(0.1956749, 4.825429, 5.573681)
(0.1969197, 4.824919, 5.573367)
(0.1983388, 4.824059, 5.572703)
(0.1999214, 4.824897, 5.572066)
(0.2016579, 4.825906, 5.57172)
(0.2032959, 4.826291, 5.571141)
(0.2055795, 4.8267, 5.570446)
(0.207914, 4.826388, 5.569752)
(0.2095102, 4.826147, 5.568838)
(0.2121522, 4.827314, 5.568463)
(0.2140029, 4.828593, 5.568192)
(0.2166115, 4.830161, 5.56751)
(0.2198366, 4.834192, 5.567121)
(0.2231568, 4.835635, 5.567569)
(0.2252564, 4.834918, 5.568064)
(0.226721, 4.831873, 5.568351)
(0.228066, 4.82817, 5.568479)
(0.2293581, 4.826921, 5.56921)
(0.228635, 4.825233, 5.570055)
(0.2283275, 4.834188, 5.573658)
(0.2297888, 4.839275, 5.576356)
(0.2305587, 4.841775, 5.576139)
(0.2308444, 4.840682, 5.574974)
(0.2308403, 4.840181, 5.574513)
(0.22986, 4.838743, 5.574216)
(0.2280753, 4.839096, 5.573946)
(0.2272893, 4.837979, 5.573312)
(0.2256741, 4.834375, 5.57039)
(0.2243917, 4.829713, 5.567695)
(0.2235617, 4.825706, 5.56531)
(0.2228486, 4.822474, 5.562865)
(0.2220019, 4.817966, 5.560308)
(0.2208685, 4.813346, 5.557573)
(0.2195384, 4.808568, 5.554372)
(0.21969, 4.806432, 5.551326)
(0.2199654, 4.809024, 5.548888)
(0.2213526, 4.815884, 5.547711)
(0.2232358, 4.821605, 5.544835)
(0.2239742, 4.827055, 5.542874)
(0.2236648, 4.827724, 5.540155)
(0.2221427, 4.823026, 5.536415)
(0.222652, 4.822134, 5.533976)
(0.2227137, 4.81759, 5.530428)
(0.2232979, 4.816833, 5.528787)
(0.2233541, 4.817065, 5.525732)
(0.2237487, 4.81764, 5.523689)
(0.2236565, 4.816285, 5.521056)
(0.2229991, 4.8155, 5.518698)
(0.2221892, 4.813709, 5.517113)
(0.221836, 4.812077, 5.515551)
(0.2214163, 4.810795, 5.514195)
(0.2215118, 4.81009, 5.512926)
(0.2217567, 4.807989, 5.511239)
(0.2216433, 4.805474, 5.509294)
(0.2211926, 4.801394, 5.507128)
(0.2207411, 4.798707, 5.50482)
(0.2198969, 4.796072, 5.502347)
(0.2195528, 4.792669, 5.499643)
(0.2194044, 4.78919, 5.49665)
(0.2194983, 4.787269, 5.494047)
(0.2198592, 4.786196, 5.490752)
(0.2205791, 4.787974, 5.487784)
(0.2209878, 4.78712, 5.484626)
(0.2215054, 4.784909, 5.480925)
(0.2217403, 4.779255, 5.476506)
(0.2220338, 4.778023, 5.472658)
(0.2223297, 4.777282, 5.468631)
(0.2230103, 4.778808, 5.464417)
(0.2232291, 4.778512, 5.460234)
(0.2238211, 4.778292, 5.455031)
(0.2240752, 4.776409, 5.449579)
(0.2239905, 4.77366, 5.443878)
(0.2239794, 4.769375, 5.436774)
(0.2239122, 4.766937, 5.428971)
(0.2220646, 4.766703, 5.421587)
(0.2213786, 4.766381, 5.412888)
(0.2206395, 4.765048, 5.403909)
(0.2197431, 4.76452, 5.394634)
(0.2187909, 4.764306, 5.38437)
(0.2181925, 4.761973, 5.374507)
(0.2175123, 4.758453, 5.363854)
(0.2148899, 4.756706, 5.353031)
(0.212903, 4.75942, 5.340645)
(0.2116864, 4.764851, 5.327838)
(0.2105439, 4.767552, 5.3125)
(0.2102241, 4.769627, 5.297664)
(0.2113705, 4.770878, 5.280214)
(0.2133467, 4.769362, 5.260508)
(0.2138573, 4.766104, 5.242033)
(0.2151959, 4.760202, 5.220714)
(0.2162309, 4.751661, 5.197014)
(0.2180074, 4.740543, 5.172462)
(0.2202033, 4.727976, 5.146723)
(0.2200344, 4.713737, 5.121127)
(0.2180548, 4.695048, 5.091353)
(0.2177545, 4.684186, 5.06089)
(0.227431, 4.689051, 5.032883)
(0.2377905, 4.692729, 5.005551)
(0.2490741, 4.691295, 4.970917)
(0.259346, 4.688562, 4.941461)
(0.2679486, 4.686984, 4.910769)
(0.2740971, 4.680393, 4.884561)
(0.2794182, 4.669975, 4.854875)
(0.2838134, 4.663256, 4.829671)
(0.285133, 4.649718, 4.806821)
(0.2759705, 4.631192, 4.782834)
(0.2724095, 4.624195, 4.761199)
(0.2738148, 4.619222, 4.736437)
(0.2853845, 4.618617, 4.714174)
(0.2721005, 4.613054, 4.706096)
(0.2707554, 4.60703, 4.692155)
(0.270873, 4.60362, 4.680258)
(0.2844464, 4.610743, 4.674595)
(0.2919677, 4.613782, 4.666564)
(0.299109, 4.619709, 4.662448)
(0.3027295, 4.622322, 4.656517)
(0.3088095, 4.627683, 4.659296)
(0.3111113, 4.628982, 4.663843)
(0.3107628, 4.627453, 4.669078)
(0.3069214, 4.624343, 4.677187)
(0.2998472, 4.620506, 4.686518)
(0.2962252, 4.618211, 4.699707)
(0.292245, 4.616572, 4.713978)
(0.2887193, 4.615492, 4.732758)
(0.2868744, 4.615674, 4.75057)
(0.2865878, 4.618812, 4.777737)
(0.2874728, 4.624681, 4.803457)
(0.2914259, 4.633296, 4.831844)
(0.2978336, 4.64572, 4.862229)
(0.3011115, 4.658776, 4.894225)
(0.3022317, 4.670845, 4.928057)
(0.3026484, 4.683439, 4.96076)
(0.3045066, 4.701476, 4.998369)
(0.3068969, 4.719676, 5.035006)
(0.3044683, 4.738886, 5.078436)
(0.2969036, 4.750374, 5.116729)
(0.2892096, 4.759668, 5.155473)
(0.2830295, 4.774266, 5.195003)
(0.2771056, 4.789981, 5.233577)
(0.2695223, 4.806337, 5.273162)
(0.2594102, 4.817569, 5.309537)
(0.2487244, 4.823635, 5.34481)
(0.2363559, 4.826518, 5.375978)
(0.227296, 4.837643, 5.410657)
(0.2181401, 4.854531, 5.438646)
(0.2104577, 4.867498, 5.46347)
(0.2018274, 4.874169, 5.485298)
(0.1955862, 4.881282, 5.507992)
(0.1921738, 4.885473, 5.521286)
(0.1870531, 4.892483, 5.539865)
(0.1833743, 4.898745, 5.551973)
(0.1780865, 4.905663, 5.561493)
(0.1733148, 4.909119, 5.570519)
(0.1695931, 4.909515, 5.571757)
(0.1658128, 4.912155, 5.571067)
(0.1689373, 4.935729, 5.560929)
(0.1820031, 4.992299, 5.558696)
(0.1774931, 4.91299, 5.555149)
(0.179925, 4.866991, 5.564787)
(0.1968497, 4.858118, 5.570046)
(0.1989378, 4.903573, 5.580644)
(0.1964902, 4.917575, 5.580757)
(0.1970576, 4.899249, 5.581832)
(0.1956311, 4.87178, 5.564588)
(0.204766, 4.882686, 5.562506)
(0.2091342, 4.912514, 5.565567)
(0.2089673, 4.957644, 5.574337)
(0.2089051, 4.959497, 5.578813)
(0.2064892, 4.944378, 5.580027)
(0.2048475, 4.921386, 5.581495)
(0.205518, 4.913666, 5.584066)
(0.207751, 4.910133, 5.585431)
(0.2110969, 4.921149, 5.586713)
(0.2144592, 4.932798, 5.589859)
(0.218391, 4.933776, 5.591475)
(0.2209514, 4.929473, 5.593415)
(0.2218477, 4.926481, 5.595217)
(0.2209878, 4.923162, 5.596808)
(0.220631, 4.920944, 5.599146)
(0.2202105, 4.918577, 5.600846)
(0.2193953, 4.915745, 5.602734)
(0.2179193, 4.914522, 5.604695)
(0.2162394, 4.914025, 5.60607)
(0.2144503, 4.915005, 5.608722)
(0.2128706, 4.913046, 5.611109)
(0.2115384, 4.906057, 5.612592)
(0.2106515, 4.900115, 5.614271)
(0.2092337, 4.895123, 5.616076)
(0.2080231, 4.892176, 5.61821)
(0.2070886, 4.888102, 5.619778)
(0.206619, 4.884571, 5.621166)
(0.2066041, 4.884082, 5.621999)
(0.2065126, 4.882412, 5.622288)
(0.2071415, 4.885809, 5.621763)
(0.2059383, 4.883051, 5.622015)
(0.2050541, 4.88368, 5.622478)
(0.2048438, 4.882562, 5.622929)
(0.2045444, 4.880979, 5.622708)
(0.204217, 4.87956, 5.622503)
(0.2042649, 4.878756, 5.62257)
(0.203719, 4.877723, 5.622661)
(0.2027128, 4.879535, 5.622693)
(0.2018723, 4.885511, 5.62348)
(0.2020002, 4.889667, 5.624288)
(0.2015685, 4.890794, 5.624733)
(0.2017742, 4.890852, 5.62492)
(0.2020598, 4.892914, 5.625951)
(0.2029098, 4.896594, 5.627108)
(0.2037985, 4.89973, 5.62746)
(0.2042609, 4.900536, 5.626853)
(0.2046762, 4.901969, 5.626361)
(0.2053719, 4.902822, 5.626147)
(0.2060837, 4.903277, 5.626448)
(0.2061773, 4.90125, 5.624797)
(0.2063887, 4.900889, 5.623553)
(0.2060633, 4.902223, 5.622502)
(0.2063827, 4.902803, 5.621136)
(0.2063054, 4.904118, 5.619933)
(0.2075809, 4.905589, 5.619339)
(0.2085302, 4.906363, 5.618485)
(0.2097024, 4.906672, 5.617694)
(0.210137, 4.907491, 5.616393)
(0.2107522, 4.909265, 5.615205)
(0.2107199, 4.909114, 5.613297)
(0.2102393, 4.908449, 5.611281)
(0.2100388, 4.906913, 5.608274)
(0.2093983, 4.906316, 5.6052)
(0.2072274, 4.90792, 5.601685)
(0.2047384, 4.9091, 5.598617)
(0.2021532, 4.909641, 5.59556)
(0.1987552, 4.90872, 5.592264)
(0.1957328, 4.90677, 5.588593)
(0.1930409, 4.90561, 5.58557)
(0.1908598, 4.905975, 5.582868)
(0.1885496, 4.906358, 5.580026)
(0.1866238, 4.905208, 5.577223)
(0.1846942, 4.902682, 5.574607)
(0.1833452, 4.89623, 5.572428)
(0.1818836, 4.888907, 5.570188)
(0.1804265, 4.883875, 5.568299)
(0.1788633, 4.881019, 5.567209)
(0.1777866, 4.879733, 5.567104)
(0.1764228, 4.876797, 5.566617)
(0.1751065, 4.872232, 5.566405)
(0.1739559, 4.867918, 5.566045)
(0.1732171, 4.865858, 5.566154)
(0.1725698, 4.865584, 5.566367)
(0.1719686, 4.865491, 5.566436)
(0.1717274, 4.863778, 5.566068)
(0.171297, 4.862441, 5.56549)
(0.1708114, 4.861727, 5.564556)
(0.1705259, 4.861817, 5.563319)
(0.1698682, 4.861155, 5.56206)
(0.1693564, 4.86048, 5.560256)
(0.1688237, 4.859194, 5.558513)
(0.1682932, 4.858782, 5.556528)
(0.167767, 4.858504, 5.554963)
(0.1673528, 4.858955, 5.553628)
(0.1669635, 4.859552, 5.552483)
(0.1666467, 4.859668, 5.551462)
(0.1661184, 4.859181, 5.550415)
(0.1656618, 4.858868, 5.549888)
(0.165491, 4.858153, 5.549376)
(0.1651518, 4.857038, 5.549386)
(0.1647308, 4.855724, 5.549501)
(0.16446, 4.854536, 5.549614)
(0.1639213, 4.85251, 5.550201)
(0.1635012, 4.850851, 5.550579)
(0.1631261, 4.849838, 5.55107)
(0.1630708, 4.849371, 5.551517)
(0.1628217, 4.848733, 5.551805)
(0.1626945, 4.848635, 5.5518)
(0.162608, 4.848906, 5.55188)
(0.1625725, 4.849699, 5.551802)
(0.1624715, 4.850312, 5.551613)
(0.1621721, 4.850753, 5.551316)
(0.1621889, 4.850963, 5.551112)
(0.1620841, 4.850971, 5.550633)
(0.1617707, 4.85097, 5.55039)
(0.1617009, 4.851101, 5.550182)
(0.1617851, 4.851312, 5.549942)
(0.1617759, 4.851182, 5.549844)
(0.1618113, 4.851117, 5.549682)
(0.161827, 4.851279, 5.549798)
(0.1618253, 4.851283, 5.549924)
(0.1617893, 4.851295, 5.550315)
(0.1618991, 4.851109, 5.550581)
(0.1621087, 4.850618, 5.551281)
(0.1621679, 4.850282, 5.551663)
####
(0.03135037, 0.08694918, -0.6302184)
(0.03118896, 0.08697112, -0.6300455)
(0.03100991, 0.08699305, -0.6299088)
(0.03068447, 0.08703311, -0.629734)
(0.0305829, 0.08705647, -0.6297207)
(0.0303216, 0.08701928, -0.6295066)
(0.02973843, 0.08722265, -0.6290619)
(0.02933407, 0.08713539, -0.6288898)
(0.0289228, 0.08702357, -0.6287202)
(0.02907133, 0.08658107, -0.6288629)
(0.02858353, 0.08672793, -0.6284517)
(0.02821445, 0.08661731, -0.6282411)
(0.0282464, 0.0861655, -0.6284268)
(0.02746511, 0.08649118, -0.6273659)
(0.02726483, 0.08613689, -0.6272943)
(0.02689815, 0.08604558, -0.6275951)
(0.02668738, 0.08590634, -0.6277009)
(0.02653813, 0.08586033, -0.6277806)
(0.02633381, 0.08570631, -0.6281095)
(0.02600288, 0.08613928, -0.6276749)
(0.02580714, 0.08636625, -0.6275653)
(0.02578664, 0.08612593, -0.6276413)
(0.02549791, 0.08633144, -0.6271801)
(0.02534485, 0.08654578, -0.6269654)
(0.02527308, 0.08663662, -0.6270036)
(0.02523446, 0.08706863, -0.6267719)
(0.0252893, 0.08754404, -0.6265476)
(0.02533174, 0.08767946, -0.6266625)
(0.02544999, 0.0882283, -0.6264071)
(0.02553034, 0.08857496, -0.6262079)
(0.02598047, 0.08844741, -0.6266277)
(0.02599812, 0.08875425, -0.6264365)
(0.02607346, 0.08912356, -0.6262383)
(0.0263176, 0.0892721, -0.6263199)
(0.02657604, 0.08943589, -0.6263754)
(0.0266335, 0.08959492, -0.6260381)
(0.02687097, 0.08977564, -0.6254735)
(0.02674675, 0.08977826, -0.6249828)
(0.02664709, 0.08991392, -0.6243764)
(0.02687716, 0.08961733, -0.6243339)
(0.02731371, 0.08960302, -0.6248043)
(0.02749467, 0.08986218, -0.6245229)
(0.02720046, 0.09062155, -0.6235045)
(0.02717185, 0.0907634, -0.6232744)
(0.02705312, 0.09091146, -0.6229937)
(0.02732635, 0.09072907, -0.6231251)
(0.02654362, 0.09165104, -0.6214149)
(0.02649713, 0.09173067, -0.621153)
(0.02698088, 0.09147961, -0.6213026)
(0.02660084, 0.09204276, -0.6204411)
(0.02653241, 0.09224756, -0.6202317)
(0.02666998, 0.09234054, -0.6205828)
(0.02652717, 0.09255107, -0.6203418)
(0.02634645, 0.09265764, -0.6201668)
(0.02657342, 0.09251626, -0.6203394)
(0.0268259, 0.09241875, -0.6210101)
(0.02679658, 0.0926369, -0.6208202)
(0.02719712, 0.09250768, -0.6209636)
(0.02705431, 0.09282716, -0.6203258)
(0.02699828, 0.09283765, -0.6201215)
(0.02707386, 0.09294946, -0.6200447)
(0.02696705, 0.09296973, -0.619658)
(0.02693987, 0.09301622, -0.6192627)
(0.02658176, 0.09321649, -0.6191459)
(0.02654839, 0.09330542, -0.6189778)
(0.02641535, 0.0933028, -0.6187835)
(0.02601814, 0.09333737, -0.6186337)
(0.02551627, 0.0935045, -0.6175921)
(0.02530622, 0.0935355, -0.6171827)
(0.02497363, 0.09358414, -0.6167824)
(0.02474213, 0.09377177, -0.6163242)
(0.02448678, 0.09402092, -0.6159242)
(0.02474022, 0.09384854, -0.6160777)
(0.02489424, 0.09383185, -0.6163795)
(0.02483964, 0.09403928, -0.6158578)
(0.02640343, 0.09273036, -0.6171105)
(0.02687049, 0.0926121, -0.6170669)
(0.02705669, 0.09289367, -0.6163604)
(0.02724218, 0.09319027, -0.6155422)
(0.02714825, 0.09392937, -0.6146308)
(0.02688289, 0.09459908, -0.6140525)
(0.02669382, 0.09530123, -0.6133169)
(0.03099871, 0.08938797, -0.6223302)
(0.03075504, 0.0907286, -0.6210449)
(0.03030038, 0.0920883, -0.6193106)
(0.02998972, 0.09389074, -0.6174946)
(0.0294559, 0.09586842, -0.6154146)
(0.02892351, 0.09795316, -0.6130166)
(0.02833605, 0.1005467, -0.6105962)
(0.02780342, 0.1032294, -0.6079382)
(0.02702689, 0.1067776, -0.6048654)
(0.02651882, 0.1104961, -0.6013234)
(0.02576828, 0.1148373, -0.597074)
(0.02473307, 0.1195182, -0.5921348)
(0.02354312, 0.1242939, -0.5872728)
(0.02234316, 0.1298758, -0.580724)
(0.020895, 0.1359591, -0.5721493)
(0.01928711, 0.1421615, -0.5624548)
(0.01778865, 0.1479125, -0.5534745)
(0.01582718, 0.1552306, -0.5423335)
(0.01417279, 0.1631052, -0.5323427)
(0.01302147, 0.1723044, -0.5220203)
(0.01187229, 0.1826358, -0.5114155)
(0.01092243, 0.1940616, -0.5008795)
(0.009926081, 0.2068536, -0.4898798)
(0.008779526, 0.2199921, -0.4784353)
(0.008471251, 0.2360031, -0.4665872)
(0.008421421, 0.253978, -0.4547055)
(0.008299828, 0.2763315, -0.4415419)
(0.008685112, 0.3001087, -0.4307618)
(0.009122849, 0.3283827, -0.419116)
(0.00895071, 0.3597337, -0.4071569)
(0.009128571, 0.3940605, -0.3950138)
(0.008899927, 0.4315114, -0.3821499)
(0.009007454, 0.4659272, -0.3700228)
(0.00957036, 0.4977626, -0.3576989)
(0.009800673, 0.5267966, -0.3451533)
(0.01044631, 0.5513666, -0.3320352)
(0.01125908, 0.5691664, -0.3199201)
(0.01151848, 0.5840899, -0.307615)
(0.0126152, 0.5951675, -0.2959056)
(0.01383233, 0.6036083, -0.2837532)
(0.0143497, 0.61044, -0.2714133)
(0.01561713, 0.615979, -0.2598299)
(0.0165863, 0.6181909, -0.2478502)
(0.01722813, 0.6205752, -0.2354529)
(0.01859951, 0.6205807, -0.2226052)
(0.0191195, 0.6180624, -0.2101798)
(0.01940298, 0.6145079, -0.1974285)
(0.02003694, 0.6100143, -0.185169)
(0.01983309, 0.6039376, -0.1728723)
(0.0198462, 0.5972027, -0.1598334)
(0.02029324, 0.5908811, -0.147571)
(0.0198698, 0.5817667, -0.1351312)
(0.0198493, 0.5730753, -0.1223693)
(0.01944852, 0.5615352, -0.108834)
(0.01911139, 0.5501062, -0.09682906)
(0.01896024, 0.5378611, -0.08519483)
(0.01835275, 0.5255185, -0.07350886)
(0.01772738, 0.5134832, -0.06169343)
(0.01709723, 0.5009389, -0.05073452)
(0.01626539, 0.4880188, -0.04019248)
(0.01577902, 0.476021, -0.03085089)
(0.01544189, 0.4644815, -0.02226567)
(0.01428199, 0.4509448, -0.01203966)
(0.01374745, 0.4404693, -0.005304098)
(0.01318192, 0.4308681, 4.279613E-05)
(0.01303339, 0.4222178, 0.004432797)
(0.01192999, 0.4123386, 0.009879589)
(0.0117538, 0.4058548, 0.0107981)
(0.01083183, 0.3968841, 0.01452541)
(0.01034689, 0.3904209, 0.01541591)
(0.00964427, 0.3838457, 0.01583028)
(0.009270191, 0.3777894, 0.01593733)
(0.007975817, 0.3718399, 0.01547432)
(0.007234097, 0.3673288, 0.01323175)
(0.00759244, 0.3631557, 0.008707643)
(0.007164478, 0.3597929, 0.003733158)
(0.006885529, 0.359157, 0.0003342628)
(0.006608963, 0.3565919, 0.0003085136)
(0.00859642, 0.3537431, 0.003008962)
(0.009666204, 0.3511188, 0.005041003)
(0.01003885, 0.3499534, 0.00476265)
(0.008835554, 0.3508434, 0.005041838)
(0.006636858, 0.3535131, 0.006415129)
(0.003914595, 0.3544207, 0.008019328)
(0.003235817, 0.3541823, 0.008740187)
(0.003485918, 0.352459, 0.009142399)
(0.003908873, 0.3517018, 0.008110285)
(0.004633904, 0.3508015, 0.007140398)
(0.004639149, 0.3502391, 0.006371617)
(0.004826307, 0.3500943, 0.005083799)
(0.004457951, 0.350194, 0.005366445)
(0.004008055, 0.3503199, 0.006042838)
(0.003683567, 0.3503213, 0.006504774)
(0.003261566, 0.3455, 0.006112576)
(0.002862453, 0.3455074, 0.005969167)
(0.002753019, 0.3454378, 0.005838275)
(0.002915859, 0.3456833, 0.005285978)
(0.002900124, 0.3457699, 0.005101442)
(0.003019094, 0.3457279, 0.004814863)
(0.003215313, 0.3459687, 0.004359007)
(0.003258467, 0.3462291, 0.004273176)
(0.003434181, 0.3463879, 0.004188776)
(0.003447056, 0.3466861, 0.004110336)
(0.003428459, 0.3469741, 0.003857374)
(0.003607512, 0.3470929, 0.003546953)
(0.003554106, 0.3473089, 0.003286719)
(0.003549099, 0.3476031, 0.003057957)
(0.003555536, 0.3477802, 0.002575755)
(0.003488779, 0.3479922, 0.002389669)
(0.003398657, 0.3481734, 0.002213359)
(0.003498077, 0.3483002, 0.002309799)
(0.003412008, 0.3484135, 0.002319336)
(0.003349304, 0.3485992, 0.002308011)
(0.003298759, 0.3487847, 0.002393484)
(0.003404379, 0.3489096, 0.002490759)
(0.003465652, 0.3489645, 0.002617836)
(0.003690243, 0.3489823, 0.002493858)
(0.003702402, 0.3491418, 0.002573013)
(0.003599405, 0.3492997, 0.002610922)
(0.003828049, 0.3493946, 0.002502918)
(0.003970861, 0.3495901, 0.002758384)
(0.004079819, 0.3496792, 0.003067613)
(0.004003763, 0.3497186, 0.003628016)
(0.00404954, 0.3498077, 0.003740191)
(0.004136801, 0.3499093, 0.003857374)
(0.004188776, 0.3497961, 0.00366962)
(0.004264593, 0.3500416, 0.003765702)
(0.004169941, 0.3500879, 0.003973961)
(0.004570246, 0.3499475, 0.003905773)
(0.004486561, 0.3499274, 0.004050016)
(0.004362106, 0.3499043, 0.004150152)
(0.004350185, 0.3498173, 0.004120588)
(0.004453182, 0.3496974, 0.004048586)
(0.004505157, 0.3497384, 0.004200101)
(0.004635096, 0.3496082, 0.004100204)
(0.004655361, 0.3494704, 0.004192114)
(0.004565954, 0.349597, 0.004384995)
(0.004276991, 0.3492634, 0.004165053)
(0.004060268, 0.3492818, 0.004256845)
(0.003895044, 0.349283, 0.004363179)
(0.004501104, 0.3486285, 0.003886104)
(0.004403591, 0.3486593, 0.00399363)
(0.004341364, 0.3487225, 0.004108548)
(0.00489521, 0.3483548, 0.003837585)
(0.004585266, 0.3484559, 0.004536748)
(0.004588127, 0.3487749, 0.004851341)
(0.00508666, 0.3488171, 0.004789591)
(0.005796432, 0.3488407, 0.004449129)
(0.006085157, 0.3492582, 0.004766822)
(0.006664991, 0.3493083, 0.004432559)
(0.006739378, 0.3498602, 0.00502944)
(0.006954432, 0.3504386, 0.005343914)
(0.006917477, 0.3508224, 0.005391359)
(0.007083654, 0.3513639, 0.005721331)
(0.007266521, 0.3518858, 0.006054401)
(0.008117199, 0.3517082, 0.005330682)
(0.008208752, 0.3520513, 0.005327225)
(0.008270264, 0.3523619, 0.005252361)
(0.009026289, 0.352026, 0.004605174)
(0.00941062, 0.35198, 0.004184008)
(0.009572268, 0.3520398, 0.004104376)
(0.01001573, 0.3518431, 0.003722072)
(0.009975433, 0.3519783, 0.003779173)
(0.01009536, 0.3519657, 0.003604174)
(0.01046658, 0.3515444, 0.003002882)
(0.01075792, 0.3513877, 0.00259006)
(0.01072645, 0.3514063, 0.002545118)
(0.01051903, 0.351531, 0.002622604)
(0.01049185, 0.3515885, 0.002614021)
(0.0106709, 0.3513706, 0.002358913)
(0.01072192, 0.3514674, 0.002490759)
(0.01064634, 0.3517237, 0.002843857)
(0.01071525, 0.3518364, 0.002999306)
(0.01102781, 0.3516235, 0.00277698)
(0.01066017, 0.3520825, 0.003745794)
(0.01068354, 0.3521636, 0.003930211)
(0.0110538, 0.3518727, 0.003708243)
(0.01103449, 0.3519161, 0.003840208)
(0.01102495, 0.3519728, 0.003945589)
(0.01142955, 0.3515332, 0.003472805)
(0.0114665, 0.3515689, 0.003525257)
(0.0115056, 0.3515863, 0.003524303)
(0.01189828, 0.3512328, 0.00297761)
(0.01195598, 0.3512046, 0.002878666)
(0.01201725, 0.3511751, 0.002774954)
(0.01233315, 0.3506792, 0.002096415)
(0.01251888, 0.350724, 0.001822591)
(0.01263738, 0.3506398, 0.001708746)
(0.0120213, 0.3509517, 0.001945853)
(0.0120604, 0.3508759, 0.001845717)
(0.01211882, 0.3507957, 0.001805067)
(0.01177764, 0.3507721, 0.002189279)
(0.01177883, 0.3507309, 0.00221014)
(0.01179051, 0.3507173, 0.002231479)
(0.01195908, 0.350692, 0.002351999)
(0.01196766, 0.3506894, 0.002380371)
(0.01199865, 0.3506992, 0.002411366)
(0.0125885, 0.3502541, 0.001754284)
(0.01262546, 0.3502588, 0.001759529)
(0.01265836, 0.3502419, 0.0017488)
(0.01277804, 0.3499649, 0.001565337)
(0.01281357, 0.3499146, 0.001539946)
(0.01284599, 0.3498647, 0.00151515)
(0.01275706, 0.3498473, 0.001269102)
(0.01277566, 0.3498347, 0.001196146)
(0.01278043, 0.3498051, 0.001099348)
(0.01219964, 0.3501637, 0.001175642)
(0.01220679, 0.3501348, 0.001077533)
####
-0.1496144
-0.1496144
-0.1496144
-0.1496144
-0.1496144
-0.1496144
-0.1496144
-0.1496144
-0.1496144
-0.1496144
-0.1496144
-0.1496144
-0.1496144
-0.1496144
-0.1496144
-0.1496144
-0.1496144
-0.1496144
-0.1496144
-0.1496144
-0.1496144
-0.1496144
-0.1496144
-0.1496144
-0.1496144
-0.1496144
-0.1496144
-0.1496144
-0.1496144
-0.1496144
-0.1496144
-0.1496144
-0.1496144
-0.1496144
-0.1496144
-0.1496144
-0.1496144
-0.1496144
-0.1496144
-0.1496144
-0.1496144
-0.1496144
-0.1496144
-0.1496144
-0.1496144
-0.1496144
-0.1496144
-0.1496144
-0.1496144
-0.1496144
-0.1496144
-0.1496144
-0.1496144
-0.1496144
-0.1496144
-0.1496144
-0.1496144
-0.1496144
-0.1496144
-0.1496144
-0.1496144
-0.1496144
-0.1496144
-0.1496144
-0.1496144
-0.1496144
-0.1496144
-0.1496144
-0.1496144
-0.1496144
-0.1496144
-0.1496144
-0.1496144
-0.1496144
-0.1496144
-0.1496144
-0.1496144
-0.1496144
-0.1496144
-0.1496144
-0.1496144
-0.1496144
-0.1496144
-0.1496144
-0.1496144
-0.1496144
-0.1496144
-0.1496144
-0.1496144
-0.1496144
-0.1496144
-0.1496144
-0.1496144
-0.1496144
-0.1496144
-0.1496144
-0.1496144
-0.1496144
-0.1496144
-0.1496144
-0.1496144
-0.1496144
-0.1496144
-0.1496144
-0.1496144
-0.1496144
-0.1496144
-0.1496144
-0.1496144
-0.1496144
-0.1496144
-0.1496144
-0.1496144
-0.1496144
-0.1496144
-0.1496144
-0.1496144
-0.1496144
-0.1496144
-0.1496144
-0.1496144
-0.1496144
-0.1496144
-0.1496144
-0.1496144
-0.1496144
-0.1496144
-0.1496144
-0.1496144
-0.1496144
-0.1496144
-0.1496144
-0.1496144
-0.1496144
-0.1496144
-0.1496144
-0.1496144
-0.1496144
-0.1496144
-0.1496144
-0.1496144
-0.1496144
-0.1496144
-0.1496144
-0.1496144
-0.1496144
-0.1496144
-0.1496144
-0.1496144
-0.1496144
-0.1496144
-0.1496144
-0.1496144
-0.1496144
-0.1496144
-0.1496144
-0.1496144
-0.1496144
-0.1496144
-0.1496144
-0.1496144
-0.1496144
-0.1496144
-0.1496144
-0.1496144
-0.1496144
-0.1496144
-0.1496144
-0.1496144
-0.1496144
-0.1496144
-0.1496144
-0.1496144
-0.1496144
-0.1496144
-0.1291176
-0.1291176
-0.1291176
-0.1291176
-0.1291176
-0.1291176
-0.1291176
-0.1291176
-0.1291176
-0.1291176
-0.1291176
-0.1291176
-0.1291176
-0.1291176
-0.1291176
-0.1291176
-0.1291176
-0.1291176
-0.1291176
-0.1291176
-0.1291176
-0.1291176
-0.1291176
-0.1291176
-0.1291176
-0.1291176
-0.1291176
-0.1291176
-0.1291176
-0.1291176
-0.1291176
-0.1291176
-0.1291176
-0.1291176
-0.1291176
-0.1291176
-0.1291176
-0.1291176
-0.1291176
-0.1291176
-0.1291176
-0.1291176
-0.1291176
-0.1291176
-0.1291176
-0.1291176
-0.1291176
-0.1291176
-0.1291176
-0.1291176
-0.1291176
-0.1291176
-0.1291176
-0.1291176
-0.1291176
-0.1291176
-0.1291176
-0.1291176
-0.1291176
-0.1291176
-0.1291176
-0.1291176
-0.1291176
-0.1291176
-0.1291176
-0.1291176
-0.1291176
-0.1291176
-0.1291176
-0.1291176
-0.1291176
-0.1291176
-0.1291176
-0.1291176
-0.1291176
-0.1291176
-0.1291176
-0.1291176
-0.1291176
-0.1291176
-0.1291176
-0.1291176
-0.1291176
-0.1291176
-0.1291176
-0.1291176
-0.1291176
-0.1291176
-0.1291176
-0.1291176
-0.1291176
-0.1291176
-0.1291176
-0.1291176
-0.1291176
-0.1291176
-0.1291176
-0.1291176
-0.1291176
-0.1291176
-0.1291176
-0.1291176
-0.1291176
-0.1291176
-0.1291176
-0.1291176
-0.1291176
-0.1291176
-0.1291176
-0.1291176
-0.1291176
-0.1291176
-0.1291176
-0.1291176
-0.1291176
