(333.4607, 76.90625, 356.7673)
(334.7013, 75.49381, 358.5751)
(333.9127, 75.86801, 1.496504)
(334.0186, 73.26103, 8.639072)
(329.1428, 67.92431, 13.35507)
(322.1481, 75.46979, 9.872331)
(319.2713, 82.36758, 6.957883)
(318.3273, 82.88139, 7.374178)
(320.8042, 81.17714, 9.89434)
(324.8354, 77.12499, 14.47677)
(326.7766, 72.6996, 18.59356)
(326.7524, 68.18194, 22.1814)
(324.6805, 66.68436, 23.16269)
(323.6293, 66.26947, 23.26109)
(324.2522, 66.03847, 23.27002)
(325.5464, 66.05168, 23.56119)
(326.4884, 65.6911, 24.21853)
(327.0354, 65.57059, 24.73732)
(326.886, 65.0167, 25.51838)
(326.9215, 64.37206, 26.48355)
(326.7964, 63.75182, 27.5074)
(326.0835, 63.27865, 28.78592)
(324.5997, 63.40437, 29.10275)
(323.4122, 63.29424, 29.34077)
(322.3351, 62.08358, 30.29833)
(321.3649, 60.61689, 31.59678)
(320.4118, 59.03772, 32.9008)
(319.7524, 58.68666, 33.2726)
(319.3528, 58.43036, 33.76199)
(319.9022, 58.88885, 33.96655)
(321.2466, 60.48416, 33.20327)
(322.8532, 62.27075, 31.88792)
(323.8819, 63.25494, 30.87323)
(324.0693, 63.05323, 30.25535)
(323.7248, 62.46227, 30.08975)
(322.354, 61.80366, 30.15099)
(321.0812, 62.51388, 29.44351)
(320.4552, 63.86631, 28.38656)
(320.4372, 66.47305, 26.52638)
(321.2764, 70.03812, 23.70096)
(322.9261, 73.26075, 20.61346)
(324.3355, 75.37373, 18.44597)
(326.7994, 75.7664, 17.02285)
(328.3171, 76.0059, 15.83705)
(328.142, 74.65096, 15.35768)
(326.9321, 73.39184, 14.81912)
(325.9558, 72.67226, 14.00432)
(325.128, 71.43413, 13.7755)
(326.1648, 70.58241, 13.30705)
(327.1595, 70.42196, 12.59789)
(327.3502, 71.4446, 11.27828)
(326.4359, 73.19418, 9.666263)
(325.3409, 74.56343, 8.257936)
(324.4359, 76.46159, 6.362269)
(323.2715, 77.83021, 4.608472)
(321.3451, 78.82846, 3.093035)
(318.7944, 79.08045, 2.020765)
(316.24, 79.16464, 1.097476)
(313.5521, 78.73535, 0.6823145)
(310.5453, 79.05119, 359.8208)
(308.1736, 79.91969, 359.8701)
(307.0481, 80.44738, 0.04667037)
(308.7915, 80.53268, 0.4993639)
