(-9444.729, 109.8136, 1884.353)
(82.08649, 27.25786, -0.1671605)
(121.11, 57.3845, -15.7047)
(113.0602, 42.55183, -39.88057)
(143.7788, 33.03199, -30.73249)
(134.0897, 9.254587, -23.66777)
(186.2826, 12.26238, -23.31884)
(0, 0, 0)
(280.3184, -9.079756, 1.430277)
(122.1979, -2.921285, 12.46188)
(138.5324, -3.198263, 21.10403)
(313.3409, -20.05766, 50.85701)
(101.7969, -6.992368, 16.93639)
(108.0341, -18.66669, 21.91056)
(144.1645, -26.84673, 30.8001)
(123.9244, -51.89372, 31.86557)
(32.17695, -38.9747, 30.11835)
(13.44088, -26.16717, 33.98735)
(21.51879, -21.16508, 43.11942)
(4.68274, -5.425185, 21.62876)
(22.42175, -33.16299, 49.96164)
(44.32455, -87.52567, 69.12395)
(16.93189, -23.3776, 22.47999)
