(-5313.091, 175.4996, -1655.974)
(-60.48621, 67.03017, 13.75552)
(-61.4463, 77.28802, 34.16476)
(-27.54831, 42.50186, 15.40635)
(-84.93339, 87.23636, 65.20818)
(-124.028, 90.4948, 133.8176)
(-76.03422, 78.26979, 79.43901)
(-60.71814, 72.79518, 62.50777)
(-66.52145, 87.65417, 59.54048)
(-66.17026, 85.98502, 46.99099)
(-68.61337, 88.51644, 53.65752)
(-73.9627, 97.87051, 48.50361)
(-78.76038, 89.9265, 56.43911)
(-90.91092, 76.6179, 51.42778)
(-88.64615, 72.58337, 44.60542)
(-94.29706, 73.19234, 52.99159)
(-94.01299, 65.93425, 38.43264)
(-98.15807, 54.34699, 22.81082)
(-94.6032, 39.60007, 22.19434)
(-90.57186, 35.95015, 24.62894)
(-94.7881, 22.12618, 7.755548)
(-88.63108, 22.67175, 23.97527)
(-87.19592, -6.800082, 11.86837)
(-82.83748, -14.12989, 4.255391)
(-76.37758, -22.69606, 11.87815)
(-74.02341, -23.49287, 6.684875)
(-66.2738, -32.55404, -7.481496)
(-57.7438, -41.0676, 0.3880248)
(-51.27791, -48.16453, 1.330694)
(-48.31414, -53.13369, 2.744866)
(-57.76995, -62.28553, 5.129706)
(-40.86022, -72.63942, 6.570728)
(-40.4508, -74.26025, 2.040838)
(-44.6127, -87.02592, -10.14409)
(-37.23862, -75.75897, -5.912481)
(-33.76216, -75.6897, -8.03578)
(-37.18119, -82.91088, -11.54067)
(-33.31347, -76.44373, -1.882166)
(-27.58587, -85.99085, 11.92485)
(-31.61364, -80.04255, -2.062087)
(-26.33318, -75.87833, 3.867574)
(-18.23174, -75.4276, 5.385988)
(-14.66626, -62.43869, -3.139962)
(-22.49205, -66.42799, -7.538646)
(-11.27544, -61.79644, 4.875171)
(-17.02186, -49.32874, 1.0186)
(-19.36641, -38.36623, 2.744009)
