(-0.1608177, 0.5258095, -0.8352618)
(-0.1612228, 0.5208847, -0.8382639)
(-0.1615186, 0.5158632, -0.8413067)
(-0.1611457, 0.510425, -0.8446884)
(-0.161123, 0.5047814, -0.8480775)
(-0.1610619, 0.4994446, -0.8512429)
(-0.1605811, 0.4936892, -0.8546841)
(-0.1603774, 0.488445, -0.85773)
(-0.1598103, 0.4832352, -0.8607814)
(-0.1594122, 0.4778545, -0.8638535)
(-0.1593099, 0.4724941, -0.8668159)
(-0.1592152, 0.467793, -0.8693793)
(-0.158764, 0.4636621, -0.8716717)
(-0.1584633, 0.4605336, -0.8733832)
(-0.1580269, 0.4574426, -0.8750852)
(-0.1572479, 0.4549017, -0.8765488)
(-0.1564317, 0.4526408, -0.8778642)
(-0.1562457, 0.4514017, -0.8785352)
(-0.1562352, 0.4492019, -0.8796638)
(-0.1570322, 0.445936, -0.8811821)
(-0.1569887, 0.4427674, -0.8827864)
(-0.1561466, 0.4392257, -0.8847028)
(-0.1548143, 0.435784, -0.886637)
(-0.1527529, 0.4329238, -0.8883938)
(-0.1501833, 0.4299088, -0.8902942)
(-0.1480622, 0.4269851, -0.8920547)
(-0.1461298, 0.4235868, -0.8939913)
(-0.1442676, 0.4203262, -0.8958308)
(-0.1424333, 0.4148556, -0.8986698)
(-0.140987, 0.4104885, -0.9009007)
(-0.1390755, 0.4051282, -0.90362)
(-0.1373819, 0.3997706, -0.9062615)
(-0.1354791, 0.394801, -0.9087231)
(-0.1329773, 0.3893858, -0.9114253)
(-0.1305098, 0.3850003, -0.9136422)
(-0.1279641, 0.3802961, -0.9159696)
(-0.1253367, 0.37486, -0.91857)
(-0.1234915, 0.3699918, -0.920791)
(-0.1218095, 0.3670312, -0.9221987)
(-0.1207561, 0.3656216, -0.9228972)
(-0.1192519, 0.3642214, -0.923646)
(-0.1177578, 0.364159, -0.9238622)
(-0.1152073, 0.3640265, -0.9242359)
(-0.112437, 0.3638843, -0.9246331)
(-0.1094411, 0.364068, -0.9249202)
(-0.1061055, 0.3662259, -0.9244567)
(-0.103171, 0.3682765, -0.9239741)
(-0.09982039, 0.370916, -0.9232861)
(-0.09644876, 0.3718691, -0.9232612)
(-0.09313788, 0.3719796, -0.9235566)
(-0.09016459, 0.3706897, -0.9243698)
(-0.08684256, 0.3676142, -0.9259148)
(-0.08437479, 0.3634861, -0.9277709)
(-0.08149442, 0.3595954, -0.9295428)
(-0.07883168, 0.3543942, -0.9317675)
(-0.07628199, 0.349667, -0.9337636)
(-0.07364827, 0.3455926, -0.9354901)
(-0.07107966, 0.3413161, -0.9372572)
(-0.06883157, 0.3373654, -0.9388541)
(-0.06678605, 0.334394, -0.940064)
(-0.06515876, 0.3328924, -0.940711)
(-0.0639628, 0.3315276, -0.9412748)
(-0.0627349, 0.331452, -0.941384)
(-0.0616671, 0.331336, -0.9414955)
(-0.06060595, 0.332103, -0.9412941)
(-0.05943308, 0.3332848, -0.9409512)
(-0.05866629, 0.3348262, -0.9404519)
(-0.05777706, 0.3358979, -0.9401248)
(-0.05719937, 0.3366579, -0.9398881)
(-0.05711118, 0.3364732, -0.9399598)
(-0.05645074, 0.3361215, -0.9401253)
(-0.05547507, 0.3354256, -0.9404321)
(-0.05506635, 0.3346573, -0.9407298)
(-0.05365022, 0.3331854, -0.9413337)
(-0.05233373, 0.3329765, -0.9414818)
(-0.05189922, 0.333345, -0.9413754)
(-0.05051845, 0.3335431, -0.9413804)
(-0.04844631, 0.33458, -0.9411213)
(-0.04638059, 0.3374194, -0.9402113)
(-0.04478277, 0.3408317, -0.9390571)
(-0.04379648, 0.3501002, -0.935688)
(-0.04253453, 0.3580196, -0.9327447)
(-0.04104807, 0.3637873, -0.9305773)
(-0.03911003, 0.3686044, -0.9287633)
(-0.03776276, 0.374999, -0.9262558)
(-0.0366246, 0.3820878, -0.9233999)
(-0.03637507, 0.3913603, -0.9195184)
(-0.03634751, 0.4019409, -0.9149439)
(-0.03586288, 0.4103025, -0.911244)
(-0.03674783, 0.4190222, -0.9072321)
(-0.03728948, 0.4244309, -0.9046922)
(-0.0372298, 0.4282389, -0.9028984)
(-0.03748496, 0.4327613, -0.9007289)
(-0.03909326, 0.4410647, -0.8966237)
(-0.04066386, 0.4491583, -0.8925265)
(-0.04271496, 0.457791, -0.8880333)
(-0.04498985, 0.4684419, -0.8823481)
(-0.04702342, 0.4790995, -0.8765002)
(-0.04898296, 0.4884232, -0.871231)
(-0.05134832, 0.4947997, -0.8674888)
(-0.05373229, 0.4975082, -0.8657936)
(-0.05612664, 0.4992828, -0.8646194)
(-0.05849509, 0.5000462, -0.864021)
(-0.06053466, 0.5023634, -0.8625351)
(-0.06282058, 0.506116, -0.8601745)
(-0.06545213, 0.5104338, -0.8574226)
(-0.06827912, 0.5141779, -0.8549615)
(-0.07155341, 0.5187781, -0.8519094)
(-0.07618378, 0.5244551, -0.8480229)
(-0.07887957, 0.5303963, -0.8440722)
(-0.08057666, 0.5381761, -0.8389721)
(-0.08278951, 0.5461295, -0.8335998)
(-0.08444133, 0.5533613, -0.82865)
(-0.08609929, 0.5602739, -0.8238205)
(-0.08850787, 0.5669587, -0.8189775)
(-0.09028618, 0.5725394, -0.8148908)
(-0.09195532, 0.578719, -0.8103262)
(-0.09350116, 0.5860701, -0.8048475)
(-0.09549844, 0.5932205, -0.7993557)
(-0.09785923, 0.5987277, -0.794952)
(-0.1010925, 0.6016002, -0.7923746)
(-0.1053952, 0.6031497, -0.7906341)
(-0.1099526, 0.6044805, -0.7889953)
(-0.1148587, 0.6054596, -0.7875444)
(-0.11891, 0.6060545, -0.7864848)
(-0.1227612, 0.6056707, -0.7861887)
(-0.1265419, 0.6073378, -0.7843011)
(-0.130304, 0.6089891, -0.7824022)
(-0.1340387, 0.6106378, -0.780484)
(-0.1380013, 0.6122209, -0.7785507)
(-0.1416924, 0.613849, -0.7766034)
(-0.1349624, 0.6077718, -0.7825589)
(-0.1367793, 0.61028, -0.7802885)
(-0.137509, 0.6135525, -0.7775891)
(-0.1393494, 0.6155431, -0.7756858)
(-0.1386416, 0.6162639, -0.7752402)
(-0.1390241, 0.6153129, -0.7759268)
(-0.1394313, 0.6139041, -0.7769688)
(-0.139942, 0.6125588, -0.7779382)
(-0.1408233, 0.6125986, -0.7777479)
(-0.1417101, 0.6126379, -0.7775558)
(-0.1423614, 0.6084716, -0.780702)
(-0.1433371, 0.6078174, -0.7810331)
(-0.1446118, 0.6049521, -0.78302)
(-0.1451752, 0.602596, -0.7847306)
(-0.1455153, 0.5965028, -0.7893096)
(-0.1463589, 0.5897795, -0.794191)
(-0.1484678, 0.5851886, -0.7971898)
(-0.1495416, 0.5854964, -0.7967631)
(-0.1510665, 0.5876533, -0.7948854)
(-0.1529254, 0.5891672, -0.7934078)
(-0.1540362, 0.5886491, -0.7935774)
(-0.1551461, 0.5881326, -0.7937442)
(-0.1565569, 0.5904834, -0.7917192)
(-0.161223, 0.5922595, -0.7894529)
(-0.1629018, 0.5922996, -0.7890781)
(-0.1645827, 0.5923409, -0.7886982)
(-0.1662579, 0.5923816, -0.7883162)
(-0.1679324, 0.5924228, -0.7879301)
(-0.1697881, 0.5950014, -0.785586)
(-0.1689465, 0.6070478, -0.7764986)
(-0.1694611, 0.6105563, -0.7736303)
(-0.1704924, 0.6132495, -0.7712699)
(-0.1715165, 0.6159388, -0.7688963)
(-0.1725322, 0.6186174, -0.7665151)
(-0.1735418, 0.6212937, -0.7641187)
(-0.1592436, 0.6340151, -0.7567471)
(-0.1563384, 0.6368436, -0.7549759)
(-0.1523567, 0.6433532, -0.7502562)
(-0.1473869, 0.6503192, -0.7452261)
(-0.1445146, 0.6550243, -0.7416595)
(-0.1370565, 0.6554502, -0.7426984)
(-0.1327787, 0.6579316, -0.7412801)
(-0.1287373, 0.6609535, -0.7393018)
(-0.1259938, 0.6636775, -0.7373317)
(-0.1240786, 0.6631276, -0.7381508)
(-0.1238283, 0.6627123, -0.7385655)
(-0.1209313, 0.6652881, -0.7367277)
(-0.1196099, 0.6678258, -0.7346443)
(-0.1180212, 0.6700339, -0.7328887)
(-0.1138149, 0.6694415, -0.7340943)
(-0.1131557, 0.6728123, -0.7311085)
(-0.112413, 0.6762083, -0.7280836)
(-0.1100609, 0.679894, -0.7250041)
(-0.1078364, 0.6830354, -0.7223807)
(-0.1082821, 0.6840826, -0.7213224)
(-0.1087646, 0.6830481, -0.7222297)
(-0.109636, 0.6831016, -0.7220474)
(-0.1105584, 0.6834046, -0.7216197)
(-0.1133791, 0.6839634, -0.7206519)
(-0.1154482, 0.6857828, -0.7185915)
(-0.1183704, 0.6866658, -0.7172717)
(-0.120278, 0.6850679, -0.7184813)
(-0.1213805, 0.6829682, -0.7202927)
(-0.1217126, 0.6813189, -0.7217968)
(-0.1228969, 0.6788635, -0.7239067)
(-0.1216136, 0.6777082, -0.7252046)
(-0.1208805, 0.6763268, -0.7266154)
(-0.119194, 0.6733689, -0.729635)
(-0.1179177, 0.6706717, -0.7323217)
(-0.1174634, 0.6675219, -0.7352665)
(-0.1181634, 0.6634825, -0.738802)
(-0.1177307, 0.6608549, -0.7412221)
(-0.1184066, 0.6578995, -0.7437394)
(-0.1194312, 0.6541737, -0.7468554)
(-0.1201015, 0.6510851, -0.7494426)
(-0.1215136, 0.6467497, -0.7529603)
(-0.1227983, 0.6432109, -0.755778)
(-0.1234726, 0.6400976, -0.7583073)
(-0.1254646, 0.6371375, -0.7604701)
(-0.1260132, 0.6344817, -0.7625968)
(-0.1261428, 0.6320161, -0.7646199)
(-0.1273729, 0.6295062, -0.7664843)
(-0.1271054, 0.62779, -0.7679349)
(-0.1274263, 0.6260378, -0.7693109)
(-0.1269902, 0.6237664, -0.7712257)
(-0.1266057, 0.6210911, -0.7734449)
(-0.1256298, 0.6188449, -0.7754019)
(-0.1247573, 0.6175348, -0.7765866)
(-0.1234189, 0.6167984, -0.7773852)
(-0.12234, 0.6152174, -0.7788072)
(-0.1209854, 0.6140629, -0.7799292)
(-0.1199324, 0.6128657, -0.7810328)
(-0.118601, 0.6122808, -0.7816945)
(-0.117506, 0.6122792, -0.7818609)
(-0.1165396, 0.6105819, -0.7833316)
(-0.1151353, 0.6087369, -0.7849734)
(-0.113513, 0.6080223, -0.7857631)
(-0.111619, 0.607554, -0.7863965)
(-0.1096667, 0.6063251, -0.7876186)
(-0.1081108, 0.6051133, -0.7887649)
(-0.1064971, 0.6047881, -0.7892337)
(-0.1048778, 0.6040697, -0.7900004)
(-0.1034949, 0.6037005, -0.790465)
(-0.1021432, 0.6030801, -0.7911142)
(-0.1008925, 0.601618, -0.7923867)
(-0.1000976, 0.6025715, -0.7917627)
(-0.1012075, 0.6045439, -0.7901164)
(-0.102814, 0.6054178, -0.7892392)
(-0.1045794, 0.6053815, -0.7890351)
(-0.1062714, 0.6061058, -0.7882526)
(-0.107394, 0.6070318, -0.7873874)
(-0.1083214, 0.6092178, -0.7855701)
(-0.109016, 0.6129953, -0.7825297)
(-0.1095762, 0.6180147, -0.7784928)
(-0.1108569, 0.6231499, -0.7742062)
(-0.1132589, 0.626803, -0.7709026)
(-0.1164799, 0.6352734, -0.7634529)
(-0.1197004, 0.6430231, -0.7564344)
(-0.1249426, 0.6492683, -0.7502267)
(-0.1286996, 0.6518121, -0.7473803)
(-0.1326684, 0.6519678, -0.7465503)
(-0.1369492, 0.6538897, -0.7440922)
(-0.141938, 0.6567039, -0.7406712)
(-0.1464021, 0.6589169, -0.7378313)
(-0.1518555, 0.6576083, -0.7378964)
(-0.1562186, 0.65671, -0.7377859)
(-0.1603258, 0.6552675, -0.738187)
(-0.1643597, 0.6554747, -0.7371154)
(-0.1679551, 0.6568857, -0.7350459)
(-0.171291, 0.6595867, -0.7318503)
(-0.1741407, 0.6636037, -0.7275338)
(-0.1760402, 0.6681253, -0.7229238)
(-0.1784422, 0.6717377, -0.7189763)
(-0.1804253, 0.6753423, -0.7150942)
(-0.1829452, 0.6785531, -0.7114048)
(-0.1857137, 0.6818357, -0.7075386)
(-0.1893453, 0.6857489, -0.702778)
(-0.1920123, 0.6887751, -0.6990855)
(-0.1947085, 0.6903203, -0.6968117)
(-0.1972647, 0.6919045, -0.6945177)
(-0.1994752, 0.6930393, -0.6927526)
(-0.202425, 0.6937352, -0.6911987)
(-0.205844, 0.6921406, -0.6917873)
(-0.2092161, 0.6894655, -0.6934451)
(-0.2126633, 0.6870774, -0.6947656)
(-0.2169513, 0.6823549, -0.6980858)
(-0.2205247, 0.6789846, -0.7002493)
(-0.2238194, 0.6740774, -0.7039353)
(-0.2267686, 0.6683139, -0.708472)
(-0.2289516, 0.6634613, -0.7123205)
(-0.2311732, 0.6594017, -0.7153659)
(-0.232946, 0.6558254, -0.7180735)
(-0.2344242, 0.6532525, -0.719935)
(-0.2356775, 0.6504928, -0.7220216)
(-0.2364713, 0.6480691, -0.7239392)
(-0.2368514, 0.6457766, -0.7258611)
(-0.2368551, 0.6432939, -0.728061)
(-0.237087, 0.6402147, -0.7306948)
(-0.2370151, 0.636885, -0.7336223)
(-0.2375795, 0.6337448, -0.7361546)
(-0.2382125, 0.6303768, -0.7388369)
(-0.2388259, 0.6270658, -0.7414517)
(-0.2390086, 0.6247743, -0.743325)
(-0.2389218, 0.6221243, -0.7455722)
(-0.2388782, 0.6195295, -0.7477435)
(-0.2382655, 0.6168711, -0.7501331)
(-0.2379207, 0.6140014, -0.752593)
(-0.2375414, 0.610818, -0.7552983)
(-0.2370393, 0.6082073, -0.7575595)
(-0.2367679, 0.6046745, -0.7604668)
(-0.2366912, 0.6014906, -0.7630114)
(-0.2367907, 0.5978189, -0.7658609)
(-0.2364891, 0.5955617, -0.7677103)
(-0.2364373, 0.5948641, -0.7682669)
(-0.2356586, 0.595194, -0.7682508)
(-0.234931, 0.5937238, -0.7696102)
(-0.2344611, 0.5898948, -0.7726915)
(-0.2333777, 0.5883296, -0.7742113)
(-0.2324255, 0.5877924, -0.7749054)
(-0.2313811, 0.5896796, -0.7737833)
(-0.2309221, 0.5907235, -0.7731242)
(-0.230976, 0.5908607, -0.7730031)
(-0.2308134, 0.590703, -0.7731721)
(-0.2305065, 0.5905018, -0.7734174)
(-0.2301323, 0.5903744, -0.7736261)
(-0.2307042, 0.590055, -0.7736993)
(-0.2269372, 0.5900554, -0.7748125)
(-0.2251574, 0.5938597, -0.7724214)
(-0.2235365, 0.5981011, -0.7696146)
(-0.2206881, 0.6026812, -0.7668586)
(-0.2186498, 0.6091318, -0.7623326)
(-0.2181814, 0.6090928, -0.7624978)
(-0.2170049, 0.6078685, -0.7638096)
(-0.2167347, 0.6041427, -0.7668363)
(-0.2167302, 0.6041093, -0.7668639)
(-0.2149221, 0.6097289, -0.7629148)
(-0.212437, 0.6175445, -0.7573041)
(-0.2102926, 0.6192113, -0.7565413)
(-0.205452, 0.6124845, -0.7633169)
(-0.2006562, 0.6052877, -0.7703013)
(-0.1958407, 0.6011035, -0.7748038)
(-0.1906401, 0.600628, -0.776468)
(-0.1854703, 0.6035028, -0.7754903)
(-0.1798769, 0.6069967, -0.7740798)
(-0.1747998, 0.6081485, -0.774339)
(-0.1706951, 0.6080881, -0.7753012)
(-0.1665433, 0.6081668, -0.7761423)
(-0.1618342, 0.6109764, -0.7749307)
(-0.1583781, 0.6149045, -0.7725341)
(-0.1547769, 0.6176943, -0.7710369)
(-0.1524417, 0.6201614, -0.7695203)
(-0.150374, 0.6222742, -0.7682203)
(-0.1479991, 0.6244088, -0.7669486)
(-0.1450738, 0.6264414, -0.7658491)
(-0.1428582, 0.6285126, -0.7645674)
(-0.1402649, 0.6307203, -0.7632284)
(-0.1388021, 0.631858, -0.7625546)
(-0.1378613, 0.6323032, -0.7623563)
(-0.1367335, 0.6324517, -0.762436)
(-0.1358337, 0.6322402, -0.7627723)
(-0.1352859, 0.6307772, -0.7640799)
(-0.1350061, 0.6260435, -0.7680122)
(-0.1346088, 0.6233637, -0.7702585)
(-0.1346793, 0.6213976, -0.7718332)
(-0.1347103, 0.62003, -0.7729269)
(-0.1358556, 0.6166608, -0.7754178)
(-0.1378923, 0.6126336, -0.7782455)
(-0.1391867, 0.6097159, -0.7803037)
(-0.1417259, 0.6067023, -0.7821934)
(-0.1446954, 0.603814, -0.7838827)
(-0.1463248, 0.6010252, -0.7857212)
(-0.1495486, 0.5980726, -0.7873654)
(-0.1522647, 0.5948787, -0.7892623)
(-0.1549248, 0.5915002, -0.7912813)
(-0.1574435, 0.5886543, -0.7929047)
(-0.1600421, 0.5862297, -0.7941798)
(-0.1623657, 0.5835555, -0.7956763)
(-0.1645995, 0.5807346, -0.7972794)
(-0.1671809, 0.5780131, -0.7987187)
(-0.1693091, 0.5755942, -0.8000163)
(-0.1715646, 0.5729756, -0.8014142)
(-0.1738457, 0.5687292, -0.8039433)
(-0.17562, 0.5651264, -0.8060954)
(-0.1773457, 0.5611814, -0.8084702)
(-0.1778291, 0.5574968, -0.8109095)
(-0.1772587, 0.5541554, -0.8133213)
(-0.17688, 0.5512193, -0.8153961)
(-0.1771978, 0.5485238, -0.817143)
(-0.1772366, 0.5474022, -0.8178865)
(-0.1772547, 0.5444806, -0.8198302)
(-0.176405, 0.5406066, -0.8225728)
(-0.1751252, 0.5370325, -0.8251832)
(-0.173021, 0.532163, -0.828774)
(-0.1708016, 0.5290709, -0.8312105)
(-0.1685681, 0.5286754, -0.8319179)
(-0.167047, 0.5286695, -0.8322282)
(-0.1661687, 0.5288006, -0.8323208)
(-0.1655767, 0.5256409, -0.8344375)
(-0.1648386, 0.5215686, -0.8371348)
(-0.1648768, 0.5172021, -0.839832)
(-0.1649271, 0.5154006, -0.840929)
(-0.1646335, 0.5138315, -0.841946)
(-0.1654932, 0.5138422, -0.8417708)
(-0.1660828, 0.5133196, -0.8419738)
(-0.1685952, 0.5159241, -0.8398798)
(-0.1703533, 0.5157251, -0.8396472)
(-0.1725494, 0.5168315, -0.8385177)
(-0.1751046, 0.5189057, -0.836705)
(-0.1782364, 0.5181368, -0.8365203)
(-0.1818501, 0.5200413, -0.8345585)
(-0.1863339, 0.5260308, -0.8298019)
(-0.1903169, 0.5271989, -0.828155)
(-0.1943358, 0.5254154, -0.8283554)
(-0.1997719, 0.5249501, -0.8273563)
(-0.2082698, 0.5236608, -0.826077)
(-0.2158407, 0.5211845, -0.8256994)
(-0.2224035, 0.5181479, -0.825869)
(-0.2287959, 0.5154076, -0.8258377)
(-0.2344038, 0.5127406, -0.8259249)
(-0.2394108, 0.5136964, -0.8238923)
(-0.243497, 0.5173861, -0.8203786)
(-0.2474043, 0.5219756, -0.8162919)
(-0.2516173, 0.5256892, -0.812613)
(-0.2557879, 0.5297657, -0.8086539)
(-0.2601562, 0.5346396, -0.8040394)
(-0.2638077, 0.5402603, -0.7990772)
(-0.2666551, 0.5453991, -0.7946288)
(-0.2689576, 0.5500962, -0.7906049)
(-0.2701924, 0.5553742, -0.786483)
(-0.2711076, 0.5603248, -0.7826473)
(-0.2723079, 0.5649731, -0.7788798)
(-0.2734469, 0.5670642, -0.7769589)
(-0.2748424, 0.5694537, -0.7747155)
(-0.2761454, 0.5721779, -0.772241)
(-0.2776777, 0.5756062, -0.7691377)
(-0.279396, 0.5788607, -0.7660667)
(-0.2813348, 0.5817144, -0.76319)
(-0.2835902, 0.5845522, -0.7601813)
(-0.2856666, 0.5845052, -0.7594396)
(-0.2874261, 0.5855522, -0.7579678)
(-0.2898068, 0.5854264, -0.7571577)
(-0.2926348, 0.5849682, -0.7564241)
(-0.295305, 0.5849601, -0.7553919)
(-0.2973405, 0.585434, -0.7542254)
(-0.2993133, 0.5841146, -0.7544679)
(-0.3010001, 0.5833024, -0.7544251)
(-0.3020779, 0.5821068, -0.7549178)
(-0.3029835, 0.58085, -0.7555226)
(-0.3037601, 0.5796405, -0.7561394)
(-0.3038417, 0.5782663, -0.7571582)
(-0.3044088, 0.5775917, -0.7574452)
(-0.3047575, 0.57708, -0.757695)
(-0.304852, 0.5765793, -0.758038)
(-0.3042993, 0.5749563, -0.7594914)
(-0.3037969, 0.5726119, -0.7614611)
(-0.3032832, 0.5697942, -0.7637761)
(-0.3029189, 0.5672068, -0.7658437)
(-0.3026211, 0.5644892, -0.7679664)
(-0.3025292, 0.5617073, -0.7700398)
(-0.3026313, 0.5588699, -0.7720613)
(-0.3026937, 0.5559531, -0.7741401)
(-0.3028898, 0.553845, -0.775573)
(-0.303197, 0.5518729, -0.7768579)
(-0.3028629, 0.5499127, -0.7783768)
(-0.3020215, 0.5496114, -0.7789163)
(-0.3011327, 0.5501471, -0.7788823)
(-0.3007072, 0.5500295, -0.7791296)
(-0.3007557, 0.549059, -0.7797951)
(-0.3027676, 0.5464683, -0.7808356)
(-0.306441, 0.5426012, -0.7820985)
(-0.3095801, 0.5390391, -0.7833242)
(-0.3151356, 0.5323822, -0.7856581)
(-0.3185116, 0.5286394, -0.7868232)
(-0.3214679, 0.5252954, -0.78786)
(-0.3227578, 0.5240582, -0.7881563)
(-0.3226309, 0.526857, -0.7863404)
(-0.3224102, 0.5308391, -0.7837484)
(-0.3229645, 0.5347922, -0.7808273)
(-0.3242176, 0.5412251, -0.7758597)
(-0.3256294, 0.5472171, -0.7710506)
(-0.3274528, 0.558934, -0.7618186)
(-0.3294782, 0.5650716, -0.7563982)
(-0.3308969, 0.5752678, -0.7480469)
(-0.3347319, 0.582666, -0.7405776)
(-0.3388154, 0.5851232, -0.7367734)
(-0.3430066, 0.5852483, -0.7347319)
(-0.3457837, 0.5904658, -0.729235)
(-0.3463431, 0.5989285, -0.7220327)
(-0.3468395, 0.6048548, -0.7168356)
(-0.3458223, 0.60523, -0.7170103)
(-0.3461702, 0.6049557, -0.717074)
(-0.3461607, 0.6040825, -0.7178141)
(-0.345432, 0.6065011, -0.7161238)
(-0.3446506, 0.6103278, -0.7132433)
(-0.3440856, 0.6123571, -0.7117753)
(-0.3438306, 0.6134275, -0.7109764)
(-0.3434031, 0.6135817, -0.71105)
(-0.3428669, 0.6144273, -0.7105783)
(-0.3417253, 0.617139, -0.7087759)
(-0.3407241, 0.6198137, -0.7069217)
(-0.3396693, 0.6235817, -0.7041098)
(-0.3387653, 0.6262787, -0.702149)
(-0.3374274, 0.6290417, -0.7003208)
(-0.3352226, 0.6322182, -0.698517)
(-0.3330159, 0.634783, -0.6972454)
(-0.3292259, 0.6356832, -0.6982244)
(-0.3261289, 0.6374584, -0.6980594)
(-0.3233244, 0.639893, -0.697136)
(-0.3198718, 0.6429662, -0.6959)
(-0.3167352, 0.6465169, -0.6940425)
(-0.3147794, 0.6497144, -0.691943)
(-0.3125925, 0.6521253, -0.6906652)
(-0.3105636, 0.6553791, -0.6884974)
(-0.308601, 0.6565062, -0.6883063)
(-0.3065961, 0.6575443, -0.688211)
(-0.3050088, 0.657858, -0.6886166)
(-0.3043098, 0.6571398, -0.6896106)
(-0.3038277, 0.6558837, -0.6910177)
(-0.3050767, 0.6520541, -0.6940848)
(-0.3071965, 0.6471875, -0.6976956)
(-0.3093355, 0.642884, -0.7007223)
(-0.3114089, 0.6393511, -0.7030327)
(-0.3131257, 0.6362948, -0.7050398)
(-0.3147003, 0.6325636, -0.7076914)
(-0.3162768, 0.6288503, -0.7102932)
(-0.316981, 0.6246611, -0.7136679)
(-0.3176844, 0.6207762, -0.7167383)
(-0.3180719, 0.6161094, -0.720583)
(-0.318705, 0.6128215, -0.7231023)
(-0.3190386, 0.6108273, -0.724641)
(-0.3190933, 0.6102552, -0.7250988)
(-0.3193946, 0.6087602, -0.726222)
(-0.3197069, 0.6066064, -0.7278848)
(-0.319948, 0.6047257, -0.7293423)
(-0.3201267, 0.603541, -0.7302446)
(-0.3201536, 0.601733, -0.7317234)
(-0.3204028, 0.5990199, -0.7338375)
(-0.3211592, 0.5957376, -0.7361749)
(-0.3218495, 0.5921842, -0.7387359)
(-0.3223447, 0.5889335, -0.7411149)
(-0.3230471, 0.5855254, -0.7435057)
(-0.3233202, 0.582576, -0.7457006)
(-0.3235684, 0.5797462, -0.7477953)
(-0.3237149, 0.5762001, -0.7504681)
(-0.323597, 0.5731242, -0.7528703)
(-0.3228408, 0.5695403, -0.7559085)
(-0.3212489, 0.5671835, -0.7583547)
(-0.3197976, 0.5654369, -0.7602702)
(-0.317539, 0.56497, -0.761563)
(-0.3151487, 0.5646062, -0.7628245)
(-0.3129015, 0.5641682, -0.7640725)
(-0.3111345, 0.564106, -0.7648398)
(-0.3096283, 0.5644854, -0.7651711)
(-0.3083824, 0.5658522, -0.7646644)
(-0.3068695, 0.5675803, -0.7639921)
(-0.305158, 0.5704439, -0.7625436)
(-0.3031434, 0.5733769, -0.7611459)
(-0.3006541, 0.5777302, -0.7588381)
(-0.2988638, 0.5814797, -0.7566782)
(-0.296754, 0.5890994, -0.7515976)
(-0.2939393, 0.6027919, -0.7417828)
(-0.2910311, 0.6154091, -0.7325113)
(-0.2884268, 0.6240995, -0.7261611)
(-0.2864064, 0.6320943, -0.7200196)
(-0.2862852, 0.6395257, -0.7134758)
(-0.2852612, 0.6491024, -0.7051896)
(-0.2853571, 0.6606855, -0.6943097)
(-0.2851919, 0.6706277, -0.6847803)
(-0.2854261, 0.6773628, -0.6780205)
(-0.2858731, 0.680324, -0.67486)
(-0.2877806, 0.6800124, -0.6743631)
(-0.2893638, 0.682216, -0.6714537)
(-0.292945, 0.6865865, -0.6654188)
(-0.2963991, 0.6923043, -0.657923)
(-0.2994216, 0.6967014, -0.6518852)
(-0.3029769, 0.7000473, -0.6466365)
(-0.3063403, 0.7031658, -0.6416493)
(-0.3088053, 0.7071405, -0.6360753)
(-0.3106419, 0.7135697, -0.6279491)
(-0.3116071, 0.7205871, -0.6193991)
(-0.312571, 0.7271501, -0.6111891)
(-0.3132161, 0.7349271, -0.6014796)
(-0.3135427, 0.741209, -0.5935489)
(-0.3137887, 0.7462407, -0.5870789)
(-0.3134222, 0.7521768, -0.5796521)
(-0.3125853, 0.7578589, -0.5726608)
(-0.3114287, 0.7636477, -0.5655569)
(-0.3101912, 0.7690059, -0.5589378)
(-0.308947, 0.7743943, -0.5521461)
(-0.3075933, 0.7801268, -0.5447831)
(-0.3065482, 0.7857406, -0.5372521)
(-0.3059307, 0.7894278, -0.5321753)
(-0.3057542, 0.7917683, -0.5287885)
(-0.3065452, 0.7929758, -0.5265164)
(-0.306518, 0.7955134, -0.5226905)
(-0.306224, 0.7962885, -0.5216814)
(-0.3056789, 0.7983482, -0.5188455)
(-0.3044994, 0.8005409, -0.5161536)
(-0.3033822, 0.8029457, -0.5130668)
(-0.3022571, 0.8048072, -0.5108092)
(-0.3017566, 0.8056977, -0.5097002)
(-0.3013413, 0.8069747, -0.5079225)
(-0.3016626, 0.8072749, -0.5072542)
(-0.3024525, 0.8067747, -0.50758)
(-0.3030531, 0.8063593, -0.5078815)
(-0.3036383, 0.8051355, -0.5094709)
(-0.3036189, 0.8032027, -0.5125244)
(-0.3030243, 0.8017212, -0.5151888)
(-0.3015695, 0.7995312, -0.5194286)
(-0.2988266, 0.7972358, -0.5245167)
(-0.2967798, 0.7953714, -0.5284941)
(-0.2939712, 0.793874, -0.5323017)
(-0.2912077, 0.7930523, -0.5350388)
(-0.2884968, 0.7921176, -0.5378841)
(-0.2858924, 0.7916316, -0.539986)
(-0.2833484, 0.790912, -0.5423761)
(-0.2810445, 0.7896925, -0.545344)
(-0.2789035, 0.7881786, -0.5486233)
(-0.2769586, 0.7864551, -0.5520709)
(-0.2744896, 0.7842718, -0.5563929)
(-0.272173, 0.7812981, -0.5616896)
(-0.2698814, 0.7785681, -0.5665649)
(-0.2676131, 0.7756677, -0.5715968)
(-0.2658555, 0.7727643, -0.5763298)
(-0.2640965, 0.7699391, -0.580902)
(-0.2630564, 0.7658712, -0.586722)
(-0.2617035, 0.7612541, -0.5932989)
(-0.2605231, 0.7568603, -0.5994082)
(-0.2588072, 0.7530459, -0.6049303)
(-0.2572138, 0.7487131, -0.610958)
(-0.2557589, 0.7439721, -0.6173273)
(-0.2543386, 0.73822, -0.6247747)
(-0.2530577, 0.7328725, -0.6315534)
(-0.2521555, 0.7280627, -0.63745)
(-0.250925, 0.7234525, -0.6431588)
(-0.2487621, 0.7192624, -0.648675)
(-0.247, 0.7152027, -0.6538166)
(-0.2447201, 0.7127477, -0.6573455)
(-0.242378, 0.7119216, -0.6591062)
(-0.2414013, 0.7100623, -0.6614658)
(-0.2408102, 0.7072945, -0.6646391)
(-0.2412256, 0.7049111, -0.6670163)
(-0.2444831, 0.7035863, -0.6672291)
(-0.2462327, 0.7023221, -0.667917)
(-0.2497533, 0.7022008, -0.6667362)
(-0.2534047, 0.7013192, -0.6662866)
(-0.2571576, 0.6993033, -0.666967)
(-0.2610701, 0.6977261, -0.6670987)
(-0.2645933, 0.6968139, -0.6666641)
(-0.2675146, 0.6963201, -0.6660137)
(-0.2697268, 0.6971969, -0.6642018)
(-0.2710286, 0.6979557, -0.6628737)
(-0.2720091, 0.698688, -0.6616996)
(-0.2718346, 0.6987358, -0.6617209)
(-0.2728332, 0.6982706, -0.661801)
(-0.2732468, 0.6977845, -0.6621429)
(-0.2733404, 0.6972493, -0.6626678)
(-0.2734226, 0.6982038, -0.6616281)
(-0.2731532, 0.70008, -0.659754)
(-0.27346, 0.7017836, -0.6578144)
(-0.2735335, 0.7036796, -0.6557551)
(-0.2732494, 0.7050791, -0.6543689)
(-0.2718478, 0.7070564, -0.6528172)
(-0.2698761, 0.7076621, -0.6529788)
(-0.2682236, 0.7070867, -0.6542818)
(-0.2671754, 0.7060255, -0.6558546)
(-0.2671989, 0.7054846, -0.6564269)
(-0.2671857, 0.7050835, -0.6568632)
(-0.2678802, 0.7045391, -0.6571642)
(-0.2685274, 0.704195, -0.657269)
(-0.2685065, 0.7035557, -0.6579618)
(-0.2680633, 0.7018937, -0.6599146)
