(-5609.19, 417.2407, 1154.15)
(-10.43984, 27.47236, 15.73164)
(-10.72528, 165.2187, 68.83143)
(-25.59183, 94.13102, 25.11979)
(0, 0, 0)
(-55.26474, 198.6299, 61.27922)
(-11.35101, 26.05165, 8.825772)
(-88.73964, 105.2048, 9.292178)
(-47.12877, 43.41879, -6.980205)
(-141.4758, 94.80781, -4.116866)
(-29.60646, 10.89396, -0.2049649)
(-207.5798, 53.39349, 20.1289)
(-81.9024, 20.67817, 9.681962)
(-92.67636, 21.27832, 7.942937)
(-95.85176, 15.68249, 4.637693)
(-39.95057, 6.93713, 2.330571)
(-262.1258, 21.48306, 16.53425)
(-89.32033, -0.186144, 7.072443)
(-45.19552, 0.5827063, 3.054038)
(-189.3261, -22.06018, 10.62824)
(-42.27307, -5.697906, 2.664464)
(-260.4479, -26.93208, 18.60195)
(-79.14931, -10.83161, 2.622828)
(-80.39612, -10.31925, 2.813059)
(-97.35074, -19.12964, 1.310623)
(-29.91496, -6.908898, 0.9755577)
(-158.369, -57.22188, -2.64126)
(-40.64209, -22.4197, -7.035653)
(-35.42244, -22.77143, -8.801964)
(-50.62811, -28.28851, -9.118257)
(0, 0, 0)
(-144.6925, -44.4107, -41.19395)
(-26.33863, -10.22312, -5.097937)
