(-124.479, 1.329184, -10.71343)
(-121.0001, 2.44894, -10.89015)
(-119.4806, 2.761269, -10.64684)
(-115.9729, 3.098941, -9.875226)
(-114.0475, 3.086233, -9.566092)
(-109.9224, 3.383851, -8.656287)
(-107.4825, 3.679562, -8.137989)
(-102.6042, 4.33116, -7.487702)
(-97.60567, 5.046892, -7.078815)
(-92.72834, 5.91898, -6.75137)
(-90.22282, 6.090546, -6.516397)
(-85.38963, 6.788945, -6.018019)
(-83.02451, 6.989932, -5.793858)
(-76.35142, 7.691026, -5.298162)
(-74.26273, 7.86972, -5.125844)
(-70.45344, 8.07755, -4.72883)
(-66.98958, 8.226323, -4.374409)
(-63.93834, 7.825828, -4.033065)
(-62.54433, 7.46727, -3.86405)
(-59.90628, 6.599736, -3.573287)
(-58.79744, 5.999684, -3.480697)
(-56.95027, 4.666901, -3.412819)
(-56.08858, 4.012918, -3.411853)
(-55.17191, 2.435231, -3.591895)
(-54.65864, 0.885582, -3.634739)
(-53.94305, 1.843476, -3.241098)
(-53.58785, 2.073169, -3.15603)
(-52.47375, 1.082683, -3.488684)
(-51.34961, 0.3004789, -3.697538)
(-51.42358, 0.7365942, -4.028678)
(-51.32373, 0.6244421, -3.964877)
(-50.71133, 0.2480745, -3.636491)
