0.3683048
0.3928476
0.3867755
0.3827836
0.3985596
0.3955358
0.3858634
0.3844774
0.3783494
0.3599957
0.3611123
0.3416947
0.3583522
0.3418764
0.3142805
0.284507
0.2634683
0.221836
0.2771576
0.2414223
0.2069888
0.1922728
0.1605441
0.1833087
0.1704944
0.1580295
0.1193997
0.118434
0.03915001
0.07734554
0.061676
0.1171448
0.07711215
0.07529366
0.0285286
0.06309407
0.04938783
0.04824068
0.04623349
0.04520151
0.04241826
0.05143628
0.0438592
0.04680213
0.04634473
0.04498374
0.04524051
0.04550299
0.04106679
0.03784108
0.03068453
0.02199574
0.02824057
0.02624348
0.02195359
0.01826844
0.01294358
0.01803876
0.02502935
0.02538634
0.03488861
0.0337514
0.0330717
0.02178399
MSE 0.1511696
total_moving_Distance 0.4084376