0.4050655
0.380162
0.3509372
0.3285106
0.2900547
0.2113038
0.178161
0.1780554
0.1449159
0.1295301
0.1040576
0.09220332
0.08267802
0.07856654
0.06265949
0.0528461
0.06263121
0.05290913
0.04274835
0.04300699
0.04491677
0.05491458
0.03471161
0.05996245
0.06220254
0.06885142
0.06657434
0.06043778
0.05770032
0.05846564
0.05128606
0.0562399
0.04596542
0.04591104
0.04539957
0.03626637
0.03256468
0.03374854
0.02334014
0.03130268
0.03624706
0.03360512
0.03246072
0.02703601
0.02637832
0.02486574
0.03145114
0.02448821
0.02406035
0.03099146
0.04008702
0.0504033
0.05824218
0.05321011
0.0554383
0.05669805
0.05429935
0.07714238
0.0620607
0.05768666
0.0608329
MSE 0.08458116
total_moving_Distance 0.7528597