(-37.51557, 14.09037, 21.55901)
(-37.51557, 14.09037, 21.55901)
(-39.97934, 16.46957, 21.54566)
(-39.97934, 16.46957, 21.54566)
(-42.42356, 20.81561, 20.32734)
(-42.42356, 20.81561, 20.32734)
(-44.54696, 24.56953, 17.88204)
(-46.67992, 25.88795, 17.27041)
(-46.67992, 25.88795, 17.27041)
(-49.46437, 27.44426, 16.10547)
(-50.48282, 27.66151, 15.69973)
(-52.16069, 27.31221, 15.82724)
(-53.02227, 27.29016, 15.7338)
(-53.02227, 27.29016, 15.7338)
(-55.21097, 27.65828, 15.99402)
(-55.21097, 27.65828, 15.99402)
(-57.83775, 26.73432, 17.20473)
(-58.52704, 26.03787, 17.67175)
(-58.52704, 26.03787, 17.67175)
(-60.10477, 24.73198, 18.99151)
(-60.10477, 24.73198, 18.99151)
(-61.89463, 24.89861, 20.28109)
(-62.40022, 24.83121, 20.67106)
(-62.40022, 24.83121, 20.67106)
(-63.3847, 22.60067, 21.7658)
(-64.01643, 23.07948, 21.95514)
