(308.421, 314.9277, 319.8443)
(301.5602, 307.7908, 327.8639)
(299.7883, 307.3209, 328.8062)
(297.7611, 310.2796, 324.9758)
(310.3459, 301.5284, 331.7448)
(312.3284, 302.2655, 331.6479)
(312.1482, 302.7019, 332.1334)
(310.2278, 298.6563, 337.6248)
(309.9676, 296.9283, 340.7253)
(310.4589, 296.1332, 342.8666)
(313.0138, 295.9546, 345.867)
(313.1118, 295.5303, 347.0522)
(312.4813, 294.5112, 348.4282)
(312.1245, 292.2687, 350.7266)
(312.8783, 290.9731, 352.4539)
(312.9757, 290.6633, 353.1815)
(314.0918, 290.0967, 354.9937)
(314.8716, 289.8112, 356.0678)
(315.5655, 289.5797, 356.7154)
(316.1205, 289.5663, 357.3082)
(316.6402, 289.7142, 357.152)
(317.2545, 289.7285, 356.8669)
(318.5768, 289.4091, 356.1159)
(319.7311, 289.0968, 353.7365)
(320.4368, 288.7116, 352.2683)
(322.1793, 286.962, 350.3412)
(322.236, 286.5201, 350.7387)
(321.3543, 287.0298, 350.6089)
(318.3814, 289.3784, 348.119)
(317.7732, 290.1811, 346.7409)
(317.6379, 290.4776, 345.565)
(317.9828, 289.6137, 345.1126)
(314.6097, 289.847, 345.455)
(312.4026, 289.4677, 345.7814)
(309.0035, 289.9426, 344.9683)
(307.5214, 291.8951, 342.9404)
(306.7123, 293.6915, 340.7378)
(304.9988, 297.5839, 334.6989)
(302.8852, 297.118, 333.1851)
(300.8205, 294.6505, 333.6238)
