(0.1392684, 1.016414, 0.3693066)
(0.1374836, 1.016179, 0.3703356)
(0.1358118, 1.015961, 0.3711729)
(0.134161, 1.015731, 0.3721693)
(0.1329553, 1.01539, 0.3732622)
(0.1312077, 1.014851, 0.3740304)
(0.1295562, 1.014338, 0.3749735)
(0.1278524, 1.013788, 0.3759441)
(0.1260817, 1.013349, 0.3768222)
(0.1243551, 1.012971, 0.3778522)
(0.1226187, 1.012565, 0.3788333)
(0.1207025, 1.012072, 0.3798482)
(0.1187544, 1.011578, 0.3808355)
(0.1166704, 1.010822, 0.382098)
(0.1140387, 1.010131, 0.3831356)
(0.1112561, 1.00959, 0.3843241)
(0.1082876, 1.008811, 0.3853168)
(0.1053228, 1.008137, 0.3866215)
(0.1022656, 1.007066, 0.3874121)
(0.09849524, 1.005974, 0.3880548)
(0.09503412, 1.004996, 0.3889973)
(0.09154797, 1.004102, 0.3897817)
(0.08821869, 1.003386, 0.3907013)
(0.08489585, 1.002841, 0.3920984)
(0.08233309, 1.002431, 0.3936563)
(0.0800972, 1.002021, 0.3955901)
(0.07854772, 1.001712, 0.3973775)
(0.07699633, 1.001463, 0.3992243)
(0.07573557, 1.00125, 0.400774)
(0.07499838, 1.000834, 0.4024036)
(0.07460427, 1.000554, 0.4037499)
(0.07336378, 1.000033, 0.4051242)
(0.07299328, 1.000123, 0.4063973)
(0.07267642, 1.000747, 0.4079094)
(0.07218218, 1.001515, 0.4095113)
(0.07178068, 1.002751, 0.4112027)
(0.07124734, 1.003967, 0.4131122)
(0.07093954, 1.005379, 0.4151223)
(0.07058549, 1.006506, 0.4173906)
(0.07051063, 1.007526, 0.4195535)
(0.07058811, 1.008289, 0.4218397)
(0.0707922, 1.008995, 0.4243381)
(0.07099652, 1.009537, 0.4268403)
(0.07144928, 1.009771, 0.4292758)
(0.07202554, 1.01003, 0.4315133)
(0.0724237, 1.010224, 0.4340224)
(0.07338309, 1.010372, 0.4363794)
(0.07409525, 1.010305, 0.4389808)
(0.07459974, 1.010413, 0.4419565)
(0.07539892, 1.010566, 0.4445343)
(0.07606125, 1.010559, 0.4478962)
(0.07653308, 1.01056, 0.4510207)
(0.07709908, 1.010454, 0.4538903)
(0.07786512, 1.010226, 0.4571793)
(0.07872057, 1.009841, 0.4602911)
(0.07973742, 1.009399, 0.4634664)
(0.08071995, 1.008974, 0.4667146)
(0.08198166, 1.008306, 0.4699588)
(0.08308172, 1.007723, 0.4733949)
(0.08444905, 1.007164, 0.4775028)
(0.08588409, 1.006536, 0.4812918)
(0.08727002, 1.005902, 0.4854634)
(0.08893752, 1.005275, 0.48981)
(0.09086919, 1.004522, 0.4943202)
(0.09286714, 1.003648, 0.4990232)
(0.09490347, 1.002806, 0.5037076)
(0.09733677, 1.001836, 0.5085933)
(0.09949613, 1.001051, 0.51353)
(0.1022294, 1.000523, 0.5191579)
(0.1050677, 1.000402, 0.5246184)
(0.1079884, 1.000702, 0.5303066)
(0.1112063, 1.001558, 0.5360253)
(0.1147287, 1.002402, 0.5414526)
(0.1185117, 1.004543, 0.5470676)
(0.1221681, 1.006986, 0.5528367)
(0.126348, 1.009965, 0.5577149)
(0.1297851, 1.012665, 0.5633259)
(0.1338146, 1.017389, 0.5683367)
(0.1377685, 1.022529, 0.5725446)
(0.1415937, 1.028367, 0.5773799)
(0.1452346, 1.034928, 0.5820484)
(0.1487451, 1.041802, 0.5867093)
(0.1523764, 1.048454, 0.591635)
(0.1555943, 1.055415, 0.5966794)
(0.1586797, 1.061787, 0.6009717)
(0.161849, 1.06801, 0.6054206)
(0.1644335, 1.074087, 0.6098216)
(0.1664011, 1.079341, 0.6139781)
(0.169066, 1.084636, 0.6175134)
(0.1704655, 1.089139, 0.620954)
(0.1713262, 1.09378, 0.6247602)
(0.1730297, 1.098303, 0.6287181)
(0.1743004, 1.103032, 0.6315668)
(0.1746614, 1.107675, 0.6356924)
(0.1760654, 1.112071, 0.6394384)
(0.1767764, 1.116213, 0.6432769)
(0.1771562, 1.119783, 0.6468697)
(0.1779399, 1.123165, 0.6502612)
(0.1786971, 1.126129, 0.6542027)
(0.1792803, 1.12862, 0.6579187)
(0.1795578, 1.13114, 0.6614628)
(0.1800661, 1.133802, 0.6652651)
(0.1802704, 1.135051, 0.6689551)
(0.180326, 1.136679, 0.672586)
(0.1807044, 1.137798, 0.6768186)
(0.1809189, 1.138566, 0.6808774)
(0.1811628, 1.138764, 0.6849496)
(0.181555, 1.139019, 0.6889067)
(0.1818168, 1.13947, 0.6929424)
(0.1821074, 1.139541, 0.6969895)
(0.1825521, 1.139576, 0.7012944)
(0.182699, 1.139806, 0.7057042)
(0.1825588, 1.139795, 0.7098942)
(0.1828418, 1.139752, 0.714848)
(0.1827085, 1.139422, 0.7190599)
(0.1825671, 1.138752, 0.7237134)
(0.1824837, 1.138193, 0.7282372)
(0.182482, 1.137643, 0.7327254)
(0.1820908, 1.136904, 0.7375035)
(0.1817636, 1.136299, 0.7425063)
(0.1814513, 1.135506, 0.747386)
(0.1809723, 1.134722, 0.7523777)
(0.1803107, 1.133622, 0.7578597)
(0.1796014, 1.132428, 0.7628124)
(0.178822, 1.131165, 0.7678742)
(0.1777563, 1.129932, 0.7729642)
(0.1766779, 1.128869, 0.7782271)
(0.1755791, 1.128109, 0.7839911)
(0.1744094, 1.127499, 0.7896917)
(0.1730676, 1.127431, 0.7959073)
(0.1715953, 1.127457, 0.802037)
(0.1699481, 1.127139, 0.8089278)
(0.1682661, 1.127826, 0.8152177)
(0.166538, 1.128441, 0.8214211)
(0.1643877, 1.129398, 0.8285034)
(0.1623211, 1.131461, 0.8356447)
(0.1601961, 1.134135, 0.842762)
(0.1580329, 1.136453, 0.8497837)
(0.155967, 1.140162, 0.8562837)
(0.1539745, 1.144327, 0.862174)
(0.1520228, 1.148743, 0.8688867)
(0.1507454, 1.154135, 0.8748696)
(0.1495819, 1.159463, 0.8810294)
(0.1483948, 1.165153, 0.887445)
(0.1473217, 1.171393, 0.8932722)
(0.146148, 1.177386, 0.8985851)
(0.1449311, 1.18245, 0.9042106)
(0.1440804, 1.187699, 0.9090595)
(0.1434817, 1.192585, 0.9134538)
(0.1428192, 1.197893, 0.9182951)
(0.1427841, 1.202024, 0.9215658)
(0.1426563, 1.20655, 0.9254067)
(0.143064, 1.211401, 0.9280868)
(0.1432722, 1.215712, 0.9310088)
(0.1434157, 1.220205, 0.9342544)
(0.1437714, 1.225271, 0.9369388)
(0.1438248, 1.229549, 0.9398594)
(0.143765, 1.233777, 0.9429181)
(0.1437984, 1.23864, 0.9459085)
(0.1437528, 1.242236, 0.9483256)
(0.1436157, 1.246109, 0.9512784)
(0.1437874, 1.24971, 0.9536207)
(0.1440594, 1.252668, 0.9559841)
(0.1441879, 1.255472, 0.9587374)
(0.144417, 1.258375, 0.9610617)
(0.1446807, 1.26036, 0.9633307)
(0.1444745, 1.262265, 0.9659712)
(0.1445382, 1.264582, 0.9685521)
(0.1427169, 1.266673, 0.9730937)
(0.1431627, 1.268223, 0.9752173)
(0.1433659, 1.269287, 0.9774079)
(0.1437662, 1.270347, 0.9795976)
(0.1443243, 1.271508, 0.9816675)
(0.1445866, 1.272614, 0.9839418)
(0.1451404, 1.273427, 0.9862273)
(0.1454992, 1.274135, 0.9884737)
(0.1455624, 1.274874, 0.9909208)
(0.1460116, 1.27508, 0.9928706)
(0.1464303, 1.275406, 0.9952059)
(0.146723, 1.275654, 0.9970813)
(0.1475248, 1.275748, 0.99874)
(0.1479897, 1.275749, 1.000864)
(0.1484778, 1.275923, 1.002678)
(0.1490967, 1.276038, 1.004475)
(0.1499369, 1.275786, 1.006382)
(0.1506872, 1.275676, 1.008018)
(0.1517541, 1.275195, 1.009146)
(0.1527922, 1.274695, 1.010638)
(0.1537988, 1.274049, 1.011557)
(0.154922, 1.273376, 1.012526)
(0.1564476, 1.272257, 1.013147)
(0.1575296, 1.271229, 1.013799)
(0.1588869, 1.269804, 1.014365)
(0.1603937, 1.268259, 1.014972)
(0.1619904, 1.266571, 1.015469)
(0.1632307, 1.264833, 1.015889)
(0.1647949, 1.263311, 1.01595)
(0.1663814, 1.261634, 1.015996)
(0.1680243, 1.260357, 1.016184)
(0.1696253, 1.259122, 1.016267)
(0.1715438, 1.258437, 1.016635)
(0.1733439, 1.25802, 1.017097)
(0.1745589, 1.257946, 1.017648)
(0.1757426, 1.257508, 1.018676)
(0.1767769, 1.257657, 1.019238)
(0.1778557, 1.25779, 1.020012)
(0.1784995, 1.257721, 1.021021)
(0.1796749, 1.257802, 1.021494)
(0.1806347, 1.258705, 1.021966)
(0.1815264, 1.259379, 1.022663)
(0.1826227, 1.260542, 1.023222)
(0.1836843, 1.261916, 1.024179)
(0.1845744, 1.263242, 1.025077)
(0.1858582, 1.26435, 1.025722)
(0.1867323, 1.265396, 1.026516)
(0.1876941, 1.266284, 1.02711)
(0.1891413, 1.26678, 1.027348)
(0.1903007, 1.267225, 1.027614)
(0.1913085, 1.267573, 1.027709)
(0.1922836, 1.267813, 1.027942)
(0.1936507, 1.268188, 1.028112)
(0.194458, 1.268274, 1.028316)
(0.1947691, 1.268685, 1.028941)
(0.1954823, 1.269032, 1.029172)
(0.1959028, 1.269216, 1.029351)
(0.1960721, 1.269527, 1.029626)
