(0.1279013, -0.145956, 0.3984308)
(0.1278496, -0.1460016, 0.3982458)
(0.1281419, -0.1464956, 0.3979259)
(0.1278789, -0.1462924, 0.3982942)
(0.1279476, -0.1464865, 0.3981898)
(0.1282372, -0.1469452, 0.3976827)
(0.1279233, -0.1465352, 0.3981102)
(0.1280215, -0.1466281, 0.3980298)
(0.1282632, -0.1470008, 0.397681)
(0.1280804, -0.1467736, 0.3980596)
(0.1281958, -0.1468472, 0.3979878)
(0.1285727, -0.1471717, 0.3977005)
(0.1283112, -0.1469176, 0.398128)
(0.1283746, -0.1469929, 0.3980827)
(0.1284132, -0.1475589, 0.3973172)
(0.128171, -0.1472347, 0.3975887)
(0.1282375, -0.1472919, 0.3975251)
(0.1286509, -0.1475248, 0.3973691)
(0.1285257, -0.1470819, 0.3976259)
(0.1285479, -0.1467621, 0.3975785)
(0.128701, -0.1469672, 0.3968713)
(0.1285453, -0.1462805, 0.3971729)
(0.1287124, -0.1458066, 0.3972485)
(0.1289349, -0.1450248, 0.3972685)
(0.1292238, -0.1437156, 0.3976278)
(0.1295083, -0.1419637, 0.3986187)
(0.1299899, -0.1382515, 0.3987041)
(0.1305916, -0.1335599, 0.3985493)
(0.1340358, -0.1271601, 0.3974426)
(0.1350992, -0.1190162, 0.3982131)
(0.1361411, -0.1120751, 0.3987701)
(0.1369653, -0.1035199, 0.3976777)
(0.1379745, -0.09447932, 0.3966229)
(0.1381035, -0.08453393, 0.3974273)
(0.1388452, -0.07436442, 0.3980861)
(0.1402154, -0.06236029, 0.3996716)
(0.1410432, -0.05060363, 0.4011817)
(0.1426067, -0.03623843, 0.4035771)
(0.1439979, -0.02355194, 0.4055495)
(0.1456611, -0.009283304, 0.409322)
(0.148643, 0.004749298, 0.4136505)
(0.1507208, 0.01743317, 0.4169371)
(0.1521549, 0.03308868, 0.4231825)
(0.1543596, 0.04622197, 0.4285784)
(0.1560616, 0.05838442, 0.4330761)
(0.1562574, 0.07399774, 0.4406681)
(0.1571932, 0.08518863, 0.4481626)
(0.1586506, 0.09668493, 0.4550827)
(0.1591866, 0.1096222, 0.4642539)
(0.1608531, 0.1199605, 0.4736428)
(0.1626387, 0.1289582, 0.4832349)
(0.1644714, 0.139416, 0.4933774)
(0.1666725, 0.1472569, 0.5037987)
(0.1685867, 0.1548353, 0.5141561)
(0.1714776, 0.1614854, 0.5239372)
(0.1733108, 0.1666569, 0.5350609)
(0.1753235, 0.1713065, 0.5452504)
(0.1773717, 0.1750534, 0.5557685)
(0.1789339, 0.1784213, 0.5681665)
(0.1804078, 0.1812906, 0.5805166)
(0.1793652, 0.1864762, 0.5958183)
(0.1803851, 0.1893009, 0.607713)
(0.1813841, 0.1907969, 0.6194956)
(0.182636, 0.1920309, 0.6315129)
(0.1828187, 0.19197, 0.6428509)
(0.1832831, 0.1916994, 0.6539285)
(0.1842115, 0.1914465, 0.6650646)
(0.1850824, 0.1904811, 0.67662)
(0.1853492, 0.1887617, 0.6877675)
(0.186846, 0.1869349, 0.6974795)
(0.1882439, 0.1856253, 0.7065115)
(0.1887341, 0.1837624, 0.7153649)
(0.1895354, 0.1819201, 0.7231722)
(0.1898115, 0.17907, 0.7297132)
(0.1890042, 0.1756084, 0.7372959)
(0.1888864, 0.1727136, 0.7430511)
(0.1885445, 0.1695954, 0.7485523)
(0.1878271, 0.1659551, 0.7543902)
(0.1883552, 0.1635817, 0.7580271)
(0.1890898, 0.1613438, 0.7617981)
(0.1889923, 0.1583414, 0.7652225)
(0.1892464, 0.1551356, 0.7678597)
(0.189425, 0.1517103, 0.77034)
(0.1888273, 0.1479676, 0.7722409)
(0.1884997, 0.1449208, 0.7735138)
(0.18876, 0.1414995, 0.7745988)
(0.1887138, 0.1381764, 0.7760155)
(0.1890585, 0.1353674, 0.7770309)
(0.1898029, 0.1320119, 0.7777662)
(0.1899626, 0.1290791, 0.7784474)
(0.1900179, 0.1258166, 0.7790868)
(0.1904573, 0.1221015, 0.7796011)
(0.1904943, 0.1188359, 0.7804055)
(0.1931424, 0.1145141, 0.7815299)
(0.1911273, 0.112442, 0.7825129)
(0.1923547, 0.1125822, 0.7825482)
(0.1911266, 0.1146805, 0.778739)
(0.1908813, 0.1177256, 0.774807)
(0.1922538, 0.1145809, 0.7727585)
(0.1935382, 0.1122572, 0.7723403)
(0.1930323, 0.1108599, 0.7742)
(0.1924524, 0.1103051, 0.7796514)
(0.1916492, 0.1079311, 0.7856607)
(0.1910145, 0.1074021, 0.7866449)
(0.1930788, 0.1078568, 0.7838511)
(0.1935079, 0.1074388, 0.783217)
(0.1929479, 0.1093245, 0.7803123)
(0.1915298, 0.1084325, 0.7778387)
(0.1906765, 0.1089056, 0.7790353)
(0.1895454, 0.1100309, 0.7817554)
(0.1894796, 0.1080713, 0.7816455)
(0.1902781, 0.1068692, 0.7825003)
(0.1910026, 0.1083522, 0.7830222)
(0.1919081, 0.1087687, 0.782187)
(0.1919451, 0.1090817, 0.7820327)
(0.1912692, 0.108994, 0.782073)
(0.1908879, 0.1090031, 0.7823329)
(0.1905313, 0.1088321, 0.7824318)
(0.1905844, 0.1085446, 0.7824173)
(0.1910577, 0.1089683, 0.7821729)
(0.1910331, 0.1092279, 0.7819929)
(0.1910012, 0.1092162, 0.7820282)
(0.1906903, 0.109138, 0.7821343)
(0.1903765, 0.1090796, 0.7819834)
(0.1902092, 0.1091528, 0.7818923)
(0.19033, 0.1092319, 0.7818825)
(0.1903398, 0.1093283, 0.7820523)
(0.1903689, 0.1092396, 0.7820792)
(0.1904123, 0.1093655, 0.7819147)
(0.1905515, 0.1094508, 0.7817295)
(0.1907897, 0.1094363, 0.7814448)
(0.1907294, 0.1095219, 0.781409)
(0.1907048, 0.1095767, 0.7813876)
(0.1906586, 0.1095521, 0.7812712)
(0.1905293, 0.1094649, 0.7813528)
(0.1905675, 0.1095328, 0.7813094)
(0.1907403, 0.1093404, 0.7811584)
(0.1909046, 0.109458, 0.7812853)
(0.1910744, 0.1094377, 0.7814877)
(0.1912203, 0.1091862, 0.781229)
(0.1911292, 0.1090963, 0.7811983)
(0.1910808, 0.1090169, 0.7812958)
(0.1909301, 0.1089482, 0.7815404)
(0.1906157, 0.108727, 0.7815235)
(0.1906753, 0.1087797, 0.7814035)
(0.1905336, 0.1087923, 0.7810984)
(0.1904492, 0.1086655, 0.7813983)
(0.1904509, 0.1085799, 0.7816377)
(0.1906049, 0.1083317, 0.7816229)
(0.190604, 0.1083746, 0.7814376)
(0.1907737, 0.1083989, 0.7813506)
(0.1907008, 0.1086528, 0.7814164)
(0.1908066, 0.1086829, 0.7814684)
(0.1907973, 0.108717, 0.7814531)
(0.1909499, 0.1087632, 0.7812934)
(0.1908641, 0.1086252, 0.7811751)
(0.1909597, 0.1085677, 0.7810712)
(0.1910114, 0.1085272, 0.7812402)
(0.1908519, 0.1083863, 0.7816124)
(0.190695, 0.1082706, 0.7815838)
(0.1907759, 0.1082532, 0.7816653)
(0.1908257, 0.1080499, 0.7817428)
(0.190861, 0.108027, 0.7819226)
(0.1908264, 0.1077762, 0.7819963)
(0.1906767, 0.1077576, 0.7821622)
(0.1903918, 0.1076062, 0.7821307)
(0.1901891, 0.1075006, 0.7822535)
(0.1900139, 0.1073954, 0.78234)
(0.1898479, 0.1073201, 0.7825317)
(0.1896725, 0.1071904, 0.782572)
(0.1895165, 0.1071081, 0.7827702)
(0.1893759, 0.1070518, 0.7828095)
(0.1894128, 0.1069589, 0.7826664)
(0.1894057, 0.107012, 0.782577)
(0.1895158, 0.1072514, 0.7823291)
(0.1894777, 0.1073263, 0.7822118)
(0.189348, 0.1070132, 0.7823868)
(0.1893916, 0.1070373, 0.7825425)
(0.189347, 0.1068308, 0.7828445)
(0.1891685, 0.1066201, 0.7831483)
(0.1891074, 0.1066232, 0.7831025)
(0.1891499, 0.106591, 0.7829485)
(0.1890094, 0.1064126, 0.783227)
(0.1889038, 0.1063993, 0.7833233)
(0.1886806, 0.1064911, 0.7835791)
(0.1887169, 0.1062968, 0.7836027)
(0.1886182, 0.1064019, 0.7837305)
(0.1887071, 0.1065986, 0.7841926)
(0.1888826, 0.1069496, 0.7845197)
(0.1891522, 0.1073444, 0.7851532)
(0.1892221, 0.1081281, 0.7858272)
(0.189059, 0.1091597, 0.7869208)
(0.1888368, 0.1098228, 0.7884493)
(0.1891019, 0.1102173, 0.7919745)
(0.1884727, 0.110008, 0.7945969)
(0.1876397, 0.1104259, 0.7976687)
(0.1867058, 0.1110675, 0.8004301)
(0.1862717, 0.1123714, 0.803777)
(0.186235, 0.113899, 0.8071005)
(0.186024, 0.116492, 0.8103604)
(0.1858201, 0.1220827, 0.812777)
(0.1858485, 0.130482, 0.8153093)
(0.1861253, 0.1419871, 0.8182094)
(0.1870732, 0.1525464, 0.8223083)
(0.1869547, 0.1618482, 0.8243153)
(0.1867142, 0.16965, 0.8250809)
(0.1863015, 0.1751204, 0.8250778)
(0.1886663, 0.1788402, 0.8217814)
(0.1923966, 0.1830897, 0.8189905)
(0.1987691, 0.1882535, 0.8188481)
(0.2061198, 0.196044, 0.8199637)
(0.2121098, 0.2064973, 0.8219535)
(0.2164171, 0.2152038, 0.8227727)
(0.2188387, 0.2244314, 0.8217065)
(0.2205174, 0.2346377, 0.8212817)
(0.2201369, 0.2476451, 0.821775)
(0.2204118, 0.2606221, 0.8221455)
(0.2195044, 0.274061, 0.8208761)
(0.2188795, 0.2868989, 0.8204846)
(0.2189136, 0.2991133, 0.8200147)
(0.2203455, 0.3122338, 0.8196523)
(0.2213778, 0.3248527, 0.8204184)
(0.2232428, 0.3373799, 0.8230379)
(0.225126, 0.3482835, 0.8260241)
(0.2286184, 0.3582021, 0.8295941)
(0.2314913, 0.3672749, 0.8332927)
(0.2353261, 0.3751054, 0.8390646)
(0.2389958, 0.3831638, 0.8438213)
(0.242589, 0.3895624, 0.8508806)
(0.2460129, 0.3955286, 0.8590539)
(0.2487409, 0.4001513, 0.8655107)
(0.250705, 0.403882, 0.8734956)
(0.2522333, 0.408536, 0.882014)
(0.2533109, 0.4123585, 0.8902206)
(0.2539747, 0.4150513, 0.8988521)
(0.2525787, 0.4159888, 0.9081511)
(0.2512381, 0.4162728, 0.9176166)
(0.2490151, 0.4163338, 0.9277711)
(0.246634, 0.4167194, 0.9396496)
(0.2447014, 0.4167789, 0.9516723)
(0.2426655, 0.4163893, 0.9629943)
(0.2410321, 0.4141381, 0.9743638)
(0.2394714, 0.4112885, 0.9864323)
(0.238307, 0.4090308, 0.9980073)
(0.2385075, 0.4053322, 1.010452)
(0.2377567, 0.4023402, 1.022259)
(0.2364368, 0.3981107, 1.034267)
(0.2349381, 0.3935999, 1.046268)
(0.2326474, 0.3890657, 1.057495)
(0.2299836, 0.3865538, 1.066955)
(0.2278233, 0.3846928, 1.07641)
(0.2246187, 0.3831584, 1.085809)
(0.2219946, 0.3819063, 1.094129)
(0.2195041, 0.3776965, 1.101509)
(0.2189138, 0.3769585, 1.110388)
(0.216614, 0.3762835, 1.115344)
(0.2169955, 0.3763288, 1.119784)
(0.2164035, 0.3773599, 1.12236)
(0.2151403, 0.3762252, 1.127139)
(0.2141325, 0.3743654, 1.132182)
(0.2154009, 0.3732404, 1.134166)
(0.2182741, 0.3742789, 1.135413)
(0.2197011, 0.3739883, 1.135233)
(0.2198763, 0.3736718, 1.136204)
(0.2162788, 0.3711196, 1.135733)
(0.2152359, 0.3691374, 1.136094)
(0.2146111, 0.3672528, 1.136214)
(0.2137563, 0.3662646, 1.137434)
(0.2134306, 0.3657961, 1.137633)
(0.213377, 0.3639232, 1.13824)
(0.2134311, 0.3606795, 1.138585)
(0.2123809, 0.3585538, 1.139178)
(0.2113838, 0.3580359, 1.140087)
(0.2108252, 0.3597896, 1.139909)
(0.2112424, 0.3603458, 1.138927)
(0.2121336, 0.3604981, 1.138196)
(0.2115431, 0.3613791, 1.138184)
(0.2109542, 0.3617021, 1.138592)
(0.2102222, 0.3616722, 1.139578)
(0.2098622, 0.3602604, 1.139545)
(0.2097156, 0.3600725, 1.13966)
(0.2096789, 0.3605026, 1.139718)
(0.2097068, 0.3606125, 1.139634)
(0.2096965, 0.3606747, 1.139716)
(0.2095525, 0.3606659, 1.139853)
(0.2098374, 0.3606335, 1.139442)
(0.2096817, 0.3606791, 1.139492)
(0.2094619, 0.3608223, 1.139565)
(0.2091501, 0.3607713, 1.139398)
(0.2087593, 0.3607826, 1.139442)
(0.2083936, 0.3607883, 1.13951)
(0.2086835, 0.3608332, 1.139496)
(0.2083955, 0.3609364, 1.139655)
(0.2086818, 0.3607707, 1.13968)
(0.2083604, 0.3609998, 1.139945)
(0.208313, 0.361135, 1.139867)
(0.2082286, 0.3612705, 1.139806)
(0.2085853, 0.3611968, 1.139512)
(0.2084167, 0.3613477, 1.139653)
(0.2081745, 0.3614813, 1.139809)
(0.2084217, 0.3612225, 1.139541)
(0.2080619, 0.3613867, 1.139437)
(0.2077777, 0.3615478, 1.13943)
(0.2082076, 0.3614588, 1.139193)
(0.2079592, 0.3615981, 1.139339)
(0.2077267, 0.3617492, 1.139434)
(0.2079046, 0.361711, 1.13891)
(0.2077515, 0.3619542, 1.138723)
(0.2075608, 0.3621939, 1.138647)
(0.2077818, 0.3620677, 1.138558)
(0.2075837, 0.3621595, 1.138691)
(0.2074194, 0.3622172, 1.138917)
(0.2074971, 0.3616772, 1.138952)
(0.2073517, 0.3617239, 1.13922)
(0.2071466, 0.3618292, 1.139438)
(0.2070665, 0.3616935, 1.139394)
(0.2068038, 0.361822, 1.139455)
(0.2065601, 0.3619499, 1.139558)
(0.2068391, 0.3618027, 1.139322)
(0.2067304, 0.3619426, 1.139362)
(0.2066441, 0.3621051, 1.139405)
(0.2071223, 0.3618592, 1.139169)
(0.2069888, 0.361982, 1.139303)
