0.3437284
0.2898695
0.2570918
0.2750794
0.1687303
0.1528465
0.2004999
0.1657137
0.1672002
0.1558296
0.1279851
0.1056227
0.09858894
0.09988927
0.01652322
0.1168201
0.1793299
0.06342369
0.05361637
0.04044658
0.03087538
0.02332962
0.02321851
0.01974345
0.006446087
0.02261832
0.01566879
0.02030707
0.0284507
0.02784145
0.02745615
0.02666862
0.02322903
0.03978487
0.03068502
0.01192266
0.0099612
0.009193537
0.01118335
0.01330823
0.0125593
0.0113827
0.01156248
0.01505176
0.0210814
0.07721148
0.2054895
0.2036502
0.2031867
0.2003564
0.2016989
0.2021182
0.1970621
0.1923798
0.1860903
0.182311
0.2011853
0.2076323
MSE 0.1040127
total_moving_Distance 0.5342826