0.5542806
0.5291678
0.5565502
0.4441013
0.3083363
0.2779853
0.2595585
0.2007548
0.1748646
0.16282
0.1196069
0.1129417
0.09789905
0.09101287
0.07864189
0.06893423
0.06345943
0.03595695
0.0127531
0.02299385
0.02308152
0.01865388
0.02383799
0.0199795
0.02852523
0.0491009
0.05995505
0.0793485
0.0882867
0.08254831
0.08787835
0.07723732
0.05897592
0.07177952
0.1040507
0.09026216
0.06615907
0.04680876
0.03303355
0.02486318
0.01385422
0.00875886
0.01305807
0.01625056
0.04276134
0.0517014
0.04320697
0.05405632
0.05388186
0.04199375
0.04467319
0.05605292
0.0593298
0.06938675
0.06421048
0.06511859
0.06572725
0.05522599
0.05276215
0.05915375
0.06449658
0.06102797
0.05275862
0.04857
0.04359157
0.02980653
0.02723097
MSE 0.0979945
total_moving_Distance 0.5011505