(-140.8746, 1.093197, -20.60187)
(-138.1116, 2.283859, -20.21377)
(-134.9409, 3.303313, -18.62452)
(-133.2581, 3.675365, -17.84616)
(-129.4855, 3.9186, -16.15858)
(-127.326, 3.986382, -15.24098)
(-122.8037, 4.506516, -13.90574)
(-120.4808, 4.858088, -13.59512)
(-115.9622, 5.375981, -12.92348)
(-113.5386, 5.735397, -12.57432)
(-104.1158, 6.426144, -11.25183)
(-101.855, 6.596851, -11.0418)
(-97.44035, 6.803465, -10.67564)
(-95.38816, 6.795144, -10.69405)
(-91.18665, 6.745958, -10.54813)
(-89.35674, 6.466174, -10.60982)
(-85.74122, 6.013417, -10.6123)
(-84.14747, 5.65691, -10.66294)
(-79.84084, 4.074121, -10.6925)
(-78.60891, 3.356218, -10.63011)
(-76.56525, 1.862621, -10.33335)
(-75.65755, 1.142716, -10.16564)
(-74.80675, 1.362705, -8.94959)
(-74.51218, 1.572371, -8.700371)
(-74.19607, -0.1383066, -9.192789)
(-73.52876, -0.3649235, -9.357679)
