(5.106216, 0.11, -0.7377789)
(5.106275, 0.1099401, -0.7378165)
(5.106275, 0.1099401, -0.7378165)
(5.106009, 0.109953, -0.737982)
(5.106055, 0.1099091, -0.7380468)
(5.105992, 0.109933, -0.7381079)
(5.106174, 0.1099261, -0.7383577)
(5.106215, 0.109892, -0.7384557)
(5.10638, 0.1098743, -0.7384097)
(5.106035, 0.1099971, -0.7380321)
(5.106073, 0.1099611, -0.7380957)
(5.10605, 0.1099594, -0.73809)
(5.106412, 0.1098476, -0.7385234)
(5.106412, 0.1098476, -0.7385234)
(5.106106, 0.110092, -0.7381548)
(5.105636, 0.11017, -0.7376003)
(5.10568, 0.110117, -0.7376186)
(5.105515, 0.1102377, -0.7374363)
(5.105716, 0.1101924, -0.7376399)
(5.10575, 0.1101509, -0.7376761)
(5.105499, 0.1103278, -0.7374682)
(5.105437, 0.1103135, -0.7374157)
(5.105461, 0.1102551, -0.737451)
(5.105086, 0.1105607, -0.7369873)
(5.105189, 0.11052, -0.7370882)
(5.105225, 0.1104556, -0.7371151)
(5.105083, 0.1106442, -0.7366859)
(5.10575, 0.1105135, -0.7374222)
(5.105806, 0.1104773, -0.7374634)
(5.105078, 0.111045, -0.737071)
(5.10513, 0.1110295, -0.7371275)
(5.105184, 0.1109906, -0.7371912)
(5.104995, 0.1111491, -0.7370317)
(5.104577, 0.1112793, -0.7366104)
(5.10459, 0.1112362, -0.7366793)
(5.104303, 0.11143, -0.7364265)
(5.104231, 0.1114031, -0.7363798)
(5.104246, 0.1113466, -0.736413)
(5.104439, 0.1113423, -0.736545)
(5.104475, 0.1113063, -0.7365844)
(5.104502, 0.1112684, -0.7366149)
(5.104455, 0.1112836, -0.7366187)
(5.104472, 0.111245, -0.7366376)
(5.104506, 0.1112157, -0.7366676)
(5.10449, 0.1113368, -0.7363808)
(5.105084, 0.1110566, -0.7370655)
(5.105121, 0.1110085, -0.737138)
(5.104772, 0.1110571, -0.736767)
(5.104795, 0.1110075, -0.7368018)
(5.104816, 0.1109539, -0.736849)
(5.104674, 0.1109424, -0.7368795)
(5.104711, 0.1109055, -0.736931)
(5.104728, 0.1108697, -0.7369816)
(5.10441, 0.1110733, -0.7367785)
(5.104367, 0.1110318, -0.7367591)
(5.104379, 0.1110006, -0.7368052)
(5.104559, 0.1111048, -0.7369613)
(5.104588, 0.1110795, -0.7370004)
(5.104634, 0.111059, -0.7370567)
(5.1048, 0.1110998, -0.7368414)
(5.104837, 0.1112054, -0.7368326)
(5.104888, 0.111198, -0.7368643)
(5.104777, 0.1112171, -0.7369101)
(5.105002, 0.1111122, -0.7371225)
(5.10507, 0.1110922, -0.7371382)
(5.105006, 0.1111289, -0.736937)
(5.105056, 0.1111081, -0.7369425)
(5.105124, 0.1110917, -0.7369344)
(5.105061, 0.1110628, -0.7370312)
(5.104851, 0.1110488, -0.7367754)
(5.104897, 0.1110104, -0.7367816)
(5.104973, 0.1109544, -0.7367937)
(5.105182, 0.1108139, -0.736979)
(5.105193, 0.1108335, -0.7369823)
(5.104989, 0.1109718, -0.7367622)
(5.104929, 0.1109513, -0.7366933)
(5.104948, 0.1109312, -0.7366979)
(5.105061, 0.1108664, -0.7367804)
(5.104755, 0.1110242, -0.7364552)
(5.10475, 0.111019, -0.7364847)
(5.104759, 0.1108843, -0.7367119)
(5.104739, 0.110781, -0.7367861)
(5.104721, 0.1107291, -0.736834)
(5.104557, 0.1108201, -0.7367177)
(5.103818, 0.1111644, -0.7359583)
(5.10376, 0.1111284, -0.7360012)
(5.103929, 0.1110073, -0.7360875)
(5.104447, 0.1107708, -0.7367351)
(5.104419, 0.1107472, -0.7367613)
(5.104429, 0.1107753, -0.7365694)
(5.104852, 0.1104697, -0.7370562)
(5.104857, 0.1104208, -0.7370548)
(5.104623, 0.1104923, -0.7369544)
(5.104913, 0.110339, -0.7373466)
(5.104915, 0.1102987, -0.7373793)
(5.104873, 0.110184, -0.7374584)
(5.104376, 0.1102656, -0.7369604)
(5.104375, 0.1101673, -0.7369377)
(5.104448, 0.1099699, -0.7370195)
(5.10466, 0.1098309, -0.7372193)
(5.104666, 0.1097019, -0.7371754)
(5.104728, 0.1095422, -0.7370321)
(5.104312, 0.1095937, -0.7365629)
(5.104244, 0.1094712, -0.7364032)
(5.104239, 0.1092952, -0.7363293)
(5.103995, 0.1094299, -0.7356)
(5.104068, 0.1092933, -0.7352278)
(5.103993, 0.109516, -0.7347705)
(5.103971, 0.1093763, -0.7345006)
(5.103935, 0.1092332, -0.7341935)
(5.103575, 0.1092664, -0.733567)
(5.103432, 0.1091958, -0.7331698)
(5.103271, 0.108816, -0.732634)
(5.102588, 0.1088773, -0.7316353)
(5.102516, 0.1084815, -0.7310702)
(5.102491, 0.1080564, -0.7302517)
(5.102581, 0.1075588, -0.7296679)
(5.101989, 0.1071552, -0.7290494)
(5.101705, 0.1068319, -0.7291226)
(5.101872, 0.1064113, -0.7295684)
(5.101625, 0.1061438, -0.7295453)
(5.101391, 0.1058486, -0.7296309)
(5.101179, 0.1054097, -0.7298357)
(5.100443, 0.1051477, -0.7293448)
(5.100135, 0.1047886, -0.7294814)
(5.099867, 0.1045552, -0.7293241)
(5.09966, 0.1044598, -0.7296428)
(5.099455, 0.104404, -0.7299497)
(5.099374, 0.1043318, -0.730273)
(5.09927, 0.1041544, -0.7306196)
(5.099201, 0.1041897, -0.7308144)
(5.099101, 0.1043175, -0.730793)
(5.099316, 0.1043349, -0.7311344)
(5.099354, 0.1044353, -0.7312855)
(5.099303, 0.1045635, -0.7315137)
(5.099154, 0.1049186, -0.7314512)
(5.099312, 0.1050039, -0.731652)
(5.098999, 0.1053246, -0.7316124)
(5.099149, 0.1053839, -0.7318475)
(5.099132, 0.1053994, -0.7320468)
(5.09849, 0.1057297, -0.7319946)
(5.098984, 0.1054805, -0.7329995)
(5.098876, 0.1055103, -0.7332732)
(5.098413, 0.1059044, -0.7332239)
(5.098265, 0.1059447, -0.7334704)
(5.098177, 0.1059559, -0.7337195)
(5.098491, 0.1052354, -0.7347424)
(5.09936, 0.1046713, -0.7362272)
(5.099082, 0.1047233, -0.7365064)
(5.09912, 0.1048771, -0.7363629)
(5.100608, 0.1041311, -0.7381565)
(5.100699, 0.1041148, -0.7382121)
(5.099367, 0.1050199, -0.7365555)
(5.099445, 0.1050342, -0.7364411)
(5.099409, 0.1049326, -0.7363843)
(5.099261, 0.1045061, -0.7367599)
(5.099778, 0.1040118, -0.7377679)
(5.0994, 0.1039139, -0.7378091)
(5.09999, 0.1033583, -0.7381296)
(5.099917, 0.1033128, -0.7378821)
(5.100157, 0.1031655, -0.7376468)
(5.100832, 0.1024979, -0.7379276)
(5.100841, 0.1022604, -0.7377719)
(5.100766, 0.1020036, -0.7374916)
(5.100299, 0.1020094, -0.7366006)
(5.100627, 0.1014231, -0.7364926)
(5.100547, 0.1012612, -0.735799)
(5.102215, 0.1001359, -0.7368159)
(5.102303, 0.1000388, -0.7363357)
(5.102557, 0.0998877, -0.7360382)
(5.103024, 0.0993717, -0.7360539)
(5.103024, 0.0993717, -0.7360539)
(5.10309, 0.09917291, -0.7357997)
(5.10287, 0.098795, -0.734833)
(5.10348, 0.0982531, -0.7346894)
(5.103819, 0.0982722, -0.7335629)
(5.104213, 0.0982257, -0.7328026)
(5.104653, 0.0982087, -0.7321286)
(5.104969, 0.0981053, -0.731487)
(5.105096, 0.09783611, -0.7309351)
(5.106534, 0.096871, -0.7314076)
(5.107039, 0.09660201, -0.7301688)
(5.107949, 0.09642009, -0.7285213)
(5.108634, 0.0964552, -0.7272076)
(5.109229, 0.09680229, -0.7252221)
(5.1095, 0.0973292, -0.7232942)
(5.109608, 0.0981589, -0.7216241)
(5.109408, 0.09926181, -0.7197887)
(5.107484, 0.1024292, -0.7154305)
(5.106449, 0.1067239, -0.7111208)
(5.088359, 0.1265806, -0.687185)
(5.086914, 0.1335641, -0.6779017)
(5.085495, 0.1393963, -0.6699509)
(5.083889, 0.1464346, -0.659827)
(5.080792, 0.155356, -0.646974)
(5.079548, 0.1650768, -0.6362006)
(5.080958, 0.1759058, -0.6225125)
(5.081923, 0.1881414, -0.6069948)
(5.08207, 0.200815, -0.5940237)
(5.083803, 0.2188258, -0.5833737)
(5.081971, 0.2372826, -0.5706093)
(5.082782, 0.2553546, -0.5586023)
(5.082468, 0.2733607, -0.5458648)
(5.082973, 0.2905022, -0.5319974)
(5.084026, 0.3078915, -0.5170235)
(5.085617, 0.3245291, -0.5024104)
(5.086307, 0.3416936, -0.4886903)
(5.087471, 0.3578682, -0.4742689)
(5.08682, 0.3734959, -0.4600219)
(5.088505, 0.3907432, -0.447057)
(5.088897, 0.4066896, -0.4322614)
(5.087837, 0.4219238, -0.4186685)
(5.089498, 0.4370116, -0.4065604)
(5.090145, 0.4496872, -0.3937187)
(5.090557, 0.4635659, -0.3804597)
(5.09224, 0.4753211, -0.3687536)
(5.093235, 0.4865014, -0.3560714)
(5.093421, 0.4948573, -0.3436222)
(5.095476, 0.5018873, -0.33217)
(5.096641, 0.5066181, -0.3188812)
(5.096638, 0.5080914, -0.3067598)
(5.097582, 0.5097807, -0.2950372)
(5.099052, 0.5083798, -0.2841825)
(5.100009, 0.5073299, -0.2725689)
(5.101046, 0.5006915, -0.2611987)
(5.102243, 0.4925909, -0.2504553)
(5.103049, 0.4888313, -0.2396895)
(5.103722, 0.4840934, -0.2293326)
(5.104385, 0.4780642, -0.2182292)
(5.104906, 0.4719179, -0.2085735)
(5.105355, 0.4653959, -0.1992633)
(5.105435, 0.4586343, -0.1895284)
(5.105612, 0.4517305, -0.1809427)
(5.10638, 0.444847, -0.1733994)
(5.105939, 0.4374349, -0.1665537)
(5.106064, 0.4308152, -0.1612901)
(5.105976, 0.4243522, -0.1559543)
(5.104653, 0.4172147, -0.1488432)
(5.104653, 0.4172147, -0.1488432)
(5.104559, 0.4096124, -0.1434738)
(5.102788, 0.4041447, -0.1392428)
(5.102788, 0.4041447, -0.1392428)
(5.100982, 0.3962418, -0.1397225)
(5.098985, 0.3909668, -0.1390249)
(5.098985, 0.3909668, -0.1390249)
(5.098763, 0.3850744, -0.1442949)
(5.097182, 0.3828354, -0.1445207)
(5.096735, 0.3802601, -0.1445891)
(5.095893, 0.3774509, -0.1454868)
(5.098634, 0.3723809, -0.1492135)
(5.096587, 0.369352, -0.1482522)
(5.09575, 0.3669194, -0.1478323)
(5.099379, 0.3694781, -0.1457994)
(5.099395, 0.3718478, -0.1420157)
(5.096972, 0.3747005, -0.141216)
(5.094381, 0.3759933, -0.1395227)
(5.092015, 0.3764114, -0.1385798)
(5.091549, 0.3759216, -0.1387336)
(5.092728, 0.3750834, -0.1379134)
(5.093437, 0.3745572, -0.137783)
(5.093445, 0.3741214, -0.1391491)
(5.092045, 0.3737957, -0.1400466)
(5.090792, 0.374282, -0.140171)
(5.090586, 0.3749375, -0.1405718)
(5.090586, 0.3749375, -0.1405718)
(5.089578, 0.3754434, -0.1400365)
(5.089572, 0.3755638, -0.1394608)
(5.089572, 0.3755638, -0.1394608)
(5.089518, 0.3762747, -0.1402328)
(5.08915, 0.3765315, -0.1400766)
(5.089408, 0.3769025, -0.1409115)
(5.088889, 0.3772642, -0.1408529)
(5.088809, 0.37752, -0.140727)
(5.089228, 0.3778223, -0.1412749)
(5.089012, 0.3780903, -0.1412787)
(5.088933, 0.3781819, -0.1413629)
(5.088892, 0.37841, -0.1416401)
(5.088599, 0.3786942, -0.141535)
(5.08869, 0.378822, -0.1413211)
(5.088554, 0.3788413, -0.1410534)
(5.088267, 0.3789822, -0.1402602)
(5.088804, 0.3787226, -0.1403558)
(5.08859, 0.3789472, -0.1398057)
(5.088436, 0.379137, -0.139111)
(5.088778, 0.3788416, -0.1388435)
(5.089137, 0.378617, -0.1388809)
(5.089015, 0.3787827, -0.1384549)
(5.089424, 0.3787507, -0.1380207)
(5.089793, 0.3625, -0.1376619)
(5.089668, 0.3626263, -0.1368882)
(5.089714, 0.3624618, -0.136636)
(5.090055, 0.3621659, -0.1366155)
(5.090019, 0.3623197, -0.1360735)
(5.090131, 0.3622897, -0.1358196)
(5.090014, 0.3621624, -0.1352694)
(5.090014, 0.3623328, -0.1349985)
(5.090133, 0.3622608, -0.134701)
(5.090093, 0.361856, -0.1345808)
(5.089671, 0.3619273, -0.13433)
(5.089759, 0.3618024, -0.1342628)
(5.090406, 0.3613432, -0.1347739)
(5.090271, 0.3615039, -0.1346125)
(5.090848, 0.3612998, -0.1348056)
(5.090811, 0.3610871, -0.1348335)
(5.090546, 0.3610597, -0.1347544)
(5.09056, 0.3606951, -0.1347906)
(5.090306, 0.3604899, -0.1344344)
(5.090231, 0.360759, -0.1338782)
(5.090481, 0.3606184, -0.1338486)
(5.091336, 0.3601625, -0.1343865)
(5.09148, 0.3604279, -0.1342039)
(5.091847, 0.3606398, -0.1342711)
(5.092789, 0.3602975, -0.1346268)
(5.093217, 0.3607714, -0.1343247)
(5.093577, 0.3608637, -0.1344745)
(5.09396, 0.3606744, -0.1347057)
(5.093834, 0.3609729, -0.1347873)
(5.094041, 0.3611534, -0.135091)
(5.094577, 0.3610797, -0.1354873)
(5.094414, 0.3614183, -0.1356492)
(5.09479, 0.3613472, -0.1361177)
(5.095192, 0.3612018, -0.1367011)
(5.095115, 0.3613131, -0.1368286)
(5.095282, 0.3612967, -0.1370773)
(5.096251, 0.3608692, -0.1380372)
(5.096192, 0.3609753, -0.1381559)
(5.096728, 0.3607533, -0.1384935)
(5.097331, 0.3602767, -0.1392073)
(5.097365, 0.3603103, -0.1393084)
(5.097927, 0.3599205, -0.1396746)
(5.099037, 0.3592046, -0.1404616)
(5.099257, 0.3592603, -0.1402161)
(5.099634, 0.3589986, -0.1404199)
(5.100798, 0.3582015, -0.1411275)
(5.10095, 0.3582998, -0.1409099)
(5.100949, 0.3583184, -0.1410794)
(5.101296, 0.3579047, -0.141484)
(5.101239, 0.3579164, -0.1416511)
(5.101284, 0.3576806, -0.1421709)
(5.100872, 0.3574882, -0.1419224)
(5.100873, 0.3574038, -0.1419942)
(5.10101, 0.3571031, -0.1423776)
(5.101611, 0.3564396, -0.1429309)
(5.101644, 0.3563817, -0.1429977)
(5.102033, 0.356082, -0.1432049)
(5.10304, 0.3552313, -0.1442589)
(5.10299, 0.3551753, -0.144396)
(5.10328, 0.3549366, -0.1447992)
(5.103637, 0.3544765, -0.1450612)
(5.103772, 0.354461, -0.145142)
(5.104283, 0.3541551, -0.1454083)
(5.104408, 0.3537965, -0.1456327)
(5.104509, 0.3537355, -0.1457877)
(5.104699, 0.3534885, -0.146213)
(5.105077, 0.3531158, -0.1465504)
(5.105071, 0.3529499, -0.1466608)
(5.105323, 0.352566, -0.1470329)
(5.106447, 0.3516691, -0.1481504)
(5.106584, 0.3515723, -0.1482932)
(5.107246, 0.351157, -0.1488437)
(5.107434, 0.3510905, -0.1490972)
(5.107533, 0.3509917, -0.1493985)
(5.107999, 0.3505709, -0.1499881)
(5.108205, 0.3502584, -0.1503269)
(5.108325, 0.3501649, -0.1504862)
(5.108896, 0.3498888, -0.1506183)
(5.108424, 0.3498605, -0.1501946)
(5.108576, 0.3496812, -0.1503806)
(5.108876, 0.349303, -0.1510467)
