0.5356255
0.5346434
0.5704741
0.4946567
0.477109
0.4520937
0.4326799
0.4164625
0.4013542
0.379891
0.380093
0.35133
0.3233668
0.3408029
0.3282295
0.3061699
0.2938321
0.2719754
0.2578059
0.2544124
0.2433899
0.1358712
0.2471118
0.2509634
0.1210477
0.1634827
0.1705397
0.1351982
0.1209274
0.1274201
0.1131668
0.09734682
0.09018036
0.06806993
0.06032428
0.05985232
0.05473684
0.05830132
0.05646485
0.04568889
0.03796597
0.0281541
0.02333237
0.02989911
0.04635136
0.06260276
0.06844313
0.07918818
0.07917749
0.06598036
0.05350889
0.06378259
0.08638739
0.1247743
0.09009684
0.08302716
0.1036551
0.09624472
0.08883201
0.09662068
0.09782159
0.09338998
0.0908717
0.09907831
0.09598561
0.09123736
0.08010323
0.05548352
0.04152129
0.03814976
0.03894997
0.03955335
MSE 0.1735175
total_moving_Distance 0.4734827