(0.6841295, 0.09286942, 0.1922119)
(0.6845065, 0.09257326, 0.1920515)
(0.6857907, 0.09220686, 0.1918724)
(0.6867293, 0.09147273, 0.1916962)
(0.6868153, 0.09072232, 0.1915947)
(0.6878808, 0.09081107, 0.1919619)
(0.6887227, 0.09025613, 0.1921483)
(0.6898316, 0.08882002, 0.1915006)
(0.6911572, 0.08814241, 0.1918267)
(0.6908833, 0.08808151, 0.1920854)
(0.6918263, 0.08778861, 0.1920952)
(0.6914269, 0.08704776, 0.1915932)
(0.6921642, 0.08567823, 0.1910361)
(0.6931608, 0.08540846, 0.1912488)
(0.6934087, 0.08366865, 0.1905137)
(0.69397, 0.08213746, 0.1897031)
(0.69397, 0.08213746, 0.1897031)
(0.695796, 0.0809744, 0.189381)
(0.6963584, 0.07999899, 0.1886703)
(0.6970077, 0.07889754, 0.1880493)
(0.6978707, 0.07849733, 0.1877476)
(0.6981585, 0.07763637, 0.1872446)
(0.6979724, 0.07740046, 0.1868865)
(0.6978321, 0.0772183, 0.1866533)
(0.6979593, 0.07658955, 0.1862571)
(0.6980044, 0.07576503, 0.1857794)
(0.6981942, 0.07532586, 0.1855001)
(0.6984122, 0.07485503, 0.1850471)
(0.6985301, 0.0741706, 0.1846505)
(0.69857, 0.07358033, 0.1843393)
(0.6987409, 0.07282593, 0.1839773)
(0.6988423, 0.07195914, 0.183367)
(0.698755, 0.07154648, 0.1831122)
(0.6988444, 0.07092221, 0.1830173)
(0.6989037, 0.07003296, 0.1826052)
(0.6993011, 0.06959528, 0.1823016)
(0.6993272, 0.06902353, 0.1821794)
(0.699229, 0.06843935, 0.1819259)
(0.6990794, 0.06862807, 0.1820271)
(0.6990268, 0.06896653, 0.1827491)
(0.6985222, 0.06953939, 0.1830904)
(0.6980225, 0.06981839, 0.1831175)
(0.6976727, 0.06989267, 0.1836378)
(0.6977765, 0.07019104, 0.1837555)
(0.6982998, 0.07069005, 0.1836914)
(0.6968638, 0.07047354, 0.1837429)
(0.6966798, 0.07157304, 0.1842646)
(0.6987702, 0.07345533, 0.1852772)
(0.6988152, 0.0740665, 0.1855333)
(0.6987814, 0.07432578, 0.1854585)
(0.6989712, 0.07434005, 0.1854986)
(0.6972566, 0.07462946, 0.186066)
(0.6962377, 0.07509486, 0.1863975)
(0.696894, 0.07674666, 0.1879394)
(0.6968145, 0.0770029, 0.1882743)
(0.6965864, 0.07659867, 0.1876149)
(0.6965242, 0.07630841, 0.1873723)
(0.6961798, 0.07659344, 0.1878663)
(0.6953733, 0.07684669, 0.1883067)
(0.6945608, 0.07690018, 0.1884743)
(0.6945823, 0.0767773, 0.188696)
(0.6950701, 0.07651535, 0.1883557)
(0.6948609, 0.07633834, 0.1881635)
(0.6945444, 0.07657694, 0.1886228)
(0.6946982, 0.07687115, 0.1892801)
(0.6951113, 0.0773853, 0.1897043)
(0.6953322, 0.0774466, 0.1900484)
(0.6961488, 0.07752788, 0.1908374)
(0.6942503, 0.07764443, 0.191193)
(0.6945157, 0.0777583, 0.1915149)
(0.6936465, 0.07763768, 0.191582)
(0.6942576, 0.07727443, 0.1914829)
(0.6952857, 0.07758722, 0.1921009)
(0.6952376, 0.07677975, 0.192029)
(0.6953188, 0.07636482, 0.1919889)
(0.6952385, 0.07617421, 0.1924904)
(0.6951687, 0.07602096, 0.1928229)
(0.6952561, 0.07593373, 0.1929518)
(0.6958699, 0.07542956, 0.1933409)
(0.6962646, 0.07513473, 0.1933945)
(0.6963021, 0.07492641, 0.1936407)
(0.6964407, 0.07470246, 0.1939869)
(0.6966102, 0.07464746, 0.194586)
(0.6970175, 0.07485995, 0.1950179)
(0.6972824, 0.07453509, 0.1953517)
(0.697991, 0.07463276, 0.195801)
(0.6985856, 0.07497241, 0.1960912)
(0.6991136, 0.0748826, 0.1964957)
(0.6992045, 0.07475898, 0.1965357)
(0.6993002, 0.07514559, 0.1965683)
(0.6994709, 0.0752778, 0.1967911)
(0.7001233, 0.07513838, 0.1964119)
(0.7004768, 0.07528935, 0.1959989)
(0.7008647, 0.07509242, 0.1959199)
(0.7013103, 0.07515588, 0.1955712)
(0.7022651, 0.07562297, 0.195501)
(0.7021074, 0.07566425, 0.1954212)
(0.7019685, 0.07585842, 0.195594)
(0.7031549, 0.07579628, 0.1954616)
(0.7041841, 0.07589032, 0.1957649)
(0.7050362, 0.0761612, 0.195668)
(0.7052892, 0.07663608, 0.1959623)
(0.7057759, 0.07713268, 0.1964294)
(0.7063891, 0.07763755, 0.1970338)
(0.7063837, 0.078416, 0.1976446)
(0.706686, 0.07918959, 0.1981004)
(0.7064621, 0.07972533, 0.1987187)
(0.7052945, 0.07989719, 0.1987082)
(0.7070295, 0.08110753, 0.1989812)
(0.7074413, 0.08186921, 0.1996258)
(0.7092648, 0.08247144, 0.2002198)
(0.7107062, 0.08326064, 0.2009678)
(0.7105539, 0.0833474, 0.2010639)
(0.7107598, 0.08350196, 0.2012525)
(0.7115165, 0.08459842, 0.2022415)
(0.7118517, 0.08511694, 0.2030679)
(0.7125908, 0.08551823, 0.203558)
(0.7132787, 0.08633605, 0.2045416)
(0.7134909, 0.08663178, 0.2054447)
(0.7135715, 0.08718972, 0.2062699)
(0.7143571, 0.08747096, 0.2071576)
(0.7151356, 0.08763724, 0.2080268)
(0.7159093, 0.08833554, 0.2089332)
(0.7167072, 0.08894382, 0.2102574)
(0.7173726, 0.08921028, 0.211187)
(0.7187119, 0.08989277, 0.2122671)
(0.7200947, 0.09070324, 0.2136765)
(0.7221383, 0.0920011, 0.2152829)
(0.722928, 0.09302986, 0.2169579)
(0.7237463, 0.09400674, 0.2180496)
(0.72536, 0.09608196, 0.2195619)
(0.7254311, 0.0983108, 0.2207553)
(0.7265663, 0.1009566, 0.2228053)
(0.7276033, 0.1039767, 0.22542)
(0.7289512, 0.1077964, 0.2281104)
(0.7307211, 0.1117949, 0.2313082)
(0.7343102, 0.1162013, 0.2351106)
(0.7401153, 0.1205833, 0.2389826)
(0.7459052, 0.1242203, 0.2420439)
(0.7536018, 0.1277317, 0.2449253)
(0.7592075, 0.1320885, 0.2489075)
(0.7616355, 0.1378669, 0.2538759)
(0.7625704, 0.1435044, 0.2588676)
(0.7656357, 0.1493664, 0.2635625)
(0.7717547, 0.1548925, 0.2679993)
(0.7776234, 0.1584124, 0.2707101)
(0.7834653, 0.1586669, 0.2704632)
(0.7868226, 0.1597877, 0.2709852)
(0.782059, 0.1591458, 0.2704374)
(0.7792479, 0.1597796, 0.2707284)
(0.777921, 0.1580902, 0.2680989)
(0.7801195, 0.1572726, 0.2665051)
(0.7847745, 0.1568554, 0.2653166)
(0.7884728, 0.1558762, 0.2642469)
(0.7906681, 0.1546894, 0.2631255)
(0.7930934, 0.1540328, 0.2622722)
(0.7956569, 0.1537919, 0.2620156)
(0.7986062, 0.1556618, 0.2640035)
(0.7997516, 0.1569573, 0.2653223)
(0.7990941, 0.1573777, 0.2660536)
(0.7998722, 0.1573074, 0.2667955)
(0.8021697, 0.1578897, 0.2681006)
(0.8048334, 0.1583909, 0.2693493)
(0.8076527, 0.1579101, 0.2697824)
(0.8086168, 0.1577189, 0.2700341)
(0.8107632, 0.1580971, 0.2710895)
(0.8150915, 0.1583074, 0.2716335)
(0.81799, 0.1576051, 0.2709214)
(0.8208961, 0.1575782, 0.2715956)
(0.823257, 0.1579348, 0.2727489)
(0.8230571, 0.1565173, 0.2722269)
(0.8246885, 0.1551093, 0.2721387)
(0.8269725, 0.1541212, 0.2721934)
(0.8294715, 0.1530699, 0.2721194)
(0.8311329, 0.1512802, 0.2717143)
(0.8325253, 0.1500427, 0.2716718)
(0.8336399, 0.1491403, 0.2718754)
(0.8339558, 0.1477038, 0.2715276)
(0.8348974, 0.1465614, 0.2714452)
(0.8366299, 0.1454131, 0.2714604)
(0.8390864, 0.1440837, 0.2712693)
(0.8414535, 0.1424765, 0.2705496)
(0.8445027, 0.1409312, 0.270323)
(0.8470971, 0.1396634, 0.2700342)
(0.848439, 0.1376692, 0.2689937)
(0.8496625, 0.136316, 0.2687736)
(0.8480422, 0.1346049, 0.2681248)
(0.8486035, 0.1319636, 0.2661607)
(0.8487242, 0.1288046, 0.2638762)
(0.8510319, 0.1257303, 0.2619129)
(0.8525693, 0.123732, 0.2609303)
(0.8525309, 0.1200676, 0.2588422)
(0.8522456, 0.1160511, 0.2562186)
(0.8524963, 0.1134545, 0.2551759)
(0.8531727, 0.1102936, 0.2532004)
(0.8543425, 0.1068565, 0.2507721)
(0.856006, 0.1036728, 0.2481029)
(0.8572954, 0.1004114, 0.2452864)
(0.8582489, 0.09720158, 0.2425526)
(0.8584665, 0.09404833, 0.2394537)
(0.8580208, 0.09214113, 0.237258)
(0.8591278, 0.09028333, 0.2350706)
(0.8634346, 0.08795929, 0.2322278)
(0.8678832, 0.08456037, 0.228218)
(0.8710787, 0.07915799, 0.2221221)
(0.8716329, 0.07253741, 0.2154224)
(0.8711303, 0.06626316, 0.2091732)
(0.8704653, 0.06061297, 0.2034913)
(0.8685205, 0.05627858, 0.1991405)
(0.862915, 0.05354206, 0.1962814)
(0.8588334, 0.04986917, 0.1933256)
(0.8596208, 0.04590672, 0.1900407)
(0.861567, 0.04240058, 0.1862111)
(0.8656098, 0.03908439, 0.1827284)
(0.8661063, 0.0346563, 0.1785093)
(0.8640336, 0.03036389, 0.1740283)
(0.8604537, 0.02738817, 0.1707267)
(0.8520055, 0.02783604, 0.1713044)
(0.8398339, 0.02659855, 0.1704231)
(0.8326747, 0.02206547, 0.1665277)
(0.8261839, 0.0171145, 0.162907)
(0.821524, 0.01251278, 0.159539)
(0.8186285, 0.005983782, 0.1557663)
(0.8181767, 6.280519, 0.1503114)
(0.8235725, 6.271094, 0.1444978)
(0.8311766, 6.262586, 0.1398586)
(0.8348304, 6.255571, 0.136259)
(0.8358977, 6.25304, 0.137081)
(0.8327706, 6.249912, 0.1381052)
(0.8269925, 6.247478, 0.1383639)
(0.8231882, 6.24565, 0.1392417)
(0.8207004, 6.244641, 0.1403018)
(0.8214458, 6.241728, 0.1392893)
(0.8243685, 6.239349, 0.138124)
(0.8263387, 6.237719, 0.1383648)
(0.8261705, 6.235792, 0.1380252)
(0.8251112, 6.23424, 0.1377344)
(0.8244236, 6.232666, 0.137604)
(0.8242819, 6.231408, 0.1372734)
(0.8246636, 6.230043, 0.1365635)
(0.8256399, 6.228934, 0.1360378)
(0.8263006, 6.228148, 0.1357759)
(0.8272029, 6.227373, 0.135419)
(0.8295179, 6.227259, 0.1365259)
(0.8302721, 6.227233, 0.1375229)
(0.8315416, 6.227921, 0.1380076)
(0.8316064, 6.228697, 0.1390684)
(0.8315715, 6.227484, 0.1377884)
(0.8330399, 6.227104, 0.1381972)
(0.8346201, 6.226798, 0.1386426)
(0.8356245, 6.225544, 0.137971)
(0.8367035, 6.223405, 0.1363236)
(0.8372803, 6.221869, 0.135016)
(0.8380622, 6.220556, 0.1337659)
(0.8391922, 6.219987, 0.132641)
(0.8402572, 6.219723, 0.131839)
(0.8404881, 6.220094, 0.1314173)
(0.8399662, 6.219693, 0.1301873)
(0.8381322, 6.219727, 0.1281869)
(0.8371104, 6.219912, 0.1267847)
(0.835583, 6.22143, 0.1260015)
(0.8345842, 6.22347, 0.1251933)
(0.8342112, 6.226015, 0.124967)
(0.8333237, 6.230043, 0.1254655)
(0.8319368, 6.232416, 0.1248209)
(0.8311819, 6.235057, 0.1236685)
(0.8318015, 6.237936, 0.1230852)
(0.8320296, 6.240896, 0.1222771)
(0.8317904, 6.244591, 0.1220852)
(0.8316229, 6.248092, 0.1219466)
(0.8315692, 6.251296, 0.1211659)
(0.8313848, 6.253189, 0.119655)
(0.8305767, 6.254367, 0.1173995)
(0.8288626, 6.255929, 0.1156784)
(0.826377, 6.25712, 0.1140103)
(0.8241475, 6.258096, 0.1122985)
(0.8222649, 6.259202, 0.1107511)
(0.8221312, 6.260325, 0.1094777)
(0.8214049, 6.261264, 0.1084548)
(0.8175704, 6.262383, 0.1072817)
(0.8160828, 6.264351, 0.1072737)
(0.8164036, 6.266847, 0.1080218)
(0.8151255, 6.268358, 0.1082731)
(0.8159204, 6.270031, 0.1102925)
(0.8182807, 6.273077, 0.113536)
(0.8158063, 6.274922, 0.118375)
(0.8119147, 6.27444, 0.1198235)
(0.8092987, 6.273871, 0.121147)
(0.8137327, 6.271213, 0.1212124)
(0.8238082, 6.267736, 0.1218848)
(0.8307995, 6.265933, 0.1247854)
(0.8339784, 6.263929, 0.1268385)
(0.8365459, 6.260796, 0.1277725)
(0.8386526, 6.259946, 0.1302487)
(0.8372052, 6.262991, 0.135202)
(0.8320501, 6.266911, 0.1405829)
(0.8287719, 6.268615, 0.1440976)
(0.8293971, 6.26811, 0.1463197)
(0.8334943, 6.266909, 0.14728)
(0.8372017, 6.265341, 0.148413)
(0.8372948, 6.264799, 0.1500156)
(0.8362663, 6.264885, 0.1515797)
(0.8307141, 6.265995, 0.1536624)
(0.8263536, 6.268375, 0.1563902)
(0.8229789, 6.270228, 0.1588081)
(0.8188291, 6.270982, 0.1601316)
(0.8154044, 6.272227, 0.161494)
(0.8139864, 6.274385, 0.1629813)
(0.8143273, 6.277365, 0.1645367)
(0.8145956, 6.280446, 0.1663231)
(0.8154575, 0.001726821, 0.1681617)
(0.8161054, 0.007296958, 0.1708874)
(0.8166683, 0.01245575, 0.173534)
(0.8174592, 0.01886038, 0.1766042)
(0.8189556, 0.02590049, 0.1802328)
(0.8200089, 0.03364726, 0.1838693)
(0.8199798, 0.04013873, 0.1865962)
(0.8199192, 0.04775228, 0.1892599)
(0.8209518, 0.05517748, 0.1923324)
(0.8228593, 0.06288097, 0.1952305)
(0.8236915, 0.06959392, 0.1974736)
(0.8212802, 0.0744902, 0.1977129)
(0.8192958, 0.08010256, 0.1988807)
(0.8164638, 0.08549612, 0.2000175)
(0.8157982, 0.09141856, 0.201129)
(0.8162983, 0.09467305, 0.2004729)
(0.8157758, 0.09729258, 0.1994409)
(0.8145388, 0.1003279, 0.1991053)
(0.8138012, 0.1029984, 0.1986027)
(0.8130476, 0.1055065, 0.1974569)
(0.8124527, 0.1075642, 0.196574)
(0.8107896, 0.1099147, 0.196006)
(0.8067624, 0.1123807, 0.1959267)
(0.8021877, 0.116041, 0.1970952)
(0.799526, 0.1195071, 0.1983792)
(0.7977715, 0.1217388, 0.1986289)
(0.7959349, 0.1237348, 0.1983684)
(0.7956599, 0.1264346, 0.199293)
(0.7947099, 0.1294097, 0.2006027)
(0.7942817, 0.1321834, 0.2031552)
(0.7935431, 0.1348925, 0.2057943)
(0.7902567, 0.1364582, 0.207472)
(0.7862947, 0.1368374, 0.2086404)
(0.783057, 0.1369751, 0.2104037)
(0.7808107, 0.136831, 0.2120656)
(0.7790129, 0.135927, 0.2131416)
(0.7777039, 0.1335337, 0.2141525)
(0.7765893, 0.1315133, 0.2152693)
(0.777158, 0.1260137, 0.2148066)
(0.7771616, 0.1224177, 0.2152098)
(0.7763676, 0.1194539, 0.2170161)
(0.7755669, 0.1133637, 0.2161342)
(0.7753041, 0.1079728, 0.215495)
(0.7745008, 0.1041401, 0.2160312)
(0.7731198, 0.09998728, 0.2160512)
(0.7716408, 0.09588108, 0.2159813)
(0.7718261, 0.09244068, 0.2168861)
(0.7720419, 0.08965668, 0.217724)
(0.772674, 0.0858018, 0.2176344)
(0.7718764, 0.08237381, 0.2173031)
(0.7726796, 0.07936411, 0.2175063)
(0.7724445, 0.0776854, 0.2186573)
(0.7687902, 0.07460546, 0.2186182)
(0.7649301, 0.07184649, 0.218846)
(0.7599631, 0.06943434, 0.2191553)
(0.7571526, 0.06626949, 0.2186697)
(0.756708, 0.06246368, 0.2175107)
(0.7552519, 0.0589886, 0.2167935)
(0.751765, 0.05476874, 0.2155704)
(0.7485311, 0.0492843, 0.2131107)
(0.7460203, 0.04531878, 0.2114213)
(0.7439995, 0.04270433, 0.2098645)
(0.7399384, 0.04020841, 0.2089164)
(0.7352053, 0.03752887, 0.2075142)
(0.7297787, 0.03539271, 0.2063668)
(0.726366, 0.0331742, 0.2051221)
(0.7233437, 0.03071479, 0.2036659)
(0.7208009, 0.02824995, 0.2018341)
(0.7183416, 0.02617606, 0.1995929)
(0.7147296, 0.02497558, 0.1980689)
(0.710132, 0.02468738, 0.1968797)
(0.7061297, 0.02383343, 0.1954332)
(0.7028245, 0.02391683, 0.1939194)
(0.7010372, 0.02392454, 0.1926133)
(0.699612, 0.02408932, 0.1912337)
(0.6976078, 0.02495942, 0.1903012)
(0.6955838, 0.02702704, 0.1902271)
(0.6940563, 0.02952021, 0.1907133)
(0.6935105, 0.03055433, 0.1901535)
(0.6930897, 0.03215414, 0.1897954)
(0.6927947, 0.03283523, 0.1893734)
(0.6918029, 0.03362938, 0.1889638)
(0.692216, 0.03551688, 0.1889064)
(0.6918573, 0.03683899, 0.1890667)
(0.6924485, 0.03703471, 0.188931)
(0.6941417, 0.03786589, 0.1893797)
(0.6947077, 0.03630829, 0.1883614)
(0.6950163, 0.03579755, 0.1876981)
(0.6959993, 0.03557032, 0.1873346)
(0.6963791, 0.03585456, 0.1874265)
(0.6963993, 0.03635931, 0.1876129)
(0.6965516, 0.03623961, 0.1873593)
(0.6966981, 0.03646414, 0.1873111)
(0.6971234, 0.03624557, 0.1873958)
(0.6975986, 0.03595595, 0.1869561)
(0.6979771, 0.03566596, 0.1866491)
(0.6982845, 0.03522646, 0.1863046)
(0.6984612, 0.03522001, 0.1859087)
(0.6986765, 0.03486155, 0.1854775)
(0.6981131, 0.03486993, 0.1851224)
(0.6980019, 0.03501075, 0.1846533)
(0.6982805, 0.03522348, 0.1845249)
(0.698063, 0.03531078, 0.184927)
(0.6983883, 0.0349393, 0.1837965)
(0.6986027, 0.03482798, 0.1831183)
(0.698866, 0.03488283, 0.1827174)
(0.6990405, 0.03539911, 0.1823279)
(0.6985921, 0.03535849, 0.1818557)
(0.6980265, 0.03554663, 0.1813836)
(0.6982383, 0.03558424, 0.1805596)
(0.6990626, 0.03545896, 0.1794727)
(0.6991778, 0.03567378, 0.1788514)
(0.6987783, 0.03619135, 0.1781678)
(0.6986063, 0.03659903, 0.1775463)
(0.6983096, 0.03686509, 0.1767365)
(0.698276, 0.03755994, 0.176026)
(0.6985018, 0.0380288, 0.1754355)
(0.6984403, 0.03866146, 0.1746896)
(0.6976144, 0.03927077, 0.1739831)
(0.6969949, 0.04014988, 0.1734206)
(0.6969027, 0.04133535, 0.1730464)
(0.6966822, 0.04223931, 0.1724706)
(0.6965876, 0.0431414, 0.1718961)
(0.6964688, 0.04406536, 0.1712707)
(0.6966833, 0.04517416, 0.1708543)
(0.6967207, 0.04622827, 0.1705025)
(0.6968014, 0.04783153, 0.1705893)
(0.6968734, 0.04907513, 0.1703599)
(0.696959, 0.04990785, 0.1698751)
(0.6966792, 0.0510466, 0.169743)
(0.6963532, 0.05217887, 0.1693954)
(0.6954563, 0.05339102, 0.1689527)
(0.6949683, 0.05463997, 0.1688639)
(0.694693, 0.05579178, 0.1688522)
(0.6939646, 0.05678493, 0.1689254)
(0.6950711, 0.05811637, 0.1689231)
(0.6939316, 0.058175, 0.1680248)
(0.6931602, 0.05861224, 0.1672478)
(0.6939291, 0.06017535, 0.1673249)
(0.694617, 0.06090538, 0.1666734)
(0.6955287, 0.06181389, 0.1672206)
(0.6957401, 0.06286986, 0.1677086)
(0.6945403, 0.0623187, 0.166807)
(0.6935616, 0.06262764, 0.1664796)
(0.6937975, 0.06327468, 0.1667653)
(0.6942493, 0.06361391, 0.1667162)
(0.6943679, 0.06373395, 0.1665027)
(0.6948714, 0.06407299, 0.1667384)
(0.6949395, 0.0642029, 0.1666687)
(0.6946487, 0.06408002, 0.1664575)
