0.0109347
0.0111917
0.0111338
0.011345
0.0111071
0.0112179
0.011011
0.0112574
0.0112792
0.0217676
0.0122311
0.0105277
0.0111596
0.0113554
0.0110841
0.0114284
0.0178732
0.0066311
0.0084826
0.0116895
0.0112863
0.0108891
0.0223793
0.0073544
0.0116982
0.0071406
0.0069907
0.01167
0.0110316
0.0113217
0.0108896
0.0109973
0.0112176
0.0111975
0.0111074
0.0180571
0.0176925
0.0072773
0.0061821
0.0098907
0.0078628
0.0117361
0.0106201
0.011261
0.0111288
0.0114288
0.0113995
0.0106298
0.0111584
0.0114369
0.01108
0.0235177
0.0108501
0.0185343
0.0065547
0.0073553
