0.3118918
0.1966777
0.1551868
0.09548658
0.05749863
0.04864017
0.04045028
0.0124099
0.0215625
0.03647808
0.04800731
0.06884686
0.07857493
0.08889145
0.0783566
0.06895968
0.06767988
0.07781698
0.07235391
0.07396933
0.07592513
0.0719304
0.06101303
0.05285793
0.04389982
0.02920125
0.03233849
0.04082426
0.05194804
0.05451006
0.0568735
0.05423955
0.07064824
0.03286827
0.03473573
0.05053917
0.0277654
0.03501144
MSE 0.06781235
total_moving_Distance 0.5253932
height_from_ground 0.08278
height_from_ground_error 0.04393399
height_from_ground_error2 0.04393399