(-2.700782, 0.9237051, 23.87373)
(-3.302145, 1.688957, 23.79988)
(-3.914416, 2.402401, 23.89883)
(-4.888463, 3.260064, 23.66935)
(-6.123328, 3.937793, 23.569)
(-6.99811, 4.765701, 23.31558)
(-8.060861, 5.957556, 22.31039)
(-9.9576, 7.989931, 21.50642)
(-9.9576, 7.989931, 21.50642)
(-10.8565, 8.787799, 21.33505)
(-12.09043, 9.181619, 20.99215)
(-13.14895, 10.00547, 20.64258)
(-14.1499, 10.78656, 20.29329)
(-15.1654, 11.53994, 19.90269)
(-16.32583, 12.34875, 19.57323)
(-17.35909, 12.82673, 19.37538)
(-18.2448, 13.23988, 19.07553)
(-20.17002, 13.75177, 18.94904)
(-20.96186, 13.97586, 18.85084)
(-20.96186, 13.97586, 18.85084)
(-21.9173, 14.40089, 18.78225)
(-22.74647, 14.52901, 18.89743)
(-23.47245, 14.56566, 19.00059)
(-24.86312, 14.57675, 19.3808)
(-24.86312, 14.57675, 19.3808)
(-25.36612, 14.4047, 19.65135)
(-25.96733, 14.32035, 19.86849)
(-26.46289, 14.12542, 20.18635)
(-26.80545, 13.81915, 20.71174)
(-27.2023, 13.63125, 21.09846)
(-27.44727, 13.45553, 21.58571)
(-28.04856, 13.45103, 22.53662)
(-28.04856, 13.45103, 22.53662)
(-28.37088, 13.62858, 22.86705)
(-28.72293, 13.70287, 23.2407)
(-28.84154, 13.54349, 23.63201)
(-29.10991, 13.21964, 23.8135)
(-29.12323, 12.97779, 24.05614)
(-29.01781, 12.61992, 24.33993)
(-29.03082, 12.41453, 24.55164)
(-29.03829, 12.09295, 24.94241)
