(-0.1204957, -0.7668628, 0.6303986)
(-0.1203809, -0.7668337, 0.6304559)
(-0.1203688, -0.7670522, 0.6301923)
(-0.1204634, -0.7672841, 0.6298918)
(-0.1207684, -0.7674052, 0.6296858)
(-0.1216124, -0.7672474, 0.6297157)
(-0.1225202, -0.7673236, 0.6294467)
(-0.1233097, -0.7674138, 0.6291827)
(-0.1240322, -0.7675812, 0.6288364)
(-0.1248916, -0.768171, 0.6279454)
(-0.1257166, -0.7685001, 0.6273779)
(-0.1267109, -0.7686762, 0.6269619)
(-0.1273746, -0.7687663, 0.626717)
(-0.1275639, -0.7689996, 0.6263922)
(-0.1270522, -0.7690997, 0.6263732)
(-0.1266404, -0.7689171, 0.6266807)
(-0.1269085, -0.7679566, 0.6278032)
(-0.127727, -0.7674901, 0.6282076)
(-0.1287924, -0.7672861, 0.6282393)
(-0.1292132, -0.7668676, 0.6286638)
(-0.1289738, -0.7667313, 0.6288791)
(-0.12868, -0.7668912, 0.6287442)
(-0.1283974, -0.7672995, 0.6283036)
(-0.1288108, -0.7684201, 0.6268479)
(-0.1290848, -0.7680661, 0.6272253)
(-0.1291965, -0.7678334, 0.6274872)
(-0.1289975, -0.7681599, 0.6271283)
(-0.1288002, -0.7677422, 0.6276801)
(-0.1289466, -0.7669344, 0.628637)
(-0.1290996, -0.7668988, 0.6286491)
(-0.128681, -0.7667434, 0.6289244)
(-0.1285811, -0.7664146, 0.6293453)
(-0.1287786, -0.766892, 0.6287231)
(-0.1278631, -0.7681863, 0.6273283)
(-0.1281578, -0.7691945, 0.6260316)
(-0.129318, -0.7695466, 0.6253598)
(-0.1297443, -0.7691596, 0.6257476)
(-0.1266032, -0.7670216, 0.6290067)
(-0.1219022, -0.7659093, 0.6312866)
(-0.1201674, -0.7653241, 0.632328)
(-0.1206174, -0.7650709, 0.6325488)
(-0.1234303, -0.7654513, 0.6315451)
(-0.1248853, -0.7660315, 0.6305549)
(-0.1254952, -0.7668771, 0.6294049)
(-0.1262544, -0.7675102, 0.6284806)
(-0.1275868, -0.7682005, 0.6273671)
(-0.1292157, -0.7686772, 0.6264493)
(-0.1294682, -0.7683167, 0.6268392)
(-0.1298949, -0.7677707, 0.6274197)
(-0.1306728, -0.7673758, 0.6277413)
(-0.1321575, -0.7669457, 0.627956)
(-0.1329637, -0.7667498, 0.6280251)
(-0.1338229, -0.7662897, 0.6284041)
(-0.1344243, -0.7661293, 0.6284712)
(-0.1344126, -0.7658599, 0.6288019)
(-0.1339791, -0.7655466, 0.6292758)
(-0.1348957, -0.7650918, 0.629633)
(-0.1358928, -0.7647133, 0.6298785)
(-0.1366352, -0.7641318, 0.6304232)
(-0.1361688, -0.7641381, 0.6305165)
(-0.1361497, -0.7640652, 0.6306089)
(-0.1367654, -0.7656312, 0.6285731)
(-0.1374646, -0.7648598, 0.6293592)
(-0.1377204, -0.7640103, 0.6303344)
(-0.136148, -0.764075, 0.6305974)
(-0.134931, -0.7639815, 0.6309722)
(-0.1346004, -0.7641634, 0.6308224)
(-0.133934, -0.7646219, 0.6304087)
(-0.1336073, -0.7647234, 0.6303549)
(-0.1328422, -0.7645745, 0.6306971)
(-0.1312069, -0.7641004, 0.6316133)
(-0.1298171, -0.7641338, 0.63186)
(-0.1262843, -0.7647429, 0.6318391)
(-0.1223631, -0.7647232, 0.632634)
(-0.116408, -0.7651815, 0.6332033)
(-0.110382, -0.7666898, 0.6324576)
(-0.1057625, -0.7694035, 0.6299465)
(-0.1022195, -0.7716579, 0.6277701)
(-0.09795114, -0.7726052, 0.6272852)
(-0.09199037, -0.7711641, 0.6299553)
(-0.08549288, -0.7699025, 0.632409)
(-0.07789829, -0.7696704, 0.6336713)
(-0.07228485, -0.7721995, 0.631255)
(-0.06800838, -0.7772691, 0.625482)
(-0.06648657, -0.7819533, 0.6197811)
(-0.06597996, -0.7836962, 0.6176301)
(-0.06307645, -0.7819867, 0.6200953)
(-0.05816117, -0.7807972, 0.6220716)
(-0.05076268, -0.7797102, 0.6240795)
(-0.04351121, -0.7810771, 0.6229168)
(-0.03518245, -0.7856569, 0.6176614)
(-0.03148757, -0.7889581, 0.6136397)
(-0.03232944, -0.7906448, 0.611421)
(-0.03291045, -0.7895836, 0.6127598)
(-0.03230186, -0.788766, 0.6138443)
(-0.02989465, -0.7883248, 0.6145327)
(-0.02731158, -0.7887566, 0.6140987)
(-0.0247952, -0.7900962, 0.6124812)
(-0.02265182, -0.792895, 0.608937)
(-0.02071977, -0.7964992, 0.6042845)
(-0.01986808, -0.7996708, 0.6001099)
(-0.01920572, -0.8006712, 0.5987961)
(-0.01809612, -0.8015859, 0.5976057)
(-0.01697341, -0.8021939, 0.5968224)
(-0.01607805, -0.8026912, 0.5961781)
(-0.01523197, -0.8031821, 0.5955387)
(-0.01428142, -0.8038535, 0.5946558)
(-0.01387963, -0.8051257, 0.5929419)
(-0.01414633, -0.8063225, 0.591307)
(-0.01484394, -0.806929, 0.590462)
(-0.01491338, -0.8068539, 0.5905628)
(-0.01492727, -0.806749, 0.5907058)
(-0.01554513, -0.8068302, 0.5905788)
(-0.01599005, -0.8075098, 0.5896374)
(-0.01675165, -0.8085762, 0.588153)
(-0.01798174, -0.8100806, 0.5860426)
(-0.01905718, -0.8113157, 0.5842976)
(-0.02061954, -0.812721, 0.5822881)
(-0.02267379, -0.8133658, 0.5813107)
(-0.02486968, -0.813548, 0.5809658)
(-0.02647725, -0.8142344, 0.5799321)
(-0.02775732, -0.816083, 0.5772678)
(-0.02912188, -0.8181374, 0.5742849)
(-0.03117269, -0.8199154, 0.5716354)
(-0.03310749, -0.8208137, 0.5702357)
(-0.03465557, -0.8212973, 0.5694469)
(-0.03678197, -0.8222709, 0.5679064)
(-0.03751299, -0.8235375, 0.5660202)
(-0.03782254, -0.8245721, 0.5644911)
(-0.03831813, -0.82568, 0.5628361)
(-0.03930998, -0.8266729, 0.561308)
(-0.04187959, -0.8270714, 0.5605346)
(-0.04397184, -0.8277076, 0.5594342)
(-0.04569039, -0.8280919, 0.5587273)
(-0.0466428, -0.8282642, 0.558393)
(-0.04875146, -0.8289942, 0.5571284)
(-0.05185859, -0.8301941, 0.5550572)
(-0.05494624, -0.83133, 0.5530565)
(-0.06102972, -0.8324836, 0.5506781)
(-0.06928492, -0.8330913, 0.5487792)
(-0.07875255, -0.833003, 0.5476349)
(-0.08692434, -0.830408, 0.5503333)
(-0.09529865, -0.8237993, 0.5588138)
(-0.1008559, -0.8213072, 0.5615003)
(-0.1073935, -0.8204553, 0.5615333)
(-0.1148571, -0.8225637, 0.5569532)
(-0.1234931, -0.8238161, 0.5532418)
(-0.1332536, -0.8210072, 0.5551493)
(-0.1392714, -0.8131487, 0.5651483)
(-0.1429787, -0.8046018, 0.5763445)
(-0.1467388, -0.7974984, 0.5852043)
(-0.1485019, -0.791432, 0.592944)
(-0.149642, -0.7909858, 0.5932528)
(-0.1536417, -0.7953206, 0.5863953)
(-0.1607249, -0.8001209, 0.5779049)
(-0.1676057, -0.8017908, 0.57362)
(-0.1745411, -0.8026665, 0.5703174)
(-0.1803241, -0.8003516, 0.5717697)
(-0.1857608, -0.7963148, 0.5756523)
(-0.1907986, -0.7927937, 0.5788558)
(-0.1940205, -0.7888956, 0.5830951)
(-0.195917, -0.7871912, 0.5847619)
(-0.1980528, -0.7875944, 0.5834982)
(-0.2012896, -0.7886809, 0.5809175)
(-0.2056241, -0.7883976, 0.5797828)
(-0.2113101, -0.7877487, 0.5786191)
(-0.2175449, -0.7852529, 0.5796999)
(-0.2212574, -0.7827877, 0.5816258)
(-0.2246252, -0.7811009, 0.5826018)
(-0.2280277, -0.7801782, 0.5825164)
(-0.232014, -0.778822, 0.5827571)
(-0.2375254, -0.7776661, 0.58208)
(-0.2427008, -0.777034, 0.5807878)
(-0.2472236, -0.7759132, 0.5803785)
(-0.2500401, -0.7744571, 0.5811163)
(-0.2525624, -0.7726687, 0.5824049)
(-0.2559287, -0.7716905, 0.5822322)
(-0.2607284, -0.7700353, 0.582294)
(-0.2652733, -0.7686498, 0.5820717)
(-0.2689578, -0.7674628, 0.5819472)
(-0.272451, -0.767092, 0.5808101)
(-0.2757058, -0.766246, 0.5803908)
(-0.279258, -0.7648382, 0.5805494)
(-0.283192, -0.7625768, 0.5816175)
(-0.2860719, -0.7608479, 0.5824718)
(-0.2878557, -0.7586713, 0.5844287)
(-0.2885948, -0.7569481, 0.5862957)
(-0.2896263, -0.7550343, 0.5882515)
(-0.2912615, -0.7530832, 0.5899427)
(-0.2928388, -0.7513293, 0.5913965)
(-0.2922646, -0.7505702, 0.5926431)
(-0.2913785, -0.7501833, 0.5935685)
(-0.289496, -0.7505833, 0.5939838)
(-0.2880206, -0.750093, 0.5953189)
(-0.2867451, -0.7491994, 0.5970574)
(-0.2856533, -0.7483934, 0.5985897)
(-0.2836376, -0.7486197, 0.5992648)
(-0.281311, -0.7489634, 0.5999316)
(-0.2793637, -0.7481105, 0.6019025)
(-0.2781824, -0.7476959, 0.6029639)
(-0.2764944, -0.748207, 0.6031063)
(-0.2732051, -0.7485542, 0.6041734)
(-0.2701947, -0.7482294, 0.6059271)
(-0.2677792, -0.7469465, 0.6085763)
(-0.2654207, -0.7448936, 0.6121156)
(-0.262486, -0.7437417, 0.6147759)
(-0.2595969, -0.7439765, 0.6157179)
(-0.2544719, -0.7459095, 0.6155185)
(-0.2503817, -0.7479928, 0.6146672)
(-0.2477679, -0.7498473, 0.6134656)
(-0.2472565, -0.7529403, 0.6098731)
(-0.2472452, -0.755388, 0.6068432)
(-0.2449842, -0.7575403, 0.6050748)
(-0.2419817, -0.760504, 0.60256)
(-0.239238, -0.764623, 0.5984287)
(-0.2369617, -0.7683855, 0.5945022)
(-0.2339272, -0.7687284, 0.5952602)
(-0.2291481, -0.7667446, 0.5996615)
(-0.2245474, -0.766192, 0.6021032)
(-0.2210439, -0.7658284, 0.6038595)
(-0.2169375, -0.7659177, 0.6052341)
(-0.2131181, -0.7652095, 0.6074826)
(-0.2103017, -0.7649693, 0.6087652)
(-0.2078849, -0.7662525, 0.6079811)
(-0.205124, -0.7682582, 0.6063856)
(-0.2012869, -0.7696854, 0.6058612)
(-0.194866, -0.7702168, 0.6072836)
(-0.1890888, -0.7701228, 0.609226)
(-0.1826834, -0.7682555, 0.6135227)
(-0.1774127, -0.7666591, 0.6170564)
(-0.1727894, -0.7666559, 0.6183709)
(-0.1678884, -0.7672327, 0.6190054)
(-0.1624359, -0.7685085, 0.6188774)
(-0.1577193, -0.7694212, 0.6189635)
(-0.1535017, -0.7692363, 0.6202521)
(-0.150455, -0.7687839, 0.6215582)
(-0.1467777, -0.7682009, 0.6231562)
(-0.1430782, -0.767015, 0.6254731)
(-0.1401024, -0.7659333, 0.6274691)
(-0.1381707, -0.7649621, 0.6290802)
(-0.1359178, -0.7644259, 0.6302217)
(-0.134101, -0.7641452, 0.6309509)
(-0.1318221, -0.7639821, 0.6316283)
(-0.1289826, -0.7632951, 0.6330436)
(-0.1261301, -0.7621213, 0.6350294)
(-0.123637, -0.761265, 0.636545)
(-0.1216179, -0.760065, 0.6383654)
(-0.1206242, -0.7592023, 0.6395793)
(-0.1198764, -0.7586377, 0.6403893)
(-0.1182566, -0.7576874, 0.6418139)
(-0.1171761, -0.756219, 0.6437411)
(-0.1161603, -0.7549942, 0.6453608)
(-0.1145206, -0.7541505, 0.646639)
(-0.1130178, -0.7532603, 0.6479398)
(-0.111744, -0.752058, 0.6495553)
(-0.1109218, -0.7506945, 0.6512711)
(-0.1101925, -0.7484919, 0.6539246)
(-0.1107523, -0.7454225, 0.6573272)
(-0.1103466, -0.7430531, 0.6600725)
(-0.1110001, -0.7411931, 0.6620512)
(-0.1123233, -0.7395132, 0.6637045)
(-0.1140966, -0.7383919, 0.6646498)
(-0.1157859, -0.737396, 0.6654629)
(-0.1164843, -0.7356765, 0.6672417)
(-0.1169187, -0.7334982, 0.66956)
(-0.117894, -0.7315158, 0.6715547)
(-0.119265, -0.7301428, 0.6728056)
(-0.120491, -0.7282885, 0.6745945)
(-0.1223848, -0.7266625, 0.6760057)
(-0.1240144, -0.725699, 0.6767433)
(-0.1256403, -0.7241921, 0.6780564)
(-0.1282924, -0.7227268, 0.6791223)
(-0.1311634, -0.7235668, 0.6776779)
(-0.1345339, -0.7279613, 0.6722894)
(-0.1400219, -0.7290843, 0.6699477)
(-0.1465009, -0.7232937, 0.6748213)
(-0.1478314, -0.7168623, 0.6813622)
(-0.1449451, -0.7074676, 0.6917229)
(-0.1418339, -0.7020989, 0.6978111)
(-0.1394814, -0.7009926, 0.6993957)
(-0.1421145, -0.7020589, 0.6977943)
(-0.1468523, -0.7010318, 0.6978459)
(-0.1530757, -0.6986136, 0.6989328)
(-0.1567702, -0.6946728, 0.7020348)
(-0.1581844, -0.6885991, 0.7076787)
(-0.1590505, -0.6849143, 0.7110524)
(-0.1585588, -0.6828936, 0.7131027)
(-0.1576109, -0.6826587, 0.7135376)
(-0.1569573, -0.6832415, 0.7131237)
(-0.1579918, -0.6835545, 0.7125951)
(-0.1594867, -0.682478, 0.7132937)
(-0.16191, -0.6798129, 0.7152898)
(-0.1634214, -0.6776775, 0.7169704)
(-0.165184, -0.6762173, 0.7179446)
(-0.1662326, -0.6752618, 0.7186016)
(-0.1672127, -0.6763327, 0.717366)
(-0.1688757, -0.6772466, 0.7161132)
(-0.1713745, -0.6767029, 0.7160335)
(-0.1740102, -0.6757543, 0.7162937)
(-0.1763659, -0.6752345, 0.7162077)
(-0.1788139, -0.674221, 0.7165554)
(-0.180725, -0.6745722, 0.7157449)
(-0.1816664, -0.6750392, 0.715066)
(-0.1819482, -0.6751919, 0.7148502)
(-0.1826399, -0.675469, 0.7144119)
(-0.1839005, -0.6755815, 0.713982)
(-0.1858338, -0.6736543, 0.7153012)
(-0.1873581, -0.6733246, 0.7152139)
(-0.1881062, -0.6741596, 0.7142303)
(-0.1892622, -0.6746117, 0.7134976)
(-0.1902567, -0.6740448, 0.7137688)
(-0.1913234, -0.6734987, 0.7139992)
(-0.1922189, -0.6737214, 0.7135485)
(-0.1940389, -0.6742811, 0.7125264)
(-0.1952121, -0.6752826, 0.7112564)
(-0.1969785, -0.6756374, 0.7104319)
(-0.1977649, -0.6748908, 0.7109229)
(-0.1983439, -0.6750953, 0.7105674)
