(0.7126648, 0.01517504, 0.1690228)
(0.7121608, 0.01517426, 0.1693267)
(0.7114391, 0.01537521, 0.1697915)
(0.7111201, 0.01510473, 0.1698878)
(0.7105404, 0.01514223, 0.1695556)
(0.71016, 0.01534721, 0.1693718)
(0.709666, 0.01636635, 0.170327)
(0.7092282, 0.01673893, 0.1708656)
(0.7088951, 0.01695849, 0.1716519)
(0.7089987, 0.01734941, 0.1723657)
(0.7085651, 0.01790309, 0.1724878)
(0.7080718, 0.01835324, 0.172655)
(0.7073678, 0.01905395, 0.1729448)
(0.7064438, 0.01957217, 0.1730792)
(0.7053444, 0.01991773, 0.1734832)
(0.704254, 0.02030479, 0.1738945)
(0.7031969, 0.02055801, 0.1741136)
(0.7022232, 0.02087975, 0.1742974)
(0.7004019, 0.0215522, 0.1747296)
(0.6990372, 0.02210979, 0.1744868)
(0.6966199, 0.02246145, 0.1748608)
(0.6956704, 0.02273842, 0.1749556)
(0.6954957, 0.02257937, 0.1749571)
(0.694308, 0.02217907, 0.1745347)
(0.692955, 0.02148543, 0.1735852)
(0.6915865, 0.02080654, 0.1733667)
(0.6916035, 0.02093986, 0.1738844)
(0.6910895, 0.02109411, 0.1745267)
(0.690683, 0.02049298, 0.174275)
(0.6899655, 0.01921982, 0.1735105)
(0.6892367, 0.01945681, 0.1736276)
(0.6886794, 0.01957096, 0.1734858)
(0.6883225, 0.01992296, 0.1736197)
(0.6880704, 0.02041697, 0.174008)
(0.6882914, 0.0205971, 0.1741461)
(0.6882531, 0.0212666, 0.174452)
(0.6880473, 0.02191603, 0.1746515)
(0.6882415, 0.0219028, 0.1743872)
(0.6885484, 0.02229655, 0.1747994)
(0.6885191, 0.022914, 0.17529)
(0.6886113, 0.02309017, 0.1753915)
(0.6889363, 0.0233025, 0.1755587)
(0.6892663, 0.02389329, 0.1759133)
(0.6895687, 0.02437947, 0.1760985)
(0.6899288, 0.02401789, 0.1754547)
(0.6903101, 0.02421236, 0.1752007)
(0.6917365, 0.02480951, 0.1754213)
(0.6927623, 0.02454013, 0.1751999)
(0.6935768, 0.02475307, 0.1754162)
(0.6949764, 0.02449454, 0.1752289)
(0.6962021, 0.0243995, 0.1749881)
(0.697091, 0.02475765, 0.1751842)
(0.6981338, 0.02467508, 0.1750062)
(0.699563, 0.02399714, 0.1746089)
(0.7004303, 0.02418055, 0.1749015)
(0.701781, 0.0239252, 0.1751113)
(0.7035826, 0.02277163, 0.1742719)
(0.7047913, 0.02292277, 0.1742834)
(0.7061565, 0.0224187, 0.1739675)
(0.7078564, 0.02150763, 0.1734813)
(0.7093703, 0.02115125, 0.1733145)
(0.7108036, 0.02030214, 0.1729111)
(0.7121651, 0.0199926, 0.1728938)
(0.713446, 0.01966989, 0.1728014)
(0.7142689, 0.01931053, 0.1727065)
(0.7156743, 0.0186823, 0.1722398)
(0.7166289, 0.01860935, 0.1720195)
(0.7175088, 0.01861147, 0.1720467)
(0.7187044, 0.01850358, 0.1721606)
(0.7194647, 0.01856198, 0.1722875)
(0.720144, 0.01866027, 0.1725057)
(0.7204956, 0.01852346, 0.172243)
(0.7211511, 0.01858466, 0.1719485)
(0.7213713, 0.01862756, 0.1714866)
(0.7217854, 0.01852455, 0.1710082)
(0.7221147, 0.0189025, 0.1709936)
(0.7229828, 0.01958512, 0.1708655)
(0.7229316, 0.02005597, 0.1706421)
(0.7230603, 0.02040757, 0.1697093)
(0.7229285, 0.02066399, 0.1693817)
(0.7231068, 0.02140223, 0.1702037)
(0.7235898, 0.02234101, 0.1710106)
(0.7243854, 0.02258318, 0.1715597)
(0.7249472, 0.02271195, 0.1717079)
(0.7244213, 0.02379803, 0.1723188)
(0.7239475, 0.02458367, 0.1728286)
(0.72355, 0.02466158, 0.1727253)
(0.7233821, 0.02524189, 0.1732925)
(0.7236853, 0.02545731, 0.1739366)
(0.7241693, 0.02537367, 0.174558)
(0.7242116, 0.02525226, 0.1746117)
(0.723826, 0.02541507, 0.1750727)
(0.7233679, 0.02541223, 0.1752894)
(0.7229183, 0.02538163, 0.1756465)
(0.722196, 0.02505418, 0.1762534)
(0.7218974, 0.02452419, 0.1764514)
(0.7215007, 0.02406217, 0.1771098)
(0.721202, 0.02332881, 0.1771843)
(0.7206473, 0.02229411, 0.1770551)
(0.7203403, 0.02167266, 0.1770891)
(0.7207369, 0.02065462, 0.1769192)
(0.7212304, 0.01934828, 0.1768899)
(0.721878, 0.01761242, 0.1761948)
(0.7224219, 0.01659125, 0.1764596)
(0.7231224, 0.01540984, 0.1765895)
(0.7232842, 0.01419821, 0.176609)
(0.7238883, 0.01308068, 0.1766108)
(0.7245048, 0.01208818, 0.1767608)
(0.7251253, 0.01112635, 0.1768096)
(0.7259632, 0.01039913, 0.1769789)
(0.727622, 0.009398911, 0.1773909)
(0.728377, 0.008094511, 0.1772088)
(0.7293696, 0.00767965, 0.1782175)
(0.730698, 0.007121235, 0.1791098)
(0.7316511, 0.006311572, 0.1799382)
(0.7330967, 0.005523667, 0.1804245)
(0.7349919, 0.003851891, 0.1804065)
(0.7364733, 0.002934926, 0.1805257)
(0.7375851, 0.002274453, 0.1809797)
(0.7380327, 0.001970741, 0.1819371)
(0.7387129, 0.0009225456, 0.181966)
(0.7406051, 6.282775, 0.1813769)
(0.7421061, 6.28186, 0.1816389)
(0.7427581, 6.282026, 0.1822329)
(0.7433655, 6.282054, 0.1828313)
(0.7444978, 6.282497, 0.1834825)
(0.7462479, 6.281847, 0.1830948)
(0.747435, 6.28123, 0.1833333)
(0.7488417, 6.282892, 0.1851133)
(0.7493026, 0.001309986, 0.1859623)
(0.7497135, 0.003144612, 0.187333)
(0.7506576, 0.004527093, 0.1872327)
(0.7506186, 0.00591176, 0.1872432)
(0.7517474, 0.008691111, 0.1889847)
(0.7523491, 0.01119763, 0.1903931)
(0.7524666, 0.01292221, 0.1910921)
(0.7534498, 0.01425765, 0.1910626)
(0.7540542, 0.01584464, 0.1915802)
(0.7545041, 0.01796642, 0.1922991)
(0.7543864, 0.01970491, 0.1926218)
(0.7546897, 0.02127007, 0.1931803)
(0.7548852, 0.02287286, 0.1932001)
(0.7551261, 0.02432589, 0.1933163)
(0.7554878, 0.02579009, 0.193624)
(0.7560623, 0.02714168, 0.193892)
(0.7566366, 0.02821888, 0.1948444)
(0.7573484, 0.0292557, 0.196081)
(0.7567123, 0.03052213, 0.1970361)
(0.7558345, 0.03102785, 0.1975831)
(0.7549644, 0.03196775, 0.1986085)
(0.7539989, 0.03281807, 0.1997645)
(0.7529687, 0.03292086, 0.2011195)
(0.7519886, 0.03275734, 0.2025622)
(0.750925, 0.03252358, 0.2035676)
(0.7499129, 0.03138649, 0.2049073)
(0.7491755, 0.03008966, 0.2059848)
(0.7482497, 0.02898791, 0.2067825)
(0.7479422, 0.02682632, 0.2070101)
(0.7475711, 0.0250787, 0.2074316)
(0.747617, 0.02243413, 0.2070122)
(0.7476699, 0.01978617, 0.2066057)
(0.7475, 0.01759283, 0.2068871)
(0.7473381, 0.01565968, 0.2068932)
(0.7475111, 0.01366137, 0.2069064)
(0.7476653, 0.01158975, 0.2064828)
(0.7479407, 0.009761384, 0.206036)
(0.7484876, 0.008810844, 0.2058515)
(0.7492977, 0.007559726, 0.2055654)
(0.7492809, 0.007721907, 0.2049256)
(0.7489261, 0.009173607, 0.2031024)
(0.7468355, 0.01208926, 0.2033753)
(0.7464542, 0.01658478, 0.2041632)
(0.7458777, 0.02213134, 0.2043151)
(0.7457208, 0.02907777, 0.205884)
(0.7459251, 0.03984102, 0.2093695)
(0.7463399, 0.05148324, 0.2115114)
(0.7496214, 0.06346974, 0.2139484)
(0.7554216, 0.07487414, 0.2164509)
(0.7672503, 0.08406042, 0.2165182)
(0.7762694, 0.09110627, 0.2149989)
(0.7823282, 0.1017001, 0.2155157)
(0.7853578, 0.11564, 0.2174655)
(0.7870415, 0.125186, 0.2180519)
(0.7923215, 0.1300811, 0.2165763)
(0.7975699, 0.1316112, 0.213706)
(0.8019785, 0.1350744, 0.2116064)
(0.8069604, 0.1405686, 0.210152)
(0.8143257, 0.1482034, 0.209922)
(0.8236342, 0.1540712, 0.2088989)
(0.8316748, 0.1572008, 0.2060297)
(0.8418976, 0.1575576, 0.2032265)
(0.8486317, 0.1572097, 0.2024242)
(0.8526649, 0.1568224, 0.2012488)
(0.8528203, 0.156661, 0.1990108)
(0.8543106, 0.1560889, 0.1960773)
(0.8581399, 0.1556985, 0.1932962)
(0.8610235, 0.1545391, 0.1917664)
(0.8649024, 0.1550508, 0.1929117)
(0.8682119, 0.1553778, 0.1932071)
(0.8710262, 0.1552541, 0.1944701)
(0.8726367, 0.1553881, 0.196637)
(0.8730226, 0.1557202, 0.1982733)
(0.8716419, 0.154194, 0.2002067)
(0.8682833, 0.153169, 0.2020573)
(0.8655091, 0.1526528, 0.203198)
(0.8606253, 0.1518485, 0.2049432)
(0.8550951, 0.1504087, 0.2060698)
(0.8498415, 0.1481257, 0.2060421)
(0.8422048, 0.1429287, 0.2041255)
(0.8356302, 0.1369637, 0.2020273)
(0.8301941, 0.1305503, 0.1993474)
(0.8248473, 0.1225858, 0.1956769)
(0.8183902, 0.1139801, 0.1911005)
(0.8110157, 0.1073683, 0.1882344)
(0.8051944, 0.1007086, 0.1831812)
(0.7967572, 0.08872643, 0.174619)
(0.789305, 0.08242951, 0.1719216)
(0.7826567, 0.07678909, 0.1683241)
(0.7763858, 0.06718942, 0.1618599)
(0.7732869, 0.06058528, 0.1573658)
(0.7702546, 0.05542421, 0.1535479)
(0.7662723, 0.05054193, 0.1497262)
(0.7624405, 0.04820608, 0.1474055)
(0.7589736, 0.04635488, 0.1466944)
(0.7546177, 0.04419379, 0.1469441)
(0.7494642, 0.04065923, 0.145701)
(0.743849, 0.03586199, 0.1431927)
(0.7380112, 0.0302827, 0.1406138)
(0.7326116, 0.02618127, 0.1387173)
(0.7274846, 0.02235086, 0.1372015)
(0.7242947, 0.01840961, 0.1360803)
(0.7213579, 0.01335599, 0.1341255)
(0.7204888, 0.007568226, 0.1335484)
(0.7196304, 0.001456478, 0.1348803)
(0.7177035, 6.279533, 0.1361223)
(0.7171627, 6.273842, 0.1380221)
(0.7185947, 6.265775, 0.1363786)
(0.7204378, 6.255663, 0.1318891)
(0.7206102, 6.247227, 0.1291827)
(0.7199073, 6.240536, 0.1282376)
(0.7190691, 6.235959, 0.128032)
(0.7187514, 6.230472, 0.1267091)
(0.7206979, 6.223162, 0.1230007)
(0.7227628, 6.216292, 0.1206899)
(0.7252718, 6.210306, 0.120079)
(0.7256571, 6.207382, 0.1216819)
(0.7258362, 6.203909, 0.1220542)
(0.7259709, 6.201211, 0.1227498)
(0.7264607, 6.198535, 0.1234579)
(0.7279535, 6.197183, 0.1236299)
(0.7290349, 6.195321, 0.1235113)
(0.7315862, 6.19323, 0.1223795)
(0.7330292, 6.191313, 0.1216603)
(0.734851, 6.189322, 0.1204724)
(0.7377378, 6.186521, 0.1184972)
(0.7418281, 6.1843, 0.1165756)
(0.7462277, 6.182621, 0.115204)
(0.7498973, 6.181277, 0.1145266)
(0.7549399, 6.180084, 0.1123804)
(0.7585446, 6.179831, 0.1107751)
(0.763113, 6.180181, 0.1112317)
(0.7672876, 6.178689, 0.1089515)
(0.7714537, 6.177358, 0.1066025)
(0.7766153, 6.175797, 0.1054837)
(0.7823883, 6.174683, 0.1037987)
(0.7882394, 6.171321, 0.09957241)
(0.7936128, 6.167868, 0.09503728)
(0.7976878, 6.164468, 0.09053645)
(0.8010167, 6.162768, 0.08845244)
(0.8025514, 6.161474, 0.08784648)
(0.8026573, 6.160784, 0.08783473)
(0.8027394, 6.161043, 0.08889215)
(0.8034413, 6.16073, 0.08916519)
(0.8033072, 6.159716, 0.08822478)
(0.802936, 6.159522, 0.08720603)
(0.8010762, 6.161158, 0.08744103)
(0.7996129, 6.163588, 0.08843403)
(0.7969776, 6.167188, 0.0908667)
(0.7944795, 6.170695, 0.09408461)
(0.7919986, 6.173688, 0.09669054)
(0.7873846, 6.178409, 0.1012424)
(0.7814124, 6.183783, 0.1065293)
(0.7758245, 6.188271, 0.1110554)
(0.7714407, 6.190484, 0.1133213)
(0.7678897, 6.191648, 0.1146425)
(0.7643761, 6.193668, 0.117083)
(0.7614431, 6.197152, 0.1217188)
(0.7586607, 6.200947, 0.1263656)
(0.7550393, 6.20279, 0.1291395)
(0.7516854, 6.203718, 0.1300238)
(0.749926, 6.206215, 0.1321623)
(0.7481228, 6.209508, 0.1347475)
(0.7459205, 6.213597, 0.1370569)
(0.7431006, 6.218667, 0.1402828)
(0.7400569, 6.224079, 0.1431825)
(0.7371298, 6.230206, 0.1466943)
(0.7341434, 6.237809, 0.150844)
(0.7316034, 6.24492, 0.1546526)
(0.7293512, 6.253022, 0.1578498)
(0.7270346, 6.260854, 0.15968)
(0.7248222, 6.268328, 0.162246)
(0.7241747, 6.276055, 0.165031)
(0.7237677, 6.282409, 0.1669997)
(0.7224805, 0.004410327, 0.1672499)
(0.7214593, 0.009003628, 0.1670735)
(0.7210383, 0.01122057, 0.1644964)
(0.7184645, 0.01427963, 0.1618628)
(0.7153674, 0.01827257, 0.1599754)
(0.7128833, 0.02092543, 0.1564117)
(0.7105404, 0.02531212, 0.1551435)
(0.7101193, 0.02938117, 0.1543692)
(0.7105328, 0.03283034, 0.152847)
(0.7110517, 0.03709378, 0.1529181)
(0.711916, 0.04154367, 0.1532087)
(0.7132396, 0.04603734, 0.1529127)
(0.7148454, 0.05163801, 0.1529662)
(0.715732, 0.05635859, 0.1526583)
(0.7150951, 0.06019988, 0.1533409)
(0.7151031, 0.06462378, 0.1538914)
(0.7164347, 0.0678578, 0.1539322)
(0.7179602, 0.069942, 0.1530456)
(0.7185741, 0.07265096, 0.1525997)
(0.7170035, 0.07549027, 0.1520732)
(0.7161058, 0.07810032, 0.1511447)
(0.7164413, 0.08135505, 0.1505924)
(0.7168629, 0.08348075, 0.1495625)
(0.718365, 0.08357892, 0.1482513)
(0.7195238, 0.08484389, 0.1477699)
(0.7210569, 0.0843929, 0.1467985)
(0.7226194, 0.08411789, 0.1461197)
(0.7250963, 0.08268421, 0.1457924)
(0.7278827, 0.08100569, 0.144333)
(0.7312904, 0.07780751, 0.1424023)
(0.7333094, 0.07514193, 0.14055)
(0.7341861, 0.07107871, 0.1384095)
(0.7343264, 0.06714397, 0.1378522)
(0.734113, 0.0648086, 0.1380944)
(0.736622, 0.0614743, 0.1380855)
(0.7384998, 0.05813502, 0.1383111)
(0.7416171, 0.05332997, 0.1381503)
(0.7446254, 0.04798349, 0.1374493)
(0.743264, 0.04066505, 0.136779)
(0.7410595, 0.03300965, 0.1355658)
(0.7393497, 0.02238943, 0.1328253)
(0.7378829, 0.01381508, 0.1301498)
(0.7352219, 0.00591568, 0.1279023)
(0.7299584, 6.282938, 0.1265256)
(0.726845, 6.279158, 0.1265991)
(0.7247757, 6.277419, 0.1275143)
(0.7174258, 6.275664, 0.1290434)
(0.7126235, 6.274767, 0.1320204)
(0.7081981, 6.273404, 0.1330611)
(0.7044907, 6.269683, 0.1319376)
(0.7025366, 6.267397, 0.1322905)
(0.7007601, 6.267874, 0.1353377)
(0.6984933, 6.267839, 0.137641)
(0.6941189, 6.264843, 0.137437)
(0.6897963, 6.259359, 0.1342038)
(0.6853568, 6.257378, 0.1346124)
(0.6783639, 6.259168, 0.1383452)
(0.6724182, 6.260219, 0.1419554)
(0.6671548, 6.260375, 0.145474)
(0.6646742, 6.259626, 0.1485619)
(0.6603915, 6.258222, 0.1506943)
(0.6561708, 6.25711, 0.153053)
(0.6539747, 6.255484, 0.1546746)
(0.6509478, 6.252501, 0.1552982)
(0.6485641, 6.250123, 0.1572128)
(0.6477131, 6.248679, 0.1596158)
(0.6471178, 6.246466, 0.1607095)
(0.6473283, 6.242548, 0.1602752)
(0.6469069, 6.239415, 0.1602245)
(0.6462176, 6.236171, 0.1600612)
(0.6453518, 6.232847, 0.1598048)
(0.6452513, 6.22977, 0.15894)
(0.6456693, 6.227616, 0.1582673)
(0.6457371, 6.225181, 0.1574643)
(0.6474239, 6.221007, 0.1514515)
(0.6494985, 6.217939, 0.146646)
(0.6527616, 6.215145, 0.1415999)
(0.6560496, 6.216283, 0.1386829)
(0.6563355, 6.219377, 0.1392925)
(0.657653, 6.225116, 0.1410676)
(0.6595706, 6.231254, 0.1428083)
(0.6616364, 6.236427, 0.1423796)
(0.6635689, 6.239146, 0.1401692)
(0.6655303, 6.241842, 0.1367325)
(0.6675233, 6.245775, 0.1348109)
(0.6694247, 6.252981, 0.1355701)
(0.6685849, 6.263515, 0.1415782)
(0.6683773, 6.271993, 0.1463366)
(0.6675975, 6.279574, 0.1509867)
(0.6676683, 0.001804719, 0.1530284)
(0.6681972, 0.005678139, 0.1542614)
(0.6682022, 0.009840945, 0.1559209)
