(-9.187567, -3.566551, 91.66734)
(-9.237206, -3.512573, 91.65128)
(-9.349465, -3.4374, 91.5576)
(-9.478879, -3.392172, 91.53976)
(-9.478879, -3.392172, 91.53976)
(-9.534824, -3.41959, 91.62006)
(-9.525358, -3.424978, 91.62144)
(-9.51488, -3.427887, 91.57684)
(-9.503627, -3.4163, 91.54286)
(-9.496474, -3.43852, 91.53349)
(-9.412122, -3.401899, 91.55133)
(-9.358156, -3.427076, 91.53457)
(-9.352934, -3.438354, 91.51933)
(-9.312057, -3.400564, 91.4731)
(-9.303355, -3.400612, 91.43626)
(-9.275257, -3.373885, 91.43365)
(-9.265518, -3.381181, 91.41927)
(-9.28905, -3.397822, 91.41486)
(-9.315538, -3.36237, 91.41953)
(-9.359205, -3.363824, 91.42809)
(-9.397972, -3.368402, 91.43867)
(-9.354841, -3.345323, 91.45567)
(-9.320366, -3.368354, 91.46285)
(-9.300232, -3.376865, 91.4473)
(-9.334314, -3.392935, 91.46485)
(-9.361434, -3.363132, 91.49303)
(-9.387302, -3.346944, 91.43639)
(-9.438634, -3.331566, 91.45737)
(-9.458256, -3.314471, 91.44077)
(-9.505642, -3.305769, 91.42704)
(-9.558988, -3.337741, 91.39066)
(-9.479737, -3.357029, 91.40716)
(-9.479737, -3.357029, 91.40716)
(-9.441483, -3.389573, 91.43291)
(-9.437728, -3.409004, 91.42282)
(-9.459198, -3.413272, 91.41357)
(-9.452605, -3.421211, 91.41908)
(-9.480548, -3.42648, 91.42869)
(-9.486103, -3.43461, 91.42606)
(-9.5047, -3.441334, 91.41221)
(-9.503078, -3.438425, 91.40801)
(-9.497631, -3.435636, 91.37883)
(-9.501362, -3.447676, 91.35599)
(-9.50309, -3.461027, 91.34443)
(-9.487796, -3.476548, 91.31613)
(-9.490406, -3.498793, 91.32085)
(-9.48391, -3.50678, 91.33714)
(-9.51165, -3.517389, 91.34004)
(-9.554458, -3.529119, 91.36076)
(-9.566748, -3.52788, 91.34436)
(-9.568572, -3.529406, 91.31517)
(-9.540892, -3.541851, 91.29228)
