(-84.91161, 1.556873, 89.55367)
(-85.14423, 1.688194, 89.12294)
(-85.02564, 1.649833, 88.84192)
(-84.8434, 1.451135, 88.68723)
(-84.65934, 1.394391, 88.5396)
(-84.5248, 1.433325, 88.4325)
(-84.51703, 1.561284, 88.47592)
(-84.53458, 1.671958, 88.41786)
(-84.65517, 1.667857, 88.49097)
(-84.71527, 1.652265, 88.48657)
(-84.85699, 1.540542, 88.48743)
(-85.02283, 1.454639, 88.52346)
(-85.01237, 1.42138, 88.48231)
(-85.03618, 1.327872, 88.43655)
(-84.98118, 1.304483, 88.42451)
(-84.99203, 1.283956, 88.4427)
(-85.02674, 1.261401, 88.48631)
(-85.02817, 1.252604, 88.49812)
(-85.08651, 1.241851, 88.43803)
(-85.09242, 1.198387, 88.28032)
(-85.05566, 1.148057, 88.2668)
(-85.03793, 1.071835, 88.26785)
(-85.05537, 1.049113, 88.34644)
(-85.09922, 1.069283, 88.36017)
(-85.17041, 1.075482, 88.38718)
(-85.16319, 1.065731, 88.34784)
(-85.15997, 1.064634, 88.28981)
(-85.15327, 1.047444, 88.12334)
(-85.1167, 1.029134, 88.08217)
(-85.13408, 1.009083, 88.05129)
(-85.15401, 1.000762, 88.04839)
(-85.13997, 0.9806156, 88.06792)
(-85.1852, 0.9459734, 88.08982)
(-85.16252, 0.9535551, 88.13326)
(-85.22, 0.9248257, 88.15685)
(-85.26743, 0.9048223, 88.17908)
(-85.28981, 0.8905649, 88.19685)
(-85.29134, 0.9003401, 88.2169)
(-85.24335, 0.9095669, 88.23338)
(-85.24335, 0.9095669, 88.23338)
(-85.11819, 0.969696, 88.27305)
(-84.21288, 1.846766, 89.06307)
(-84.21519, 1.850009, 89.07006)
(-84.17191, 1.890206, 89.10916)
(-84.2122, 1.929307, 89.1037)
(-84.24382, 1.945281, 89.1237)
(-84.27463, 1.947951, 89.12911)
(-84.25999, 1.917958, 89.15174)
(-84.21669, 1.909685, 89.13343)
(-84.20217, 1.904082, 89.07809)
(-84.16267, 1.924419, 88.99493)
(-84.13985, 1.918554, 88.95829)
(-84.15294, 1.913238, 88.93981)
(-84.23345, 1.923704, 89.03033)
(-84.24744, 1.917458, 89.03818)
(-84.25243, 1.889277, 89.09535)
(-84.2406, 1.901603, 89.09891)
(-84.17368, 1.910305, 88.9524)
(-84.15191, 1.896477, 88.90548)
(-84.15885, 1.86038, 88.88614)
(-84.1855, 1.861548, 88.93221)
(-84.2257, 1.883364, 89.06973)
(-84.22959, 1.889133, 89.19125)
(-84.22041, 1.905632, 89.19356)
(-84.19459, 1.902294, 89.16557)
(-84.06859, 1.864004, 88.99265)
(-84.01146, 1.860976, 88.94894)
