(-148.1449, -3.352761, 144.5663)
(-148.1431, -3.354883, 144.5547)
(-148.1656, -3.365421, 144.549)
(-148.1394, -3.33097, 144.5598)
(-148.1322, -3.343868, 144.5465)
(-148.1184, -3.366828, 144.5537)
(-148.0801, -3.34022, 144.5555)
(-148.0611, -3.338814, 144.5221)
(-148.0481, -3.373432, 144.534)
(-148.0448, -3.35021, 144.544)
(-148.0664, -3.351212, 144.5532)
(-148.0689, -3.342533, 144.56)
(-148.0588, -3.336072, 144.565)
(-148.0371, -3.338528, 144.5535)
(-148.0211, -3.360987, 144.5546)
(-148.0306, -3.357673, 144.5513)
(-148.0308, -3.36132, 144.5433)
(-148.0303, -3.361344, 144.5354)
(-148.0222, -3.347468, 144.538)
(-148.0183, -3.344822, 144.5252)
(-148.0042, -3.363061, 144.5218)
(-148.0346, -3.364015, 144.5218)
(-148.054, -3.364444, 144.55)
(-148.0432, -3.384614, 144.5642)
(-148.0396, -3.383398, 144.5689)
(-148.0168, -3.390551, 144.5401)
(-148.0337, -3.370738, 144.5114)
(-148.0369, -3.370595, 144.4995)
(-148.0542, -3.366613, 144.5004)
(-148.0552, -3.376007, 144.513)
(-148.0493, -3.362799, 144.5232)
(-148.0322, -3.369045, 144.5053)
(-148.0091, -3.402185, 144.5191)
(-147.9853, -3.40054, 144.4918)
(-147.9779, -3.403378, 144.4656)
(-147.9958, -3.378272, 144.4378)
(-148.0031, -3.379321, 144.4391)
(-148.0164, -3.375626, 144.4564)
(-148.0146, -3.382874, 144.4773)
(-148.018, -3.379059, 144.4789)
(-148.0293, -3.375793, 144.4768)
(-148.0312, -3.367996, 144.4431)
(-148.0173, -3.350139, 144.4268)
(-148.0255, -3.346157, 144.4217)
(-148.0238, -3.358626, 144.4444)
(-148.0269, -3.348637, 144.4573)
(-148.0396, -3.342271, 144.4738)
(-148.0538, -3.328109, 144.4608)
(-148.0492, -3.33693, 144.4373)
