0.3226079
0.3265862
0.2882622
0.2769728
0.2380149
0.1614426
0.1557541
0.1797584
0.2090272
0.2016475
0.1915375
0.175486
0.1653929
0.1367124
0.116913
0.1200346
0.1065983
0.0914427
0.08764339
0.07721375
0.06944059
0.06529389
0.05737403
0.04185987
0.04475881
0.04094735
0.03002714
0.02714753
0.02498515
0.03352427
0.03249859
0.0257558
0.02309383
0.02314716
0.01820925
0.01896337
0.02065324
0.02124552
0.02060515
0.01908349
0.02049952
0.0274066
0.02247801
0.01767074
0.04094707
0.01942323
0.01576021
0.02430773
0.02569669
0.01538269
0.009982894
0.1186162
0.1189926
0.02513845
0.01717775
0.01707847
0.01544668
0.01055504
0.004792506
0.008484783
0.007342682
0.01283596
0.01049178
0.009569255
0.01979201
0.02689082
0.02735421
0.02499565
0.02502305
0.01824066
0.01495053
0.02062382
0.03205032
0.0409676
MSE 0.06965714
total_moving_Distance 0.4625789