(308.826, 291.8877, 329.2422)
(303.4034, 281.6453, 337.1089)
(300.3423, 281.7458, 338.4426)
(300.5239, 286.1526, 331.9207)
(299.5828, 288.8543, 327.4677)
(302.5509, 288.4418, 329.4656)
(305.7484, 286.8788, 331.4056)
(305.9998, 288.5402, 330.7602)
(304.2201, 287.7997, 331.9721)
(305.8698, 285.8264, 335.9966)
(308.024, 286.5724, 336.4544)
(308.8809, 287.2077, 336.9217)
(308.8809, 287.2077, 336.9217)
(309.7344, 286.8278, 339.334)
(310.2863, 285.9658, 341.0863)
(311.6691, 284.8194, 342.9192)
(313.5392, 283.4966, 345.5303)
(313.9982, 282.4578, 347.5853)
(314.4262, 281.6961, 348.5114)
(315.563, 280.4358, 350.4195)
(316.8009, 279.1633, 352.6582)
(318.5618, 278.0268, 354.6976)
(320.2563, 277.4674, 355.9005)
(321.6026, 277.0652, 357.0685)
(322.8664, 276.6903, 357.9946)
(325.5601, 275.7936, 359.2762)
(326.8285, 274.9667, 359.8189)
(328.9443, 272.9321, 0.561618)
(329.381, 271.9342, 0.6699782)
(330.356, 269.9748, 0.6955711)
(330.356, 269.9748, 0.6955711)
(331.0495, 269.0311, 0.5192572)
(331.5929, 267.9944, 0.1044051)
(331.1412, 266.896, 359.5275)
(328.6116, 265.8908, 357.726)
(327.1486, 266.6003, 356.073)
(325.4956, 267.9663, 353.8747)
(323.5568, 268.9792, 352.0157)
(318.9235, 270.824, 348.3498)
(315.0999, 270.5635, 346.9299)
(313.3201, 270.6397, 346.1445)
(310.1643, 271.7534, 344.3187)
(302.6911, 275.578, 340.1968)
(299.8423, 279.3019, 336.7791)
(297.5411, 282.0107, 334.3308)
(297.5411, 282.0107, 334.3308)
