(333.8638, 111.7331, 351.5876)
(319.6332, 105.2137, 0.1487147)
(320.3882, 101.4879, 5.432941)
(325.9264, 114.6786, 351.1697)
(326.8905, 112.2714, 351.8322)
(325.2826, 107.7457, 351.5621)
(324.9107, 106.5379, 351.4766)
(327.2378, 106.9366, 353.4117)
(327.2378, 106.9366, 353.4117)
(327.0187, 106.4205, 356.1959)
(327.7325, 105.644, 357.2524)
(328.1827, 104.4942, 358.1782)
(328.5295, 103.347, 359.2649)
(329.3648, 101.2854, 1.484459)
(331.7647, 101.1549, 2.442985)
(333.4347, 101.41, 2.526597)
(335.1779, 101.3752, 2.737178)
(337.6126, 100.8253, 4.390432)
(337.6126, 100.8253, 4.390432)
(338.5205, 100.6903, 5.66458)
(339.4183, 100.8043, 6.741989)
(341.1649, 101.3961, 7.988859)
(341.8683, 101.652, 8.389035)
(342.3957, 101.8936, 8.893777)
(342.8069, 102.166, 9.440582)
(343.7031, 101.8047, 10.76563)
(343.6135, 100.6219, 12.40563)
(342.8986, 100.1607, 13.58426)
(342.8986, 100.1607, 13.58426)
(339.3843, 100.4601, 16.26532)
(336.3549, 103.0836, 14.84013)
(335.6025, 104.0873, 13.35273)
(335.6025, 104.0873, 13.35273)
(334.7501, 104.157, 9.791038)
(333.4807, 103.331, 10.0286)
(331.4474, 103.3218, 10.21411)
(328.1336, 105.0375, 8.635018)
(320.2507, 108.0854, 356.3453)
(320.2507, 108.0854, 356.3453)
(318.3925, 106.4014, 355.3756)
(317.5343, 106.2788, 353.2224)
(310.6765, 110.1089, 344.9102)
(310.6765, 110.1089, 344.9102)
