(5.395471, 3.439399, 5.783024)
(5.395443, 3.439154, 5.783083)
(5.394781, 3.437901, 5.784152)
(5.394584, 3.438357, 5.783671)
(5.394115, 3.438318, 5.783366)
(5.394012, 3.437958, 5.783364)
(5.394926, 3.438601, 5.782697)
(5.396471, 3.439257, 5.782462)
(5.39642, 3.439507, 5.782548)
(5.395802, 3.43734, 5.784727)
(5.39501, 3.436554, 5.785581)
(5.396085, 3.438269, 5.784134)
(5.394981, 3.436568, 5.785522)
(5.394299, 3.435598, 5.78652)
(5.394086, 3.435656, 5.786563)
(5.394257, 3.436648, 5.785993)
(5.393533, 3.435197, 5.787575)
(5.39244, 3.434134, 5.788123)
(5.392489, 3.434703, 5.787656)
(5.392134, 3.435285, 5.787019)
(5.391612, 3.435807, 5.786903)
(5.390608, 3.434655, 5.787982)
(5.388025, 3.432102, 5.790039)
(5.390889, 3.431871, 5.790962)
(5.395239, 3.433946, 5.789883)
(5.391801, 3.430912, 5.791732)
(5.390635, 3.431195, 5.790981)
(5.391037, 3.433787, 5.78799)
(5.389932, 3.434188, 5.787863)
(5.394421, 3.428142, 5.795118)
(5.391729, 3.421174, 5.802649)
(5.389877, 3.419342, 5.803543)
(5.392826, 3.425077, 5.797545)
(5.392248, 3.427706, 5.792901)
(5.396742, 3.425402, 5.795565)
(5.399054, 3.422121, 5.798752)
(5.397558, 3.423203, 5.797407)
(5.393224, 3.420622, 5.800653)
(5.395274, 3.41841, 5.8027)
(5.397108, 3.412955, 5.808939)
(5.395882, 3.414428, 5.805925)
(5.396753, 3.415303, 5.805196)
(5.39913, 3.420043, 5.79961)
(5.400996, 3.425014, 5.794525)
(5.401193, 3.42092, 5.799013)
(5.398932, 3.41517, 5.805278)
(5.399218, 3.413763, 5.80689)
(5.400788, 3.415013, 5.806419)
(5.401253, 3.416839, 5.804098)
(5.401639, 3.417894, 5.801668)
(5.40353, 3.419472, 5.798553)
(5.404865, 3.42563, 5.789256)
(5.405384, 3.428324, 5.784627)
(5.405161, 3.432407, 5.779922)
(5.406163, 3.430756, 5.781869)
(5.407331, 3.432761, 5.779833)
(5.411492, 3.439053, 5.774523)
(5.418005, 3.441925, 5.773264)
(5.415782, 3.442567, 5.769377)
(5.414364, 3.442948, 5.768236)
(5.41544, 3.445084, 5.76507)
(5.414989, 3.447222, 5.761166)
(5.41947, 3.449648, 5.759248)
(5.421175, 3.453658, 5.7544)
(5.422022, 3.455106, 5.752308)
(5.423343, 3.458219, 5.747936)
(5.422705, 3.454022, 5.749253)
(5.42932, 3.460471, 5.742792)
(5.434494, 3.473638, 5.73003)
(5.441031, 3.474966, 5.729532)
(5.436243, 3.473387, 5.731179)
(5.432785, 3.464173, 5.738965)
(5.429515, 3.454445, 5.747139)
(5.4327, 3.460736, 5.741339)
(5.437009, 3.468372, 5.734389)
(5.434463, 3.471551, 5.727958)
(5.440304, 3.471783, 5.727664)
(5.43582, 3.473552, 5.722442)
(5.437071, 3.475156, 5.718896)
(5.449079, 3.482698, 5.71383)
(5.449352, 3.478945, 5.716614)
(5.461329, 3.478158, 5.716827)
(5.464308, 3.483301, 5.711812)
(5.4657, 3.475596, 5.718644)
(5.460436, 3.482895, 5.705916)
(5.470446, 3.486661, 5.701476)
(5.475986, 3.484512, 5.704556)
(5.476629, 3.480175, 5.70675)
(5.479634, 3.474213, 5.713524)
(5.484084, 3.479166, 5.70829)
(5.494527, 3.485815, 5.703099)
(5.494052, 3.485717, 5.702014)
(5.486305, 3.479714, 5.707418)
(5.48134, 3.468012, 5.720117)
(5.486303, 3.461915, 5.72936)
(5.495065, 3.454375, 5.740316)
(5.514093, 3.441573, 5.757469)
(5.537607, 3.440214, 5.762337)
(5.57227, 3.437847, 5.77115)
(5.619876, 3.41749, 5.805168)
(5.643837, 3.399383, 5.826259)
(5.67554, 3.373481, 5.848332)
(5.737734, 3.364614, 5.857923)
(5.788923, 3.376734, 5.865171)
(5.846305, 3.350206, 5.895296)
(5.892073, 3.311812, 5.921538)
(5.922197, 3.251405, 5.94944)
(5.945067, 3.19021, 5.970544)
(5.941907, 3.149789, 5.978419)
(5.916244, 3.201063, 5.930296)
(5.895494, 3.254238, 5.886372)
(5.854728, 3.279312, 5.848634)
(5.866937, 3.288063, 5.839542)
(5.876843, 3.296513, 5.834675)
(5.862269, 3.309245, 5.812809)
(5.83218, 3.328168, 5.787732)
(5.802871, 3.346034, 5.766668)
(5.768462, 3.36752, 5.745641)
(5.736417, 3.388264, 5.726623)
(5.698078, 3.408299, 5.714274)
(5.654066, 3.42835, 5.70482)
(5.607465, 3.448908, 5.696216)
(5.565339, 3.467369, 5.687944)
(5.52788, 3.479208, 5.68768)
(5.501087, 3.482295, 5.695442)
(5.477226, 3.481165, 5.711353)
(5.444578, 3.496586, 5.710101)
(5.414449, 3.516879, 5.699434)
(5.387665, 3.539789, 5.687678)
(5.360518, 3.549177, 5.688365)
(5.328348, 3.554084, 5.694584)
(5.298596, 3.561625, 5.696505)
(5.277262, 3.571986, 5.691525)
(5.267168, 3.572587, 5.697735)
(5.265362, 3.552722, 5.728628)
(5.260188, 3.528768, 5.765069)
(5.255889, 3.507756, 5.797282)
(5.254249, 3.485121, 5.827651)
(5.234391, 3.497202, 5.81193)
(5.216621, 3.509883, 5.795908)
(5.199322, 3.512761, 5.786328)
(5.184542, 3.509285, 5.785842)
(5.173048, 3.51999, 5.776493)
(5.213916, 3.562881, 5.726363)
(5.217375, 3.583409, 5.700392)
(5.237749, 3.63796, 5.636034)
(5.275353, 3.689775, 5.590733)
(5.297151, 3.70042, 5.584733)
(5.33021, 3.672275, 5.628725)
(5.33217, 3.661505, 5.636095)
(5.295137, 3.625909, 5.676904)
(5.309074, 3.574178, 5.721902)
(5.371585, 3.536078, 5.743772)
(5.441824, 3.534966, 5.736178)
(5.480907, 3.537935, 5.729488)
(5.501114, 3.525627, 5.743964)
(5.503887, 3.478791, 5.793342)
(5.530651, 3.435507, 5.825337)
(5.503841, 3.46148, 5.805597)
(5.480239, 3.474431, 5.779494)
(5.475077, 3.479615, 5.773777)
(5.461003, 3.468818, 5.792458)
(5.465292, 3.46298, 5.796022)
(5.483362, 3.468113, 5.792379)
(5.491996, 3.47672, 5.788506)
(5.486114, 3.473712, 5.79205)
(5.477034, 3.469332, 5.796046)
(5.474485, 3.459619, 5.808213)
(5.460078, 3.468618, 5.800711)
(5.46128, 3.463286, 5.804672)
(5.464343, 3.459684, 5.811605)
(5.469148, 3.465693, 5.806034)
(5.472142, 3.46874, 5.803113)
(5.476355, 3.476959, 5.798713)
(5.475775, 3.476425, 5.799602)
(5.473326, 3.471123, 5.80425)
(5.467758, 3.466358, 5.809879)
(5.469425, 3.467019, 5.808789)
(5.470641, 3.467415, 5.807523)
(5.470802, 3.472049, 5.8038)
(5.470472, 3.471021, 5.805323)
(5.468436, 3.467175, 5.808614)
(5.469212, 3.463511, 5.811336)
(5.473396, 3.4635, 5.811446)
(5.471899, 3.466127, 5.807678)
(5.473123, 3.469018, 5.803841)
(5.475621, 3.468167, 5.80522)
(5.473257, 3.463448, 5.808323)
(5.474234, 3.465949, 5.805308)
(5.478062, 3.468533, 5.803138)
(5.477625, 3.465543, 5.804975)
(5.477118, 3.46244, 5.807758)
(5.479336, 3.462726, 5.8077)
(5.480831, 3.464514, 5.805455)
(5.480662, 3.467109, 5.802905)
(5.481937, 3.460432, 5.809818)
(5.481472, 3.457401, 5.812613)
(5.483541, 3.458927, 5.812034)
(5.482097, 3.459725, 5.811141)
(5.482013, 3.460933, 5.80917)
(5.482718, 3.462375, 5.806779)
(5.487168, 3.460247, 5.808891)
(5.487689, 3.4603, 5.808596)
(5.487256, 3.461093, 5.806477)
(5.485849, 3.463274, 5.801307)
(5.485888, 3.465164, 5.798021)
(5.48777, 3.466693, 5.794611)
(5.487115, 3.46732, 5.792326)
(5.486302, 3.471981, 5.788913)
(5.491018, 3.469386, 5.792881)
(5.491129, 3.467542, 5.796494)
(5.487033, 3.459512, 5.804195)
(5.488189, 3.454794, 5.809389)
(5.490005, 3.45841, 5.804738)
(5.487288, 3.459278, 5.803849)
(5.500977, 3.475483, 5.7801)
(5.493965, 3.47688, 5.775886)
(5.490201, 3.472761, 5.777706)
(5.486574, 3.473848, 5.774671)
(5.489735, 3.470186, 5.780155)
(5.491783, 3.466925, 5.783724)
(5.491552, 3.470566, 5.781051)
(5.49308, 3.467587, 5.786111)
(5.491697, 3.469338, 5.783046)
(5.496004, 3.470282, 5.773166)
(5.504536, 3.483605, 5.76351)
(5.50375, 3.489218, 5.756852)
(5.507519, 3.486728, 5.760324)
(5.50769, 3.481119, 5.77124)
(5.502954, 3.469135, 5.781266)
(5.507002, 3.47718, 5.772812)
(5.522118, 3.496134, 5.752221)
(5.519566, 3.491759, 5.759289)
(5.502789, 3.479577, 5.76882)
(5.506753, 3.475972, 5.769936)
(5.519558, 3.482056, 5.765468)
(5.524098, 3.486811, 5.762035)
(5.528176, 3.48752, 5.760045)
(5.525983, 3.487719, 5.757352)
(5.52341, 3.491794, 5.752444)
(5.528061, 3.489342, 5.753408)
(5.518478, 3.48447, 5.758831)
(5.517465, 3.476395, 5.767252)
(5.523441, 3.477806, 5.769086)
(5.527987, 3.4799, 5.769837)
(5.533988, 3.481993, 5.771835)
(5.537123, 3.483022, 5.772563)
(5.547193, 3.474833, 5.78319)
(5.561995, 3.465528, 5.792432)
(5.5881, 3.45031, 5.813087)
(5.622461, 3.43063, 5.842299)
(5.661423, 3.414032, 5.870247)
(5.702592, 3.382541, 5.917624)
(5.767115, 3.368112, 5.947093)
(5.839588, 3.359924, 5.966374)
(5.882153, 3.338991, 5.997436)
(5.961889, 3.278077, 6.020802)
(5.924187, 3.274001, 5.994149)
(5.940197, 3.223019, 6.018172)
(5.949141, 3.152985, 6.057015)
(5.996328, 3.156947, 6.065897)
(5.997536, 3.212581, 6.051486)
(5.943665, 3.236608, 5.997379)
(5.936592, 3.278766, 5.914767)
(5.959001, 3.323592, 5.85833)
(5.990987, 3.338776, 5.807549)
(6.003826, 3.327675, 5.766128)
(5.977501, 3.323857, 5.735746)
(5.922352, 3.311269, 5.720666)
(5.873124, 3.299496, 5.718534)
(5.840789, 3.29665, 5.723648)
(5.814827, 3.294536, 5.730992)
(5.785155, 3.295795, 5.756526)
(5.749913, 3.306846, 5.783035)
(5.715786, 3.323763, 5.804774)
(5.684103, 3.338118, 5.821855)
(5.654919, 3.355521, 5.83728)
(5.624695, 3.364233, 5.851294)
(5.592957, 3.365512, 5.865947)
(5.555274, 3.360353, 5.887897)
(5.517777, 3.354477, 5.908095)
(5.475661, 3.338182, 5.936993)
(5.436397, 3.321399, 5.970801)
(5.398571, 3.297235, 6.014274)
(5.363505, 3.272851, 6.061882)
(5.326907, 3.254328, 6.100633)
(5.292945, 3.238383, 6.134634)
(5.261827, 3.221451, 6.166364)
(5.231635, 3.201495, 6.201392)
(5.209465, 3.176603, 6.238637)
(5.200378, 3.148951, 6.276545)
(5.194387, 3.129811, 0.02285857)
(5.184815, 3.113349, 0.0481843)
(5.179784, 3.108939, 0.05414073)
(5.178122, 3.119411, 0.03932697)
(5.181077, 3.119145, 0.03283851)
(5.180925, 3.093304, 0.05235548)
(5.174644, 3.047926, 0.09297744)
(5.163379, 3.035386, 0.109363)
(5.195952, 3.107554, 6.266923)
(5.242864, 3.268352, 6.133888)
(5.272754, 3.325129, 6.059967)
(5.310981, 3.376095, 6.00567)
(5.331126, 3.399475, 6.003121)
(5.349079, 3.430998, 6.009316)
(5.331685, 3.490986, 5.969064)
(5.354472, 3.592666, 5.869752)
(5.330035, 3.535513, 5.882884)
(5.483941, 3.39994, 6.018867)
(5.573484, 3.461238, 5.996827)
(5.587589, 3.495994, 5.91224)
(5.559402, 3.476348, 5.899255)
(5.571526, 3.383975, 6.023766)
(5.514757, 3.432201, 5.981787)
(5.474494, 3.547614, 5.839715)
(5.475507, 3.535228, 5.869592)
(5.488546, 3.458524, 5.944389)
(5.52431, 3.465411, 5.942882)
(5.520395, 3.482174, 5.925807)
(5.501179, 3.491487, 5.908646)
(5.496012, 3.487814, 5.906446)
(5.513992, 3.478304, 5.918407)
(5.524241, 3.479276, 5.916612)
(5.522914, 3.479228, 5.912182)
(5.521654, 3.474844, 5.913079)
(5.524362, 3.469945, 5.919159)
(5.527757, 3.47137, 5.926015)
(5.528653, 3.472242, 5.932378)
(5.521348, 3.472718, 5.935133)
(5.512903, 3.480347, 5.931682)
(5.515758, 3.482076, 5.930063)
(5.51765, 3.477787, 5.935104)
(5.518351, 3.481082, 5.927283)
(5.518769, 3.49202, 5.921879)
(5.518558, 3.49304, 5.914206)
(5.519121, 3.493955, 5.906336)
(5.514971, 3.501667, 5.898817)
(5.512144, 3.502208, 5.888771)
(5.509298, 3.503799, 5.890062)
(5.528273, 3.50067, 5.898695)
(5.519657, 3.493013, 5.904644)
(5.519943, 3.504679, 5.893379)
(5.523798, 3.505362, 5.89502)
(5.526336, 3.499345, 5.903452)
(5.526561, 3.500893, 5.902618)
(5.521675, 3.499748, 5.901561)
(5.524674, 3.501757, 5.898438)
(5.528257, 3.502725, 5.896745)
(5.532814, 3.498908, 5.903738)
(5.533813, 3.493844, 5.910933)
(5.535241, 3.49294, 5.914764)
(5.537267, 3.488415, 5.922062)
(5.538974, 3.487082, 5.922549)
(5.538423, 3.489752, 5.920395)
(5.545299, 3.487731, 5.92392)
(5.544466, 3.484438, 5.928264)
(5.545953, 3.483114, 5.930857)
(5.547219, 3.48126, 5.934358)
(5.549885, 3.477914, 5.93951)
(5.551453, 3.474567, 5.947687)
(5.554593, 3.469042, 5.959159)
(5.558677, 3.466642, 5.961553)
(5.562639, 3.468796, 5.959111)
(5.564698, 3.470136, 5.959146)
(5.561337, 3.4675, 5.961207)
(5.554654, 3.47053, 5.956527)
(5.552962, 3.472934, 5.952711)
(5.554434, 3.473449, 5.950642)
(5.556535, 3.474598, 5.948121)
(5.556759, 3.475369, 5.945081)
(5.569932, 3.47944, 5.938873)
(5.566826, 3.481263, 5.931959)
(5.56831, 3.485925, 5.922185)
(5.573276, 3.490892, 5.91593)
(5.580841, 3.49135, 5.914814)
(5.568511, 3.492363, 5.9115)
(5.55899, 3.495811, 5.904321)
(5.560372, 3.492738, 5.906793)
(5.558158, 3.494334, 5.902832)
(5.574907, 3.49849, 5.899275)
(5.576013, 3.494734, 5.902363)
(5.571545, 3.491994, 5.903229)
(5.575428, 3.492186, 5.904058)
(5.580452, 3.489847, 5.906527)
(5.589956, 3.480741, 5.917678)
(5.58896, 3.482538, 5.917522)
(5.601912, 3.485453, 5.914813)
(5.596363, 3.482767, 5.917688)
(5.589084, 3.485414, 5.912224)
(5.609997, 3.482989, 5.916292)
(5.610084, 3.480732, 5.917702)
(5.615523, 3.475188, 5.92328)
(5.634392, 3.472428, 5.935744)
(5.650428, 3.465443, 5.950141)
(5.65547, 3.456943, 5.962249)
(5.655682, 3.453812, 5.967317)
(5.64923, 3.455083, 5.964369)
(5.637296, 3.459676, 5.958297)
(5.62556, 3.470152, 5.941418)
(5.628575, 3.472984, 5.936235)
(5.631733, 3.474182, 5.931172)
(5.640939, 3.467286, 5.935981)
(5.657784, 3.461923, 5.940582)
(5.676443, 3.452242, 5.950607)
(5.698493, 3.4382, 5.9669)
(5.729908, 3.418556, 5.993536)
(5.762725, 3.402984, 6.017339)
(5.806779, 3.390995, 6.046222)
(5.850028, 3.379508, 6.071284)
(5.906463, 3.362112, 6.105482)
(5.987227, 3.351454, 6.130177)
(6.059087, 3.348501, 6.150188)
(6.107072, 3.321711, 6.16869)
(6.093109, 3.298095, 6.160649)
(6.10246, 3.272572, 6.157895)
(6.106025, 3.24501, 6.156982)
(6.118047, 3.287195, 6.111441)
(6.029639, 3.304886, 6.052594)
(6.01412, 3.315503, 6.003853)
(6.031858, 3.30966, 5.969477)
(6.027061, 3.300993, 5.932747)
(6.014533, 3.292712, 5.895146)
(6.006846, 3.288748, 5.860579)
(5.992561, 3.289719, 5.824548)
(5.967957, 3.296512, 5.791209)
(5.938507, 3.306404, 5.762464)
(5.906619, 3.314789, 5.736112)
(5.852027, 3.326292, 5.724248)
(5.809643, 3.33391, 5.710288)
(5.761611, 3.337762, 5.710459)
(5.716319, 3.334746, 5.719791)
(5.672287, 3.326534, 5.735936)
(5.629363, 3.322521, 5.75043)
(5.592883, 3.326903, 5.752088)
(5.559504, 3.337919, 5.748694)
(5.526004, 3.349844, 5.74665)
(5.487299, 3.364228, 5.749575)
(5.449674, 3.379309, 5.75489)
(5.412858, 3.399683, 5.765052)
(5.380573, 3.420005, 5.772778)
(5.353254, 3.432669, 5.783864)
(5.328894, 3.436303, 5.806828)
(5.301495, 3.441986, 5.823491)
(5.271914, 3.453196, 5.827638)
(5.253904, 3.464257, 5.825471)
(5.238218, 3.473824, 5.821843)
(5.230505, 3.487801, 5.803157)
(5.22862, 3.493842, 5.786068)
(5.231535, 3.487023, 5.781288)
(5.223827, 3.472391, 5.783434)
(5.211911, 3.448409, 5.796653)
(5.201264, 3.426147, 5.811036)
(5.197931, 3.432985, 5.804554)
(5.208265, 3.392895, 5.820328)
(5.266395, 3.415438, 5.814861)
(5.282806, 3.433745, 5.793198)
(5.322374, 3.417159, 5.825549)
(5.345088, 3.414062, 5.85539)
(5.411421, 3.482121, 5.79671)
(5.446858, 3.589107, 5.676755)
(5.449843, 3.574401, 5.695191)
(5.443784, 3.38969, 5.879378)
(5.515061, 3.357179, 5.90095)
(5.635392, 3.457148, 5.796493)
(5.686341, 3.451373, 5.788947)
(5.486446, 3.415638, 5.81618)
(5.445501, 3.424603, 5.772157)
(5.480274, 3.48023, 5.738918)
(5.502455, 3.483732, 5.754001)
(5.549486, 3.420288, 5.814291)
(5.536079, 3.418469, 5.819725)
(5.51494, 3.427646, 5.809176)
(5.495494, 3.446676, 5.783058)
(5.507318, 3.448128, 5.784033)
(5.525804, 3.438261, 5.79464)
(5.527283, 3.434505, 5.797731)
(5.513899, 3.438505, 5.789078)
(5.507946, 3.442422, 5.783422)
(5.510896, 3.442527, 5.783977)
(5.521141, 3.441414, 5.787307)
(5.522534, 3.440135, 5.788549)
(5.518021, 3.441082, 5.786695)
(5.514996, 3.44552, 5.781744)
(5.515275, 3.446784, 5.779738)
(5.517464, 3.44624, 5.779581)
(5.517594, 3.447658, 5.778668)
(5.514607, 3.447109, 5.778486)
(5.517265, 3.452048, 5.772947)
(5.516328, 3.453693, 5.771173)
(5.516795, 3.45539, 5.769652)
(5.517513, 3.4542, 5.768531)
(5.515005, 3.454726, 5.767349)
(5.515384, 3.457876, 5.764332)
(5.514844, 3.457955, 5.762388)
(5.516747, 3.460814, 5.757153)
(5.519417, 3.463636, 5.752429)
(5.519444, 3.461945, 5.753345)
(5.518251, 3.462789, 5.751699)
(5.517281, 3.46466, 5.749431)
(5.514863, 3.464139, 5.749334)
(5.51472, 3.465768, 5.746739)
(5.514394, 3.466607, 5.745184)
(5.514436, 3.466321, 5.745461)
(5.516799, 3.465473, 5.747458)
(5.51574, 3.463973, 5.747821)
(5.51694, 3.466876, 5.744855)
(5.516538, 3.465967, 5.745811)
(5.516504, 3.464966, 5.747016)
(5.517745, 3.466148, 5.747253)
(5.516425, 3.462145, 5.752535)
(5.516862, 3.462598, 5.75318)
(5.516681, 3.463464, 5.75314)
(5.516881, 3.460741, 5.75661)
(5.517293, 3.462631, 5.754915)
(5.5161, 3.463318, 5.753839)
(5.51727, 3.463609, 5.753381)
(5.519207, 3.46225, 5.754687)
(5.51802, 3.462596, 5.75475)
(5.518358, 3.462815, 5.755697)
(5.518074, 3.459709, 5.759729)
(5.520133, 3.458049, 5.762763)
(5.521013, 3.45795, 5.763092)
(5.522001, 3.457605, 5.763931)
(5.522079, 3.456742, 5.764456)
(5.521635, 3.458175, 5.762141)
(5.52483, 3.457681, 5.762939)
(5.526488, 3.458324, 5.761814)
(5.525016, 3.45452, 5.766202)
(5.530418, 3.455261, 5.765357)
(5.535398, 3.459381, 5.763822)
(5.538398, 3.455281, 5.773408)
(5.539115, 3.449104, 5.781217)
(5.533655, 3.449411, 5.7785)
(5.539389, 3.455208, 5.770944)
(5.543493, 3.472504, 5.763468)
(5.549796, 3.453286, 5.76896)
(5.538116, 3.46021, 5.762658)
(5.537388, 3.464092, 5.755114)
(5.545716, 3.464363, 5.75375)
(5.552421, 3.464431, 5.7516)
(5.545146, 3.463885, 5.752097)
(5.544403, 3.463717, 5.75115)
(5.552749, 3.464097, 5.749701)
(5.559443, 3.464495, 5.747739)
(5.559947, 3.46307, 5.746646)
(5.563399, 3.465005, 5.74248)
(5.567488, 3.466212, 5.739614)
(5.569767, 3.464268, 5.739753)
(5.567523, 3.465548, 5.736717)
(5.570018, 3.467089, 5.733537)
(5.571657, 3.464924, 5.736279)
(5.572295, 3.462638, 5.738789)
(5.575943, 3.463657, 5.737152)
(5.574531, 3.461658, 5.738274)
(5.575013, 3.458881, 5.742006)
(5.584112, 3.460572, 5.741497)
(5.582564, 3.461851, 5.739368)
(5.579414, 3.459667, 5.741172)
(5.581623, 3.455328, 5.747159)
(5.584779, 3.451056, 5.752313)
(5.587934, 3.446751, 5.757578)
(5.590229, 3.442864, 5.762363)
(5.590739, 3.4387, 5.76757)
(5.594579, 3.434846, 5.772517)
(5.596714, 3.431425, 5.776684)
(5.59883, 3.427653, 5.780667)
(5.602171, 3.4241, 5.784555)
(5.604219, 3.419921, 5.788822)
(5.606609, 3.415893, 5.793801)
(5.609245, 3.411322, 5.799842)
(5.611783, 3.405562, 5.807161)
(5.615782, 3.398865, 5.816514)
(5.617354, 3.394208, 5.823459)
(5.616848, 3.390812, 5.826745)
(5.622118, 3.388026, 5.83075)
(5.632292, 3.382045, 5.8378)
(5.647559, 3.375705, 5.845667)
(5.666133, 3.369433, 5.855199)
(5.690298, 3.363238, 5.865823)
(5.712915, 3.357074, 5.877039)
(5.751575, 3.351256, 5.88773)
(5.797904, 3.340511, 5.90705)
(5.842994, 3.297537, 5.938765)
(5.862623, 3.258416, 5.952312)
(5.832175, 3.241166, 5.924647)
(5.817667, 3.210102, 5.929237)
(5.842059, 3.173543, 5.946157)
(5.876545, 3.160825, 5.961948)
(5.886573, 3.153907, 5.967807)
(5.796607, 3.194153, 5.911474)
(5.790594, 3.234484, 5.870272)
(5.804203, 3.233572, 5.858721)
(5.80358, 3.226957, 5.849621)
(5.785119, 3.214781, 5.843163)
(5.76331, 3.201802, 5.835995)
(5.742705, 3.198418, 5.823899)
(5.720912, 3.201211, 5.807542)
(5.697809, 3.205067, 5.792053)
(5.676601, 3.206947, 5.780761)
(5.654746, 3.20717, 5.772175)
(5.629132, 3.209177, 5.770806)
(5.60459, 3.215392, 5.768812)
(5.575676, 3.227671, 5.776805)
(5.542784, 3.240264, 5.798216)
(5.512584, 3.247943, 5.812619)
(5.479374, 3.258414, 5.832086)
(5.44781, 3.271407, 5.845277)
(5.420918, 3.285036, 5.850859)
(5.398157, 3.301064, 5.849745)
(5.378557, 3.315426, 5.846086)
(5.357951, 3.336014, 5.840545)
(5.334342, 3.359954, 5.832889)
(5.318595, 3.379801, 5.845423)
(5.297051, 3.401052, 5.854129)
(5.276823, 3.435618, 5.850192)
(5.265474, 3.486624, 5.822294)
(5.270713, 3.526553, 5.8002)
(5.276754, 3.555321, 5.790991)
(5.300193, 3.569942, 5.794494)
(5.323285, 3.587131, 5.796299)
(5.369184, 3.592018, 5.816035)
(5.510449, 3.596559, 5.799118)
(5.527943, 3.583319, 5.787586)
(5.22577, 3.79034, 5.606538)
(5.201803, 3.675048, 5.642039)
(5.199234, 3.596683, 5.725235)
(5.177327, 3.512568, 5.815902)
(5.235559, 3.477497, 5.86083)
(5.293455, 3.477197, 5.854757)
(5.314708, 3.606538, 5.739597)
(5.290136, 3.655445, 5.674671)
(5.248837, 3.633445, 5.689466)
(5.22126, 3.58742, 5.742279)
(5.237479, 3.568139, 5.767128)
(5.256544, 3.570192, 5.771203)
(5.269946, 3.578792, 5.765888)
(5.269144, 3.597079, 5.743475)
(5.259102, 3.605873, 5.730822)
(5.248595, 3.601648, 5.730322)
(5.253953, 3.595722, 5.73491)
(5.259705, 3.599551, 5.731736)
(5.26017, 3.602129, 5.728314)
(5.255367, 3.602379, 5.727079)
(5.252542, 3.60298, 5.726039)
(5.252744, 3.601815, 5.72824)
(5.25444, 3.599288, 5.732396)
(5.255239, 3.598314, 5.734202)
(5.254095, 3.597642, 5.735556)
(5.253271, 3.59803, 5.735657)
(5.253512, 3.598047, 5.735981)
(5.254107, 3.597286, 5.737443)
