(0.4888743, 5.084598, 5.347954)
(0.489531, 5.086358, 5.349338)
(0.4902852, 5.088806, 5.350721)
(0.4913881, 5.091501, 5.352027)
(0.4925323, 5.094548, 5.353452)
(0.4934278, 5.097493, 5.354766)
(0.4935873, 5.100097, 5.356414)
(0.4941395, 5.100776, 5.357951)
(0.4952627, 5.099799, 5.358556)
(0.4965977, 5.098734, 5.359596)
(0.498159, 5.099075, 5.36084)
(0.4994451, 5.101485, 5.363013)
(0.5007931, 5.105765, 5.365941)
(0.5014448, 5.111197, 5.368305)
(0.50289, 5.11393, 5.370351)
(0.5041578, 5.116797, 5.371195)
(0.5047176, 5.120987, 5.372339)
(0.5072405, 5.126439, 5.373759)
(0.5091928, 5.132767, 5.376011)
(0.512549, 5.139011, 5.379523)
(0.5163085, 5.13788, 5.38069)
(0.519111, 5.132631, 5.380378)
(0.5206446, 5.123496, 5.376996)
(0.5233166, 5.118552, 5.374544)
(0.5256073, 5.122082, 5.378797)
(0.5274965, 5.131686, 5.383835)
(0.5288587, 5.13779, 5.389048)
(0.5303233, 5.14077, 5.392357)
(0.5303812, 5.139515, 5.394896)
(0.5305766, 5.135062, 5.395843)
(0.5301427, 5.128058, 5.39528)
(0.5292167, 5.12038, 5.392607)
(0.5288234, 5.113795, 5.390266)
(0.5276898, 5.108847, 5.387661)
(0.5265026, 5.110089, 5.386481)
(0.5257882, 5.112294, 5.38625)
(0.5244713, 5.11111, 5.384079)
(0.5226747, 5.109184, 5.381645)
(0.5218823, 5.101372, 5.376921)
(0.5207779, 5.09462, 5.372727)
(0.5211834, 5.086846, 5.368311)
(0.5218697, 5.080801, 5.364872)
(0.5221325, 5.077525, 5.362489)
(0.5219883, 5.073523, 5.359613)
(0.5213777, 5.07452, 5.358376)
(0.5214182, 5.073031, 5.356168)
(0.5209721, 5.071321, 5.353549)
(0.5209464, 5.070891, 5.351755)
(0.5203547, 5.069429, 5.347995)
(0.5195577, 5.066936, 5.344925)
(0.5190832, 5.064262, 5.340461)
(0.5181516, 5.061951, 5.336923)
(0.5181797, 5.057634, 5.33179)
(0.517095, 5.053273, 5.326086)
(0.5162399, 5.045265, 5.319694)
(0.5161927, 5.04064, 5.313959)
(0.5157791, 5.042016, 5.309647)
(0.51424, 5.038937, 5.302657)
(0.5123392, 5.041968, 5.29744)
(0.5108659, 5.035486, 5.289094)
(0.5091419, 5.029937, 5.280499)
(0.5082285, 5.025169, 5.272234)
(0.5069895, 5.018391, 5.261703)
(0.5050808, 5.011196, 5.250088)
(0.5030978, 5.006967, 5.241348)
(0.5009894, 5.004062, 5.231928)
(0.499353, 4.998673, 5.220395)
(0.4976052, 4.993553, 5.208789)
(0.4952483, 4.988541, 5.196011)
(0.4935484, 4.983028, 5.182677)
(0.4919294, 4.98092, 5.168908)
(0.4902648, 4.978598, 5.156809)
(0.4880469, 4.977824, 5.145706)
(0.4842777, 4.976495, 5.134249)
(0.4811067, 4.967259, 5.119309)
(0.4779994, 4.957192, 5.102563)
(0.4752989, 4.949971, 5.086299)
(0.4731529, 4.951826, 5.073566)
(0.4700644, 4.953368, 5.061608)
(0.4665605, 4.952499, 5.048953)
(0.4613336, 4.9442, 5.034355)
(0.4534421, 4.930974, 5.01696)
(0.4457396, 4.923205, 5.001795)
(0.4379524, 4.914133, 4.984811)
(0.4299314, 4.924088, 4.976482)
(0.4309358, 4.938975, 4.977895)
(0.4283864, 4.947997, 4.982492)
(0.4233987, 4.950127, 4.985078)
(0.4151112, 4.932383, 4.994514)
(0.4075118, 4.919672, 4.999677)
(0.3970088, 4.8994, 5.009748)
(0.3915285, 4.879755, 5.022189)
(0.3842054, 4.849338, 5.038144)
(0.3753374, 4.822231, 5.0493)
(0.3712158, 4.808564, 5.065065)
(0.3790325, 4.843696, 5.083282)
(0.3815102, 4.862769, 5.096791)
(0.3923822, 4.933808, 5.096173)
(0.3857304, 4.92834, 5.094529)
(0.381234, 4.89934, 5.076471)
(0.3868753, 4.869069, 5.022695)
(0.3986257, 4.900752, 4.97675)
(0.4015515, 4.928391, 4.959956)
(0.3972245, 4.905715, 4.934469)
(0.3932719, 4.859933, 4.853158)
(0.384587, 4.836205, 4.797566)
(0.3647241, 4.796401, 4.73393)
(0.3432648, 4.768005, 4.681803)
(0.3247262, 4.745038, 4.635888)
(0.3074524, 4.729856, 4.594348)
(0.3035329, 4.731701, 4.560345)
(0.3090514, 4.74325, 4.527806)
(0.3184077, 4.750771, 4.493905)
(0.3360577, 4.754313, 4.466433)
(0.3372228, 4.750092, 4.436225)
(0.3282498, 4.736701, 4.425916)
(0.3184781, 4.722979, 4.410212)
(0.3139064, 4.713588, 4.391849)
(0.3061555, 4.706704, 4.389292)
(0.3029025, 4.70135, 4.386231)
(0.3134191, 4.703103, 4.391066)
(0.3342098, 4.713058, 4.405999)
(0.3565676, 4.733077, 4.435617)
(0.3676197, 4.742697, 4.458459)
(0.3805941, 4.753902, 4.483654)
(0.3957737, 4.778668, 4.526103)
(0.4093091, 4.799921, 4.561777)
(0.4255577, 4.823945, 4.61272)
(0.4418133, 4.846905, 4.664771)
(0.4521064, 4.883702, 4.719372)
(0.4617816, 4.913898, 4.771289)
(0.4725605, 4.939738, 4.827844)
(0.4725459, 4.958202, 4.880619)
(0.4731219, 4.97753, 4.935873)
(0.4684955, 4.986507, 4.980457)
(0.4659929, 4.996407, 5.02445)
(0.461936, 4.998596, 5.060722)
(0.4545007, 5.0007, 5.090499)
(0.4550229, 5.012361, 5.116885)
(0.4525293, 5.027336, 5.144817)
(0.4474232, 5.042308, 5.165596)
(0.4466034, 5.057502, 5.183101)
(0.4410304, 5.07542, 5.199643)
(0.4297649, 5.079738, 5.205047)
(0.4228229, 5.09151, 5.212013)
(0.4108829, 5.102615, 5.216345)
(0.4043952, 5.116231, 5.219519)
(0.3981658, 5.131565, 5.219217)
(0.389049, 5.144759, 5.220526)
(0.381627, 5.156803, 5.211583)
(0.3755565, 5.166182, 5.208095)
(0.3724793, 5.148882, 5.193907)
(0.3635593, 5.137222, 5.179894)
(0.3559965, 5.13482, 5.168124)
(0.3516525, 5.13659, 5.161056)
(0.3560625, 5.13088, 5.166848)
(0.4324191, 5.207285, 5.230672)
(0.4484856, 5.241993, 5.199706)
(0.3648682, 5.092764, 5.099568)
(0.3943326, 5.086154, 5.055288)
(0.4100825, 5.065129, 5.083875)
(0.423237, 5.073716, 5.088525)
(0.4407202, 5.103136, 5.099445)
(0.422548, 5.132047, 5.119545)
(0.4277774, 5.159873, 5.125917)
(0.4283624, 5.150686, 5.12149)
(0.4262427, 5.12395, 5.120122)
(0.4283076, 5.130094, 5.10406)
(0.4337046, 5.117141, 5.101705)
(0.4394632, 5.106211, 5.106985)
(0.4414052, 5.127815, 5.112671)
(0.446508, 5.132152, 5.115673)
(0.4364471, 5.112313, 5.112145)
(0.4317285, 5.109896, 5.120001)
(0.4202808, 5.11707, 5.126094)
(0.4123062, 5.128109, 5.129436)
(0.4185024, 5.144912, 5.144064)
(0.4171488, 5.1574, 5.148686)
(0.4178818, 5.152869, 5.146377)
(0.4251504, 5.152903, 5.143258)
(0.4279689, 5.142372, 5.144794)
(0.4352134, 5.144369, 5.155655)
(0.4336776, 5.150367, 5.161853)
(0.4383667, 5.146372, 5.164829)
(0.4422601, 5.146086, 5.171669)
(0.4439758, 5.138813, 5.176031)
(0.4450608, 5.133076, 5.179754)
(0.451186, 5.133072, 5.189968)
(0.4528596, 5.126107, 5.195141)
(0.4564408, 5.125779, 5.204249)
(0.456208, 5.120976, 5.212452)
(0.4526941, 5.119931, 5.220901)
(0.4513249, 5.121195, 5.230779)
(0.4505437, 5.117385, 5.238166)
(0.4500168, 5.120304, 5.247609)
(0.4495232, 5.1181, 5.256577)
(0.4479081, 5.112194, 5.265107)
(0.4460909, 5.107563, 5.273928)
(0.4447256, 5.107193, 5.284736)
(0.4417775, 5.106881, 5.294271)
(0.4432668, 5.106374, 5.305562)
(0.4438561, 5.101758, 5.314048)
(0.4449904, 5.097249, 5.322069)
(0.4483591, 5.090177, 5.330586)
(0.4500663, 5.085799, 5.339663)
(0.4532881, 5.076896, 5.344934)
(0.4561729, 5.073038, 5.35241)
(0.4580008, 5.070326, 5.36011)
(0.4608551, 5.067743, 5.367407)
(0.4619206, 5.063991, 5.372694)
(0.4626181, 5.063117, 5.378092)
(0.4650781, 5.060204, 5.383596)
(0.4687788, 5.055075, 5.383753)
(0.4703392, 5.052304, 5.385745)
(0.4699879, 5.04923, 5.387426)
(0.4688068, 5.046637, 5.386352)
(0.468956, 5.049659, 5.388846)
(0.4697674, 5.055705, 5.392673)
(0.4699849, 5.058699, 5.394347)
(0.4707615, 5.06324, 5.397467)
(0.4723949, 5.064023, 5.399747)
(0.4751853, 5.056738, 5.398065)
(0.4770262, 5.053406, 5.398091)
(0.4796807, 5.043896, 5.395505)
(0.4832339, 5.040341, 5.39642)
(0.4864759, 5.040406, 5.400136)
(0.4882692, 5.050128, 5.40908)
(0.4898379, 5.06004, 5.418539)
(0.4935328, 5.061787, 5.427112)
(0.4981272, 5.061825, 5.434026)
(0.499068, 5.068007, 5.436375)
(0.4937758, 5.082716, 5.432612)
(0.4967492, 5.047777, 5.425217)
(0.4945576, 5.026112, 5.413671)
(0.4929994, 5.01423, 5.407529)
(0.4909793, 5.013341, 5.404766)
(0.485738, 5.030944, 5.404234)
(0.4828406, 5.046775, 5.40374)
(0.4815796, 5.053123, 5.400679)
(0.48165, 5.056592, 5.395791)
(0.481524, 5.062047, 5.393535)
(0.4826093, 5.066042, 5.393966)
(0.4823521, 5.066619, 5.392101)
(0.4817118, 5.06548, 5.390086)
(0.4802596, 5.057413, 5.387184)
(0.4807569, 5.048603, 5.384451)
(0.4810261, 5.044704, 5.382763)
(0.4813769, 5.043643, 5.382563)
(0.481489, 5.045366, 5.382908)
(0.4814056, 5.047169, 5.382711)
(0.4806783, 5.050526, 5.381764)
(0.4805573, 5.05059, 5.380545)
(0.4806412, 5.050677, 5.380141)
(0.4800265, 5.051254, 5.380974)
(0.4790765, 5.053065, 5.381771)
(0.4782317, 5.053017, 5.381491)
(0.477946, 5.052324, 5.380728)
(0.4779637, 5.05042, 5.379645)
(0.4779754, 5.049635, 5.379712)
(0.4788834, 5.048745, 5.380424)
(0.4794607, 5.04785, 5.380523)
(0.4795593, 5.048007, 5.381362)
(0.4795457, 5.049691, 5.382492)
(0.4799612, 5.051496, 5.383914)
(0.4804284, 5.051144, 5.38389)
(0.4806907, 5.05165, 5.383885)
(0.4807265, 5.052272, 5.383243)
(0.4809452, 5.053012, 5.383117)
(0.4811051, 5.052173, 5.382266)
(0.4814056, 5.051078, 5.381702)
(0.4815118, 5.05042, 5.381305)
(0.4818844, 5.050279, 5.381142)
(0.4814322, 5.052391, 5.382263)
(0.4814215, 5.054764, 5.383767)
(0.4818359, 5.055099, 5.384418)
(0.482652, 5.055428, 5.385449)
(0.4831529, 5.055989, 5.386179)
(0.4837348, 5.057671, 5.388047)
(0.4841774, 5.057778, 5.389408)
(0.4847267, 5.05773, 5.390417)
(0.4849649, 5.05752, 5.391006)
(0.485586, 5.058125, 5.392192)
(0.4859619, 5.059858, 5.393968)
