(0.8381377, 0.2760099, -0.03405237)
(0.8384156, 0.2769949, -0.0346539)
(0.8381445, 0.2769083, -0.03463566)
(0.8373654, 0.2755576, -0.03360391)
(0.8376391, 0.2766383, -0.03427219)
(0.8374979, 0.2766848, -0.03421748)
(0.8369423, 0.2760079, -0.0336678)
(0.8376629, 0.2773135, -0.03466618)
(0.8375077, 0.2773288, -0.03450978)
(0.8366679, 0.2759653, -0.03323793)
(0.8366734, 0.2771393, -0.033602)
(0.8362759, 0.2774743, -0.03335512)
(0.8352513, 0.2768562, -0.03240931)
(0.8347925, 0.2780515, -0.03255212)
(0.8342242, 0.2782437, -0.03231382)
(0.8329492, 0.2772219, -0.03130186)
(0.8330779, 0.2790766, -0.03150928)
(0.8327868, 0.2807052, -0.03073323)
(0.8322023, 0.2819068, -0.02911973)
(0.8323728, 0.2860399, -0.0283494)
(0.8320076, 0.289731, -0.0265559)
(0.8310463, 0.2935174, -0.02406383)
(0.8307755, 0.2997153, -0.0231812)
(0.8283409, 0.3059891, -0.01975286)
(0.8260078, 0.3142716, -0.01820588)
(0.8223889, 0.3220173, -0.01653254)
(0.8161573, 0.3342645, -0.01489413)
(0.811626, 0.3438392, -0.01133633)
(0.8078496, 0.3568677, -0.008904934)
(0.8037281, 0.3689194, -0.004823685)
(0.8001844, 0.3801601, 0.001285195)
(0.7969148, 0.3903314, 0.006755948)
(0.7944136, 0.4008068, 0.01375651)
(0.7917774, 0.4095128, 0.02220201)
(0.7902371, 0.4181758, 0.03089559)
(0.7887348, 0.4274286, 0.0397985)
(0.787614, 0.4332731, 0.04912007)
(0.7881528, 0.4425601, 0.05742455)
(0.7876312, 0.4460129, 0.0677408)
(0.7892355, 0.4537821, 0.07662237)
(0.7905514, 0.4580467, 0.08678198)
(0.7930187, 0.4605539, 0.09766376)
(0.794842, 0.4609703, 0.1093113)
(0.7968538, 0.4639909, 0.1205527)
(0.8001523, 0.4643236, 0.1325358)
(0.803434, 0.4646921, 0.1433913)
(0.8057766, 0.4633889, 0.1556103)
(0.8092605, 0.4618273, 0.1665913)
(0.8135787, 0.4608793, 0.1770018)
(0.8153946, 0.4581704, 0.1893885)
(0.8184785, 0.455869, 0.1993529)
(0.8221282, 0.4542981, 0.2081243)
(0.8249172, 0.4514608, 0.217604)
(0.8279712, 0.4484186, 0.2264282)
(0.8325723, 0.4478579, 0.2336313)
(0.8364751, 0.4453977, 0.2396259)
(0.8391541, 0.4423716, 0.2463008)
(0.842923, 0.4407322, 0.2515423)
(0.8478947, 0.439595, 0.2539704)
(0.8499957, 0.4366038, 0.2579417)
(0.852982, 0.4341755, 0.2620564)
(0.8561424, 0.4324499, 0.2621057)
(0.8577412, 0.4284556, 0.264365)
(0.8554363, 0.4269947, 0.2641129)
(0.8497648, 0.4314253, 0.2568016)
(0.8509576, 0.4380728, 0.253265)
(0.8505801, 0.4414841, 0.2557088)
(0.8506261, 0.4448652, 0.2523227)
(0.8502036, 0.4427642, 0.2543663)
(0.8508794, 0.4391484, 0.2576005)
(0.8548608, 0.4376775, 0.255393)
(0.856161, 0.4348559, 0.2573602)
(0.8563236, 0.4335523, 0.2581635)
(0.8568819, 0.4350392, 0.2581785)
(0.856975, 0.4368006, 0.2572818)
(0.8560224, 0.4364942, 0.2554935)
(0.8572631, 0.4394025, 0.2524536)
(0.8584944, 0.4400195, 0.2501622)
(0.8590729, 0.4392459, 0.2491561)
(0.8611132, 0.4411013, 0.2460403)
(0.8626913, 0.4414378, 0.2452765)
(0.8627868, 0.4408976, 0.2452617)
(0.864285, 0.443504, 0.2432691)
(0.8651435, 0.4446001, 0.2417488)
(0.8643599, 0.4431723, 0.2418821)
(0.8653826, 0.444834, 0.2397214)
(0.8654246, 0.4450514, 0.2385767)
(0.8645167, 0.44304, 0.2385504)
(0.8660618, 0.4447758, 0.2354227)
(0.8665754, 0.4452697, 0.233631)
(0.865288, 0.4426802, 0.2343497)
(0.8666468, 0.4441929, 0.2324786)
(0.8674768, 0.4447393, 0.2316161)
(0.8664801, 0.4421556, 0.2336924)
(0.8673322, 0.4435921, 0.2326673)
(0.867552, 0.4435446, 0.2325366)
(0.8658864, 0.4403589, 0.2341561)
(0.8672757, 0.441607, 0.2312628)
(0.8672757, 0.441607, 0.2312628)
(0.866145, 0.4392602, 0.2327173)
(0.8668013, 0.4408959, 0.2311634)
(0.8671896, 0.4412594, 0.2306548)
(0.8666111, 0.4395047, 0.2321908)
(0.8675504, 0.4408134, 0.2312992)
(0.8678205, 0.4409956, 0.2316211)
(0.8673146, 0.4396549, 0.2329688)
(0.8680398, 0.4412774, 0.2318366)
(0.8680522, 0.4416859, 0.2313555)
(0.8668208, 0.4397082, 0.2328746)
(0.8672403, 0.4412191, 0.2322882)
(0.8675188, 0.4415277, 0.2323595)
(0.8670256, 0.4400643, 0.234035)
(0.8676062, 0.4415717, 0.2332759)
(0.8677295, 0.4418716, 0.233345)
(0.8670709, 0.4406978, 0.2347033)
(0.8682069, 0.4429635, 0.2340835)
(0.8682069, 0.4429635, 0.2340835)
(0.8671902, 0.4412013, 0.236387)
(0.8677796, 0.4425554, 0.2364215)
(0.8678753, 0.442899, 0.2371525)
(0.8668569, 0.4409379, 0.2395349)
(0.867507, 0.4424467, 0.2392067)
(0.8677758, 0.4429456, 0.2397541)
(0.8670645, 0.4412996, 0.2430086)
(0.8679242, 0.4449283, 0.244324)
(0.8679242, 0.4449283, 0.244324)
(0.8664827, 0.4433374, 0.2479742)
(0.8671061, 0.4463228, 0.2480317)
(0.8672459, 0.4482831, 0.2492437)
(0.8652191, 0.4472309, 0.253336)
(0.8660222, 0.4511861, 0.2534411)
(0.8661075, 0.4547099, 0.255087)
(0.8641781, 0.4558567, 0.2596169)
(0.8652992, 0.4690042, 0.2636843)
(0.8652992, 0.4690042, 0.2636843)
(0.8650755, 0.4740375, 0.2675548)
(0.8658211, 0.4818599, 0.2713513)
(0.86689, 0.4898351, 0.276001)
(0.8661234, 0.4948008, 0.2825742)
(0.867574, 0.5015477, 0.2889709)
(0.8685441, 0.508175, 0.2963915)
(0.8663481, 0.5109272, 0.3067024)
(0.866065, 0.5180575, 0.3131955)
(0.8645889, 0.5268748, 0.3195899)
(0.8593999, 0.5337871, 0.3253856)
(0.8543544, 0.5445852, 0.3275275)
(0.8504943, 0.5555778, 0.3302972)
(0.8476546, 0.5665982, 0.33323)
(0.8445733, 0.5769289, 0.3363917)
(0.8415688, 0.5874107, 0.3398733)
(0.8398494, 0.5975176, 0.3460667)
(0.8379567, 0.607006, 0.3511024)
(0.8365113, 0.6158613, 0.3580501)
(0.8347871, 0.6241555, 0.3640237)
(0.8345242, 0.6306247, 0.3701196)
(0.8338284, 0.6347351, 0.3771846)
(0.8344036, 0.6393051, 0.3848963)
(0.8263789, 0.6277946, 0.4064162)
(0.8281776, 0.6283954, 0.4142976)
(0.8297904, 0.6285181, 0.4238033)
(0.8371923, 0.6241069, 0.4407282)
(0.8371923, 0.6241069, 0.4407282)
(0.8398697, 0.6223195, 0.4510639)
(0.8448381, 0.6178089, 0.4611015)
(0.8501954, 0.612813, 0.4714363)
(0.8553725, 0.6079589, 0.4824643)
(0.8608114, 0.6032048, 0.492872)
(0.8668592, 0.5980328, 0.5036469)
(0.8731287, 0.5928237, 0.5139997)
(0.8787887, 0.5884455, 0.5243742)
(0.8846811, 0.5843004, 0.5354459)
(0.8906837, 0.5808876, 0.5445175)
(0.8949494, 0.5789263, 0.5528626)
(0.898381, 0.5776185, 0.5596712)
(0.9031584, 0.5761039, 0.5640755)
(0.9060364, 0.5747792, 0.5695674)
(0.9082925, 0.5735899, 0.5733771)
(0.9142376, 0.5721841, 0.575294)
(0.9189976, 0.5667644, 0.576879)
(0.9189976, 0.5667644, 0.576879)
(0.9231026, 0.5650601, 0.5757716)
(0.9185021, 0.5628338, 0.5661798)
(0.9153641, 0.5601387, 0.5653923)
(0.9141221, 0.5580655, 0.5654068)
(0.9126146, 0.5557883, 0.5650091)
(0.9138149, 0.555907, 0.5653362)
(0.9162838, 0.5580573, 0.567698)
(0.9179639, 0.559749, 0.5685539)
(0.9202919, 0.5617061, 0.5669887)
(0.922217, 0.5625342, 0.5672801)
(0.9234943, 0.5627284, 0.5676267)
(0.9241977, 0.562957, 0.5674267)
(0.9226266, 0.5626186, 0.5654728)
(0.9222307, 0.5628006, 0.5651984)
(0.9214523, 0.5626053, 0.5641837)
(0.9202752, 0.5621426, 0.5632353)
(0.9202125, 0.5620909, 0.5623925)
(0.9206628, 0.562073, 0.561795)
(0.9212584, 0.5617819, 0.5623231)
(0.9218807, 0.5621213, 0.5630543)
(0.9223158, 0.5620936, 0.5639145)
(0.9219412, 0.5617541, 0.5644629)
(0.9220209, 0.5617093, 0.5649886)
(0.921983, 0.5616826, 0.5650423)
(0.921277, 0.5614343, 0.5651221)
(0.9209273, 0.5609435, 0.5650654)
(0.9209273, 0.5609435, 0.5650654)
(0.9208738, 0.5615493, 0.5648694)
(0.9209454, 0.5616556, 0.5648682)
(0.9209458, 0.5616609, 0.5649056)
(0.9210379, 0.5615268, 0.5653486)
(0.9210281, 0.5614688, 0.5654051)
(0.9210765, 0.5614533, 0.5653517)
(0.9209856, 0.5618885, 0.5651269)
(0.9209442, 0.5619651, 0.5648894)
(0.9208457, 0.5620329, 0.5646214)
(0.920784, 0.5619673, 0.5651498)
(0.9208019, 0.5620692, 0.5649915)
(0.9209024, 0.5621952, 0.564816)
(0.9213367, 0.562277, 0.5647404)
(0.9214327, 0.5623579, 0.5646641)
(0.9215045, 0.5624349, 0.5646641)
