(325.7258, 235.7502, 353.0851)
(328.7704, 241.8983, 351.4974)
(330.459, 241.3247, 347.3592)
(319.7807, 235.682, 349.0488)
(323.3873, 242.7268, 347.7101)
(318.7343, 239.0865, 351.2172)
(319.4103, 237.1923, 352.2611)
(318.1825, 236.0725, 352.8226)
(316.304, 235.8501, 353.0469)
(314.9129, 235.0567, 354.2053)
(314.8541, 234.5366, 354.888)
(314.3647, 233.7982, 355.9282)
(313.5895, 233.6345, 356.2613)
(312.0201, 234.3958, 356.0846)
(310.921, 235.0487, 356.2346)
(310.2369, 235.5511, 355.9613)
(309.073, 236.3852, 355.1758)
(305.8534, 238.0449, 352.2144)
(305.1422, 239.3929, 349.5952)
(303.5973, 243.5109, 344.2025)
(302.771, 246.1827, 340.33)
(302.7036, 248.3745, 334.9608)
(302.0825, 249.0093, 332.9614)
(301.1284, 251.1807, 328.0217)
(300.6175, 252.6938, 325.3004)
(299.1805, 254.1964, 320.5751)
(297.6434, 254.2157, 319.7112)
(292.9935, 257.0746, 317.4012)
(291.6432, 259.3643, 316.312)
(289.6989, 266.6516, 312.1859)
(288.9146, 270.9909, 309.682)
(286.5104, 279.4088, 304.5448)
(286.0932, 283.4221, 302.0831)
