(5.852363, 1.492745, 5.845066)
(5.854856, 1.492236, 5.844525)
(5.857752, 1.491915, 5.843956)
(5.860535, 1.49074, 5.844186)
(5.863051, 1.48899, 5.844928)
(5.864774, 1.48623, 5.846553)
(5.866219, 1.483469, 5.848482)
(5.867735, 1.480088, 5.851027)
(5.869307, 1.477265, 5.852926)
(5.871072, 1.475109, 5.854926)
(5.873127, 1.473231, 5.856194)
(5.875673, 1.471559, 5.858091)
(5.878219, 1.469307, 5.859759)
(5.880765, 1.465883, 5.86236)
(5.882797, 1.462392, 5.864828)
(5.884231, 1.458528, 5.867558)
(5.885191, 1.454469, 5.869798)
(5.88691, 1.450877, 5.871218)
(5.889097, 1.447985, 5.872255)
(5.892842, 1.444979, 5.872907)
(5.896597, 1.442693, 5.872454)
(5.899806, 1.440888, 5.871923)
(5.902615, 1.439521, 5.87019)
(5.904707, 1.438985, 5.86759)
(5.906991, 1.438659, 5.864888)
(5.908544, 1.438041, 5.862972)
(5.909651, 1.437304, 5.86127)
(5.912586, 1.436543, 5.860157)
(5.916245, 1.434717, 5.860274)
(5.918191, 1.433771, 5.860094)
(5.918207, 1.434073, 5.85877)
(5.91432, 1.437597, 5.85524)
(5.910193, 1.443358, 5.850424)
(5.912329, 1.448575, 5.846382)
(5.916606, 1.451695, 5.843737)
(5.917271, 1.454459, 5.841017)
(5.908366, 1.459669, 5.837717)
(5.903123, 1.464214, 5.834403)
(5.889225, 1.471234, 5.831079)
(5.88374, 1.475783, 5.829256)
(5.877672, 1.478919, 5.829157)
(5.875219, 1.480104, 5.830745)
(5.875508, 1.479905, 5.833667)
(5.874117, 1.478972, 5.837762)
(5.87073, 1.479474, 5.840646)
(5.870106, 1.479867, 5.844108)
(5.872506, 1.480327, 5.846656)
(5.876081, 1.481099, 5.848444)
(5.879325, 1.482564, 5.849637)
(5.881395, 1.484183, 5.850234)
(5.883139, 1.485434, 5.850313)
(5.883772, 1.487174, 5.8497)
(5.884302, 1.48873, 5.849264)
(5.883231, 1.490966, 5.846997)
(5.882115, 1.492984, 5.845895)
(5.882047, 1.495182, 5.843651)
(5.881386, 1.497577, 5.841108)
(5.879648, 1.500513, 5.839287)
(5.878562, 1.503396, 5.837619)
(5.878098, 1.50631, 5.835808)
(5.879398, 1.509484, 5.834503)
(5.882507, 1.512424, 5.833122)
(5.884855, 1.515882, 5.831674)
(5.88746, 1.519443, 5.830328)
(5.889476, 1.522991, 5.82914)
(5.892434, 1.526843, 5.828249)
(5.896354, 1.53017, 5.827891)
(5.900825, 1.533381, 5.828115)
(5.905108, 1.535931, 5.828103)
(5.90905, 1.538194, 5.828486)
(5.912183, 1.540549, 5.82892)
(5.914162, 1.543429, 5.828557)
(5.915055, 1.546026, 5.828112)
(5.914331, 1.548039, 5.827937)
(5.914332, 1.54975, 5.827907)
(5.915246, 1.551114, 5.8281)
(5.916525, 1.552769, 5.828349)
(5.917154, 1.554993, 5.827847)
(5.918641, 1.557294, 5.827326)
(5.916529, 1.559719, 5.827035)
(5.911927, 1.562653, 5.827243)
(5.908886, 1.564643, 5.827688)
(5.905594, 1.565539, 5.829228)
(5.904949, 1.566223, 5.830737)
(5.904976, 1.567421, 5.831458)
(5.904409, 1.569532, 5.831501)
(5.897439, 1.573395, 5.831038)
(5.889751, 1.579054, 5.828821)
(5.885802, 1.583657, 5.825866)
(5.882001, 1.587015, 5.823749)
(5.876272, 1.590065, 5.821874)
(5.86357, 1.592206, 5.819439)
(5.852791, 1.596243, 5.816517)
(5.843938, 1.60028, 5.813019)
(5.837881, 1.605455, 5.808102)
(5.835907, 1.610456, 5.803314)
(5.832807, 1.613619, 5.799592)
(5.829079, 1.613273, 5.797508)
(5.820296, 1.612939, 5.797299)
(5.811775, 1.613931, 5.794998)
(5.806606, 1.616608, 5.791054)
(5.812275, 1.621461, 5.785275)
(5.813585, 1.623165, 5.783201)
(5.816334, 1.620702, 5.783068)
(5.812407, 1.61646, 5.78509)
(5.803938, 1.612213, 5.787517)
(5.799647, 1.605203, 5.791573)
(5.796101, 1.598841, 5.794712)
(5.791728, 1.592212, 5.797846)
(5.791034, 1.586876, 5.799718)
(5.795299, 1.58204, 5.799993)
(5.798173, 1.576991, 5.800789)
(5.799217, 1.571516, 5.802479)
(5.802257, 1.566445, 5.804023)
(5.809378, 1.560109, 5.805789)
(5.8156, 1.553514, 5.808834)
(5.829157, 1.5469, 5.810444)
(5.840017, 1.540022, 5.811025)
(5.845357, 1.535085, 5.811255)
(5.848562, 1.530492, 5.81094)
(5.848263, 1.526049, 5.809872)
(5.847684, 1.520513, 5.809633)
(5.849043, 1.514885, 5.809812)
(5.845202, 1.508654, 5.810441)
(5.84341, 1.503399, 5.810498)
(5.841217, 1.497877, 5.810177)
(5.838875, 1.492433, 5.810367)
(5.836567, 1.48735, 5.8105)
(5.837665, 1.482252, 5.809642)
(5.837829, 1.477968, 5.808682)
(5.840274, 1.473132, 5.808179)
(5.843024, 1.467687, 5.808023)
(5.843241, 1.461704, 5.809188)
(5.84456, 1.455837, 5.81073)
(5.843557, 1.449772, 5.81143)
(5.841884, 1.444645, 5.811897)
(5.840075, 1.43981, 5.811829)
(5.838792, 1.434844, 5.812015)
(5.837329, 1.430943, 5.811513)
(5.836747, 1.428226, 5.809888)
(5.836709, 1.425713, 5.808799)
(5.837515, 1.423637, 5.808165)
(5.838195, 1.420851, 5.808026)
(5.839373, 1.417545, 5.808336)
(5.839646, 1.414142, 5.808998)
(5.839938, 1.410194, 5.811104)
(5.84041, 1.407005, 5.812011)
(5.840648, 1.404848, 5.812832)
(5.842815, 1.403464, 5.812743)
(5.845716, 1.403202, 5.811954)
(5.84824, 1.403481, 5.811273)
(5.850576, 1.403635, 5.810578)
(5.854671, 1.404834, 5.808674)
(5.85977, 1.405555, 5.807045)
(5.865008, 1.407985, 5.804746)
(5.869382, 1.410839, 5.80226)
(5.87516, 1.414505, 5.799773)
(5.880602, 1.417214, 5.798476)
(5.884835, 1.41918, 5.797592)
(5.884448, 1.421095, 5.797806)
(5.8786, 1.423079, 5.799171)
(5.872779, 1.424592, 5.800181)
(5.872602, 1.425194, 5.800776)
(5.867916, 1.424611, 5.801726)
(5.859497, 1.426624, 5.801526)
(5.854169, 1.430439, 5.799721)
(5.854754, 1.433067, 5.797297)
(5.8581, 1.435454, 5.796093)
(5.858062, 1.438684, 5.794181)
(5.853023, 1.442458, 5.79296)
(5.845942, 1.443516, 5.794432)
(5.841439, 1.442065, 5.797462)
(5.834783, 1.4326, 5.806414)
(5.826791, 1.42836, 5.811944)
(5.816027, 1.42739, 5.815073)
(5.8096, 1.42679, 5.818095)
(5.804458, 1.424102, 5.822381)
(5.798825, 1.418462, 5.829487)
(5.794423, 1.410395, 5.838222)
(5.793274, 1.402012, 5.846499)
(5.79057, 1.394694, 5.853666)
(5.783583, 1.389081, 5.858601)
(5.777106, 1.383428, 5.861232)
(5.771182, 1.376643, 5.863903)
(5.768502, 1.368573, 5.867168)
(5.76868, 1.360945, 5.870509)
(5.772136, 1.353744, 5.872426)
(5.773552, 1.348187, 5.873924)
(5.771274, 1.343351, 5.875646)
(5.768003, 1.338472, 5.878171)
(5.760745, 1.336097, 5.880761)
(5.759447, 1.333372, 5.881384)
(5.762319, 1.333566, 5.87895)
(5.757292, 1.333842, 5.879289)
(5.7481, 1.335891, 5.880431)
(5.742789, 1.337484, 5.880924)
(5.742975, 1.339418, 5.881422)
(5.74816, 1.341973, 5.881012)
(5.755052, 1.344939, 5.879404)
(5.764949, 1.347901, 5.876762)
(5.771029, 1.350796, 5.874317)
(5.776162, 1.3555, 5.869912)
(5.780376, 1.360558, 5.86506)
(5.783263, 1.364546, 5.860747)
(5.786056, 1.368273, 5.857339)
(5.789844, 1.371474, 5.854456)
(5.794568, 1.373816, 5.852044)
(5.798253, 1.376441, 5.849905)
(5.801619, 1.379331, 5.847677)
(5.805166, 1.383064, 5.844567)
(5.808496, 1.387982, 5.84078)
(5.812974, 1.393055, 5.837002)
(5.817171, 1.397691, 5.833287)
(5.819521, 1.40244, 5.829445)
(5.820766, 1.407397, 5.825732)
(5.821003, 1.412371, 5.822316)
(5.819148, 1.416671, 5.819775)
(5.818017, 1.420821, 5.817395)
(5.817241, 1.425032, 5.814593)
(5.818034, 1.429925, 5.811098)
(5.819242, 1.434602, 5.807597)
(5.821175, 1.439286, 5.803411)
(5.82153, 1.443856, 5.799562)
(5.819549, 1.448488, 5.795094)
(5.816163, 1.453506, 5.790707)
(5.813138, 1.45869, 5.786199)
(5.811135, 1.462789, 5.782518)
(5.811684, 1.466174, 5.779606)
(5.814188, 1.469159, 5.776892)
(5.816629, 1.472095, 5.774559)
(5.821587, 1.474639, 5.773047)
(5.826243, 1.476788, 5.771448)
(5.833338, 1.476361, 5.772117)
(5.837051, 1.47736, 5.772027)
(5.840533, 1.478187, 5.771958)
(5.845402, 1.477865, 5.773484)
(5.850867, 1.478478, 5.774535)
(5.85662, 1.478749, 5.776666)
(5.859316, 1.479898, 5.778376)
(5.85337, 1.483938, 5.780548)
(5.848963, 1.487869, 5.781034)
(5.851416, 1.490289, 5.781051)
(5.855139, 1.49099, 5.781856)
(5.832363, 1.499209, 5.783606)
(5.830292, 1.507235, 5.784293)
(5.835071, 1.512834, 5.783109)
(5.842609, 1.517185, 5.782406)
(5.868679, 1.520314, 5.78329)
(5.876231, 1.524706, 5.783671)
(5.873399, 1.530931, 5.784243)
(5.851551, 1.541916, 5.784224)
(5.84538, 1.550122, 5.784319)
(5.842197, 1.557938, 5.785299)
(5.841163, 1.565933, 5.786629)
(5.843639, 1.575073, 5.78706)
(5.845034, 1.585088, 5.787164)
(5.844133, 1.596249, 5.78676)
(5.841435, 1.609697, 5.785172)
(5.838185, 1.622359, 5.783571)
(5.835815, 1.637067, 5.780518)
(5.836826, 1.652461, 5.777384)
(5.838413, 1.668066, 5.77471)
(5.841049, 1.684795, 5.772075)
(5.845836, 1.704568, 5.769902)
