(-107.4273, 2.224255, 7.778001)
(-106.8876, 3.04172, 7.893205)
(-105.9458, 3.655887, 7.980978)
(-104.9633, 4.061246, 8.065081)
(-103.3965, 4.096055, 8.187366)
(-101.782, 3.980374, 8.22817)
(-100.1173, 4.080892, 8.291304)
(-98.61984, 4.208374, 8.348441)
(-97.25439, 4.436326, 8.37369)
(-94.3243, 4.745436, 8.720708)
(-92.96889, 4.9016, 8.821333)
(-91.49531, 5.007434, 9.068346)
(-90.11031, 4.900074, 9.256339)
(-88.81815, 4.723597, 9.442759)
(-87.5312, 4.572153, 9.725189)
(-86.33675, 4.31869, 9.903467)
(-85.20381, 4.034495, 10.0836)
(-84.0936, 3.828073, 10.22871)
(-83.01318, 3.556776, 10.38803)
(-82.14145, 3.339815, 10.5103)
(-81.33965, 3.15752, 10.62239)
(-80.51315, 2.859378, 10.72266)
(-79.10021, 2.354598, 10.82695)
(-78.52283, 2.011371, 10.8632)
(-77.8539, 1.551509, 10.99651)
(-76.4225, 1.42951, 10.92753)
