(0.3452809, -0.1272552, 0.2391789)
(0.3454266, -0.1271441, 0.2393869)
(0.3454595, -0.1271126, 0.2393445)
(0.3456564, -0.1273282, 0.2391573)
(0.345716, -0.1273756, 0.2391415)
(0.3457098, -0.1275065, 0.2391953)
(0.345778, -0.1275523, 0.2392225)
(0.3456998, -0.1274645, 0.2393227)
(0.3457408, -0.1274586, 0.2392998)
(0.3456967, -0.1274741, 0.2392471)
(0.3457072, -0.1274662, 0.2393343)
(0.3456936, -0.1274636, 0.23935)
(0.3456359, -0.1275113, 0.2393322)
(0.34566, -0.1275303, 0.2393867)
(0.3457434, -0.1273973, 0.2392722)
(0.345705, -0.1274397, 0.2392505)
(0.3457053, -0.127351, 0.2393978)
(0.3458047, -0.1273088, 0.239326)
(0.3457885, -0.1273398, 0.2392292)
(0.3458331, -0.1273561, 0.2392366)
(0.3458331, -0.1273561, 0.2392366)
(0.3459632, -0.1273646, 0.2391899)
(0.3460424, -0.1275365, 0.2391177)
(0.3461566, -0.1275365, 0.2390695)
(0.3462729, -0.1276233, 0.2391644)
(0.3462005, -0.127686, 0.2390701)
(0.3462203, -0.1277566, 0.2390724)
(0.346091, -0.1279371, 0.2390602)
(0.3461809, -0.1282144, 0.2391372)
(0.3460078, -0.1283236, 0.2391421)
(0.346031, -0.1286378, 0.239081)
(0.3460071, -0.1287749, 0.2392865)
(0.3459375, -0.1288359, 0.2394141)
(0.3459904, -0.1291795, 0.2397267)
(0.3457742, -0.1291656, 0.2401963)
(0.3456933, -0.1293545, 0.2404366)
(0.3456514, -0.1292512, 0.2407712)
(0.3455021, -0.1288328, 0.2416232)
(0.3458769, -0.1284645, 0.2423642)
(0.3456836, -0.1279759, 0.2432655)
(0.3439178, -0.126328, 0.2449473)
(0.3418505, -0.1234181, 0.2469867)
(0.3401225, -0.1201003, 0.2496043)
(0.3402071, -0.1162217, 0.2524337)
(0.3414891, -0.1096387, 0.2522986)
(0.3463304, -0.09198499, 0.2494432)
(0.345722, -0.06912994, 0.249596)
(0.343478, -0.05302477, 0.2507908)
(0.3396208, -0.03387928, 0.2495229)
(0.3372753, -0.01336527, 0.2498101)
(0.3332715, 0.006978035, 0.2536656)
(0.3303866, 0.02735353, 0.2577384)
(0.3265247, 0.04803705, 0.2623119)
(0.3234491, 0.06891727, 0.2662556)
(0.3207278, 0.08845258, 0.273531)
(0.3168814, 0.1084468, 0.2835369)
(0.3159645, 0.124052, 0.291518)
(0.3148682, 0.1369195, 0.3016281)
(0.3113296, 0.1523657, 0.3136394)
(0.3124559, 0.164811, 0.3244307)
(0.3107574, 0.1759063, 0.3394649)
(0.3107603, 0.182804, 0.3534639)
(0.3121991, 0.1915153, 0.3662837)
(0.3135424, 0.1951396, 0.3827109)
(0.3130627, 0.2004133, 0.4023848)
(0.314714, 0.2043159, 0.4181032)
(0.3167138, 0.2033023, 0.4364848)
(0.3172383, 0.2049515, 0.4544511)
(0.3187253, 0.2034457, 0.472672)
(0.3206429, 0.201684, 0.490483)
(0.3225031, 0.2004759, 0.5071161)
(0.3243437, 0.1988328, 0.5240126)
(0.3281937, 0.1970793, 0.5384243)
(0.3331683, 0.1931837, 0.5516539)
(0.3346133, 0.1873651, 0.5644622)
(0.3373756, 0.1834197, 0.575067)
(0.3406208, 0.1789117, 0.5846226)
(0.3414564, 0.1736702, 0.5923502)
(0.3448398, 0.169873, 0.599694)
(0.3495283, 0.1639344, 0.6012442)
(0.3515263, 0.1578711, 0.606343)
(0.3564293, 0.1525178, 0.6067681)
(0.3589618, 0.148031, 0.6081312)
(0.3596032, 0.1429389, 0.611105)
(0.364212, 0.1374936, 0.6127214)
(0.3649035, 0.1317682, 0.6126301)
(0.3656964, 0.1254742, 0.6137452)
(0.3666391, 0.1193774, 0.6144552)
(0.3663893, 0.1346633, 0.6118114)
(0.3608539, 0.1366477, 0.6094117)
(0.3535261, 0.1348734, 0.6122863)
(0.3566775, 0.1308742, 0.6147926)
(0.3566775, 0.1308742, 0.6147926)
(0.3626564, 0.1259241, 0.6197333)
(0.3645644, 0.1232483, 0.6215725)
(0.3658898, 0.1197762, 0.6192703)
(0.3650358, 0.1207771, 0.6181676)
(0.3655083, 0.1234057, 0.6166227)
(0.3642516, 0.1245887, 0.6134279)
(0.363719, 0.1240699, 0.6140177)
(0.3635886, 0.1245792, 0.6152012)
(0.3644896, 0.1249039, 0.61538)
(0.3639483, 0.1235576, 0.6167035)
(0.3636756, 0.1234403, 0.6173956)
(0.3648899, 0.1241376, 0.6162763)
(0.3643997, 0.1238751, 0.6157503)
(0.3646095, 0.1237137, 0.6158278)
(0.3654273, 0.1241381, 0.6153646)
(0.3650665, 0.1238322, 0.6158164)
(0.3647969, 0.1235352, 0.6163397)
(0.3653073, 0.1235771, 0.6158674)
(0.3657663, 0.1229486, 0.6151459)
(0.3663373, 0.1226454, 0.6149895)
(0.367754, 0.1223547, 0.6148849)
(0.3683355, 0.122319, 0.6149466)
(0.3683493, 0.122349, 0.6150076)
(0.3685656, 0.1224227, 0.6147938)
(0.3684204, 0.1223414, 0.6147006)
(0.3685441, 0.1221871, 0.6146002)
(0.3691444, 0.1221862, 0.6143317)
(0.3698657, 0.1220539, 0.6142321)
(0.3701239, 0.1218607, 0.613914)
(0.3702803, 0.1218245, 0.6135173)
(0.3704615, 0.1215978, 0.6132529)
(0.3709202, 0.121572, 0.6132009)
(0.3715284, 0.1213844, 0.6131337)
(0.3723152, 0.1212037, 0.6130455)
(0.372658, 0.1211956, 0.6127193)
(0.372658, 0.1211956, 0.6127193)
(0.3734245, 0.1212578, 0.6121879)
(0.373637, 0.121243, 0.6119094)
(0.3738079, 0.1211064, 0.6117611)
(0.374002, 0.1210942, 0.6114826)
(0.3743544, 0.1211312, 0.6113255)
(0.3746524, 0.1210968, 0.6111805)
(0.3751662, 0.1211071, 0.6109371)
(0.375443, 0.121274, 0.6105599)
(0.3757291, 0.1211598, 0.6104162)
(0.3761871, 0.1213157, 0.6101615)
(0.3763647, 0.121479, 0.6099896)
(0.376545, 0.1214328, 0.609858)
(0.3767943, 0.1215456, 0.6097727)
(0.3768983, 0.1214719, 0.6095448)
(0.3769379, 0.1215777, 0.6096003)
(0.3767111, 0.1218703, 0.6092272)
(0.3762362, 0.122216, 0.6089249)
(0.3760087, 0.1224184, 0.6088152)
(0.3759096, 0.1226528, 0.6086707)
(0.3756955, 0.1226737, 0.6085236)
(0.3756707, 0.122443, 0.6088018)
(0.3756361, 0.1222463, 0.6088815)
(0.3754473, 0.1223269, 0.6091886)
(0.3755343, 0.1227419, 0.6089284)
(0.374964, 0.122402, 0.6086667)
(0.375416, 0.1230764, 0.6086318)
(0.3748996, 0.1226556, 0.6086848)
(0.374943, 0.122577, 0.6088164)
(0.3749034, 0.1225796, 0.6088216)
(0.3748639, 0.1225824, 0.6088266)
(0.374824, 0.1225858, 0.6088319)
(0.3755114, 0.1262009, 0.6087275)
(0.3753791, 0.1269951, 0.6080947)
(0.3755984, 0.1264617, 0.6079307)
(0.3760772, 0.1269691, 0.6078634)
(0.3750255, 0.1242869, 0.6082706)
(0.3756223, 0.126745, 0.607409)
(0.374208, 0.1255445, 0.6080034)
(0.3734474, 0.1232023, 0.6089156)
(0.373646, 0.1232727, 0.6087971)
(0.3736653, 0.1234279, 0.6090212)
(0.3734336, 0.1234937, 0.6091919)
(0.3730826, 0.1235392, 0.6091361)
(0.3729575, 0.1235702, 0.6091967)
(0.3734994, 0.123553, 0.6089733)
(0.3740237, 0.1235566, 0.608927)
(0.3738797, 0.1235833, 0.608732)
(0.3741457, 0.1236317, 0.6092131)
(0.3740842, 0.1237376, 0.6092587)
(0.373091, 0.1237898, 0.6092055)
(0.3730986, 0.1238747, 0.608844)
(0.3731914, 0.1239264, 0.6086679)
(0.3733659, 0.1238647, 0.6080234)
(0.373374, 0.1240876, 0.608021)
(0.3735595, 0.1239147, 0.6087363)
(0.3736525, 0.1239228, 0.6088443)
(0.373656, 0.1236117, 0.6086295)
(0.373913, 0.1238871, 0.6086392)
(0.3738215, 0.1238337, 0.6086547)
(0.3736732, 0.1236262, 0.6086359)
(0.3737917, 0.1228187, 0.6084638)
(0.3729708, 0.1219585, 0.6089456)
(0.3723583, 0.1224494, 0.6093495)
(0.3727529, 0.1222632, 0.6095943)
(0.3730042, 0.1214802, 0.6099515)
(0.3734829, 0.1208789, 0.6103561)
(0.3733308, 0.1204987, 0.6103127)
(0.3731048, 0.1205683, 0.611269)
(0.3726041, 0.1205306, 0.6112242)
(0.3726463, 0.1204598, 0.6117525)
(0.3731279, 0.1198552, 0.6118989)
(0.3728609, 0.1194227, 0.613245)
(0.3719904, 0.1192, 0.6136277)
(0.3716409, 0.1184072, 0.6142187)
(0.3715379, 0.1183963, 0.6156745)
(0.3713059, 0.1181161, 0.6164851)
(0.370374, 0.1173477, 0.6182814)
(0.370213, 0.1175425, 0.6182415)
(0.3688877, 0.1167569, 0.6190555)
(0.3690853, 0.1168032, 0.619884)
(0.3689959, 0.1169324, 0.6211028)
(0.3681924, 0.1167605, 0.6230481)
(0.3687088, 0.1172173, 0.6247704)
(0.3695807, 0.1179912, 0.6270907)
(0.3694131, 0.1179862, 0.6303198)
(0.3704844, 0.1189873, 0.6342258)
(0.3711946, 0.1192946, 0.6377199)
(0.3714306, 0.1182446, 0.6430171)
(0.3735464, 0.1196661, 0.6475453)
(0.3774276, 0.1222317, 0.6530561)
(0.3803692, 0.128089, 0.6571004)
(0.3829081, 0.1342301, 0.6589639)
(0.3827012, 0.1457052, 0.6531084)
(0.3857677, 0.159018, 0.6487236)
(0.3826573, 0.170711, 0.6427031)
(0.379653, 0.1810498, 0.6382196)
(0.3771534, 0.1995659, 0.6282287)
(0.3714023, 0.2147663, 0.6211185)
(0.3682733, 0.2322066, 0.6162243)
(0.3669386, 0.247901, 0.6129575)
(0.3624671, 0.2587595, 0.6096637)
(0.3612449, 0.2732974, 0.6070375)
(0.3615541, 0.2928383, 0.5971661)
(0.3612828, 0.3092349, 0.5957417)
(0.3603363, 0.3242428, 0.59466)
(0.3624692, 0.342731, 0.5877488)
(0.3627868, 0.3599612, 0.58829)
(0.3629553, 0.3736633, 0.5922797)
(0.3617377, 0.3866299, 0.5930929)
(0.3621645, 0.4000456, 0.5958395)
(0.3622258, 0.4069102, 0.6026309)
(0.359206, 0.4134138, 0.6095967)
(0.3630679, 0.4239417, 0.6143229)
(0.3638873, 0.4306676, 0.621619)
(0.3632314, 0.4328626, 0.6329963)
(0.3659503, 0.4413818, 0.6414144)
(0.3659503, 0.4413818, 0.6414144)
(0.3705082, 0.4437327, 0.6649125)
(0.3727036, 0.4454741, 0.6771193)
(0.3778508, 0.4436073, 0.6901178)
(0.3816254, 0.443025, 0.7033365)
(0.3838584, 0.4393111, 0.7201405)
(0.377851, 0.4283129, 0.7469842)
(0.383795, 0.4244139, 0.7626846)
(0.3908534, 0.4208285, 0.7801416)
(0.3969336, 0.4188718, 0.7964194)
(0.4025366, 0.4171007, 0.8131251)
(0.4089088, 0.4139036, 0.8287702)
(0.4128423, 0.4095505, 0.8451185)
(0.4185925, 0.4057813, 0.8587804)
(0.4230883, 0.4048842, 0.872596)
(0.4252958, 0.4026291, 0.885756)
(0.4288549, 0.3997887, 0.8986521)
(0.4333482, 0.393692, 0.9117959)
(0.4332149, 0.3884751, 0.9264245)
(0.4390306, 0.3822134, 0.9395499)
(0.43959, 0.3762125, 0.9522552)
(0.4346118, 0.3652284, 0.9604933)
(0.4343567, 0.3587866, 0.9635296)
(0.4316962, 0.3476139, 0.9306297)
(0.4455335, 0.3653114, 0.9454117)
(0.4455252, 0.3682247, 0.9412651)
(0.4363499, 0.3608389, 0.9353635)
(0.4363499, 0.3608389, 0.9353635)
(0.4441197, 0.3667084, 0.9503393)
(0.4399934, 0.3646823, 0.9464748)
(0.4457052, 0.3685308, 0.9430466)
(0.4434738, 0.3690383, 0.9411304)
(0.437736, 0.3692265, 0.9351337)
(0.4337404, 0.3695154, 0.9338236)
(0.4382915, 0.3748256, 0.9273067)
(0.4360461, 0.3750987, 0.9262142)
(0.4382646, 0.3751829, 0.9277663)
(0.4393921, 0.3741721, 0.9284244)
(0.4385703, 0.3742938, 0.92939)
(0.4405715, 0.3767267, 0.929028)
(0.4391124, 0.3759822, 0.9265633)
(0.4388971, 0.3759946, 0.9261663)
(0.4397402, 0.3763797, 0.9260046)
(0.4406693, 0.3764881, 0.9253004)
(0.4400847, 0.3762606, 0.9252739)
(0.439893, 0.376079, 0.9240158)
(0.439857, 0.3759748, 0.923434)
(0.4402802, 0.3763481, 0.9232512)
(0.4403458, 0.3764933, 0.9228544)
(0.439575, 0.3760478, 0.9233849)
(0.4397156, 0.3759338, 0.9234965)
(0.439575, 0.3760601, 0.9235225)
(0.4403362, 0.3755637, 0.9233544)
(0.4404039, 0.3754005, 0.923419)
(0.4414947, 0.3752877, 0.9233809)
(0.4409103, 0.3747467, 0.9245324)
(0.4407446, 0.3749762, 0.9247079)
(0.4406183, 0.374959, 0.9242971)
(0.4403992, 0.3748343, 0.9238479)
(0.4398658, 0.3742926, 0.9237339)
(0.439744, 0.3749955, 0.9242365)
(0.4400244, 0.3749181, 0.9245775)
(0.4403076, 0.3751726, 0.9246624)
(0.4406593, 0.3751659, 0.9252977)
(0.4406533, 0.3751711, 0.9255157)
(0.4403841, 0.3750658, 0.9253376)
(0.4403653, 0.3750144, 0.9251299)
(0.4405668, 0.3745396, 0.9247212)
(0.4405105, 0.3744906, 0.924593)
(0.4403381, 0.3743951, 0.9244535)
(0.4405041, 0.3746456, 0.9248674)
(0.4406834, 0.3749726, 0.9253216)
(0.440491, 0.3747658, 0.9249177)
(0.4401457, 0.3746095, 0.9251738)
(0.4399338, 0.3746108, 0.9251547)
(0.4397326, 0.3745109, 0.9250031)
(0.4395936, 0.374488, 0.9249392)
(0.4397628, 0.3747252, 0.9250946)
(0.440069, 0.3746654, 0.9252763)
(0.4401965, 0.3746147, 0.9253626)
(0.4403458, 0.37488, 0.9250503)
(0.4404655, 0.3749723, 0.9251492)
(0.4404697, 0.3750044, 0.9251235)
(0.4403925, 0.3749809, 0.925118)
(0.440542, 0.3749865, 0.9252052)
(0.4406874, 0.3751218, 0.924886)
(0.4408159, 0.3749669, 0.9247272)
(0.4409742, 0.3751554, 0.9244499)
(0.4410095, 0.3752788, 0.9243658)
(0.4412222, 0.3752182, 0.9243686)
(0.4411869, 0.3753263, 0.9240701)
(0.4411809, 0.3754849, 0.9240241)
(0.4413054, 0.3755553, 0.9240537)
(0.4412313, 0.3754748, 0.9241307)
(0.4410968, 0.3756202, 0.9243348)
(0.4410491, 0.3756435, 0.9242964)
(0.4410005, 0.3757169, 0.9241602)
(0.4410293, 0.3757037, 0.9242215)
(0.4410377, 0.3756309, 0.9241791)
(0.4408944, 0.3755122, 0.9242575)
(0.4408965, 0.3755133, 0.924273)
(0.440969, 0.3754281, 0.9243484)
(0.4409332, 0.3755178, 0.9242754)
(0.4409771, 0.3755295, 0.9242036)
