(-0.006339081, -0.7294338, 0.6840221)
(-0.006767878, -0.7297951, 0.6836324)
(-0.006806543, -0.7302322, 0.6831651)
(-0.006766803, -0.7304991, 0.6828802)
(-0.006809952, -0.7302625, 0.6831327)
(-0.006783216, -0.7308931, 0.6824583)
(-0.006523584, -0.7313403, 0.6819814)
(-0.006184657, -0.7313935, 0.6819276)
(-0.006470157, -0.7319552, 0.6813221)
(-0.006367147, -0.7324946, 0.6807431)
(-0.00622702, -0.7327629, 0.6804556)
(-0.006740985, -0.7328536, 0.680353)
(-0.006778197, -0.7330321, 0.6801603)
(-0.006812413, -0.7335861, 0.6795623)
(-0.006928005, -0.7338447, 0.6792819)
(-0.007674355, -0.7338322, 0.6792875)
(-0.007681553, -0.7344851, 0.6785814)
(-0.007470063, -0.7347854, 0.6782585)
(-0.007419994, -0.7346944, 0.6783577)
(-0.007739248, -0.7347661, 0.6782764)
(-0.007483311, -0.734712, 0.6783379)
(-0.007260521, -0.7347223, 0.6783291)
(-0.007057647, -0.7345345, 0.6785347)
(-0.007335007, -0.7344187, 0.6786571)
(-0.007507677, -0.7344481, 0.6786232)
(-0.007654828, -0.7345394, 0.6785229)
(-0.007760771, -0.735114, 0.677899)
(-0.008022879, -0.7352455, 0.6777534)
(-0.007738051, -0.735036, 0.6779839)
(-0.007774931, -0.7354171, 0.6775702)
(-0.007924817, -0.7358341, 0.6771156)
(-0.008319115, -0.735713, 0.6772423)
(-0.008491138, -0.7358103, 0.6771345)
(-0.008480254, -0.7359749, 0.6769557)
(-0.00862885, -0.7366953, 0.6761698)
(-0.008702975, -0.7367361, 0.6761245)
(-0.009766935, -0.7370505, 0.6757672)
(-0.009569315, -0.7376018, 0.6751682)
(-0.008653216, -0.7381629, 0.674567)
(-0.008938639, -0.738555, 0.674134)
(-0.008933817, -0.7386767, 0.6740007)
(-0.009567929, -0.7388835, 0.6737652)
(-0.009624209, -0.7399102, 0.6726369)
(-0.009700851, -0.740328, 0.6721759)
(-0.009617301, -0.7407711, 0.6716887)
(-0.009562558, -0.7411454, 0.6712765)
(-0.009311195, -0.7416411, 0.6707323)
(-0.009152949, -0.7420077, 0.6703289)
(-0.009467278, -0.7421432, 0.6701745)
(-0.009616968, -0.743174, 0.6690291)
(-0.009152386, -0.7438599, 0.6682729)
(-0.009413103, -0.7440612, 0.6680452)
(-0.009333842, -0.7445046, 0.6675522)
(-0.009448213, -0.7449508, 0.6670525)
(-0.009347358, -0.7453943, 0.6665583)
(-0.0089655, -0.7457487, 0.6661671)
(-0.009143731, -0.7463679, 0.6654708)
(-0.009263731, -0.7470508, 0.6647025)
(-0.009163928, -0.7476525, 0.664027)
(-0.009036183, -0.7480596, 0.6635701)
(-0.008835889, -0.7485505, 0.6630189)
(-0.008727164, -0.7488151, 0.6627215)
(-0.009366893, -0.7490295, 0.6624705)
(-0.009583512, -0.7493452, 0.6621101)
(-0.01002707, -0.7497276, 0.6616706)
(-0.01070884, -0.7502521, 0.6610652)
(-0.01156009, -0.750363, 0.660925)
(-0.01272448, -0.7504155, 0.6608439)
(-0.01405886, -0.7504627, 0.6607632)
(-0.01534767, -0.7507707, 0.6603845)
(-0.01670547, -0.7514395, 0.6595905)
(-0.01871644, -0.7528424, 0.6579347)
(-0.02054141, -0.7542744, 0.6562378)
(-0.02218479, -0.7564743, 0.6536471)
(-0.02356732, -0.7585146, 0.6512297)
(-0.024542, -0.7603721, 0.6490239)
(-0.02599845, -0.7619678, 0.6470929)
(-0.02737144, -0.7631024, 0.6456977)
(-0.0280712, -0.7640811, 0.6445092)
(-0.02874396, -0.7651997, 0.643151)
(-0.02909608, -0.7658542, 0.6423556)
(-0.02815627, -0.7662475, 0.6419283)
(-0.02692606, -0.766129, 0.6421225)
(-0.02540747, -0.7644184, 0.6442196)
(-0.02327386, -0.7629024, 0.6460946)
(-0.02062238, -0.7631771, 0.6458603)
(-0.01633043, -0.767008, 0.6414297)
(-0.01106744, -0.7717285, 0.6358559)
(-0.004172293, -0.7790253, 0.6269785)
(-0.0004982837, -0.7869105, 0.617067)
(0.0008912701, -0.7944594, 0.6073166)
(0.0008892827, -0.8008918, 0.5988085)
(0.004556235, -0.8026912, 0.5963775)
(0.01625255, -0.8010096, 0.5984308)
(0.02769754, -0.796704, 0.6037347)
(0.03069373, -0.7965904, 0.6037397)
(0.02894903, -0.7999459, 0.5993735)
(0.0282025, -0.8028131, 0.5955634)
(0.0265376, -0.8061405, 0.5911288)
(0.02617211, -0.808706, 0.5876306)
(0.02513957, -0.8110984, 0.5843692)
(0.02429777, -0.8130642, 0.5816669)
(0.0221575, -0.8150337, 0.5789896)
(0.0205423, -0.8162575, 0.5773228)
(0.0187558, -0.8171204, 0.5761619)
(0.01770495, -0.8177511, 0.5752997)
(0.01658199, -0.8187528, 0.5739067)
(0.01477912, -0.8192163, 0.5732942)
(0.0122403, -0.8197885, 0.5725357)
(0.01069445, -0.8210642, 0.5707357)
(0.009095269, -0.8221903, 0.5691401)
(0.007372673, -0.8233277, 0.5675184)
(0.006544329, -0.824496, 0.5658299)
(0.005041648, -0.8249484, 0.5651857)
(0.003077023, -0.825302, 0.5646833)
(0.0005413052, -0.8251923, 0.5648516)
(-0.003068497, -0.8258223, 0.563922)
(-0.005978398, -0.8261095, 0.563478)
(-0.01124613, -0.825242, 0.5646673)
(-0.01540913, -0.8246841, 0.5653837)
(-0.0201143, -0.8238041, 0.5665176)
(-0.02511207, -0.8231201, 0.5673118)
(-0.02884665, -0.8224901, 0.5680475)
(-0.03266226, -0.8220331, 0.5685022)
(-0.03546187, -0.8215591, 0.5690193)
(-0.03787822, -0.8208716, 0.5698553)
(-0.04040565, -0.8207607, 0.5698414)
(-0.04241742, -0.8209325, 0.5694476)
(-0.04400799, -0.8209877, 0.5692472)
(-0.04580111, -0.8212165, 0.5687755)
(-0.04774077, -0.8214812, 0.5682337)
(-0.05004846, -0.8216097, 0.5678493)
(-0.0513877, -0.8224111, 0.5665679)
(-0.05338422, -0.823105, 0.5653744)
(-0.05531172, -0.8236501, 0.5643945)
(-0.05724543, -0.8242618, 0.5633078)
(-0.058321, -0.8253572, 0.5615907)
(-0.05985456, -0.8262506, 0.5601138)
(-0.06061581, -0.8278161, 0.5577151)
(-0.06097085, -0.8290132, 0.5558954)
(-0.06102689, -0.8308703, 0.5531096)
(-0.06202, -0.8320643, 0.551201)
(-0.06301408, -0.8332473, 0.5492979)
(-0.06401592, -0.8344275, 0.5473872)
(-0.06502064, -0.8355998, 0.5454771)
(-0.06809221, -0.8385503, 0.5405523)
(-0.07040144, -0.8392301, 0.5391998)
(-0.0738284, -0.8393728, 0.538519)
(-0.07816482, -0.8383593, 0.5394849)
(-0.08114734, -0.8382823, 0.5391641)
(-0.08398517, -0.836288, 0.54182)
(-0.08736438, -0.8345113, 0.5440206)
(-0.09160093, -0.8323883, 0.5465702)
(-0.09573583, -0.8322669, 0.5460463)
(-0.1023656, -0.8345742, 0.5413013)
(-0.1097735, -0.8354271, 0.5385271)
(-0.1181997, -0.8345789, 0.5380584)
(-0.1241619, -0.832841, 0.5394068)
(-0.1305137, -0.8310707, 0.5406364)
(-0.1382845, -0.8295478, 0.5410433)
(-0.1460304, -0.8283771, 0.5408017)
(-0.15418, -0.8277202, 0.539544)
(-0.1628218, -0.8261881, 0.5393537)
(-0.1714232, -0.8234449, 0.5408813)
(-0.1796211, -0.8206901, 0.5424057)
(-0.1891448, -0.8185871, 0.5423462)
(-0.1991158, -0.8180363, 0.5396013)
(-0.2089171, -0.8201441, 0.5326512)
(-0.214628, -0.8203916, 0.5299929)
(-0.218685, -0.8187187, 0.5309205)
(-0.2216139, -0.8151563, 0.5351706)
(-0.2285966, -0.812086, 0.5368984)
(-0.2367599, -0.8090454, 0.5379502)
(-0.2429745, -0.8075011, 0.5374992)
(-0.2484798, -0.805642, 0.5377719)
(-0.2529298, -0.8037473, 0.5385321)
(-0.2576226, -0.8011907, 0.5401149)
(-0.2622173, -0.7980192, 0.5425934)
(-0.2670633, -0.7953751, 0.54411)
(-0.2712641, -0.7930784, 0.5453829)
(-0.2759951, -0.7902809, 0.5470675)
(-0.2801901, -0.7873343, 0.5491796)
(-0.2845571, -0.7848289, 0.5505188)
(-0.289786, -0.7820039, 0.5518098)
(-0.2944105, -0.7790072, 0.5535976)
(-0.2990671, -0.7760314, 0.5552785)
(-0.3031237, -0.7726132, 0.5578396)
(-0.3067641, -0.7694318, 0.5602415)
(-0.3092952, -0.7663482, 0.5630693)
(-0.3123831, -0.7633451, 0.5654389)
(-0.3151149, -0.7604549, 0.5678124)
(-0.3177217, -0.7576998, 0.5700386)
(-0.320143, -0.7548998, 0.572394)
(-0.3203693, -0.7528304, 0.5749868)
(-0.3212692, -0.750113, 0.5780282)
(-0.3217927, -0.7475309, 0.5810739)
(-0.3225217, -0.7446341, 0.5843799)
(-0.3227905, -0.7425585, 0.5868671)
(-0.3234515, -0.7408187, 0.5886992)
(-0.32476, -0.7392696, 0.5899249)
(-0.3258198, -0.7375632, 0.5914744)
(-0.3266594, -0.7363185, 0.5925613)
(-0.3272479, -0.7352325, 0.593584)
(-0.3277155, -0.7340044, 0.5948446)
(-0.3271425, -0.7333234, 0.5959988)
(-0.3269525, -0.7326993, 0.5968701)
(-0.3270018, -0.7320101, 0.597688)
(-0.3270471, -0.7308566, 0.5990734)
(-0.3263932, -0.730287, 0.6001237)
(-0.3242384, -0.7298886, 0.601774)
(-0.3219323, -0.7293005, 0.6037222)
(-0.3184458, -0.7292738, 0.6056007)
(-0.3143044, -0.7294337, 0.6075683)
(-0.309545, -0.7295461, 0.6098725)
(-0.3049442, -0.72999, 0.6116565)
(-0.299132, -0.731838, 0.6123178)
(-0.2943632, -0.7332704, 0.612915)
(-0.2890888, -0.7349868, 0.6133694)
(-0.2831953, -0.7365936, 0.6141908)
(-0.2764834, -0.7380765, 0.6154673)
(-0.2698234, -0.7399511, 0.6161718)
(-0.2644467, -0.742375, 0.615587)
(-0.2583126, -0.7448053, 0.6152558)
(-0.2521915, -0.7474651, 0.6145693)
(-0.2449057, -0.7507693, 0.6134874)
(-0.2389916, -0.7535117, 0.6124567)
(-0.2341966, -0.7564153, 0.6107273)
(-0.2286702, -0.7599134, 0.6084749)
(-0.2234044, -0.7643019, 0.6049241)
(-0.2199738, -0.7688658, 0.6003807)
(-0.2169204, -0.7745711, 0.5941256)
(-0.2138748, -0.7797732, 0.5883973)
(-0.2131152, -0.7842402, 0.5827086)
(-0.2124091, -0.7877361, 0.5782338)
(-0.2098921, -0.7917289, 0.5736817)
(-0.2070664, -0.7956443, 0.5692747)
(-0.2038551, -0.7993466, 0.5652328)
(-0.2008801, -0.803538, 0.5603338)
(-0.1981423, -0.8073318, 0.5558373)
(-0.1953859, -0.8110905, 0.5513226)
(-0.1926071, -0.8148195, 0.5467832)
(-0.1886805, -0.8167282, 0.5453024)
(-0.1833743, -0.8215119, 0.5399002)
(-0.1801325, -0.8254254, 0.535)
(-0.1780754, -0.8301871, 0.5282788)
(-0.1759377, -0.8342915, 0.5224974)
(-0.1730244, -0.8379506, 0.5175918)
(-0.1698447, -0.8412022, 0.5133534)
(-0.1663586, -0.8450394, 0.5081667)
(-0.1630981, -0.8499359, 0.5010069)
(-0.1620104, -0.8541246, 0.4941901)
(-0.1614557, -0.8580522, 0.4875229)
(-0.1600997, -0.8620656, 0.4808441)
(-0.159346, -0.8665111, 0.4730406)
(-0.1596569, -0.8707614, 0.4650637)
(-0.1607754, -0.8746483, 0.4573199)
(-0.1623322, -0.8770211, 0.452197)
(-0.1613307, -0.8790289, 0.4486431)
(-0.161332, -0.8809104, 0.444937)
(-0.1603399, -0.8819191, 0.4432943)
(-0.1576504, -0.8847097, 0.4386743)
(-0.1539574, -0.8887672, 0.4317289)
(-0.1520379, -0.8924751, 0.4247031)
(-0.1503019, -0.8951759, 0.4196063)
(-0.1479414, -0.8977762, 0.4148629)
(-0.1434993, -0.8996731, 0.4123061)
(-0.1388373, -0.901535, 0.4098279)
(-0.1344259, -0.9039814, 0.4058908)
(-0.1309331, -0.9061522, 0.402175)
(-0.1260887, -0.9079275, 0.3997115)
(-0.1248156, -0.9092596, 0.3970745)
(-0.1250082, -0.910707, 0.3936824)
(-0.1258322, -0.9112086, 0.3922566)
(-0.1266058, -0.9112667, 0.3918723)
(-0.126077, -0.9109486, 0.3927814)
(-0.1238456, -0.9113095, 0.3926542)
(-0.1209501, -0.9119202, 0.3921385)
(-0.1178581, -0.9119322, 0.3930513)
(-0.1157333, -0.9119269, 0.3936942)
(-0.1149271, -0.9111026, 0.3958332)
(-0.1130816, -0.911204, 0.3961311)
(-0.1110647, -0.9111384, 0.3968519)
(-0.1091312, -0.9109816, 0.3977475)
(-0.1073739, -0.9107867, 0.3986709)
(-0.1057452, -0.9103128, 0.4001859)
(-0.1039498, -0.9101254, 0.4010814)
(-0.1021543, -0.909934, 0.401976)
(-0.1040541, -0.9074568, 0.4070564)
(-0.1037146, -0.9065717, 0.40911)
(-0.1038366, -0.9060177, 0.4103049)
(-0.1023843, -0.90526, 0.4123372)
(-0.1018888, -0.9045677, 0.4139759)
(-0.1020162, -0.9041986, 0.4147502)
(-0.1016374, -0.9037773, 0.4157602)
(-0.101146, -0.9033787, 0.4167451)
(-0.1005014, -0.9029461, 0.417837)
(-0.1005911, -0.9026059, 0.4185499)
(-0.09994567, -0.9020107, 0.4199853)
(-0.1000073, -0.9016418, 0.4207619)
(-0.1000663, -0.9013017, 0.421476)
(-0.09988042, -0.9008992, 0.4223796)
(-0.1003202, -0.9004743, 0.4231808)
(-0.1017343, -0.9003085, 0.4231958)
(-0.1028434, -0.8999761, 0.4236346)
(-0.104534, -0.8994401, 0.4243587)
(-0.1062596, -0.8991872, 0.424466)
(-0.1080229, -0.898836, 0.4247644)
(-0.1109738, -0.8985528, 0.424603)
(-0.115045, -0.8985717, 0.423478)
(-0.1193465, -0.8988858, 0.421617)
(-0.1241511, -0.8994772, 0.4189598)
(-0.1283682, -0.8997856, 0.4170223)
(-0.1322243, -0.8995159, 0.416399)
(-0.1362668, -0.8990135, 0.4161805)
(-0.1405324, -0.8973429, 0.4183614)
(-0.1452632, -0.8953955, 0.4209103)
(-0.1500242, -0.8935924, 0.4230666)
(-0.1564213, -0.893815, 0.4202704)
(-0.1614383, -0.8937269, 0.4185568)
(-0.1670427, -0.894498, 0.4146927)
(-0.1717642, -0.8943759, 0.4130242)
(-0.173969, -0.8926638, 0.4157959)
(-0.1756263, -0.8922873, 0.4159071)
(-0.1779503, -0.8913029, 0.4170286)
(-0.1808205, -0.8894348, 0.4197735)
(-0.180583, -0.8877081, 0.4235142)
(-0.1810224, -0.886535, 0.4257775)
(-0.1823102, -0.8855777, 0.4272179)
(-0.1810866, -0.8856779, 0.4275304)
(-0.1806791, -0.8863843, 0.426237)
(-0.1811838, -0.8868659, 0.4250194)
(-0.1814809, -0.8877561, 0.4230292)
(-0.1824627, -0.8885701, 0.4208927)
(-0.183525, -0.8888764, 0.4197824)
(-0.1846034, -0.8889505, 0.4191525)
(-0.1858852, -0.8889766, 0.41853)
(-0.1870573, -0.8888519, 0.4182726)
(-0.1887509, -0.8879387, 0.4194494)
(-0.1893031, -0.8885815, 0.4178365)
(-0.1896894, -0.888796, 0.4172046)
(-0.1902979, -0.8890196, 0.4164504)
(-0.1906098, -0.8895743, 0.415121)
(-0.1913731, -0.8899817, 0.4138947)
(-0.1917555, -0.8905917, 0.412403)
(-0.1920564, -0.8913792, 0.4105577)
(-0.1925964, -0.8918869, 0.4091997)
(-0.1931545, -0.8918823, 0.4089466)
(-0.1935081, -0.8928546, 0.4066513)
(-0.1934315, -0.8936193, 0.4050047)
(-0.1937018, -0.8940585, 0.4039047)
(-0.1933351, -0.8946852, 0.4026908)
