(0.09181379, -0.6630858, 0.7428913)
(0.09181379, -0.6630858, 0.7428913)
(0.09181856, -0.6641375, 0.7419506)
(0.09199548, -0.6643735, 0.7417175)
(0.09186767, -0.6648642, 0.7412935)
(0.09092987, -0.6652038, 0.7411044)
(0.09074945, -0.6657411, 0.7406439)
(0.09185294, -0.664547, 0.7415797)
(0.09091692, -0.6644431, 0.741788)
(0.09014303, -0.6638895, 0.7423778)
(0.08951737, -0.6637632, 0.7425666)
(0.08951737, -0.6637632, 0.7425666)
(0.08995497, -0.6630574, 0.743144)
(0.08935347, -0.6634916, 0.742829)
(0.08998431, -0.6632925, 0.7429307)
(0.09042165, -0.6633122, 0.7428599)
(0.08932883, -0.6637364, 0.7426132)
(0.08952056, -0.663551, 0.7427558)
(0.08948514, -0.6641569, 0.7422184)
(0.08948514, -0.6641569, 0.7422184)
(0.08969535, -0.6641299, 0.7422171)
(0.09018922, -0.6642723, 0.7420298)
(0.09025711, -0.6651607, 0.7412252)
(0.0907425, -0.6651932, 0.7411368)
(0.09126319, -0.6657078, 0.7406107)
(0.09130886, -0.666212, 0.7401516)
(0.09225495, -0.6662226, 0.7400246)
(0.09373666, -0.6667625, 0.7393519)
(0.09373666, -0.6667625, 0.7393519)
(0.0945094, -0.6667053, 0.7393051)
(0.09514666, -0.6667727, 0.7391626)
(0.09581183, -0.666749, 0.739098)
(0.09643532, -0.6666669, 0.7390909)
(0.09715598, -0.6665246, 0.7391249)
(0.09731102, -0.6669095, 0.7387573)
(0.09847847, -0.6663561, 0.7391018)
(0.09847847, -0.6663561, 0.7391018)
(0.09937507, -0.6663316, 0.7390039)
(0.1006894, -0.665934, 0.7391844)
(0.1012022, -0.6653652, 0.7396264)
(0.1012918, -0.6652316, 0.7397344)
(0.1020113, -0.6642666, 0.7405023)
(0.1034335, -0.6639981, 0.7405458)
(0.1049185, -0.6642372, 0.7401223)
(0.1064848, -0.6650069, 0.7392069)
(0.1077666, -0.6650329, 0.7389977)
(0.1112027, -0.6636081, 0.739769)
(0.1112027, -0.6636081, 0.739769)
(0.1123058, -0.6637546, 0.7394708)
(0.1147265, -0.6640399, 0.7388429)
(0.1173933, -0.6641917, 0.7382873)
(0.1213414, -0.6646242, 0.7372591)
(0.1242114, -0.6653826, 0.7360961)
(0.1273251, -0.6665357, 0.7345192)
(0.1322473, -0.6698138, 0.7306575)
(0.1347013, -0.6716272, 0.7285414)
(0.1347013, -0.6716272, 0.7285414)
(0.1368477, -0.6731198, 0.7267616)
(0.1384483, -0.6748332, 0.724867)
(0.1407886, -0.6755403, 0.7237568)
(0.1431405, -0.6762251, 0.7226551)
(0.1448324, -0.6774838, 0.7211375)
(0.1460105, -0.6782827, 0.7201483)
(0.1449039, -0.6786783, 0.7199991)
(0.1435454, -0.677703, 0.7211889)
(0.1435454, -0.677703, 0.7211889)
(0.1423944, -0.6772057, 0.7218839)
(0.1409248, -0.6771791, 0.7221972)
(0.1384138, -0.6759917, 0.7237934)
(0.1350654, -0.6745135, 0.7258022)
(0.1306451, -0.6742302, 0.7268738)
(0.1266322, -0.6750869, 0.7267889)
(0.1172229, -0.6762421, 0.7272932)
(0.1112261, -0.6745893, 0.7297657)
(0.1112261, -0.6745893, 0.7297657)
(0.10592, -0.672416, 0.7325556)
(0.1004802, -0.6694868, 0.7359968)
(0.09582661, -0.6666511, 0.7391844)
(0.09229711, -0.6643647, 0.7416878)
(0.08762918, -0.663653, 0.7428902)
(0.08189927, -0.6626704, 0.7444195)
(0.0698503, -0.6594666, 0.7484816)
(0.06363768, -0.6565358, 0.7516056)
(0.06363768, -0.6565358, 0.7516056)
(0.05836339, -0.6536869, 0.7545112)
(0.05422577, -0.6500162, 0.7579832)
(0.04952649, -0.6470174, 0.7608652)
(0.04370085, -0.6448607, 0.7630497)
(0.0375783, -0.6433488, 0.7646504)
(0.025571, -0.6373227, 0.7701726)
(0.01923455, -0.6338313, 0.7732321)
(0.01243926, -0.6293042, 0.7770595)
(0.01243926, -0.6293042, 0.7770595)
(0.006436709, -0.6255187, 0.7801827)
(0.001178592, -0.6235733, 0.781764)
(-0.003471669, -0.6237158, 0.7816435)
(-0.007743843, -0.6235314, 0.7817599)
(-0.01172476, -0.6230816, 0.7820689)
(-0.01435034, -0.6219246, 0.7829456)
(-0.01808326, -0.6200239, 0.7843745)
(-0.02465612, -0.6150315, 0.7881169)
(-0.02465612, -0.6150315, 0.7881169)
(-0.02727712, -0.6138694, 0.7889363)
(-0.0295089, -0.6139293, 0.7888093)
(-0.03259552, -0.6142635, 0.7884275)
(-0.03518522, -0.6149973, 0.7877439)
(-0.03753067, -0.6150101, 0.7876256)
(-0.03747301, -0.6150619, 0.7875879)
(-0.03746493, -0.6156979, 0.7870911)
(-0.03758427, -0.6158146, 0.7869941)
(-0.03758427, -0.6158146, 0.7869941)
(-0.03832032, -0.6163712, 0.7865227)
(-0.03781843, -0.6172338, 0.7858704)
(-0.03680445, -0.6188531, 0.7846441)
(-0.03561546, -0.621035, 0.7829732)
(-0.03344369, -0.6240262, 0.7806874)
(-0.03137938, -0.6265455, 0.7787529)
(-0.02959684, -0.6234758, 0.7812822)
(-0.02912096, -0.6204113, 0.7837358)
(-0.02912096, -0.6204113, 0.7837358)
(-0.02865704, -0.6177179, 0.7858775)
(-0.02778915, -0.6172644, 0.7862648)
(-0.02746639, -0.6178814, 0.7857914)
(-0.02781292, -0.6184611, 0.785323)
(-0.02894088, -0.6192619, 0.784651)
(-0.03056617, -0.6196339, 0.7842956)
(-0.03127855, -0.6178453, 0.7856773)
(-0.03263275, -0.6166687, 0.7865462)
(-0.03263275, -0.6166687, 0.7865462)
(-0.03381852, -0.6158157, 0.7871641)
(-0.0348751, -0.6145131, 0.7881354)
(-0.03626489, -0.6131336, 0.7891464)
(-0.03760383, -0.6112003, 0.7905822)
(-0.03848175, -0.6096182, 0.7917606)
(-0.04218213, -0.6074942, 0.7932034)
(-0.04450334, -0.6075181, 0.7930582)
(-0.046287, -0.6078603, 0.7926937)
(-0.046287, -0.6078603, 0.7926937)
(-0.04749462, -0.6082908, 0.792292)
(-0.04732685, -0.6086305, 0.7920411)
(-0.04725112, -0.6077395, 0.7927295)
(-0.05026698, -0.6070315, 0.7930864)
(-0.05298216, -0.6056507, 0.7939648)
(-0.05425988, -0.603485, 0.7955261)
(-0.05449627, -0.602164, 0.7965103)
(-0.05422069, -0.5988708, 0.7990081)
(-0.05422069, -0.5988708, 0.7990081)
(-0.05528376, -0.5988402, 0.7989581)
(-0.05655164, -0.6001756, 0.7978666)
(-0.0567002, -0.601013, 0.7972255)
(-0.05626579, -0.6012192, 0.7971008)
(-0.05599736, -0.6011314, 0.7971859)
(-0.05532221, -0.6010778, 0.7972735)
(-0.05505042, -0.6010693, 0.7972987)
(-0.05278154, -0.6000166, 0.7982444)
(-0.05278154, -0.6000166, 0.7982444)
(-0.04965775, -0.5991721, 0.7990788)
(-0.04362413, -0.5978719, 0.8004037)
(-0.03895226, -0.5968951, 0.8013732)
(-0.03557318, -0.5958528, 0.8023055)
(-0.03374113, -0.5938213, 0.8038892)
(-0.02966604, -0.5927842, 0.8048148)
(-0.01484579, -0.5875637, 0.8090417)
(-0.005479328, -0.5827593, 0.8126263)
(-0.005479328, -0.5827593, 0.8126263)
(0.004392441, -0.5768278, 0.8168539)
(0.01280715, -0.5706803, 0.8210725)
(0.02072879, -0.5651346, 0.8247383)
(0.02848062, -0.5605835, 0.827608)
(0.03525543, -0.5586599, 0.8286473)
(0.04816715, -0.5574131, 0.8288369)
(0.04816715, -0.5574131, 0.8288369)
(0.06115611, -0.5609921, 0.8255591)
(0.06115611, -0.5609921, 0.8255591)
(0.06633072, -0.5634326, 0.823495)
(0.07131469, -0.5640156, 0.8226789)
(0.07659452, -0.5649213, 0.8215822)
(0.08186898, -0.5648816, 0.8211006)
(0.08732575, -0.5637344, 0.8213268)
(0.09278343, -0.5619051, 0.8219817)
(0.09825356, -0.5608982, 0.8220338)
(0.1041284, -0.5606713, 0.8214651)
(0.1099413, -0.5611468, 0.8203824)
(0.1140884, -0.5632297, 0.8183863)
(0.1169865, -0.5651066, 0.8166815)
(0.1198612, -0.5663713, 0.8153875)
(0.123698, -0.5671708, 0.814258)
(0.1289207, -0.5669657, 0.8135904)
(0.1340009, -0.5660349, 0.8134176)
(0.1411638, -0.5655216, 0.8125627)
(0.1418515, -0.5658124, 0.8122404)
(0.1418515, -0.5658124, 0.8122404)
(0.1431522, -0.5650874, 0.8125169)
(0.1457891, -0.5662546, 0.8112345)
(0.1490968, -0.5680696, 0.8093622)
(0.1519963, -0.5692973, 0.807959)
(0.1546034, -0.5704911, 0.8066211)
(0.1575773, -0.5717579, 0.8051474)
(0.1601073, -0.5729861, 0.803774)
(0.1643553, -0.5745216, 0.8018181)
(0.1643553, -0.5745216, 0.8018181)
(0.1663577, -0.5746664, 0.8013012)
(0.1686592, -0.5740023, 0.8012961)
(0.1708385, -0.5737292, 0.8010299)
(0.173224, -0.5736943, 0.8005425)
(0.1748178, -0.5744291, 0.7996687)
(0.1757019, -0.5753855, 0.7987868)
(0.1784998, -0.5785945, 0.7958431)
(0.1794026, -0.5813164, 0.7936536)
(0.1794026, -0.5813164, 0.7936536)
(0.1793845, -0.5830891, 0.7923562)
(0.1795279, -0.5842181, 0.7914916)
(0.1801811, -0.5849191, 0.7908251)
(0.1812054, -0.5845849, 0.7908382)
(0.1816795, -0.5840706, 0.7911094)
(0.1823073, -0.5836659, 0.7912636)
(0.1827797, -0.5859956, 0.7894307)
(0.1819573, -0.5880592, 0.788085)
(0.1819573, -0.5880592, 0.788085)
(0.1808325, -0.5894986, 0.787268)
(0.1804724, -0.5902271, 0.7868047)
(0.1804405, -0.5903822, 0.7866957)
(0.1807936, -0.589907, 0.786971)
(0.1813539, -0.5890844, 0.7874582)
(0.1821461, -0.587638, 0.7883555)
(0.1828677, -0.5866962, 0.7888898)
(0.1837613, -0.5866033, 0.7887511)
(0.1845344, -0.5870378, 0.7882472)
(0.1845156, -0.5885162, 0.7871485)
(0.1839698, -0.5899782, 0.7861812)
(0.1835156, -0.591287, 0.7853036)
(0.1824553, -0.5920718, 0.7849593)
(0.1818057, -0.5919093, 0.7852325)
(0.1816167, -0.5912619, 0.7857637)
(0.1816244, -0.5906141, 0.786249)
(0.1816635, -0.5906181, 0.786237)
(0.1818774, -0.5917167, 0.7853611)
(0.1833632, -0.5927576, 0.7842298)
(0.1837954, -0.5934485, 0.7836059)
(0.1826601, -0.5953791, 0.782406)
(0.1819587, -0.5953857, 0.7825643)
(0.1822763, -0.5949104, 0.7828518)
(0.1840615, -0.5952948, 0.7821416)
(0.1855445, -0.5968774, 0.7805835)
(0.1850708, -0.597572, 0.7801645)
(0.1850708, -0.597572, 0.7801645)
(0.1844594, -0.5982098, 0.7798203)
(0.1847347, -0.598815, 0.7792905)
(0.1856497, -0.5988018, 0.7790832)
(0.1875421, -0.5987744, 0.7786509)
(0.1891741, -0.5984977, 0.7784688)
(0.189779, -0.5985195, 0.7783048)
(0.1903256, -0.5991876, 0.777657)
(0.1913464, -0.5998894, 0.776865)
(0.1913464, -0.5998894, 0.776865)
(0.1919646, -0.6008053, 0.7760043)
(0.192445, -0.6015286, 0.7753246)
(0.1926209, -0.6028631, 0.7742437)
(0.1925351, -0.6049431, 0.772641)
(0.1909702, -0.6060874, 0.7721323)
(0.1897843, -0.606873, 0.7718077)
(0.188576, -0.60747, 0.7716342)
(0.1861963, -0.604612, 0.7744516)
(0.1822221, -0.6020901, 0.7773562)
(0.1788966, -0.6002848, 0.7795218)
(0.17668, -0.5993524, 0.7807438)
(0.1739305, -0.5978824, 0.7824863)
(0.1691697, -0.59611, 0.7848786)
(0.163407, -0.5942755, 0.7874864)
(0.1582723, -0.590873, 0.7910872)
(0.1530546, -0.5869088, 0.795055)
(0.1476879, -0.5836674, 0.7984489)
(0.1420397, -0.5793474, 0.802609)
(0.1355486, -0.5758948, 0.8062083)
(0.1279557, -0.5754372, 0.8077743)
(0.1210664, -0.5753567, 0.8088928)
(0.1135666, -0.5776674, 0.8083335)
(0.1063603, -0.5780024, 0.809074)
(0.09895624, -0.5776925, 0.810234)
(0.0838173, -0.576634, 0.8126917)
(0.0838173, -0.576634, 0.8126917)
(0.07684185, -0.5739729, 0.815261)
(0.0701869, -0.570331, 0.8184109)
(0.06417655, -0.5670413, 0.8211855)
(0.05889259, -0.5655563, 0.8226042)
(0.05340254, -0.5651193, 0.823279)
(0.04824737, -0.5645633, 0.8239784)
(0.04328455, -0.5647218, 0.8241454)
(0.03724165, -0.5656061, 0.8238342)
(0.03002498, -0.5666571, 0.8234065)
(0.02332562, -0.5692148, 0.8218579)
(0.0180919, -0.5711765, 0.8206279)
(0.01419836, -0.571699, 0.8203406)
(0.01022477, -0.5711966, 0.8207496)
(0.006071076, -0.5700986, 0.8215539)
(0.002594084, -0.5688404, 0.8224438)
(-0.005343135, -0.5668238, 0.8238218)
(-0.005343135, -0.5668238, 0.8238218)
(-0.009332966, -0.5659409, 0.824393)
(-0.01290331, -0.5659412, 0.8243446)
(-0.01737653, -0.5663939, 0.8239515)
(-0.02205371, -0.5679097, 0.8227954)
(-0.02613556, -0.5700402, 0.821201)
(-0.02948017, -0.5719504, 0.8197583)
(-0.03272592, -0.5737608, 0.8183689)
(-0.03446548, -0.5749675, 0.81745)
(-0.03635225, -0.5760325, 0.816618)
(-0.03752389, -0.5766701, 0.8161149)
(-0.0381, -0.575275, 0.8170723)
(-0.03889058, -0.5724692, 0.8190033)
(-0.03974402, -0.569882, 0.8207648)
(-0.04100989, -0.5676615, 0.82224)
(-0.04262106, -0.5661735, 0.8231835)
(-0.04384981, -0.5655851, 0.8235233)
(-0.04310141, -0.5658163, 0.823404)
(-0.04225683, -0.5669677, 0.8226554)
(-0.04176732, -0.5679174, 0.8220251)
(-0.04067251, -0.5707042, 0.8201479)
(-0.04031236, -0.5725334, 0.8188897)
(-0.03983578, -0.5738481, 0.8179923)
(-0.03954481, -0.574864, 0.8172928)
(-0.03875437, -0.5756839, 0.8167534)
(-0.03778062, -0.5765855, 0.8161628)
(-0.03592353, -0.5787917, 0.8146838)
(-0.03127166, -0.5844936, 0.8107955)
(-0.03127166, -0.5844936, 0.8107955)
(-0.029681, -0.581754, 0.8128231)
(-0.02836152, -0.5812933, 0.8131996)
(-0.02713956, -0.5819676, 0.812759)
(-0.0261561, -0.5841433, 0.811229)
(-0.02518443, -0.585301, 0.8104249)
(-0.0240153, -0.5852002, 0.8105332)
(-0.02200067, -0.5835984, 0.8117443)
(-0.01885277, -0.5810303, 0.8136635)
(-0.01885277, -0.5810303, 0.8136635)
(-0.01772923, -0.5793241, 0.8149045)
(-0.018199, -0.5786687, 0.8153596)
(-0.01844231, -0.5771955, 0.8163977)
(-0.01791443, -0.576315, 0.8170312)
(-0.01719724, -0.5767264, 0.8167564)
(-0.01654925, -0.5765046, 0.8169263)
(-0.01657226, -0.5765849, 0.8168691)
(-0.01850676, -0.5763759, 0.8169751)
(-0.01850676, -0.5763759, 0.8169751)
(-0.02072989, -0.5764734, 0.8168529)
(-0.02190683, -0.576848, 0.8165578)
(-0.02255775, -0.5774565, 0.8161098)
(-0.02266595, -0.5778192, 0.81585)
(-0.0232912, -0.5776438, 0.8159566)
(-0.0241426, -0.5771788, 0.8162608)
(-0.02483032, -0.5762795, 0.8168753)
(-0.02616639, -0.5744839, 0.8180975)
(-0.02616639, -0.5744839, 0.8180975)
(-0.02678608, -0.5741396, 0.8183192)
(-0.0279922, -0.5741482, 0.8182727)
(-0.02952213, -0.5753659, 0.8173631)
(-0.03115265, -0.5760006, 0.8168555)
(-0.03288012, -0.5771376, 0.8159847)
(-0.03386392, -0.5779697, 0.8153553)
(-0.034944, -0.5792429, 0.8144057)
(-0.03625726, -0.5807173, 0.8132975)
(-0.03755494, -0.5822846, 0.8121172)
(-0.03884875, -0.5841228, 0.810735)
(-0.04050588, -0.5864077, 0.8090026)
(-0.04198365, -0.5891339, 0.806944)
(-0.04338162, -0.5920745, 0.8047148)
(-0.04436615, -0.5955729, 0.8020751)
(-0.04523762, -0.5989101, 0.7995375)
(-0.04573366, -0.6022894, 0.7969667)
(-0.04656238, -0.6055661, 0.7944317)
(-0.04704332, -0.6104841, 0.7906302)
(-0.04733491, -0.6144582, 0.7875281)
(-0.04766649, -0.6188632, 0.7840512)
(-0.04763656, -0.6235369, 0.7803413)
(-0.04782236, -0.6277248, 0.776965)
(-0.04770736, -0.6324507, 0.7731301)
(-0.04748722, -0.6366115, 0.7697213)
(-0.04697538, -0.6407603, 0.7663025)
(-0.04624113, -0.6437237, 0.7638597)
