(0.1358206, 1.021291, 0.370785)
(0.1354904, 1.021172, 0.3707948)
(0.1350782, 1.021149, 0.3707962)
(0.1347127, 1.020974, 0.370841)
(0.1341853, 1.020807, 0.3708491)
(0.1336858, 1.020536, 0.3709965)
(0.1331208, 1.020421, 0.3710525)
(0.1327424, 1.020318, 0.3712032)
(0.1323361, 1.020402, 0.3712673)
(0.1318371, 1.020399, 0.3713722)
(0.1312125, 1.020382, 0.3715854)
(0.1306491, 1.02021, 0.3718441)
(0.1301155, 1.020047, 0.3720334)
(0.1294649, 1.019782, 0.3721519)
(0.1288674, 1.019537, 0.3722782)
(0.1281314, 1.019293, 0.3723781)
(0.1273398, 1.019214, 0.3727031)
(0.1264176, 1.018995, 0.3730936)
(0.125493, 1.018881, 0.3734381)
(0.1245646, 1.018607, 0.3737338)
(0.1235991, 1.018456, 0.374136)
(0.1225946, 1.018316, 0.3745427)
(0.1215568, 1.018177, 0.3749599)
(0.1203308, 1.018027, 0.3753362)
(0.1189501, 1.017889, 0.3758309)
(0.1175718, 1.017685, 0.3762145)
(0.116102, 1.017449, 0.3767331)
(0.1145136, 1.017304, 0.3772099)
(0.1126344, 1.017224, 0.3778002)
(0.1108961, 1.017169, 0.378376)
(0.1091225, 1.017061, 0.3789139)
(0.1073508, 1.016874, 0.3794789)
(0.1054592, 1.016594, 0.3800385)
(0.1034997, 1.016282, 0.3806219)
(0.1015961, 1.015951, 0.3811762)
(0.09952831, 1.015606, 0.3816402)
(0.09731317, 1.0152, 0.3821466)
(0.09503531, 1.014717, 0.3828146)
(0.09271288, 1.014162, 0.3835869)
(0.09044814, 1.01369, 0.3842375)
(0.08813262, 1.013168, 0.3850138)
(0.08568907, 1.012487, 0.3858204)
(0.08326864, 1.011857, 0.3864605)
(0.08054471, 1.011332, 0.3873539)
(0.07836699, 1.010555, 0.3878679)
(0.07620454, 1.009739, 0.3882537)
(0.0741179, 1.008833, 0.388767)
(0.07246709, 1.008056, 0.3894322)
(0.07082295, 1.007478, 0.3898668)
(0.0695827, 1.007187, 0.3904386)
(0.06828761, 1.006862, 0.391156)
(0.06707168, 1.006829, 0.3915954)
(0.06592464, 1.006752, 0.3920698)
(0.06497741, 1.006787, 0.39276)
(0.06425238, 1.007154, 0.3933523)
(0.06340361, 1.007769, 0.394135)
(0.06265211, 1.008329, 0.3952365)
(0.06214452, 1.009066, 0.3963959)
(0.0616641, 1.009928, 0.3974116)
(0.06120825, 1.01057, 0.3986049)
(0.06091475, 1.011303, 0.3998594)
(0.06058288, 1.011952, 0.4008648)
(0.06064868, 1.012736, 0.4019852)
(0.06079674, 1.013475, 0.4034157)
(0.06063795, 1.014242, 0.4048004)
(0.06095672, 1.015069, 0.4060497)
(0.06111479, 1.015642, 0.4075363)
(0.06122375, 1.016098, 0.4089816)
(0.0614109, 1.016603, 0.4103494)
(0.06174302, 1.016808, 0.4118211)
(0.06199431, 1.01715, 0.4132495)
(0.06275058, 1.017833, 0.4143231)
(0.06324244, 1.018078, 0.4156592)
(0.0637908, 1.018387, 0.4172916)
(0.06445241, 1.018759, 0.4187202)
(0.06486201, 1.019035, 0.4201982)
(0.06566477, 1.019185, 0.4219184)
(0.0662837, 1.019335, 0.4236736)
(0.06692672, 1.019463, 0.4255006)
(0.0677588, 1.019595, 0.4274659)
(0.06863332, 1.019687, 0.4296019)
(0.06945992, 1.019631, 0.4317393)
(0.07044816, 1.019487, 0.4341569)
(0.0713129, 1.019044, 0.4364429)
(0.07224464, 1.018533, 0.4384284)
(0.07342792, 1.017856, 0.4406595)
(0.07459998, 1.017229, 0.4429193)
(0.07560706, 1.01685, 0.4454815)
(0.07693648, 1.016438, 0.448087)
(0.07826948, 1.016145, 0.4510546)
(0.079494, 1.015787, 0.4538236)
(0.08106256, 1.015292, 0.4570262)
(0.08241177, 1.014594, 0.4601879)
(0.08380318, 1.014002, 0.4631243)
(0.08552217, 1.013332, 0.4663148)
(0.08737755, 1.012835, 0.4696617)
(0.08903313, 1.012561, 0.4731774)
(0.09105563, 1.012419, 0.4769256)
(0.0930388, 1.012237, 0.481128)
(0.09509635, 1.012238, 0.4852231)
(0.09767199, 1.01206, 0.4897528)
(0.09993958, 1.011773, 0.4940348)
(0.1021993, 1.011453, 0.498033)
(0.1046729, 1.011046, 0.5021389)
(0.1072688, 1.010616, 0.5063307)
(0.1098602, 1.010195, 0.5105071)
(0.1125383, 1.009764, 0.5147479)
(0.1151972, 1.009503, 0.5190442)
(0.1177065, 1.009491, 0.5236504)
(0.1207695, 1.009452, 0.5286412)
(0.123596, 1.009682, 0.5330589)
(0.1264181, 1.0097, 0.5376267)
(0.1294692, 1.009826, 0.5422528)
(0.132437, 1.009998, 0.5468602)
(0.1356134, 1.010355, 0.5515304)
(0.1389432, 1.010986, 0.5562439)
(0.1422946, 1.011915, 0.5609517)
(0.145776, 1.012821, 0.5655017)
(0.1495705, 1.014529, 0.570497)
(0.1532578, 1.016544, 0.5753269)
(0.1571643, 1.018426, 0.5796778)
(0.1610799, 1.021391, 0.584121)
(0.1648159, 1.024511, 0.5888116)
(0.1688788, 1.028267, 0.5931084)
(0.1726203, 1.031692, 0.596662)
(0.1761527, 1.036659, 0.6003027)
(0.1802297, 1.041136, 0.6041467)
(0.1838579, 1.047223, 0.6080754)
(0.1868231, 1.05317, 0.6117022)
(0.1905863, 1.058596, 0.615339)
(0.1930809, 1.064495, 0.6183052)
(0.1958039, 1.069816, 0.6216023)
(0.1983867, 1.074903, 0.6244891)
(0.2008722, 1.079862, 0.6273828)
(0.2031071, 1.084358, 0.6292627)
(0.2050323, 1.088923, 0.6318202)
(0.20734, 1.09332, 0.6342816)
(0.209682, 1.0977, 0.6355371)
(0.2111673, 1.101634, 0.6375115)
(0.2132463, 1.105487, 0.6396191)
(0.2151666, 1.109456, 0.6408014)
(0.2165618, 1.112809, 0.6423752)
(0.2178237, 1.116078, 0.6442115)
(0.2191958, 1.119123, 0.6456389)
(0.220798, 1.121984, 0.6474526)
(0.2220798, 1.124501, 0.6487896)
(0.2230704, 1.126679, 0.6500969)
(0.2243135, 1.128788, 0.6513605)
(0.2252419, 1.130532, 0.6525297)
(0.2263467, 1.132283, 0.6538765)
(0.2274561, 1.133213, 0.6551528)
(0.2282834, 1.134543, 0.6564145)
(0.2294159, 1.13539, 0.6576407)
(0.230438, 1.136127, 0.6589634)
(0.2316062, 1.136893, 0.660387)
(0.2324109, 1.137307, 0.6618228)
(0.2334299, 1.137921, 0.6632681)
(0.2342079, 1.138279, 0.664561)
(0.235076, 1.13849, 0.6660645)
(0.2361193, 1.138649, 0.6676996)
(0.2370334, 1.138796, 0.6690431)
(0.2377791, 1.138794, 0.6707928)
(0.2384264, 1.139001, 0.6723933)
(0.2392027, 1.139242, 0.6741827)
(0.2397501, 1.139414, 0.6758707)
(0.2404292, 1.139499, 0.6773932)
(0.241096, 1.139508, 0.6791711)
(0.2414858, 1.139033, 0.6811721)
(0.2420564, 1.138829, 0.682997)
(0.2426012, 1.138659, 0.6847284)
(0.2430394, 1.138685, 0.6864839)
(0.2432692, 1.138687, 0.6883245)
(0.2436113, 1.138567, 0.6904109)
(0.2434196, 1.138054, 0.6925588)
(0.2431333, 1.137674, 0.6946614)
(0.2430749, 1.137106, 0.6966569)
(0.2428615, 1.136252, 0.6985285)
(0.2426116, 1.135367, 0.7005396)
(0.242291, 1.13459, 0.7027254)
(0.241919, 1.13408, 0.7049484)
(0.2414932, 1.1336, 0.7072096)
(0.2407801, 1.13335, 0.7102172)
(0.2400217, 1.13302, 0.7129664)
(0.2394009, 1.132509, 0.7155106)
(0.2383766, 1.132053, 0.7184033)
(0.2372077, 1.131399, 0.7214487)
(0.2359762, 1.130948, 0.7245338)
(0.2347867, 1.130655, 0.7276497)
(0.2335699, 1.130493, 0.7310219)
(0.2323563, 1.130422, 0.7344255)
(0.2311299, 1.130336, 0.7381933)
(0.2298441, 1.130237, 0.7420046)
(0.2284479, 1.130068, 0.7457392)
(0.2270315, 1.129584, 0.7495382)
(0.2255723, 1.128824, 0.7533326)
(0.2242081, 1.128158, 0.7570376)
(0.2228389, 1.127508, 0.7606077)
(0.2215874, 1.127153, 0.7644968)
(0.2202656, 1.126746, 0.7684836)
(0.2187083, 1.126404, 0.7731833)
(0.2171178, 1.125722, 0.7775226)
(0.2154331, 1.125286, 0.7819421)
(0.2138319, 1.124472, 0.7863564)
(0.2121773, 1.123815, 0.7906263)
(0.2103591, 1.12312, 0.7949841)
(0.2083652, 1.122495, 0.7994676)
(0.2063513, 1.12194, 0.8040726)
(0.2044106, 1.121461, 0.8087361)
(0.2021024, 1.121256, 0.8142297)
(0.1998563, 1.121086, 0.8194513)
(0.1976399, 1.121045, 0.8245406)
(0.1954365, 1.12134, 0.8297091)
(0.192766, 1.122022, 0.8349535)
(0.1901689, 1.122785, 0.840023)
(0.187413, 1.123959, 0.8450792)
(0.1839287, 1.126319, 0.8503015)
(0.180933, 1.128651, 0.8554442)
(0.1774738, 1.132081, 0.860883)
(0.1742094, 1.135265, 0.8659887)
(0.1715221, 1.139464, 0.8705702)
(0.1692538, 1.144228, 0.8749931)
(0.1670327, 1.148661, 0.8795967)
(0.1655569, 1.154573, 0.8837073)
(0.1640708, 1.160815, 0.8874211)
(0.1627784, 1.166689, 0.891468)
(0.161514, 1.172735, 0.8952904)
(0.160378, 1.179526, 0.8990207)
(0.1592333, 1.185297, 0.9019444)
(0.1584945, 1.191032, 0.9047694)
(0.1579499, 1.196617, 0.9073474)
(0.1574399, 1.20267, 0.9099648)
(0.1571674, 1.208159, 0.9120362)
(0.1568756, 1.213563, 0.9139254)
(0.1565857, 1.219736, 0.9158888)
(0.1562963, 1.224863, 0.9175701)
(0.1560707, 1.230322, 0.9197109)
(0.1559024, 1.235643, 0.9211168)
(0.1557009, 1.239939, 0.92258)
(0.154453, 1.244726, 0.9255109)
(0.1546171, 1.249149, 0.9264054)
(0.1539793, 1.252726, 0.9278376)
(0.1539807, 1.255761, 0.9290955)
(0.1542246, 1.258786, 0.9297426)
(0.1538785, 1.261643, 0.9310215)
(0.1539798, 1.264043, 0.9323745)
(0.1543298, 1.266201, 0.9332023)
(0.1541288, 1.267749, 0.9342926)
(0.1539335, 1.26945, 0.9356561)
(0.1540105, 1.270544, 0.9366715)
(0.1539552, 1.271137, 0.9375453)
(0.1541522, 1.271672, 0.9387898)
(0.1543505, 1.271965, 0.9398394)
(0.1542127, 1.272511, 0.9407744)
(0.1546278, 1.272774, 0.9419971)
(0.1549218, 1.272765, 0.9430749)
(0.1550963, 1.272851, 0.9437966)
(0.1553321, 1.272945, 0.9449537)
(0.1553338, 1.272839, 0.9461441)
(0.1556008, 1.272685, 0.9467664)
(0.156146, 1.272596, 0.9477437)
(0.156683, 1.272258, 0.9484129)
(0.1570895, 1.27194, 0.9488559)
(0.1579769, 1.271426, 0.9493484)
(0.1586392, 1.270629, 0.949693)
(0.1594193, 1.269966, 0.9497714)
(0.1602554, 1.269366, 0.9500074)
(0.1610496, 1.26872, 0.950182)
(0.1617644, 1.268012, 0.9502099)
(0.1624391, 1.267265, 0.9503717)
(0.163341, 1.266182, 0.9503722)
(0.1640656, 1.265175, 0.9503999)
(0.165513, 1.263625, 0.9505568)
(0.1668375, 1.26193, 0.9503825)
(0.1679468, 1.260389, 0.9503145)
(0.1693633, 1.25895, 0.9502156)
(0.1707373, 1.257919, 0.9498363)
(0.1718988, 1.257109, 0.9494741)
(0.1729276, 1.257033, 0.9492548)
(0.1736131, 1.257211, 0.9493945)
(0.1748593, 1.257061, 0.9491167)
(0.1756239, 1.257627, 0.9498131)
(0.1758718, 1.257526, 0.9507771)
(0.1763933, 1.257593, 0.9510584)
(0.1771891, 1.257427, 0.9509876)
(0.1779194, 1.257238, 0.951071)
(0.1787224, 1.257096, 0.9510031)
(0.1795411, 1.257188, 0.9512162)
(0.1804352, 1.257869, 0.9515007)
(0.1809568, 1.258322, 0.9518261)
(0.1813793, 1.259179, 0.9524488)
(0.1815338, 1.259944, 0.9529452)
(0.1817577, 1.260587, 0.9532847)
(0.1821434, 1.261176, 0.9536018)
(0.1824071, 1.261872, 0.9539824)
(0.1826274, 1.262583, 0.9543133)
(0.1830537, 1.26319, 0.9546263)
(0.1833594, 1.263589, 0.9549952)
(0.183645, 1.264027, 0.9553199)
(0.1836531, 1.26439, 0.9557838)
(0.1839406, 1.264346, 0.9557376)
(0.1840088, 1.264377, 0.9558759)
(0.1841292, 1.264163, 0.9558823)
(0.1844468, 1.264133, 0.9557569)
(0.1846123, 1.263934, 0.9556222)
(0.1846316, 1.264026, 0.9558563)
(0.1848013, 1.26387, 0.9557118)
(0.1847608, 1.263799, 0.9556837)
(0.1848216, 1.263617, 0.9555295)
