(0.5431864, 2.077836, 1.755393)
(0.5420449, 2.077863, 1.755349)
(0.5409253, 2.077699, 1.755205)
(0.5397513, 2.077631, 1.755272)
(0.5382887, 2.077521, 1.755244)
(0.5370201, 2.077386, 1.755172)
(0.5357151, 2.077284, 1.75517)
(0.5342525, 2.077147, 1.755133)
(0.5329103, 2.076989, 1.755023)
(0.5315123, 2.076828, 1.75502)
(0.5299624, 2.07664, 1.755015)
(0.5284621, 2.076478, 1.754912)
(0.5270371, 2.07635, 1.754754)
(0.5253141, 2.076142, 1.754616)
(0.52389, 2.075808, 1.754399)
(0.5223696, 2.075573, 1.75429)
(0.5206954, 2.075332, 1.754097)
(0.5189319, 2.075188, 1.754059)
(0.5174053, 2.074906, 1.754117)
(0.5157797, 2.074641, 1.753984)
(0.5142137, 2.074293, 1.753943)
(0.5129029, 2.07398, 1.753978)
(0.5113225, 2.073604, 1.753919)
(0.5100521, 2.073187, 1.753746)
(0.5088937, 2.072902, 1.753576)
(0.5075855, 2.072543, 1.753164)
(0.506487, 2.072229, 1.752762)
(0.5054334, 2.071995, 1.752467)
(0.504027, 2.071627, 1.752112)
(0.5029069, 2.071404, 1.751761)
(0.5018712, 2.071118, 1.751759)
(0.500628, 2.070915, 1.751462)
(0.4995668, 2.070766, 1.751128)
(0.4983047, 2.070486, 1.751077)
(0.4971378, 2.070417, 1.750892)
(0.495997, 2.070357, 1.750718)
(0.4950113, 2.070269, 1.750702)
(0.4940076, 2.070288, 1.75052)
(0.4930413, 2.070219, 1.750298)
(0.4922125, 2.070211, 1.75028)
(0.4912403, 2.070344, 1.749942)
(0.4903111, 2.070416, 1.749893)
(0.4894388, 2.070334, 1.749987)
(0.4886429, 2.070335, 1.750194)
(0.4879498, 2.070297, 1.75023)
(0.4871652, 2.070303, 1.750259)
(0.4861891, 2.070231, 1.749973)
(0.4856348, 2.070179, 1.750097)
(0.4853065, 2.070341, 1.750373)
(0.4846048, 2.070381, 1.750376)
(0.4841942, 2.070406, 1.750625)
(0.4837425, 2.070336, 1.751328)
(0.483271, 2.070356, 1.751611)
(0.4828954, 2.070379, 1.752017)
(0.4827329, 2.07039, 1.752714)
(0.4823388, 2.07037, 1.753136)
(0.4819721, 2.070358, 1.753553)
(0.4818109, 2.070378, 1.754152)
(0.4814093, 2.070297, 1.754608)
(0.4810849, 2.070212, 1.75516)
(0.4808462, 2.070056, 1.755952)
(0.4805536, 2.069922, 1.756479)
(0.4804552, 2.069843, 1.757364)
(0.4802244, 2.069749, 1.758107)
(0.4799397, 2.069659, 1.758796)
(0.4796932, 2.069545, 1.75957)
(0.4795504, 2.069417, 1.76048)
(0.4795125, 2.069361, 1.761199)
(0.4795049, 2.069163, 1.761967)
(0.4793018, 2.068936, 1.762848)
(0.4792439, 2.068823, 1.763646)
(0.4792488, 2.068718, 1.764496)
(0.4793339, 2.068635, 1.765545)
(0.4791968, 2.068457, 1.766524)
(0.4791675, 2.068346, 1.767581)
(0.4790282, 2.068108, 1.768681)
(0.4790332, 2.067988, 1.769889)
(0.4790846, 2.067859, 1.771032)
(0.4790951, 2.0677, 1.772193)
(0.4791635, 2.067561, 1.773442)
(0.4791887, 2.067426, 1.774763)
(0.4793037, 2.067263, 1.776076)
(0.4793652, 2.067047, 1.777456)
(0.4795768, 2.066843, 1.778915)
(0.4797386, 2.066646, 1.780268)
(0.4800192, 2.066413, 1.781904)
(0.4803419, 2.066082, 1.783419)
(0.4807189, 2.065831, 1.784936)
(0.4810621, 2.06546, 1.786623)
(0.4815006, 2.065054, 1.788331)
(0.4819086, 2.064658, 1.79008)
(0.4822431, 2.064191, 1.792048)
(0.4826223, 2.063873, 1.794126)
(0.4830344, 2.063396, 1.796059)
(0.4837222, 2.062915, 1.798462)
(0.4843953, 2.062417, 1.800664)
(0.4851923, 2.062074, 1.802727)
(0.4861133, 2.061594, 1.805311)
(0.4869264, 2.061102, 1.807796)
(0.4876986, 2.0606, 1.809968)
(0.4884844, 2.060069, 1.812439)
(0.4895512, 2.059587, 1.815208)
(0.4902996, 2.058986, 1.817848)
(0.4915391, 2.058451, 1.821198)
(0.492671, 2.057902, 1.824224)
(0.4935586, 2.057265, 1.827142)
(0.4947884, 2.056729, 1.830516)
(0.4959042, 2.056222, 1.833906)
(0.4970351, 2.055717, 1.837128)
(0.4982313, 2.055203, 1.840891)
(0.4995353, 2.054888, 1.844577)
(0.5008397, 2.054671, 1.847995)
(0.5025377, 2.054481, 1.852527)
(0.50396, 2.054365, 1.85673)
(0.5051824, 2.054098, 1.860487)
(0.5069366, 2.0539, 1.865152)
(0.5084217, 2.053703, 1.869483)
(0.5099182, 2.053406, 1.873493)
(0.5117981, 2.053122, 1.878134)
(0.5135552, 2.052851, 1.882715)
(0.5150932, 2.052572, 1.886847)
(0.5172182, 2.052317, 1.892048)
(0.5188744, 2.052145, 1.896747)
(0.5206004, 2.052042, 1.90113)
(0.5225255, 2.051894, 1.906187)
(0.5242003, 2.051873, 1.911208)
(0.5258496, 2.051883, 1.915927)
(0.5274464, 2.051843, 1.921011)
(0.5293119, 2.052197, 1.926237)
(0.5310189, 2.052318, 1.930972)
(0.5333462, 2.052955, 1.936503)
(0.5354668, 2.05396, 1.941359)
(0.5374315, 2.054854, 1.946153)
(0.5398196, 2.05647, 1.950881)
(0.5421312, 2.058387, 1.955477)
(0.5444717, 2.060578, 1.960123)
(0.5469217, 2.062927, 1.964891)
(0.5493068, 2.065778, 1.969378)
(0.5515141, 2.068536, 1.974)
(0.5542581, 2.072247, 1.979045)
(0.5565177, 2.076009, 1.983474)
(0.5584301, 2.079459, 1.988093)
(0.5607517, 2.083666, 1.992613)
(0.5628388, 2.087969, 1.996963)
(0.5649297, 2.092259, 2.001145)
(0.5671986, 2.096349, 2.005449)
(0.5690401, 2.100555, 2.009456)
(0.5712583, 2.104687, 2.01335)
(0.5733974, 2.108874, 2.01755)
(0.5747814, 2.112756, 2.021376)
(0.5766898, 2.116538, 2.024734)
(0.5785246, 2.119844, 2.028144)
(0.5796038, 2.123254, 2.03148)
(0.5809996, 2.126218, 2.034412)
(0.5831552, 2.129277, 2.037199)
(0.5844691, 2.132077, 2.039931)
(0.5860624, 2.135066, 2.042434)
(0.5873926, 2.137899, 2.045082)
(0.5885789, 2.140394, 2.047406)
(0.5898237, 2.142735, 2.049404)
(0.591145, 2.145155, 2.0516)
(0.5922902, 2.147423, 2.053573)
(0.5934646, 2.149607, 2.055428)
(0.5946707, 2.151868, 2.057144)
(0.5958652, 2.153947, 2.058848)
(0.5971153, 2.156172, 2.060664)
(0.5982127, 2.158391, 2.062406)
(0.5992565, 2.160291, 2.063954)
(0.6001099, 2.162178, 2.065427)
(0.6007607, 2.163926, 2.066942)
(0.6014893, 2.165637, 2.068499)
(0.6020634, 2.167178, 2.070111)
(0.6024914, 2.168613, 2.071614)
(0.6029339, 2.169705, 2.072945)
(0.6034559, 2.171045, 2.074199)
(0.603941, 2.172153, 2.075743)
(0.6043718, 2.172952, 2.077097)
(0.6046693, 2.173766, 2.078548)
(0.6048149, 2.174661, 2.079926)
(0.6050051, 2.17538, 2.081312)
(0.6051775, 2.17607, 2.082624)
(0.6052471, 2.176743, 2.083952)
(0.6054809, 2.177073, 2.085165)
(0.6053965, 2.177436, 2.086097)
(0.6052454, 2.177905, 2.08752)
(0.6052151, 2.178285, 2.088802)
(0.605116, 2.178812, 2.090295)
(0.6048689, 2.179395, 2.091592)
(0.6046941, 2.179945, 2.092969)
(0.6045249, 2.180508, 2.094459)
(0.6041561, 2.180958, 2.095899)
(0.6039655, 2.1814, 2.09743)
(0.6037738, 2.181918, 2.099011)
(0.603604, 2.182472, 2.100815)
(0.6034687, 2.18291, 2.102457)
(0.6032403, 2.18334, 2.104242)
(0.6027049, 2.183599, 2.106083)
(0.6024193, 2.183933, 2.1079)
(0.6020465, 2.184237, 2.109756)
(0.6013609, 2.18433, 2.111751)
(0.6008682, 2.184571, 2.113759)
(0.6004523, 2.184777, 2.115726)
(0.6001155, 2.185073, 2.11787)
(0.5994165, 2.185229, 2.120047)
(0.5988423, 2.185213, 2.122066)
(0.5981871, 2.185185, 2.124214)
(0.5974195, 2.185091, 2.126417)
(0.5967438, 2.184936, 2.128516)
(0.5960629, 2.18471, 2.130704)
(0.5952262, 2.184496, 2.132886)
(0.5942347, 2.18392, 2.135134)
(0.5932083, 2.183461, 2.137474)
(0.5920668, 2.183083, 2.139654)
(0.5910178, 2.18257, 2.141815)
(0.5899785, 2.182016, 2.143905)
(0.5887277, 2.181498, 2.145968)
(0.5873914, 2.18096, 2.14811)
(0.5862609, 2.180448, 2.15021)
(0.584636, 2.180113, 2.152393)
(0.5831786, 2.179692, 2.154348)
(0.581483, 2.179268, 2.156846)
(0.5797774, 2.179016, 2.159237)
(0.5779297, 2.178649, 2.161884)
(0.5761924, 2.178413, 2.164524)
(0.5744379, 2.178167, 2.167141)
(0.5726223, 2.177982, 2.169799)
(0.5710114, 2.177947, 2.172606)
(0.5691767, 2.177933, 2.175496)
(0.5672135, 2.177808, 2.178168)
(0.5650815, 2.177916, 2.181495)
(0.5630252, 2.178044, 2.184695)
(0.560913, 2.178154, 2.188077)
(0.5586662, 2.17821, 2.191452)
(0.5564246, 2.178278, 2.194829)
(0.5540595, 2.178269, 2.198182)
(0.5516298, 2.178188, 2.20172)
(0.5491782, 2.17815, 2.205217)
(0.5466073, 2.17798, 2.208812)
(0.5437971, 2.178039, 2.212642)
(0.5412148, 2.178168, 2.216199)
(0.5384881, 2.178322, 2.219729)
(0.5357784, 2.178637, 2.223416)
(0.5329998, 2.179064, 2.22725)
(0.5302958, 2.179594, 2.23116)
(0.5275943, 2.180136, 2.235091)
(0.5247198, 2.18106, 2.239145)
(0.5218883, 2.181861, 2.243207)
(0.5186902, 2.183264, 2.247618)
(0.5158526, 2.184793, 2.251615)
(0.5127684, 2.18642, 2.255646)
(0.5096439, 2.188396, 2.259573)
(0.5065445, 2.190642, 2.26345)
(0.5034958, 2.192911, 2.267457)
(0.5002078, 2.195558, 2.271262)
(0.4971827, 2.198543, 2.274884)
(0.4941442, 2.201838, 2.278704)
(0.4906156, 2.205434, 2.282616)
(0.4876821, 2.209136, 2.286036)
(0.4845914, 2.212518, 2.289699)
(0.4817843, 2.21644, 2.293091)
(0.4789627, 2.220436, 2.296451)
(0.4763201, 2.224293, 2.300003)
(0.4736469, 2.228166, 2.303204)
(0.4710842, 2.232026, 2.306427)
(0.4688103, 2.235724, 2.309766)
(0.4661454, 2.239629, 2.312993)
(0.4637268, 2.243373, 2.316242)
(0.4619882, 2.24706, 2.318783)
(0.4599525, 2.250422, 2.321223)
(0.4579327, 2.253768, 2.323545)
(0.456054, 2.257049, 2.326035)
(0.4542116, 2.260276, 2.327771)
(0.4521909, 2.263395, 2.329471)
(0.4503684, 2.266414, 2.331347)
(0.4485078, 2.269839, 2.332837)
(0.4466057, 2.272825, 2.334235)
(0.4448867, 2.275714, 2.335833)
(0.4430814, 2.278486, 2.337119)
(0.4414535, 2.281264, 2.338501)
(0.4400465, 2.283836, 2.340009)
(0.4384735, 2.286453, 2.341214)
(0.4372778, 2.288687, 2.342439)
(0.4361086, 2.290806, 2.343644)
(0.4344909, 2.293015, 2.34483)
(0.4334965, 2.294905, 2.345782)
(0.4325082, 2.296672, 2.346623)
(0.4312215, 2.298307, 2.34738)
(0.4302542, 2.299759, 2.348176)
(0.4291859, 2.301255, 2.348932)
(0.4281764, 2.302669, 2.349468)
(0.4273365, 2.303741, 2.349979)
(0.4264565, 2.304818, 2.350644)
(0.4253688, 2.306115, 2.351183)
(0.4248171, 2.306873, 2.351425)
(0.4241128, 2.307904, 2.351871)
(0.423492, 2.308877, 2.352172)
(0.4230018, 2.309799, 2.352479)
(0.4225311, 2.310666, 2.352755)
(0.421946, 2.311615, 2.353048)
(0.4218006, 2.312433, 2.353289)
(0.4214292, 2.313314, 2.35359)
(0.4208264, 2.314164, 2.354025)
(0.4206681, 2.314834, 2.354342)
(0.4203622, 2.31558, 2.354618)
(0.4200339, 2.316235, 2.355)
(0.4199603, 2.316734, 2.355262)
(0.4196844, 2.317264, 2.35564)
(0.4194026, 2.317842, 2.356015)
(0.4192963, 2.318247, 2.356351)
(0.4191251, 2.318656, 2.356723)
(0.4190085, 2.31916, 2.357105)
(0.4190979, 2.319344, 2.357419)
(0.4189842, 2.319627, 2.357955)
(0.4187026, 2.319838, 2.358329)
(0.4187748, 2.319935, 2.358685)
(0.4188309, 2.320254, 2.358967)
(0.4187741, 2.320414, 2.359293)
(0.4188781, 2.320485, 2.359604)
(0.4189568, 2.320552, 2.359859)
(0.419138, 2.320582, 2.360271)
(0.419421, 2.320571, 2.360584)
(0.4195719, 2.320545, 2.361021)
(0.419935, 2.320575, 2.361395)
(0.4202962, 2.320623, 2.361735)
(0.4207358, 2.320692, 2.362032)
(0.4211318, 2.320569, 2.362499)
(0.421818, 2.320524, 2.362858)
(0.4224811, 2.320526, 2.363311)
(0.4232872, 2.320632, 2.363656)
(0.4241016, 2.320573, 2.363975)
(0.424758, 2.320518, 2.364249)
(0.4254336, 2.320517, 2.364598)
(0.4261522, 2.320579, 2.364959)
(0.4269447, 2.320633, 2.365416)
(0.4277117, 2.320725, 2.365767)
(0.4285386, 2.320808, 2.366206)
(0.4295111, 2.320771, 2.366603)
(0.4304514, 2.320766, 2.367027)
(0.4316206, 2.320686, 2.367376)
(0.4327507, 2.320649, 2.367812)
(0.4337263, 2.320791, 2.368214)
(0.4348917, 2.320915, 2.368622)
(0.4360538, 2.321041, 2.369094)
(0.4371724, 2.321398, 2.369518)
(0.4383779, 2.321758, 2.36999)
(0.4396257, 2.322082, 2.370396)
(0.4407818, 2.322407, 2.371017)
(0.4421215, 2.322846, 2.371511)
(0.4433074, 2.323221, 2.372164)
(0.4446645, 2.324037, 2.372657)
(0.4458489, 2.325067, 2.373162)
(0.4470294, 2.325977, 2.373526)
(0.4482799, 2.326688, 2.374088)
(0.4495258, 2.327328, 2.374722)
(0.4506111, 2.327927, 2.375749)
(0.4519944, 2.328548, 2.376434)
(0.4531112, 2.328888, 2.377106)
(0.4542686, 2.329341, 2.377875)
(0.4556036, 2.329545, 2.378477)
(0.4568779, 2.329757, 2.379022)
(0.4580252, 2.32988, 2.379545)
(0.4594104, 2.330125, 2.379972)
(0.4606208, 2.330256, 2.380389)
(0.4617068, 2.330359, 2.380745)
(0.4628775, 2.330484, 2.381166)
(0.4640605, 2.33056, 2.3815)
(0.4650657, 2.330657, 2.381831)
(0.4659359, 2.330756, 2.382048)
(0.4668881, 2.330902, 2.382169)
(0.4678358, 2.331038, 2.382259)
(0.468699, 2.331207, 2.382383)
(0.4688457, 2.331645, 2.382806)
(0.4696226, 2.33176, 2.382932)
(0.4701508, 2.331562, 2.383362)
(0.4710145, 2.331455, 2.383556)
(0.4718479, 2.331634, 2.383745)
(0.4726219, 2.331603, 2.384008)
(0.4734974, 2.331475, 2.384178)
(0.4741228, 2.331377, 2.384321)
