(306.3983, 320.3821, 322.605)
(304.5174, 320.5676, 321.4069)
(300.7574, 330.0783, 311.8013)
(301.7523, 330.3759, 310.9629)
(301.2837, 333.5822, 306.8912)
(299.5478, 342.6163, 296.8091)
(299.0902, 345.1796, 293.8293)
(298.6193, 349.352, 290.165)
(298.2824, 343.8673, 299.889)
(298.7917, 345.1382, 299.7346)
(299.7625, 345.2459, 301.0369)
(300.4844, 341.2728, 307.7626)
(300.8693, 338.1494, 311.4825)
(300.5315, 335.9422, 314.7044)
(304.2274, 328.6396, 323.6869)
(305.4046, 327.2709, 325.5629)
(306.3176, 325.4509, 328.1309)
(309.9947, 321.3574, 332.7999)
(311.3601, 319.8972, 334.4061)
(312.6903, 317.9931, 336.4233)
(315.7587, 314.6643, 339.8174)
(317.3761, 313.2689, 341.2518)
(318.8476, 311.9154, 342.4743)
(321.6919, 309.3239, 344.243)
(323.0541, 308.0408, 345.0028)
(324.4404, 306.6973, 345.7844)
(327.262, 304.2658, 346.9657)
(328.4934, 303.1623, 347.4506)
(329.6733, 302.5817, 347.419)
(332.1768, 302.7065, 346.093)
(332.7545, 302.5745, 345.7306)
(333.1614, 302.4365, 345.222)
(324.8506, 302.591, 339.3922)
(324.8506, 302.591, 339.3922)
(315.0536, 302.0103, 341.1124)
(316.1844, 297.8563, 340.7477)
(314.5373, 305.9392, 336.5527)
(309.1132, 313.5019, 327.9233)
(305.4674, 315.1523, 327.2066)
(309.1654, 312.5159, 330.0642)
