(-19.5702, -3.053999, 162.0557)
(-19.59078, -3.083777, 162.0377)
(-19.63203, -3.04203, 162.0075)
(-19.77466, -2.959418, 161.9217)
(-19.77466, -2.959418, 161.9217)
(-19.6656, -2.947021, 161.994)
(-19.64325, -2.957201, 162.0284)
(-19.60911, -2.937722, 162.0564)
(-19.62221, -2.939487, 162.0295)
(-19.64732, -2.929664, 162.0144)
(-19.64705, -2.881718, 161.9987)
(-19.64936, -2.873945, 161.97)
(-19.66571, -2.872896, 161.9709)
(-19.6563, -2.869153, 161.9884)
(-19.65243, -2.884388, 162.0065)
(-19.64946, -2.889895, 162.0128)
(-19.61944, -2.875376, 162.0259)
(-19.61534, -2.872396, 161.9992)
(-19.60354, -2.869463, 161.9944)
(-19.60659, -2.843142, 161.993)
(-19.65902, -2.833033, 161.9994)
(-19.68654, -2.830076, 162.0145)
(-19.68654, -2.830076, 162.0145)
(-19.63981, -2.880955, 162.0771)
(-19.63761, -2.905583, 162.0806)
(-19.61919, -2.896786, 162.0983)
(-19.59902, -2.909112, 162.0866)
(-19.58619, -2.920175, 162.0939)
(-19.57705, -2.917957, 162.0953)
(-19.5979, -2.899575, 162.0786)
(-19.61229, -2.893353, 162.081)
(-19.62453, -2.911949, 162.0659)
(-19.61784, -2.935195, 162.0875)
(-19.61456, -2.941871, 162.097)
(-19.5991, -2.932572, 162.1075)
(-19.60257, -2.93386, 162.1012)
(-19.60921, -2.942729, 162.0999)
(-19.59962, -2.93901, 162.1037)
(-19.59352, -2.941251, 162.1013)
(-19.59531, -2.946401, 162.1163)
(-19.58536, -2.941513, 162.1169)
(-19.57693, -2.950668, 162.1248)
(-19.55602, -2.960038, 162.1163)
(-19.55679, -2.966595, 162.1141)
(-19.5703, -2.970147, 162.1074)
