(-9400.092, 245.0678, 7080.886)
(-0.394968, -0.4355722, 2.53407)
(-1.024148, 0.3610778, -0.2801088)
(3.04097, 1.511186, -0.7811667)
(3.702524, -1.343451, -0.8592085)
(1.516527, 0.6048946, -1.021028)
(4.153038, 1.319888, -1.980957)
(2.451253, -1.592553, 0.3699717)
(0.07575096, -0.07196341, 0.09847625)
(-0.8072376, 1.030148, 1.274699)
(-1.546632, -0.1793775, 0.3786858)
(-0.7583274, -0.6096358, -0.242155)
(0.5342563, -0.2827107, -0.7123418)
(2.903372, -0.2090428, -1.807481)
(1.025784, 0.4191374, -0.315456)
(1.813724, 0.7259205, 0.03015693)
(1.175415, -1.535792, 0.3436151)
(-0.2876298, -0.1416024, 0.14824)
(-1.26354, -0.5813161, -0.2456883)
(0.8649138, -0.2377015, 0.0938821)
(-0.4450214, 0.1107126, -0.5275131)
(0.9436647, 1.364944, 0.08846857)
(1.188056, -0.3350929, -1.668936)
(-3.534955, 1.815188, -1.322897)
(-1.98775, 0.5220574, 1.926588)
(-1.35765, 0.1778096, 0.5074982)
(0.1842299, -0.0988142, 0.8189855)
(4.358382, 2.767731, 1.093572)
(1.888948, -1.998865, 0.9200478)
(2.339438, -0.6745486, -2.64234)
(-0.3585804, 0.7479591, -0.127593)
(0.8596589, -3.135801, 2.39923)
(-2.028747, 0.2927386, 1.747355)
(-0.7878665, -0.9057, 0.1802158)
(-2.242772, 2.50351, -1.104428)
(0.06952372, -0.3128568, -1.672915)
(-1.230533, 1.208907, 0.3179058)
(-2.525223, 1.167916, -0.116397)
(-2.872164, 0.328056, 1.015411)
(-3.009887, 0.9605113, 1.001157)
(-0.6126568, 0.838256, -1.464183)
(-1.437334, 1.445852, -1.367064)
(-1.303085, -0.3788802, -3.33327)
(1.255645, 0.5832672, -4.431211)
(-1.238352, 0.914297, -2.675766)
(-1.041148, 3.728053, 0.08294263)
(-4.483507, -0.7044109, 3.6182)
(-2.83473, 0.4897928, 0.9232378)
(-2.231369, 2.286221, 1.070706)
