(305.8366, 117.7489, 54.27633)
(306.886, 117.6146, 54.44543)
(307.2983, 117.8227, 54.32398)
(307.6718, 117.9524, 54.2766)
(307.456, 117.5986, 54.41857)
(306.2068, 117.5699, 54.34272)
(305.8134, 117.3203, 54.56212)
(305.6612, 117.2143, 54.61011)
(306.1015, 117.3763, 54.65271)
(306.7143, 117.8311, 54.19058)
(306.9696, 118.6143, 53.60885)
(307.1126, 118.7761, 53.51824)
(307.1012, 118.4373, 53.66536)
(306.9991, 118.5895, 53.47469)
(307.1281, 118.6191, 53.52822)
(307.403, 118.6754, 53.25686)
(308.0034, 118.854, 53.27651)
(308.4873, 119.0763, 53.21846)
(308.5596, 118.8665, 53.3601)
(308.2381, 118.6219, 53.54468)
(307.7452, 118.6304, 53.43424)
(307.0921, 118.8723, 53.11992)
(307.2321, 118.7862, 53.22297)
(307.5873, 118.7596, 53.24188)
(307.8428, 118.8169, 53.32175)
(307.8931, 118.6954, 53.40005)
(307.7455, 118.6659, 53.35572)
(307.6622, 118.7536, 53.27189)
(307.5849, 118.8444, 53.17643)
(307.756, 118.9626, 53.11845)
(308.0551, 118.8145, 53.27809)
(308.1613, 118.5809, 53.46949)
(308.037, 118.3, 53.60862)
(307.7986, 118.1485, 53.56423)
(307.7549, 118.0345, 53.53114)
(307.9503, 118.1366, 53.41338)
(308.2873, 118.3065, 53.31227)
(308.601, 118.6793, 53.1045)
(308.8934, 118.928, 52.99828)
(309.1947, 118.7755, 53.0828)
(309.3589, 118.212, 53.36385)
(309.0434, 117.917, 53.31958)
(309.0804, 118.156, 52.95252)
(309.0677, 118.4379, 52.55398)
(309.33, 118.5857, 52.3917)
(309.4575, 118.7555, 52.21479)
(309.6016, 118.8766, 52.24805)
(309.9651, 119.0313, 52.26975)
(310.2317, 118.8543, 52.40821)
(310.3768, 118.6892, 52.38071)
(310.4785, 118.6258, 52.13428)
(310.5643, 118.8418, 51.67296)
(310.7043, 119.105, 51.33855)
(310.9161, 119.1936, 51.20966)
(311.0285, 119.2972, 51.09062)
(311.0568, 119.6981, 50.93906)
(311.4314, 119.6467, 51.09023)
(311.8297, 119.6393, 50.99957)
(312.0441, 119.7655, 50.75867)
(312.2551, 119.7497, 50.54632)
(312.1191, 120.1366, 50.04306)
(311.8444, 120.7039, 49.58652)
(311.8676, 120.895, 49.4535)
(312.1484, 120.684, 49.75731)
(312.3932, 120.2531, 50.11016)
(312.6505, 120.113, 50.14433)
(312.705, 120.5392, 49.62576)
(312.6898, 120.939, 49.17107)
(312.5046, 120.9435, 49.04207)
(312.3044, 121.1659, 48.85543)
