(-9233.216, 114.4879, 2143.079)
(-47.11035, 29.16476, 9.836559)
(-83.98943, 39.5696, 20.68751)
(-163.9746, 55.64117, 50.54068)
(0, 0, 0)
(-150.7293, 67.71448, 37.46977)
(-138.4952, 73.67297, 31.32343)
(-92.69859, 23.46631, 18.00687)
(-171.6067, -20.91059, 18.74306)
(-148.6411, 1.137024, 3.799104)
(-144.0154, 1.517334, 10.72518)
(-150.9333, -9.020575, 5.287851)
(-152.3516, -17.71801, 12.10074)
(-116.5842, -6.512357, 9.16257)
(-180.4076, -23.97248, 24.25965)
(-106.5218, -17.42227, 22.97796)
(-179.4162, -35.38717, 33.09932)
(-150.2695, -26.06823, 26.59231)
(-139.5553, -23.42107, 14.44085)
(-146.7533, -29.31817, 8.106133)
(-101.5551, -24.25249, 5.535261)
(-158.4589, -27.64184, -10.57025)
(-83.33246, -22.77774, -5.781984)
(-99.97057, -19.83323, -10.80454)
