(760.486, 229.067, 22743.51)
(-60.83224, 117.7873, -142.2471)
(-26.54041, 44.23098, -66.41656)
(-78.55192, 131.8571, -146.1789)
(0, 0, 0)
(-49.47307, 96.22114, -83.33629)
(-141.1018, 340.6701, -259.8213)
(-36.69321, 116.3344, -84.42056)
(-26.72109, 60.66842, -64.39867)
(-84.10703, 165.4785, -166.3017)
(-47.87247, 90.06104, -100.8694)
(-36.64787, 47.40999, -66.3401)
(-53.59442, 71.46256, -101.2641)
(-85.08672, 98.81387, -152.1972)
(-34.09273, 48.62537, -63.9634)
(-96.37261, 72.00442, -162.7608)
(-75.77892, 41.03924, -133.6884)
(-35.92049, 26.61007, -62.18972)
(-102.9687, 2.540589, -163.5861)
(-63.76834, 17.88516, -107.5938)
(-41.34158, 3.731024, -67.95676)
(-112.9014, -11.55619, -166.9887)
(-82.29355, -19.64249, -122.1793)
(-50.71701, -3.955561, -72.70819)
(-137.1279, -51.88614, -187.4127)
(-88.31164, -32.88432, -124.6027)
(-41.48691, -10.66638, -58.0383)
(-135.6898, -99.32805, -182.2266)
(-116.5273, -54.57515, -158.2056)
(-63.9356, -37.43916, -76.76825)
(-154.9671, -92.22986, -179.4333)
(-137.7232, -82.12666, -168.5269)
(-66.01131, -39.75601, -80.15681)
(-158.9416, -116.7517, -202.0869)
(-107.0477, -81.30029, -141.415)
(-69.98019, -53.85516, -87.75996)
(-128.4758, -96.2583, -162.4506)
(-133.2273, -83.53334, -158.3736)
(-64.9741, -38.96675, -75.74885)
(-139.6627, -84.7063, -168.4401)
(-75.66805, -51.90909, -103.3676)
(-58.70774, -44.82074, -76.24762)
(-113.7369, -95.93491, -165.6322)
(-104.4177, -81.3947, -143.8257)
(-57.50522, -49.21768, -69.61503)
(-106.2623, -104.701, -115.5467)
(-77.81075, -63.399, -82.68669)
(-43.4189, -40.69682, -39.62528)
(-71.82044, -74.84067, -81.1581)
(-31.07866, -51.71728, -47.10449)
(-25.69783, -43.37171, -37.47622)
(-23.49866, -96.20928, -59.58601)
(-8.383144, -78.88673, -36.31531)
