(0.14714526096339325, 0.9265165035569947, 2.508045557556021)
(0.13893279396339325, 0.9265124035569947, 2.5232515575560215)
(0.13095432096339327, 0.9254742035569945, 2.5396399575560213)
(0.12213836496339323, 0.9241364035569948, 2.5573622575560213)
(0.11184843996339325, 0.9247309035569946, 2.5752970575560212)
(0.10269824696339325, 0.9239599035569945, 2.5937568575560213)
(0.09397423396339324, 0.9212516035569944, 2.6140762575560212)
(0.7135417188633932, 0.9174963035569947, 2.636363257556021)
(0.7043077661633932, 0.9110753035569946, 2.659532657556021)
(1.9528294708633933, 0.9046199035569945, 2.6840586575560215)
(2.5757556216633932, 0.8963402035569945, 2.7073251575560215)
(3.2001212171633933, 0.8895883035569945, 2.7284439575560206)
(4.447405981583392, 0.8903935035569948, 2.7488748575560216)
(5.065666426763394, 0.8930009035569946, 2.768815757556021)
(5.682475651963393, 0.8965584035569947, 2.7885769575560215)
(5.672951954063393, 0.9001354035569946, 2.8067802575560212)
(6.292571509963393, 0.9057944035569946, 2.825258257556021)
(6.283761309963394, 0.9098828035569946, 2.842483357556021)
(6.275679509963393, 0.9123207035569948, 2.8594084575560212)
(6.267396609963393, 0.9160692035569946, 2.8723700575560214)
(6.259459309963393, 0.9212338035569946, 2.8830035575560213)
(6.254878609963394, 0.9232711035569947, 2.8938503575560213)
(6.253198009963393, 0.9213682035569948, 2.902613257556021)
(6.2538237099633935, 0.9169052035569946, 2.9098301575560215)
(6.255555409963393, 0.9120776035569949, 2.914604757556021)
(6.258998109963393, 0.9083715035569947, 2.9176641575560214)
(6.262234609963393, 0.9065116035569947, 2.9178375575560214)
(6.265867209963393, 0.9055993035569946, 2.9164829575560214)
(6.269694009963393, 0.9064844035569948, 2.9120838575560213)
(6.273636709963393, 0.9089365035569947, 2.9064204575560213)
(6.277468209963393, 0.9133346035569948, 2.897305857556021)
(6.281765209963393, 0.9193401035569947, 2.886356257556021)
(6.286490009963393, 0.9263132035569945, 2.873372257556021)
(6.291948309963393, 0.9339640035569946, 2.857923657556021)
(6.298287309963394, 0.9418487035569945, 2.8403193575560217)
(6.304349709963393, 0.9503995035569947, 2.821935957556021)
(5.682865062463394, 0.9593067035569944, 2.8012923575560214)
(5.062487187763393, 0.9682670035569945, 2.779379057556021)
(4.443602005623393, 0.9753987035569945, 2.7571642575560213)
(3.1991151311633934, 0.9794575035569947, 2.7333694575560212)
(3.2125990719633934, 0.9814503035569947, 2.7092177575560212)
(2.598961281963393, 0.9825283035569947, 2.6828775575560213)
(1.3566334466233934, 0.9826698035569945, 2.6559041575560216)
(0.7420484909633933, 0.9840780035569946, 2.627320957556021)
(0.7532232939633933, 0.9845666035569947, 2.600399857556021)
(0.13732784906339324, 0.9824347035569945, 2.5728729575560214)
(0.14873703996339324, 0.9771700035569946, 2.5497575575560214)
(0.16104918096339324, 0.9692336035569948, 2.526034457556021)
(0.17237340096339326, 0.9555502035569946, 2.5056773575560216)
(0.18240988496339325, 0.9429715035569947, 2.4874488575560214)
(0.19155434696339324, 0.9288448035569947, 2.4716696575560215)
(0.19999659996339325, 0.9129604035569946, 2.4604381575560206)
(0.2057312499633932, 0.9097296035569947, 2.447064257556021)
(0.21118235996339324, 0.9134030035569947, 2.4426339575560214)
(0.21442247996339323, 0.9164261035569947, 2.438812957556021)
(0.21506823996339325, 0.9215928035569947, 2.438115957556021)
(0.21813480996339324, 0.9243001035569947, 2.4394092575560213)
(0.21211812996339324, 0.9424044035569945, 2.440061457556021)
(0.21213845996339326, 0.9475454035569946, 2.440694457556021)
(0.21913315996339322, 0.9404191035569947, 2.443364057556021)
(0.22687423996339323, 0.8979594035569946, 2.4401080575560212)
(0.2315521999633933, 0.8688745035569946, 2.434984157556021)
(0.23285459996339325, 0.8787537035569948, 2.4350204575560213)
(0.2248531799633932, 0.9004246035569947, 2.4420158575560214)
(0.22862931996339322, 0.9048304035569947, 2.444744957556021)
(0.23870140996339323, 0.8920979035569946, 2.440919857556021)
(0.24385298996339322, 0.8806761035569947, 2.437805757556021)
(0.24412954996339323, 0.8756421035569947, 2.436975457556021)
(0.24809473996339326, 0.8735229035569946, 2.4385952575560212)
(0.24928217996339322, 0.8723842035569944, 2.443370557556021)
(0.25264615996339324, 0.8710437035569948, 2.4447174575560213)
(0.25919415996339323, 0.8600414035569948, 2.4431580575560212)
(0.2630553999633932, 0.8522106035569946, 2.440748357556021)
(0.26605853996339324, 0.8505169035569946, 2.4391422575560213)
(0.26656201996339324, 0.8575145035569947, 2.436721957556021)
(0.26734234996339323, 0.8645914035569946, 2.433700357556021)
(0.26770154996339324, 0.8689808035569946, 2.430523457556021)
(0.2683112099633932, 0.8693889035569947, 2.428374757556021)
(0.27003963996339325, 0.8665984035569947, 2.426704557556021)
(0.2724369799633932, 0.8644988035569947, 2.425186757556021)
(0.27469724996339323, 0.8625207035569946, 2.424131857556021)
(0.2764474699633933, 0.8644971035569947, 2.423463157556021)
(0.27801905996339327, 0.8686310035569946, 2.423088957556021)
(0.2785131299633932, 0.8736265035569947, 2.4226080575560216)
(0.27923668996339324, 0.8783228035569947, 2.421730557556021)
(0.27960602996339323, 0.8826637035569946, 2.4212407575560215)
(0.2799926699633933, 0.8865612035569945, 2.4205364575560213)
(0.2799064899633933, 0.8905772035569945, 2.420315657556021)
(0.28007269996339323, 0.8924369035569948, 2.419908457556021)
(0.28053241996339323, 0.8953082035569947, 2.4198211575560213)
(0.28046581996339326, 0.8979438035569945, 2.419624057556021)
(0.2803085199633933, 0.9013719035569945, 2.4198878575560214)
(0.28001870996339323, 0.9049835035569946, 2.4206338575560213)
(0.27921211996339323, 0.9091782035569947, 2.4217367575560216)
(0.2787353199633933, 0.9110654035569945, 2.422580657556021)
(0.2779672299633933, 0.9122821035569946, 2.4239747575560213)
(0.27752454996339326, 0.9138037035569946, 2.425634257556021)
(0.2765094699633933, 0.9151513035569945, 2.427590157556021)
(0.27519381996339326, 0.9162398035569945, 2.429734357556021)
(0.27363582996339325, 0.9185465035569947, 2.4324981575560214)
(0.27185849996339323, 0.9207965035569947, 2.435497657556021)
(0.26998182996339326, 0.9218471035569946, 2.4389046575560207)
(0.26772774996339327, 0.9229103035569945, 2.442935757556021)
(0.2652937399633932, 0.9231483035569947, 2.447215857556021)
(0.2624918899633933, 0.9237208035569948, 2.4518547575560214)
(0.25966272996339324, 0.9237840035569947, 2.456794857556021)
(0.2570379999633932, 0.9244508035569947, 2.461985557556021)
(0.25387381996339325, 0.9248858035569947, 2.4676079575560212)
(0.25039587996339324, 0.9256556035569947, 2.473377257556021)
(0.24628360996339324, 0.9278434035569946, 2.4798378575560216)
(0.24212871996339325, 0.9288883035569947, 2.486793957556021)
(0.23801446596339323, 0.9291943035569947, 2.4941341575560214)
(0.23338954696339323, 0.9290743035569946, 2.5018346575560213)
(0.22794320496339324, 0.9302789035569947, 2.5101676575560212)
(0.2218353499633933, 0.9321531035569945, 2.519760357556021)
(0.21562668096339324, 0.9341063035569948, 2.530067857556021)
(0.20941603596339328, 0.9358432035569948, 2.5414378575560215)
(0.20282901196339323, 0.9361729035569948, 2.5531831575560213)
(0.19551338245339325, 0.9362233035569947, 2.5658724575560212)
(0.8149913799633932, 0.9370532035569946, 2.580138957556021)
(0.8057101999633932, 0.9371619035569946, 2.594965657556021)
(0.7970817469633933, 0.9369207035569946, 2.6111633575560207)
(0.7881252049633931, 0.9366069035569945, 2.627876757556021)
(0.7797149169633932, 0.9348743035569946, 2.6459707575560207)
(0.7719487939633931, 0.9332603035569946, 2.664944257556021)
(0.7631629999633932, 0.9331959035569948, 2.684596357556021)
(0.7528888566633933, 0.9349399035569945, 2.7059206575560215)
(1.3684420539633932, 0.9378451035569947, 2.7274769575560205)
(1.3526177319633932, 0.9445910035569947, 2.751017157556021)
(1.9667699357633932, 0.9502072035569947, 2.774932957556021)
(3.210752816503393, 0.9534635035569947, 2.8008945575560213)
(3.8287797139633932, 0.9524482035569948, 2.826594957556021)
(4.450896733963394, 0.9457371035569947, 2.8536631575560216)
(3.814782508415393, 0.9412353035569947, 2.878983057556021)
(5.064379884463394, 0.9361942035569946, 2.902189757556021)
(5.681803040963393, 0.9346077035569946, 2.923167457556021)
(5.6705215349633935, 0.9356048035569946, 2.9410058575560214)
(5.031651494063394, 0.9331107035569947, 2.961386357556021)
(5.654012829863393, 0.9285736035569947, 2.979228157556021)
(5.648445966363393, 0.9251204035569947, 2.9932999575560215)
(6.268707409963394, 0.9216326035569947, 3.005042457556021)
(6.258585609963394, 0.9215918035569945, 3.0137866575560213)
(6.249397009963394, 0.9220045035569948, 3.023240957556021)
(6.242431209963393, 0.9237970035569948, 3.0268759575560216)
(6.235547709963393, 0.9252804035569946, 3.0321438575560213)
(6.231204109963393, 0.9249695035569948, 3.032806357556021)
(6.228281709963393, 0.9264293035569946, 3.0292710575560213)
(6.228207409963393, 0.9244778035569947, 3.029514357556021)
(6.230292009963393, 0.9220783035569946, 3.024150057556021)
(6.234205209963394, 0.9203871035569946, 3.0150613575560214)
(6.236328409963393, 0.9194626035569946, 3.0067759575560213)
(6.241036309963393, 0.9172038035569947, 2.9957112575560214)
(6.245171009963394, 0.9163053035569947, 2.982889457556021)
(6.249684209963393, 0.9168283035569946, 2.968388957556021)
(6.253620809963393, 0.9185518035569945, 2.9515976575560208)
(6.257164609963393, 0.9220570035569946, 2.932816057556021)
(6.262085509963393, 0.9253782035569946, 2.912973957556021)
(5.639695608063393, 0.9277720035569945, 2.8917455575560216)
(5.647660460963393, 0.9294482035569945, 2.8692091575560212)
(5.656743394963392, 0.9294615035569945, 2.845516057556021)
(5.666355929963393, 0.9286670035569944, 2.8218260575560214)
(5.676356804963394, 0.9264577035569947, 2.796387757556021)
(4.4297396661633925, 0.9241308035569945, 2.771123857556021)
(3.812298219163393, 0.9197857035569947, 2.746757457556021)
(3.196265235863393, 0.9144281035569947, 2.720478257556022)
(2.578333816963393, 0.9114176035569945, 2.694365557556021)
(1.9585100662633934, 0.9101382035569946, 2.669720357556021)
(1.9678323189633933, 0.9061863035569948, 2.6460612575560214)
(1.9785659389633932, 0.8974111035569947, 2.626651557556021)
(1.3628830427633933, 0.8881409035569947, 2.606272257556021)
(0.7444480629633932, 0.8823362035569946, 2.588155057556021)
(0.12608810836339324, 0.8747005035569947, 2.570558857556022)
(0.14060224196339324, 0.8622142035569947, 2.561202657556021)
(0.14956642496339323, 0.8482139035569947, 2.5489654575560214)
(0.15383722696339325, 0.8464649035569947, 2.5368811575560213)
(0.15595244996339325, 0.8604220035569947, 2.530869257556021)
(0.15561601296339322, 0.8828455035569946, 2.5228020575560213)
(0.1614482579633932, 0.8910463035569947, 2.517852957556021)
(0.16608336096339324, 0.9172368035569946, 2.5062256575560213)
(0.17293157196339326, 0.9125243035569947, 2.5013461575560205)
(0.18958727496339325, 0.8849322035569946, 2.4927209575560214)
(0.19292224396339325, 0.8794397035569947, 2.485444857556021)
(0.19317432596339323, 0.8766371035569946, 2.4779254575560214)
(0.19472098596339324, 0.8920991035569946, 2.476589757556021)
(0.19869242496339326, 0.9018866035569948, 2.4698601575560213)
(0.20435313196339325, 0.9022831035569947, 2.4666575575560215)
(0.20961467996339325, 0.8930478035569946, 2.460915957556021)
(0.21375609996339326, 0.8902757035569946, 2.4557140575560212)
(0.2153812299633932, 0.8937942035569947, 2.4534120575560214)
(0.2166137699633932, 0.9006693035569947, 2.450008157556021)
(0.2188035499633932, 0.9036716035569945, 2.4470611575560213)
(0.21971658996339322, 0.9045810035569947, 2.4448790575560215)
(0.22138300996339325, 0.9043814035569946, 2.4423878575560214)
(0.22308904996339324, 0.9044950035569945, 2.440583457556021)
(0.22460012996339324, 0.9049422035569945, 2.4389668575560215)
(0.22608102996339324, 0.9060102035569946, 2.4373875575560207)
(0.22773446996339325, 0.9065447035569946, 2.436031057556021)
(0.22934307996339323, 0.9067830035569946, 2.434598257556021)
(0.23058160996339322, 0.9075494035569948, 2.4332282575560216)
(0.23212676996339318, 0.9082318035569946, 2.4316933575560213)
(0.2333729699633933, 0.9091485035569946, 2.4304152575560214)
(0.23442017996339323, 0.9104168035569946, 2.4290876575560207)
(0.23561179996339324, 0.9114072035569947, 2.427744957556021)
(0.23642821996339322, 0.9130193035569947, 2.4266572575560215)
(0.23737338996339324, 0.9144535035569946, 2.425823357556021)
(0.2382819499633933, 0.9155947035569947, 2.424967457556021)
(0.23915804996339324, 0.9166411035569947, 2.4244259575560214)
(0.23991496996339326, 0.9171669035569947, 2.423742657556021)
(0.24073631996339326, 0.9174966035569947, 2.422956557556021)
