(-4457.044, -266.3131, 9470.138)
(-6.958865, -6.28043, -3.539423)
(-3.80121, 0.5245282, -2.323682)
(-1.946182, 2.211732, -1.895433)
(8.923236, 4.20014, -1.738476)
(5.226409, -1.24959, 0.01561987)
(6.327728, 2.64596, 6.209872)
(0.07730967, 1.34077, 3.900825)
(-0.6253713, -0.3021219, 3.121575)
(-2.785346, 1.118994, 0.806691)
(1.041433, -0.2978629, 1.596936)
(2.609395, 0.1342593, 0.768743)
(1.978814, 0.8783811, 1.638859)
(3.369484, 1.267421, 1.081944)
(2.405867, -0.2961399, 0.4150282)
(0.2254072, -0.6697814, 2.578229)
(0.5737585, -1.292052, -0.5989426)
(0.9599624, -0.7452057, 0.6335322)
(-0.6295247, 2.194772, -0.5395926)
(0.3028318, 0.03072206, 1.585478)
(0.4864273, 0.2983421, 1.271197)
(-1.26777, 2.158798, 0.3388695)
(0.6739259, 0.905048, 2.811265)
(1.70375, -0.07388714, 1.081143)
(1.390908, -1.949002, 2.190194)
(1.044916, -0.05419688, -0.1582549)
(1.356497, -0.737132, -2.998688)
(0.2104066, 0.3327859, 0.179275)
(-0.2425262, -0.9635502, 0.9351462)
(-1.00079, -0.6876462, 2.046012)
(0.04037639, 0.6641917, 0.1837126)
(-0.1166238, -0.4951009, 1.524911)
(0.491769, 0.1405054, 1.198554)
(-0.4455157, 1.354018, -1.340915)
(0.4944562, 1.096872, 1.034256)
(0.7275234, 0.5619792, -0.2003957)
(0.3710711, 0.6488318, 0.1996406)
(1.307839, -0.04547122, 1.35331)
(-0.6663268, -2.121104, -0.7381015)
(-1.269656, 1.296752, 0.5399909)
