(-269.8614, 240.5222, -2936.781)
(33.74124, 62.83818, 101.1608)
(48.87331, 46.44615, 118.9507)
(56.24995, 66.38396, 147.5538)
(50.57896, 123.3181, 153.9041)
(63.39986, 106.2703, 157.0144)
(56.40279, 136.6483, 107.231)
(61.75177, 104.7652, 97.69077)
(61.29689, 76.62951, 93.51177)
(49.06967, 106.9247, 114.1351)
(65.12956, 108.601, 109.9794)
(62.07148, 71.75411, 136.6737)
(52.10029, 66.34254, 152.9473)
(72.75174, 72.01621, 153.9865)
(54.52087, 37.46527, 165.4338)
(55.00811, 19.0232, 163.365)
(71.39776, 33.72079, 177.3609)
(55.43712, 4.755133, 175.317)
(43.61869, 16.9633, 154.0384)
(55.01757, -3.291154, 175.6506)
(39.39381, 1.590467, 163.0413)
(43.63149, -5.89865, 166.4843)
(36.37914, -23.78709, 173.0446)
(24.83345, -26.21976, 167.7912)
(17.58441, -30.96547, 174.181)
(23.9306, -29.19933, 168.9238)
(10.47328, -52.58746, 181.3151)
(14.84696, -40.45915, 174.3061)
(9.180735, -54.70056, 170.0113)
(18.11817, -58.07204, 184.6893)
(14.31771, -59.25438, 175.5277)
(17.44885, -59.64413, 165.7002)
(23.81714, -51.75072, 172.6672)
(23.94522, -37.29879, 152.558)
(16.19101, -43.55795, 142.3185)
(24.18758, -40.93368, 144.0142)
(22.46707, -41.99876, 111.4)
(10.59489, -48.82735, 116.3259)
(21.14868, -50.74202, 122.1313)
(13.55101, -42.76779, 119.5178)
(4.863747, -43.20969, 111.2066)
(23.25372, -57.16095, 118.7938)
(20.93084, -49.91966, 107.6458)
(21.00325, -51.40419, 94.83685)
(25.04352, -44.81928, 96.41375)
(28.49141, -24.66264, 65.23868)
(23.84296, -22.06011, 66.58167)
(25.50561, -27.50153, 72.06473)
(23.96955, -24.00006, 58.65897)
(16.87187, -44.44275, 67.41922)
(20.00341, -14.45046, 64.18797)
(22.51274, -56.95074, 54.98521)
(14.39792, -81.89897, 56.19841)
(2.283777, -94.98927, 42.08445)
