(-8133.859, 121.9184, -2927.724)
(-83.45906, 38.56523, 36.63377)
(-75.33119, 29.38392, 33.88624)
(-121.5436, 23.74438, 49.73124)
(-141.6577, 25.3913, 60.05934)
(-195.4181, 103.007, 54.26422)
(-284.7, 93.88038, 5.461741)
(-204.7894, 19.12638, 32.81145)
(-207.2209, 8.835042, 27.9982)
(-121.9583, 18.00175, 17.80842)
(-369.7746, 25.38974, 49.61348)
(-245.2269, 9.226834, 20.29374)
(-206.1313, 0.04667406, 4.865304)
(-235.1102, -10.67473, -8.979744)
(-220.3422, -26.57591, -6.591957)
(-245.8762, -30.85036, -6.809266)
(-220.709, -17.84092, -7.307511)
(-228.5762, -15.50999, -19.20994)
(-198.6137, -22.48464, -26.25621)
(-231.4509, -26.64388, -39.93959)
(-208.8403, -36.3827, -42.34058)
(-224.3636, -21.67143, -55.15963)
(-166.1772, -29.89575, -55.94378)
(-192.2391, -16.16315, -60.4665)
(-130.6556, 14.68605, -53.31599)
(-118.4135, 28.40438, -55.89957)
(-147.5845, 9.729275, -55.91564)
(-79.42585, -4.162552, -17.92681)
(-47.74313, -10.19229, -4.214086)
(-58.02644, -7.973033, -21.30815)
(-50.75189, -16.46587, -21.82711)
(-24.74743, -39.1393, -30.09687)
(-8.438179, -20.41513, -11.02985)
(-20.3924, -50.94315, -75.54125)
(-13.64551, -64.58527, -21.11396)
(-56.73672, -13.43462, 38.93608)
(-40.12556, -5.50372, 21.6365)
(39.09955, -60.94166, 29.47261)
(11.27886, -19.614, 15.13189)
