(0.4565406, 0.1634467, 0.7330621)
(0.4559114, 0.1626382, 0.7336863)
(0.4560085, 0.1629947, 0.7333033)
(0.4565611, 0.1636024, 0.7324562)
(0.4570109, 0.1642489, 0.7316607)
(0.4557709, 0.1632425, 0.7329237)
(0.4564823, 0.1638489, 0.732062)
(0.4571049, 0.164497, 0.7313406)
(0.4563888, 0.1635303, 0.7321856)
(0.4571432, 0.1642996, 0.7314734)
(0.4568307, 0.1638838, 0.7319418)
(0.4572242, 0.164252, 0.7315373)
(0.4579712, 0.1649964, 0.7307187)
(0.4576183, 0.1645796, 0.7308296)
(0.4577177, 0.1649039, 0.7305639)
(0.4583424, 0.1654325, 0.7296629)
(0.4588977, 0.1661504, 0.7289417)
(0.4581015, 0.1656244, 0.7295897)
(0.4587938, 0.1661001, 0.7288475)
(0.4586558, 0.1657804, 0.7290664)
(0.4586517, 0.1660762, 0.7290354)
(0.4591757, 0.1665242, 0.7282876)
(0.458886, 0.1662155, 0.7284091)
(0.4590648, 0.1664165, 0.728348)
(0.4595932, 0.1668717, 0.7277528)
(0.4603014, 0.1672192, 0.7269804)
(0.4598928, 0.1666068, 0.7272975)
(0.4598528, 0.1665201, 0.7269224)
(0.4601178, 0.1669573, 0.7262535)
(0.4590037, 0.1660867, 0.7273964)
(0.4593966, 0.1663637, 0.7270497)
(0.4599066, 0.1664807, 0.7263939)
(0.4588737, 0.1649241, 0.7278352)
(0.4589448, 0.1652381, 0.7274367)
(0.458694, 0.1655355, 0.727223)
(0.4566026, 0.1640306, 0.7287836)
(0.4559971, 0.1642714, 0.7286956)
(0.4551741, 0.1645365, 0.7287762)
(0.4529737, 0.1628751, 0.7307103)
(0.4520717, 0.1637634, 0.7311549)
(0.4491303, 0.1633824, 0.7334596)
(0.4473422, 0.1641092, 0.7339004)
(0.4448122, 0.1650478, 0.7338706)
(0.4417847, 0.1659063, 0.733526)
(0.43689, 0.1647508, 0.7350985)
(0.4324569, 0.1647832, 0.7334164)
(0.4302636, 0.1688335, 0.7305833)
(0.4284595, 0.172415, 0.7328706)
(0.4325814, 0.1810398, 0.7388939)
(0.4322395, 0.1936404, 0.7522162)
(0.4295576, 0.2039378, 0.755091)
(0.4276732, 0.210014, 0.7596928)
(0.4316027, 0.2153496, 0.7578112)
(0.4298335, 0.2213342, 0.7564143)
(0.4275144, 0.224735, 0.7608328)
(0.4287763, 0.2325782, 0.7611345)
(0.4302472, 0.2423656, 0.7591774)
(0.4326659, 0.2509126, 0.7604342)
(0.4360744, 0.2586208, 0.76201)
(0.4384636, 0.2654387, 0.7642298)
(0.443109, 0.2726377, 0.766129)
(0.4475963, 0.2807377, 0.7673322)
(0.4501483, 0.2882826, 0.7696251)
(0.4539918, 0.2974967, 0.7701138)
(0.4576856, 0.3079745, 0.769809)
(0.4586833, 0.3164369, 0.771602)
(0.4615253, 0.327805, 0.7708442)
(0.4636429, 0.3405036, 0.7702482)
(0.4649529, 0.3502353, 0.7710129)
(0.4476463, 0.3436301, 0.7939535)
(0.4475628, 0.3548831, 0.7942305)
(0.4450193, 0.3658109, 0.7933184)
(0.4413077, 0.376155, 0.7931222)
(0.4361479, 0.384956, 0.7913831)
(0.4330318, 0.3931118, 0.7893423)
(0.4283725, 0.399114, 0.7881641)
(0.4233755, 0.4057263, 0.7855276)
(0.417172, 0.4110388, 0.7829974)
(0.4117329, 0.4164279, 0.7805501)
(0.4052176, 0.4200699, 0.7774794)
(0.3976743, 0.4238571, 0.7748548)
(0.3903958, 0.4266381, 0.771716)
(0.3834972, 0.4286505, 0.7685269)
(0.3760037, 0.4313901, 0.7658398)
(0.3694758, 0.4314903, 0.7630799)
(0.3614724, 0.4311925, 0.7589663)
(0.354048, 0.4316274, 0.7562484)
(0.3459848, 0.4316705, 0.7536659)
(0.3374732, 0.4310728, 0.749945)
(0.3296223, 0.430425, 0.7476057)
(0.3204859, 0.4285, 0.7463703)
(0.3131063, 0.425815, 0.7442335)
(0.3062105, 0.4243979, 0.7421978)
(0.2989067, 0.4207661, 0.7423331)
(0.2922713, 0.4180797, 0.7409904)
(0.286487, 0.4163634, 0.7400053)
(0.2798053, 0.4151426, 0.7402551)
(0.2742937, 0.4139942, 0.738488)
(0.2700512, 0.4129897, 0.7362759)
(0.264531, 0.410701, 0.7353752)
(0.2609431, 0.408666, 0.7333429)
(0.2574847, 0.4065241, 0.7314112)
(0.2550932, 0.4031333, 0.730002)
(0.2519509, 0.3973292, 0.7301552)
(0.2507507, 0.3935299, 0.7300003)
(0.2502093, 0.3917604, 0.730147)
(0.2536247, 0.3972588, 0.7313591)
(0.2571633, 0.3964454, 0.7305571)
(0.2583441, 0.396962, 0.7305254)
(0.2586311, 0.3952814, 0.7296284)
(0.2576934, 0.3950749, 0.7292638)
(0.2555736, 0.3943863, 0.7289546)
(0.2531133, 0.3935944, 0.7287896)
(0.2531842, 0.3927912, 0.7298976)
(0.2544624, 0.394592, 0.7287736)
(0.255396, 0.3948835, 0.7293746)
(0.256479, 0.3942029, 0.7302861)
(0.2575923, 0.3939394, 0.7312585)
(0.2575101, 0.3932385, 0.7316291)
(0.2580135, 0.3924947, 0.7320964)
(0.2583746, 0.392446, 0.7325097)
(0.2579058, 0.3923575, 0.732571)
(0.2570543, 0.3917358, 0.7317995)
(0.2565074, 0.3917301, 0.7307509)
(0.2564406, 0.3919717, 0.7299597)
(0.2570043, 0.3920096, 0.7289891)
(0.2572969, 0.3923356, 0.7287984)
(0.257251, 0.3922274, 0.7292892)
(0.2575219, 0.3920956, 0.7296069)
(0.2576926, 0.3919468, 0.7304246)
(0.2574273, 0.3918353, 0.730981)
(0.2573816, 0.3915653, 0.7310008)
(0.2568029, 0.3916198, 0.7312446)
(0.2565639, 0.3917507, 0.7313193)
(0.2564642, 0.391705, 0.7312288)
(0.2560731, 0.3916717, 0.7313751)
(0.2557095, 0.3917816, 0.7313846)
(0.2556328, 0.3916191, 0.7312391)
(0.2553891, 0.391691, 0.7314441)
(0.2554752, 0.3918938, 0.7316278)
(0.2557037, 0.3918805, 0.7316918)
(0.2557909, 0.3920234, 0.7320201)
(0.2559438, 0.3922896, 0.7321696)
(0.2560422, 0.3922948, 0.7321522)
(0.255661, 0.3922324, 0.7323661)
(0.255518, 0.3922848, 0.7324659)
(0.2556523, 0.3922075, 0.7324424)
(0.2555751, 0.3922253, 0.7328475)
(0.2555982, 0.3923528, 0.7331197)
(0.2555857, 0.3924305, 0.7332833)
(0.2553462, 0.3926072, 0.7333925)
