(0.1918416, -0.1005189, -0.635484)
(0.1917837, -0.1001942, -0.6348414)
(0.1916041, -0.09956741, -0.6341424)
(0.1914673, -0.09852815, -0.6332812)
(0.1914499, -0.09696364, -0.6322916)
(0.1914244, -0.0951786, -0.6310191)
(0.1914244, -0.09240413, -0.6287999)
(0.1918764, -0.08962798, -0.6265632)
(0.1929221, -0.08468509, -0.622986)
(0.1940124, -0.07685709, -0.6168361)
(0.1943645, -0.06971145, -0.6126423)
(0.1950705, -0.05987048, -0.608988)
(0.1950307, -0.04717207, -0.6062627)
(0.1948864, -0.03274298, -0.6037908)
(0.1951981, -0.01935101, -0.6019406)
(0.1945131, -0.002304554, -0.5993142)
(0.1943114, 0.01518869, -0.5949188)
(0.194114, 0.03145123, -0.5914774)
(0.1923172, 0.0516634, -0.5867529)
(0.1919069, 0.06918645, -0.5813146)
(0.1907492, 0.08717799, -0.5761561)
(0.1899807, 0.1045735, -0.5706756)
(0.1906133, 0.1213021, -0.5627354)
(0.1901252, 0.1377037, -0.555807)
(0.1905277, 0.1522439, -0.548275)
(0.1908164, 0.1665188, -0.5408279)
(0.1908827, 0.1796409, -0.5317541)
(0.1919706, 0.1912117, -0.5223484)
(0.1923552, 0.1996882, -0.5140357)
(0.1924214, 0.2079617, -0.5042803)
(0.1929889, 0.2146958, -0.4952927)
(0.1928506, 0.2177953, -0.4860935)
(0.1923265, 0.2211789, -0.4758316)
(0.1921699, 0.2210324, -0.4661009)
(0.1915369, 0.2190843, -0.4565727)
(0.1906209, 0.2193463, -0.4464191)
(0.189692, 0.2142417, -0.4356725)
(0.1888819, 0.2076336, -0.4256189)
(0.1871119, 0.2008035, -0.415063)
(0.1859512, 0.1913372, -0.4052625)
(0.185483, 0.180815, -0.3958623)
(0.1838853, 0.1709046, -0.3860703)
(0.183203, 0.1574048, -0.3772353)
(0.183748, 0.1434009, -0.3683903)
(0.1823525, 0.129477, -0.3585136)
(0.1830039, 0.1106956, -0.3485618)
(0.1842513, 0.09511995, -0.3396751)
(0.1853092, 0.07724285, -0.3309984)
(0.1870589, 0.05937624, -0.3230062)
(0.188853, 0.04180455, -0.3163861)
(0.1910942, 0.02525139, -0.3109528)
(0.1932926, 0.01001096, -0.3083873)
(0.195507, -0.003216267, -0.307421)
(0.2000537, -0.01523066, -0.3066366)
(0.2033169, -0.02591276, -0.3050154)
(0.2075319, -0.03663707, -0.3037605)
(0.2154448, -0.04404426, -0.3099947)
(0.2167168, -0.05441022, -0.3133377)
(0.2207782, -0.05908203, -0.3255048)
(0.2204802, -0.06721544, -0.3325139)
(0.2030642, -0.08992434, -0.3325247)
(0.2032108, -0.09392047, -0.3438077)
(0.1987209, -0.09520435, -0.3438413)
(0.1935561, -0.09895873, -0.3371599)
(0.1958122, -0.1007509, -0.3336422)
(0.199322, -0.1010282, -0.3336824)
(0.2023699, -0.09883261, -0.3318774)
(0.2051554, -0.09678221, -0.3332608)
(0.2070942, -0.0960989, -0.3325315)
(0.2073631, -0.09838653, -0.332366)
(0.2064142, -0.1000149, -0.335088)
(0.2051418, -0.1024425, -0.337491)
(0.2033141, -0.1040134, -0.3384054)
(0.2022223, -0.103539, -0.3387284)
(0.2025337, -0.1032164, -0.3388423)
(0.202425, -0.1035516, -0.3388331)
(0.201973, -0.1026309, -0.3380742)
(0.201884, -0.1027482, -0.3386906)
(0.2014611, -0.1032434, -0.339394)
(0.2009912, -0.1028032, -0.3397639)
(0.2010682, -0.1027641, -0.3408287)
(0.2008719, -0.1028979, -0.3415518)
(0.2010825, -0.1029584, -0.3421036)
(0.2006228, -0.102771, -0.3425391)
(0.2004542, -0.102922, -0.3433204)
(0.1999297, -0.1025836, -0.3434856)
(0.1996217, -0.1025429, -0.3440533)
(0.1991754, -0.1025906, -0.3443006)
(0.1990023, -0.1025465, -0.3443766)
(0.1988797, -0.1025162, -0.3438745)
(0.1988266, -0.1026995, -0.343272)
(0.198525, -0.1028924, -0.3431487)
(0.1984568, -0.1030571, -0.3430463)
(0.1984403, -0.1030469, -0.343569)
(0.1985297, -0.1028135, -0.3441428)
(0.1984911, -0.1026804, -0.3441532)
(0.1984713, -0.102746, -0.3438811)
(0.1985304, -0.1027477, -0.3438568)
(0.1987665, -0.1026516, -0.343749)
(0.1987801, -0.1027238, -0.3434191)
(0.1988835, -0.1026552, -0.3431525)
(0.1989849, -0.1026726, -0.3426042)
(0.1990156, -0.1028161, -0.3419811)
(0.1991408, -0.1029189, -0.3415289)
(0.1992075, -0.1028211, -0.3411168)
(0.1993423, -0.1026449, -0.340842)
(0.1994963, -0.1025403, -0.3405166)
(0.1996884, -0.1025465, -0.3401842)
(0.1998296, -0.102442, -0.3399293)
(0.2000568, -0.1022511, -0.3394008)
(0.1999769, -0.1020024, -0.3389993)
(0.1999915, -0.1017466, -0.3384709)
(0.2003345, -0.1015854, -0.3380173)
(0.2002993, -0.1012063, -0.337371)
(0.20029, -0.1007872, -0.3367889)
(0.2004249, -0.1001687, -0.3361419)
(0.2002933, -0.09956503, -0.3355148)
(0.1999564, -0.09889269, -0.3347876)
(0.1997547, -0.09807062, -0.3340507)
(0.1996531, -0.0972867, -0.3332903)
(0.1993659, -0.09593868, -0.3319554)
(0.1991434, -0.09430122, -0.3303173)
(0.1990304, -0.09316993, -0.3290861)
(0.1988163, -0.09076786, -0.3268955)
(0.1986873, -0.08772182, -0.324199)
(0.1987362, -0.08449531, -0.3215454)
(0.1993046, -0.07962394, -0.3178203)
(0.2003138, -0.07341409, -0.3132087)
(0.2017813, -0.06669402, -0.3087107)
(0.2038898, -0.05553007, -0.3002373)
(0.2058117, -0.04030514, -0.2859451)
(0.2080209, -0.02821851, -0.2728827)
(0.2099328, -0.01545691, -0.2559316)
(0.2104797, -0.003797531, -0.2424855)
(0.2120991, 0.007780552, -0.2309852)
(0.2107995, 0.02332973, -0.2201653)
(0.2078769, 0.04238534, -0.2101834)
(0.2073255, 0.05682111, -0.1997198)
(0.2052956, 0.07787061, -0.1900585)
(0.2064886, 0.09799314, -0.1792938)
(0.2060487, 0.1139016, -0.1685917)
(0.2068868, 0.1300261, -0.1586525)
(0.2103801, 0.1484516, -0.1483765)
(0.2101755, 0.1615095, -0.139975)
(0.2027078, 0.1680378, -0.1258991)
(0.2032168, 0.1786275, -0.116388)
(0.2006404, 0.1900964, -0.1063507)
(0.199486, 0.19854, -0.0977267)
(0.1989124, 0.2042021, -0.08917713)
(0.1961007, 0.2103882, -0.08011138)
(0.1953087, 0.2131561, -0.07273912)
(0.1933661, 0.2172921, -0.0634377)
(0.1920021, 0.2159585, -0.05604005)
(0.1914635, 0.2135693, -0.04938054)
(0.1894057, 0.2104329, -0.04131472)
(0.1885126, 0.2041954, -0.0340904)
(0.1883383, 0.1985612, -0.02664232)
(0.1874852, 0.1879494, -0.01952994)
(0.1872411, 0.1786602, -0.0126363)
(0.187989, 0.1667691, -0.006636739)
(0.1878934, 0.1532187, -0.0007266998)
(0.1874352, 0.1408963, 0.005580068)
(0.1873803, 0.1262593, 0.01033592)
(0.1869633, 0.1112947, 0.01459467)
(0.1866865, 0.09681058, 0.01900876)
(0.186168, 0.0807929, 0.02389038)
(0.1861708, 0.06654763, 0.02878261)
(0.1868784, 0.05260682, 0.03310275)
(0.1873419, 0.04013252, 0.03685546)
(0.1879978, 0.02849245, 0.03939295)
(0.1900964, 0.01593709, 0.04082215)
(0.1914556, 0.006154299, 0.04169059)
(0.1929336, -0.002857447, 0.04114926)
(0.1959305, -0.01296043, 0.03935051)
(0.1970873, -0.02059293, 0.03707039)
(0.1981747, -0.02715254, 0.03534698)
(0.2012744, -0.03479171, 0.03254044)
(0.2029276, -0.04079747, 0.02944422)
(0.2039447, -0.04646969, 0.02490425)
(0.2060175, -0.05239916, 0.01801884)
(0.2052739, -0.05533862, 0.008517027)
(0.2041237, -0.05761743, 0.0002906322)
(0.2041223, -0.06188393, -0.006121635)
(0.2032859, -0.06683087, -0.009124875)
(0.2027056, -0.07097268, -0.007679224)
(0.2025428, -0.07430172, -0.00891161)
(0.2031407, -0.07551694, -0.01013565)
(0.2032514, -0.0755856, -0.01320839)
(0.2042365, -0.07582974, -0.01595712)
(0.2045789, -0.07669067, -0.0173831)
(0.2044172, -0.07680106, -0.01886594)
(0.2041419, -0.0775373, -0.01960909)
(0.2036591, -0.07800484, -0.02042925)
(0.2030122, -0.07809901, -0.02238202)
(0.2031753, -0.07855511, -0.02372527)
(0.2037718, -0.07875156, -0.0249064)
(0.2046361, -0.07865167, -0.02615654)
(0.2048802, -0.07868743, -0.02651024)
(0.1944103, -0.09037209, -0.01803184)
(0.1949821, -0.09071851, -0.01833475)
(0.194953, -0.09088922, -0.01846433)
(0.1938593, -0.092067, -0.01830614)
(0.1932163, -0.09165597, -0.01825094)
(0.1929321, -0.09178829, -0.01857948)
(0.1924231, -0.09218836, -0.01848257)
(0.192899, -0.0922513, -0.01820529)
(0.1927404, -0.09213805, -0.01803553)
(0.1928897, -0.09215403, -0.01777518)
(0.1932557, -0.09200835, -0.01747024)
(0.1932621, -0.09175348, -0.01713967)
(0.1932437, -0.09171486, -0.01700008)
(0.1932361, -0.09159112, -0.01696622)
(0.1931663, -0.09140086, -0.0167985)
(0.1930437, -0.09144187, -0.01660299)
(0.1931829, -0.09132075, -0.01646101)
(0.1932049, -0.09120846, -0.01632261)
(0.1931725, -0.09120154, -0.01620996)
(0.1931953, -0.09114623, -0.01627684)
(0.1931493, -0.09106016, -0.01624107)
(0.1932058, -0.09105015, -0.01632905)
(0.1934118, -0.09100056, -0.01632726)
(0.1935368, -0.09108782, -0.01643991)
(0.1935401, -0.09109306, -0.01648283)
(0.1936026, -0.09099793, -0.01663411)
(0.1936624, -0.09085011, -0.01668644)
(0.1936851, -0.09080005, -0.01678228)
####
(0.1471088, 1.998167, 2.582335)
(0.1410955, 1.99877, 2.591243)
(0.1336221, 1.999679, 2.601842)
(0.1250896, 2.002681, 2.614795)
(0.1153915, 2.00725, 2.630605)
(0.1056422, 2.011694, 2.646486)
(0.09112915, 2.019875, 2.67033)
(0.07789005, 2.026678, 2.690556)
(0.0620564, 2.031132, 2.713997)
(0.0521004, 2.021952, 2.742766)
(0.05815136, 2.001499, 2.7751)
(0.05436777, 1.974392, 2.811679)
(0.04177625, 1.952777, 2.854248)
(0.02938264, 1.95231, 2.888088)
(0.02182175, 1.949891, 2.927205)
(0.01422096, 1.947012, 2.95715)
(6.272869, 1.959638, 2.983814)
(6.254024, 1.969049, 3.018421)
(6.232778, 1.991173, 3.049629)
(6.211377, 2.002325, 3.077344)
(6.185893, 2.01338, 3.097356)
(6.165552, 2.019062, 3.119588)
(6.158678, 2.018557, 3.140395)
(6.148347, 2.017792, 3.159404)
(6.144367, 2.012569, 3.174225)
(6.139327, 2.007343, 3.18874)
(6.139717, 1.995444, 3.198047)
(6.146902, 1.981665, 3.209077)
(6.159925, 1.968285, 3.211649)
(6.172481, 1.955399, 3.212521)
(6.182539, 1.946536, 3.214616)
(6.192601, 1.941861, 3.209573)
(6.202573, 1.93992, 3.200155)
(6.213819, 1.939843, 3.186865)
(6.224682, 1.942497, 3.169861)
(6.234843, 1.945952, 3.154005)
(6.244956, 1.957052, 3.130544)
(6.253726, 1.970753, 3.106017)
(6.263041, 1.983691, 3.080292)
(6.270793, 1.996588, 3.053931)
(6.279176, 2.00888, 3.027917)
(0.005267973, 2.020923, 3.002494)
(0.01543638, 2.036585, 2.974502)
(0.02378578, 2.05314, 2.947046)
(0.03418546, 2.065052, 2.920625)
(0.04376693, 2.074747, 2.8905)
(0.05433945, 2.085571, 2.862095)
(0.0683513, 2.090063, 2.834088)
(0.08124327, 2.097235, 2.806384)
(0.09494796, 2.096425, 2.775205)
(0.1133565, 2.07569, 2.745991)
(0.1266427, 2.034523, 2.715236)
(0.1238522, 2.021399, 2.685095)
(0.1162607, 2.037875, 2.661401)
(0.1069796, 2.039757, 2.647805)
(0.1145963, 1.979512, 2.631205)
(0.1377631, 1.884389, 2.621112)
(0.1524541, 1.837393, 2.61175)
(0.1451993, 1.884084, 2.616453)
(0.1419875, 1.905942, 2.618854)
(0.1397225, 1.913196, 2.626072)
(0.1590047, 1.870664, 2.625891)
(0.1669746, 2.018289, 2.60627)
(0.1412374, 2.052093, 2.612213)
(0.1769916, 1.950164, 2.607378)
(0.1788272, 1.867424, 2.572648)
(0.1704015, 1.905792, 2.597365)
(0.1837148, 1.896423, 2.603309)
(0.1959554, 1.875196, 2.606906)
(0.2008869, 1.858762, 2.599147)
(0.2105909, 1.858942, 2.591538)
(0.2162042, 1.887286, 2.585772)
(0.2143971, 1.911066, 2.583147)
(0.2109053, 1.908076, 2.573911)
(0.2118621, 1.898844, 2.571422)
(0.2129619, 1.891663, 2.568197)
(0.2109297, 1.882532, 2.564738)
(0.2105969, 1.882836, 2.56067)
(0.2108234, 1.890235, 2.555879)
(0.2112132, 1.894666, 2.551029)
(0.2120087, 1.898929, 2.544911)
(0.2125483, 1.903721, 2.5402)
(0.213526, 1.904295, 2.53523)
(0.2138615, 1.906115, 2.531031)
(0.2155775, 1.910849, 2.527248)
(0.2150887, 1.919865, 2.526397)
(0.2140834, 1.929335, 2.525342)
(0.2126789, 1.939238, 2.526469)
(0.2122693, 1.944567, 2.525968)
(0.2126033, 1.946581, 2.526574)
(0.2158087, 1.942788, 2.526299)
(0.2200655, 1.941639, 2.525849)
(0.2217198, 1.946825, 2.526321)
(0.2201677, 1.951911, 2.527838)
(0.2190929, 1.952465, 2.528069)
(0.2195892, 1.957916, 2.529129)
(0.2202517, 1.963185, 2.532623)
(0.2212729, 1.965234, 2.53473)
(0.221478, 1.96842, 2.538361)
(0.2210239, 1.969254, 2.543197)
(0.2208458, 1.965896, 2.546715)
(0.2189856, 1.96349, 2.552175)
(0.2182899, 1.961903, 2.558096)
(0.217933, 1.956214, 2.563722)
(0.2164206, 1.953147, 2.568477)
(0.2134332, 1.951744, 2.573954)
(0.2114301, 1.951293, 2.579884)
(0.2103356, 1.951505, 2.585748)
(0.2093813, 1.950319, 2.591637)
(0.205446, 1.953686, 2.598567)
(0.2019081, 1.957684, 2.606126)
(0.1970788, 1.962502, 2.614555)
(0.1958524, 1.959821, 2.620614)
(0.1935731, 1.960438, 2.627729)
(0.1892088, 1.961694, 2.635623)
(0.1839799, 1.962038, 2.643064)
(0.1785041, 1.963153, 2.650751)
(0.1713637, 1.96679, 2.660126)
(0.1628146, 1.973305, 2.67141)
(0.1553973, 1.978899, 2.682992)
(0.1442195, 1.983386, 2.698741)
(0.1321899, 1.983574, 2.716384)
(0.1226395, 1.9866, 2.731125)
(0.1077602, 1.994123, 2.754648)
(0.09303657, 2.001389, 2.77782)
(0.07841279, 2.006242, 2.80029)
(0.05930749, 2.011372, 2.827252)
(0.0449471, 2.020778, 2.855789)
(0.03146998, 2.025226, 2.885175)
(0.009233024, 2.048438, 2.919819)
(6.256914, 2.065808, 2.960351)
(6.236495, 2.053102, 2.994997)
(6.219168, 2.026006, 3.037081)
(6.220365, 2.007103, 3.074247)
(6.253826, 1.975265, 3.109281)
(6.261529, 1.965802, 3.136046)
(6.217479, 1.982477, 3.153239)
(6.195515, 1.988553, 3.182173)
(6.150515, 2.024838, 3.207951)
(6.102927, 2.06842, 3.203406)
(6.069499, 2.085953, 3.220615)
(6.097388, 2.034625, 3.256196)
(6.10303, 2.018788, 3.273011)
(6.115027, 2.001226, 3.287201)
(6.113566, 1.992444, 3.300979)
(6.124593, 1.979963, 3.311672)
(6.130408, 1.970131, 3.319175)
(6.136471, 1.966716, 3.318474)
(6.138799, 1.967204, 3.317002)
(6.138022, 1.971248, 3.314027)
(6.138679, 1.973513, 3.307143)
(6.140618, 1.973371, 3.301092)
(6.144394, 1.976955, 3.287803)
(6.14563, 1.984591, 3.272789)
(6.143495, 1.994923, 3.256948)
(6.141688, 2.003661, 3.239244)
(6.14402, 2.009499, 3.22139)
(6.153497, 2.012231, 3.199284)
(6.16249, 2.015469, 3.178749)
(6.177829, 2.015312, 3.152977)
(6.193102, 2.013235, 3.12489)
(6.208576, 2.009184, 3.098397)
(6.228913, 1.996815, 3.072623)
(6.251597, 1.990156, 3.045389)
(6.268302, 1.994068, 3.013673)
(6.274467, 2.011907, 2.973925)
(6.270521, 2.028682, 2.9423)
(6.277268, 2.031492, 2.914785)
(0.005878371, 2.024967, 2.891199)
(0.01887312, 2.02343, 2.869119)
(0.02518498, 2.029431, 2.846668)
(0.0265075, 2.028562, 2.828541)
(0.03615747, 2.005858, 2.811634)
(0.04715779, 1.989499, 2.795075)
(0.06026091, 1.973417, 2.777427)
(0.063699, 1.953135, 2.762297)
(0.0687905, 1.928286, 2.750005)
(0.07809552, 1.898264, 2.744457)
(0.08682965, 1.885629, 2.73788)
(0.09782955, 1.870706, 2.737632)
(0.1023319, 1.854646, 2.734575)
(0.08187369, 1.937358, 2.722454)
(0.08349318, 1.957111, 2.714195)
(0.09586297, 1.99089, 2.702648)
(0.1236071, 1.973605, 2.69599)
(0.1362171, 1.942531, 2.681876)
(0.1504843, 1.90945, 2.659681)
(0.1480075, 1.931164, 2.65135)
(0.148557, 1.956929, 2.644432)
(0.1572857, 1.965522, 2.633527)
(0.1588179, 1.956971, 2.624162)
(0.1619878, 1.945222, 2.612919)
(0.1664244, 1.94165, 2.60374)
(0.1677811, 1.952627, 2.5971)
(0.1694444, 1.963628, 2.590459)
(0.172275, 1.96905, 2.587029)
(0.175402, 1.970638, 2.582453)
(0.1782736, 1.969013, 2.579736)
(0.1816647, 1.961205, 2.577327)
(0.1854626, 1.953387, 2.575008)
(0.1878917, 1.949838, 2.572485)
(0.1884927, 1.954116, 2.571117)
(0.187783, 1.961052, 2.571425)
(0.1881461, 1.966375, 2.570757)
(0.1867665, 1.970297, 2.571174)
(0.187527, 1.970821, 2.571885)
(0.1885913, 1.971187, 2.572098)
(0.1890483, 1.969968, 2.573776)
(0.1894254, 1.964522, 2.575484)
(0.1895624, 1.961397, 2.576652)
(0.1894899, 1.960713, 2.577922)
(0.1884726, 1.963559, 2.580537)
(0.1880037, 1.964095, 2.582036)
(0.1876811, 1.963706, 2.58296)
(0.1870854, 1.962893, 2.584426)
(0.1866407, 1.962246, 2.585519)
(0.1864138, 1.961747, 2.586523)
(0.1864115, 1.962632, 2.587594)
(0.1862067, 1.963192, 2.588015)
(0.1862896, 1.9648, 2.588047)
(0.1865401, 1.96528, 2.588122)
(0.1867767, 1.965924, 2.587596)
(0.186956, 1.96654, 2.587137)
(0.18679, 1.967615, 2.587188)
(0.1865271, 1.968665, 2.586863)
(0.1860817, 1.970119, 2.5865)
####
(0.1918416, 0.07807811, -0.635484)
(0.1917837, 0.07840283, -0.6348414)
(0.1916041, 0.07902963, -0.6341424)
(0.1914673, 0.0800689, -0.6332812)
(0.1914499, 0.0816334, -0.6322916)
(0.1914244, 0.08341844, -0.6310191)
(0.1914244, 0.08619292, -0.6287999)
(0.1918764, 0.08896907, -0.6265632)
(0.1929221, 0.09391196, -0.622986)
(0.1940124, 0.10174, -0.6168361)
(0.1943645, 0.1088856, -0.6126423)
(0.1950705, 0.1187266, -0.608988)
(0.1950307, 0.131425, -0.6062627)
(0.1948864, 0.1458541, -0.6037908)
(0.1951981, 0.159246, -0.6019406)
(0.1945131, 0.1762925, -0.5993142)
(0.1943114, 0.1937857, -0.5949188)
(0.194114, 0.2100483, -0.5914774)
(0.1923172, 0.2302604, -0.5867529)
(0.1919069, 0.2477835, -0.5813146)
(0.1907492, 0.265775, -0.5761561)
(0.1899807, 0.2831705, -0.5706756)
(0.1906133, 0.2998992, -0.5627354)
(0.1901252, 0.3163007, -0.555807)
(0.1905277, 0.3308409, -0.548275)
(0.1908164, 0.3451158, -0.5408279)
(0.1908827, 0.3582379, -0.5317541)
(0.1919706, 0.3698087, -0.5223484)
(0.1923552, 0.3782852, -0.5140357)
(0.1924214, 0.3865587, -0.5042803)
(0.1929889, 0.3932928, -0.4952927)
(0.1928506, 0.3963923, -0.4860935)
(0.1923265, 0.3997759, -0.4758316)
(0.1921699, 0.3996294, -0.4661009)
(0.1915369, 0.3976813, -0.4565727)
(0.1906209, 0.3979433, -0.4464191)
(0.189692, 0.3928388, -0.4356725)
(0.1888819, 0.3862306, -0.4256189)
(0.1871119, 0.3851037, -0.415063)
(0.1859512, 0.3836136, -0.4052625)
(0.185483, 0.3819908, -0.3958623)
(0.1838853, 0.3804435, -0.3860703)
(0.183203, 0.3784953, -0.3772353)
(0.183748, 0.3764993, -0.3683903)
(0.1823525, 0.3745106, -0.3585136)
(0.1830039, 0.3722017, -0.3485618)
(0.1842513, 0.3700609, -0.3396751)
(0.1853092, 0.3678055, -0.3309984)
(0.1870589, 0.3655505, -0.3230062)
(0.188853, 0.3633004, -0.3163861)
(0.1910942, 0.361062, -0.3109528)
(0.1932926, 0.3588418, -0.3083873)
(0.195507, 0.3566764, -0.307421)
(0.2000537, 0.3545634, -0.3066366)
(0.2033169, 0.3525233, -0.3050154)
(0.2075319, 0.3504811, -0.3037605)
(0.2154448, 0.3487059, -0.3099947)
(0.2167168, 0.3467494, -0.3133377)
(0.2207782, 0.3453215, -0.3255048)
(0.2204802, 0.3434585, -0.3325139)
(0.2030642, 0.3207496, -0.3325247)
(0.2032108, 0.3167535, -0.3438077)
(0.1987209, 0.3154696, -0.3438413)
(0.1935561, 0.3117152, -0.3371599)
(0.1958122, 0.309923, -0.3336422)
(0.199322, 0.3096457, -0.3336824)
(0.2023699, 0.3118413, -0.3318774)
(0.2051554, 0.3138917, -0.3332608)
(0.2070942, 0.314575, -0.3325315)
(0.2073631, 0.3122874, -0.332366)
(0.2064142, 0.310659, -0.335088)
(0.2051418, 0.3082314, -0.337491)
(0.2033141, 0.3066605, -0.3384054)
(0.2022223, 0.307135, -0.3387284)
(0.2025337, 0.3074575, -0.3388423)
(0.202425, 0.3071223, -0.3388331)
(0.201973, 0.3080431, -0.3380742)
(0.201884, 0.3079258, -0.3386906)
(0.2014611, 0.3074306, -0.339394)
(0.2009912, 0.3078707, -0.3397639)
(0.2010682, 0.3079098, -0.3408287)
(0.2008719, 0.3077761, -0.3415518)
(0.2010825, 0.3077155, -0.3421036)
(0.2006228, 0.3079029, -0.3425391)
(0.2004542, 0.307752, -0.3433204)
(0.1999297, 0.3080903, -0.3434856)
(0.1996217, 0.3081311, -0.3440533)
(0.1991754, 0.3080834, -0.3443006)
(0.1990023, 0.3081275, -0.3443766)
(0.1988797, 0.3081578, -0.3438745)
(0.1988266, 0.3079744, -0.343272)
(0.198525, 0.3077815, -0.3431487)
(0.1984568, 0.3076168, -0.3430463)
(0.1984403, 0.3076271, -0.343569)
(0.1985297, 0.3078605, -0.3441428)
(0.1984911, 0.3079935, -0.3441532)
(0.1984713, 0.3079279, -0.3438811)
(0.1985304, 0.3079263, -0.3438568)
(0.1987665, 0.3080224, -0.343749)
(0.1987801, 0.3079501, -0.3434191)
(0.1988835, 0.3080188, -0.3431525)
(0.1989849, 0.3080014, -0.3426042)
(0.1990156, 0.3078578, -0.3419811)
(0.1991408, 0.3077551, -0.3415289)
(0.1992075, 0.3078528, -0.3411168)
(0.1993423, 0.308029, -0.340842)
(0.1994963, 0.3081337, -0.3405166)
(0.1996884, 0.3081275, -0.3401842)
(0.1998296, 0.3082319, -0.3399293)
(0.2000568, 0.3084229, -0.3394008)
(0.1999769, 0.3086716, -0.3389993)
(0.1999915, 0.3089274, -0.3384709)
(0.2003345, 0.3090886, -0.3380173)
(0.2002993, 0.3094676, -0.337371)
(0.20029, 0.3098868, -0.3367889)
(0.2004249, 0.3105052, -0.3361419)
(0.2002933, 0.3111089, -0.3355148)
(0.1999564, 0.3117813, -0.3347876)
(0.1997547, 0.3126033, -0.3340507)
(0.1996531, 0.3133872, -0.3332903)
(0.1993659, 0.3147353, -0.3319554)
(0.1991434, 0.3163727, -0.3303173)
(0.1990304, 0.317504, -0.3290861)
(0.1988163, 0.3199061, -0.3268955)
(0.1986873, 0.3229521, -0.324199)
(0.1987362, 0.3261786, -0.3215454)
(0.1993046, 0.33105, -0.3178203)
(0.2003138, 0.3372599, -0.3132087)
(0.2017813, 0.3439799, -0.3087107)
(0.2038898, 0.3623272, -0.3002373)
(0.2058117, 0.3850417, -0.2859451)
(0.2080209, 0.404903, -0.2728827)
(0.2099328, 0.4256999, -0.2559316)
(0.2104797, 0.4456275, -0.2424855)
(0.2120991, 0.4656761, -0.2309852)
(0.2107995, 0.489865, -0.2201653)
(0.2078769, 0.5176942, -0.2101834)
(0.2073255, 0.5410006, -0.1997198)
(0.2052956, 0.5709794, -0.1900585)
(0.2064886, 0.6000507, -0.1792938)
(0.2060487, 0.6248885, -0.1685917)
(0.2068868, 0.6498835, -0.1586525)
(0.2103801, 0.6770825, -0.1483765)
(0.2101755, 0.6987801, -0.139975)
(0.2027078, 0.7137787, -0.1258991)
(0.2032168, 0.7326365, -0.116388)
(0.2006404, 0.7521405, -0.1063507)
(0.199486, 0.7683586, -0.0977267)
(0.1989124, 0.7815101, -0.08917713)
(0.1961007, 0.7948793, -0.08011138)
(0.1953087, 0.8045063, -0.07273912)
(0.1933661, 0.8151632, -0.0634377)
(0.1920021, 0.8200019, -0.05604005)
(0.1914635, 0.8234293, -0.04938054)
(0.1894057, 0.826448, -0.04131472)
(0.1885126, 0.8265977, -0.0340904)
(0.1883383, 0.8267703, -0.02664232)
(0.1874852, 0.8224148, -0.01952994)
(0.1872411, 0.8186515, -0.0126363)
(0.187989, 0.8122053, -0.006636739)
(0.1878934, 0.803834, -0.0007266998)
(0.1874352, 0.7960399, 0.005580068)
(0.1873803, 0.7857273, 0.01033592)
(0.1869633, 0.7746497, 0.01459467)
(0.1866865, 0.7612953, 0.01900876)
(0.186168, 0.7465377, 0.02389038)
(0.1861708, 0.7334011, 0.02878261)
(0.1868784, 0.720543, 0.03310275)
(0.1873419, 0.7090273, 0.03685546)
(0.1879978, 0.6982759, 0.03939295)
(0.1900964, 0.6866867, 0.04082215)
(0.1914556, 0.6776368, 0.04169059)
(0.1929336, 0.6692947, 0.04114926)
(0.1959305, 0.659952, 0.03935051)
(0.1970873, 0.6528758, 0.03707039)
(0.1981747, 0.646787, 0.03534698)
(0.2012744, 0.6397055, 0.03254044)
(0.2029276, 0.6341257, 0.02944422)
(0.2039447, 0.6288533, 0.02490425)
(0.2060175, 0.623344, 0.01801884)
(0.2052739, 0.6205985, 0.008517027)
(0.2041237, 0.6184676, 0.0002906322)
(0.2041223, 0.6144931, -0.006121635)
(0.2032859, 0.6098918, -0.009124875)
(0.2027056, 0.6060311, -0.007679224)
(0.2025428, 0.6029204, -0.00891161)
(0.2031407, 0.6017776, -0.01013565)
(0.2032514, 0.6017089, -0.01320839)
(0.2042365, 0.6014647, -0.01595712)
(0.2045789, 0.6006038, -0.0173831)
(0.2044172, 0.6004934, -0.01886594)
(0.2041419, 0.5997572, -0.01960909)
(0.2036591, 0.5992897, -0.02042925)
(0.2030122, 0.5991955, -0.02238202)
(0.2031753, 0.5987394, -0.02372527)
(0.2037718, 0.5985429, -0.0249064)
(0.2046361, 0.5986428, -0.02615654)
(0.2048802, 0.58, -0.02651024)
(0.1944103, 0.5683153, -0.01803184)
(0.1949821, 0.5679689, -0.01833475)
(0.194953, 0.5677982, -0.01846433)
(0.1938593, 0.5666204, -0.01830614)
(0.1932163, 0.5670314, -0.01825094)
(0.1929321, 0.5668991, -0.01857948)
(0.1924231, 0.5664991, -0.01848257)
(0.192899, 0.5664361, -0.01820529)
(0.1927404, 0.5665494, -0.01803553)
(0.1928897, 0.5665334, -0.01777518)
(0.1932557, 0.5666791, -0.01747024)
(0.1932621, 0.5669339, -0.01713967)
(0.1932437, 0.5669726, -0.01700008)
(0.1932361, 0.5670963, -0.01696622)
(0.1931663, 0.5672866, -0.0167985)
(0.1930437, 0.5672455, -0.01660299)
(0.1931829, 0.5673667, -0.01646101)
(0.1932049, 0.567479, -0.01632261)
(0.1931725, 0.5674859, -0.01620996)
(0.1931953, 0.5675412, -0.01627684)
(0.1931493, 0.5676273, -0.01624107)
(0.1932058, 0.5676373, -0.01632905)
(0.1934118, 0.5676869, -0.01632726)
(0.1935368, 0.5675996, -0.01643991)
(0.1935401, 0.5675943, -0.01648283)
(0.1936026, 0.5676895, -0.01663411)
(0.1936624, 0.5678373, -0.01668644)
(0.1936851, 0.5678874, -0.01678228)
####
-0.178597
-0.178597
-0.178597
-0.178597
-0.178597
-0.178597
-0.178597
-0.178597
-0.178597
-0.178597
-0.178597
-0.178597
-0.178597
-0.178597
-0.178597
-0.178597
-0.178597
-0.178597
-0.178597
-0.178597
-0.178597
-0.178597
-0.178597
-0.178597
-0.178597
-0.178597
-0.178597
-0.178597
-0.178597
-0.178597
-0.178597
-0.178597
-0.178597
-0.178597
-0.178597
-0.178597
-0.178597
-0.178597
-0.178597
-0.178597
-0.178597
-0.178597
-0.178597
-0.178597
-0.178597
-0.178597
-0.178597
-0.178597
-0.178597
-0.178597
-0.178597
-0.178597
-0.178597
-0.178597
-0.178597
-0.178597
-0.178597
-0.178597
-0.178597
-0.178597
-0.178597
-0.178597
-0.178597
-0.178597
-0.178597
-0.178597
-0.178597
-0.178597
-0.178597
-0.178597
-0.178597
-0.178597
-0.178597
-0.178597
-0.178597
-0.178597
-0.178597
-0.178597
-0.178597
-0.178597
-0.178597
-0.178597
-0.178597
-0.178597
-0.178597
-0.178597
-0.178597
-0.178597
-0.178597
-0.178597
-0.178597
-0.178597
-0.178597
-0.178597
-0.178597
-0.178597
-0.178597
-0.178597
-0.178597
-0.178597
-0.178597
-0.178597
-0.178597
-0.178597
-0.178597
-0.178597
-0.178597
-0.178597
-0.178597
-0.178597
-0.178597
-0.178597
-0.178597
-0.178597
-0.178597
-0.178597
-0.178597
-0.178597
-0.178597
-0.178597
-0.178597
-0.178597
-0.178597
-0.178597
-0.178597
-0.178597
-0.178597
-0.178597
-0.178597
-0.178597
-0.178597
-0.178597
-0.178597
-0.178597
-0.178597
-0.178597
-0.178597
-0.178597
-0.178597
-0.178597
-0.178597
-0.178597
-0.178597
-0.178597
-0.178597
-0.178597
-0.178597
-0.178597
-0.178597
-0.178597
-0.178597
-0.178597
-0.178597
-0.178597
-0.178597
-0.178597
-0.178597
-0.178597
-0.178597
-0.178597
-0.178597
-0.178597
-0.178597
-0.178597
-0.178597
-0.178597
-0.178597
-0.178597
-0.178597
-0.178597
-0.178597
-0.178597
-0.178597
-0.178597
-0.178597
-0.178597
-0.178597
-0.178597
-0.178597
-0.178597
-0.178597
-0.178597
-0.178597
-0.178597
-0.178597
-0.178597
-0.178597
-0.178597
-0.178597
-0.178597
-0.178597
-0.178597
-0.178597
-0.178597
-0.178597
-0.178597
-0.178597
-0.1586874
-0.1586874
-0.1586874
-0.1586874
-0.1586874
-0.1586874
-0.1586874
-0.1586874
-0.1586874
-0.1586874
-0.1586874
-0.1586874
-0.1586874
-0.1586874
-0.1586874
-0.1586874
-0.1586874
-0.1586874
-0.1586874
-0.1586874
-0.1586874
-0.1586874
-0.1586874
-0.1586874
-0.1586874
-0.1586874
-0.1586874
-0.1586874
-0.1586874
