(-130.3713, 24.26925, 15.61496)
(-130.5477, 25.49839, 15.68801)
(-131.053, 27.61222, 15.78319)
(-131.053, 27.61222, 15.78319)
(-130.928, 28.8377, 15.6334)
(-130.5547, 30.08133, 15.54475)
(-130.4038, 31.04352, 15.46125)
(-130.3409, 31.84288, 15.47184)
(-130.3083, 32.35867, 15.49209)
(-130.2864, 32.98286, 15.68174)
(-130.2253, 34.30331, 16.37528)
(-130.2253, 34.30331, 16.37528)
(-130.2875, 35.09261, 16.80672)
(-130.4718, 35.90196, 17.16104)
(-130.9091, 36.6936, 17.5654)
(-131.1799, 37.50358, 17.787)
(-131.4797, 38.14111, 17.98249)
(-131.886, 38.67046, 18.09048)
(-132.2013, 39.20535, 18.12532)
(-132.6245, 39.67446, 18.22676)
(-133.1734, 40.03562, 18.25438)
(-133.7975, 40.34896, 18.29371)
(-134.3391, 40.67956, 18.38896)
(-135.1335, 40.59591, 18.40687)
(-136.7304, 40.33783, 18.43975)
(-136.7304, 40.33783, 18.43975)
(-137.499, 40.25526, 18.43722)
(-138.4084, 40.16076, 18.44919)
(-139.3404, 40.04381, 18.4482)
(-140.4169, 39.79762, 18.40765)
(-141.4773, 39.46073, 18.31241)
(-142.6248, 39.10264, 18.20536)
(-143.8646, 38.82281, 18.14983)
(-145.0309, 38.59109, 18.08883)
(-146.1325, 38.37756, 18.05346)
(-147.2379, 38.10396, 17.99363)
(-148.3417, 37.76395, 17.80222)
(-149.3671, 37.51253, 17.69873)
(-150.2681, 37.29482, 17.58342)
(-151.9577, 36.95535, 17.39713)
(-152.5358, 36.81779, 17.38334)
(-152.5358, 36.81779, 17.38334)
(-153.2222, 36.59312, 17.33656)
(-153.8446, 36.43153, 17.3331)
(-154.3623, 36.36098, 17.31668)
(-154.876, 36.32485, 17.25225)
(-155.2323, 36.24751, 17.2595)
(-155.6349, 36.18115, 17.23752)
(-155.9088, 36.05541, 17.25972)
(-156.2861, 35.96165, 17.18916)
(-156.4507, 35.637, 17.31379)
(-156.3071, 35.08394, 17.32411)
