(-0.1518613, 1.377136, -0.0122242)
(-0.1517237, 1.376804, -0.01190901)
(-0.1519744, 1.376554, -0.01145887)
(-0.1522224, 1.376432, -0.01112223)
(-0.1526617, 1.376359, -0.01080585)
(-0.1530224, 1.376213, -0.01049399)
(-0.1533821, 1.376153, -0.01011729)
(-0.1539407, 1.376103, -0.01005554)
(-0.1544294, 1.375859, -0.009649515)
(-0.1551628, 1.375918, -0.00948596)
(-0.1555412, 1.375977, -0.009098053)
(-0.1560099, 1.376238, -0.008884192)
(-0.1565775, 1.376369, -0.008399248)
(-0.1569868, 1.376455, -0.007695913)
(-0.157287, 1.376516, -0.006937504)
(-0.1576542, 1.37652, -0.006400347)
(-0.1580703, 1.376481, -0.005915403)
(-0.1583757, 1.376483, -0.005515337)
(-0.158723, 1.37632, -0.005453825)
(-0.1592093, 1.376209, -0.005274057)
(-0.1595865, 1.376006, -0.00526309)
(-0.160007, 1.375746, -0.005247831)
(-0.1603944, 1.375439, -0.005333662)
(-0.1609377, 1.375231, -0.005574703)
(-0.1615664, 1.375083, -0.005511761)
(-0.1622514, 1.374874, -0.005681515)
(-0.1631099, 1.374565, -0.005646467)
(-0.1642044, 1.374377, -0.00560379)
(-0.1655221, 1.374225, -0.005727053)
(-0.1667745, 1.374147, -0.005774975)
(-0.1681391, 1.374087, -0.005802393)
(-0.1701846, 1.374175, -0.005785227)
(-0.1717412, 1.374584, -0.006112099)
(-0.1732074, 1.374379, -0.006207943)
(-0.1751957, 1.374332, -0.006289482)
(-0.1769826, 1.374282, -0.006355047)
(-0.1797796, 1.373871, -0.00617528)
(-0.1819611, 1.37373, -0.006278753)
(-0.1842787, 1.373597, -0.006318808)
(-0.1866789, 1.37346, -0.006424427)
(-0.1896921, 1.373412, -0.006312609)
(-0.192453, 1.373122, -0.006121397)
(-0.1950378, 1.372937, -0.006011486)
(-0.1978344, 1.372579, -0.005867004)
(-0.2008601, 1.372037, -0.005671501)
(-0.2036802, 1.371564, -0.005503893)
(-0.2066414, 1.370704, -0.00536871)
(-0.2098279, 1.369916, -0.00501895)
(-0.2127019, 1.369146, -0.004883528)
(-0.2157338, 1.367907, -0.004894972)
(-0.2185147, 1.36704, -0.004861355)
(-0.2211273, 1.366332, -0.005023241)
(-0.2237856, 1.366131, -0.004934072)
(-0.2265432, 1.365496, -0.004626036)
(-0.2289306, 1.365654, -0.004490137)
(-0.231371, 1.365597, -0.004254103)
(-0.2338858, 1.365488, -0.00366044)
(-0.2360263, 1.365748, -0.003378868)
(-0.2380924, 1.366099, -0.003094435)
(-0.2400699, 1.366539, -0.002770185)
(-0.241797, 1.367098, -0.002607822)
(-0.2435409, 1.367672, -0.002290964)
(-0.2452775, 1.368151, -0.00187993)
(-0.2468432, 1.368675, -0.001472235)
(-0.2483008, 1.369078, -0.001152277)
(-0.2500055, 1.369245, -0.0005846024)
(-0.2515541, 1.3696, -0.000244379)
(-0.2532182, 1.370099, 0.0003154278)
(-0.2545086, 1.370611, 0.0005028248)
(-0.2560407, 1.371069, 0.0009903908)
(-0.25719, 1.371291, 0.001383543)
(-0.2582443, 1.371519, 0.001639366)
(-0.259463, 1.371831, 0.002159834)
(-0.2603787, 1.372075, 0.002553225)
(-0.2613926, 1.37237, 0.002942324)
(-0.2624, 1.372731, 0.0033741)
(-0.263554, 1.373233, 0.004109859)
(-0.2642741, 1.374016, 0.004563332)
(-0.265115, 1.374354, 0.00513649)
(-0.2659645, 1.374819, 0.006088734)
(-0.2667221, 1.375332, 0.007110596)
(-0.2674534, 1.375823, 0.008254766)
(-0.2681361, 1.37627, 0.009400368)
(-0.2689352, 1.376654, 0.01076245)
(-0.2695495, 1.377184, 0.01228189)
(-0.2702371, 1.377642, 0.01373768)
(-0.2708483, 1.377938, 0.01542497)
(-0.2714163, 1.378354, 0.01702762)
(-0.2718023, 1.37863, 0.01877689)
(-0.2723591, 1.378732, 0.02062201)
(-0.2727497, 1.378826, 0.02253771)
(-0.2732716, 1.379049, 0.02453995)
(-0.273638, 1.378692, 0.02691197)
(-0.273891, 1.378577, 0.02908087)
(-0.2740874, 1.378413, 0.03138995)
(-0.2741067, 1.378322, 0.03347421)
(-0.2742176, 1.378112, 0.03569961)
(-0.2744472, 1.377865, 0.03810382)
(-0.2744303, 1.377496, 0.04041457)
(-0.2742397, 1.376844, 0.04283643)
(-0.2740827, 1.376379, 0.04522443)
(-0.2740244, 1.376022, 0.04783678)
(-0.2738289, 1.375439, 0.05020928)
(-0.2734116, 1.375004, 0.05320477)
(-0.2731805, 1.374543, 0.05564594)
(-0.2723458, 1.373658, 0.05888867)
(-0.2717811, 1.373333, 0.06195521)
(-0.2713872, 1.371959, 0.06545806)
(-0.2705792, 1.371291, 0.06864619)
(-0.2700107, 1.370991, 0.07213092)
(-0.2690467, 1.37036, 0.07555652)
(-0.2679205, 1.369692, 0.07973552)
(-0.2668524, 1.369018, 0.08355165)
(-0.2654058, 1.368348, 0.08776736)
(-0.2639412, 1.36819, 0.09099126)
(-0.2625375, 1.367548, 0.09494543)
(-0.2609715, 1.366943, 0.09908772)
(-0.2593893, 1.366346, 0.1032169)
(-0.2578281, 1.365726, 0.107296)
(-0.2556466, 1.364927, 0.1119366)
(-0.254048, 1.363641, 0.1166265)
(-0.2522522, 1.36283, 0.1212058)
(-0.2506086, 1.362089, 0.1253977)
(-0.2489612, 1.361345, 0.1295989)
(-0.2473181, 1.360604, 0.1337895)
(-0.2443912, 1.35779, 0.1372988)
(-0.2415563, 1.35723, 0.1405693)
(-0.2393817, 1.356463, 0.144648)
(-0.2366914, 1.355334, 0.1494477)
(-0.2339909, 1.354299, 0.1547953)
(-0.2307848, 1.353424, 0.1606507)
(-0.2290149, 1.351971, 0.1644025)
(-0.2272912, 1.350418, 0.1736736)
(-0.2244616, 1.350513, 0.1775192)
(-0.2217437, 1.349649, 0.1821989)
(-0.2162912, 1.346911, 0.185267)
(-0.2129229, 1.346786, 0.189904)
(-0.2090145, 1.345958, 0.1945335)
(-0.2060488, 1.345388, 0.1992818)
(-0.2026038, 1.34485, 0.2052699)
(-0.199108, 1.344623, 0.2105334)
(-0.1958206, 1.343958, 0.2159003)
(-0.1915874, 1.344142, 0.2218161)
(-0.1887982, 1.343727, 0.2277653)
(-0.1848724, 1.34418, 0.2338516)
(-0.1822693, 1.345439, 0.2390692)
(-0.1783226, 1.346521, 0.2442217)
(-0.1743741, 1.348367, 0.2504261)
(-0.1703557, 1.351288, 0.2569326)
(-0.1661555, 1.35335, 0.2636112)
(-0.1623236, 1.355699, 0.2696611)
(-0.157776, 1.361198, 0.2766273)
(-0.1539109, 1.36594, 0.282824)
(-0.149565, 1.370601, 0.2894363)
(-0.1454756, 1.374156, 0.2957972)
(-0.1413759, 1.37772, 0.3021739)
(-0.136752, 1.387372, 0.3090672)
(-0.1321461, 1.393567, 0.3162878)
(-0.1278045, 1.399866, 0.3236675)
(-0.1242037, 1.404454, 0.3288789)
(-0.1207561, 1.409187, 0.3354447)
(-0.116709, 1.414045, 0.3412576)
(-0.1119287, 1.420733, 0.3487238)
(-0.1090887, 1.42636, 0.3531847)
(-0.1055348, 1.433022, 0.3571334)
(-0.1021867, 1.438591, 0.3625348)
(-0.1000097, 1.443783, 0.3661337)
(-0.09688473, 1.449056, 0.3707063)
(-0.09431362, 1.454507, 0.3749553)
(-0.09170842, 1.459777, 0.3781312)
(-0.08986092, 1.465105, 0.3814604)
(-0.0872829, 1.470435, 0.3846641)
(-0.08541393, 1.475722, 0.3877977)
(-0.0837636, 1.480935, 0.3904787)
(-0.08233857, 1.486092, 0.3929803)
(-0.08049583, 1.491696, 0.3961179)
(-0.07917047, 1.496821, 0.3985726)
(-0.07860494, 1.502054, 0.4003727)
(-0.07756543, 1.507411, 0.4023246)
(-0.07633758, 1.512689, 0.4052942)
(-0.07612014, 1.517724, 0.4069345)
(-0.07521057, 1.522733, 0.4096674)
(-0.07476354, 1.527857, 0.4121065)
(-0.07503557, 1.532443, 0.4135536)
(-0.07459068, 1.537333, 0.4159596)
(-0.0743854, 1.541993, 0.4181386)
(-0.07460952, 1.545755, 0.4198041)
(-0.07437611, 1.549885, 0.4217417)
(-0.07424855, 1.554129, 0.4238298)
(-0.0747602, 1.556822, 0.4255706)
(-0.07464075, 1.560534, 0.4275788)
(-0.07533598, 1.564025, 0.4299015)
(-0.07529259, 1.56689, 0.4320655)
(-0.07527423, 1.569432, 0.4341779)
(-0.07526827, 1.572309, 0.4360631)
(-0.07529998, 1.574711, 0.4378538)
(-0.07555604, 1.575627, 0.4393964)
(-0.0756824, 1.577543, 0.4410926)
(-0.07607174, 1.579537, 0.4423493)
(-0.07617712, 1.580931, 0.4439797)
(-0.07633662, 1.581551, 0.4458086)
(-0.0764668, 1.583169, 0.4474638)
(-0.07660937, 1.584942, 0.4492773)
(-0.07674026, 1.58657, 0.4509428)
(-0.07669759, 1.584967, 0.4527961)
(-0.07725954, 1.58566, 0.4543607)
(-0.07752609, 1.585755, 0.4562809)
(-0.07781243, 1.586069, 0.4582486)
(-0.07841134, 1.585879, 0.46035)
(-0.07870793, 1.586415, 0.4619377)
(-0.07949901, 1.586732, 0.4639921)
(-0.08019996, 1.585478, 0.4667559)
(-0.0807631, 1.585374, 0.4690847)
(-0.08142638, 1.585105, 0.4715738)
(-0.08258581, 1.584733, 0.4740416)
(-0.08331609, 1.584476, 0.4765414)
(-0.08488011, 1.584304, 0.4796617)
(-0.08593273, 1.584004, 0.4823902)
(-0.08805656, 1.583932, 0.4860556)
(-0.08935952, 1.583799, 0.4890149)
(-0.09239364, 1.583428, 0.4938251)
(-0.09465599, 1.582976, 0.4977238)
(-0.09625363, 1.582566, 0.5011407)
(-0.09780455, 1.582163, 0.5045233)
(-0.09959054, 1.581611, 0.5086846)
(-0.1026022, 1.581218, 0.5133768)
(-0.1044466, 1.580784, 0.517343)
(-0.1067493, 1.580617, 0.5213884)
(-0.1090376, 1.580354, 0.5255522)
(-0.1112889, 1.580179, 0.5299115)
(-0.114031, 1.579966, 0.5344677)
(-0.1161413, 1.57982, 0.5387797)
(-0.1182268, 1.579705, 0.5431981)
(-0.1205391, 1.579474, 0.5477159)
(-0.1226795, 1.579465, 0.5521507)
(-0.12499, 1.579514, 0.5565532)
(-0.1277531, 1.579704, 0.5609013)
(-0.1304808, 1.57975, 0.5653837)
(-0.1335766, 1.580385, 0.5701611)
(-0.136927, 1.581534, 0.575161)
(-0.1400881, 1.582323, 0.5799236)
(-0.1430944, 1.583315, 0.5847228)
(-0.1457415, 1.584182, 0.5893399)
(-0.1493417, 1.585248, 0.5947306)
(-0.1525464, 1.586777, 0.5997374)
(-0.1560819, 1.588642, 0.6049291)
(-0.1596045, 1.590292, 0.6100719)
(-0.1635816, 1.593151, 0.6156955)
(-0.1675031, 1.596317, 0.6208878)
(-0.1713132, 1.599396, 0.6261867)
(-0.1753353, 1.603372, 0.631768)
(-0.1791273, 1.606774, 0.6370381)
(-0.1831299, 1.61151, 0.6428775)
(-0.187047, 1.616547, 0.6487441)
(-0.1913784, 1.621721, 0.6545312)
(-0.1940103, 1.625759, 0.6594187)
(-0.1980505, 1.631222, 0.6656067)
(-0.2013355, 1.636083, 0.6707766)
(-0.2041454, 1.640809, 0.675486)
(-0.2069106, 1.645765, 0.6800507)
(-0.2101403, 1.650808, 0.6851213)
(-0.2123291, 1.656291, 0.6891425)
(-0.214367, 1.661213, 0.6929276)
(-0.2164853, 1.666129, 0.6966583)
(-0.2184783, 1.671287, 0.7001001)
(-0.2203758, 1.676434, 0.7033576)
(-0.2228193, 1.681426, 0.7065313)
(-0.2241666, 1.686272, 0.7087948)
(-0.2256367, 1.691077, 0.711012)
(-0.2273004, 1.696001, 0.7136446)
(-0.2285509, 1.700872, 0.7156181)
(-0.2296071, 1.705659, 0.717389)
(-0.2310618, 1.710763, 0.719667)
(-0.2321531, 1.715772, 0.7214081)
(-0.2330372, 1.721058, 0.7229334)
(-0.2349796, 1.726376, 0.7249424)
(-0.2355808, 1.731349, 0.7260453)
(-0.2363336, 1.73629, 0.7271972)
(-0.2377208, 1.741397, 0.7286831)
(-0.2382436, 1.746347, 0.7295202)
(-0.2387091, 1.751258, 0.7304153)
(-0.2408354, 1.756958, 0.7322637)
(-0.24129, 1.761886, 0.7330911)
(-0.2416316, 1.767292, 0.7338334)
(-0.2429359, 1.772682, 0.7348497)
(-0.2431195, 1.777573, 0.7354656)
(-0.2431277, 1.782382, 0.7359705)
(-0.2446629, 1.787559, 0.7373898)
(-0.2446451, 1.792236, 0.7378603)
(-0.2444892, 1.796782, 0.7382071)
(-0.2456045, 1.801817, 0.7391076)
(-0.2454354, 1.806087, 0.7394056)
(-0.2452639, 1.810701, 0.7397264)
(-0.2459657, 1.814808, 0.7404058)
(-0.2457292, 1.818645, 0.7406232)
(-0.2465113, 1.822476, 0.741443)
(-0.2469409, 1.826467, 0.7420597)
(-0.2466559, 1.829604, 0.7421895)
(-0.2464118, 1.832585, 0.7422928)
(-0.2468081, 1.835786, 0.7426264)
(-0.2471703, 1.838703, 0.7429727)
(-0.2469635, 1.841366, 0.7429569)
(-0.2487276, 1.844106, 0.7440593)
(-0.248565, 1.846271, 0.7439998)
(-0.248548, 1.848114, 0.7441114)
(-0.2494311, 1.850377, 0.7447672)
(-0.2491529, 1.851842, 0.74465)
(-0.2488283, 1.853236, 0.7445582)
(-0.2509073, 1.855747, 0.7460972)
(-0.2505927, 1.857027, 0.7460991)
(-0.2503107, 1.858644, 0.7460761)
(-0.2500708, 1.860248, 0.7460505)
(-0.2498306, 1.861855, 0.7460256)
(-0.2514554, 1.861804, 0.7472395)
(-0.2510442, 1.862671, 0.7472125)
(-0.2536511, 1.864164, 0.7488878)
(-0.2530389, 1.864845, 0.7489667)
(-0.2553408, 1.865938, 0.7511896)
(-0.2547394, 1.866581, 0.7512312)
(-0.2538575, 1.867133, 0.751225)
(-0.2529948, 1.867598, 0.751354)
(-0.2501979, 1.866342, 0.7502244)
(-0.2489376, 1.866543, 0.7500458)
(-0.2463706, 1.866308, 0.7487022)
(-0.245012, 1.866467, 0.7483623)
(-0.2436378, 1.86674, 0.7479833)
(-0.2404423, 1.866614, 0.7461711)
(-0.2390043, 1.866944, 0.7457716)
(-0.2372628, 1.867326, 0.7453482)
(-0.2378662, 1.86823, 0.7465233)
(-0.2346179, 1.86796, 0.7450098)
(-0.2329303, 1.868397, 0.7446072)
(-0.2323265, 1.869989, 0.7452166)
(-0.2307223, 1.871084, 0.7450435)
(-0.2290801, 1.872519, 0.7451673)
(-0.2278373, 1.873815, 0.7455257)
(-0.226118, 1.874625, 0.7457278)
(-0.2241971, 1.875059, 0.7461427)
(-0.2231042, 1.875582, 0.7464193)
(-0.221271, 1.876249, 0.7463895)
(-0.2197081, 1.876609, 0.7464659)
(-0.2180922, 1.877201, 0.7465909)
(-0.2164762, 1.877793, 0.7467159)
(-0.2148598, 1.878384, 0.7468415)
(-0.2138749, 1.876204, 0.746407)
(-0.2123477, 1.87552, 0.7465544)
(-0.2103995, 1.875829, 0.7462856)
(-0.2083141, 1.877176, 0.7476399)
(-0.2062731, 1.876476, 0.7465119)
(-0.2034247, 1.874967, 0.7457963)
(-0.2015738, 1.874868, 0.7459114)
(-0.1991144, 1.874746, 0.7448901)
(-0.1974344, 1.874834, 0.7447841)
(-0.1962481, 1.875028, 0.7447224)
(-0.1943085, 1.875082, 0.7442398)
(-0.1929122, 1.875343, 0.7441809)
(-0.1919713, 1.875597, 0.744224)
(-0.1901128, 1.87548, 0.7437332)
(-0.1887093, 1.875612, 0.7436655)
(-0.1878235, 1.875928, 0.7438644)
(-0.1864656, 1.876164, 0.7441692)
(-0.1851392, 1.876206, 0.7440656)
(-0.1838105, 1.876323, 0.7439724)
(-0.1824101, 1.876315, 0.7438583)
(-0.1812488, 1.876456, 0.7440211)
(-0.1797644, 1.876462, 0.7436152)
(-0.1787866, 1.876505, 0.743714)
(-0.1777678, 1.876595, 0.7437973)
(-0.1770141, 1.876645, 0.7438617)
(-0.1753184, 1.876615, 0.7433057)
(-0.174702, 1.87677, 0.7433764)
(-0.1740121, 1.876919, 0.7434003)
(-0.1728845, 1.877098, 0.7430542)
