(5.323919, 0.1144282, 5.891886)
(5.323567, 0.1147318, 5.891219)
(5.323691, 0.114586, 5.891221)
(5.323551, 0.1127267, 5.892568)
(5.323559, 0.1124653, 5.892681)
(5.323675, 0.1120658, 5.892823)
(5.323481, 0.1126852, 5.891989)
(5.322978, 0.1127577, 5.89128)
(5.322826, 0.1124714, 5.891213)
(5.323116, 0.1131861, 5.890556)
(5.323345, 0.1140533, 5.889832)
(5.323392, 0.1146301, 5.88944)
(5.323564, 0.1142329, 5.889975)
(5.323476, 0.1136892, 5.890534)
(5.322726, 0.1130705, 5.891046)
(5.321735, 0.1128139, 5.891207)
(5.32091, 0.1131875, 5.890471)
(5.32009, 0.1142699, 5.889361)
(5.319688, 0.115392, 5.887969)
(5.320172, 0.119131, 5.884709)
(5.32055, 0.1194638, 5.884196)
(5.320063, 0.118703, 5.884835)
(5.318692, 0.1164187, 5.886514)
(5.316708, 0.1139147, 5.887846)
(5.317699, 0.1160668, 5.885796)
(5.31929, 0.1190497, 5.883296)
(5.321003, 0.1210763, 5.882023)
(5.31952, 0.1193967, 5.883018)
(5.317406, 0.1176809, 5.884055)
(5.317628, 0.1174719, 5.884223)
(5.317483, 0.1187434, 5.883356)
(5.317584, 0.1199244, 5.8824)
(5.317939, 0.1198614, 5.882671)
(5.318734, 0.1176705, 5.88538)
(5.319212, 0.1159097, 5.888033)
(5.319435, 0.113908, 5.890203)
(5.321019, 0.1131061, 5.891788)
(5.323719, 0.1128704, 5.893049)
(5.322104, 0.1090733, 5.895736)
(5.321257, 0.1059183, 5.897706)
(5.321616, 0.1050961, 5.898417)
(5.325484, 0.1101472, 5.894904)
(5.327303, 0.1196128, 5.88696)
(5.326502, 0.1181589, 5.887964)
(5.323316, 0.1122174, 5.892677)
(5.321758, 0.111271, 5.893041)
(5.320841, 0.1119875, 5.893055)
(5.321148, 0.1157224, 5.889425)
(5.322053, 0.1177502, 5.887692)
(5.321607, 0.1121684, 5.891633)
(5.322505, 0.1119446, 5.891288)
(5.319653, 0.1187681, 5.885051)
(5.317837, 0.1206617, 5.88267)
(5.316412, 0.1253505, 5.878364)
(5.316916, 0.1256174, 5.878347)
(5.31848, 0.1221279, 5.881526)
(5.319131, 0.1210029, 5.88292)
(5.318857, 0.1203747, 5.883587)
(5.31846, 0.1204685, 5.883387)
(5.318654, 0.1204294, 5.883177)
(5.319681, 0.1230791, 5.881111)
(5.320947, 0.1213527, 5.883241)
(5.324226, 0.1147296, 5.88973)
(5.325271, 0.1151135, 5.889759)
(5.326328, 0.1145032, 5.890511)
(5.32775, 0.1126013, 5.892518)
(5.326912, 0.1130085, 5.892004)
(5.32614, 0.1143721, 5.890973)
(5.325867, 0.1149582, 5.890121)
(5.326374, 0.1148267, 5.890423)
(5.326577, 0.1138504, 5.891498)
(5.32653, 0.1116483, 5.893361)
(5.325601, 0.1115683, 5.893057)
(5.32528, 0.112279, 5.892144)
(5.325661, 0.1155731, 5.889166)
(5.325722, 0.115949, 5.888539)
(5.326084, 0.1144133, 5.890124)
(5.325526, 0.1121658, 5.892031)
(5.325698, 0.1134959, 5.89099)
(5.325786, 0.1144813, 5.890317)
(5.326537, 0.1130386, 5.891654)
(5.326572, 0.1142021, 5.890269)
(5.327213, 0.1142344, 5.890765)
(5.327344, 0.1133541, 5.891342)
(5.327055, 0.1130503, 5.891739)
(5.3272, 0.1141177, 5.890916)
(5.327808, 0.1139409, 5.890716)
(5.328598, 0.116167, 5.88881)
(5.327964, 0.1165756, 5.887984)
(5.328483, 0.1181442, 5.886177)
(5.328685, 0.1180698, 5.886455)
(5.329814, 0.1163613, 5.887947)
(5.329753, 0.116132, 5.888323)
(5.328689, 0.117442, 5.886691)
(5.328773, 0.1204184, 5.883804)
(5.329029, 0.1210558, 5.883096)
(5.329962, 0.1204886, 5.883406)
(5.329809, 0.120724, 5.883082)
(5.328993, 0.1203959, 5.883046)
(5.330937, 0.120997, 5.882701)
(5.331512, 0.1245096, 5.879928)
(5.332693, 0.1269602, 5.87826)
(5.331117, 0.1256347, 5.878913)
(5.331528, 0.1233553, 5.880728)
(5.332012, 0.1192533, 5.883852)
(5.335239, 0.1182415, 5.884379)
(5.337634, 0.1224325, 5.881467)
(5.338284, 0.1297463, 5.875239)
(5.335415, 0.1332854, 5.870538)
(5.334719, 0.1326233, 5.870355)
(5.33437, 0.1325099, 5.869565)
(5.336028, 0.1295445, 5.871578)
(5.340128, 0.1269421, 5.874415)
(5.344126, 0.1306967, 5.872578)
(5.349355, 0.1332423, 5.871664)
(5.357507, 0.1329968, 5.876707)
(5.370677, 0.1221285, 5.889699)
(5.384356, 0.113804, 5.901826)
(5.409751, 0.1024544, 5.918702)
(5.434523, 0.1045029, 5.927106)
(5.464003, 0.1170869, 5.928708)
(5.504112, 0.1287223, 5.920426)
(5.546911, 0.1737979, 5.902479)
(5.598688, 0.2385951, 5.86583)
(5.648939, 0.2707575, 5.851112)
(5.726606, 0.3266097, 5.853986)
(5.751892, 0.2919801, 5.881798)
(5.833342, 0.2441504, 5.935101)
(5.833767, 0.3742486, 5.857737)
(5.742194, 0.4409527, 5.811969)
(5.706041, 0.4709807, 5.826161)
(5.735526, 0.4138705, 5.925115)
(5.814219, 0.3923081, 6.033779)
(5.835456, 0.4279296, 6.019463)
(5.772384, 0.4411975, 6.005112)
(5.736475, 0.3915046, 6.00364)
(5.747243, 0.340469, 6.061596)
(5.79615, 0.3149743, 6.079574)
(5.853438, 0.3417285, 6.049839)
(5.881926, 0.3652234, 6.002589)
(5.902795, 0.360324, 5.962304)
(5.90976, 0.3358209, 5.944703)
(5.916917, 0.3180357, 5.930286)
(5.928979, 0.2976825, 5.921269)
(5.949746, 0.3003157, 5.910945)
(5.96926, 0.3178753, 5.893072)
(5.983812, 0.3342331, 5.875156)
(5.98069, 0.3393095, 5.875519)
(5.966245, 0.3182898, 5.89421)
(5.949735, 0.3056558, 5.910563)
(5.9327, 0.3033035, 5.919482)
(5.919903, 0.3058189, 5.923307)
(5.897995, 0.3117334, 5.924553)
(5.869718, 0.3189827, 5.91779)
(5.836102, 0.3265663, 5.904084)
(5.801714, 0.3297183, 5.8866)
(5.768053, 0.3274499, 5.875663)
(5.720063, 0.3105112, 5.872916)
(5.670971, 0.2804134, 5.887008)
(5.632932, 0.2558118, 5.906122)
(5.592366, 0.2444797, 5.915935)
(5.552932, 0.2522628, 5.911871)
(5.51601, 0.2705397, 5.895467)
(5.47797, 0.2879022, 5.876728)
(5.440153, 0.3034994, 5.856719)
(5.408812, 0.3183339, 5.826897)
(5.385147, 0.3238459, 5.797787)
(5.348937, 0.3153177, 5.782943)
(5.302604, 0.2886318, 5.79587)
(5.264771, 0.2647197, 5.814226)
(5.23063, 0.2597924, 5.815792)
(5.201223, 0.2823462, 5.79682)
(5.17663, 0.3284612, 5.751427)
(5.151762, 0.3649843, 5.70882)
(5.127844, 0.3823042, 5.677354)
(5.106448, 0.3893459, 5.657733)
(5.08364, 0.4018877, 5.630823)
(5.066858, 0.416888, 5.600253)
(5.050697, 0.4372766, 5.565936)
(5.038321, 0.4621644, 5.528472)
(5.030654, 0.4753774, 5.507291)
(5.031293, 0.4940126, 5.482544)
(5.030909, 0.5164987, 5.453114)
(5.076009, 0.4643717, 5.525095)
(5.101088, 0.3573216, 5.573445)
(5.141568, 0.3691775, 5.625575)
(5.169884, 0.3254704, 5.682473)
(5.204656, 0.3078661, 5.725354)
(5.233316, 0.2470633, 5.789521)
(5.226829, 6.142545, 6.057353)
(5.367399, 0.06058501, 5.956298)
(5.37852, 0.1399522, 5.916137)
(5.27585, 6.244886, 6.033684)
(5.211308, 6.194245, 6.058994)
(5.100388, 6.266804, 5.949593)
(5.059858, 0.1002209, 5.814259)
(5.015092, 0.2279375, 5.683657)
(5.008086, 0.1953921, 5.739792)
(5.202002, 0.04849084, 5.904983)
(5.317808, 0.1256126, 5.8479)
(5.414941, 0.1728478, 5.823093)
(5.49263, 0.1786759, 5.832905)
(5.471768, 0.1364475, 5.868943)
(5.395641, 0.101117, 5.891456)
(5.306918, 0.07293884, 5.903889)
(5.247699, 0.0545778, 5.901045)
(5.216522, 0.01582091, 5.922232)
(5.209862, 0.006598439, 5.936569)
(5.260282, 0.05386441, 5.909709)
(5.311811, 0.07405292, 5.900097)
(5.334236, 0.0604703, 5.917065)
(5.330791, 0.03460882, 5.940866)
(5.30944, 0.04106335, 5.92673)
(5.284533, 0.07618083, 5.889076)
(5.276098, 0.09931832, 5.865582)
(5.273829, 0.1275207, 5.837575)
(5.279186, 0.1406098, 5.828257)
(5.286004, 0.1207407, 5.849237)
(5.289723, 0.09372599, 5.873556)
(5.291898, 0.0526378, 5.910812)
(5.293459, 0.03318084, 5.927694)
(5.292545, 0.05180573, 5.91188)
(5.294418, 0.08627468, 5.87886)
(5.297375, 0.107171, 5.860538)
(5.296687, 0.1206328, 5.847987)
(5.292228, 0.1022152, 5.864351)
(5.292408, 0.07361687, 5.890486)
(5.294964, 0.0591004, 5.90401)
(5.296303, 0.06077668, 5.903538)
(5.296263, 0.07239669, 5.892154)
(5.295535, 0.09142873, 5.87456)
(5.292282, 0.0983457, 5.868264)
(5.29647, 0.09072051, 5.875275)
(5.309207, 0.07968103, 5.885911)
(5.325751, 0.07965647, 5.890292)
(5.319183, 0.09083763, 5.88064)
(5.310366, 0.09361754, 5.876255)
(5.302028, 0.09048398, 5.876353)
(5.29757, 0.0923684, 5.876032)
(5.301951, 0.08956674, 5.879592)
(5.30956, 0.08559183, 5.884659)
(5.313539, 0.08045128, 5.890004)
(5.31248, 0.07603978, 5.894316)
(5.319185, 0.07342534, 5.898121)
(5.323942, 0.07238964, 5.900475)
(5.325026, 0.06965055, 5.904438)
(5.315841, 0.06319211, 5.909849)
(5.306792, 0.06165671, 5.90983)
(5.298833, 0.06239198, 5.906669)
(5.304143, 0.06905701, 5.900865)
(5.321046, 0.0766606, 5.897184)
(5.338149, 0.07602505, 5.899976)
(5.330515, 0.06969551, 5.905294)
(5.313363, 0.06463633, 5.907448)
(5.305912, 0.06466529, 5.906046)
(5.316093, 0.07030974, 5.90345)
(5.32356, 0.07143298, 5.903438)
(5.319192, 0.06755134, 5.906629)
(5.309924, 0.06237666, 5.909713)
(5.308556, 0.05968275, 5.911578)
(5.320828, 0.05884999, 5.914404)
(5.327188, 0.06108357, 5.91315)
(5.317523, 0.06416156, 5.908895)
(5.310322, 0.07053891, 5.90133)
(5.310081, 0.07065774, 5.900695)
(5.320172, 0.07028413, 5.902071)
(5.32851, 0.06665346, 5.907137)
(5.326918, 0.05762221, 5.914048)
(5.323998, 0.05593366, 5.916112)
(5.323301, 0.06083367, 5.911067)
(5.318227, 0.07844195, 5.894646)
(5.305161, 0.07589034, 5.893732)
(5.299283, 0.07028117, 5.897256)
(5.311537, 0.05249898, 5.915318)
(5.330955, 0.05602235, 5.91432)
(5.338863, 0.07730796, 5.897184)
(5.33305, 0.09162916, 5.882277)
(5.323886, 0.09553549, 5.878298)
(5.314353, 0.08250917, 5.88941)
(5.317698, 0.05741713, 5.913558)
(5.323306, 0.03765853, 5.932533)
(5.324852, 0.03266592, 5.937583)
(5.322626, 0.04779921, 5.922567)
(5.320382, 0.07563735, 5.895898)
(5.32268, 0.0961778, 5.87673)
(5.325107, 0.09617012, 5.87724)
(5.324283, 0.09232267, 5.880459)
(5.320755, 0.07355382, 5.897366)
(5.31881, 0.05519341, 5.913204)
(5.32051, 0.04868922, 5.919942)
(5.324885, 0.0518694, 5.917676)
(5.3271, 0.07013569, 5.900924)
(5.325631, 0.07679827, 5.894437)
(5.321706, 0.0773799, 5.892601)
(5.319893, 0.07265382, 5.896582)
(5.322001, 0.06780268, 5.901168)
(5.325963, 0.06156177, 5.907024)
(5.325343, 0.06213059, 5.906278)
(5.322424, 0.06714752, 5.900882)
(5.31958, 0.07331172, 5.894558)
(5.32395, 0.08018693, 5.888226)
(5.331001, 0.08266661, 5.887242)
(5.330597, 0.07642695, 5.892936)
(5.321873, 0.07004438, 5.897982)
(5.317427, 0.06392108, 5.902865)
(5.317394, 0.06116929, 5.905281)
(5.322311, 0.06392483, 5.90345)
(5.327148, 0.07054874, 5.89773)
(5.329042, 0.07527944, 5.893446)
