(-0.3973751, 0.5977209, -2.063114)
(-0.3973796, 0.5977427, -2.063117)
(-0.3973401, 0.5977308, -2.06316)
(-0.3974333, 0.5977397, -2.063202)
(-0.3974361, 0.5977557, -2.063221)
(-0.3974349, 0.5977898, -2.063202)
(-0.3972602, 0.5977896, -2.06314)
(-0.397239, 0.5977944, -2.063076)
(-0.3972158, 0.5977815, -2.063118)
(-0.3974848, 0.5976019, -2.063096)
(-0.3974769, 0.597592, -2.063062)
(-0.397434, 0.5975597, -2.063094)
(-0.39732, 0.5975614, -2.063061)
(-0.3973122, 0.5976005, -2.063139)
(-0.3973246, 0.5976206, -2.063103)
(-0.3972039, 0.5976098, -2.063051)
(-0.3971791, 0.5976106, -2.062993)
(-0.3971834, 0.5976156, -2.06297)
(-0.3974838, 0.5975276, -2.063025)
(-0.3975024, 0.5975392, -2.063054)
(-0.3974686, 0.5974942, -2.063134)
(-0.3975296, 0.5974936, -2.063143)
(-0.397506, 0.5975246, -2.063231)
(-0.3974986, 0.5974979, -2.063246)
(-0.3974671, 0.5975136, -2.063253)
(-0.3974674, 0.5975431, -2.06324)
(-0.3974853, 0.5975516, -2.063246)
(-0.3976426, 0.5975074, -2.063298)
(-0.3976388, 0.5975168, -2.063329)
(-0.3976853, 0.5975276, -2.063328)
(-0.3977766, 0.5975386, -2.063363)
(-0.3978081, 0.5974978, -2.063234)
(-0.3978357, 0.5975524, -2.063169)
(-0.3976061, 0.5974226, -2.063018)
(-0.3976269, 0.5973946, -2.06306)
(-0.397649, 0.5974035, -2.06301)
(-0.3973765, 0.5975378, -2.062984)
(-0.3973613, 0.5975376, -2.062986)
(-0.3973699, 0.5975622, -2.062951)
(-0.3973229, 0.5975624, -2.062925)
(-0.3973489, 0.5974705, -2.063008)
(-0.397332, 0.5974195, -2.063058)
(-0.3973293, 0.5972878, -2.06299)
(-0.3973503, 0.5972617, -2.063045)
(-0.3972969, 0.5972086, -2.063068)
(-0.3973029, 0.5971574, -2.063071)
(-0.3972936, 0.5971395, -2.063044)
(-0.3972988, 0.5971369, -2.063025)
(-0.3972335, 0.5971286, -2.063001)
(-0.3971324, 0.5972966, -2.063053)
(-0.3971386, 0.5972906, -2.063044)
(-0.3971796, 0.5972834, -2.06307)
(-0.3971267, 0.5973606, -2.063102)
(-0.3971388, 0.5973586, -2.063075)
(-0.3970499, 0.5974566, -2.063089)
(-0.3970201, 0.5974665, -2.063128)
(-0.3970146, 0.5974846, -2.063102)
(-0.3971226, 0.5974786, -2.063142)
(-0.3970833, 0.5975282, -2.063079)
(-0.3970656, 0.5975504, -2.06307)
(-0.3973, 0.5974163, -2.06309)
(-0.3972912, 0.5973988, -2.063062)
(-0.3972931, 0.5973978, -2.063055)
(-0.397408, 0.5972415, -2.063007)
(-0.3974142, 0.5972271, -2.062993)
(-0.3974562, 0.5972595, -2.062938)
(-0.397367, 0.5972713, -2.062891)
(-0.3973765, 0.597212, -2.0629)
(-0.3973999, 0.597223, -2.062865)
(-0.3973098, 0.5974041, -2.062904)
(-0.3973093, 0.5974131, -2.062948)
(-0.3972766, 0.5973836, -2.062973)
(-0.3973827, 0.5974239, -2.063054)
(-0.3973877, 0.5974246, -2.063026)
(-0.3973441, 0.5974226, -2.06306)
(-0.3974595, 0.5974208, -2.063075)
(-0.3974464, 0.5974723, -2.062963)
(-0.3974741, 0.5975281, -2.062884)
(-0.3974957, 0.5976208, -2.062939)
(-0.397507, 0.5976481, -2.062981)
(-0.3974583, 0.5976098, -2.063041)
(-0.3975303, 0.5975562, -2.063032)
(-0.3975227, 0.5975544, -2.063033)
(-0.397522, 0.5975507, -2.063034)
(-0.3975182, 0.597567, -2.063041)
(-0.3975286, 0.5975512, -2.063091)
(-0.3974757, 0.5975024, -2.063167)
(-0.3976545, 0.5973887, -2.063171)
(-0.3976765, 0.5973721, -2.063199)
(-0.3977056, 0.5974094, -2.063186)
(-0.3974636, 0.5973458, -2.063082)
(-0.3974528, 0.5973378, -2.063093)
(-0.3974643, 0.597353, -2.063044)
(-0.3974657, 0.5973397, -2.063072)
(-0.3974476, 0.5974075, -2.063081)
(-0.3974462, 0.5973769, -2.063118)
(-0.3973064, 0.5972954, -2.063048)
(-0.3973279, 0.5972937, -2.063107)
(-0.3973098, 0.5973049, -2.063118)
(-0.3974812, 0.5973432, -2.063209)
(-0.3974867, 0.5973476, -2.063162)
(-0.3974543, 0.597307, -2.063221)
(-0.3974271, 0.5973033, -2.063241)
(-0.3973684, 0.5974535, -2.063222)
(-0.3974483, 0.5975432, -2.063128)
(-0.3974936, 0.5975577, -2.063164)
(-0.3975124, 0.5974989, -2.063035)
(-0.3974941, 0.5974983, -2.063016)
(-0.3976386, 0.5975901, -2.063098)
(-0.3976493, 0.5976044, -2.063151)
(-0.3977003, 0.5976461, -2.063092)
(-0.3975744, 0.5976714, -2.063073)
(-0.397557, 0.5977545, -2.063085)
(-0.3975687, 0.5977691, -2.063078)
(-0.397634, 0.5978204, -2.06311)
(-0.3976252, 0.5978193, -2.062985)
(-0.3976016, 0.5977918, -2.063014)
(-0.3975945, 0.5977229, -2.062952)
(-0.3975835, 0.5977308, -2.062926)
(-0.3974903, 0.5976675, -2.062985)
(-0.3976278, 0.597662, -2.063028)
(-0.397706, 0.5975039, -2.06308)
(-0.3976674, 0.5974256, -2.063145)
(-0.3976169, 0.5974832, -2.063159)
(-0.3976114, 0.5974673, -2.063192)
(-0.3976388, 0.5975064, -2.063135)
(-0.3973942, 0.5975391, -2.063112)
(-0.3973787, 0.5975565, -2.063107)
(-0.3973722, 0.5975364, -2.063123)
(-0.397507, 0.5975149, -2.063183)
(-0.3975072, 0.5975286, -2.063199)
(-0.3974934, 0.5975119, -2.063241)
(-0.3973403, 0.5974838, -2.063188)
(-0.3973324, 0.5974879, -2.063144)
(-0.3973906, 0.5975524, -2.063075)
(-0.3973804, 0.5974559, -2.063015)
(-0.3973818, 0.5974618, -2.063063)
(-0.3974075, 0.597502, -2.063019)
(-0.3974102, 0.5975173, -2.063007)
(-0.3974566, 0.597466, -2.063007)
(-0.3973875, 0.5973892, -2.063109)
(-0.3976154, 0.597513, -2.063197)
(-0.397625, 0.5975085, -2.063103)
(-0.3976581, 0.5975064, -2.063092)
(-0.3974397, 0.5975846, -2.063051)
(-0.3974636, 0.5975765, -2.063014)
(-0.3973923, 0.5975378, -2.063069)
(-0.3976364, 0.5975214, -2.06312)
(-0.3976789, 0.5973842, -2.06311)
(-0.3977056, 0.597401, -2.063103)
(-0.3977156, 0.597333, -2.063089)
(-0.3977416, 0.597348, -2.063102)
(-0.3977902, 0.5973948, -2.063072)
(-0.3975534, 0.5973974, -2.063004)
(-0.3975859, 0.5974153, -2.063037)
(-0.3975675, 0.5973969, -2.063078)
(-0.3974037, 0.5974096, -2.063046)
(-0.3974023, 0.5974274, -2.063005)
(-0.3974261, 0.5974294, -2.063017)
(-0.3973114, 0.597568, -2.063003)
(-0.3973298, 0.5975752, -2.062999)
(-0.3973527, 0.5976081, -2.062966)
(-0.3975592, 0.5975274, -2.062994)
(-0.3975925, 0.5975205, -2.063026)
(-0.3976059, 0.5975225, -2.06301)
(-0.3977065, 0.5975235, -2.063022)
(-0.3977079, 0.5975436, -2.062967)
(-0.3977432, 0.5975676, -2.062948)
(-0.3978164, 0.5976262, -2.062973)
(-0.3978462, 0.597627, -2.063012)
(-0.3978417, 0.5975914, -2.063037)
(-0.3977365, 0.5974764, -2.062965)
(-0.3977652, 0.5974718, -2.062916)
(-0.3977175, 0.5974032, -2.062976)
(-0.3977475, 0.5973995, -2.062967)
(-0.3977637, 0.5973486, -2.06293)
(-0.397716, 0.5972664, -2.062987)
(-0.3977051, 0.5973995, -2.06303)
(-0.397717, 0.5974026, -2.063049)
(-0.397718, 0.5973718, -2.063076)
(-0.3977633, 0.597398, -2.063127)
(-0.3977647, 0.5974019, -2.063167)
(-0.3977356, 0.5973715, -2.063186)
(-0.3974447, 0.5973669, -2.063131)
(-0.3974776, 0.5972856, -2.063105)
(-0.3975334, 0.5973421, -2.063008)
(-0.3976507, 0.5973336, -2.063069)
(-0.3976808, 0.5973192, -2.063024)
(-0.3976488, 0.5972935, -2.063058)
(-0.3974948, 0.5972483, -2.062972)
(-0.3974757, 0.5972271, -2.063004)
(-0.3975191, 0.5972896, -2.062907)
(-0.3973861, 0.5972697, -2.062874)
(-0.3973389, 0.5973523, -2.062948)
(-0.397294, 0.5973204, -2.062971)
(-0.3972917, 0.5973129, -2.062961)
(-0.3972802, 0.5972341, -2.062854)
(-0.3973172, 0.5972944, -2.062762)
(-0.3975029, 0.5973214, -2.062835)
(-0.3975058, 0.5973244, -2.062902)
(-0.3974788, 0.5973202, -2.062896)
(-0.3974183, 0.5973139, -2.062871)
(-0.397438, 0.5972478, -2.062885)
(-0.3973789, 0.5972059, -2.062941)
(-0.3974915, 0.5971946, -2.062993)
(-0.3974113, 0.5974072, -2.063035)
(-0.3973765, 0.5973847, -2.063064)
(-0.3973937, 0.597306, -2.063049)
(-0.3973973, 0.5972979, -2.063153)
(-0.3974171, 0.5973427, -2.063124)
(-0.3974333, 0.5973198, -2.063134)
(-0.3973646, 0.5974705, -2.063136)
(-0.3973575, 0.597518, -2.063134)
(-0.3975258, 0.5975355, -2.063185)
(-0.3974741, 0.5976601, -2.063195)
(-0.3974795, 0.597692, -2.063208)
(-0.3976274, 0.5976267, -2.063246)
(-0.3976111, 0.5976309, -2.063208)
(-0.397563, 0.5975794, -2.063271)
(-0.3974288, 0.5975871, -2.063256)
(-0.3973775, 0.597665, -2.063177)
(-0.3974342, 0.5977278, -2.063146)
(-0.3976734, 0.5977434, -2.063226)
(-0.3977265, 0.5976382, -2.063128)
(-0.3977098, 0.5976197, -2.063177)
(-0.3977447, 0.5975257, -2.063129)
(-0.3977547, 0.5975219, -2.063039)
(-0.3977413, 0.5975361, -2.063037)
(-0.3976688, 0.5975375, -2.063004)
(-0.3976898, 0.5975832, -2.063027)
(-0.3977451, 0.5976428, -2.062951)
(-0.3975706, 0.5975587, -2.062837)
(-0.3975625, 0.5975662, -2.062928)
(-0.3975768, 0.5975883, -2.062908)
(-0.3974183, 0.5975327, -2.062828)
(-0.3974118, 0.5975519, -2.062872)
(-0.3973193, 0.5974619, -2.062936)
(-0.397203, 0.597459, -2.062926)
(-0.3972406, 0.5973716, -2.062913)
(-0.397253, 0.5973947, -2.062885)
(-0.3974266, 0.597401, -2.062915)
(-0.3974431, 0.597335, -2.062917)
(-0.3974471, 0.5973538, -2.062869)
(-0.3975534, 0.5974463, -2.062944)
(-0.3975406, 0.5974476, -2.06285)
(-0.3975177, 0.5973974, -2.062898)
(-0.3976617, 0.5973829, -2.062934)
(-0.3976223, 0.5975586, -2.062998)
(-0.397635, 0.5975525, -2.063048)
(-0.3976293, 0.5975521, -2.06301)
(-0.3977032, 0.5974261, -2.063052)
(-0.397687, 0.5973696, -2.063126)
(-0.3975348, 0.5973736, -2.063094)
(-0.3975821, 0.5972749, -2.063056)
(-0.3975992, 0.5972726, -2.063054)
(-0.3977375, 0.5972499, -2.063072)
(-0.3977299, 0.5973203, -2.063176)
(-0.397774, 0.5973761, -2.06311)
(-0.3977184, 0.5973754, -2.063106)
(-0.3976665, 0.5975618, -2.063037)
(-0.3977175, 0.5976205, -2.062988)
(-0.3976698, 0.5976287, -2.062956)
(-0.3976779, 0.5975597, -2.062935)
(-0.3976746, 0.5975423, -2.062942)
(-0.3975317, 0.5975286, -2.062903)
(-0.3975329, 0.597528, -2.062898)
(-0.3975401, 0.597541, -2.062896)
(-0.3975267, 0.5975455, -2.062889)
(-0.3975177, 0.5976146, -2.062839)
(-0.3974755, 0.5975747, -2.062893)
(-0.3975735, 0.5975839, -2.062916)
(-0.3975754, 0.5976324, -2.062994)
(-0.3975105, 0.5975965, -2.063068)
(-0.3973949, 0.5975968, -2.063046)
(-0.3973794, 0.597657, -2.063071)
(-0.3973517, 0.5976317, -2.06308)
(-0.3973467, 0.5976336, -2.063111)
(-0.3973536, 0.5975773, -2.063191)
(-0.3973267, 0.5975612, -2.063224)
(-0.397321, 0.5975618, -2.063231)
(-0.3972979, 0.5975363, -2.063185)
(-0.3973193, 0.5975615, -2.06317)
(-0.3974471, 0.5975496, -2.063236)
(-0.3975177, 0.5973785, -2.063153)
(-0.3976226, 0.5974556, -2.063078)
(-0.3977222, 0.5974467, -2.063101)
(-0.3977158, 0.5975413, -2.06311)
(-0.3976846, 0.5974678, -2.063177)
(-0.3974457, 0.5975224, -2.063113)
(-0.3974614, 0.5975206, -2.063164)
(-0.3974137, 0.5974861, -2.063195)
(-0.3973188, 0.5974931, -2.063192)
(-0.3973489, 0.5974554, -2.063137)
(-0.3973961, 0.5975491, -2.063074)
(-0.3975616, 0.5975541, -2.063107)
(-0.3975983, 0.5974795, -2.062989)
(-0.3976455, 0.5975087, -2.062937)
(-0.3974364, 0.5975064, -2.062868)
(-0.3975115, 0.5973451, -2.062937)
(-0.3975074, 0.5973271, -2.062912)
(-0.3973846, 0.5973151, -2.062905)
(-0.3973496, 0.5974211, -2.062955)
(-0.3972988, 0.597358, -2.062982)
(-0.3973837, 0.5973371, -2.063015)
(-0.3973527, 0.5973773, -2.062988)
(-0.3973248, 0.5973461, -2.063021)
(-0.3974175, 0.5973377, -2.063048)
(-0.3974624, 0.5972089, -2.063043)
(-0.3974524, 0.5971894, -2.063032)
(-0.3973527, 0.5971874, -2.063022)
(-0.3973489, 0.5971724, -2.062915)
(-0.3973672, 0.5971854, -2.062878)
(-0.3974442, 0.5971557, -2.062887)
(-0.3974137, 0.5972182, -2.062985)
(-0.3974252, 0.5972182, -2.06298)
(-0.3975344, 0.5971957, -2.063003)
(-0.3974881, 0.5974042, -2.063053)
(-0.3975663, 0.5974826, -2.062971)
(-0.3976173, 0.5975004, -2.062975)
(-0.397604, 0.5975682, -2.063027)
(-0.3975644, 0.5975299, -2.063081)
(-0.3976369, 0.5975301, -2.063079)
(-0.3976879, 0.597433, -2.063057)
(-0.3977418, 0.5974385, -2.063061)
(-0.3977227, 0.5974556, -2.063029)
(-0.3977616, 0.5974265, -2.063079)
(-0.3977237, 0.597403, -2.063138)
(-0.397639, 0.5974021, -2.063097)
(-0.3976359, 0.5973901, -2.063063)
(-0.3976815, 0.5974334, -2.063005)
(-0.3976951, 0.5974429, -2.062993)
(-0.3976951, 0.5974824, -2.062973)
(-0.3977244, 0.5975255, -2.062933)
(-0.3976846, 0.5975302, -2.062916)
(-0.3976612, 0.5976702, -2.062947)
(-0.3975887, 0.5976034, -2.063034)
(-0.3976746, 0.5976042, -2.063061)
(-0.397665, 0.597633, -2.063002)
(-0.3976378, 0.5975913, -2.063046)
(-0.3975685, 0.5976079, -2.063021)
(-0.3975854, 0.597667, -2.063058)
(-0.3975453, 0.5976492, -2.063126)
(-0.3976007, 0.5976555, -2.063162)
(-0.3975935, 0.5977184, -2.063145)
(-0.3975821, 0.5977107, -2.063158)
(-0.3974209, 0.5977349, -2.06313)
(-0.3974657, 0.5976361, -2.063044)
(-0.3974319, 0.597625, -2.063049)
(-0.3974216, 0.5976145, -2.063045)
(-0.3974085, 0.5976357, -2.06309)
(-0.3974447, 0.597674, -2.063059)
(-0.3974829, 0.5976832, -2.06305)
(-0.3974676, 0.5977503, -2.063042)
(-0.3974349, 0.5977311, -2.063101)
(-0.3975573, 0.597746, -2.063157)
(-0.3975739, 0.5976814, -2.063162)
(-0.3975725, 0.5976647, -2.063197)
(-0.3976614, 0.5976666, -2.063221)
(-0.3976803, 0.5976343, -2.063111)
(-0.3976512, 0.5976142, -2.063143)
(-0.3976038, 0.5976243, -2.063122)
(-0.397613, 0.5976132, -2.063176)
(-0.3976338, 0.5976106, -2.06319)
(-0.3977833, 0.5976102, -2.063229)
(-0.3978257, 0.5975736, -2.063296)
(-0.3978405, 0.5975511, -2.063338)
(-0.3975894, 0.5975667, -2.063297)
(-0.3976135, 0.5974927, -2.063178)
(-0.3976479, 0.5975431, -2.063142)
(-0.3976073, 0.5975432, -2.063129)
(-0.3976114, 0.5975413, -2.063073)
(-0.3975701, 0.5975378, -2.063085)
(-0.3975747, 0.5975178, -2.063118)
(-0.3976102, 0.5973749, -2.063035)
(-0.3976212, 0.5973809, -2.063011)
(-0.3977575, 0.5973547, -2.063052)
(-0.3977647, 0.5973544, -2.063061)
(-0.3978157, 0.5973915, -2.063006)
(-0.397814, 0.5973631, -2.062998)
(-0.3978183, 0.5974122, -2.063087)
(-0.3977842, 0.5973762, -2.063114)
(-0.3975232, 0.5973712, -2.063029)
(-0.3974967, 0.5973594, -2.063)
(-0.3974977, 0.597335, -2.063013)
(-0.3976049, 0.5973202, -2.063028)
(-0.3975172, 0.597513, -2.063069)
