(5.361506, 1.055135, 5.64529)
(5.346766, 1.093021, 5.6075)
(5.340422, 1.109974, 5.596821)
(5.344431, 1.092108, 5.612115)
(5.354055, 1.060499, 5.636657)
(5.356747, 1.043185, 5.652018)
(5.349458, 1.031601, 5.663264)
(5.343514, 1.045099, 5.651289)
(5.34322, 1.055843, 5.641112)
(5.346738, 1.068599, 5.627635)
(5.348818, 1.068808, 5.626556)
(5.34909, 1.058045, 5.635927)
(5.347281, 1.052614, 5.64114)
(5.345235, 1.049682, 5.643187)
(5.342423, 1.054639, 5.637903)
(5.345084, 1.055892, 5.637891)
(5.349982, 1.052314, 5.63847)
(5.352814, 1.048375, 5.639877)
(5.354691, 1.050257, 5.635064)
(5.354485, 1.051818, 5.632152)
(5.353175, 1.057049, 5.626685)
(5.351383, 1.058303, 5.627005)
(5.350394, 1.053562, 5.632481)
(5.349278, 1.047572, 5.638034)
(5.348318, 1.04601, 5.63883)
(5.347783, 1.052243, 5.633367)
(5.347355, 1.055479, 5.63138)
(5.348897, 1.052471, 5.633616)
(5.348191, 1.050555, 5.635534)
(5.347724, 1.053403, 5.634075)
(5.347223, 1.052538, 5.635109)
(5.348776, 1.051861, 5.635413)
(5.348951, 1.0534, 5.633729)
(5.348498, 1.055067, 5.632432)
(5.347294, 1.05535, 5.632967)
(5.346834, 1.054802, 5.63391)
(5.346756, 1.054634, 5.634896)
(5.346095, 1.054935, 5.635185)
(5.344017, 1.055186, 5.635161)
(5.3436, 1.053376, 5.636316)
(5.344681, 1.053321, 5.635349)
(5.347687, 1.055962, 5.63271)
(5.348822, 1.056616, 5.631992)
(5.34808, 1.056903, 5.631625)
(5.347155, 1.058384, 5.631529)
(5.34696, 1.054423, 5.634745)
(5.347116, 1.052286, 5.636058)
(5.347906, 1.056242, 5.632328)
(5.347013, 1.057956, 5.63065)
(5.34571, 1.057145, 5.632213)
(5.345692, 1.050965, 5.636912)
(5.34655, 1.052537, 5.635402)
(5.346909, 1.051343, 5.634601)
(5.347908, 1.052736, 5.632088)
(5.349168, 1.054585, 5.629702)
(5.350282, 1.052976, 5.630888)
(5.349877, 1.048472, 5.633239)
(5.350092, 1.04632, 5.634418)
(5.349996, 1.047934, 5.631916)
(5.351798, 1.048526, 5.629731)
(5.352027, 1.050882, 5.626904)
(5.350091, 1.053585, 5.626321)
(5.349963, 1.053491, 5.627146)
(5.350059, 1.045859, 5.634382)
(5.348505, 1.044375, 5.635557)
(5.347088, 1.049018, 5.631975)
(5.34614, 1.049774, 5.631607)
(5.346873, 1.048301, 5.632747)
(5.347479, 1.045687, 5.634602)
(5.348547, 1.047387, 5.632267)
(5.349907, 1.048563, 5.630531)
(5.349974, 1.049461, 5.629319)
(5.349215, 1.050771, 5.628483)
(5.349066, 1.051114, 5.629065)
(5.349297, 1.046649, 5.632752)
(5.348261, 1.044788, 5.634273)
(5.347783, 1.046231, 5.632606)
(5.350401, 1.047943, 5.631632)
(5.353461, 1.047911, 5.631155)
(5.356044, 1.044917, 5.632662)
(5.357323, 1.046773, 5.631313)
(5.359221, 1.056064, 5.625885)
(5.366558, 1.062809, 5.623487)
(5.37446, 1.068454, 5.623)
(5.384624, 1.077178, 5.623305)
(5.401672, 1.084239, 5.625866)
(5.426411, 1.088635, 5.631577)
(5.46004, 1.077714, 5.652294)
(5.489259, 1.044228, 5.687022)
(5.551425, 0.9667532, 5.770122)
(5.63482, 0.9126576, 5.81377)
(5.649294, 0.9182659, 5.80598)
(5.638715, 0.9209268, 5.808623)
(5.660548, 0.9106091, 5.831217)
(5.682652, 0.86024, 5.889325)
(5.598068, 0.8427625, 5.936484)
(5.537296, 0.8928198, 5.959857)
(5.597606, 0.8044956, 6.059011)
(5.615382, 0.7781075, 6.116632)
(5.624579, 0.7901455, 6.106638)
(5.619117, 0.7869534, 6.11714)
(5.634201, 0.7523699, 6.152546)
(5.652244, 0.7231994, 6.179249)
(5.664276, 0.7087058, 6.187941)
(5.669211, 0.7012123, 6.191707)
(5.669515, 0.7007113, 6.189652)
(5.673307, 0.6999843, 6.186261)
(5.667787, 0.6982012, 6.188502)
(5.671153, 0.691387, 6.194864)
(5.656536, 0.6813818, 6.211192)
(5.667531, 0.6902387, 6.202917)
(5.670187, 0.6964909, 6.195706)
(5.657077, 0.6963831, 6.173567)
(5.640194, 0.6837094, 6.17582)
(5.629741, 0.6756693, 6.175587)
(5.614069, 0.6781602, 6.166457)
(5.599268, 0.7086393, 6.144905)
(5.588785, 0.7246845, 6.131966)
(5.58727, 0.7297296, 6.118254)
(5.58494, 0.7282693, 6.10268)
(5.563244, 0.7335123, 6.091462)
(5.542227, 0.7488012, 6.061766)
(5.522272, 0.7632396, 6.033343)
(5.507637, 0.7772092, 6.011104)
(5.493962, 0.7972711, 5.983912)
(5.473126, 0.8167318, 5.960247)
(5.456137, 0.8266222, 5.949259)
(5.446299, 0.8294528, 5.950388)
(5.43377, 0.8369066, 5.93622)
(5.409648, 0.8573278, 5.920447)
(5.389894, 0.8894403, 5.89315)
(5.377721, 0.9052534, 5.860425)
(5.368764, 0.9097145, 5.840274)
(5.369177, 0.9027386, 5.833781)
(5.370555, 0.9001083, 5.822996)
(5.368642, 0.9043704, 5.803741)
(5.363364, 0.9080047, 5.782334)
(5.366582, 0.9126778, 5.758988)
(5.36769, 0.911733, 5.733628)
(5.351593, 0.9119585, 5.725423)
(5.341434, 0.9084342, 5.745487)
(5.333859, 0.907901, 5.750561)
(5.32837, 0.921146, 5.759945)
(5.33074, 0.9255499, 5.761326)
(5.331957, 0.9099085, 5.77392)
(5.322512, 0.8966173, 5.786303)
(5.425132, 1.004763, 5.640085)
(5.343522, 1.152406, 5.488718)
(5.331237, 1.313172, 5.354822)
(5.378848, 1.186426, 5.464578)
(5.351557, 1.209468, 5.446293)
(5.245886, 1.222276, 5.481937)
(5.193077, 1.035376, 5.679669)
(5.295251, 1.020281, 5.687978)
(5.408508, 0.9869637, 5.698613)
(5.426753, 0.7926712, 5.838942)
(5.366135, 0.7051644, 5.920529)
(5.337866, 0.8622258, 5.777412)
(5.354649, 1.128783, 5.533932)
(5.346219, 1.235976, 5.453672)
(5.342507, 1.247387, 5.444522)
(5.339485, 1.164782, 5.517273)
(5.32195, 0.9822419, 5.689474)
(5.342293, 0.9219387, 5.742821)
(5.358942, 0.9023972, 5.750257)
(5.352629, 0.9479316, 5.712358)
(5.34334, 0.9959878, 5.67064)
(5.329041, 1.051506, 5.617699)
(5.336022, 1.069451, 5.603913)
(5.346559, 1.069128, 5.606802)
(5.357178, 1.030163, 5.639091)
(5.350457, 0.9939671, 5.672684)
(5.348425, 0.9818049, 5.684453)
(5.345646, 1.005973, 5.662428)
(5.346997, 1.01676, 5.653024)
(5.354717, 1.032248, 5.639606)
(5.354735, 1.026169, 5.645622)
(5.353957, 1.017923, 5.653495)
(5.352079, 1.011175, 5.660172)
(5.355351, 1.01125, 5.660426)
(5.355409, 1.017861, 5.653174)
(5.358677, 1.01987, 5.651463)
(5.360019, 1.014033, 5.653644)
(5.364406, 1.020663, 5.647569)
(5.368583, 1.024511, 5.642526)
(5.367185, 1.024438, 5.642222)
(5.369086, 1.017091, 5.648894)
(5.371408, 1.003856, 5.655762)
(5.376572, 1.005925, 5.651724)
(5.386467, 1.00486, 5.648376)
(5.391755, 1.012786, 5.633262)
(5.402255, 1.023096, 5.623334)
(5.412538, 1.023106, 5.620252)
(5.41634, 1.019522, 5.618147)
(5.426822, 1.008774, 5.622314)
(5.432642, 1.009617, 5.61603)
(5.435863, 1.012757, 5.609854)
(5.440155, 1.012788, 5.606675)
(5.443929, 1.023261, 5.594877)
(5.451682, 1.033842, 5.58665)
(5.456277, 1.026973, 5.594114)
(5.453934, 1.017433, 5.606002)
(5.449904, 1.004535, 5.618065)
(5.44595, 1.014112, 5.612625)
(5.443432, 1.022102, 5.607541)
(5.443116, 1.017334, 5.611996)
(5.438871, 1.023113, 5.609056)
(5.433883, 1.029368, 5.608352)
(5.434969, 1.037513, 5.607673)
(5.435729, 1.017762, 5.629841)
(5.434705, 0.9750275, 5.660037)
(5.429502, 0.9739261, 5.658709)
(5.426543, 1.030933, 5.614364)
(5.430735, 1.039728, 5.607172)
(5.434109, 1.016899, 5.628679)
(5.430847, 0.9998945, 5.643522)
(5.429, 0.9927192, 5.651576)
(5.428996, 1.00163, 5.646739)
(5.441748, 1.006958, 5.644337)
(5.448746, 1.004392, 5.646854)
(5.454401, 1.005413, 5.647853)
(5.455441, 1.018533, 5.646526)
(5.45812, 1.020187, 5.652864)
(5.477702, 1.028313, 5.661358)
(5.495569, 1.005604, 5.69046)
(5.516154, 0.9598119, 5.745074)
(5.546998, 0.915667, 5.797298)
(5.586296, 0.8230497, 5.883412)
(5.625085, 0.7781918, 5.929585)
(5.679333, 0.713839, 5.997344)
(5.719231, 0.7029004, 6.003225)
(5.76648, 0.7172322, 5.979939)
(5.862617, 0.7050253, 6.005644)
(5.926478, 0.6920468, 6.025834)
(5.97705, 0.7123433, 6.035445)
(6.002184, 0.7215871, 6.041983)
(5.999532, 0.7349308, 6.041605)
(5.998523, 0.747082, 6.036347)
(5.957066, 0.7492335, 6.034685)
(6.013953, 0.7262312, 6.080509)
(6.030698, 0.7159057, 6.069149)
(6.001291, 0.693248, 6.078367)
(6.004661, 0.7053534, 6.064107)
(6.013998, 0.6998335, 6.056726)
(6.033775, 0.6446665, 6.105241)
(6.048327, 0.6142265, 6.144346)
(6.049045, 0.6096922, 6.162607)
(6.036465, 0.6017208, 6.187475)
(6.012977, 0.5881895, 6.220579)
(5.991538, 0.5823223, 6.249165)
(5.964015, 0.5921107, 6.267684)
(5.950215, 0.6028426, 0.0006091404)
(5.945648, 0.6027606, 0.02465968)
(5.949402, 0.6021115, 0.05079462)
(5.934403, 0.5989365, 0.07441749)
(5.912794, 0.5876231, 0.1030873)
(5.882079, 0.5694169, 0.1304902)
(5.834141, 0.5509759, 0.152326)
(5.800004, 0.538237, 0.1702865)
(5.762987, 0.534048, 0.1741087)
(5.726558, 0.5347341, 0.1699279)
(5.691018, 0.5302047, 0.1681237)
(5.669775, 0.5068552, 0.1840728)
(5.670004, 0.4990195, 0.1936059)
(5.675356, 0.5280195, 0.1599926)
(5.681787, 0.5677865, 0.1158626)
(5.674902, 0.5923181, 0.08721056)
(5.652318, 0.630228, 0.04338067)
(5.60773, 0.6597937, 6.278926)
(5.563927, 0.6843795, 6.242914)
(5.538105, 0.7005957, 6.217353)
(5.526017, 0.7112523, 6.195569)
(5.515596, 0.7300565, 6.16173)
(5.513759, 0.7633418, 6.115015)
(5.514215, 0.7974445, 6.067115)
(5.521847, 0.831816, 6.018969)
(5.522935, 0.8486921, 5.984622)
(5.502101, 0.8584483, 5.956741)
(5.478164, 0.8733039, 5.92661)
(5.446868, 0.8861898, 5.900087)
(5.437914, 0.8878459, 5.878854)
(5.561995, 0.8899024, 5.816381)
(5.656755, 1.003895, 5.659484)
(5.158884, 1.223498, 5.437088)
(5.121286, 1.124746, 5.582179)
(5.208771, 0.6762331, 5.944745)
(5.384028, 0.6518777, 5.926104)
(5.53542, 0.7899596, 5.833829)
(5.255349, 1.257225, 5.415282)
(5.276348, 1.434619, 5.277972)
(5.357788, 1.328746, 5.431541)
(5.259293, 1.099204, 5.665185)
(5.360265, 1.133969, 5.645395)
(5.421312, 1.03659, 5.632438)
(5.423316, 0.9461702, 5.715072)
(5.40971, 0.9196565, 5.790021)
(5.381425, 0.9416177, 5.746684)
(5.34441, 1.006302, 5.697623)
(5.339581, 1.059833, 5.651943)
(5.355612, 1.09135, 5.615138)
(5.370797, 1.063583, 5.637741)
(5.373653, 1.030306, 5.66418)
(5.361535, 0.9993334, 5.696)
(5.352611, 1.002318, 5.693466)
(5.344899, 1.032642, 5.671032)
(5.355139, 1.044211, 5.664412)
(5.361492, 1.016606, 5.686901)
(5.362428, 1.003662, 5.698452)
(5.35953, 1.006542, 5.69513)
(5.359537, 1.024478, 5.678117)
(5.361818, 1.032937, 5.669313)
(5.362878, 1.026115, 5.672447)
(5.359605, 1.022739, 5.675366)
(5.355325, 1.027422, 5.672997)
(5.355858, 1.033438, 5.669981)
(5.357913, 1.024657, 5.678529)
(5.361303, 1.008702, 5.692664)
(5.359453, 1.005681, 5.694806)
(5.354453, 1.02143, 5.680759)
(5.353258, 1.034901, 5.668089)
(5.355287, 1.037764, 5.6653)
(5.357803, 1.024661, 5.676847)
(5.358187, 1.016082, 5.685398)
(5.355872, 1.014565, 5.686841)
(5.355809, 1.017466, 5.683773)
(5.35702, 1.023864, 5.677215)
(5.354691, 1.023776, 5.676426)
(5.35269, 1.024003, 5.676456)
(5.353583, 1.021168, 5.679014)
(5.353924, 1.020278, 5.680033)
(5.352827, 1.020496, 5.679822)
(5.352659, 1.024674, 5.677176)
(5.35409, 1.020335, 5.681151)
(5.354499, 1.019093, 5.681923)
(5.353965, 1.021259, 5.680405)
(5.352371, 1.025121, 5.677166)
(5.352091, 1.024416, 5.67836)
(5.351583, 1.022055, 5.681073)
(5.351362, 1.020702, 5.682278)
(5.349628, 1.021321, 5.681597)
(5.348693, 1.023342, 5.679668)
(5.349324, 1.022629, 5.680314)
(5.350164, 1.021111, 5.681786)
(5.349919, 1.020089, 5.682814)
(5.348134, 1.021968, 5.681136)
(5.347991, 1.024682, 5.678687)
(5.348205, 1.025107, 5.678359)
(5.348318, 1.02475, 5.678846)
(5.348511, 1.022674, 5.681355)
(5.349337, 1.021146, 5.683076)
(5.348993, 1.020726, 5.683441)
(5.3486, 1.023319, 5.681121)
(5.348309, 1.026445, 5.678606)
