(300.6227, 326.3878, 52.60923)
(302.7954, 327.4904, 51.37432)
(303.9993, 327.4378, 51.27437)
(304.5616, 325.5063, 53.43387)
(304.8842, 322.4668, 57.09769)
(305.7133, 319.9359, 59.76766)
(306.008, 318.6339, 60.79555)
(305.4956, 318.2854, 60.8505)
(304.1935, 320.0684, 58.82432)
(302.6665, 320.8798, 57.72277)
(302.2429, 320.8628, 57.62429)
(301.9569, 319.7425, 58.67734)
(302.2495, 318.9388, 59.47876)
(302.8894, 318.8967, 59.76941)
(303.957, 319.2369, 59.49807)
(304.4482, 319.6442, 59.03076)
(304.5499, 319.8727, 58.79868)
(303.334, 318.7703, 59.52654)
(302.8209, 317.9806, 60.03776)
(302.3924, 317.1023, 60.68509)
(302.0316, 316.7443, 61.07626)
(301.7438, 316.5072, 61.21732)
(301.9879, 317.2239, 60.45649)
(303.8797, 317.3931, 60.22174)
(304.2521, 317.054, 60.41292)
(304.1072, 316.8514, 60.36097)
(303.4868, 316.4204, 60.51976)
(302.5953, 316.1542, 60.55849)
(301.8744, 316.0599, 60.62729)
(301.769, 316.0081, 60.67574)
(302.1835, 316.3228, 60.46957)
(302.3395, 316.5823, 60.35801)
(302.6066, 316.7084, 60.50149)
(303.7204, 316.1503, 60.96018)
(303.2527, 316.3467, 60.94884)
(302.2644, 316.4282, 60.57738)
(302.1196, 316.6819, 60.55103)
(302.1942, 316.55, 60.82322)
(302.9376, 316.3043, 61.17726)
(303.3014, 316.4883, 61.1693)
(303.4288, 316.8706, 60.80484)
(303.5529, 316.9939, 60.60355)
(303.062, 317.1594, 60.22213)
(302.6523, 317.2854, 60.15508)
(302.6862, 317.3874, 60.07377)
