(0.3943715, -0.1419349, 0.3652673)
(0.3943849, -0.1420193, 0.3652985)
(0.3944416, -0.1421969, 0.3653283)
(0.3945606, -0.1423204, 0.3654294)
(0.3947322, -0.1422956, 0.3654997)
(0.3946934, -0.1422813, 0.3656311)
(0.3947101, -0.1423464, 0.3656054)
(0.3947458, -0.1424782, 0.365654)
(0.3947754, -0.1425161, 0.3656855)
(0.3948302, -0.1425989, 0.3658049)
(0.3947937, -0.1426289, 0.3658564)
(0.3948028, -0.1426897, 0.3658719)
(0.3946776, -0.1428227, 0.3657329)
(0.3946898, -0.1429005, 0.3657296)
(0.3947034, -0.1429765, 0.3657334)
(0.3947165, -0.1430523, 0.3657372)
(0.3947313, -0.1431348, 0.365741)
(0.3947079, -0.1428082, 0.3659074)
(0.3944786, -0.1428657, 0.3655074)
(0.3944285, -0.1426857, 0.3655725)
(0.3946898, -0.1424022, 0.365495)
(0.3948417, -0.1429043, 0.3650417)
(0.3950322, -0.1428945, 0.3647048)
(0.3952072, -0.1430461, 0.3647785)
(0.3954871, -0.1430557, 0.3648202)
(0.3952103, -0.1435139, 0.3652592)
(0.3949361, -0.1431212, 0.3658912)
(0.394778, -0.1432524, 0.3659303)
(0.3951416, -0.1429541, 0.365613)
(0.3949292, -0.1428185, 0.3657358)
(0.3951218, -0.1426628, 0.3656194)
(0.3949649, -0.1426468, 0.3656604)
(0.3950183, -0.1426718, 0.3656142)
(0.3948064, -0.143033, 0.3657305)
(0.395139, -0.1432667, 0.3654644)
(0.3952198, -0.1430788, 0.3650718)
(0.3955047, -0.1431115, 0.3651311)
(0.3955142, -0.1431618, 0.3650205)
(0.3955181, -0.1432753, 0.3650267)
(0.3955371, -0.1431789, 0.3651187)
(0.3953311, -0.1432376, 0.3647673)
(0.3954709, -0.1431789, 0.3645947)
(0.3955741, -0.1431649, 0.3646228)
(0.3956006, -0.1430869, 0.3645604)
(0.3954349, -0.1432929, 0.3646665)
(0.395318, -0.1433907, 0.3646512)
(0.3951201, -0.1431801, 0.3648529)
(0.395143, -0.1431487, 0.3649194)
(0.3949862, -0.1432209, 0.3648558)
(0.3951056, -0.1432824, 0.3648105)
(0.3952277, -0.1434011, 0.3649139)
(0.3951967, -0.1434581, 0.3648965)
(0.3951988, -0.1434896, 0.3648276)
(0.395081, -0.1436601, 0.3649626)
(0.3949347, -0.1436276, 0.364985)
(0.3949742, -0.1436019, 0.3648515)
(0.3949203, -0.1434886, 0.364985)
(0.3950083, -0.1435189, 0.3650501)
(0.3951995, -0.1433487, 0.364939)
(0.3951745, -0.1434259, 0.3648899)
(0.395232, -0.1434655, 0.3648241)
(0.3951898, -0.1437194, 0.364902)
(0.3951583, -0.1435955, 0.3650651)
(0.3952818, -0.1436629, 0.3651443)
(0.3952193, -0.1439943, 0.3653445)
(0.395364, -0.1440806, 0.365411)
(0.395539, -0.1442077, 0.365391)
(0.3957138, -0.1442165, 0.3653274)
(0.3957095, -0.1443465, 0.3651676)
(0.3956866, -0.1443214, 0.3651776)
(0.3959129, -0.1443722, 0.365108)
(0.3960371, -0.1443825, 0.3652444)
(0.3961043, -0.1444812, 0.3651853)
(0.3962531, -0.1444795, 0.3651187)
(0.3965564, -0.1445758, 0.3652897)
(0.3965948, -0.1446161, 0.3652866)
(0.3966105, -0.1446307, 0.3653104)
(0.3966491, -0.1446524, 0.3653686)
(0.3965328, -0.1445827, 0.3654387)
(0.3965101, -0.1446037, 0.3654253)
(0.3962274, -0.1445625, 0.3652096)
(0.3961265, -0.1444914, 0.3651807)
(0.3960538, -0.1445513, 0.3650761)
(0.3959839, -0.1445568, 0.3651297)
(0.395961, -0.1445477, 0.3650386)
(0.3959863, -0.144582, 0.3649948)
(0.3959222, -0.1445212, 0.3651986)
(0.3959599, -0.1446135, 0.3651919)
(0.3960598, -0.1447954, 0.3652766)
(0.396204, -0.1449006, 0.3652339)
(0.3962495, -0.1448138, 0.3653235)
(0.3964975, -0.1451056, 0.3652418)
(0.3967378, -0.1452324, 0.3652225)
(0.3968616, -0.1454878, 0.3655398)
(0.3969834, -0.1455038, 0.3656509)
(0.3969514, -0.1449802, 0.366158)
(0.3966544, -0.1446731, 0.3664663)
(0.3955984, -0.1442914, 0.3672454)
(0.3955643, -0.1427932, 0.3688931)
(0.3963165, -0.1402276, 0.3718252)
(0.3963854, -0.1383443, 0.3751366)
(0.3961852, -0.1370196, 0.3784356)
(0.3966482, -0.1364353, 0.3839314)
(0.3997762, -0.1383364, 0.388778)
(0.4028637, -0.1373665, 0.3942411)
(0.4044838, -0.1334546, 0.3987079)
(0.4070048, -0.1259739, 0.4045296)
(0.4099844, -0.117275, 0.4084229)
(0.4103866, -0.1020272, 0.4117055)
(0.4114084, -0.08345628, 0.4147949)
(0.4157701, -0.06805682, 0.4186466)
(0.4171951, -0.04814744, 0.4214799)
(0.4162865, -0.0276258, 0.4229503)
(0.4168983, -0.008238554, 0.4257042)
(0.4160426, 0.01105499, 0.4295452)
(0.4153905, 0.03245473, 0.4371367)
(0.4152505, 0.05285192, 0.4471126)
(0.4141271, 0.07551908, 0.4547927)
(0.413296, 0.1008253, 0.4646213)
(0.4122348, 0.1252735, 0.4749503)
(0.4119544, 0.1505671, 0.4878473)
(0.4117072, 0.1748575, 0.5016577)
(0.4098873, 0.1983341, 0.5151353)
(0.4093168, 0.2209296, 0.5294836)
(0.4069617, 0.244006, 0.5459592)
(0.4058733, 0.2656269, 0.5624053)
(0.4041848, 0.2835981, 0.5791535)
(0.399096, 0.2969074, 0.5987973)
(0.3971512, 0.3148025, 0.6162944)
(0.3970897, 0.3284898, 0.6342428)
(0.3977427, 0.3431164, 0.651396)
(0.398247, 0.354902, 0.6702194)
(0.3976338, 0.3695315, 0.6900716)
(0.3985665, 0.3819811, 0.7100577)
(0.401747, 0.3875856, 0.7279999)
(0.4033587, 0.3956957, 0.74663)
(0.4045398, 0.4024464, 0.7667136)
(0.4065032, 0.4068775, 0.786329)
(0.4088428, 0.4121403, 0.805212)
(0.4108603, 0.4155289, 0.8254347)
(0.41329, 0.4179425, 0.8453612)
(0.4156842, 0.4201676, 0.865185)
(0.4179606, 0.4223714, 0.8864512)
(0.420321, 0.4233359, 0.9056993)
(0.4230242, 0.4209489, 0.924763)
(0.4261522, 0.4182383, 0.9428778)
(0.4280491, 0.4153271, 0.9610851)
(0.4313934, 0.4124722, 0.9777477)
(0.434027, 0.4102328, 0.9941435)
(0.4356978, 0.4069211, 1.008256)
(0.4380455, 0.4057518, 1.020888)
(0.4412785, 0.4029506, 1.032826)
(0.442625, 0.3992726, 1.045102)
(0.4454138, 0.3947843, 1.053247)
(0.4480822, 0.3914093, 1.06232)
(0.4505243, 0.3858192, 1.073863)
(0.4544407, 0.3816011, 1.079224)
(0.4512663, 0.3780018, 1.084023)
(0.4543731, 0.371883, 1.088097)
(0.4543014, 0.3670959, 1.090767)
(0.4530983, 0.3600544, 1.09369)
(0.4531422, 0.3598239, 1.09168)
(0.4560992, 0.3639165, 1.088011)
(0.4596629, 0.3675265, 1.081806)
(0.4587674, 0.3682998, 1.076178)
(0.455415, 0.3650671, 1.0754)
(0.4536507, 0.3615178, 1.075836)
(0.4517889, 0.3581158, 1.078195)
(0.4520156, 0.3567039, 1.083465)
(0.4576756, 0.3624477, 1.086133)
(0.4590793, 0.363475, 1.087538)
(0.45939, 0.3628287, 1.087094)
(0.4575514, 0.3583295, 1.085544)
(0.4566779, 0.3571007, 1.084847)
(0.4542873, 0.3570495, 1.083404)
(0.4560304, 0.3581394, 1.08096)
(0.4551291, 0.358701, 1.080326)
(0.4556962, 0.3585887, 1.080691)
(0.4575896, 0.3591967, 1.08082)
(0.4582595, 0.3594619, 1.081915)
(0.458907, 0.3594007, 1.083301)
(0.4593635, 0.3593158, 1.083836)
(0.4588752, 0.359372, 1.083587)
(0.4585003, 0.359243, 1.083206)
(0.4575758, 0.3588464, 1.082358)
(0.4574431, 0.3586884, 1.082273)
(0.4573109, 0.3585306, 1.082187)
(0.4571668, 0.3583589, 1.082094)
(0.4640019, 0.3616055, 1.08561)
(0.4656863, 0.3622373, 1.086387)
(0.4665699, 0.3627154, 1.086621)
(0.4609133, 0.3596168, 1.08356)
(0.4539812, 0.3558607, 1.078396)
(0.4585168, 0.3593342, 1.081684)
(0.4584169, 0.3596613, 1.082011)
(0.4586844, 0.359115, 1.082099)
(0.4582034, 0.3585237, 1.082839)
(0.4584159, 0.3584757, 1.082935)
(0.4591243, 0.3591015, 1.082358)
(0.4590975, 0.359023, 1.082471)
(0.4586989, 0.3588494, 1.082643)
(0.4582742, 0.3590209, 1.082909)
(0.4581138, 0.3591731, 1.082793)
(0.4579284, 0.3591077, 1.082717)
(0.457904, 0.3589096, 1.082542)
(0.4581094, 0.3588912, 1.082782)
(0.4581782, 0.358986, 1.083016)
(0.4583242, 0.3589249, 1.083029)
(0.458338, 0.3588665, 1.082914)
(0.4583213, 0.3589457, 1.082561)
(0.4582202, 0.3590443, 1.082726)
(0.458217, 0.358929, 1.082797)
(0.4583833, 0.3588879, 1.082956)
(0.4584109, 0.3589442, 1.083198)
(0.4584297, 0.3588244, 1.083288)
(0.4582219, 0.3587911, 1.083242)
(0.4580262, 0.358742, 1.083261)
(0.4580288, 0.3588078, 1.083092)
(0.4579916, 0.3586946, 1.083099)
(0.4581428, 0.3586361, 1.083402)
(0.4582373, 0.3586864, 1.083395)
(0.4582059, 0.3587775, 1.083447)
(0.4581795, 0.3587227, 1.083148)
(0.4580526, 0.3585991, 1.083009)
(0.458227, 0.3582978, 1.08298)
(0.4583249, 0.3583367, 1.083239)
(0.4584894, 0.3582662, 1.083336)
(0.458461, 0.3583977, 1.083241)
(0.4584717, 0.3582909, 1.082907)
(0.4586101, 0.3581605, 1.083004)
(0.4587014, 0.358353, 1.083086)
(0.4586464, 0.358427, 1.083192)
(0.4585068, 0.3582966, 1.083096)
(0.4580535, 0.3584315, 1.083275)
(0.4577212, 0.3584808, 1.082603)
(0.457608, 0.358506, 1.082246)
(0.4577322, 0.35847, 1.082538)
(0.4581146, 0.358508, 1.083184)
(0.4582129, 0.3586911, 1.083105)
(0.4579709, 0.3587837, 1.083161)
(0.4575055, 0.358658, 1.083105)
(0.457134, 0.3585249, 1.08348)
(0.4571091, 0.35857, 1.083869)
(0.4570607, 0.358502, 1.084105)
(0.4569128, 0.3583763, 1.084295)
(0.4566637, 0.3585783, 1.084275)
(0.4563614, 0.3585744, 1.083974)
(0.4562088, 0.3587772, 1.083608)
(0.4557587, 0.358997, 1.08347)
(0.4554379, 0.3591046, 1.083423)
(0.4554746, 0.3594273, 1.083356)
(0.4552085, 0.3595802, 1.083184)
(0.45494, 0.3597307, 1.08312)
(0.4549985, 0.359867, 1.082933)
(0.4549639, 0.359918, 1.082851)
(0.4548649, 0.3600259, 1.082985)
(0.4545083, 0.359899, 1.083085)
(0.454437, 0.3599735, 1.083133)
(0.4543077, 0.3600094, 1.083007)
(0.4543488, 0.3601458, 1.082862)
(0.4544396, 0.3600523, 1.082821)
(0.4543746, 0.3600563, 1.082861)
(0.454453, 0.3600971, 1.082878)
(0.4543756, 0.3599249, 1.082964)
(0.4542544, 0.3597766, 1.083082)
(0.4543107, 0.3597873, 1.083256)
(0.4543498, 0.3597622, 1.083497)
(0.454272, 0.3597143, 1.08348)
(0.4541495, 0.3596773, 1.083462)
(0.4541266, 0.359624, 1.083527)
