0.3131021
0.3181639
0.2961112
0.2635336
0.2562933
0.264376
0.2943887
0.2780023
0.2697006
0.2648762
0.2523825
0.2485315
0.2491612
0.2421827
0.24499
0.2441718
0.2367461
0.2366643
0.2292022
0.2231397
0.2178104
0.2052348
0.2236531
0.1972017
0.1980099
0.1835399
0.1810138
0.1771198
0.162923
0.1529362
0.1520071
0.1538862
0.1421954
0.1265959
0.1096947
0.1189754
0.09970593
0.09506054
0.09632073
0.09085329
0.1276877
0.1137871
0.1012887
0.09722286
0.09319498
0.07946203
0.07572105
0.06512488
0.05714631
0.06009643
0.0573515
0.05199327
0.05932205
0.05923279
0.06112174
0.0661109
0.06493535
0.05915153
0.0776481
0.08540528
0.07737033
0.0799055
0.09621039
0.1000778
MSE 0.159016
total_moving_Distance 0.6949599