(-68.91341, 3.005981, 50.39749)
(-68.95144, 3.008628, 50.4272)
(-68.93792, 2.997899, 50.41904)
(-68.89426, 2.990174, 50.38044)
(-68.87364, 2.989745, 50.37255)
(-68.87364, 2.989745, 50.37255)
(-68.85314, 2.995038, 50.36778)
(-68.84402, 2.995753, 50.35172)
(-68.83154, 2.997422, 50.34299)
(-68.84458, 3.00014, 50.34697)
(-68.85893, 3.001285, 50.3578)
(-68.89372, 3.008604, 50.37129)
(-68.91522, 3.013635, 50.40181)
(-68.95721, 3.009105, 50.43037)
(-68.94658, 2.981853, 50.46072)
(-68.96424, 2.979136, 50.4627)
(-68.96674, 2.995443, 50.48084)
(-68.99134, 3.00386, 50.4756)
(-69.01271, 3.004503, 50.4714)
(-69.04361, 3.001237, 50.46875)
(-69.06323, 2.99201, 50.48206)
(-69.08414, 2.989244, 50.47665)
(-69.08925, 2.958179, 50.45645)
(-69.05412, 2.961326, 50.46239)
(-69.03845, 2.967548, 50.46401)
(-69.02051, 2.977276, 50.47717)
(-69.05492, 2.990079, 50.4771)
(-69.08453, 2.987289, 50.46725)
(-69.10578, 2.985263, 50.46854)
(-69.11116, 2.974129, 50.47836)
(-69.10909, 2.97215, 50.47681)
(-69.073, 2.956367, 50.47836)
(-69.04546, 2.967358, 50.47102)
(-69.02313, 2.960134, 50.45862)
(-69.04399, 2.945518, 50.45454)
(-69.10257, 2.949834, 50.46701)
(-69.14618, 2.941704, 50.47731)
(-69.1551, 2.956963, 50.49415)
(-69.14075, 2.956963, 50.48508)
(-69.12821, 2.949762, 50.46353)
(-69.10619, 2.939296, 50.45181)
(-69.06438, 2.919745, 50.46275)
(-69.04914, 2.926803, 50.4674)
(-69.02535, 2.942348, 50.48983)
(-69.03687, 2.920628, 50.49789)
(-69.03994, 2.915096, 50.49181)
(-69.04053, 2.912736, 50.4894)
(-69.03727, 2.894449, 50.50173)
(-69.03381, 2.887845, 50.48775)
(-69.04137, 2.902365, 50.50032)
(-69.06073, 2.903032, 50.50287)
(-69.04371, 2.896166, 50.49379)
(-69.00569, 2.91357, 50.50089)
(-68.96435, 2.91245, 50.48821)
(-68.9487, 2.905488, 50.46866)
(-68.94894, 2.904415, 50.45633)
