(-16867.51, 232.8804, 12292.33)
(38.66183, 119.6741, -72.7708)
(75.69041, 146.2386, -43.22736)
(124.7356, 251.8214, -114.4604)
(38.15447, 87.88966, -57.03279)
(53.16752, 146.5719, -95.71717)
(102.7361, 319.8393, -239.3542)
(38.07904, 107.0899, -61.72366)
(83.52449, 198.4404, -97.44726)
(193.6839, 410.9875, -174.2449)
(48.10001, 108.8143, -43.74356)
(82.61597, 198.2227, -90.52322)
(102.1508, 303.0619, -163.7791)
(58.66943, 163.0065, -84.55728)
(44.93764, 110.6237, -70.85685)
(69.027, 137.4841, -73.1578)
(49.78761, 97.27954, -83.43842)
(61.04045, 91.85077, -68.72768)
(39.41039, 48.07345, -77.4962)
(50.02671, 15.71699, -69.82902)
(35.8396, 14.29758, -72.27329)
(40.61663, -42.00472, -62.90622)
(36.50437, -87.32324, -48.95277)
(41.41454, -89.83166, -47.74279)
(37.64704, -153.5621, -25.47426)
(39.4936, -128.8015, -29.60743)
(40.80058, -147.6606, -26.76153)
(41.97734, -149.3224, -28.0363)
(37.77061, -173.5704, -26.9371)
(37.33046, -175.013, -25.85528)
(22.7862, -196.1583, -22.53342)
(33.50348, -228.6404, -11.09465)
(32.72708, -194.0378, -1.020769)
(50.61935, -241.0909, -18.09127)
(30.29728, -71.20116, -5.251758)
(29.53548, -127.7208, -20.4786)
(77.75974, -280.1989, 9.368)
(13.69357, -78.34838, 5.223891)
(12.28926, -151.9289, 8.602892)
(48.83787, -249.4979, 32.44794)
(6.842711, -45.39277, 12.68941)
(11.85673, -63.45956, 18.96219)
(4.597677, -37.4935, 14.62963)
(8.351821, -38.60248, 11.77615)
