(0.3068914, -0.7329746, 0.6070963)
(0.3057133, -0.7361085, 0.6038904)
(0.3037802, -0.7385419, 0.6018915)
(0.3018392, -0.7412299, 0.5995593)
(0.3013572, -0.7439575, 0.5964153)
(0.3009244, -0.7463071, 0.5936919)
(0.300491, -0.7481884, 0.5915399)
(0.3004735, -0.7492393, 0.5902171)
(0.3008959, -0.7494138, 0.5897802)
(0.3010067, -0.749783, 0.589254)
(0.3011651, -0.7498895, 0.5890377)
(0.3011533, -0.7507736, 0.5879164)
(0.3016555, -0.7520542, 0.5860193)
(0.304811, -0.7558153, 0.5795116)
(0.3058038, -0.7587031, 0.5751988)
(0.3070593, -0.7603403, 0.5723611)
(0.3086785, -0.7615663, 0.5698547)
(0.3113288, -0.7641395, 0.564947)
(0.31401, -0.7673571, 0.5590715)
(0.3173918, -0.7726402, 0.5498086)
(0.3192585, -0.7754986, 0.5446796)
(0.3214116, -0.7755893, 0.5432825)
(0.32344, -0.7751331, 0.5427294)
(0.3250473, -0.7739323, 0.5434824)
(0.3271422, -0.773758, 0.5424726)
(0.3281826, -0.7749065, 0.5402001)
(0.3278011, -0.7772194, 0.5371001)
(0.3275219, -0.779275, 0.5342844)
(0.326965, -0.7815214, 0.5313362)
(0.3276542, -0.7826845, 0.5291952)
(0.329316, -0.7832464, 0.5273291)
(0.3308263, -0.7831928, 0.5264628)
(0.3322683, -0.7834231, 0.5252105)
(0.334071, -0.7833815, 0.5241278)
(0.3348745, -0.7843035, 0.5222327)
(0.335301, -0.7850701, 0.5208052)
(0.336212, -0.7856229, 0.5193825)
(0.3375516, -0.7858045, 0.5182377)
(0.3392184, -0.785753, 0.5172265)
(0.3405243, -0.7861671, 0.5157368)
(0.340763, -0.7875772, 0.5134226)
(0.3405046, -0.7893925, 0.5107995)
(0.3412588, -0.7908059, 0.5081029)
(0.3425617, -0.7917579, 0.505738)
(0.3433545, -0.7917833, 0.5051602)
(0.3441251, -0.7916814, 0.5047954)
(0.3446304, -0.7921141, 0.5037711)
(0.3449146, -0.7929879, 0.5021994)
(0.3452093, -0.7932854, 0.5015266)
(0.3449625, -0.7944629, 0.4998296)
(0.3441036, -0.7971122, 0.4961904)
(0.3423592, -0.7995864, 0.4934084)
(0.3426848, -0.8003304, 0.491974)
(0.3440486, -0.8000574, 0.4914659)
(0.3437206, -0.8007089, 0.4906338)
(0.342706, -0.802327, 0.4886963)
(0.3424793, -0.8039461, 0.4861878)
(0.3428362, -0.8051422, 0.4839517)
(0.341818, -0.8064575, 0.48248)
(0.3406003, -0.8065529, 0.4831809)
(0.3403713, -0.805934, 0.4843738)
(0.3400275, -0.8055908, 0.4851854)
(0.3397807, -0.8056145, 0.4853191)
(0.3389998, -0.8063051, 0.4847177)
(0.3376063, -0.8067981, 0.48487)
(0.3360419, -0.8066893, 0.4861361)
(0.3334017, -0.8066579, 0.4880023)
(0.3303709, -0.8093693, 0.4855681)
(0.3272271, -0.8133161, 0.4810816)
(0.3233398, -0.8181584, 0.4754662)
(0.3198333, -0.8207881, 0.4733006)
(0.3169091, -0.8208618, 0.4751363)
(0.314307, -0.8204957, 0.4774914)
(0.3124053, -0.8175822, 0.4836965)
(0.313211, -0.8138592, 0.4894202)
(0.3143743, -0.8111221, 0.4932036)
(0.3132099, -0.811685, 0.4930183)
(0.3109648, -0.8128051, 0.4925939)
(0.3077512, -0.8135177, 0.493435)
(0.3077335, -0.8112821, 0.4971131)
(0.3072927, -0.8078128, 0.5030007)
(0.3064895, -0.8054951, 0.5071901)
(0.3032786, -0.8060101, 0.5083009)
(0.3001233, -0.8082375, 0.5066341)
(0.2963645, -0.8133538, 0.5006234)
(0.2907781, -0.8185837, 0.4953472)
(0.284876, -0.8222724, 0.49266)
(0.2801091, -0.8247671, 0.4912211)
(0.2746322, -0.8258119, 0.4925565)
(0.2680009, -0.825672, 0.4964285)
(0.2625868, -0.8264446, 0.4980337)
(0.2555701, -0.8292797, 0.49697)
(0.248661, -0.8335655, 0.4932912)
(0.2418667, -0.8368295, 0.4911384)
(0.2353885, -0.8377361, 0.4927377)
(0.230084, -0.8376171, 0.4954382)
(0.2252877, -0.8382384, 0.4965903)
(0.2196117, -0.8393485, 0.4972574)
(0.2147247, -0.8404761, 0.4974869)
(0.2100629, -0.8413095, 0.4980683)
(0.2055734, -0.8410704, 0.5003402)
(0.2018587, -0.8418102, 0.5006084)
(0.1981933, -0.843022, 0.5000333)
(0.1954299, -0.8429388, 0.5012599)
(0.1938251, -0.8427963, 0.5021218)
(0.1918084, -0.8427239, 0.503017)
(0.1913968, -0.8420607, 0.5042827)
(0.1902822, -0.8421189, 0.5046073)
(0.1883501, -0.8434774, 0.5030609)
(0.186496, -0.8444411, 0.502134)
(0.1863351, -0.8453698, 0.5006289)
(0.185879, -0.8455796, 0.500444)
(0.1862907, -0.8449035, 0.5014318)
(0.1865786, -0.8447143, 0.5016435)
(0.1871886, -0.8449568, 0.5010074)
(0.1886906, -0.8454911, 0.4995405)
(0.1908527, -0.8463718, 0.4972224)
(0.1927313, -0.8471964, 0.4950888)
(0.1951298, -0.8480159, 0.492741)
(0.1968814, -0.8472008, 0.4934456)
(0.1975178, -0.8473994, 0.4928499)
(0.1973199, -0.8476239, 0.492543)
(0.1977714, -0.8472913, 0.492934)
(0.199056, -0.8467613, 0.4933275)
(0.2002138, -0.8467128, 0.492942)
(0.2019333, -0.8472683, 0.4912834)
(0.2043897, -0.8478283, 0.4892977)
(0.2059282, -0.8479104, 0.4885094)
(0.2057798, -0.8468893, 0.49034)
(0.2063461, -0.8460197, 0.4916013)
(0.2075053, -0.8451762, 0.4925635)
(0.2090203, -0.8439761, 0.4939787)
(0.2116611, -0.8430559, 0.4944254)
(0.2156613, -0.8427818, 0.4931623)
(0.2176729, -0.8432695, 0.491442)
(0.2184528, -0.8445683, 0.4888587)
(0.217983, -0.8446594, 0.4889109)
(0.2180302, -0.8433315, 0.4911771)
(0.2190866, -0.8421414, 0.4927462)
(0.2198871, -0.8425834, 0.4916328)
(0.2206282, -0.8440773, 0.4887296)
(0.2204652, -0.8448234, 0.4875126)
(0.220038, -0.8444849, 0.4882915)
(0.2204082, -0.843123, 0.4904732)
(0.2225236, -0.8427063, 0.4902339)
(0.2259554, -0.8428248, 0.4884573)
(0.2284541, -0.8436762, 0.4858181)
(0.2305025, -0.8432552, 0.4855812)
(0.2327931, -0.8422249, 0.4862762)
(0.2341367, -0.8401333, 0.4892403)
(0.2325818, -0.8376871, 0.4941518)
(0.2302632, -0.8346804, 0.5002875)
(0.2269748, -0.8307009, 0.5083488)
(0.2252033, -0.8280333, 0.5134631)
(0.224691, -0.8284848, 0.5129589)
(0.2279485, -0.8330704, 0.504017)
(0.2312047, -0.8368944, 0.4961372)
(0.2309893, -0.8410625, 0.4891399)
(0.2285475, -0.843056, 0.4868495)
(0.2275085, -0.843473, 0.486614)
(0.2279931, -0.842621, 0.4878616)
(0.2298943, -0.8386574, 0.4937635)
(0.2329155, -0.8354857, 0.4977087)
(0.237138, -0.8344197, 0.4975032)
(0.2407326, -0.8362349, 0.4927059)
(0.2434278, -0.8364485, 0.4910161)
(0.245034, -0.8360578, 0.4908824)
(0.2448515, -0.8352392, 0.492365)
(0.2432459, -0.834006, 0.4952428)
(0.2425724, -0.833577, 0.4962943)
(0.2417665, -0.8331046, 0.4974793)
(0.2410202, -0.8320107, 0.4996675)
(0.2407185, -0.8308843, 0.501683)
(0.2412051, -0.8304374, 0.5021891)
(0.2416828, -0.8302249, 0.5023108)
(0.2426094, -0.8304387, 0.5015101)
(0.2437445, -0.8300461, 0.5016096)
(0.2444142, -0.8294137, 0.5023291)
(0.2456063, -0.8282991, 0.5035852)
(0.2467044, -0.8272704, 0.5047382)
(0.2484628, -0.8272007, 0.5039895)
(0.2505816, -0.8274479, 0.5025324)
(0.2534455, -0.8284571, 0.499424)
(0.2562974, -0.8288457, 0.4973193)
(0.2584341, -0.8297319, 0.4947291)
(0.2595777, -0.8295799, 0.4943852)
(0.2610559, -0.8287801, 0.4949481)
(0.2627376, -0.8279616, 0.4954276)
(0.2650735, -0.8280783, 0.4939863)
(0.2677253, -0.8282977, 0.492185)
(0.2700859, -0.8279496, 0.4914804)
(0.2725533, -0.8269697, 0.4917681)
(0.275101, -0.8261071, 0.4917992)
(0.2767586, -0.8254592, 0.491957)
(0.2787696, -0.8247349, 0.4920363)
(0.2793166, -0.8245381, 0.4920562)
(0.2801214, -0.8249161, 0.4909639)
(0.2810881, -0.8251472, 0.4900221)
(0.2820722, -0.8249677, 0.4897587)
(0.2809457, -0.8274173, 0.4862614)
(0.2774989, -0.8298705, 0.4840551)
(0.2742249, -0.8302759, 0.4852242)
(0.2740062, -0.8274637, 0.4901268)
(0.2765352, -0.8278481, 0.4880531)
(0.276633, -0.8286375, 0.486656)
(0.274548, -0.8291797, 0.4869132)
(0.273931, -0.8289108, 0.487718)
(0.2743071, -0.8290384, 0.4872895)
(0.2723843, -0.829797, 0.4870767)
(0.2695751, -0.8298517, 0.4885441)
(0.2675519, -0.8292439, 0.4906839)
(0.2655725, -0.8282337, 0.4934574)
(0.2643966, -0.8281609, 0.4942104)
(0.2632827, -0.8280301, 0.4950237)
(0.2620627, -0.8273262, 0.4968446)
(0.2613722, -0.8266884, 0.4982679)
(0.2612465, -0.8260176, 0.499445)
(0.2629673, -0.8247741, 0.5005956)
(0.2637294, -0.824189, 0.501158)
(0.2640379, -0.8239484, 0.5013911)
(0.2643649, -0.8227412, 0.503198)
(0.2647715, -0.8217531, 0.5045968)
(0.2652929, -0.8208458, 0.5057982)
(0.2653484, -0.8203917, 0.5065054)
(0.2658442, -0.8194245, 0.5078094)
(0.2669849, -0.8185084, 0.5086876)
(0.2676284, -0.8179331, 0.5092744)
(0.2683249, -0.8175693, 0.5094921)
(0.2689574, -0.8170231, 0.5100344)
(0.2691765, -0.816467, 0.5108088)
(0.2695927, -0.8159862, 0.5113572)
(0.2703362, -0.8157246, 0.5113821)
(0.2707682, -0.8155, 0.5115117)
(0.2711265, -0.8156087, 0.5111488)
(0.2712342, -0.8155272, 0.5112215)
(0.2714461, -0.8150887, 0.5118079)
(0.2717003, -0.8149083, 0.5119603)
(0.271608, -0.8148925, 0.5120344)
(0.2711738, -0.8153158, 0.5115906)
(0.2711102, -0.8153235, 0.5116122)
(0.2708689, -0.8153227, 0.511741)
(0.2708024, -0.8154364, 0.5115951)
(0.2708185, -0.8157021, 0.5111628)
(0.2708499, -0.8158355, 0.5109331)
(0.2710209, -0.8158848, 0.5107638)
(0.2715965, -0.8156664, 0.5108069)
(0.2714669, -0.8158875, 0.5105227)
(0.2708298, -0.8162504, 0.5102808)
(0.2710317, -0.8161913, 0.5102681)
(0.2708418, -0.8165443, 0.5098041)
(0.2700753, -0.8171354, 0.5092633)
(0.2699866, -0.8174942, 0.5087343)
(0.2706982, -0.8180217, 0.5075067)
(0.2709929, -0.8186148, 0.5063919)
(0.2707206, -0.8192552, 0.5055011)
(0.2706418, -0.8198179, 0.5046303)
(0.2707771, -0.8205185, 0.5034175)
(0.2711846, -0.8208805, 0.5026073)
(0.271408, -0.8217694, 0.5010317)
(0.2720897, -0.8226051, 0.4992874)
(0.2726564, -0.8232628, 0.4978924)
(0.2733001, -0.8238816, 0.4965141)
