(5.27108, 0.30946, 5.811179)
(5.271011, 0.3092795, 5.811345)
(5.271026, 0.3096124, 5.811051)
(5.271206, 0.3096446, 5.810889)
(5.27127, 0.3096341, 5.811012)
(5.270968, 0.3095998, 5.810973)
(5.270868, 0.3095978, 5.811003)
(5.27097, 0.3098847, 5.810764)
(5.271138, 0.309671, 5.810898)
(5.271137, 0.3095326, 5.810996)
(5.271351, 0.3099787, 5.810482)
(5.271292, 0.3098127, 5.810702)
(5.271305, 0.3099073, 5.810563)
(5.271267, 0.3095571, 5.810814)
(5.271049, 0.3098439, 5.81058)
(5.271045, 0.3099257, 5.810475)
(5.271139, 0.3095813, 5.810828)
(5.27121, 0.3098865, 5.81048)
(5.271127, 0.310133, 5.810266)
(5.270998, 0.3101543, 5.810122)
(5.271215, 0.3097641, 5.810563)
(5.271162, 0.3099342, 5.810444)
(5.271044, 0.3096645, 5.81053)
(5.271167, 0.3097847, 5.810368)
(5.270993, 0.3096822, 5.810535)
(5.271042, 0.3092903, 5.810922)
(5.27116, 0.3094441, 5.810723)
(5.271194, 0.3093124, 5.810862)
(5.271178, 0.3092683, 5.810887)
(5.271177, 0.3098761, 5.810213)
(5.271142, 0.3097635, 5.810357)
(5.271095, 0.3097476, 5.810472)
(5.271171, 0.3099357, 5.810206)
(5.271122, 0.3099788, 5.810164)
(5.271158, 0.3098536, 5.810183)
(5.270959, 0.3093496, 5.810798)
(5.270884, 0.3092587, 5.810896)
(5.27098, 0.3091263, 5.810969)
(5.270992, 0.3090705, 5.811081)
(5.271039, 0.3091634, 5.811024)
(5.271102, 0.3094934, 5.810634)
(5.2711, 0.3092887, 5.810848)
(5.271048, 0.3094815, 5.810794)
(5.271138, 0.309196, 5.810948)
(5.271122, 0.3092821, 5.810866)
(5.271085, 0.3094804, 5.810619)
(5.271019, 0.3096585, 5.810573)
(5.271032, 0.3097447, 5.810431)
(5.27096, 0.3095396, 5.810637)
(5.270905, 0.3097039, 5.810378)
(5.270806, 0.3097174, 5.810462)
(5.270854, 0.3097453, 5.810347)
(5.270854, 0.3095433, 5.810564)
(5.270647, 0.3096327, 5.810469)
(5.270543, 0.3094996, 5.810507)
(5.270587, 0.3091899, 5.81084)
(5.270554, 0.3093494, 5.810789)
(5.270636, 0.3092763, 5.810874)
(5.270686, 0.3089072, 5.811161)
(5.270774, 0.3095674, 5.810499)
(5.270855, 0.3095891, 5.810516)
(5.270652, 0.3096281, 5.810487)
(5.270586, 0.3093846, 5.810718)
(5.270549, 0.3095082, 5.810608)
(5.270537, 0.3093394, 5.810722)
(5.270755, 0.3091247, 5.811087)
(5.270665, 0.3089225, 5.811193)
(5.270678, 0.3089976, 5.811193)
(5.270675, 0.3091822, 5.811055)
(5.270597, 0.3092093, 5.810994)
(5.270436, 0.3091036, 5.811162)
(5.270479, 0.3088847, 5.811422)
(5.270734, 0.3089431, 5.811246)
(5.270906, 0.3090951, 5.811085)
(5.270967, 0.3090324, 5.811272)
(5.270824, 0.3089792, 5.811287)
(5.27091, 0.309745, 5.81055)
(5.270883, 0.3100233, 5.810253)
(5.27086, 0.3095438, 5.810734)
(5.271008, 0.3094931, 5.810767)
(5.270828, 0.3098367, 5.810445)
(5.270853, 0.3100148, 5.810316)
(5.270748, 0.3095138, 5.81074)
(5.27071, 0.309605, 5.810685)
(5.270833, 0.3095916, 5.810653)
(5.270807, 0.3097064, 5.810686)
(5.270905, 0.3094158, 5.810939)
(5.270835, 0.3093618, 5.811008)
(5.270901, 0.3096425, 5.810762)
(5.270946, 0.3101428, 5.810238)
(5.271001, 0.3099143, 5.810355)
(5.271014, 0.3099612, 5.810489)
(5.2708, 0.3099085, 5.81065)
(5.270825, 0.3099204, 5.810584)
(5.270811, 0.3099184, 5.810557)
(5.270802, 0.3097901, 5.810637)
(5.270713, 0.3099946, 5.810555)
(5.270812, 0.3099304, 5.810657)
(5.27057, 0.3096086, 5.81085)
(5.270625, 0.3093303, 5.811246)
(5.271037, 0.309531, 5.811044)
(5.270971, 0.3097157, 5.81098)
(5.270461, 0.3091062, 5.811388)
(5.270672, 0.3089902, 5.811378)
(5.271615, 0.3097612, 5.810966)
(5.271429, 0.3094299, 5.8112)
(5.270857, 0.3089217, 5.811595)
(5.271084, 0.3096749, 5.810974)
(5.271441, 0.3100161, 5.810573)
(5.271412, 0.3098939, 5.810619)
(5.271494, 0.3095951, 5.811012)
(5.271714, 0.3086482, 5.812221)
(5.271747, 0.3089406, 5.811831)
(5.272517, 0.3086646, 5.812349)
(5.272375, 0.3092343, 5.811667)
(5.271991, 0.3086911, 5.811964)
(5.272323, 0.3098054, 5.810763)
(5.272225, 0.3096096, 5.810894)
(5.272359, 0.3091704, 5.811423)
(5.272949, 0.308509, 5.812397)
(5.272907, 0.3085586, 5.812438)
(5.272803, 0.3084792, 5.812608)
(5.272995, 0.3089266, 5.812211)
(5.273145, 0.3088189, 5.812455)
(5.272944, 0.3082049, 5.812881)
(5.27319, 0.3079666, 5.813158)
(5.273482, 0.3084032, 5.812794)
(5.273806, 0.3077793, 5.813429)
(5.273551, 0.3072931, 5.813935)
(5.273597, 0.3078175, 5.813379)
(5.273555, 0.3076462, 5.81357)
(5.273482, 0.3078121, 5.813354)
(5.273424, 0.3076613, 5.813581)
(5.273335, 0.3075156, 5.81359)
(5.273765, 0.3081565, 5.813011)
(5.273825, 0.3076991, 5.813426)
(5.27362, 0.3073278, 5.813819)
(5.273559, 0.3066065, 5.814692)
(5.273534, 0.3067611, 5.814487)
(5.27364, 0.3069606, 5.814371)
(5.273499, 0.3066698, 5.81449)
(5.273394, 0.306201, 5.815025)
(5.273349, 0.3068688, 5.814341)
(5.273617, 0.3068486, 5.8144)
(5.273394, 0.3060147, 5.815383)
(5.273272, 0.3058727, 5.815378)
(5.273566, 0.3065925, 5.81476)
(5.273764, 0.3064152, 5.81493)
(5.273635, 0.3056286, 5.815471)
(5.273626, 0.3061759, 5.814856)
(5.273537, 0.3060481, 5.815004)
(5.273746, 0.3049999, 5.815992)
(5.273756, 0.3058473, 5.815254)
(5.274065, 0.3067003, 5.814405)
(5.273924, 0.3059921, 5.815238)
(5.273886, 0.3052392, 5.816263)
(5.273838, 0.3049581, 5.816552)
(5.273715, 0.3056386, 5.815665)
(5.27438, 0.3060302, 5.815323)
(5.274431, 0.3063081, 5.81506)
(5.274642, 0.3050705, 5.816636)
(5.274713, 0.3054235, 5.816235)
(5.275014, 0.3068421, 5.814768)
(5.274745, 0.3061039, 5.815707)
(5.275224, 0.3042531, 5.817515)
(5.274719, 0.3044528, 5.816668)
(5.275535, 0.3087967, 5.812039)
(5.275439, 0.3097108, 5.810903)
(5.274865, 0.3076532, 5.812876)
(5.274788, 0.3049433, 5.816282)
(5.274988, 0.304873, 5.81637)
(5.275361, 0.3076291, 5.813322)
(5.275273, 0.3075234, 5.813565)
(5.274697, 0.304785, 5.816138)
(5.275158, 0.3048048, 5.816098)
(5.275512, 0.3053253, 5.815716)
(5.275715, 0.3043104, 5.81682)
(5.275346, 0.3036861, 5.817005)
(5.274817, 0.3038681, 5.816926)
(5.275365, 0.3048125, 5.8158)
(5.275877, 0.3047368, 5.815666)
(5.275809, 0.3046577, 5.815648)
(5.274406, 0.3044292, 5.815526)
(5.274616, 0.304806, 5.814973)
(5.275193, 0.3054296, 5.81423)
(5.274852, 0.3057785, 5.813949)
(5.27429, 0.3049184, 5.814717)
(5.274067, 0.3051816, 5.814388)
(5.273981, 0.3059909, 5.813508)
(5.273834, 0.3061121, 5.813329)
(5.274885, 0.3070659, 5.812205)
(5.275295, 0.3061145, 5.813635)
(5.275066, 0.3053667, 5.814268)
(5.274617, 0.3056185, 5.813839)
(5.274726, 0.3062976, 5.813138)
(5.275074, 0.3050697, 5.814627)
(5.275372, 0.3044055, 5.815341)
(5.275267, 0.3059219, 5.813702)
(5.275117, 0.3069998, 5.81233)
(5.274929, 0.3059556, 5.813217)
(5.275412, 0.3040522, 5.815364)
(5.275823, 0.3046013, 5.814702)
(5.27529, 0.3054213, 5.813703)
(5.275201, 0.305583, 5.813488)
(5.275795, 0.3053772, 5.81385)
(5.276372, 0.3042034, 5.815147)
(5.27696, 0.303184, 5.816343)
(5.277375, 0.3044678, 5.815091)
(5.276896, 0.3043119, 5.815414)
(5.276724, 0.3031642, 5.81661)
(5.277834, 0.3015382, 5.818466)
(5.278168, 0.3003925, 5.819489)
(5.279588, 0.3008266, 5.819399)
(5.279908, 0.3012748, 5.819015)
(5.279987, 0.298234, 5.822192)
(5.281309, 0.2992347, 5.821789)
(5.284008, 0.2993622, 5.822257)
(5.28697, 0.2976989, 5.824365)
(5.290137, 0.2971708, 5.824882)
(5.293169, 0.2979257, 5.824393)
(5.292982, 0.2996215, 5.822749)
(5.293725, 0.2972726, 5.825511)
(5.295477, 0.2957538, 5.82715)
(5.29738, 0.2949431, 5.828002)
(5.301664, 0.2971994, 5.825945)
(5.305407, 0.2991445, 5.824237)
(5.307946, 0.3000336, 5.823666)
(5.311263, 0.2999586, 5.82471)
(5.315, 0.2985663, 5.826803)
(5.318975, 0.2976657, 5.828326)
(5.323516, 0.2952191, 5.831356)
(5.327505, 0.288809, 5.837723)
(5.334048, 0.2797146, 5.849552)
(5.341095, 0.2715731, 5.860092)
(5.355688, 0.2712757, 5.865997)
(5.366206, 0.2687568, 5.872065)
(5.374125, 0.2656262, 5.878598)
(5.3827, 0.2599728, 5.886058)
(5.392882, 0.2596357, 5.89208)
(5.406274, 0.2563753, 5.904139)
(5.422047, 0.2487034, 5.919055)
(5.44282, 0.2277837, 5.945961)
(5.464073, 0.2065099, 5.972474)
(5.471279, 0.1714996, 6.014992)
(5.473342, 0.1426129, 6.051995)
(5.492743, 0.1087655, 6.08818)
(5.517229, 0.05724281, 6.139994)
(5.591135, 6.263295, 6.193916)
(5.641423, 6.198845, 6.243645)
(5.694368, 6.173183, 6.258048)
(5.75068, 6.220102, 6.23152)
(5.747354, 6.12911, 6.167809)
(5.783097, 6.165783, 6.098157)
(5.776732, 6.252126, 5.984978)
(5.721945, 0.03599141, 5.754928)
(5.691197, 0.1306941, 5.613921)
(5.680266, 0.2041474, 5.501372)
(5.727095, 0.1819471, 5.493698)
(5.786687, 0.140573, 5.522198)
(5.81699, 0.1234381, 5.554265)
(5.794001, 0.163003, 5.522327)
(5.792675, 0.2199203, 5.47886)
(5.821779, 0.2516955, 5.455739)
(5.851151, 0.2716928, 5.457688)
(5.849775, 0.2652413, 5.485138)
(5.829261, 0.2432775, 5.522978)
(5.806934, 0.2445104, 5.534848)
(5.801405, 0.2529645, 5.534411)
(5.8034, 0.2692986, 5.525553)
(5.793428, 0.2796675, 5.520102)
(5.767263, 0.2735631, 5.525909)
(5.742398, 0.2641574, 5.535519)
(5.709325, 0.2483561, 5.550115)
(5.677617, 0.2421975, 5.559283)
(5.644036, 0.2434141, 5.565934)
(5.599104, 0.2499642, 5.583807)
(5.566595, 0.2465561, 5.606222)
(5.534317, 0.242176, 5.632504)
(5.495674, 0.242013, 5.653001)
(5.457796, 0.2395008, 5.673652)
(5.42171, 0.2390082, 5.690812)
(5.389232, 0.2333509, 5.709975)
(5.359169, 0.2240528, 5.730717)
(5.32781, 0.2102523, 5.759664)
(5.290765, 0.1962714, 5.794093)
(5.255702, 0.1971162, 5.81133)
(5.232675, 0.1988447, 5.82114)
(5.22161, 0.1894217, 5.838006)
(5.210661, 0.1760371, 5.856035)
(5.199118, 0.1558076, 5.881256)
(5.196136, 0.1353326, 5.912575)
(5.206139, 0.1127047, 5.95613)
(5.20683, 0.1203817, 5.965638)
(5.204402, 0.1486281, 5.950295)
(5.201284, 0.1623454, 5.950064)
(5.191353, 0.1676187, 5.954257)
(5.188096, 0.1655449, 5.962241)
(5.195997, 0.1489469, 5.990827)
(5.203535, 0.1378211, 6.016171)
(5.235423, 0.1380052, 6.033187)
(5.264302, 0.1568539, 6.028763)
(5.266389, 0.165369, 6.034249)
(5.236607, 0.185089, 6.014422)
(5.228764, 0.2290575, 5.962947)
(5.295647, 0.3399073, 5.785047)
(5.311141, 0.4205181, 5.69436)
(5.288359, 0.329227, 5.743866)
(5.283918, 0.2929676, 5.841712)
(5.364372, 0.2192672, 5.917111)
(5.281221, 0.1949967, 5.936567)
(5.222524, 0.1902537, 5.927413)
(5.200861, 0.193777, 5.897641)
(5.228787, 0.2736632, 5.832379)
(5.29094, 0.3019302, 5.82003)
(5.330433, 0.2975327, 5.827904)
(5.320645, 0.2602302, 5.864614)
(5.29424, 0.2319931, 5.888069)
(5.278629, 0.2296635, 5.884426)
(5.267324, 0.2356294, 5.873593)
(5.268703, 0.235262, 5.871459)
(5.287679, 0.2398277, 5.869544)
(5.292551, 0.2354887, 5.872477)
(5.285545, 0.213937, 5.88728)
(5.262003, 0.2400959, 5.86043)
(5.258915, 0.2415551, 5.853231)
(5.295469, 0.2491225, 5.857687)
(5.315543, 0.2458166, 5.864824)
(5.324625, 0.2347486, 5.877831)
(5.310077, 0.2439339, 5.865992)
(5.296415, 0.2533469, 5.849859)
(5.288333, 0.2525615, 5.850096)
(5.287881, 0.2504129, 5.853321)
(5.294714, 0.2373748, 5.86583)
(5.304973, 0.2344353, 5.870419)
(5.306298, 0.2374103, 5.866203)
(5.301188, 0.2452823, 5.858019)
(5.302987, 0.2556399, 5.847554)
(5.304434, 0.2532625, 5.849782)
(5.298863, 0.2529238, 5.848975)
(5.299707, 0.2479859, 5.85413)
(5.30267, 0.246359, 5.856892)
(5.301109, 0.2489133, 5.853841)
(5.302975, 0.2516038, 5.851229)
(5.3024, 0.2516106, 5.851231)
(5.302948, 0.2478945, 5.855035)
(5.30304, 0.2453441, 5.857698)
(5.302492, 0.2457726, 5.857103)
(5.304163, 0.2504505, 5.852328)
(5.305068, 0.2519157, 5.851126)
(5.304646, 0.2472528, 5.855913)
(5.304307, 0.2444536, 5.858557)
(5.305934, 0.2456902, 5.857948)
(5.307195, 0.2470443, 5.85689)
(5.306983, 0.2482883, 5.855428)
(5.308895, 0.248709, 5.855582)
(5.30821, 0.2461449, 5.858432)
(5.307991, 0.2409478, 5.863462)
(5.309767, 0.2428114, 5.86222)
(5.310294, 0.245417, 5.85962)
(5.31011, 0.2450565, 5.859848)
(5.311505, 0.244662, 5.860812)
(5.311796, 0.2418877, 5.864008)
(5.311765, 0.2403126, 5.865315)
(5.31183, 0.2420093, 5.863693)
(5.311404, 0.2429937, 5.862303)
(5.31169, 0.2428668, 5.862163)
(5.311672, 0.2439781, 5.861055)
(5.310279, 0.24372, 5.860766)
(5.309906, 0.2438095, 5.860308)
(5.310918, 0.2454748, 5.858699)
(5.309749, 0.2433577, 5.860278)
(5.307207, 0.2423486, 5.86069)
(5.307672, 0.2441755, 5.85912)
(5.307714, 0.2438752, 5.859369)
(5.309522, 0.2478547, 5.855367)
(5.311035, 0.2458827, 5.858079)
(5.307618, 0.2400788, 5.863252)
(5.308223, 0.2407537, 5.862917)
(5.308606, 0.2411939, 5.862644)
(5.309469, 0.2421825, 5.86123)
(5.309708, 0.2448187, 5.858477)
(5.308335, 0.2478908, 5.855119)
(5.306129, 0.2448265, 5.858001)
(5.303429, 0.2376245, 5.864565)
(5.304262, 0.2346113, 5.867663)
(5.309485, 0.2420192, 5.860922)
(5.311134, 0.24575, 5.857306)
(5.30889, 0.2466267, 5.855668)
(5.305182, 0.245152, 5.856796)
(5.30444, 0.2403429, 5.861958)
(5.305993, 0.2368801, 5.865641)
(5.30652, 0.2352675, 5.867367)
(5.308334, 0.2394557, 5.863038)
(5.308528, 0.2468472, 5.855077)
(5.308342, 0.2467806, 5.855236)
(5.306735, 0.2392866, 5.862416)
(5.307469, 0.2358819, 5.86604)
(5.309667, 0.2404304, 5.861417)
(5.307481, 0.2474727, 5.853923)
(5.311167, 0.2406779, 5.861634)
(5.304611, 0.2334526, 5.867759)
(5.304239, 0.2413195, 5.858372)
(5.307672, 0.2453496, 5.855011)
(5.308828, 0.2434178, 5.857098)
(5.308088, 0.2428158, 5.857137)
(5.306986, 0.2450607, 5.854825)
(5.306483, 0.2445002, 5.855479)
(5.305261, 0.2403861, 5.859515)
(5.305197, 0.2371868, 5.862889)
(5.307277, 0.239711, 5.860804)
(5.308051, 0.2409346, 5.859593)
(5.308003, 0.2429278, 5.857174)
(5.307293, 0.2428201, 5.857184)
(5.307311, 0.2407365, 5.859493)
(5.307274, 0.2392686, 5.860882)
(5.306989, 0.2410861, 5.858717)
(5.306985, 0.2434389, 5.856047)
(5.306926, 0.2430641, 5.85636)
(5.306763, 0.2410408, 5.858778)
(5.306732, 0.2405253, 5.859402)
(5.306087, 0.2405034, 5.85915)
(5.306255, 0.2409335, 5.858738)
(5.306989, 0.2417667, 5.858004)
(5.306607, 0.2420343, 5.857581)
(5.305867, 0.2420942, 5.85741)
(5.305429, 0.2419852, 5.857518)
(5.305479, 0.2416739, 5.85786)
(5.305206, 0.2414834, 5.857878)
(5.305302, 0.2423973, 5.856855)
(5.304682, 0.2420132, 5.857135)
(5.304357, 0.242142, 5.856929)
(5.304222, 0.2421797, 5.856786)
(5.303856, 0.2424582, 5.85638)
(5.303172, 0.2423865, 5.85639)
(5.303444, 0.2424233, 5.856332)
(5.304345, 0.2428127, 5.856174)
(5.304694, 0.2427641, 5.856231)
(5.30432, 0.2419058, 5.857222)
(5.303152, 0.2412219, 5.857614)
(5.303741, 0.2414706, 5.857368)
(5.304724, 0.2422633, 5.856796)
(5.30606, 0.2430481, 5.85631)
(5.306192, 0.2425657, 5.856984)
(5.304978, 0.2407487, 5.858559)
(5.304472, 0.2405472, 5.858652)
(5.306649, 0.2426668, 5.856728)
(5.307787, 0.2425722, 5.857117)
(5.307566, 0.2420093, 5.857604)
(5.307166, 0.2421351, 5.857361)
(5.305995, 0.2413122, 5.858202)
(5.30705, 0.2409995, 5.858583)
(5.307933, 0.2415511, 5.858227)
(5.308109, 0.24233, 5.857448)
(5.307619, 0.2421842, 5.857539)
(5.307297, 0.2417233, 5.857885)
(5.30738, 0.2412328, 5.858421)
(5.307959, 0.2416261, 5.858093)
(5.308723, 0.2425213, 5.857279)
(5.308451, 0.2420475, 5.857677)
(5.307991, 0.2414703, 5.858261)
(5.307765, 0.2410287, 5.858685)
(5.30806, 0.2411462, 5.858595)
(5.308737, 0.2414646, 5.858412)
(5.309059, 0.2417618, 5.858141)
(5.308768, 0.240964, 5.859029)
(5.308712, 0.2401742, 5.859879)
