0.3632289
0.3389956
0.3238113
0.3262014
0.3195377
0.3171123
0.3063741
0.2912436
0.2760542
0.2607301
0.2481032
0.2353904
0.2239259
0.2148029
0.2070629
0.1996453
0.1928076
0.186953
0.1808332
0.1763582
0.172691
0.1693142
0.1648064
0.163577
0.1625521
0.1593374
0.1580368
0.1561486
0.1542806
0.1461084
0.1469071
0.1501344
0.1532786
0.1550072
0.1576083
0.1587094
0.1673741
0.1746359
0.1838035
0.1920512
0.1978053
MSE 0.2105692
total_moving_Distance 0.9604217
height_from_ground 0.1370208
height_from_ground_error 0.03549454
height_from_ground_error2 0.03549454