(5.386904, 1.222611, 5.694919)
(5.386924, 1.222684, 5.694917)
(5.387155, 1.222565, 5.695007)
(5.388093, 1.221959, 5.695254)
(5.388142, 1.221758, 5.695225)
(5.387866, 1.222722, 5.694511)
(5.387766, 1.222863, 5.694086)
(5.387434, 1.222293, 5.694879)
(5.387793, 1.222582, 5.694402)
(5.387506, 1.221978, 5.695188)
(5.38796, 1.222322, 5.694219)
(5.387998, 1.22249, 5.694392)
(5.387996, 1.222845, 5.694151)
(5.387929, 1.222346, 5.694578)
(5.3883, 1.222649, 5.69441)
(5.388451, 1.220909, 5.695693)
(5.388321, 1.221491, 5.694904)
(5.38872, 1.222222, 5.694224)
(5.38883, 1.222327, 5.694037)
(5.389056, 1.221909, 5.69407)
(5.388929, 1.221277, 5.695103)
(5.389057, 1.221205, 5.69511)
(5.38916, 1.221171, 5.695002)
(5.389412, 1.220764, 5.695274)
(5.389339, 1.221007, 5.695076)
(5.389181, 1.22114, 5.694938)
(5.389198, 1.220593, 5.695439)
(5.389493, 1.220988, 5.694866)
(5.389489, 1.22121, 5.694515)
(5.389766, 1.221375, 5.69424)
(5.389338, 1.221425, 5.694299)
(5.389699, 1.221097, 5.694566)
(5.38948, 1.220241, 5.695434)
(5.389685, 1.220758, 5.694609)
(5.389734, 1.220759, 5.694336)
(5.389753, 1.220902, 5.694525)
(5.389664, 1.220982, 5.694294)
(5.389244, 1.220753, 5.69449)
(5.389254, 1.22095, 5.694564)
(5.38991, 1.220646, 5.694695)
(5.38975, 1.220333, 5.694692)
(5.389738, 1.220586, 5.694701)
(5.389744, 1.220203, 5.69486)
(5.389753, 1.220754, 5.694386)
(5.389431, 1.22049, 5.694666)
(5.389302, 1.219895, 5.695374)
(5.389382, 1.220148, 5.694923)
(5.38958, 1.220286, 5.695002)
(5.389517, 1.220089, 5.695178)
(5.389331, 1.219543, 5.695435)
(5.389715, 1.220263, 5.694768)
(5.389666, 1.220605, 5.694619)
(5.389736, 1.219427, 5.695488)
(5.389532, 1.219013, 5.695993)
(5.389994, 1.219882, 5.695075)
(5.389915, 1.219821, 5.69467)
(5.389475, 1.219417, 5.695043)
(5.390057, 1.219416, 5.694534)
(5.390884, 1.219483, 5.694441)
(5.391996, 1.220083, 5.693499)
(5.391448, 1.219602, 5.693913)
(5.391186, 1.219419, 5.693807)
(5.390237, 1.219521, 5.694142)
(5.390724, 1.218721, 5.694567)
(5.391944, 1.219676, 5.693436)
(5.39228, 1.220573, 5.692793)
(5.391964, 1.220701, 5.692857)
(5.391146, 1.220463, 5.693113)
(5.391261, 1.219572, 5.694593)
(5.391489, 1.218918, 5.695119)
(5.391707, 1.21935, 5.694768)
(5.391972, 1.220856, 5.693794)
(5.391357, 1.221108, 5.694114)
(5.39076, 1.220245, 5.695114)
(5.390296, 1.219595, 5.696678)
(5.390373, 1.219344, 5.697541)
(5.390253, 1.219256, 5.697653)
(5.390183, 1.21993, 5.697552)
(5.390181, 1.220807, 5.697351)
(5.390323, 1.220037, 5.698317)
(5.389804, 1.21969, 5.699538)
(5.389397, 1.219587, 5.700259)
(5.3889, 1.219332, 5.701172)
(5.389397, 1.219621, 5.701421)
(5.389451, 1.220029, 5.701876)
(5.389786, 1.219587, 5.702293)
(5.389757, 1.219652, 5.702757)
(5.389572, 1.219949, 5.702629)
(5.38924, 1.220096, 5.70272)
(5.389416, 1.220308, 5.702654)
(5.389296, 1.220821, 5.702425)
(5.388694, 1.220847, 5.702706)
(5.38835, 1.221541, 5.702421)
(5.387699, 1.221268, 5.703166)
(5.387414, 1.220445, 5.704064)
(5.387377, 1.220812, 5.704027)
(5.387006, 1.22217, 5.703349)
(5.386751, 1.222274, 5.70354)
(5.386872, 1.222201, 5.703927)
(5.386528, 1.221645, 5.704924)
(5.386495, 1.219815, 5.706303)
(5.386497, 1.220921, 5.704985)
(5.385943, 1.222745, 5.70366)
(5.386478, 1.222356, 5.704217)
(5.386642, 1.222245, 5.705003)
(5.386156, 1.220585, 5.707151)
(5.386372, 1.220245, 5.707899)
(5.386659, 1.221291, 5.707672)
(5.387018, 1.221644, 5.708034)
(5.388068, 1.221201, 5.708846)
(5.389477, 1.221159, 5.709376)
(5.392837, 1.221509, 5.709183)
(5.395558, 1.224085, 5.706628)
(5.39758, 1.226683, 5.70482)
(5.401645, 1.229071, 5.704506)
(5.405739, 1.228751, 5.70663)
(5.414843, 1.224581, 5.712417)
(5.422103, 1.220369, 5.718024)
(5.428336, 1.214271, 5.727853)
(5.436735, 1.207945, 5.737589)
(5.450751, 1.202578, 5.75078)
(5.471795, 1.190274, 5.769244)
(5.508776, 1.186052, 5.778485)
(5.544971, 1.205039, 5.768758)
(5.570854, 1.286013, 5.712887)
(5.588675, 1.351918, 5.680195)
(5.566659, 1.358442, 5.695833)
(5.517894, 1.334182, 5.768822)
(5.50704, 1.289609, 5.846065)
(5.498038, 1.271536, 5.889497)
(5.492339, 1.29035, 5.894501)
(5.48695, 1.309353, 5.895953)
(5.491477, 1.307161, 5.905385)
(5.495197, 1.299839, 5.919232)
(5.49439, 1.289887, 5.927589)
(5.491026, 1.283548, 5.935502)
(5.494158, 1.276967, 5.934224)
(5.498406, 1.274484, 5.929275)
(5.49575, 1.275794, 5.921735)
(5.489101, 1.287591, 5.906885)
(5.481472, 1.296424, 5.895503)
(5.470824, 1.314868, 5.870374)
(5.466164, 1.324981, 5.85168)
(5.460674, 1.336682, 5.826659)
(5.45341, 1.345096, 5.804475)
(5.447141, 1.352393, 5.785914)
(5.443484, 1.361193, 5.762185)
(5.437575, 1.37975, 5.72555)
(5.432741, 1.395623, 5.694107)
(5.426176, 1.412969, 5.663468)
(5.411517, 1.434496, 5.635415)
(5.401923, 1.454206, 5.609645)
(5.394948, 1.4761, 5.584359)
(5.390554, 1.493687, 5.562473)
(5.388126, 1.50782, 5.541495)
(5.390832, 1.504662, 5.532965)
(5.396824, 1.489292, 5.532874)
(5.400741, 1.462676, 5.539891)
(5.403853, 1.437843, 5.545328)
(5.411755, 1.383023, 5.575667)
(5.417044, 1.340376, 5.601745)
(5.421587, 1.288951, 5.640195)
(5.429944, 1.24795, 5.669398)
(5.440298, 1.213201, 5.688935)
(5.461426, 1.188484, 5.695365)
(5.481791, 1.164554, 5.701578)
(5.500769, 1.136484, 5.715832)
(5.492127, 1.03977, 5.799832)
(5.420152, 1.004476, 5.95551)
(5.428746, 0.94596, 5.964985)
(5.250232, 0.7941986, 6.036503)
(5.231654, 1.3513, 5.55981)
(5.330538, 1.441443, 5.497181)
(5.448919, 1.462334, 5.510827)
(5.396545, 1.360963, 5.585032)
(5.376468, 1.067116, 5.850032)
(5.442099, 1.112508, 5.805046)
(5.390565, 1.009434, 5.867406)
(5.337191, 1.004314, 5.902016)
(5.312304, 1.132717, 5.792511)
(5.342336, 1.246684, 5.677007)
(5.377485, 1.295601, 5.636932)
(5.403882, 1.26931, 5.646381)
(5.375909, 1.186859, 5.71117)
(5.354384, 1.162006, 5.757501)
(5.352775, 1.154732, 5.75827)
(5.368835, 1.170243, 5.740377)
(5.377333, 1.182091, 5.725744)
(5.379381, 1.200835, 5.705281)
(5.371112, 1.201616, 5.706277)
(5.36737, 1.188767, 5.720213)
(5.367221, 1.181332, 5.728465)
(5.366983, 1.183648, 5.727443)
(5.36819, 1.189606, 5.721224)
(5.367981, 1.19144, 5.719736)
(5.368934, 1.192337, 5.718767)
(5.367685, 1.191875, 5.719215)
(5.36825, 1.192258, 5.719323)
(5.368913, 1.191509, 5.720202)
(5.369118, 1.190631, 5.720965)
(5.367594, 1.190324, 5.721361)
(5.366184, 1.192388, 5.720388)
(5.365841, 1.192705, 5.72021)
(5.367582, 1.193314, 5.719825)
(5.368991, 1.192671, 5.720919)
(5.368016, 1.189944, 5.723527)
(5.365946, 1.186136, 5.727229)
(5.365961, 1.189312, 5.724488)
(5.367321, 1.193425, 5.721185)
(5.368485, 1.193714, 5.721581)
(5.369268, 1.187289, 5.727046)
(5.369852, 1.187178, 5.727456)
(5.37018, 1.188258, 5.726104)
(5.370496, 1.190786, 5.723837)
(5.369954, 1.191208, 5.724166)
(5.368101, 1.186427, 5.729154)
(5.367799, 1.18319, 5.732376)
(5.369247, 1.186377, 5.729496)
(5.370581, 1.18611, 5.72922)
(5.369938, 1.187411, 5.727495)
(5.369339, 1.187313, 5.727615)
(5.368618, 1.184518, 5.729647)
(5.369465, 1.189641, 5.725531)
(5.369441, 1.187008, 5.727794)
(5.366681, 1.18556, 5.729397)
(5.366726, 1.185278, 5.730748)
(5.367279, 1.185316, 5.730677)
(5.368195, 1.186603, 5.728539)
(5.369717, 1.185816, 5.729169)
(5.367729, 1.187898, 5.728839)
(5.366226, 1.182945, 5.735265)
(5.367215, 1.182903, 5.736569)
(5.370345, 1.185683, 5.734975)
(5.375335, 1.188741, 5.73307)
(5.376327, 1.189421, 5.734877)
(5.378232, 1.185463, 5.742149)
(5.383705, 1.177134, 5.752004)
(5.390696, 1.176784, 5.755251)
(5.399954, 1.178241, 5.757888)
(5.403085, 1.176748, 5.764179)
(5.419127, 1.186509, 5.761359)
(5.421614, 1.179378, 5.779362)
(5.446233, 1.188527, 5.781239)
(5.467918, 1.153584, 5.820883)
(5.489394, 1.118788, 5.863894)
(5.518641, 1.078041, 5.909188)
(5.552239, 1.017948, 5.976802)
(5.583206, 0.9621739, 6.033571)
(5.61211, 0.9330255, 6.064292)
(5.65423, 0.9447677, 6.055181)
(5.71402, 0.9393529, 6.068564)
(5.763096, 0.9151508, 6.09638)
(5.806198, 0.8940933, 6.113921)
(5.822767, 0.8912199, 6.118833)
(5.821177, 0.8914832, 6.132329)
(5.789354, 0.9015876, 6.166926)
(5.803514, 0.9033937, 6.173962)
(5.818368, 0.8637164, 6.229703)
(5.786672, 0.822541, 6.279946)
(5.764105, 0.8283714, 0.004836914)
(5.747492, 0.9030261, 6.235999)
(5.721258, 0.9856085, 6.18093)
(5.710967, 1.016833, 6.162169)
(5.716798, 0.9960139, 6.189729)
(5.711933, 0.9727976, 6.214693)
(5.702629, 0.9602628, 6.228763)
(5.691648, 0.9534171, 6.23781)
(5.684792, 0.9431334, 6.241636)
(5.6776, 0.9407715, 6.237854)
(5.671286, 0.934492, 6.239656)
(5.668622, 0.9298375, 6.238138)
(5.664192, 0.9365571, 6.225139)
(5.658782, 0.9464262, 6.208736)
(5.642022, 0.9617612, 6.18614)
(5.623744, 0.9752235, 6.166592)
(5.613402, 0.9838645, 6.151113)
(5.604626, 0.9916352, 6.134858)
(5.594713, 1.001442, 6.116289)
(5.58509, 1.015729, 6.091439)
(5.57145, 1.030494, 6.063719)
(5.55001, 1.040126, 6.03573)
(5.53578, 1.042646, 6.010082)
(5.529194, 1.042684, 5.981011)
(5.518665, 1.048795, 5.944903)
(5.497638, 1.063355, 5.901953)
(5.471344, 1.069382, 5.870568)
(5.456361, 1.077263, 5.841258)
(5.444314, 1.085659, 5.811948)
(5.434135, 1.10269, 5.77548)
(5.41943, 1.124557, 5.740123)
(5.400463, 1.148322, 5.704137)
(5.377855, 1.176628, 5.673847)
(5.364869, 1.194284, 5.64484)
(5.361459, 1.209036, 5.622932)
(5.357556, 1.208264, 5.618621)
(5.356905, 1.21029, 5.610452)
(5.363444, 1.20025, 5.615128)
(5.378519, 1.135163, 5.721002)
(5.417097, 1.049044, 5.817864)
(5.491237, 0.8971658, 5.936527)
(5.558411, 0.9087164, 5.927593)
(5.44671, 0.6472299, 6.062844)
(5.320334, 1.322872, 5.542424)
(5.35077, 1.587749, 5.351906)
(5.356536, 1.612929, 5.327377)
(5.391247, 1.172407, 5.668854)
(5.450806, 0.978822, 5.85831)
(5.478485, 1.041395, 5.805415)
(5.451939, 1.045514, 5.778994)
(5.412522, 1.038647, 5.802629)
(5.379083, 1.092992, 5.763483)
(5.366688, 1.159064, 5.701452)
(5.389946, 1.187116, 5.675259)
(5.409032, 1.181748, 5.673674)
(5.417291, 1.143319, 5.700584)
(5.40779, 1.122257, 5.723183)
(5.400321, 1.118126, 5.730346)
(5.395719, 1.12233, 5.726279)
(5.401988, 1.14002, 5.709849)
(5.404465, 1.142701, 5.707054)
(5.402957, 1.138431, 5.710869)
(5.399717, 1.131692, 5.717715)
(5.399118, 1.128646, 5.720815)
