(5.335011, 1.297872, 5.650528)
(5.335194, 1.298763, 5.649876)
(5.334851, 1.299524, 5.649512)
(5.334189, 1.30078, 5.648306)
(5.334341, 1.301599, 5.64803)
(5.334599, 1.302125, 5.647906)
(5.335572, 1.303621, 5.646474)
(5.335725, 1.305956, 5.644995)
(5.334852, 1.307374, 5.644188)
(5.33389, 1.308228, 5.644006)
(5.331054, 1.308853, 5.644074)
(5.329689, 1.310562, 5.643186)
(5.328196, 1.312816, 5.641821)
(5.326643, 1.314967, 5.640487)
(5.326332, 1.319034, 5.63789)
(5.326663, 1.324557, 5.633924)
(5.3301, 1.334654, 5.62738)
(5.335779, 1.345377, 5.621783)
(5.347666, 1.357729, 5.616517)
(5.375587, 1.369927, 5.614362)
(5.425361, 1.384033, 5.611642)
(5.482779, 1.348997, 5.636203)
(5.503543, 1.315004, 5.704124)
(5.518862, 1.308893, 5.745038)
(5.548896, 1.350231, 5.740937)
(5.603664, 1.399912, 5.73214)
(5.580189, 1.386314, 5.73665)
(5.378671, 1.36702, 5.810917)
(5.27832, 1.490423, 5.790419)
(5.23454, 1.487373, 5.820348)
(5.253023, 1.434699, 5.883899)
(5.245243, 1.44879, 5.898043)
(5.233694, 1.446936, 5.917827)
(5.191418, 1.433024, 5.930304)
(5.192256, 1.409128, 5.943155)
(5.199853, 1.388157, 5.930655)
(5.2059, 1.385971, 5.892967)
(5.200929, 1.376498, 5.865392)
(5.194235, 1.363045, 5.85321)
(5.203155, 1.359682, 5.834565)
(5.216377, 1.36305, 5.810334)
(5.22393, 1.394649, 5.762204)
(5.217842, 1.419477, 5.72713)
(5.208061, 1.449443, 5.693964)
(5.202834, 1.478379, 5.66017)
(5.195834, 1.509165, 5.622641)
(5.19106, 1.543461, 5.580736)
(5.193541, 1.564613, 5.548936)
(5.205999, 1.580001, 5.514404)
(5.210019, 1.588772, 5.484509)
(5.217313, 1.595714, 5.455408)
(5.228417, 1.60806, 5.420912)
(5.245523, 1.630949, 5.370563)
(5.24948, 1.649615, 5.325489)
(5.24738, 1.663517, 5.291357)
(5.23578, 1.664468, 5.278426)
(5.233807, 1.667886, 5.26148)
(5.229572, 1.660633, 5.25572)
(5.225506, 1.662938, 5.241889)
(5.238729, 1.676119, 5.219111)
(5.241355, 1.680211, 5.202584)
(5.23582, 1.676341, 5.205442)
(5.228716, 1.657493, 5.225976)
(5.227878, 1.634998, 5.249983)
(5.226017, 1.612888, 5.270811)
(5.228279, 1.566803, 5.32095)
(5.244236, 1.496806, 5.392835)
(5.288757, 1.408369, 5.476587)
(5.343776, 1.350918, 5.524254)
(5.373017, 1.321621, 5.544353)
(5.330962, 1.145178, 5.69078)
(5.358684, 1.082322, 5.867426)
(5.524107, 1.003504, 5.80377)
(5.43813, 1.258126, 5.519543)
(5.073236, 1.14727, 5.644141)
(5.007115, 2.066598, 4.946678)
(5.083675, 1.951555, 5.10737)
(5.332726, 1.241978, 5.636603)
(5.449936, 1.12221, 5.73943)
(5.44155, 1.215007, 5.705915)
(5.438715, 1.192562, 5.687864)
(5.401771, 1.198758, 5.677772)
(5.361393, 1.24736, 5.636343)
(5.298345, 1.349195, 5.551578)
(5.298801, 1.387527, 5.528143)
(5.288267, 1.373561, 5.535544)
(5.275838, 1.319566, 5.586125)
(5.293528, 1.236796, 5.669878)
(5.313289, 1.204612, 5.695979)
(5.336224, 1.206173, 5.68842)
(5.346372, 1.256107, 5.642252)
(5.332591, 1.301775, 5.602404)
(5.316458, 1.310705, 5.592134)
(5.304616, 1.29482, 5.606535)
(5.305512, 1.272516, 5.627746)
(5.308027, 1.260879, 5.637684)
(5.313141, 1.260848, 5.636631)
(5.314039, 1.267141, 5.630327)
(5.313443, 1.271305, 5.625246)
(5.316351, 1.270794, 5.621685)
(5.321846, 1.27315, 5.616268)
(5.32772, 1.281387, 5.606881)
(5.332976, 1.290296, 5.598361)
(5.338228, 1.287822, 5.600061)
(5.334803, 1.272297, 5.61299)
(5.330484, 1.269667, 5.613663)
(5.322193, 1.276377, 5.60743)
(5.321891, 1.281829, 5.600883)
(5.328634, 1.286383, 5.595701)
(5.329843, 1.284371, 5.59687)
(5.331988, 1.281798, 5.599445)
(5.336621, 1.282294, 5.599072)
(5.337461, 1.281372, 5.599532)
(5.33675, 1.280154, 5.599718)
(5.333545, 1.27952, 5.601192)
(5.329228, 1.275334, 5.603662)
(5.328834, 1.271501, 5.6092)
(5.328266, 1.261184, 5.618401)
(5.328414, 1.258418, 5.62075)
(5.331679, 1.264031, 5.616212)
(5.334762, 1.268546, 5.611024)
(5.33461, 1.271648, 5.609611)
(5.330068, 1.260404, 5.619111)
(5.32938, 1.258533, 5.620806)
(5.331325, 1.263484, 5.616468)
(5.333247, 1.265633, 5.61396)
(5.335399, 1.265543, 5.614359)
(5.334608, 1.263677, 5.616693)
(5.331851, 1.26148, 5.619043)
(5.335512, 1.262565, 5.618743)
(5.339349, 1.258996, 5.620498)
(5.34146, 1.260862, 5.619889)
(5.339706, 1.261052, 5.619769)
(5.332314, 1.257195, 5.622826)
(5.329618, 1.255949, 5.623539)
(5.334773, 1.262168, 5.617997)
(5.339387, 1.26005, 5.619367)
(5.340855, 1.26044, 5.619059)
(5.338734, 1.257682, 5.621982)
(5.338011, 1.256678, 5.622524)
(5.336079, 1.257348, 5.622112)
(5.334352, 1.256824, 5.622507)
(5.333441, 1.256362, 5.62284)
(5.335667, 1.254299, 5.624966)
(5.338694, 1.253769, 5.624951)
(5.339551, 1.25568, 5.623768)
(5.339639, 1.254724, 5.624594)
(5.338637, 1.252431, 5.627371)
(5.339077, 1.248993, 5.630368)
(5.34026, 1.250121, 5.629584)
(5.341491, 1.250694, 5.629026)
(5.340516, 1.247212, 5.630497)
(5.338073, 1.248787, 5.628102)
(5.3387, 1.256587, 5.621025)
(5.347275, 1.264129, 5.616061)
(5.350958, 1.255662, 5.624291)
(5.349716, 1.246505, 5.63369)
(5.340977, 1.235307, 5.645198)
(5.33565, 1.232451, 5.647222)
(5.336535, 1.241028, 5.639243)
(5.34448, 1.251546, 5.630269)
(5.351171, 1.253955, 5.627972)
(5.352024, 1.245321, 5.638853)
(5.350858, 1.234148, 5.649349)
(5.337603, 1.228779, 5.652625)
(5.349818, 1.250309, 5.636148)
(5.361644, 1.252821, 5.635117)
(5.35368, 1.239207, 5.646075)
(5.344689, 1.236142, 5.655151)
(5.35253, 1.225799, 5.663515)
(5.353983, 1.235046, 5.657019)
(5.36417, 1.235694, 5.661691)
(5.369248, 1.225495, 5.672607)
(5.378119, 1.222921, 5.67566)
(5.387094, 1.227723, 5.674037)
(5.387688, 1.217999, 5.686676)
(5.378491, 1.228514, 5.67605)
(5.396591, 1.243243, 5.666712)
(5.434584, 1.234132, 5.68926)
(5.491815, 1.194091, 5.735059)
(5.525451, 1.088372, 5.819244)
(5.56713, 1.026404, 5.900241)
(5.59812, 0.988091, 5.931553)
(5.64827, 0.9987487, 5.925371)
(5.711385, 1.034198, 5.911331)
(5.750137, 1.062245, 5.911411)
(5.79598, 1.064505, 5.925996)
(5.835403, 1.051947, 5.956727)
(5.85325, 1.037992, 5.982242)
(5.862992, 1.053651, 6.004769)
(5.880787, 1.093567, 6.021999)
(5.950574, 0.9742211, 6.085201)
(5.931273, 0.8858018, 6.055745)
(5.716972, 0.9695425, 6.036336)
(5.58252, 1.107375, 5.992836)
(5.590728, 1.026114, 6.095989)
(5.546364, 0.9984316, 6.18871)
(5.55002, 0.9945863, 6.23042)
(5.568289, 1.042212, 6.232823)
(5.62503, 1.074289, 6.23505)
(5.707237, 1.103338, 6.247363)
(5.791758, 1.154753, 6.231915)
(5.753284, 1.10865, 6.259493)
(5.716546, 1.099993, 0.03960764)
(5.708793, 1.074999, 0.08379787)
(5.715212, 1.033356, 0.1413112)
(5.724573, 1.034516, 0.1770803)
(5.723807, 1.056145, 0.1871081)
(5.72435, 1.082018, 0.1879811)
(5.726256, 1.086968, 0.1960613)
(5.731641, 1.073041, 0.2126667)
(5.740251, 1.042546, 0.237397)
(5.752781, 1.006254, 0.2393573)
(5.7612, 0.9890091, 0.232272)
(5.766965, 0.9798461, 0.2052981)
(5.763098, 0.9826541, 0.172345)
(5.745799, 0.988749, 0.1302108)
(5.729843, 0.9923759, 0.09746097)
(5.710725, 0.995128, 0.06832455)
(5.691275, 0.9937549, 0.0442532)
(5.670936, 0.9876252, 0.02975062)
(5.65141, 0.9848988, 0.01704073)
(5.631649, 0.9805096, 0.01327377)
(5.615628, 0.9839305, 0.008026302)
(5.59493, 1.012471, 6.26124)
(5.561122, 1.061472, 6.204339)
(5.532554, 1.10216, 6.152825)
(5.510641, 1.13738, 6.097494)
(5.501456, 1.118325, 6.077705)
(5.502765, 1.122687, 6.0289)
(5.494264, 1.10373, 5.971756)
(5.481387, 1.095732, 5.921908)
(5.476359, 1.08482, 5.869165)
(5.474039, 1.083806, 5.81387)
(5.476268, 1.09388, 5.7577)
(5.471128, 1.110589, 5.707538)
(5.457246, 1.140033, 5.660432)
(5.432525, 1.168638, 5.62466)
(5.403711, 1.183982, 5.603352)
(5.368829, 1.191571, 5.616735)
(5.350261, 1.209675, 5.595242)
(5.344531, 1.23112, 5.59041)
(5.341691, 1.248328, 5.577847)
(5.340315, 1.259896, 5.566679)
(5.334628, 1.254162, 5.575176)
(5.330014, 1.24367, 5.58771)
(5.333067, 1.209419, 5.623372)
(5.370855, 1.15758, 5.661323)
(5.385885, 1.175811, 5.595026)
(5.25702, 1.314214, 5.499712)
(5.143593, 1.254874, 5.599155)
(5.139756, 1.157665, 5.673231)
(5.228659, 1.130306, 5.678168)
(5.330558, 1.227756, 5.600594)
(5.365283, 1.333115, 5.499158)
(5.335867, 1.254063, 5.566605)
(5.389791, 1.174313, 5.647415)
(5.402164, 1.119213, 5.680599)
(5.393263, 1.106544, 5.684137)
(5.347447, 1.179429, 5.631513)
(5.311408, 1.248336, 5.577123)
(5.285613, 1.249686, 5.573252)
(5.279644, 1.207567, 5.611419)
(5.285717, 1.172674, 5.642822)
(5.309243, 1.145328, 5.66768)
(5.328634, 1.152493, 5.657895)
(5.34305, 1.18828, 5.622972)
(5.343174, 1.212501, 5.600333)
(5.338972, 1.227981, 5.584785)
(5.329523, 1.217569, 5.596051)
(5.322004, 1.190835, 5.620961)
(5.320571, 1.178589, 5.633557)
(5.32079, 1.174812, 5.637282)
(5.323522, 1.181903, 5.630526)
(5.325115, 1.190906, 5.621567)
(5.326168, 1.196401, 5.61622)
(5.326409, 1.196252, 5.615669)
(5.327411, 1.189032, 5.623236)
(5.326691, 1.184505, 5.62713)
(5.326443, 1.186666, 5.625042)
(5.326434, 1.193557, 5.619412)
(5.327256, 1.192273, 5.620326)
(5.327127, 1.183622, 5.628493)
(5.326326, 1.182501, 5.630078)
