0.5234933, 0.1142368, 0.04860997
0.524545, 0.1155233, 0.04284859
0.5237955, 0.1126442, 0.03628218
0.5225822, 0.1070864, 0.03029442
0.5227277, 0.1020734, 0.02066767
0.5234866, 0.09627485, 0.01141965
0.5254311, 0.08859134, 0.004327893
0.5319459, 0.08069849, -0.0007789135
0.5429887, 0.08451176, -0.0004214048
0.5488306, 0.07842302, -0.002860188
0.5514334, 0.07330656, 0.001696229
0.548791, 0.06542611, 0.00323534
0.546173, 0.0580461, 0.007669687
0.5456567, 0.05441928, 0.01460361
0.5447211, 0.05459094, 0.01775682
0.5415366, 0.05565143, 0.01658273
0.5389653, 0.05844903, 0.01516581
0.5384901, 0.06071496, 0.01518106
0.5395634, 0.06107044, 0.01614404
0.5390101, 0.0607028, 0.01419246
0.5403207, 0.05889845, 0.01202989
0.5411608, 0.05708265, 0.01143038
0.5413497, 0.0532937, 0.009748101
0.5402811, 0.05213928, 0.01032782
0.5404276, 0.050946, 0.01085579
0.541832, 0.05262613, 0.01106501
0.5414819, 0.05457401, 0.01134133
0.5404875, 0.05472374, 0.01081026
0.5391971, 0.05341387, 0.01177597
0.538708, 0.05260158, 0.01318681
0.5388845, 0.05238128, 0.01302087
0.5397841, 0.05376577, 0.01276898
0.5393361, 0.053725, 0.01266265
0.5393302, 0.05267239, 0.01173401
0.5394511, 0.05277991, 0.01103282
0.5394647, 0.05288672, 0.01078761
0.5394295, 0.05273366, 0.01070309
0.5395891, 0.05288792, 0.01078331
0.5395629, 0.05287337, 0.0109725
0.5394842, 0.05291891, 0.01133895
0.5393291, 0.05294132, 0.01137137
0.539483, 0.05295134, 0.01129043
0.5394683, 0.05280972, 0.01124251
0.5396859, 0.05303979, 0.01121259
0.5396098, 0.0530026, 0.01116121
0.5395882, 0.05281901, 0.01101828
0.5396981, 0.05305076, 0.0109874
0.5396258, 0.0530262, 0.01111782
0.5395467, 0.05296111, 0.01127052
0.5395862, 0.05304408, 0.01127458
0.5395278, 0.05295348, 0.01123369
0.539545, 0.05287719, 0.01139235
0.5395228, 0.05292869, 0.01137769
0.5394585, 0.05291295, 0.01145577
0.5395079, 0.05273533, 0.01155853
0.539341, 0.05268836, 0.01168776
0.5392316, 0.05265641, 0.01180971
0.5392942, 0.05238748, 0.01171482
0.539309, 0.05247164, 0.01166475
0.5393676, 0.05229425, 0.01169014
0.5393086, 0.05222964, 0.01180899
0.5394413, 0.0523181, 0.0118165
