286.0814, 47.63765, 24.70782
286.2833, 41.42951, 32.04092
285.6006, 43.76234, 31.15487
285.2933, 45.00133, 30.69218
286.3565, 43.00974, 33.29779
293.1595, 27.11423, 45.02213
294.9116, 22.31297, 47.91927
294.1906, 25.15796, 45.26045
289.8116, 45.17809, 29.97622
287.1576, 46.0276, 28.89284
282.5516, 42.16919, 31.16192
281.4862, 55.72993, 18.4833
284.5976, 58.47938, 16.36263
285.6243, 55.07482, 19.82612
285.7131, 51.78387, 22.90802
285.7437, 52.19909, 22.81261
285.2424, 52.45927, 22.95402
285.177, 45.75584, 29.03135
285.4505, 42.58493, 32.17301
285.4406, 41.89757, 33.00436
285.3067, 43.26935, 31.7055
285.2402, 47.33298, 27.74516
285.1328, 48.82465, 26.3907
284.9666, 50.20607, 25.19149
284.8623, 50.65074, 24.87828
284.8056, 49.86249, 25.80239
285.0584, 47.39691, 28.08268
285.1934, 46.66481, 28.75569
285.2856, 46.8207, 28.56626
285.211, 48.16804, 27.36626
285.2029, 48.90847, 26.70903
285.1855, 49.08693, 26.59563
285.2563, 48.64673, 27.07422
285.3153, 48.08701, 27.6171
285.3405, 47.51775, 28.13967
285.3564, 47.62711, 28.02993
285.3539, 47.69997, 27.91974
285.3583, 47.82166, 27.77743
285.3382, 47.93882, 27.63697
285.3438, 47.8624, 27.71027
285.2653, 47.66557, 27.90476
285.2415, 47.64142, 27.93881
285.2335, 47.72516, 27.87166
285.2555, 47.69286, 27.94229
285.2584, 47.56753, 28.06563
285.239, 47.40889, 28.19234
285.2109, 47.35509, 28.2559
285.209, 47.53825, 28.08796
285.1788, 47.60598, 28.04903
285.1922, 47.55488, 28.11352
285.2111, 47.42834, 28.24496
285.2157, 47.32622, 28.34503
285.157, 47.37717, 28.29605
285.165, 47.22983, 28.398
285.1826, 47.30618, 28.30482
285.1943, 47.40781, 28.20057
285.1797, 47.57481, 28.05654
285.1862, 47.50758, 28.07971
285.2048, 47.54096, 28.03025
