289.1712, 143.7715, 90.35697
294.0303, 140.7915, 93.17061
294.2197, 139.1484, 98.2416
285.0766, 133.3334, 112.5043
275.5598, 267.9137, 341.8111
286.0268, 282.3145, 328.6236
297.5362, 279.6541, 331.1273
304.1014, 280.0876, 330.0959
303.1706, 280.195, 325.9635
293.9308, 279.4683, 323.6274
285.5441, 256.2581, 346.9515
287.4329, 204.3315, 38.24138
301.0216, 173.6094, 67.02196
310.4889, 160.8446, 74.96429
304.8728, 154.1404, 77.51094
296.4693, 162.0167, 72.77121
293.3273, 169.7456, 68.02346
286.9969, 176.5793, 63.67891
282.2737, 190.4915, 49.95934
282.0236, 225.3306, 15.74034
286.6714, 249.2782, 352.9915
288.5176, 252.0643, 350.2523
285.8194, 248.036, 354.3941
284.2907, 234.5607, 8.295019
283.4854, 224.6268, 16.49464
283.0352, 212.3955, 27.97198
283.9927, 201.6427, 38.73717
285.8002, 197.9715, 42.17064
285.9386, 199.2265, 40.56519
285.4456, 202.281, 37.74394
284.4152, 208.2361, 32.24743
283.9082, 212.116, 28.59232
283.7176, 215.7469, 25.2026
283.7745, 215.7383, 25.23679
283.9888, 213.7141, 27.12527
284.3173, 209.5826, 31.07933
284.4031, 208.4942, 32.08747
284.3091, 209.8505, 30.69581
284.1753, 211.8315, 28.84383
284.1063, 212.6951, 27.97892
284.1038, 212.4807, 28.18593
284.1773, 211.9102, 28.6541
284.2691, 211.4223, 28.98914
284.3103, 210.4509, 30.20655
284.1279, 212.3782, 28.00488
284.2542, 213.4167, 27.16603
284.1417, 212.9577, 27.49564
284.1837, 212.7729, 27.65592
284.2325, 212.467, 28.01876
284.2186, 212.9112, 27.52695
284.1755, 213.2514, 27.20327
284.1619, 213.6347, 26.83491
284.1735, 213.7327, 26.72589
284.1334, 213.723, 26.75771
284.1521, 213.7809, 26.69386
284.1693, 213.7871, 26.67131
284.1607, 213.8694, 26.58904
284.1126, 214.1607, 26.30313
284.0933, 214.3975, 26.06122
284.1099, 214.5702, 25.88817
284.1089, 214.6644, 25.7941
284.1029, 214.7672, 25.68599
284.0974, 214.7064, 25.74338
284.062, 214.7187, 25.73079
284.0614, 214.8706, 25.57146
284.0459, 215.1014, 25.35007
284.0242, 215.3343, 25.13214
283.99, 215.3126, 25.13677
283.9588, 215.2771, 25.15301
