285.9459, 153.6498, 27.88663
285.851, 153.9165, 27.61871
285.8117, 154.1783, 27.33569
285.8933, 154.5084, 26.94493
285.9519, 154.8695, 26.57394
286.0169, 155.0463, 26.3027
286.2018, 155.5556, 25.74915
286.3918, 156.101, 25.23587
286.8457, 156.39, 24.91463
287.1111, 156.3688, 24.80637
287.413, 155.9083, 24.79978
287.8262, 155.8829, 24.48269
288.6129, 155.7682, 24.37644
288.7775, 156.5169, 23.62879
289.3369, 156.5676, 23.21359
290.6744, 156.4883, 22.54788
292.0376, 157.0298, 21.3559
294.7207, 160.0419, 18.25892
298.1587, 164.0603, 14.47952
300.3939, 166.9939, 11.18369
303.3422, 168.7053, 9.141263
310.012, 167.9848, 8.55181
316.8451, 166.1818, 8.286394
321.7217, 164.6897, 6.854126
326.4148, 164.7666, 5.000251
330.5242, 165.7009, 3.254981
334.7256, 166.7417, 1.462769
338.0083, 167.1367, 0.09120883
341.5588, 166.1649, 357.7248
341.3364, 168.7978, 356.3471
332.7773, 165.7503, 1.177516
328.2575, 162.0248, 0.5217558
322.8986, 163.031, 359.1468
320.2913, 164.4064, 359.1178
319.3781, 164.9366, 358.3794
318.9185, 166.8795, 356.3601
317.8911, 167.5293, 355.5808
317.6146, 166.4922, 356.0819
315.303, 164.9414, 357.1668
312.8192, 163.1956, 358.5279
310.408, 160.9615, 0.4602602
307.7545, 159.6329, 1.935941
304.6726, 158.5278, 3.362757
301.4467, 157.5633, 4.591291
298.6142, 156.1658, 5.98972
296.4185, 154.4134, 7.76381
294.4342, 151.8722, 10.36676
293.3177, 147.5405, 14.83935
292.5574, 143.5755, 19.14833
294.279, 141.408, 22.00032
295.2653, 140.2216, 23.18019
292.4328, 132.4539, 29.42435
290.1761, 123.5464, 37.7839
288.8616, 116.957, 44.45145
287.8439, 108.3812, 53.5635
287.2695, 103.5848, 59.85376
285.7942, 107.9114, 57.57175
284.3387, 111.0186, 55.27591
282.9578, 120.2224, 46.80097
282.3241, 131.3633, 36.23338
282.735, 138.2802, 27.99988
285.6324, 155.6559, 9.843803
287.3013, 173.1002, 354.0529
287.4828, 197.433, 330.8255
287.0961, 222.9144, 305.653
