-0.1420007, 0.05036378, -0.1765002
-0.1417922, 0.05019045, -0.1765491
-0.1415672, 0.0499928, -0.1765548
-0.1412765, 0.04976583, -0.1764598
-0.1409263, 0.04985237, -0.1765131
-0.1407217, 0.04977441, -0.1764828
-0.1404993, 0.04976654, -0.1765012
-0.1402389, 0.04987144, -0.1765786
-0.1400301, 0.05003548, -0.1767565
-0.140047, 0.05027699, -0.1771363
-0.1399613, 0.05044532, -0.1774174
-0.1393605, 0.0507462, -0.1777611
-0.1379948, 0.05132556, -0.1782655
-0.1362346, 0.05163932, -0.1792091
-0.1331024, 0.05152965, -0.1802745
-0.1288697, 0.05116367, -0.1807648
-0.1251141, 0.05058622, -0.1813095
-0.1195167, 0.0502584, -0.1807989
-0.1134512, 0.05137873, -0.1804408
-0.104788, 0.05512929, -0.1796319
-0.09667498, 0.05876422, -0.1792904
-0.086716, 0.06415439, -0.1791754
-0.07504874, 0.06888103, -0.1773661
-0.06080419, 0.0723772, -0.1746808
-0.04502672, 0.07270789, -0.172452
-0.02833575, 0.07331228, -0.1686622
-0.009432852, 0.07954264, -0.1677998
0.006479561, 0.08528447, -0.165827
0.03040248, 0.09289837, -0.1665254
0.05252045, 0.09901881, -0.1686927
0.07734865, 0.1034446, -0.1680163
0.1044469, 0.1055648, -0.168417
0.1307165, 0.1041839, -0.1689361
0.1578842, 0.1008642, -0.1683683
0.1851874, 0.09908104, -0.1682791
0.2121125, 0.09491897, -0.1674694
0.2387459, 0.090837, -0.1671484
0.2675543, 0.08623862, -0.1652002
0.2974208, 0.0831213, -0.1609175
0.3272808, 0.08057976, -0.154809
0.3585958, 0.08072686, -0.14794
0.3876284, 0.08055401, -0.1416997
0.4157768, 0.08321309, -0.1336833
0.4437247, 0.08792615, -0.1241442
0.4705023, 0.09116721, -0.1155232
0.4962309, 0.09410357, -0.1062287
0.5199643, 0.09533095, -0.09595823
0.5449796, 0.09508419, -0.08462536
0.5671988, 0.09238553, -0.07352495
0.5873078, 0.09223962, -0.0606823
0.6066936, 0.09316206, -0.04831207
0.6214493, 0.0968504, -0.03720999
0.6375098, 0.1017902, -0.026649
0.649821, 0.1085041, -0.01836908
0.6622158, 0.1138361, -0.01204979
0.6738142, 0.1181045, -0.008838177
0.6848835, 0.1230352, -0.003405571
0.6961623, 0.1237454, 0.002773643
