-0.223931, 0.05618334, -0.1758086
-0.2240312, 0.05618739, -0.1757557
-0.2240332, 0.05593014, -0.1758278
-0.2241995, 0.05594015, -0.1758758
-0.2243251, 0.05596972, -0.1758019
-0.2244514, 0.05610991, -0.1755419
-0.2245634, 0.05613256, -0.1754616
-0.2246763, 0.05616903, -0.1753778
-0.2247564, 0.05605483, -0.1753266
-0.2248999, 0.05607772, -0.1752284
-0.2253031, 0.05612278, -0.175371
-0.2253547, 0.05590701, -0.1754484
-0.2255294, 0.05590367, -0.1753713
-0.225652, 0.05590987, -0.1753011
-0.2259508, 0.05587792, -0.1753914
-0.2261348, 0.05588102, -0.1753723
-0.2263187, 0.05586958, -0.175348
-0.2265369, 0.05572414, -0.1754903
-0.2266574, 0.05570245, -0.1754479
-0.2268373, 0.05561256, -0.1753748
-0.2271163, 0.05572128, -0.1752648
-0.2273992, 0.05573893, -0.1752328
-0.2277959, 0.05580354, -0.1751333
-0.228219, 0.05566335, -0.175168
-0.2288533, 0.05609179, -0.1749306
-0.2293009, 0.05686522, -0.174693
-0.2297776, 0.05800748, -0.1746126
-0.2307416, 0.06048918, -0.1738521
-0.2294198, 0.06538177, -0.1694567
-0.2270319, 0.07082438, -0.1646778
-0.2258547, 0.0772953, -0.1581346
-0.2256961, 0.08207345, -0.147006
-0.2236813, 0.08358192, -0.1374361
-0.2203488, 0.08422256, -0.1277462
-0.217083, 0.08445454, -0.118283
-0.2168747, 0.08509278, -0.1080495
-0.2147284, 0.08572698, -0.09817868
-0.213712, 0.0841372, -0.0868482
-0.2125373, 0.08487988, -0.07492346
-0.2114248, 0.08491039, -0.06297177
-0.2108522, 0.08503151, -0.04961485
-0.2090913, 0.08547187, -0.03658098
-0.2073455, 0.08616018, -0.02474803
-0.2050474, 0.08563781, -0.01275676
-0.2009594, 0.08593345, 0.0002475381
-0.1977455, 0.08483315, 0.01201564
-0.19232, 0.08481908, 0.02371264
-0.1883343, 0.08462667, 0.03523386
-0.1843936, 0.08458877, 0.04655749
-0.1799409, 0.08479309, 0.05774754
-0.1745095, 0.08558989, 0.06906557
-0.1705646, 0.08535814, 0.07982618
-0.1669088, 0.0847187, 0.09033114
-0.1614297, 0.08443642, 0.100784
-0.1584873, 0.08291841, 0.1107562
-0.1545264, 0.08160496, 0.1195406
-0.15299, 0.07929683, 0.1280022
-0.1513677, 0.07741928, 0.1360968
-0.1503151, 0.07553101, 0.1429437
-0.1498496, 0.07318568, 0.1503168
-0.1501943, 0.07042265, 0.1562836
-0.1484866, 0.06924582, 0.1633148
-0.1472511, 0.06760168, 0.1690898
-0.1457254, 0.06510329, 0.1745812
-0.1420828, 0.06082487, 0.1804562
