-1.176059, 0.1015828, 0.4106106
-1.173726, 0.09547997, 0.4170456
-1.175222, 0.08769226, 0.4250301
-1.184134, 0.08675241, 0.4302428
-1.192251, 0.08691597, 0.4327008
-1.197282, 0.08266783, 0.4346177
-1.19884, 0.07563472, 0.4334549
-1.198359, 0.06764388, 0.4346995
-1.199072, 0.0619545, 0.4270007
-1.201012, 0.05953431, 0.4221464
-1.20001, 0.05968928, 0.4227289
-1.192832, 0.06476378, 0.4249918
-1.191073, 0.06874537, 0.4236311
-1.193314, 0.07444668, 0.4255675
-1.192237, 0.06843519, 0.4250684
-1.193275, 0.06859088, 0.4251045
-1.194035, 0.06598711, 0.4274916
-1.194585, 0.06184053, 0.4284909
-1.19509, 0.05920935, 0.4284273
-1.192911, 0.05808067, 0.4280573
-1.193551, 0.05714011, 0.428556
-1.195144, 0.06093407, 0.4284887
-1.192201, 0.06178546, 0.4270706
-1.191548, 0.0606401, 0.4261718
-1.191581, 0.05967951, 0.4253675
-1.192388, 0.0590775, 0.4260714
-1.193033, 0.05923581, 0.4260112
-1.193244, 0.05949664, 0.4261599
-1.192574, 0.05915809, 0.4265882
-1.192108, 0.05865288, 0.426919
-1.192201, 0.05869627, 0.4269121
-1.192262, 0.05867052, 0.4266548
-1.192566, 0.05848789, 0.4263085
-1.192676, 0.05812407, 0.4258667
-1.192655, 0.05804801, 0.4257122
-1.192428, 0.05821967, 0.4255495
-1.192482, 0.05803585, 0.4255204
-1.192479, 0.05809021, 0.4258348
-1.192603, 0.05793047, 0.4256715
-1.192713, 0.05770612, 0.4254498
-1.19284, 0.05777001, 0.4255818
-1.19284, 0.05777001, 0.4255818
-1.192934, 0.05740976, 0.4252741
-1.192936, 0.05767441, 0.4250314
-1.193022, 0.05940127, 0.4255661
-1.193271, 0.05937362, 0.425257
-1.193406, 0.05937982, 0.4251447
-1.193463, 0.05956054, 0.4250792
-1.193295, 0.05934668, 0.4251163
-1.193273, 0.05941558, 0.4248527
-1.193316, 0.05933905, 0.424702
-1.193457, 0.05978203, 0.4246694
-1.193487, 0.05988002, 0.4245095
-1.193563, 0.06020641, 0.4244913
-1.19358, 0.06012106, 0.4243899
-1.193581, 0.06022644, 0.4243033
-1.193601, 0.06016493, 0.4242412
-1.193562, 0.06006336, 0.4242663
-1.193654, 0.06010222, 0.4241539
-1.19372, 0.06008744, 0.4240328
-1.193625, 0.05996084, 0.4240555
-1.193956, 0.05983996, 0.4242399
-1.194007, 0.05971551, 0.4242376
-1.194103, 0.05963993, 0.4242153
