-1.054913, 0.07665896, -0.1097564
-1.056818, 0.07311535, -0.1074851
-1.059143, 0.0707016, -0.103672
-1.061121, 0.06473303, -0.1042714
-1.062207, 0.06119633, -0.1052255
-1.063778, 0.05903864, -0.1069444
-1.065868, 0.05999541, -0.1092483
-1.066381, 0.05703831, -0.1119575
-1.066655, 0.05654168, -0.1150767
-1.066555, 0.05974102, -0.1153052
-1.065392, 0.06009841, -0.1150081
-1.06358, 0.06052065, -0.1154901
-1.062752, 0.05972195, -0.1160888
-1.061673, 0.0578146, -0.1159397
-1.060912, 0.05700612, -0.1167404
-1.061339, 0.05638933, -0.1172329
-1.062974, 0.05823803, -0.1163997
-1.062972, 0.05898929, -0.1169806
-1.064016, 0.05775785, -0.1177892
-1.064404, 0.05729628, -0.1180157
-1.06381, 0.0582881, -0.1188896
-1.063891, 0.05910826, -0.1187419
-1.063148, 0.05862975, -0.1189553
-1.062645, 0.05843115, -0.1190658
-1.062581, 0.05850053, -0.1192059
-1.06237, 0.05875945, -0.1189324
-1.062667, 0.05848718, -0.1187226
-1.062713, 0.05910182, -0.118465
-1.062361, 0.05898714, -0.1184929
-1.062232, 0.05895519, -0.1185099
-1.062175, 0.05933213, -0.1183776
-1.061937, 0.05924606, -0.1182913
-1.062099, 0.05911207, -0.1181883
-1.062002, 0.05911279, -0.1182393
-1.061885, 0.05915427, -0.1182296
-1.062087, 0.0590229, -0.118133
-1.06192, 0.05896616, -0.1179835
-1.061928, 0.05893445, -0.1180884
-1.061974, 0.05891824, -0.1180674
-1.061925, 0.05904007, -0.1180347
-1.061757, 0.05895114, -0.1179675
-1.061999, 0.05876422, -0.1178145
-1.061926, 0.05876875, -0.1178263
-1.06194, 0.05885696, -0.1178924
-1.061721, 0.05897593, -0.1180025
-1.06146, 0.05906439, -0.1178042
-1.061334, 0.05906343, -0.1178513
-1.061307, 0.05919933, -0.1180398
-1.061241, 0.05920506, -0.1181402
-1.061256, 0.05926061, -0.1182787
-1.061432, 0.05922341, -0.1182283
-1.061383, 0.05926323, -0.1182879
-1.061286, 0.05928326, -0.1183152
-1.061143, 0.05930758, -0.1181834
-1.061027, 0.05936766, -0.1182088
-1.060832, 0.05940938, -0.1181452
-1.060719, 0.0595746, -0.118208
-1.060555, 0.05959201, -0.1181934
-1.060396, 0.05958271, -0.1181386
-1.060538, 0.05950832, -0.1179802
-1.06055, 0.05938864, -0.1182602
-1.060423, 0.0597012, -0.1180484
-1.060498, 0.05971813, -0.118014
-1.060505, 0.05976582, -0.118108
-1.060397, 0.05986285, -0.1180412
