283.9206, 368.2459, 29.43466
284.0647, 368.1034, 29.5014
284.2523, 368.1117, 29.43724
284.3879, 368.2539, 29.27128
284.5548, 368.467, 28.99839
284.7472, 369.0188, 28.26188
285.0254, 369.7415, 27.45571
285.5217, 370.7962, 26.31104
285.9512, 371.5045, 25.4263
286.3683, 371.5093, 25.14008
287.0134, 371.5073, 24.8961
287.8311, 371.5208, 24.6088
289.375, 371.722, 23.91519
291.2567, 372.9679, 22.14905
293.6995, 375.8044, 19.12258
296.0959, 378.5894, 16.54693
299.8603, 381.7339, 13.08502
303.0375, 383.491, 11.02906
311.4547, 384.2741, 9.41047
317.5728, 384.1135, 8.225184
321.984, 385.3204, 6.308521
326.0843, 390.2907, 2.713683
329.4841, 394.0755, 0.01191237
332.4573, 397.8667, 357.3592
335.1198, 400.1199, 355.7774
341.5157, 402.4358, 357.639
346.7473, 406.2312, 358.3761
341.0135, 411.8619, 0.9391983
335.2328, 411.1953, 1.038274
329.5418, 411.5688, 358.8174
325.9905, 416.5664, 359.1654
326.6826, 418.6918, 0.506303
328.4918, 419.1681, 0.955239
327.6266, 421.6117, 0.6182783
325.6837, 426.1152, 359.57
322.9113, 430.8446, 357.559
318.6272, 435.0242, 355.0907
313.5601, 438.9556, 353.524
309.9366, 441.7264, 352.6539
306.2328, 442.8417, 352.9692
303.3403, 441.7379, 355.9973
301.7361, 438.978, 1.257128
300.5948, 436.6951, 5.888392
300.8025, 434.3627, 11.70119
299.5361, 433.4939, 15.66499
299.0099, 435.7168, 18.50008
297.8844, 443.0193, 17.14054
296.4305, 448.3684, 15.89242
295.4306, 95.00446, 13.40276
295.2638, 100.9496, 11.64755
294.6264, 105.2322, 11.24659
293.2336, 105.5505, 14.20615
291.2849, 100.6407, 21.42925
289.454, 96.45616, 28.15448
288.3422, 90.19969, 37.01601
288.3559, 440.7439, 48.80566
288.4172, 432.5297, 59.56138
288.4128, 426.3387, 68.90661
288.4809, 423.4366, 75.27818
288.7854, 421.3667, 80.76427
