-0.2438415, 0.06671262, -0.6667619
-0.2438863, 0.06670332, -0.6667159
-0.2436609, 0.06601954, -0.6668353
-0.2437831, 0.06598735, -0.6667778
-0.2439173, 0.06590199, -0.6668108
-0.2441451, 0.06568861, -0.6667845
-0.2442716, 0.06552982, -0.6668907
-0.2445226, 0.06534672, -0.667192
-0.2448316, 0.06512809, -0.6672709
-0.2451105, 0.0652132, -0.6674585
-0.2453716, 0.06536126, -0.6673567
-0.245818, 0.0655179, -0.6671832
-0.2460907, 0.06576133, -0.6668408
-0.2462341, 0.06592488, -0.6666605
-0.246389, 0.06628537, -0.6664435
-0.2469794, 0.06682658, -0.6662974
-0.2484096, 0.06753874, -0.6664937
-0.2502581, 0.06821537, -0.6668973
-0.2536632, 0.06871557, -0.6673709
-0.2585297, 0.06851768, -0.6676455
-0.2632079, 0.06806827, -0.6676078
-0.2707938, 0.06875443, -0.6667339
-0.2771786, 0.07103801, -0.6647742
-0.2858829, 0.07610965, -0.6615946
-0.2947653, 0.08120084, -0.6571903
-0.3029453, 0.08459044, -0.6523538
-0.3124969, 0.08810425, -0.6474073
-0.3239577, 0.0905664, -0.6408763
-0.3381237, 0.09193063, -0.6332018
-0.3509538, 0.09157801, -0.6262344
-0.3668421, 0.08859563, -0.6183525
-0.3853298, 0.09041548, -0.6072299
-0.4026727, 0.0921998, -0.5996709
-0.4239818, 0.0961082, -0.5857084
-0.4411021, 0.09952641, -0.5715969
-0.4617782, 0.1041737, -0.5566838
-0.4816959, 0.09521937, -0.54896
-0.5047298, 0.09386492, -0.5326958
-0.5274546, 0.09011316, -0.5175481
-0.5494962, 0.08705544, -0.502804
-0.5720983, 0.08309627, -0.4861938
-0.5946085, 0.08017755, -0.4690243
-0.6174842, 0.07818723, -0.4511061
-0.6406469, 0.07849193, -0.4289479
-0.6624063, 0.07831025, -0.4083846
-0.6831591, 0.0798161, -0.3859565
-0.7054321, 0.08105159, -0.3605075
-0.7255679, 0.08177662, -0.3363206
-0.7434167, 0.0815208, -0.3117335
-0.7600386, 0.08027244, -0.2867841
-0.7767461, 0.07898521, -0.2600178
-0.7926691, 0.07741952, -0.2344679
-0.8063931, 0.07753491, -0.2066135
