284.6708, 460.0266, 26.98589
284.7009, 460.0284, 26.98304
284.6829, 460.0273, 27.00283
284.7428, 459.8658, 27.1905
284.9094, 459.7794, 27.18847
285.0458, 459.9655, 26.94805
285.2545, 460.1351, 26.75436
285.4727, 459.8333, 27.03786
285.6996, 459.2029, 27.62214
286.3269, 457.9993, 28.77222
286.9116, 457.4153, 29.43761
287.9178, 455.1444, 31.5916
288.8535, 453.6468, 33.25576
289.8547, 452.6779, 34.75512
290.3054, 452.043, 36.13678
289.6332, 449.3255, 39.59827
289.5715, 444.1443, 44.38378
288.1549, 441.222, 45.28171
288.0795, 444.3083, 39.76495
289.5326, 448.4927, 32.41614
290.8853, 447.2955, 27.52911
291.5263, 435.9941, 33.56301
293.7766, 424.5027, 40.76246
296.2928, 415.6073, 45.40396
297.9259, 407.0417, 50.46394
297.2535, 400.9061, 54.62867
295.6146, 396.6342, 59.07323
295.1992, 392.9444, 61.53816
294.1996, 393.0502, 60.7898
291.7328, 404.096, 50.5113
291.6107, 420.513, 34.58435
293.8731, 433.1564, 22.46589
296.6038, 442.5927, 13.4402
299.8071, 448.915, 6.969359
300.7505, 447.6811, 7.255547
300.0013, 441.7776, 12.28785
299.5228, 435.7881, 17.41519
299.4843, 433.4977, 19.02365
299.4078, 431.6299, 20.17462
300.5089, 432.5485, 18.86171
302.8065, 436.428, 15.66723
304.8464, 439.4041, 13.18379
306.0904, 442.1686, 10.99284
305.7465, 443.9567, 9.784845
306.0338, 444.6609, 9.341638
307.3208, 442.5255, 11.59946
308.8075, 441.264, 13.13779
309.5901, 439.8934, 14.73211
309.5687, 439.5764, 15.40152
308.8214, 440.414, 15.4565
308.7977, 440.7299, 16.20022
309.1427, 440.3597, 17.49552
309.8879, 440.0894, 19.08948
310.6011, 439.3596, 21.39227
310.7975, 440.7664, 21.70636
308.9295, 440.8986, 22.52553
304.637, 439.2057, 23.7219
301.0092, 437.1324, 25.80679
297.4789, 431.8069, 31.22573
