284.5826, 165.4065, 37.08458
284.6021, 165.5328, 36.94002
284.6161, 165.6124, 36.80259
284.575, 166.0183, 36.34873
284.5035, 166.5479, 35.80131
284.4158, 166.892, 35.52758
284.4592, 166.7106, 35.73861
284.5387, 165.8644, 36.47158
284.5253, 166.1399, 36.23603
284.5048, 166.4498, 35.96703
284.5213, 166.4624, 35.95061
284.5201, 166.532, 35.86695
284.4217, 166.5369, 35.67725
284.6485, 167.2312, 34.88604
284.9236, 167.7748, 34.35352
284.9491, 168.0251, 34.0921
285.3382, 167.6227, 34.18409
285.6829, 168.1187, 33.55313
286.2187, 168.8537, 32.43805
286.6934, 169.56, 31.27846
286.8638, 170.8975, 29.79645
287.2771, 171.3676, 29.17375
288.0255, 171.6387, 28.70265
289.3855, 173.216, 26.9799
290.8503, 174.83, 25.29193
293.3601, 176.2616, 23.60036
295.5562, 177.4063, 22.11369
298.5869, 179.3384, 19.54906
302.2974, 181.8302, 16.24694
307.9521, 183.8483, 13.07451
312.819, 185.1312, 10.42677
316.5498, 186.2662, 8.296254
320.3472, 187.8895, 5.761058
323.4693, 190.1737, 3.196407
326.3093, 193.3299, 0.04632505
329.4145, 194.7254, 358.027
331.907, 195.7649, 356.1772
334.3368, 195.7536, 356.8357
331.3479, 196.2619, 1.577082
325.2767, 193.3553, 6.633479
322.2362, 191.4518, 7.650625
316.8995, 195.4414, 4.666418
315.4275, 199.0354, 4.186602
315.9302, 201.9068, 3.455328
315.9959, 203.7786, 2.165827
315.1116, 205.3931, 0.5637088
313.5027, 206.248, 359.4534
309.8514, 204.3829, 0.4054936
307.3058, 202.5776, 1.831638
304.2828, 198.0896, 4.996814
301.6078, 194.1165, 7.968153
299.1981, 188.8456, 12.27049
297.2039, 184.3948, 16.4582
295.9346, 180.9328, 19.88092
296.4063, 179.8566, 21.46864
297.6043, 179.0715, 22.7164
298.2082, 177.8796, 24.73008
296.827, 173.8515, 29.21721
296.3455, 171.9214, 32.33586
293.9106, 169.8658, 36.49947
291.9331, 165.1439, 42.84941
290.9716, 163.9097, 46.53887
290.7162, 167.7337, 45.30665
289.097, 171.3959, 44.01411
287.4273, 176.7328, 40.4352
285.9471, 186.5647, 32.0412
284.6514, 196.3185, 23.23485
283.9188, 208.6942, 9.570796
283.3207, 210.1898, 5.218335
282.6957, 203.0154, 10.55499
282.6826, 185.3627, 26.22004
284.9437, 171.9493, 37.30705
