-1.126323, 0.05714607, 0.7831938
-1.126333, 0.05694366, 0.7831596
-1.126821, 0.05701995, 0.7834662
-1.12691, 0.05699539, 0.7834509
-1.126832, 0.05669045, 0.7836183
-1.127055, 0.05696559, 0.7839711
-1.126963, 0.057091, 0.7842376
-1.127049, 0.05709577, 0.7845834
-1.126838, 0.05741644, 0.7847363
-1.126601, 0.05740285, 0.7846832
-1.126224, 0.05765295, 0.7848641
-1.125666, 0.0583005, 0.7850511
-1.125249, 0.05945277, 0.7856996
-1.124751, 0.0599153, 0.7863432
-1.123884, 0.0608511, 0.787741
-1.121766, 0.06194019, 0.7898934
-1.119831, 0.06291604, 0.7918048
-1.116122, 0.06479311, 0.7950218
-1.112016, 0.0674541, 0.798145
-1.105386, 0.07190776, 0.8009044
-1.097253, 0.0776732, 0.8042063
-1.086939, 0.08392334, 0.8059663
-1.076623, 0.08972359, 0.8066005
-1.062052, 0.09481907, 0.8068133
-1.040917, 0.09710741, 0.8034377
-1.021801, 0.100353, 0.7968307
-0.9989334, 0.100734, 0.7870308
-0.9772482, 0.1015983, 0.777339
-0.955842, 0.101289, 0.7702634
-0.9364079, 0.1012588, 0.7626734
-0.917186, 0.1032379, 0.7539448
-0.8983893, 0.1038861, 0.7448605
-0.8767511, 0.1052446, 0.7355629
-0.8528504, 0.1073668, 0.7299247
-0.8318636, 0.1091931, 0.7212179
-0.8088983, 0.1107438, 0.7114077
-0.7848274, 0.1090717, 0.7024384
-0.7611744, 0.1094396, 0.6928607
-0.7354099, 0.1106844, 0.6825972
-0.7091182, 0.1090252, 0.6717411
-0.6831235, 0.1085773, 0.6592322
-0.6550339, 0.1079035, 0.6464823
-0.6283481, 0.1073651, 0.6325111
-0.601535, 0.1068213, 0.617196
-0.5758296, 0.1052909, 0.6018568
-0.5491858, 0.1046166, 0.5854099
-0.5225111, 0.1040056, 0.56936
-0.4967802, 0.1029618, 0.5521645
-0.4707414, 0.1022618, 0.5340877
-0.4453273, 0.1013803, 0.5163779
-0.4175557, 0.1006541, 0.4968838
-0.3924403, 0.09900546, 0.4780466
-0.3671228, 0.09786749, 0.4602299
-0.342596, 0.09700155, 0.4429039
-0.3170036, 0.09682941, 0.4254262
-0.2926919, 0.09896111, 0.4086211
-0.2696501, 0.09996247, 0.3925388
-0.2465882, 0.1006279, 0.3778635
-0.224679, 0.10146, 0.3640839
-0.2018614, 0.1019487, 0.3497974
-0.181529, 0.1017847, 0.3369142
-0.1622901, 0.1028583, 0.3241525
-0.1456917, 0.1058278, 0.3134069
-0.1310093, 0.1092491, 0.3032009
-0.1188997, 0.1140211, 0.2941869
-0.1077577, 0.1175456, 0.2862436
