1.696715, 0.09347129, 0.0786469
1.703621, 0.0940547, 0.06030786
1.705447, 0.091506, 0.04446745
1.708579, 0.08868909, 0.03036463
1.710068, 0.08512473, 0.01959527
1.709942, 0.07813311, 0.01231778
1.707594, 0.07072806, 0.006852388
1.704581, 0.06266665, 0.004415512
1.697916, 0.05522323, 0.006947756
1.694061, 0.0459826, 0.0119071
1.702065, 0.05787277, 0.0162307
1.70672, 0.06679392, 0.01610184
1.704628, 0.06538987, 0.02014756
1.703694, 0.06139135, 0.02527785
1.704721, 0.05788541, 0.02717876
1.70738, 0.05095315, 0.02762604
1.707065, 0.04845524, 0.02524185
1.706999, 0.04800534, 0.02326691
1.706077, 0.0437758, 0.02376628
1.70741, 0.04750967, 0.0229702
1.70654, 0.04832911, 0.02417946
1.703982, 0.04590321, 0.02494407
1.70148, 0.04513121, 0.02548146
1.700519, 0.04462242, 0.02572942
1.702738, 0.04593635, 0.02539515
1.702983, 0.04625463, 0.02534485
1.70326, 0.04576707, 0.02535975
1.703218, 0.04529238, 0.0260781
1.703006, 0.04564881, 0.02697098
1.702537, 0.04585075, 0.02668118
1.702913, 0.04621363, 0.0267005
1.70308, 0.04571056, 0.02641797
1.702762, 0.04579306, 0.02646017
1.702654, 0.04631495, 0.02638459
1.702844, 0.0460887, 0.02638066
1.702499, 0.04616046, 0.02622473
1.702338, 0.04646182, 0.02619958
1.702622, 0.04631233, 0.02623522
1.702276, 0.04642701, 0.02596855
1.702044, 0.04654598, 0.02589631
1.701906, 0.04658103, 0.02596438
1.701764, 0.0462513, 0.02564609
1.701517, 0.04620886, 0.02563679
1.701455, 0.04622912, 0.02578771
1.701348, 0.04605603, 0.02564752
1.701039, 0.04602289, 0.02559721
1.700946, 0.04605079, 0.0256331
1.700852, 0.04586458, 0.02527678
1.700803, 0.04590011, 0.02542019
