294.2989, 171.3757, 13.94078
294.5225, 170.8617, 14.47619
294.5463, 170.9511, 14.70471
294.8287, 170.7395, 15.2903
295.1049, 169.6593, 17.0007
294.0088, 168.3091, 18.86604
292.7866, 167.9929, 19.95079
292.3258, 169.3083, 20.20233
291.1016, 167.0981, 23.80306
288.1447, 158.3233, 32.21917
285.4307, 150.7945, 39.71287
281.8327, 135.1279, 53.54758
281.2118, 128.9071, 59.88139
282.7533, 147.9625, 42.31113
287.8362, 156.0278, 32.24932
286.8124, 157.7959, 30.77777
286.4941, 170.9901, 19.98685
290.1578, 174.8407, 15.23021
289.9352, 177.4956, 12.66304
288.5967, 176.9146, 13.10658
288.0714, 171.4991, 18.20068
287.3012, 168.9961, 21.0034
286.2478, 166.3685, 23.41794
285.3936, 164.0123, 25.61369
285.5944, 165.0148, 24.81729
286.5618, 166.9944, 22.76276
287.0452, 168.2542, 21.47472
287.5247, 169.9408, 19.88202
287.4181, 170.2686, 19.51447
286.8808, 169.5818, 20.16434
286.5895, 168.0958, 21.61699
286.5329, 167.5306, 22.16139
286.7047, 167.7648, 21.88872
286.8351, 168.2966, 21.32198
286.8689, 169.005, 20.69967
286.7977, 169.2626, 20.46942
286.5523, 167.871, 21.77681
286.3778, 167.0523, 22.62925
286.0745, 166.185, 23.46232
286.0251, 165.5985, 23.99008
286.0653, 165.915, 23.7833
286.0002, 165.7764, 23.93702
285.8848, 165.5922, 24.0997
285.7765, 165.2724, 24.45564
285.6567, 164.8824, 24.88312
285.5129, 164.4345, 25.3694
285.4246, 163.78, 26.02312
285.4373, 163.1145, 26.66721
285.5082, 162.6355, 27.17475
285.5334, 162.1606, 27.59715
285.499, 162.3805, 27.37379
285.4299, 162.6829, 27.09587
285.4347, 163.0173, 26.74727
285.4412, 163.1396, 26.59583
285.53, 163.4167, 26.30383
285.5427, 163.5425, 26.15667
285.5887, 163.5952, 26.0821
285.6196, 163.7086, 25.97011
285.6303, 163.8739, 25.78903
285.6601, 163.9359, 25.7076
285.6962, 164.0713, 25.55343
285.7234, 164.1692, 25.45598
285.7562, 164.1953, 25.39439
