287.0916, 356.7985, 26.86066
287.5644, 357.8349, 25.75628
288.0475, 358.5051, 24.98104
288.5361, 359.155, 24.18011
289.0461, 359.6287, 23.58357
289.5331, 360.0415, 23.02841
289.9698, 360.4213, 22.56236
290.6728, 360.4254, 22.43966
291.7432, 360.1114, 22.33364
292.8474, 360.2177, 21.91377
294.4348, 360.5068, 21.20302
296.2513, 361.1042, 20.02728
298.1486, 362.9373, 18.04788
299.7258, 364.9599, 15.81529
301.526, 367.2044, 13.80045
304.135, 368.8149, 12.85222
309.2289, 370.9877, 12.33337
317.0211, 370.5056, 12.87706
323.0995, 369.5863, 12.99324
330.1263, 367.5264, 12.82692
337.2297, 365.7298, 12.48668
345.4574, 363.9378, 12.1651
350.8368, 361.8993, 12.39237
353.4231, 359.8694, 12.72446
355.0865, 358.9738, 12.13785
359.1995, 359.0116, 10.04331
5.15957, 355.9218, 8.17436
1.161063, 356.9797, 7.987111
349.5521, 358.5944, 10.75869
340.2291, 357.8757, 7.810252
329.3068, 361.3821, 4.71042
324.2357, 363.4543, 3.185919
325.9102, 362.4303, 2.700692
325.2519, 361.9504, 2.303723
323.2092, 361.9522, 2.252523
321.4104, 362.9074, 1.601652
319.1863, 363.8059, 0.6756674
316.7439, 364.3806, 359.6082
314.7716, 364.3264, 359.3942
312.607, 361.3122, 2.187464
309.6985, 359.1504, 4.265196
304.7878, 356.1201, 7.551885
301.2595, 353.9197, 9.830373
298.3064, 352.4315, 11.70032
295.5397, 348.3903, 16.32541
293.1487, 342.6562, 22.51155
291.6196, 334.9237, 30.88607
291.2717, 329.6451, 37.07876
293.3031, 330.034, 37.61792
295.5005, 328.4425, 40.17696
296.6267, 324.5703, 45.23939
294.2784, 317.9417, 53.60509
292.1642, 313.9183, 59.24405
290.5584, 313.1591, 62.29367
289.4471, 318.9072, 59.78966
289.7066, 321.092, 58.54168
287.9332, 323.2708, 56.77395
284.7127, 326.2651, 54.20364
281.9119, 327.5777, 53.43288
277.8833, 326.6328, 54.20607
273.9736, 330.0982, 49.75233
271.4186, 345.3398, 33.02182
271.0615, 311.9054, 63.33218
