286.628, 205.1945, 31.28862
286.6743, 205.4392, 31.11225
286.7355, 205.5195, 31.08148
286.8617, 205.1841, 31.43325
286.9533, 205.1098, 31.53803
286.9867, 205.1054, 31.49668
287.0282, 205.1952, 31.37742
286.8068, 204.2365, 31.77094
286.906, 206.6948, 29.44841
287.0418, 207.9928, 28.12527
286.8884, 208.2489, 27.59453
287.0365, 208.3303, 27.22663
287.2747, 208.1496, 27.11409
287.4838, 208.5084, 26.43493
287.8344, 208.338, 26.56161
288.3698, 206.4653, 28.20256
289.3541, 202.1969, 31.53155
289.8813, 202.0722, 30.63982
290.6321, 203.9147, 28.57168
292.5808, 206.5236, 26.11295
295.0007, 207.3806, 25.0659
297.295, 207.5743, 24.06535
301.4072, 203.7493, 25.62718
309.2853, 195.62, 30.29398
315.7003, 190.7181, 32.72021
321.4171, 187.7428, 33.18062
324.3155, 188.6075, 29.90411
327.3761, 187.3826, 28.8824
330.079, 184.6451, 28.44314
334.1628, 181.7963, 27.62797
337.5068, 177.0777, 27.15449
334.7393, 174.1031, 24.08339
326.5931, 178.3896, 21.51959
328.0451, 175.3907, 21.60076
320.9719, 171.3484, 22.08576
316.2133, 171.5236, 19.50478
314.684, 172.5197, 16.65652
313.5837, 173.4699, 13.69485
312.386, 171.9985, 12.42567
310.8842, 169.0187, 12.35702
308.7432, 166.8489, 11.77701
306.7434, 164.5903, 11.17062
305.717, 161.9618, 11.16434
304.0482, 159.1849, 11.65989
300.7271, 155.9444, 12.70162
297.7714, 152.5876, 13.89746
295.1169, 148.5341, 15.44751
292.994, 144.8289, 16.77766
291.8007, 142.3356, 16.53857
290.8394, 140.0135, 16.33892
291.5591, 139.3336, 13.89118
292.8851, 136.2622, 13.04384
292.1788, 130.0658, 15.60702
290.6141, 123.1078, 19.42698
289.7092, 117.583, 21.78079
289.274, 112.2784, 23.65074
289.1029, 106.3543, 26.80559
291.3267, 101.4025, 30.60274
293.5566, 97.73255, 33.03664
296.8083, 95.36721, 34.56767
295.9018, 94.25045, 34.78325
