-0.6592335, 0.0418272, -0.2154876
-0.6591382, 0.04150271, -0.2154603
-0.6592631, 0.04115796, -0.2159536
-0.6592554, 0.04112816, -0.2158983
-0.6592422, 0.04085279, -0.2159752
-0.6592038, 0.04061389, -0.2161039
-0.6590989, 0.04054618, -0.2160206
-0.6589611, 0.04024196, -0.2161796
-0.6588836, 0.03986287, -0.216428
-0.6589288, 0.03990984, -0.2163755
-0.6587961, 0.03963709, -0.2165568
-0.6586469, 0.03922486, -0.216808
-0.6584046, 0.03945374, -0.2168224
-0.6581292, 0.03918219, -0.2170861
-0.6578798, 0.03895187, -0.2174132
-0.6575927, 0.03919816, -0.2175
-0.6572576, 0.03914237, -0.2178605
-0.6568344, 0.03910422, -0.2180032
-0.6567144, 0.03960586, -0.2180439
-0.6563067, 0.03963733, -0.2182312
-0.6557444, 0.03968859, -0.2185017
-0.6548115, 0.04025292, -0.2188404
-0.653313, 0.04045582, -0.2193701
-0.6517936, 0.04045916, -0.2198081
-0.6496413, 0.04080606, -0.2198381
-0.6470132, 0.04051113, -0.2204183
-0.6417835, 0.03921723, -0.2216206
-0.6367706, 0.03850341, -0.2219245
-0.631936, 0.03814316, -0.2219391
-0.6255554, 0.03964543, -0.2207837
-0.6182233, 0.04227066, -0.2203702
-0.609643, 0.04430056, -0.2184796
-0.6012793, 0.04458237, -0.2186506
-0.5911618, 0.04600263, -0.2168157
-0.5796044, 0.04632926, -0.2144713
-0.5659964, 0.04471517, -0.2117314
-0.5536834, 0.05960488, -0.1974738
-0.5379916, 0.0645535, -0.192122
-0.5191903, 0.07210088, -0.1910002
-0.4974634, 0.07649422, -0.1876963
-0.4757716, 0.08462453, -0.1890459
-0.4550887, 0.08922076, -0.1888738
-0.43176, 0.09238005, -0.1896281
-0.4089618, 0.09456873, -0.1897439
-0.3804884, 0.09262824, -0.1907086
-0.3557934, 0.09106159, -0.1920489
-0.3320483, 0.09120846, -0.1920211
-0.3082898, 0.08875012, -0.1931833
-0.2827791, 0.0871799, -0.1937839
-0.2578, 0.08615088, -0.1941563
-0.2318255, 0.0865798, -0.1943481
-0.2060269, 0.08702183, -0.1949739
-0.1806188, 0.08693528, -0.1961951
-0.1526174, 0.08744359, -0.1964405
-0.1277241, 0.08642483, -0.1969602
-0.1026272, 0.08449674, -0.1981297
-0.07785359, 0.08162379, -0.1981411
-0.05328956, 0.0798111, -0.1970081
-0.02950862, 0.07964444, -0.1949937
-0.00666371, 0.08052945, -0.1940782
0.01356253, 0.08333039, -0.1927687
0.03166065, 0.08641672, -0.1936468
0.04988906, 0.09142208, -0.1941007
0.06398162, 0.0969944, -0.1961348
0.07907185, 0.1012204, -0.1980288
0.08947358, 0.1050451, -0.1993856
0.09693643, 0.1071327, -0.2018063
0.1037701, 0.1075749, -0.204723
0.1113051, 0.1077266, -0.2084529
