285.3217, 66.34849, 30.6027
285.3359, 66.40214, 30.56101
285.3359, 66.40214, 30.56101
285.3743, 66.15539, 30.75806
285.4481, 65.88552, 30.96799
285.4356, 65.75301, 31.02533
285.5383, 65.63207, 31.07705
285.7325, 66.14101, 30.28289
285.7685, 67.25094, 29.13143
285.9594, 67.7794, 28.47179
286.2457, 68.12646, 27.93822
286.2457, 68.12646, 27.93822
286.7538, 68.55364, 27.20106
287.3985, 69.47323, 25.94186
288.0106, 71.21957, 23.99655
289.1235, 74.27584, 20.52837
289.4529, 75.35404, 19.54668
289.8939, 74.51234, 20.18728
290.8963, 73.4651, 20.92659
292.3094, 73.34855, 20.82423
292.3094, 73.34855, 20.82423
293.6392, 73.40377, 20.457
295.3215, 73.57212, 19.5581
299.3411, 75.30273, 16.50195
301.9927, 78.41883, 13.71131
304.4814, 81.62156, 11.24495
307.1625, 83.8016, 10.03578
311.3044, 83.58508, 10.12407
316.9148, 80.38152, 11.71418
316.9148, 80.38152, 11.71418
321.6733, 77.35815, 13.05987
326.2592, 74.18798, 13.79876
332.1046, 71.47405, 13.83766
340.9108, 66.74516, 13.88073
343.2007, 66.59467, 12.90811
345.288, 67.32885, 11.56532
345.481, 68.92854, 9.236936
350.8482, 69.54011, 6.41888
350.8482, 69.54011, 6.41888
354.0359, 69.89219, 4.730788
347.3191, 73.409, 4.497445
339.2911, 74.47521, 4.595055
326.2341, 75.04101, 359.7896
324.5262, 73.95661, 0.4520625
325.2208, 71.45856, 0.9910226
324.0249, 70.47123, 0.7276679
323.0727, 70.06057, 0.4493524
323.0727, 70.06057, 0.4493524
322.0696, 70.42718, 0.1058127
318.3928, 71.29804, 359.4653
311.7432, 71.24688, 358.5903
308.5736, 69.96665, 359.4374
305.9548, 67.87003, 1.410462
303.7512, 66.08706, 3.204158
300.7478, 64.0209, 4.723636
297.0898, 60.78805, 6.996372
297.0898, 60.78805, 6.996372
294.8675, 58.22909, 8.996707
294.033, 56.63346, 9.774064
293.7365, 53.28716, 11.56664
293.3821, 46.4111, 17.56996
291.4608, 30.22159, 32.69769
289.8825, 22.52072, 39.61561
289.8513, 17.57566, 44.14334
290.7758, 13.3055, 47.93652
290.7758, 13.3055, 47.93652
290.9887, 11.41641, 49.63792
289.9195, 10.09378, 50.95819
