279.0899, 16.10554, 340.4403
288.5614, -18.54406, 16.28349
309.0056, 327.9217, 28.32489
315.6803, 319.7182, 35.15302
287.9079, 305.1471, 47.85186
285.9332, 311.7766, 42.81309
288.5532, 319.4003, 35.37319
284.4483, 309.5145, 43.92475
278.4923, 298.6684, 54.80243
278.3289, 325.144, 29.17571
286.8922, -20.06909, 15.36841
288.0447, -21.77046, 17.54761
287.8056, -24.92866, 20.65014
286.0224, 325.3483, 29.55195
284.9919, 320.9176, 33.6779
284.4987, 318.8424, 35.75633
284.8252, 321.6054, 33.21938
285.4588, 327.7133, 27.49662
285.5121, 328.6147, 26.68756
285.3567, 327.4398, 27.82217
285.2346, 324.6653, 30.50926
285.3603, 323.7968, 31.369
285.4673, 323.9525, 31.25272
285.4778, 324.8673, 30.50474
285.4441, 324.495, 30.91995
285.5025, 323.9086, 31.5267
285.669, 323.4296, 32.0173
285.7321, 323.0168, 32.40092
285.7621, 323.0577, 32.34056
285.7432, 323.2344, 32.20486
285.668, 321.8954, 33.69838
285.7, 321.8385, 33.79256
285.7813, 321.2144, 34.41484
285.9068, 321.0598, 34.63155
285.9862, 320.9029, 34.87236
286.0503, 320.7478, 35.07078
286.1496, 320.4738, 35.37283
286.2099, 320.1663, 35.6796
286.3149, 319.6078, 36.22914
286.4858, 319.2946, 36.46793
286.5134, 319.3303, 36.38985
286.457, 319.8774, 35.86104
286.4786, 320.138, 35.62032
286.4575, 319.8802, 35.87085
286.5298, 319.5636, 36.18189
286.6008, 319.4716, 36.28739
286.6779, 319.2516, 36.52607
286.7058, 319.2726, 36.51481
286.7467, 319.1386, 36.62003
286.7496, 318.9859, 36.75145
286.7561, 319.1746, 36.55471
286.7648, 319.4774, 36.24115
286.7414, 319.624, 36.05518
286.6988, 319.8741, 35.7768
