286.5727, 136.0967, 69.63767
284.5023, 132.9107, 73.36242
283.213, 128.5063, 78.12244
283.2599, 125.6635, 79.9911
283.2121, 133.6655, 71.66354
280.7761, 146.478, 61.51407
270.8058, 231.3721, 342.0753
278.7456, -22.6948, 238.2138
277.4362, -35.29256, 253.2525
296.7711, 222.4411, 1.855397
299.5076, 218.2224, 2.458584
289.5737, 207.2405, 6.814551
285.9481, 189.4442, 21.19499
293.3126, 157.6372, 48.55466
304.54, 136.8318, 63.75852
307.0188, 115.2748, 84.02952
302.7103, 109.026, 93.31529
295.6364, 113.2478, 92.2684
291.8261, 116.9843, 87.86958
286.55, 122.9708, 83.72726
282.7915, 133.9085, 74.25677
281.9335, 163.091, 45.94923
285.7267, 187.1593, 22.60806
291.8455, 198.5593, 12.37801
285.6078, 198.623, 12.21189
282.8873, 193.3346, 17.64236
284.372, 184.9569, 25.70785
283.4876, 174.8046, 34.15561
284.1768, 160.5675, 47.8609
287.4756, 157.3171, 51.34908
288.6912, 157.9855, 50.58677
287.6628, 160.5961, 47.59525
286.5047, 162.5785, 45.76045
285.0876, 166.9676, 41.99573
284.5776, 170.5748, 38.40793
284.7776, 171.8113, 37.26581
285.3876, 169.6945, 39.34978
285.6028, 166.8392, 41.88599
285.594, 166.0444, 42.58328
285.5348, 166.491, 42.15054
285.3394, 168.3812, 40.3401
285.2269, 169.2164, 39.5086
285.2293, 168.8449, 39.87617
285.2753, 168.2586, 40.43938
285.3123, 167.788, 40.89021
285.2322, 167.9657, 40.67443
285.1463, 168.4338, 40.19327
285.0359, 169.055, 39.56607
284.9911, 169.3586, 39.29606
284.998, 169.2931, 39.31979
285.0419, 168.4573, 40.33137
284.9029, 168.2749, 40.39227
284.9041, 168.482, 40.18922
284.9648, 168.264, 40.50153
284.8098, 168.4928, 40.23267
284.7574, 168.5727, 40.25225
284.7834, 168.2725, 40.59187
284.7711, 167.947, 40.92348
284.7694, 167.7639, 41.14678
284.8256, 167.6847, 41.21325
