290.351, 185.4202, 10.99597
295.9266, 186.5062, 9.970453
297.8021, 185.4043, 12.55341
287.0048, 179.4783, 17.82958
282.3434, 166.5671, 29.47682
283.8897, 152.9389, 41.24982
283.254, 147.2146, 46.25726
284.4882, 154.3299, 38.41469
285.4729, 160.1277, 32.81468
286.8097, 173.3171, 20.99719
287.9369, 184.72, 10.12243
286.7107, 193.8405, 2.041089
285.9274, 197.7204, 0.5793078
284.7755, 197.6861, 2.341406
283.7723, 187.359, 11.05812
284.9135, 176.7266, 20.29888
287.2512, 165.6414, 30.59738
288.4603, 160.5489, 35.28598
287.6725, 162.3657, 33.33209
285.9301, 170.1878, 25.65656
284.9038, 179.0886, 17.50658
284.1068, 187.4722, 9.556847
284.6843, 187.5035, 9.392651
285.8113, 181.5125, 15.21995
285.9659, 177.877, 18.61754
285.6451, 174.8654, 21.18356
285.4356, 174.0127, 21.95926
284.9293, 177.7783, 18.43564
285.0909, 179.473, 16.82296
285.3887, 180.1146, 16.33855
285.4092, 178.8451, 17.60963
285.1993, 177.2482, 19.2047
285.1103, 176.9588, 19.54542
285.2037, 177.3558, 19.22617
285.2586, 177.777, 18.86601
285.2385, 177.7198, 18.91589
285.1868, 177.6324, 19.01018
285.0904, 177.3096, 19.34799
285.0866, 177.2435, 19.40129
285.1494, 177.2399, 19.41615
285.1264, 177.156, 19.5031
285.1144, 177.213, 19.43727
285.1025, 177.0213, 19.60291
285.0424, 177.1147, 19.5135
285.0496, 177.0712, 19.55869
285.0596, 176.9427, 19.66592
285.0655, 176.9232, 19.65654
285.0613, 177.0139, 19.55354
285.0514, 176.9101, 19.64268
285.0477, 176.7905, 19.75993
285.0728, 176.6403, 19.91296
285.0821, 176.4679, 20.05196
