0.2547584, 0.08323121, -0.277481
0.2525585, 0.07419968, -0.2798563
0.2544283, 0.0666883, -0.2812642
0.2614039, 0.06171536, -0.2784246
0.2675159, 0.06402397, -0.2736624
0.2687013, 0.05762362, -0.2709497
0.2680887, 0.05470228, -0.2696836
0.2682025, 0.0499537, -0.270733
0.2635391, 0.05143976, -0.27121
0.2600267, 0.05400062, -0.2723538
0.2593532, 0.05760717, -0.273281
0.2582172, 0.05645084, -0.2740697
0.2588976, 0.05466843, -0.2748578
0.2605629, 0.0527122, -0.274492
0.2612043, 0.05117488, -0.2738467
0.2614648, 0.05010295, -0.2736546
0.2608134, 0.05160475, -0.2727535
0.259441, 0.05171156, -0.2723314
0.2587242, 0.05133748, -0.2727774
0.2579753, 0.05226088, -0.2723577
0.258897, 0.05237365, -0.272729
0.2589044, 0.05179548, -0.2727886
0.2583481, 0.05215669, -0.2724673
0.2583428, 0.05260897, -0.272393
0.2582945, 0.05252552, -0.2722081
0.2580561, 0.05253434, -0.2720654
0.2582403, 0.05281711, -0.2721432
0.2581628, 0.05281949, -0.271983
0.257928, 0.05293822, -0.2719485
0.2581557, 0.05328345, -0.2720624
0.258127, 0.05328941, -0.2720367
0.2582015, 0.05306792, -0.2721322
0.2580755, 0.05310893, -0.2720692
0.2578559, 0.05311847, -0.2719914
0.2576208, 0.05312991, -0.2718076
0.2572323, 0.05311918, -0.2715963
0.257044, 0.05313349, -0.2713188
0.2571522, 0.05307817, -0.2710719
0.2574514, 0.05313063, -0.271104
0.2576968, 0.05298877, -0.2710501
0.2576542, 0.05296803, -0.2712646
0.2576042, 0.05307865, -0.2713257
0.2575143, 0.05306888, -0.2713363
0.2574706, 0.05319715, -0.2711087
0.2574812, 0.05325842, -0.2710646
0.2575509, 0.05319548, -0.2708741
0.2574801, 0.05320001, -0.2710013
0.2573117, 0.05310631, -0.2709148
0.2572627, 0.05303669, -0.2708722
0.2572695, 0.05278182, -0.2711525
0.2573242, 0.0529232, -0.2712417
0.2571714, 0.05291176, -0.2712797
0.2571731, 0.05281425, -0.2712723
0.2570909, 0.0527842, -0.2712225
0.2569671, 0.05269694, -0.271327
0.2570487, 0.05252838, -0.2711428
0.2570516, 0.05248904, -0.2711892
0.2570701, 0.05244184, -0.2711979
