283.6439, 142.1651, 39.76896
280.2332, 146.4035, 36.33554
277.132, 154.3589, 29.6734
274.778, 173.4829, 11.56889
272.4787, 216.1155, 326.7741
273.9514, 287.4814, 253.5132
282.3578, 303.7011, 237.9254
297.5578, -48.12715, 232.2296
299.9223, -42.1216, 231.5272
286.9038, -49.32228, 244.9504
282.0568, 219.8947, 338.1648
285.1298, 216.5295, 338.3181
289.5277, 191.8193, 354.785
306.7637, 157.0031, 21.30112
323.5108, 141.7318, 30.94538
310.8269, 117.6215, 57.29163
293.964, 77.04819, 99.5361
295.8307, 99.60793, 78.67812
296.3714, 103.5255, 74.39246
289.4832, 98.80838, 80.73798
281.5238, 94.14389, 86.84156
276.9166, 119.1711, 61.90321
281.2116, 161.7602, 20.02507
288.9587, 170.3364, 12.97308
293.2411, 173.1133, 11.28316
289.5643, 173.7317, 9.704936
283.308, 172.5269, 10.40746
285.8351, 157.5917, 24.90419
284.4932, 144.465, 37.07801
284.0996, 135.3355, 45.79726
285.9491, 138.0187, 43.19864
286.6619, 143.7442, 37.50918
286.3214, 147.8943, 33.73347
285.4345, 150.8327, 30.96973
284.2693, 153.4949, 28.38638
284.6147, 152.3841, 29.56706
285.1762, 150.5691, 31.17307
285.569, 149.1985, 32.27943
285.4384, 148.5771, 32.77409
285.2094, 149.873, 31.50852
285.1574, 151.0166, 30.34109
285.1896, 151.4923, 29.8459
285.2993, 150.5795, 30.69799
285.3311, 150.2968, 30.93547
285.3315, 150.2144, 30.95523
285.2843, 150.4704, 30.64011
285.2244, 151.025, 30.11883
285.154, 151.027, 30.12543
285.169, 150.8708, 30.32282
285.1588, 150.5127, 30.64048
285.1217, 150.2331, 30.90983
285.0736, 150.3027, 30.88136
285.0247, 150.7067, 30.46941
285.0527, 150.9986, 30.25265
285.0368, 150.3635, 30.8589
285.0224, 150.234, 31.00851
