-0.9117799, 0.09602857, -0.8337132
-0.9292666, 0.09758091, -0.8195258
-0.9419602, 0.09832692, -0.8059049
-0.9558344, 0.0986073, -0.7925699
-0.9665122, 0.09769559, -0.7831967
-0.972349, 0.09455919, -0.7758698
-0.9781786, 0.09178209, -0.7695063
-0.9790845, 0.08993649, -0.7646067
-0.979028, 0.08721423, -0.7598267
-0.9738281, 0.08236647, -0.7572927
-0.9694622, 0.07688975, -0.7543809
-0.9648845, 0.07015061, -0.7525473
-0.9645014, 0.06193852, -0.7495767
-0.9732704, 0.06170249, -0.7514527
-0.9796774, 0.06818128, -0.7552795
-0.9766886, 0.06066823, -0.7560387
-0.9759773, 0.06073976, -0.7638665
-0.9740621, 0.05620503, -0.765039
-0.9694585, 0.04982352, -0.7608799
-0.9663525, 0.04877615, -0.7611866
-0.9664042, 0.05127144, -0.7599077
-0.9693668, 0.05535436, -0.7602724
-0.9684284, 0.05331683, -0.7595313
-0.9686561, 0.05007648, -0.7587283
-0.9703113, 0.0499177, -0.7597797
-0.9685473, 0.05061507, -0.7623992
-0.9686269, 0.05106926, -0.76334
-0.9688393, 0.05093575, -0.7651471
-0.96775, 0.04998565, -0.766179
-0.9679522, 0.04959607, -0.7664192
-0.9685247, 0.04922366, -0.7670221
-0.9679652, 0.04828429, -0.7674725
-0.9676161, 0.04751873, -0.7680949
-0.968048, 0.04734325, -0.7691312
-0.9677038, 0.04675126, -0.7701595
-0.9676461, 0.04598737, -0.7707245
-0.9677813, 0.04550385, -0.7713625
-0.9674549, 0.04505086, -0.771848
-0.9672756, 0.04438114, -0.7724528
-0.9671527, 0.04382658, -0.7729857
-0.9672239, 0.04323196, -0.7733092
-0.9671084, 0.04254913, -0.7738626
-0.9669475, 0.04201579, -0.774369
-0.9669567, 0.04157567, -0.7745507
-0.966799, 0.04088593, -0.7751014
-0.9666519, 0.04033589, -0.775358
-0.9670438, 0.03996825, -0.7750782
-0.9670237, 0.03925228, -0.7756133
-0.9668884, 0.03875303, -0.7759297
-0.9670007, 0.03846216, -0.7760038
-0.9670087, 0.03781915, -0.7766423
-0.966821, 0.03737974, -0.7766893
-0.9666882, 0.03714609, -0.7769763
-0.9666102, 0.03645492, -0.7775257
-0.9663979, 0.03612471, -0.7776589
-0.9665744, 0.03609133, -0.7774733
-0.9665006, 0.03542137, -0.77806
-0.9663364, 0.03522277, -0.7780758
-0.9663075, 0.03515458, -0.7781239
-0.9662712, 0.03451514, -0.7786641
-0.9661855, 0.03437972, -0.7786825
-0.9663966, 0.03456378, -0.7783306
-0.9663624, 0.03388834, -0.7788919
