-1.000372, -0.02652025, -0.4392897
-1.000494, -0.02198601, -0.4365838
-1.000404, -0.02291012, -0.4372243
-0.9995282, -0.019732, -0.4345062
-0.9992726, -0.02056885, -0.4350791
-0.9990084, -0.02144647, -0.4356912
-0.9982516, -0.01782751, -0.4334048
-0.9979875, -0.018435, -0.43388
-0.9972456, -0.01972651, -0.4342724
-0.9968644, -0.01521945, -0.431728
-0.9963046, -0.01560497, -0.432053
-0.9953399, -0.01582432, -0.4320842
-0.9939694, -0.0124383, -0.4298353
-0.9922959, -0.01300788, -0.4294568
-0.9895145, -0.01403379, -0.4285706
-0.9852269, -0.01164579, -0.4251066
-0.9812143, -0.01271558, -0.4234619
-0.9761212, -0.01339197, -0.4205414
-0.9710727, -0.01373577, -0.4174289
-0.9655727, -0.0106616, -0.4127218
-0.9588228, -0.008399963, -0.407725
-0.9526777, -0.004094362, -0.4022086
-0.945935, -0.001415014, -0.3961536
-0.9371569, 0.001629353, -0.3888367
-0.9245023, 0.009717464, -0.3776224
-0.9120353, 0.01065946, -0.3685068
-0.8958164, 0.01470613, -0.3518472
-0.874223, 0.01998353, -0.3388346
-0.8522533, 0.02908111, -0.3280773
-0.8317362, 0.0354526, -0.3172215
-0.8083525, 0.04434252, -0.3053745
-0.7852343, 0.04933596, -0.2961701
-0.7578468, 0.05242085, -0.2831327
-0.7281703, 0.06344438, -0.2609996
-0.7009691, 0.06269479, -0.248436
-0.6728361, 0.05868435, -0.2380849
-0.6440476, 0.05850673, -0.2261189
-0.6246358, 0.09620404, -0.1904486
-0.5953145, 0.09452176, -0.1812657
-0.5627773, 0.09396052, -0.1716622
-0.5302044, 0.09331679, -0.1637663
-0.4935451, 0.089885, -0.1587899
-0.4605915, 0.09003544, -0.1519581
-0.4239302, 0.087749, -0.1510018
-0.3895369, 0.08820724, -0.1474359
-0.3551047, 0.08826399, -0.1445094
-0.3196805, 0.08763456, -0.1449394
-0.2852681, 0.08730531, -0.1456481
-0.2519958, 0.08508682, -0.1465123
-0.2191335, 0.08249044, -0.1479217
-0.1838786, 0.08207917, -0.1479424
-0.1521571, 0.08311129, -0.1477152
-0.12238, 0.08627009, -0.1504166
-0.09567931, 0.09064984, -0.1552075
-0.07310632, 0.09492278, -0.1602967
-0.05174616, 0.09917951, -0.1654848
-0.02906266, 0.1022377, -0.1688938
-0.01097921, 0.1056969, -0.1729236
0.004439086, 0.1071663, -0.1767563
0.01811203, 0.107862, -0.1805195
0.02661952, 0.1091623, -0.1835241
0.03517696, 0.1095724, -0.1864122
0.03911945, 0.1077633, -0.1893551
0.04205725, 0.1055429, -0.1939738
