285.1317, 440.2007, 31.01258
285.1675, 440.2945, 30.97794
285.2969, 440.7415, 30.67784
285.3539, 440.8079, 30.68346
285.4403, 440.5282, 30.98521
285.6973, 440.9774, 30.66472
286.0318, 440.8659, 30.65454
286.3409, 440.5679, 30.73128
286.7832, 441.8308, 29.3506
287.1347, 442.7671, 28.1674
287.6342, 443.9635, 26.65027
288.3803, 444.8725, 25.49159
289.3911, 445.8327, 24.21452
290.4737, 447.3968, 22.4445
291.8512, 448.9418, 20.58126
293.6725, 450.4897, 18.56504
295.3734, 92.40263, 16.32487
297.8516, 95.44707, 12.83232
300.5544, 97.9086, 9.892629
304.7868, 100.2647, 6.734732
309.3741, 102.5169, 3.574473
312.0543, 107.8147, 359.4834
315.1218, 113.3999, 355.4575
318.4067, 119.7553, 349.863
321.2796, 124.1508, 345.9908
323.946, 127.8006, 343.2246
326.365, 130.9266, 340.7901
328.1628, 133.3056, 340.7729
332.6003, 131.9848, 348.603
331.7725, 133.1143, 354.1997
330.9762, 137.5186, 352.6192
329.7858, 144.3999, 349.141
328.8614, 154.0646, 345.9031
330.2181, 161.1558, 345.4089
331.964, 165.0363, 345.603
332.5442, 167.2102, 345.5654
331.148, 166.9837, 345.9881
327.7069, 165.8795, 347.2378
323.166, 164.2911, 350.0573
319.9922, 162.773, 352.732
316.3908, 160.5902, 356.3987
313.5684, 160.075, 359.2324
312.8102, 161.3768, 1.244743
311.7787, 162.7741, 3.023913
310.7862, 167.0369, 3.469788
308.9977, 170.8129, 3.685723
307.3054, 174.9956, 3.423755
305.5648, 177.5757, 4.333709
303.868, 178.0698, 6.39631
302.2178, 176.8155, 9.776341
300.5672, 175.8293, 12.9689
298.7433, 173.97, 16.53747
297.0213, 172.4653, 19.58359
295.579, 170.867, 21.93276
294.4429, 170.6337, 22.77787
293.838, 168.9465, 24.61369
292.9407, 161.5099, 31.72486
291.9625, 152.5022, 40.56183
291.1774, 140.8704, 52.2573
290.7141, 134.5004, 58.96513
289.6888, 131.5281, 63.05494
288.1783, 131.7103, 65.0358
287.1754, 131.1559, 67.05402
286.5703, 136.4132, 63.24266
285.989, 139.742, 60.90414
285.0593, 142.5775, 58.94919
284.2818, 146.4081, 55.81834
282.8668, 151.5405, 50.61164
281.5702, 154.4679, 48.05872
