287.6953, 441.4391, 59.85003
287.9418, 457.8366, 45.05296
288.2934, 469.54, 35.086
288.493, 471.6975, 33.7403
289.5763, 472.8971, 32.95121
289.9129, 476.5557, 30.91028
289.5512, 478.6516, 30.45165
288.0709, 476.3472, 34.62444
285.5231, 475.762, 36.94853
278.9334, 474.9041, 40.03453
288.9922, 196.5588, 325.1293
296.386, 191.7056, 328.373
296.6684, 185.8686, 329.304
290.3337, 163.1052, 343.6793
286.6367, 143.0544, 359.5242
285.642, 452.9092, 46.73132
293.8074, 417.131, 83.85596
297.8809, 411.3156, 91.51085
289.9634, 438.1445, 65.33203
286.9503, 452.9922, 49.70049
285.5873, 460.4711, 44.56674
285.0652, 470.3243, 36.71895
282.2836, 488.0869, 20.30571
281.4643, 142.9838, 4.540676
282.3918, 140.3141, 6.783906
282.6183, 482.8907, 24.6906
282.593, 477.1177, 30.46289
283.8583, 467.4821, 38.87045
284.7855, 461.1366, 44.98138
284.9564, 462.2568, 44.14065
284.3377, 467.0951, 39.46541
283.5044, 472.3062, 34.52351
283.2869, 474.1714, 32.79989
283.5238, 474.422, 32.54626
283.7844, 472.7417, 34.13572
283.9124, 470.8677, 35.83727
283.912, 470.8089, 35.90896
283.8577, 472.2881, 34.52003
283.8176, 472.8594, 33.95005
283.8496, 472.8558, 33.91429
283.8806, 473.0236, 33.73099
283.9185, 472.9077, 33.83426
283.9235, 472.6259, 34.12134
283.9684, 472.886, 33.91895
283.9958, 472.4936, 34.30639
284.02, 472.3566, 34.44738
284.047, 472.4535, 34.37249
284.0049, 472.4415, 34.36068
283.9893, 472.7871, 34.05014
283.9916, 473.1541, 33.71567
283.9976, 472.9413, 33.95418
283.9962, 472.8021, 34.12563
284.0179, 472.8499, 34.073
284.0458, 472.945, 34.02055
284.0251, 473.0324, 33.94074
284.0201, 473.1479, 33.82825
284.0331, 473.3579, 33.60666
284.0123, 473.5666, 33.39843
284.0304, 473.6921, 33.25557
284.0347, 473.7707, 33.19209
284.0295, 473.9039, 33.11295
284.0584, 473.729, 33.2602
284.0552, 473.7686, 33.22439
284.0417, 473.803, 33.22162
284.0651, 473.9667, 33.13534
284.0942, 473.8038, 33.27713
