0.4351624, 0.1213446, 0.03602338
0.4412314, 0.1190996, 0.02927387
0.4448712, 0.11637, 0.02299237
0.4468554, 0.1118865, 0.0159812
0.4494672, 0.1075273, 0.008886933
0.4486998, 0.1022086, 0.001662493
0.4459624, 0.09385657, -0.006468058
0.4460536, 0.08590961, -0.0125674
0.4498404, 0.07977152, -0.01536584
0.4583572, 0.07979989, -0.01561201
0.4640857, 0.08018184, -0.01230574
0.4666783, 0.07854724, -0.006622791
0.4658222, 0.073915, -0.001830816
0.4650651, 0.06448269, 0.005177855
0.4657161, 0.06029153, 0.005512357
0.4669938, 0.05727839, 0.005051136
0.4650509, 0.05684733, 0.002604485
0.4616151, 0.06091952, -0.0009000301
0.4603167, 0.063061, -0.002657652
0.4575619, 0.06164742, -0.006103039
0.4583718, 0.06069565, -0.007971048
0.4597914, 0.0569818, -0.008339047
0.4616027, 0.05522203, -0.008036256
0.4624805, 0.05639172, -0.005248547
0.4621565, 0.05679274, -0.003217697
0.4607102, 0.05618238, -0.002091169
0.4593207, 0.05552506, -0.001137972
0.4589797, 0.05577779, -0.001718521
0.4598637, 0.0566256, -0.002647161
0.4601257, 0.05634785, -0.003595471
0.4600369, 0.05574775, -0.004212618
0.4604262, 0.05590367, -0.004306316
0.460402, 0.05606389, -0.003702521
0.4601052, 0.05604315, -0.003484488
0.4603635, 0.05639553, -0.003841639
0.4602319, 0.05651855, -0.00405407
0.4602202, 0.05631709, -0.004254103
0.4606222, 0.05655718, -0.004287004
0.4605496, 0.05666685, -0.00389421
0.4604208, 0.05673504, -0.00380671
0.4605856, 0.05705261, -0.00391674
0.4608022, 0.05660582, -0.004150629
0.4607589, 0.05650926, -0.00423646
0.4608605, 0.05645227, -0.004164696
0.4609216, 0.05630279, -0.004063487
0.4607754, 0.05631781, -0.004156828
0.4607899, 0.05647373, -0.004417062
0.4608552, 0.05622077, -0.004517555
0.4608047, 0.05614567, -0.004509211
0.4610677, 0.05627728, -0.004485965
0.4610655, 0.05615234, -0.004372001
0.4609458, 0.05610013, -0.004253268
0.4610088, 0.05601215, -0.004102111
0.4611183, 0.05572438, -0.004143
0.4610279, 0.05565763, -0.004218221
0.4609572, 0.05549765, -0.004077196
0.460943, 0.05529666, -0.003920555
0.4608923, 0.05518436, -0.003707528
0.460728, 0.05505466, -0.003582358
0.4607046, 0.05491996, -0.003455162
0.460673, 0.0547893, -0.003508091
0.460728, 0.05475283, -0.003547311
0.4608623, 0.05446649, -0.003680229
0.4609629, 0.05425358, -0.003552675
0.4612648, 0.05436516, -0.003667831
0.4614444, 0.05425644, -0.00346005
0.4615679, 0.05413461, -0.003261805
