1.05591, 0.1063166, 0.1053993
1.067507, 0.1096072, 0.1076218
1.074179, 0.1088648, 0.1054039
1.080912, 0.1058657, 0.1024233
1.082582, 0.1007781, 0.09818614
1.084287, 0.0952785, 0.09237123
1.083739, 0.08554816, 0.08598089
1.086566, 0.07884908, 0.08488274
1.092398, 0.07486033, 0.08997369
1.094471, 0.07257032, 0.09740138
1.096477, 0.06904459, 0.09949648
1.093659, 0.0611155, 0.1060556
1.088914, 0.05529976, 0.107407
1.08767, 0.04846001, 0.1050541
1.085008, 0.04782057, 0.1069682
1.083591, 0.05297995, 0.1051738
1.083673, 0.05600119, 0.1030141
1.082992, 0.05545926, 0.102356
1.083879, 0.05304384, 0.09900856
1.085241, 0.05138874, 0.09846461
1.08622, 0.04910421, 0.09867752
1.086725, 0.04876518, 0.09869623
1.086352, 0.04987955, 0.09992194
1.085174, 0.04928899, 0.1008238
1.08331, 0.04865932, 0.1005504
1.082332, 0.04819441, 0.1010923
1.082516, 0.04886675, 0.1012502
1.083035, 0.04869175, 0.1015719
1.083313, 0.0480845, 0.1015015
1.083577, 0.04844117, 0.1010777
1.083542, 0.04845381, 0.1013788
1.083139, 0.04846621, 0.1016283
1.083053, 0.04873776, 0.101844
1.083084, 0.04855299, 0.1021986
1.083243, 0.04825258, 0.1020675
1.083533, 0.04860067, 0.1018742
1.083411, 0.04856515, 0.1019404
1.083313, 0.04846501, 0.1018537
1.083229, 0.04860401, 0.1019568
1.083105, 0.04857159, 0.1021451
1.082985, 0.04851365, 0.1020645
1.083023, 0.0486505, 0.1020551
1.083086, 0.04861403, 0.1022819
1.082934, 0.04853559, 0.1022521
1.082934, 0.0486989, 0.1022971
1.082913, 0.04865432, 0.1023601
1.082878, 0.04862118, 0.1023858
1.082795, 0.04861689, 0.102339
1.082762, 0.04871678, 0.1023583
1.082654, 0.04869533, 0.1024308
1.082649, 0.04878402, 0.1025038
1.082498, 0.04878068, 0.1026111
1.082403, 0.04868317, 0.1026424
1.08206, 0.04871941, 0.1024663
1.081992, 0.04872561, 0.1025742
