292.2534, -43.11189, 60.03865
287.5192, -14.31496, 37.28318
285.3912, 19.75866, 7.855118
289.9435, 30.27399, 357.2354
303.3358, 6.570297, 15.19697
294.8685, -17.86254, 37.97099
291.399, -26.13514, 47.09163
289.2565, -14.61906, 39.49698
284.4886, 7.082062, 18.51702
280.9106, 20.7239, 3.318491
281.2083, 11.83169, 10.0221
285.4651, -3.129021, 25.632
286.7946, -6.056091, 29.34315
287.9523, -5.022011, 27.8446
286.5079, -3.858032, 26.62839
285.6054, -2.520164, 25.52308
285.6541, -2.144173, 25.33039
285.9072, -1.703407, 25.01778
286.4024, -2.501183, 25.7596
286.3128, -3.80423, 27.06407
286.1713, -4.21312, 27.56773
286.2417, -4.440796, 27.98069
286.2564, -3.732269, 27.16306
286.4313, -4.567871, 28.13581
286.4153, -5.125206, 28.57816
286.3513, -5.057396, 28.46083
286.3488, -4.82164, 28.25319
286.3861, -4.648758, 28.11221
286.3938, -4.875633, 28.34888
286.386, -4.950035, 28.39663
286.4528, -4.859322, 28.32704
286.48, -5.371849, 28.90429
286.5809, -5.598816, 29.16072
286.6672, -5.827789, 29.45969
286.7192, -6.025894, 29.79805
286.7338, -6.165573, 30.10032
286.7903, -6.639709, 30.61405
286.8639, -7.904533, 31.62329
287.0684, -8.004639, 31.5358
287.2275, -7.602539, 31.12939
287.1336, -6.885567, 30.53382
286.9669, -6.557411, 30.23914
286.9131, -6.830399, 30.49707
287.0005, -7.237633, 30.91554
287.167, -7.600502, 31.24566
287.2078, -7.66037, 31.31694
287.1813, -7.566986, 31.24235
287.1287, -7.337616, 31.01358
287.1661, -7.394669, 31.07632
287.2161, -7.610359, 31.25595
287.243, -7.861816, 31.44928
287.228, -7.95253, 31.5153
287.2217, -7.511147, 31.11318
287.2131, -7.310165, 30.95075
287.2256, -7.50148, 31.13842
287.2694, -7.714287, 31.32969
287.3241, -7.870895, 31.46189
287.3153, -7.991402, 31.5285
287.304, -7.937912, 31.51014
287.346, -7.864029, 31.33289
287.372, -8.29818, 31.52049
287.6522, -8.838875, 32.60446
287.5957, -8.474838, 32.20557
287.489, -9.070465, 32.9602
287.656, -8.887306, 32.66406
287.4297, -9.725166, 33.28445
287.5227, -9.858459, 33.18039
287.6175, -8.311913, 31.74789
