285.119, 150.0129, 28.32046
285.0634, 150.1245, 28.13705
284.9992, 150.3898, 27.89712
284.9123, 150.7795, 27.52615
284.939, 150.7974, 27.39691
284.9962, 151.0105, 27.1182
285.0303, 151.6323, 26.50731
285.1674, 151.9491, 26.18685
285.3998, 152.2603, 25.93977
285.6848, 152.1291, 26.03414
286.2339, 151.5641, 26.55719
286.7205, 151.0587, 26.95648
287.2779, 150.6439, 26.92298
287.6039, 151.5565, 25.83522
288.0334, 151.8875, 25.37152
288.8337, 152.0807, 24.82715
289.9, 152.5607, 24.14259
291.6146, 152.7932, 23.39262
293.0973, 153.0369, 22.51807
295.2129, 154.8886, 20.40497
297.999, 157.4974, 17.98529
300.9165, 160.5251, 15.31304
303.3596, 164.4371, 11.86087
306.3469, 165.5915, 10.79472
312.5934, 162.2224, 12.78414
320.0383, 159.9802, 12.255
326.4562, 159.0933, 10.46466
332.3135, 158.7793, 9.857574
335.3069, 159.9037, 9.014781
338.404, 160.7648, 7.762594
341.5981, 162.0175, 6.057924
343.3875, 162.782, 4.660741
347.5167, 162.7814, 4.818988
352.1109, 161.1863, 4.452096
346.8638, 163.7616, 4.748038
339.2793, 163.2876, 6.842213
330.1363, 162.757, 5.749763
323.491, 166.0339, 4.479164
322.6642, 166.6943, 4.648046
323.3689, 165.5535, 5.492217
321.7739, 166.2505, 5.727758
320.9216, 168.4151, 5.128251
321.5882, 170.5909, 4.187062
320.9357, 172.1962, 3.539123
318.596, 173.8166, 2.607022
315.6129, 174.1413, 2.13463
311.6789, 173.4997, 2.381925
307.4904, 173.0423, 2.95223
302.3991, 171.0826, 4.595429
297.9821, 168.1018, 7.328212
295.0354, 164.1083, 11.18624
292.9604, 157.7037, 17.72612
291.4514, 150.973, 24.71957
294.4245, 147.3753, 29.61296
298.6285, 146.3344, 31.50677
297.603, 143.5924, 34.9794
295.5587, 139.2533, 40.08742
293.0138, 135.7866, 45.23302
291.5055, 134.5526, 49.09531
292.5291, 135.1519, 51.6952
292.4083, 134.5435, 55.69149
290.8008, 135.2668, 58.29457
287.8784, 141.9233, 56.3385
