0.2725831, 0.05506134, -0.1373415
0.2724925, 0.0549624, -0.1374217
0.2723779, 0.05494118, -0.1374092
0.2723107, 0.05483079, -0.1374992
0.2724312, 0.0547111, -0.1374341
0.2723473, 0.05451322, -0.1375473
0.272027, 0.05426764, -0.1377118
0.2716621, 0.05412459, -0.1380117
0.2712186, 0.05398965, -0.138133
0.2708437, 0.05392718, -0.1383628
0.2704313, 0.05402756, -0.1384366
0.2698359, 0.05423594, -0.1382964
0.2695351, 0.05451345, -0.1380619
0.2696514, 0.05463767, -0.1375477
0.2691435, 0.05504942, -0.137275
0.2674435, 0.05496264, -0.1367525
0.2656034, 0.05549788, -0.136627
0.2633103, 0.05618858, -0.1367733
0.2595492, 0.05688167, -0.1379855
0.2544866, 0.05696678, -0.1395693
0.2487336, 0.05746865, -0.141129
0.2426062, 0.05973506, -0.1432393
0.2354477, 0.06328106, -0.1444762
0.2277876, 0.06696439, -0.1455379
0.2188563, 0.07177401, -0.1472318
0.2093216, 0.07577562, -0.1492909
0.1992705, 0.07911897, -0.1523306
0.1873048, 0.0806272, -0.1566982
0.1723506, 0.08181858, -0.1595964
0.1592368, 0.08848906, -0.1656127
0.1413419, 0.09485674, -0.1711209
0.1225173, 0.09894061, -0.1743455
0.1047859, 0.1028605, -0.1786391
0.08433193, 0.1041508, -0.1841941
0.06259674, 0.1037514, -0.1902195
0.04127771, 0.1019878, -0.195698
0.02017313, 0.1001072, -0.2009723
-0.005119562, 0.09589291, -0.2077286
-0.02812606, 0.09449482, -0.213809
-0.05087751, 0.09338069, -0.2224078
-0.07487959, 0.09134054, -0.2300019
-0.09989512, 0.09015107, -0.2374878
-0.1241851, 0.0889051, -0.2460506
-0.1485888, 0.08806062, -0.2552235
-0.1728484, 0.08805132, -0.2657647
-0.1965278, 0.08659053, -0.2751646
-0.2206097, 0.0853796, -0.2873547
-0.2407772, 0.08366871, -0.2984837
-0.2603464, 0.08182311, -0.3098371
-0.2790365, 0.08186507, -0.3219604
-0.2954222, 0.08376956, -0.3329415
-0.3104222, 0.08458877, -0.3421235
-0.3228386, 0.08595896, -0.3508875
-0.3345164, 0.08689356, -0.3594992
-0.3437615, 0.0891993, -0.3664652
-0.352167, 0.0916729, -0.3729784
-0.3577031, 0.09376478, -0.3762951
-0.3631514, 0.09572577, -0.3783095
-0.3695431, 0.09675431, -0.3809422
