-0.5831273, 0.05922508, 0.09146309
-0.5830126, 0.05929589, 0.0913552
-0.582991, 0.05914783, 0.09132206
-0.5830035, 0.05912066, 0.09129226
-0.5829964, 0.05924535, 0.09095621
-0.5829594, 0.05874133, 0.09094143
-0.5828546, 0.058599, 0.09077835
-0.5829908, 0.05898452, 0.09001553
-0.5828624, 0.05900884, 0.0896827
-0.582795, 0.05914402, 0.08928895
-0.5824656, 0.05909944, 0.08895922
-0.5818875, 0.05921435, 0.08846867
-0.5807055, 0.05954552, 0.08775318
-0.5791509, 0.05985904, 0.08662701
-0.5777789, 0.05935287, 0.08436954
-0.5754977, 0.05897832, 0.08193612
-0.5717561, 0.05795836, 0.07808232
-0.5682026, 0.056669, 0.07460141
-0.5640471, 0.05753183, 0.07141709
-0.5580137, 0.06009912, 0.06797707
-0.5528249, 0.06087184, 0.06625915
-0.5449281, 0.06277966, 0.06359684
-0.5360675, 0.06501961, 0.06052959
-0.527845, 0.06676388, 0.05703247
-0.5158998, 0.06772947, 0.05335116
-0.5049388, 0.06299138, 0.05067909
-0.49082, 0.06084108, 0.04696631
-0.468906, 0.06182504, 0.03937387
-0.4489894, 0.0690043, 0.02939034
-0.4266098, 0.07519841, 0.02452409
-0.4047777, 0.0822432, 0.0156064
-0.3843478, 0.09016848, 0.006028652
-0.3602882, 0.09430599, -0.007332802
-0.3370821, 0.09875035, -0.01835406
-0.3126487, 0.09987116, -0.03069663
-0.2884606, 0.100178, -0.04304147
-0.2636105, 0.09845805, -0.05533552
-0.237334, 0.09750056, -0.06878161
-0.2134238, 0.09657311, -0.0792985
-0.1883108, 0.09475327, -0.09023452
-0.1621819, 0.09391999, -0.1014676
-0.1346682, 0.09368849, -0.1107467
-0.1071324, 0.09381819, -0.1204159
-0.08034083, 0.09360313, -0.1286663
-0.05261967, 0.09329844, -0.1356597
-0.02561638, 0.0936172, -0.1424665
0.003432423, 0.09378099, -0.1474478
0.02997807, 0.09344506, -0.1505871
0.05486622, 0.09305048, -0.152544
0.0786728, 0.09202909, -0.1544616
0.1011992, 0.0916934, -0.1525985
0.1235236, 0.09233332, -0.1522868
0.142597, 0.09355354, -0.1518064
0.1617592, 0.09476209, -0.152786
0.1765338, 0.09600997, -0.1538513
0.1915351, 0.09583497, -0.1553559
0.2049955, 0.09485126, -0.1584446
0.21791, 0.09294176, -0.1596344
0.2306196, 0.09340835, -0.1597402
0.2386165, 0.09449506, -0.1598297
0.243885, 0.09425306, -0.1591635
0.2467228, 0.09419584, -0.1612779
0.2499684, 0.09355283, -0.1643647
0.2504722, 0.09145641, -0.1691319
