0.8191169, 0.07011509, 0.6065331
0.816856, 0.0635345, 0.6060997
0.8159186, 0.05804014, 0.6067969
0.8189105, 0.05467939, 0.6066762
0.825256, 0.0579977, 0.6059287
0.8337422, 0.06154346, 0.60312
0.8365473, 0.06219673, 0.6017231
0.8415576, 0.05975533, 0.5983772
0.8424265, 0.05413413, 0.5966333
0.8417279, 0.05053163, 0.5979573
0.8374187, 0.05434203, 0.6021476
0.8350403, 0.05899239, 0.6054398
0.8336475, 0.05620122, 0.6033408
0.8311098, 0.05708385, 0.6002602
0.8300412, 0.05433011, 0.5989811
0.8311457, 0.05246019, 0.5982302
0.8316305, 0.05123806, 0.5983935
0.8322843, 0.0529027, 0.5993543
0.8334224, 0.0521102, 0.6029363
0.8338175, 0.05226779, 0.6025907
0.8350294, 0.05070186, 0.6006967
0.8352033, 0.04932332, 0.6000497
0.8350316, 0.04972696, 0.6000155
0.8346524, 0.05068254, 0.6005296
0.8340375, 0.05067015, 0.6017061
0.8334163, 0.05014157, 0.602091
0.8324723, 0.04897261, 0.6025707
0.8320754, 0.04953623, 0.602854
0.8323404, 0.04982471, 0.6027141
0.8325647, 0.04967952, 0.6025259
0.8324587, 0.0492599, 0.6029971
0.8324446, 0.04939008, 0.6031027
0.8322086, 0.04932642, 0.6032394
0.8318352, 0.04925704, 0.6035735
0.8316782, 0.04919314, 0.6037062
0.8320428, 0.04940701, 0.6037251
0.8322558, 0.04934549, 0.6036078
0.8324094, 0.04932761, 0.6035732
0.8325027, 0.04921651, 0.6035923
0.8325549, 0.04912901, 0.6036519
0.8325223, 0.04895234, 0.6037307
0.8325743, 0.04886103, 0.6037834
0.8326437, 0.0487752, 0.6037933
0.83281, 0.04868054, 0.6037681
0.8329986, 0.04867077, 0.6038362
0.8331905, 0.04855824, 0.6038672
0.8333088, 0.04846215, 0.6039137
0.8334642, 0.04842687, 0.6039062
0.8335806, 0.04835749, 0.603898
0.8337111, 0.0482924, 0.6038868
0.8339466, 0.04820395, 0.6039927
0.8341433, 0.04814315, 0.6041062
