1.273559, 0.1180472, 0.7091049
1.27692, 0.1150489, 0.7090063
1.279593, 0.1096313, 0.7082953
1.278216, 0.1021006, 0.7051798
1.277338, 0.09424305, 0.7013609
1.27675, 0.08334661, 0.6990165
1.280641, 0.07335114, 0.7003094
1.287035, 0.07979655, 0.7107656
1.287215, 0.07516479, 0.7144626
1.289396, 0.07274485, 0.7208427
1.288382, 0.06716585, 0.7266622
1.280665, 0.06396818, 0.7220116
1.282553, 0.06768012, 0.714631
1.283443, 0.0714488, 0.7106009
1.282746, 0.07457447, 0.7071029
1.283399, 0.07491636, 0.7043141
1.283742, 0.07222819, 0.7030088
1.282648, 0.07102823, 0.703421
1.282556, 0.07171488, 0.7036297
1.283468, 0.07232475, 0.7040814
1.283736, 0.07359624, 0.7041363
1.281735, 0.07354879, 0.7035654
1.281007, 0.0728147, 0.7026742
1.280812, 0.07316566, 0.7029445
1.280959, 0.07385254, 0.7026343
1.281606, 0.07433772, 0.7021025
1.282018, 0.07356739, 0.7022582
1.282186, 0.07311082, 0.7013704
1.282103, 0.07388759, 0.7007923
1.282445, 0.07360578, 0.7012056
1.282317, 0.07344055, 0.7010331
1.282246, 0.07390785, 0.7004627
1.282473, 0.07345152, 0.70099
1.282596, 0.07316422, 0.7004077
1.282548, 0.07354403, 0.6998179
1.282709, 0.07300735, 0.7005351
1.28273, 0.07273054, 0.7001951
1.282732, 0.07308722, 0.6996697
1.283098, 0.07236528, 0.7005162
1.283218, 0.07208967, 0.7001898
1.283228, 0.07237315, 0.6997204
1.283176, 0.07133198, 0.7005186
1.283243, 0.07103348, 0.7004138
1.283285, 0.07126355, 0.7000179
1.283679, 0.06988096, 0.7008451
1.283729, 0.07008171, 0.7004861
1.283701, 0.07029581, 0.7002238
1.283751, 0.06966782, 0.7008884
1.28373, 0.06937671, 0.7011383
1.283739, 0.0695498, 0.7009072
1.283646, 0.06872225, 0.7015554
1.283672, 0.06817198, 0.7017219
1.283656, 0.0683341, 0.701546
1.283511, 0.06688595, 0.7024829
1.283481, 0.06696796, 0.7024087
1.283392, 0.0670197, 0.7024018
1.283316, 0.0662775, 0.7031701
1.283313, 0.06578231, 0.7034129
1.283271, 0.0658319, 0.7033792
1.283188, 0.06505775, 0.7042062
