284.5112, 435.2952, 23.64511
284.5344, 435.2648, 23.57284
284.5959, 435.5697, 23.19247
284.608, 435.8931, 22.8148
284.6001, 436.1878, 22.52466
284.6217, 436.3885, 22.35681
284.6756, 436.0283, 22.69318
284.7279, 435.7009, 22.99199
284.7726, 435.7539, 22.94982
284.8051, 435.9125, 22.79368
284.8534, 436.0439, 22.68159
284.9051, 436.1483, 22.61001
285.0159, 435.9998, 22.79238
285.2009, 435.5358, 23.28651
285.4364, 434.9975, 23.83374
285.7906, 433.5563, 25.08389
285.9568, 433.0346, 25.54674
286.1254, 432.7473, 25.725
286.2874, 431.9088, 26.34979
286.4217, 430.2144, 27.81485
286.3608, 428.4888, 29.32271
285.9225, 425.5642, 31.79986
286.0014, 423.0912, 33.37261
286.3633, 426.0468, 31.4382
284.0367, 424.2661, 36.19018
282.8632, 419.7017, 41.10657
279.5168, 424.9922, 36.56979
276.2372, 441.5146, 21.95184
274.4157, 120.5888, 345.681
275.4422, 137.1181, 331.2789
278.3459, 119.632, 350.189
285.0012, 461.2312, 10.06465
289.8428, 458.4507, 14.54
291.0363, 464.3846, 10.05314
286.8812, 468.8195, 6.696391
285.519, 463.8235, 12.68737
284.0363, 462.7247, 15.59786
282.7669, 457.8709, 22.23593
283.9994, 448.1699, 33.71498
286.4865, 444.4445, 39.70255
288.5036, 445.6475, 41.54356
289.4193, 445.6843, 44.3783
290.0656, 447.3566, 46.47608
290.7249, 453.2399, 45.1328
291.5697, 459.1886, 43.53946
292.6838, 470.4763, 37.47583
293.9171, 122.3801, 29.91772
291.7525, 127.2262, 27.58004
289.9398, 129.7374, 27.5877
288.2891, 132.1759, 27.70719
285.8628, 133.8565, 27.56235
283.7867, 135.6303, 26.17195
282.7266, 134.7011, 26.30692
282.7887, 124.8936, 33.9958
286.5375, 477.2492, 36.66905
288.5278, 135.2264, 21.65123
290.778, 167.2678, 357.2785
