278.0767, 83.74863, 354.9157
275.8176, 84.62001, 357.5524
273.5187, 89.99196, 356.1954
273.9221, 75.10728, 15.48986
289.7511, 93.28964, 1.519622
292.2248, 102.0234, 345.9496
292.6113, 93.04136, 349.2874
292.8355, 83.19118, 357.3826
292.253, 57.38823, 24.80687
292.5326, 25.14111, 56.79456
292.828, 12.97684, 66.12086
290.7144, 7.070017, 70.37804
287.6092, 6.087517, 73.19339
284.9026, 3.918852, 76.03791
282.4367, 24.70029, 55.95401
285.3289, 49.43797, 31.89149
288.2552, 61.90429, 20.66697
287.0559, 71.80828, 10.77726
283.7107, 73.6266, 8.358252
284.2774, 62.95171, 19.50306
283.8213, 56.34492, 26.01259
284.4077, 49.5038, 32.3657
285.514, 48.02476, 33.51874
285.598, 47.98175, 33.69485
284.8779, 50.17512, 31.65226
284.4233, 53.34974, 28.54065
284.5126, 55.66453, 26.40793
284.7007, 54.76632, 27.26683
284.8206, 52.83968, 29.01929
284.8423, 51.76067, 30.0281
284.819, 52.35896, 29.4695
284.7514, 53.51375, 28.35028
284.6604, 54.48753, 27.44741
284.713, 54.10272, 27.79419
284.7398, 53.64954, 28.16486
284.7372, 53.5986, 28.15041
284.7238, 54.04801, 27.68945
284.6638, 54.56189, 27.19946
284.6269, 54.91232, 26.86868
284.6281, 55.04556, 26.75302
284.7529, 55.14017, 26.50784
284.6395, 53.6467, 28.22842
284.5508, 54.9366, 26.75109
284.6471, 55.57187, 26.18639
284.5919, 55.2905, 26.45884
284.5345, 55.30519, 26.34269
284.5524, 55.27148, 26.36731
284.5543, 55.64813, 26.01292
284.4795, 55.76733, 25.96033
284.4779, 55.62606, 26.10592
284.486, 55.53121, 26.22306
284.5026, 55.01012, 26.73962
284.5101, 55.20679, 26.54275
284.4512, 55.68638, 26.12732
284.4633, 55.42412, 26.38899
284.4457, 55.07809, 26.67355
284.4737, 55.17946, 26.52609
284.491, 55.71007, 25.92376
284.51, 56.11816, 25.48718
284.5678, 57.11695, 24.52954
284.7271, 57.5527, 24.14478
284.981, 57.50124, 24.17655
285.2593, 56.94269, 24.66775
285.58, 56.36214, 25.02315
