-0.5451901, 0.1153255, -0.6358298
-0.5571647, 0.1145985, -0.6385577
-0.566387, 0.1126456, -0.6387882
-0.5750257, 0.1096754, -0.6377858
-0.582285, 0.1067176, -0.6360769
-0.5862384, 0.1000445, -0.6303458
-0.5884851, 0.09069848, -0.6204228
-0.5935739, 0.08266902, -0.6151803
-0.5998148, 0.07398987, -0.6130261
-0.6059855, 0.07910633, -0.6254563
-0.608506, 0.0767808, -0.6333504
-0.6091707, 0.07265353, -0.6381865
-0.6010534, 0.06806684, -0.6372371
-0.5990784, 0.06083989, -0.636286
-0.5992324, 0.0572598, -0.6360123
-0.598367, 0.05602527, -0.6325392
-0.599304, 0.05929279, -0.6297545
-0.5992644, 0.06164289, -0.6307912
-0.5984403, 0.06390953, -0.6297473
-0.5993399, 0.06299734, -0.628196
-0.6022863, 0.05969524, -0.6261158
-0.6028683, 0.05747175, -0.6246032
-0.6018202, 0.05740523, -0.6257899
-0.6025398, 0.05824137, -0.6261966
-0.6022504, 0.0582478, -0.6257546
-0.5998436, 0.05873728, -0.6267507
-0.5989877, 0.05802417, -0.6266885
-0.5975547, 0.05697227, -0.6270828
-0.597226, 0.05706406, -0.6274784
-0.5970911, 0.05703878, -0.6277227
-0.5974322, 0.05680895, -0.627889
-0.5974816, 0.05669045, -0.6276426
-0.5975792, 0.05653477, -0.627279
-0.5976836, 0.05649781, -0.6276162
-0.5972601, 0.05642653, -0.6278391
-0.5969216, 0.05622911, -0.6279106
-0.5968764, 0.05619216, -0.6282337
-0.596853, 0.05621171, -0.6280763
-0.5967031, 0.05606008, -0.6281066
-0.5966592, 0.05607224, -0.6282895
-0.5965344, 0.05609441, -0.6281831
-0.596181, 0.05595088, -0.6283159
-0.5960435, 0.05605388, -0.6283677
-0.596002, 0.05599451, -0.6281438
-0.5958665, 0.0559535, -0.6281149
-0.5959736, 0.05609536, -0.6283126
-0.595643, 0.05596924, -0.6284382
-0.5953924, 0.05584884, -0.6285367
-0.5950438, 0.05574822, -0.6286516
-0.5947834, 0.05562639, -0.6287373
-0.5945938, 0.05549717, -0.6287302
-0.5950423, 0.05486107, -0.6302223
-0.5953606, 0.05426002, -0.6301012
-0.5952366, 0.05413628, -0.6301961
-0.5951733, 0.0541048, -0.6304138
-0.5948291, 0.05410409, -0.6306155
-0.594697, 0.05399585, -0.6306841
