0.4292924, 0.08473492, -0.468265
0.4282635, 0.07845783, -0.4611809
0.4278143, 0.06919217, -0.4552884
0.4245857, 0.05941129, -0.4533194
0.4184507, 0.0510428, -0.4523166
0.4164278, 0.05694962, -0.459804
0.4150333, 0.0503943, -0.4623838
0.4127612, 0.0532136, -0.4636733
0.4169299, 0.05274796, -0.4635325
0.423012, 0.05101514, -0.4615603
0.4254791, 0.04953241, -0.4591307
0.4269027, 0.05211782, -0.4596829
0.4264837, 0.05333948, -0.4613773
0.4240153, 0.05382109, -0.46244
0.4228992, 0.05231619, -0.4614375
0.4226341, 0.0492754, -0.4611428
0.4230169, 0.04821944, -0.4600599
0.4233858, 0.0473671, -0.4588918
0.4230892, 0.04824162, -0.4591075
0.4239568, 0.04990959, -0.4594423
0.4253919, 0.04923606, -0.4595796
0.4257639, 0.04897475, -0.4599978
0.4257846, 0.0489502, -0.4606667
0.4256428, 0.04893279, -0.4605524
0.4254512, 0.04919004, -0.4599234
0.4254276, 0.04911661, -0.4597756
0.4255684, 0.0490942, -0.4598812
0.4256385, 0.04922318, -0.4597815
0.4254934, 0.04907656, -0.4598845
0.4255463, 0.04895926, -0.4597878
0.425452, 0.04916096, -0.4595963
0.4254598, 0.04910374, -0.4595847
0.4255259, 0.04915404, -0.4596812
0.4254808, 0.04927516, -0.4594572
0.4254399, 0.04946661, -0.4597726
0.4255175, 0.04946995, -0.4597642
0.4256518, 0.04944348, -0.4597717
0.425492, 0.04934525, -0.4599265
0.4254929, 0.04932117, -0.4600694
0.4254691, 0.04945707, -0.4599399
0.425638, 0.04956126, -0.4600309
0.4255855, 0.04956007, -0.4601601
0.4256512, 0.04957199, -0.460134
0.425548, 0.04948378, -0.4601944
0.4256401, 0.0494709, -0.4601445
0.4256915, 0.04940796, -0.4600829
0.4254625, 0.0491581, -0.4600365
0.4255556, 0.04908085, -0.4599757
0.4256254, 0.04905486, -0.4599245
0.4257257, 0.0489881, -0.4599661
0.4258679, 0.048913, -0.4599841
0.4259553, 0.04888272, -0.4599621
0.4261471, 0.04900861, -0.4600438
0.4262376, 0.04891467, -0.4601068
0.4264184, 0.04879999, -0.460195
0.4265538, 0.04872346, -0.4601418
0.426646, 0.04864454, -0.4600968
0.4263383, 0.04864478, -0.460081
0.4262732, 0.04853296, -0.46005
0.4260184, 0.04837322, -0.4601042
