285.9252, 8.830296, 30.24565
285.8838, 9.149403, 29.97258
285.9856, 9.291775, 29.84845
286.0771, 9.210728, 29.93342
286.2976, 8.868549, 30.26912
286.4433, 9.015102, 30.11194
286.5458, 9.177303, 29.92929
286.8164, 9.209255, 29.77149
287.259, 9.526829, 29.1284
287.6756, 10.58195, 27.81265
288.1769, 11.27996, 26.74291
288.7671, 12.39793, 25.32408
289.212, 13.036, 24.55064
289.855, 12.54625, 24.80205
291.5134, 12.81784, 24.21045
293.5997, 14.34631, 22.33562
295.1287, 15.52443, 20.80698
297.7162, 18.56816, 18.17871
300.367, 20.58831, 16.24637
304.3446, 22.38241, 14.01184
309.5157, 23.53167, 11.76932
314.428, 23.54468, 10.50233
319.3836, 22.71502, 9.358451
324.0713, 22.68204, 7.528352
328.1363, 25.55411, 4.960846
331.956, 27.86364, 2.835369
336.2598, 30.4713, 0.6411698
339.4438, 31.95619, 358.9608
341.8157, 33.1154, 357.685
346.3951, 33.37022, 359.2901
344.8792, 33.37542, 0.6829371
333.8979, 29.66785, 4.248284
331.9338, 27.62249, 5.055463
323.4355, 29.57444, 2.879164
322.0845, 31.38616, 2.510741
322.389, 32.86571, 1.729129
322.4266, 33.59815, 1.05179
322.0423, 34.13593, 0.381785
319.1574, 34.69442, 359.3677
316.2354, 34.51407, 359.456
313.2952, 32.38052, 0.7749683
309.9312, 29.43736, 2.530527
306.6111, 27.18561, 3.956928
303.5175, 25.57694, 5.378448
299.9041, 23.05371, 7.463961
297.2565, 19.88897, 10.00218
295.1742, 15.88929, 13.49699
292.9982, 10.41384, 18.51711
292.2063, 3.781895, 24.99576
294.7249, -2.254318, 31.0696
297.5895, -7.406944, 36.31661
297.5777, -17.34608, 47.99001
297.2825, -23.67316, 55.74498
296.3776, -24.63162, 60.03271
291.4781, -19.91703, 60.00183
286.8541, -12.25804, 55.29959
