0.7317815, 0.09232306, -0.294313
0.7310857, 0.09085011, -0.3016706
0.7274292, 0.08953404, -0.3080046
0.7229279, 0.08417439, -0.3157272
0.7211255, 0.07718873, -0.3233172
0.7211079, 0.07115197, -0.3303147
0.7306322, 0.07552576, -0.3299478
0.7371116, 0.07465243, -0.3285329
0.7394312, 0.07394648, -0.3253494
0.7400001, 0.0698545, -0.3207543
0.738831, 0.06391573, -0.3171356
0.7398, 0.05910921, -0.3130669
0.740149, 0.05519319, -0.311551
0.737537, 0.05264854, -0.3144898
0.7346227, 0.05616117, -0.3204153
0.7349443, 0.06152201, -0.3215906
0.7356558, 0.06315327, -0.3193576
0.7352144, 0.06167412, -0.3215951
0.7358227, 0.05840349, -0.3229181
0.7358829, 0.05474639, -0.3231971
0.7345337, 0.05303979, -0.322682
0.735473, 0.05339289, -0.32187
0.7367479, 0.05457449, -0.3222455
0.7369609, 0.05609083, -0.3216833
0.7361066, 0.05542111, -0.321463
0.7347522, 0.05362415, -0.3199018
0.7345182, 0.05329275, -0.3199821
0.7349318, 0.05406284, -0.3203625
0.7348664, 0.05421042, -0.3200926
0.7348617, 0.05330086, -0.3208223
0.7344965, 0.05300045, -0.3209438
0.7343436, 0.05321574, -0.3208374
0.7345914, 0.05289459, -0.3207054
0.7346231, 0.05269361, -0.320357
0.7344822, 0.05259752, -0.3201752
0.7345869, 0.05237889, -0.3202065
0.7345583, 0.05226159, -0.3201731
0.7346078, 0.0524261, -0.3201794
0.7346861, 0.05218625, -0.3201124
0.7346833, 0.05208874, -0.3198592
0.7348419, 0.05233002, -0.3198647
0.7347456, 0.05209231, -0.3200309
0.7347313, 0.05200195, -0.3198622
0.734733, 0.05210781, -0.319838
0.7347978, 0.05194354, -0.3196439
0.7348081, 0.05182552, -0.3193788
0.7350981, 0.05214405, -0.3193178
0.7351715, 0.0520041, -0.3190908
0.7350661, 0.0520196, -0.3190598
0.7352117, 0.05215263, -0.318933
0.7350406, 0.05208826, -0.3188018
0.7349325, 0.05212212, -0.318832
0.7352081, 0.05247164, -0.3187868
0.7352515, 0.05243206, -0.3184947
0.7352021, 0.05252147, -0.3184332
0.7352533, 0.05236435, -0.3180664
0.7352754, 0.05229855, -0.3178383
0.735215, 0.05233002, -0.3177354
0.7352508, 0.05234146, -0.3175184
0.7353817, 0.05220675, -0.3173257
0.7352998, 0.05226588, -0.3173184
0.7352775, 0.05233932, -0.3172632
0.7352833, 0.05230474, -0.3172007
0.7351949, 0.05235815, -0.3172645
0.7352944, 0.05250311, -0.3172223
