0.5714727, 0.04857111, -0.03565079
0.571271, 0.04842615, -0.03570598
0.5712946, 0.04839587, -0.03597564
0.5712277, 0.04841185, -0.0359593
0.5710601, 0.0484767, -0.03600377
0.5707163, 0.04846263, -0.03632277
0.5706254, 0.04860854, -0.03665346
0.5703077, 0.04879737, -0.03664523
0.5700421, 0.04889011, -0.03682834
0.5692819, 0.04931664, -0.03719562
0.568594, 0.04945469, -0.03755134
0.5676468, 0.04980302, -0.03843886
0.5659718, 0.0500989, -0.03976077
0.5634971, 0.04957676, -0.04170388
0.5614099, 0.04898381, -0.04386216
0.5582349, 0.04781294, -0.04788262
0.5559103, 0.04786658, -0.05160552
0.5530806, 0.0491097, -0.05547684
0.549743, 0.05060744, -0.05973333
0.5449815, 0.05325413, -0.0662958
0.5402671, 0.05572176, -0.07266659
0.5354059, 0.05880475, -0.07959586
0.5302787, 0.06159878, -0.0862295
0.5238295, 0.06402802, -0.09464151
0.5166314, 0.06617022, -0.1038377
0.5058368, 0.06480289, -0.1174631
0.4941843, 0.06414413, -0.1326386
0.4824712, 0.06656671, -0.147732
0.4672094, 0.07226753, -0.1632542
0.4522102, 0.0784533, -0.1820225
0.4348258, 0.08361101, -0.1974011
0.4181827, 0.08756161, -0.2127159
0.3975537, 0.0896306, -0.2322217
0.3772113, 0.09048676, -0.2522693
0.3522324, 0.08763552, -0.2737069
0.3302444, 0.08552146, -0.2919626
0.3074095, 0.08473945, -0.3102735
0.2824495, 0.08363605, -0.3291358
0.2565544, 0.08304119, -0.3476416
0.2293975, 0.08340383, -0.3651187
0.2030126, 0.08356285, -0.3827845
0.1746972, 0.08392477, -0.3998851
0.145922, 0.08464193, -0.4161728
0.1150894, 0.08742261, -0.4334332
0.08507729, 0.08834958, -0.4468084
0.05594093, 0.08845234, -0.4598693
0.02631968, 0.08806705, -0.4708981
-0.003439248, 0.08651733, -0.4814777
-0.03314799, 0.08458757, -0.4914984
-0.06239748, 0.08340263, -0.5012385
-0.09218931, 0.08396435, -0.5080892
-0.1217871, 0.08796406, -0.5123915
-0.1534302, 0.09314108, -0.5132982
-0.1810853, 0.1003947, -0.5103795
-0.2069823, 0.1073658, -0.5072438
-0.2308607, 0.1148744, -0.50081
-0.253468, 0.1209445, -0.4959725
-0.2693182, 0.1236806, -0.4898846
-0.287791, 0.1273324, -0.4858047
-0.3000737, 0.1275327, -0.4814544
-0.3117908, 0.1276703, -0.4779903
-0.3172506, 0.1232779, -0.4750354
-0.3209901, 0.118813, -0.4723632
-0.3227057, 0.1128573, -0.4701809
-0.3259237, 0.1068337, -0.4664549
-0.324829, 0.09686542, -0.4598584
-0.3251798, 0.08649445, -0.4537117
