285.8004, -43.30124, 28.09844
285.8342, -43.59808, 28.72714
285.6251, -43.07011, 27.72663
286.0219, -43.37519, 28.26138
285.8211, -44.05537, 29.03229
285.6449, -43.52158, 28.26455
285.748, -43.51898, 28.38365
285.7676, -43.73234, 28.48701
285.9337, -43.2927, 28.08286
285.9496, -43.02401, 27.73657
286.056, -42.97289, 27.60887
286.277, -42.56394, 27.18433
286.277, -42.56394, 27.18433
286.7193, -42.06687, 26.58452
286.82, -41.74488, 26.24343
286.9898, -41.38607, 25.76091
287.2039, -41.13105, 25.3985
287.6712, -40.94145, 25.26501
288.4662, -41.40739, 25.67756
288.8673, -41.81762, 25.79193
289.3058, -42.0983, 25.66071
290.1466, -42.18075, 25.35286
291.2295, -41.47426, 24.28882
291.2295, -41.47426, 24.28882
294.5522, -38.65054, 20.47098
297.0126, -36.90213, 19.38901
299.7443, -34.6272, 17.39995
303.2903, -32.11904, 15.32476
306.9554, -30.93442, 14.42211
313.6266, -31.67613, 15.34272
320.8756, -33.02127, 15.52682
326.8293, -34.00874, 14.98235
334.6762, -36.72245, 14.79361
342.1455, -38.53131, 14.44647
345.6687, -38.58125, 13.56248
348.2955, -37.64486, 13.41179
350.9955, -33.57151, 10.11163
358.8975, -30.84717, 4.294212
348.6108, -22.73565, 1.857809
343.4575, -21.4476, 2.467138
336.4339, -25.33368, 1.017121
328.1866, -25.81957, 359.3216
326.3219, -28.13077, 0.6227124
323.4165, -28.43309, 0.02304582
320.6241, -28.18751, 0.03653553
319.2235, -26.44207, 359.7692
318.2943, -24.34848, 359.1035
316.9093, -22.86065, 358.801
315.8375, -21.5824, 359.6043
313.513, -19.74152, 0.2609357
310.9417, -17.71009, 0.7258933
308.4628, -16.16472, 1.469381
305.3958, -15.9804, 4.040501
301.3415, -17.71087, 8.812414
298.6927, -20.40613, 15.05646
296.9002, -22.25813, 20.37281
296.6766, -21.82983, 23.7659
297.6549, -17.12139, 23.54854
297.2275, -15.42385, 25.95681
298.5692, -11.41617, 28.30566
297.9777, -8.590919, 31.82567
296.8761, -6.108288, 34.97002
