0.3959624, 0.06017637, -0.4650337
0.4014339, 0.05785966, -0.4652365
0.404036, 0.05341506, -0.4624107
0.405371, 0.05110717, -0.4628874
0.4025172, 0.05225873, -0.4660885
0.4011792, 0.05380154, -0.4667146
0.4020738, 0.05279303, -0.465344
0.4038458, 0.05045962, -0.4641571
0.4045562, 0.05069613, -0.4643534
0.4053322, 0.05006003, -0.4634
0.4047418, 0.05082822, -0.4631486
0.4052774, 0.05090356, -0.4631913
0.4060514, 0.0500412, -0.4636848
0.4063698, 0.05036092, -0.4634578
0.4069428, 0.05026603, -0.4634511
0.4076633, 0.05015469, -0.4632809
0.4075599, 0.05083299, -0.4624188
0.407705, 0.05085874, -0.4623737
0.4072554, 0.05085063, -0.4627676
0.4067396, 0.05123496, -0.4626944
0.4066671, 0.05112457, -0.4628022
0.4065651, 0.05116367, -0.4627519
0.4063181, 0.05132794, -0.4627227
0.4062728, 0.051373, -0.4627757
0.406057, 0.05135155, -0.4629542
0.4057998, 0.05164337, -0.4627253
0.4057571, 0.05173016, -0.4628003
0.4057732, 0.05172706, -0.462837
0.4056633, 0.05192733, -0.4626944
0.4055921, 0.05179358, -0.4626133
0.4055556, 0.05179238, -0.4626769
0.4056415, 0.05173349, -0.4626606
0.4056322, 0.05176783, -0.4627047
0.4056564, 0.0518043, -0.4626408
0.4057162, 0.0518198, -0.4625452
0.4057781, 0.05181313, -0.462467
0.4058968, 0.05177736, -0.4623969
0.4059093, 0.05179954, -0.4623371
0.4059532, 0.0517807, -0.4623585
0.406018, 0.05175877, -0.4623425
0.4060139, 0.05182052, -0.4622386
0.4061858, 0.05199838, -0.4623091
0.4061947, 0.05202961, -0.462291
0.4061836, 0.05207133, -0.4622188
0.4061617, 0.05214262, -0.4622729
0.406148, 0.05212688, -0.4622009
0.4061065, 0.05216885, -0.4621809
0.4061711, 0.05218148, -0.4621956
0.4061085, 0.05219674, -0.4622506
0.4060339, 0.05231094, -0.4621668
0.4061907, 0.05259943, -0.4623675
0.406176, 0.05267143, -0.4623048
0.406183, 0.05270004, -0.4622719
0.4060206, 0.05264926, -0.4623454
0.4059993, 0.05263591, -0.4623735
