317.2101, 206.6234, 354.6782
317.1376, 208.2645, 351.0534
318.4208, 209.4005, 346.7927
319.4143, 209.9644, 342.3444
320.1489, 210.3745, 338.053
320.6583, 210.0864, 334.1934
321.0024, 206.7648, 331.7026
321.0702, 200.0258, 330.1861
321.3984, 192.11, 329.725
320.9491, 183.924, 329.9594
319.0304, 175.5584, 330.8882
312.6822, 159.2199, 339.0888
310.4921, 144.4553, 347.8866
309.4937, 127.4197, 2.086243
308.2582, 469.6555, 17.0519
304.4185, 446.1851, 40.76632
303.0835, 416.0855, 71.4693
300.4113, 402.9935, 81.64827
282.6635, 459.8379, 28.97026
296.0126, 152.6122, 343.0672
306.1785, 148.3539, 345.325
312.858, 149.3604, 342.3584
317.955, 164.6186, 328.278
322.8398, 174.5702, 320.8437
325.9341, 169.2691, 326.3688
328.2698, 167.5702, 327.1989
324.4728, 167.4013, 327.0294
319.7259, 166.226, 328.5649
316.6635, 163.0135, 330.9301
310.969, 158.4824, 333.7217
307.0438, 154.3597, 338.0347
305.3716, 148.5982, 343.2953
304.3164, 144.4181, 347.1378
303.3091, 141.1647, 350.5475
302.7552, 139.0005, 352.6147
303.1602, 140.2499, 351.4162
304.3777, 143.489, 348.3943
305.9481, 147.4377, 344.7898
307.076, 149.9244, 342.6123
308.2609, 151.9324, 340.8165
308.9099, 152.6178, 340.1631
308.996, 152.3877, 340.3922
308.57, 151.6864, 341.1258
308.0573, 150.9128, 341.8648
307.1775, 149.5935, 343.149
306.4566, 148.1826, 344.4595
306.1035, 147.3766, 345.1698
306.1321, 147.5658, 345.0074
306.2607, 147.8902, 344.7216
306.6612, 148.6521, 344.0216
306.9143, 149.0966, 343.5482
307.0436, 149.2927, 343.3596
306.9659, 149.0385, 343.5633
306.8575, 148.8951, 343.7213
306.6059, 148.5662, 344.0753
306.381, 148.415, 344.3132
306.1738, 148.1536, 344.619
305.9945, 148.2586, 344.3804
305.8135, 148.1821, 344.4608
305.6678, 148.0306, 344.5823
305.8687, 148.2641, 344.4141
305.8568, 148.3143, 344.3763
305.9066, 148.0702, 344.5786
305.9559, 148.0666, 344.6837
305.7502, 147.7576, 345.0125
305.4913, 147.2867, 345.4514
305.3182, 147.0745, 345.6612
305.3665, 147.0483, 345.6852
