302.0076, 176.079, 349.9131
302.0659, 176.3637, 349.5917
302.123, 176.7751, 349.2103
302.1892, 177.0179, 349.0229
302.3092, 177.3228, 348.9035
302.4236, 177.516, 349.0703
302.3066, 177.4653, 349.3053
301.9222, 176.914, 349.9657
301.6611, 176.3751, 350.5625
301.5063, 175.8023, 351.1314
301.6909, 176.5085, 350.6068
301.9891, 177.7896, 349.6271
302.2458, 179.0037, 348.7799
302.3499, 181.3399, 347.1154
302.1531, 183.3889, 345.8614
302.0178, 184.9292, 345.2543
302.3691, 185.246, 347.8694
302.6209, 184.4155, 352.7667
301.5535, 187.7562, 352.2857
300.5427, 194.2974, 347.5622
301.0546, 199.1905, 343.0778
300.1711, 197.388, 343.1459
299.8627, 193.3368, 345.2748
301.223, 194.0793, 345.351
302.0404, 192.7386, 345.3765
303.3466, 190.3206, 345.7253
304.36, 189.6098, 345.4495
304.6954, 190.0955, 343.6387
305.035, 190.7312, 342.0039
305.4079, 191.026, 340.4807
305.7469, 190.2889, 339.798
306.0575, 189.0634, 339.4874
306.5897, 188.6381, 338.5764
306.927, 188.3372, 337.4409
307.1862, 188.4713, 335.8326
307.4825, 189.1327, 334.0734
307.7994, 190.4336, 331.9402
307.9829, 190.5588, 330.6803
308.1466, 190.2106, 329.9136
308.9381, 190.2577, 328.5649
310.9217, 190.937, 325.8676
312.4004, 191.8393, 322.8672
313.5334, 192.3432, 320.0777
314.932, 192.6176, 317.3323
312.9983, 188.7467, 319.0472
311.4293, 181.3828, 322.2221
309.8511, 177.4812, 324.5523
308.7322, 173.1399, 326.8443
307.5452, 169.6939, 329.4906
304.2481, 163.2132, 334.0195
300.794, 154.2695, 340.8136
298.0514, 146.8221, 347.3585
