0.8490661, 0.06281734, -0.1060896
0.8489069, 0.0627265, -0.1057907
0.8487476, 0.06385946, -0.1064036
0.8482183, 0.06382227, -0.1058894
0.8478571, 0.06397843, -0.1058716
0.8476239, 0.06513333, -0.1064366
0.8470627, 0.06536102, -0.1064663
0.8463255, 0.06618476, -0.1071122
0.8452843, 0.06711316, -0.1078434
0.8442842, 0.06792092, -0.1082065
0.8424503, 0.06939912, -0.1089294
0.8402702, 0.07075524, -0.1094637
0.8375901, 0.0718143, -0.1101716
0.8349274, 0.07287335, -0.1110144
0.830815, 0.07235217, -0.1105049
0.8257586, 0.07287502, -0.1110332
0.820649, 0.07349229, -0.1124612
0.8153657, 0.07471228, -0.114504
0.8098353, 0.07511401, -0.1136335
0.8010997, 0.08113265, -0.1143147
0.7937127, 0.08521461, -0.1147366
0.7844411, 0.089885, -0.1166704
0.7727669, 0.09538293, -0.1186558
0.7590171, 0.1012714, -0.1217465
0.7450039, 0.1055107, -0.1247815
0.7271152, 0.1076863, -0.1300395
0.7063559, 0.1105168, -0.1353327
0.6846806, 0.1177232, -0.140838
0.6629018, 0.1329155, -0.1535883
0.6386356, 0.1375766, -0.1651613
0.6127938, 0.1410389, -0.1762371
0.5888704, 0.1410043, -0.1849762
0.5616243, 0.1406651, -0.1957824
0.5340704, 0.1379607, -0.2069494
0.5070951, 0.1368294, -0.2191904
0.4798168, 0.134702, -0.2306764
0.451153, 0.1324587, -0.2416369
0.4173866, 0.1308424, -0.2524797
0.3882496, 0.1309555, -0.2630767
0.3582048, 0.1298895, -0.272876
0.3276934, 0.1285508, -0.2829168
0.2977967, 0.1266675, -0.2910852
0.2676009, 0.1248064, -0.2978994
0.2363428, 0.1237791, -0.306336
0.2047596, 0.1222897, -0.3125541
0.1747486, 0.1194928, -0.3187867
0.1404957, 0.1176453, -0.3273089
0.1100844, 0.1156571, -0.3341528
0.08027241, 0.1136889, -0.3415735
0.04929194, 0.1135161, -0.349272
0.01960012, 0.1171069, -0.3560086
-0.008451134, 0.122612, -0.3634876
-0.03566864, 0.1291623, -0.3711174
-0.06253329, 0.133975, -0.3773429
-0.08492735, 0.1396208, -0.3825614
-0.1111498, 0.1440842, -0.3870103
-0.1304405, 0.1496656, -0.3880761
-0.1471649, 0.15411, -0.3857032
-0.1642671, 0.1568191, -0.3843019
-0.1768683, 0.1572962, -0.3834674
