310.6985, 217.2102, 334.2253
307.7078, 218.019, 334.2243
305.68, 210.4536, 340.2656
304.0118, 202.9521, 346.8551
302.4977, 196.9138, 352.5247
301.8492, 192.0206, 356.7694
302.3912, 190.0479, 358.0599
302.0865, 190.7353, 357.4817
301.641, 193.4375, 355.2174
301.3758, 198.5126, 350.4888
301.7462, 202.6002, 346.5229
302.7189, 204.3982, 344.7279
303.5863, 204.6473, 344.4468
303.762, 204.1404, 344.9709
303.39, 203.5179, 345.5297
301.8833, 201.3218, 347.5905
301.2121, 200.0614, 348.7228
300.8234, 198.7452, 349.8498
301.1241, 198.3237, 350.1832
301.8244, 199.3001, 349.299
302.433, 200.9828, 347.8205
302.471, 201.9323, 346.9129
302.4196, 201.9991, 346.8621
302.4141, 201.5883, 347.2431
302.2768, 200.67, 348.0694
302.2008, 200.0727, 348.5785
302.2388, 200.3493, 348.3098
302.3147, 200.6326, 348.0339
302.512, 200.9542, 347.6487
302.7834, 201.4158, 347.3032
302.8326, 201.483, 347.3252
302.7027, 201.3125, 347.5488
302.2523, 200.5974, 348.2225
301.9856, 199.8618, 348.8678
302.093, 199.665, 349.0023
302.261, 199.8647, 348.8093
302.4821, 200.6012, 348.1367
302.5838, 201.0614, 347.7135
302.4258, 201.0169, 347.7674
302.2738, 200.4359, 348.2852
302.186, 199.8508, 348.7724
302.185, 199.6316, 348.9492
302.2822, 199.8061, 348.7715
302.3652, 200.2023, 348.4106
302.4433, 200.5338, 348.1451
302.4064, 200.5942, 348.1234
302.2292, 200.269, 348.4564
302.0628, 199.7836, 348.9231
301.9679, 199.4844, 349.2094
301.9079, 199.3253, 349.3465
301.856, 199.3641, 349.2989
301.8729, 199.4827, 349.1644
301.9354, 199.6377, 349.0205
301.969, 199.8005, 348.8685
301.9697, 199.8432, 348.8269
301.9479, 199.9003, 348.8047
