0.9208152, 0.0633018, -0.1026239
0.9206406, 0.0631597, -0.1026567
0.9204434, 0.06297112, -0.1024603
0.920567, 0.06279349, -0.1026859
0.9205972, 0.06269193, -0.1026918
0.9208732, 0.0625422, -0.1026689
0.920876, 0.06210566, -0.1024724
0.9210405, 0.06196404, -0.1022618
0.9209124, 0.06205678, -0.1023153
0.9210889, 0.06205916, -0.1023388
0.9213187, 0.06217289, -0.1023759
0.9215084, 0.06220627, -0.1026204
0.9218247, 0.06235862, -0.1027424
0.9222084, 0.06245279, -0.102946
0.9225714, 0.06297541, -0.1028308
0.9231609, 0.06364298, -0.1024704
0.9241234, 0.06442475, -0.1023384
0.9252892, 0.06554055, -0.1022094
0.9266994, 0.0665946, -0.1019487
0.9285542, 0.06790543, -0.1020221
0.9313474, 0.06937671, -0.1019534
0.9342201, 0.07042909, -0.1018852
0.9377921, 0.07153082, -0.1017442
0.9425174, 0.07232165, -0.1008074
0.948248, 0.0729773, -0.1004366
0.9537026, 0.07469773, -0.1011215
0.9596142, 0.07797813, -0.1006937
0.968333, 0.08487725, -0.09960878
0.9783772, 0.09183192, -0.09843719
0.9891952, 0.09801054, -0.09706759
1.000387, 0.1036019, -0.09563088
1.015452, 0.1080849, -0.09267211
1.030612, 0.1113377, -0.08989441
1.050765, 0.1132176, -0.08574808
1.07175, 0.1179738, -0.08229887
1.091933, 0.1243997, -0.07441545
1.110793, 0.1301544, -0.06443262
1.133016, 0.1323786, -0.05401182
1.156091, 0.1358087, -0.04543173
1.182174, 0.1369941, -0.03598237
1.207877, 0.1344447, -0.02401268
1.233135, 0.1335394, -0.01407933
1.260776, 0.1313491, -0.001386642
1.285901, 0.1288466, 0.01026368
1.311542, 0.1275589, 0.02188075
1.338929, 0.1246605, 0.03397763
1.365669, 0.123071, 0.04572654
1.392299, 0.120965, 0.05691433
1.419621, 0.1192572, 0.06919599
1.447707, 0.1169064, 0.08367014
1.474379, 0.1146142, 0.09784234
1.502842, 0.1116807, 0.1149058
1.529449, 0.108748, 0.1321408
1.555454, 0.1055818, 0.148522
1.580401, 0.1034229, 0.1673235
1.604898, 0.1023164, 0.1866331
1.627094, 0.1020329, 0.2074908
1.648337, 0.09985089, 0.2283896
1.66752, 0.09973359, 0.2501572
1.685512, 0.09940195, 0.2726246
1.702009, 0.0994885, 0.297712
1.714688, 0.1005442, 0.3206896
1.724869, 0.1015611, 0.3419816
1.730211, 0.1048291, 0.363494
1.735467, 0.1088448, 0.3835859
1.736214, 0.1115577, 0.3985115
1.737932, 0.11356, 0.4132646
1.737973, 0.1149435, 0.4214104
