0.3825894, 0.114229, 0.01238513
0.3874655, 0.1085806, 0.01705599
0.3882803, 0.09813142, 0.02269924
0.3901988, 0.08515, 0.02479386
0.3957427, 0.07508612, 0.02498841
0.4012854, 0.071913, 0.0220443
0.4051551, 0.07924533, 0.01161683
0.4034372, 0.0733583, 0.008056045
0.402512, 0.07162595, 0.00569427
0.4028959, 0.06994796, 0.008310914
0.40182, 0.06480241, 0.01064479
0.4004411, 0.06287122, 0.0106858
0.3981919, 0.0629847, 0.0101738
0.3982471, 0.06436849, 0.01149452
0.3983157, 0.06459665, 0.01139665
0.3989797, 0.06363106, 0.0117873
0.3998939, 0.06296372, 0.01213682
0.4003492, 0.0624392, 0.01217628
0.4009925, 0.06211329, 0.01297939
0.4009733, 0.06155157, 0.01346123
0.3997762, 0.06094837, 0.01287246
0.3989486, 0.06104827, 0.01333022
0.3986923, 0.06077266, 0.01277387
0.3986983, 0.06031179, 0.01219058
0.3981753, 0.06032157, 0.01240635
0.3981059, 0.05984855, 0.01217139
0.3983393, 0.05948329, 0.01237369
0.3975988, 0.05966091, 0.01314056
0.397438, 0.05939603, 0.0133388
0.3974767, 0.05907297, 0.01357162
0.3972482, 0.05887556, 0.01389313
0.3971499, 0.05856919, 0.01396644
0.397047, 0.05824399, 0.01405823
0.3968024, 0.05799174, 0.0140959
0.3966305, 0.0577004, 0.01409352
0.3965798, 0.05742383, 0.01415789
0.3963252, 0.05712247, 0.01427209
0.3961144, 0.05682731, 0.01433778
0.3959967, 0.05655646, 0.01451457
0.3958363, 0.05627179, 0.01464319
0.3981058, 0.06276536, 0.01027155
0.3980524, 0.06273723, 0.01027656
0.3978985, 0.0629065, 0.009784937
0.398064, 0.0629313, 0.009759307
0.3979772, 0.06295705, 0.009763241
0.3978772, 0.06294346, 0.00957036
0.3979493, 0.06308699, 0.00942874
0.3979879, 0.06305623, 0.00942111
0.3979077, 0.06307197, 0.00926888
0.3977403, 0.06286001, 0.009260774
0.3978171, 0.06282973, 0.00924921
0.3977038, 0.06281924, 0.008989692
0.3975837, 0.06269312, 0.008874178
0.3974095, 0.06272101, 0.008797288
0.397352, 0.0626173, 0.008753777
0.3972763, 0.06249499, 0.008702517
0.3972512, 0.06246305, 0.008734345
0.3972378, 0.06239176, 0.008688092
0.3973914, 0.06229663, 0.008744597
0.3975866, 0.06223106, 0.008883953
0.397755, 0.06220651, 0.00888145
0.3977262, 0.0619235, 0.008962512
0.3978791, 0.06176662, 0.008877754
