302.4388, 96.87203, 48.99238
302.5896, 98.17097, 50.06291
302.5334, 105.1444, 45.58508
300.5055, 112.651, 39.84643
300.1413, 119.7623, 34.00774
306.5955, 114.621, 35.64946
303.3897, 134.7033, 13.18729
300.2174, 154.1211, 356.9207
303.7715, 161.9235, 350.3275
310.0662, 170.218, 344.0865
323.2164, 185.3938, 329.6703
335.5396, 193.7398, 322.5758
327.7141, 192.9527, 326.0791
315.758, 187.7673, 327.2361
313.4951, 181.6628, 331.2906
312.4948, 172.4583, 337.4028
305.1129, 166.1611, 343.0306
301.1262, 153.7154, 355.2435
300.0018, 141.0176, 6.21135
299.7496, 129.6886, 16.19269
297.651, 127.2985, 18.38587
296.0731, 131.4891, 14.18831
296.5577, 135.9603, 8.856382
297.4911, 141.2531, 3.300724
301.083, 156.5193, 349.5692
305.348, 165.1125, 341.9686
307.5407, 167.5817, 339.1456
308.8359, 167.6415, 338.7661
309.7358, 168.2079, 338.1689
308.511, 166.8537, 339.1467
306.9295, 165.1079, 340.4722
305.0898, 162.7043, 342.6186
303.8995, 160.5633, 344.4642
302.9669, 158.0304, 346.8264
302.7751, 156.7551, 348.045
302.8363, 155.8845, 348.7741
303.0465, 155.8622, 348.7269
303.7539, 157.7146, 346.9621
304.651, 160.0956, 344.7152
305.395, 161.7164, 343.2704
305.7235, 161.9947, 343.0099
305.8749, 161.9073, 343.0504
305.4993, 161.167, 343.6682
304.984, 160.2866, 344.4469
304.6161, 159.5429, 345.0768
304.6125, 159.4891, 345.0989
304.7308, 159.7008, 344.8624
305.0846, 160.3714, 344.186
305.4971, 161.2242, 343.4232
305.65, 161.5137, 343.0872
305.696, 161.4364, 343.0945
305.5631, 161.0301, 343.3653
305.5161, 160.9501, 343.3561
305.5032, 160.9756, 343.2513
305.7738, 161.3835, 342.8044
305.9164, 161.5737, 342.5259
306.1191, 161.8387, 342.1286
306.382, 162.1885, 341.7328
306.671, 162.4805, 341.3809
306.8507, 162.6462, 341.1486
306.8513, 162.6637, 341.042
306.9765, 162.7779, 340.854
307.1515, 162.8512, 340.7124
307.377, 163.077, 340.4507
307.6131, 163.2853, 340.2131
307.8106, 163.5007, 339.9872
