306.1405, 141.2213, 349.6409
306.4236, 141.427, 349.5043
306.8545, 141.8704, 349.2281
307.3894, 142.1134, 349.1184
308.1456, 142.4149, 349.0148
308.8912, 142.6426, 349.0553
309.565, 142.8648, 349.1455
310.3103, 143.1416, 349.3697
311.1011, 143.5142, 349.5324
312.2901, 144.2319, 349.8962
313.6637, 144.9256, 350.3535
316.4012, 145.6788, 351.7798
318.87, 145.8565, 353.196
321.5321, 144.4519, 355.9061
324.1661, 143.7034, 358.6248
326.7461, 143.7389, 1.613642
329.1637, 141.0939, 6.013585
332.6256, 137.4078, 11.31407
338.2089, 134.9625, 16.23057
340.2335, 134.6828, 18.44622
339.1299, 135.7481, 21.16594
340.7522, 135.5656, 24.21307
342.7395, 136.3926, 27.41423
345.1768, 138.1203, 30.62126
345.267, 139.8866, 31.93288
341.1861, 142.272, 29.33634
343.7668, 144.4813, 27.61945
344.883, 148.1743, 22.58902
342.6093, 150.9894, 19.39968
333.2385, 150.7596, 15.65431
328.3399, 149.6971, 13.30858
325.7714, 146.4046, 13.02645
325.0695, 141.7791, 14.07657
322.8826, 138.7709, 14.19686
319.793, 135.1371, 14.51978
318.4553, 132.2946, 14.42242
318.7837, 129.1779, 14.52086
318.4144, 126.256, 14.86442
316.2373, 122.9339, 16.22093
311.2385, 121.7188, 16.27571
308.0609, 125.0174, 12.88402
305.9055, 131.3801, 6.915582
304.2773, 136.8842, 0.8257138
304.6166, 144.5701, 352.0713
304.9706, 149.5117, 346.031
307.207, 154.7458, 339.2711
309.724, 159.1608, 333.0521
313.3722, 161.2808, 327.6432
316.277, 160.9875, 323.3828
317.7575, 159.9473, 320.0371
315.9226, 154.5926, 320.9876
313.8196, 147.9026, 324.2388
306.3381, 138.7514, 333.7578
300.8524, 132.191, 339.9529
