302.0632, 152.4926, 319.8104
303.852, 152.2165, 321.1568
303.6333, 148.3188, 324.3908
303.5987, 144.4675, 324.9494
293.8399, 149.469, 322.3705
284.544, 150.7964, 323.7562
285.5236, 135.5967, 342.2575
292.0389, 124.2337, 355.8211
296.2596, 117.952, 357.6196
300.8775, 119.5988, 353.4598
307.4072, 121.6962, 350.9962
311.6916, 122.9845, 350.8302
304.7125, 132.9586, 342.433
302.5182, 136.9903, 337.6306
306.2458, 136.6842, 338.0668
309.5739, 137.2253, 338.0232
310.6389, 137.0546, 338.555
307.9767, 135.1341, 340.6367
306.7284, 129.2325, 346.5274
306.0111, 124.9064, 350.5117
305.1645, 122.5802, 352.6302
303.8023, 120.6454, 354.52
302.4843, 119.7407, 355.3426
301.9797, 119.7298, 355.3274
302.7186, 121.5895, 353.5952
304.1565, 124.2397, 351.0822
305.231, 126.1183, 349.3869
305.7466, 126.8325, 348.7396
305.4783, 126.8206, 348.7356
304.977, 126.2464, 349.1975
304.2955, 124.6477, 350.5564
304.1412, 123.4099, 351.6528
304.3362, 122.9814, 351.9612
304.5931, 123.5866, 351.3667
304.7955, 124.3575, 350.6323
305.0367, 125.1178, 349.8905
305.269, 125.5085, 349.5148
305.4591, 125.5004, 349.4953
305.4833, 125.3073, 349.69
305.4648, 125.1533, 349.8405
305.3391, 124.8778, 350.0881
305.2755, 124.6944, 350.2713
305.2424, 124.6102, 350.3463
305.3026, 124.6966, 350.2327
305.4638, 125.0521, 349.9164
305.5462, 125.1911, 349.7729
305.5971, 124.9613, 349.9081
305.7053, 125.0045, 349.7981
305.7677, 124.9346, 349.832
305.7539, 124.7971, 349.8868
305.8966, 124.9146, 349.7745
306.0709, 125.1968, 349.5739
306.0927, 125.3545, 349.4093
306.0925, 125.3365, 349.3952
306.0605, 124.9639, 349.7191
306.1211, 124.6731, 349.9252
306.201, 124.5847, 349.9948
306.2616, 124.7779, 349.8518
306.3821, 124.9801, 349.6545
