0.09906191, 0.1109948, -0.2079321
0.1005374, 0.1038134, -0.2120356
0.09726095, 0.09778261, -0.211085
0.09515524, 0.0938561, -0.2126316
0.0884071, 0.09142995, -0.213813
0.08052963, 0.08921838, -0.2127535
0.07703859, 0.08025503, -0.2108974
0.07200766, 0.07309151, -0.2097617
0.0736289, 0.07093668, -0.2082084
0.07576126, 0.07398748, -0.2068992
0.07620388, 0.07333064, -0.2067996
0.07810718, 0.07277536, -0.2088634
0.07913446, 0.07169867, -0.2106535
0.07950723, 0.06924367, -0.2118174
0.07891291, 0.07018328, -0.2122167
0.07830065, 0.07019091, -0.2134389
0.07681185, 0.06925631, -0.2143247
0.07623476, 0.06894755, -0.2148165
0.07655567, 0.06769276, -0.215063
0.07723612, 0.06735158, -0.2156896
0.07748413, 0.06692696, -0.2154492
0.07770747, 0.06687951, -0.2147111
0.07848579, 0.06741238, -0.2143404
0.07808656, 0.06719232, -0.2141021
0.07781857, 0.06668711, -0.214122
0.07784992, 0.06698537, -0.2142977
0.0777511, 0.06695867, -0.2145028
0.07790786, 0.06677842, -0.2148438
0.07844907, 0.06697035, -0.2152906
0.07865489, 0.06689858, -0.2154741
0.07859844, 0.06697059, -0.2155806
0.07866102, 0.06699705, -0.2156045
0.07857734, 0.06693411, -0.2153642
0.07843077, 0.06708646, -0.2150491
0.07848853, 0.06719398, -0.2148084
0.07844967, 0.06717658, -0.2146544
0.07832164, 0.06712985, -0.214596
0.07831478, 0.0671916, -0.214704
0.07827538, 0.06710625, -0.2148084
0.07828641, 0.06699896, -0.2149548
0.07821256, 0.06682324, -0.2149352
0.07828993, 0.0667696, -0.2149083
0.07829994, 0.06665277, -0.214913
0.07819068, 0.06666255, -0.2148874
0.07820255, 0.06646013, -0.2147085
0.07817531, 0.0663805, -0.2145666
0.07811075, 0.06632233, -0.2145569
0.07805592, 0.06623578, -0.2143911
0.07799828, 0.06622362, -0.2143256
0.07797521, 0.06620622, -0.2141275
0.07775319, 0.06611538, -0.214088
0.07777101, 0.06593847, -0.213843
0.07766986, 0.06585193, -0.2135479
0.07757604, 0.06581569, -0.2134199
0.07748944, 0.06579018, -0.2132618
0.07739925, 0.065799, -0.2132556
0.0773347, 0.06572437, -0.2132022
0.07719857, 0.06574249, -0.2131304
0.07700783, 0.06555986, -0.2130832
0.07691461, 0.06549001, -0.2130857
0.07696486, 0.06527972, -0.2130312
0.0769878, 0.06526804, -0.2130609
0.07693613, 0.06522965, -0.2130828
0.07680875, 0.065207, -0.213041
0.07668668, 0.0652132, -0.2130491
0.0765509, 0.06516147, -0.2130095
0.07645226, 0.06489205, -0.2131674
