0.1105435, 0.1210151, -0.2005656
0.113883, 0.1140075, -0.1979629
0.1159944, 0.1058471, -0.1966831
0.1118198, 0.09503126, -0.1961148
0.1057017, 0.08151579, -0.1923478
0.1073019, 0.07194018, -0.1921323
0.1207515, 0.08225489, -0.200228
0.1247265, 0.07886267, -0.2029858
0.1278085, 0.07471943, -0.2052857
0.1304141, 0.0647049, -0.2052184
0.1296494, 0.06303692, -0.2028493
0.1274495, 0.06742716, -0.2013261
0.1216844, 0.07225728, -0.2005605
0.120901, 0.06920481, -0.200408
0.1200214, 0.06724119, -0.1998753
0.1196569, 0.06574488, -0.1990628
0.1205473, 0.06429338, -0.1991813
0.1233898, 0.06556749, -0.1996643
0.1239898, 0.0650022, -0.2001368
0.1234853, 0.06476665, -0.2001409
0.1224874, 0.0634737, -0.2000957
0.1215867, 0.06261778, -0.2002433
0.1203985, 0.06333447, -0.200353
0.1202792, 0.06317616, -0.2004895
0.1212394, 0.06336212, -0.2010284
0.1216083, 0.06340623, -0.2007387
0.1218704, 0.06313682, -0.200555
0.1218677, 0.06295681, -0.200254
0.1213568, 0.06312346, -0.1998689
0.1211499, 0.06300402, -0.1996949
0.1214125, 0.06334329, -0.1997867
0.1216142, 0.06296062, -0.2002488
0.1216875, 0.06288505, -0.2004885
0.1216424, 0.06260014, -0.2007112
0.1215461, 0.0627284, -0.2006225
0.1214229, 0.06274009, -0.2008509
0.1212469, 0.06242347, -0.2006673
0.1213178, 0.06227851, -0.200469
0.1211791, 0.06241488, -0.2001414
0.1211854, 0.06231689, -0.1999432
0.1212562, 0.06222153, -0.1997625
0.1213109, 0.06204414, -0.1997356
0.1212618, 0.06192565, -0.1996705
0.1213165, 0.06174588, -0.1996805
0.1212948, 0.06163716, -0.1995971
0.1212393, 0.06146097, -0.1994666
0.1210538, 0.06138945, -0.1993666
0.1208859, 0.06161737, -0.1997378
0.1205141, 0.06103706, -0.199446
0.1205512, 0.06091166, -0.1991512
0.1204021, 0.06081557, -0.1991996
0.1207636, 0.06130648, -0.199424
0.1207133, 0.06119752, -0.1993102
0.1205871, 0.06112695, -0.1992704
0.1208379, 0.06145287, -0.1993164
0.1207711, 0.06138754, -0.1993532
0.1207403, 0.06135464, -0.1993693
0.1210285, 0.06159258, -0.1994739
0.1208481, 0.06170344, -0.1993698
0.1208788, 0.06165147, -0.1993024
