299.1147, 201.5137, 332.965
300.1027, 200.4306, 333.6159
301.7247, 198.2161, 335.1691
303.5802, 197.6465, 335.8315
303.2376, 196.794, 336.1503
295.6957, 196.7198, 335.3444
292.6989, 200.5273, 335.2936
292.5273, 182.2492, 356.9709
301.4219, 166.0907, 8.094055
309.0704, 166.4745, 4.429901
316.9092, 179.1249, 353.0624
321.8629, 189.5607, 345.6144
313.6392, 194.8176, 342.0032
308.2388, 198.9318, 337.0355
306.2077, 198.471, 337.3023
307.0721, 195.7594, 340.3134
306.6964, 186.9188, 347.9621
306.0306, 182.7419, 351.546
306.6198, 180.7453, 353.4767
306.5441, 180.0837, 353.7948
305.9418, 180.7101, 353.0691
305.5838, 184.0695, 350.1262
305.8874, 185.8151, 348.3576
307.2609, 186.5153, 347.6044
307.7416, 186.3936, 347.6924
308.0064, 185.5186, 348.395
307.8586, 185.146, 348.7236
307.0175, 184.5421, 349.2231
306.5154, 184.0145, 349.6859
306.5161, 183.6221, 349.9741
306.863, 183.5356, 349.9791
307.136, 183.7236, 349.7274
307.4536, 184.5842, 348.97
307.4857, 184.7678, 348.7676
307.4204, 184.696, 348.8105
307.4455, 184.5518, 348.9358
307.4572, 184.0134, 349.3755
307.5956, 183.9556, 349.3837
307.7665, 184.3621, 349.0103
307.8923, 184.7006, 348.7001
308.0482, 184.8329, 348.5427
308.164, 184.8678, 348.5185
308.2764, 184.7649, 348.564
308.3374, 184.6484, 348.6334
308.4286, 184.7463, 348.5133
308.5173, 184.8108, 348.4118
308.6565, 184.9981, 348.1887
308.7536, 185.2256, 347.9287
308.8514, 185.4119, 347.7419
308.9751, 185.6378, 347.5505
308.9706, 185.5602, 347.5943
308.9825, 185.452, 347.6671
309.0088, 185.3693, 347.7003
309.0725, 185.4391, 347.6005
309.1605, 185.7639, 347.273
309.2637, 185.9972, 347.0417
309.2903, 186.1347, 346.8926
309.3198, 186.2023, 346.8271
309.3295, 186.2198, 346.7909
309.3695, 186.2343, 346.762
309.3975, 186.2256, 346.7646
309.3862, 186.1284, 346.8334
309.3682, 186.1429, 346.8034
309.4752, 186.2073, 346.7403
309.5636, 186.2796, 346.6708
309.5884, 186.4142, 346.5656
