0.3215166, 0.1397221, -0.1518739
0.3164724, 0.1333764, -0.1530351
0.3167838, 0.1220188, -0.1582771
0.3164442, 0.1102726, -0.1655886
0.3147586, 0.1016963, -0.1683057
0.3110467, 0.099334, -0.1651288
0.3075946, 0.09698558, -0.1656662
0.3025646, 0.09183192, -0.1601432
0.2979017, 0.08791685, -0.1565391
0.2912765, 0.0823431, -0.1470051
0.2890411, 0.07244945, -0.1455975
0.2882691, 0.06963658, -0.1476809
0.2902967, 0.07237077, -0.1508792
0.2888793, 0.06784987, -0.1498635
0.2928208, 0.06792068, -0.1528221
0.2947453, 0.07128882, -0.1542917
0.2924078, 0.06710601, -0.1549492
0.2909289, 0.06851459, -0.1545504
0.2896858, 0.06730294, -0.1542904
0.2890196, 0.06624126, -0.1547104
0.2895058, 0.06662178, -0.1551502
0.2895938, 0.06630611, -0.1552921
0.290104, 0.0659349, -0.1553617
0.2909191, 0.06605458, -0.1554971
0.2910303, 0.06585383, -0.1549323
0.2908787, 0.06562614, -0.1544966
0.2908691, 0.06504846, -0.1540005
0.2908313, 0.06467676, -0.1538147
0.2912751, 0.06523728, -0.1544505
0.2911051, 0.06514597, -0.1546397
0.2912996, 0.06515598, -0.1547844
0.291317, 0.06494689, -0.1547349
0.2915214, 0.06480598, -0.1545401
0.2915664, 0.06467128, -0.1544636
0.2917088, 0.06451607, -0.1544154
0.2918189, 0.06434488, -0.1543496
0.2924157, 0.06428313, -0.1539823
0.2925435, 0.06412721, -0.1539691
0.2926603, 0.06397152, -0.1540334
0.2928384, 0.06374884, -0.1538296
0.2929242, 0.06360722, -0.1538845
0.2931486, 0.0634253, -0.1537488
0.2932236, 0.06323957, -0.1537183
0.2933263, 0.06306648, -0.1537041
0.2935423, 0.06291652, -0.1535391
0.2935465, 0.06269836, -0.1533704
0.2937554, 0.06251144, -0.1533068
0.2939211, 0.06243205, -0.1532258
0.294045, 0.06228328, -0.1532412
0.2926652, 0.06556296, -0.1512496
0.2928405, 0.06550789, -0.1509991
0.2929986, 0.06552649, -0.1508997
0.2930657, 0.06545949, -0.1507754
0.2931332, 0.06543779, -0.1506526
0.2930942, 0.06562781, -0.1504096
0.2931283, 0.06554699, -0.1503169
0.293153, 0.06552482, -0.1502369
0.2929865, 0.06538701, -0.150184
0.2929849, 0.06527257, -0.1501294
0.2929898, 0.065207, -0.1500977
0.2930225, 0.06536412, -0.1501988
0.2930575, 0.06529641, -0.1500816
0.2928715, 0.06502581, -0.1498089
0.2927678, 0.06517601, -0.1499334
