-0.3932873, 0.06637859, -0.4159124
-0.3933554, 0.06634593, -0.4159203
-0.39348, 0.06628251, -0.4160661
-0.3934349, 0.06622314, -0.416142
-0.3935777, 0.06615043, -0.4161131
-0.3937379, 0.06610918, -0.4161079
-0.3938648, 0.06615067, -0.4160337
-0.3940471, 0.06612992, -0.4160476
-0.3942667, 0.06623888, -0.4161305
-0.394394, 0.06641126, -0.4162083
-0.3946314, 0.06638217, -0.4164865
-0.3951066, 0.06667161, -0.4166752
-0.3953667, 0.06716609, -0.4168136
-0.3960619, 0.06762838, -0.4170237
-0.3968249, 0.06810021, -0.4172581
-0.397789, 0.06866527, -0.4173621
-0.39905, 0.06954241, -0.4173534
-0.400788, 0.07033277, -0.4173536
-0.4024226, 0.07096958, -0.4167492
-0.4048713, 0.07167697, -0.4161493
-0.4077642, 0.07218337, -0.4160057
-0.4108333, 0.07266068, -0.4164871
-0.4141671, 0.07234812, -0.4166553
-0.4172757, 0.07244897, -0.4163163
-0.4199571, 0.07365799, -0.4152851
-0.4245737, 0.07696056, -0.4131234
-0.4309377, 0.08121753, -0.4101807
-0.4369706, 0.08389854, -0.4075882
-0.4445296, 0.08717752, -0.4050658
-0.4527654, 0.09197235, -0.4019285
-0.4618485, 0.0961318, -0.3983705
-0.4720879, 0.100847, -0.3936859
-0.4840985, 0.1043062, -0.3880639
-0.4987083, 0.106698, -0.3812824
-0.5165995, 0.1123912, -0.3691956
-0.5342013, 0.1224105, -0.3624249
-0.548288, 0.1285317, -0.3588899
-0.5677384, 0.1315053, -0.3567169
-0.5865283, 0.1334803, -0.3516138
-0.6087073, 0.1340244, -0.3453511
-0.6309862, 0.1342525, -0.3378341
-0.6533149, 0.1314831, -0.3294451
-0.6747638, 0.1298015, -0.3216383
-0.6968137, 0.1259849, -0.3127055
-0.7182497, 0.1214781, -0.3037009
-0.7377148, 0.1191504, -0.2945751
-0.7577816, 0.1165655, -0.2800169
-0.7754894, 0.1201732, -0.2630672
-0.7922287, 0.1194084, -0.2485017
-0.8060018, 0.1162827, -0.2349887
-0.8207028, 0.1142397, -0.2222793
-0.8341715, 0.1108375, -0.2070726
-0.8457384, 0.1087852, -0.1911023
-0.8579435, 0.1081393, -0.1761019
-0.8714466, 0.1067622, -0.1597861
-0.8825116, 0.1098566, -0.1430881
-0.8919743, 0.1123998, -0.129205
-0.9028065, 0.1132545, -0.1155167
-0.9115222, 0.1138251, -0.1032528
-0.9181585, 0.1144955, -0.08875132
-0.9247478, 0.1154993, -0.07481241
-0.9291935, 0.1157565, -0.06187725
-0.9318345, 0.1158273, -0.04929352
-0.9328836, 0.1167328, -0.03957748
