295.6263, 308.5789, 32.14416
289.9445, 312.6859, 32.42367
290.6593, 329.3706, 15.0281
297.9523, 343.4031, 0.4356976
310.0191, 358.7768, 347.5131
310.2046, 10.48564, 337.8685
309.755, 21.23928, 326.5841
313.6859, 19.77702, 328.768
315.1928, 17.27482, 331.3102
310.0602, 10.49412, 336.1452
307.9534, 7.844629, 338.1764
306.2342, 361.5689, 343.2383
305.5443, 356.0872, 347.7411
305.5166, 354.0073, 349.4524
305.3775, 353.06, 350.3062
305.4627, 355.9092, 347.6206
305.9487, 359.8317, 343.7808
306.8258, 362.7697, 340.993
308.4061, 5.523385, 338.5652
309.2713, 6.654871, 337.5617
310.0164, 7.101469, 337.2402
310.1293, 6.476478, 337.8937
309.972, 5.650466, 338.5847
308.9747, 3.836735, 340.2485
307.9597, 362.5006, 341.5256
307.1995, 361.0978, 342.8588
306.6755, 359.9973, 343.8496
306.7965, 359.9604, 343.8688
306.9861, 360.0103, 343.9099
307.506, 360.7983, 343.2862
307.7489, 361.4633, 342.7539
307.7453, 361.8029, 342.5318
307.397, 361.5503, 342.7265
307.1923, 360.8563, 343.2809
307.0837, 360.4748, 343.6894
307.023, 360.1829, 343.9937
307.1891, 359.9969, 344.1543
307.2815, 359.9921, 344.1864
307.2387, 360.0206, 344.1631
307.1241, 360.0641, 344.1232
306.9783, 359.9478, 344.2556
306.8983, 359.6427, 344.5025
306.7749, 359.4208, 344.7113
306.7594, 359.2288, 344.8882
306.7402, 359.1111, 344.9796
306.8224, 359.413, 344.7366
306.8606, 359.5054, 344.6693
306.7803, 359.494, 344.6816
306.7114, 359.3552, 344.8149
306.6093, 359.1428, 345.0388
306.525, 358.8181, 345.3599
306.4775, 358.7607, 345.4515
306.3915, 358.7964, 345.495
306.3207, 358.8519, 345.5287
306.1884, 358.8689, 345.6219
305.9631, 358.5361, 346.0016
305.7741, 358.7659, 345.9137
