0.668432, 0.09874511, -0.3324891
0.6661788, 0.09650254, -0.3300468
0.6614518, 0.09341669, -0.3301412
0.657216, 0.09005833, -0.3287502
0.6525182, 0.08677721, -0.3263412
0.6497023, 0.08137608, -0.3255753
0.6501331, 0.07392645, -0.3252383
0.6520911, 0.07076955, -0.3255134
0.651885, 0.07197642, -0.3260354
0.6519958, 0.0716424, -0.3260675
0.6515406, 0.07050395, -0.3255104
0.6494484, 0.06716418, -0.3252248
0.6469045, 0.06773877, -0.3248481
0.6462741, 0.0684135, -0.325197
0.6461085, 0.06834602, -0.3267513
0.6460613, 0.06739283, -0.327508
0.6467463, 0.06547451, -0.3281335
0.6464982, 0.06415725, -0.3287324
0.6460521, 0.06455088, -0.3287598
0.6449791, 0.06500077, -0.3282388
0.6447332, 0.06472754, -0.3284058
0.6443595, 0.06412387, -0.3282624
0.6441469, 0.06397295, -0.3285084
0.6445968, 0.06429935, -0.3286822
0.6447237, 0.06425405, -0.3287006
0.6446298, 0.06420755, -0.3289768
0.6448457, 0.06446052, -0.329178
0.6448936, 0.06443954, -0.3290442
0.6448706, 0.06440639, -0.3290983
0.6449584, 0.06438208, -0.3287659
0.6452889, 0.06434941, -0.3283153
0.6451755, 0.06441188, -0.3283188
0.645326, 0.06458879, -0.3282207
0.6453146, 0.06461382, -0.3280999
0.6452949, 0.06464052, -0.3280545
0.6454507, 0.06462622, -0.3278188
0.6454673, 0.06461596, -0.327731
0.6454561, 0.0646162, -0.3276327
0.6454313, 0.06444573, -0.3272601
0.645406, 0.06441927, -0.3270711
0.645422, 0.0643847, -0.3268192
0.6457897, 0.06437445, -0.3264064
0.6457306, 0.06431937, -0.3262166
0.6456804, 0.0642581, -0.3260779
0.6459081, 0.06423998, -0.3258303
0.6459081, 0.06421518, -0.3257237
0.6460023, 0.06420112, -0.3254909
0.6460624, 0.06419206, -0.325293
0.6462213, 0.06399059, -0.3253168
0.646369, 0.06394053, -0.3250383
0.6463575, 0.06390667, -0.3248295
0.6463476, 0.06379914, -0.3247907
0.6463498, 0.06372762, -0.3245524
0.6463296, 0.06379175, -0.3245639
0.646247, 0.06368351, -0.3246229
0.6465404, 0.0632472, -0.3247278
0.6463776, 0.06298852, -0.3246813
0.6465168, 0.06303048, -0.3243255
0.6464663, 0.06298971, -0.3243013
0.6463406, 0.06280065, -0.3241369
0.6460212, 0.06294274, -0.3239009
0.6458259, 0.0628469, -0.3239244
0.6457776, 0.06283808, -0.324037
0.6457701, 0.06256104, -0.3242257
0.6456913, 0.06244922, -0.3243046
0.6455051, 0.06232357, -0.3243151
0.6454388, 0.06223297, -0.3243642
0.6453772, 0.06215596, -0.3242822
0.6451752, 0.06199074, -0.324117
0.6451828, 0.06188321, -0.3239163
0.6449531, 0.06188011, -0.3238279
0.6448058, 0.06192422, -0.3236914
