0.8381518, 0.04720306, 0.1807466
0.8380018, 0.04647875, 0.1813051
0.8378302, 0.04636168, 0.1814831
0.8376986, 0.04608798, 0.1815829
0.8376426, 0.04546642, 0.182133
0.8375143, 0.04573441, 0.1819634
0.8374168, 0.04538846, 0.1820967
0.8375872, 0.04502892, 0.1823801
0.8376495, 0.04506922, 0.1822152
0.8375961, 0.04474735, 0.1825096
0.8375787, 0.04448104, 0.1828542
0.8375443, 0.04463816, 0.1827151
0.8373204, 0.04444551, 0.1828901
0.8369168, 0.04449487, 0.1829078
0.8365804, 0.04441071, 0.1829898
0.8361439, 0.04443192, 0.1829255
0.8356129, 0.04462504, 0.1831104
0.8348004, 0.0452795, 0.1828591
0.8339778, 0.04565191, 0.1827667
0.8326157, 0.04637098, 0.1823581
0.8310055, 0.04744482, 0.1815554
0.8282787, 0.04920506, 0.1811497
0.8249232, 0.05184531, 0.1820073
0.8213209, 0.05385184, 0.1844386
0.8172752, 0.0552783, 0.1865067
0.8111967, 0.05683732, 0.1898079
0.8024865, 0.06047535, 0.1933409
0.7912689, 0.06844473, 0.1974531
0.7796768, 0.07803631, 0.201077
0.7687486, 0.08612418, 0.2035773
0.7558756, 0.09439707, 0.2051455
0.733029, 0.099648, 0.206466
0.7104477, 0.1013055, 0.2121865
0.6891882, 0.104799, 0.2154922
0.6663505, 0.1062124, 0.2133203
0.6453809, 0.1041703, 0.2103185
0.6210256, 0.1041195, 0.2103192
0.5922376, 0.1037993, 0.2109785
0.5660343, 0.1037307, 0.213104
0.5379634, 0.1036251, 0.2151226
0.5147612, 0.09418941, 0.2280884
0.4876966, 0.09334183, 0.2286478
0.4609411, 0.09224153, 0.2297525
0.4333002, 0.08989739, 0.2321218
0.4050266, 0.08776951, 0.2337761
0.3744306, 0.08557963, 0.2356019
0.3457569, 0.08167744, 0.2364579
0.3178813, 0.07838511, 0.2369414
0.2902234, 0.07549381, 0.236013
0.2625387, 0.07402468, 0.234464
0.2484414, 0.1164603, 0.1941624
0.2161753, 0.1080637, 0.1923199
0.1890507, 0.1081622, 0.1859584
0.1629715, 0.1073296, 0.1795048
0.1363929, 0.1058977, 0.1710817
0.1089207, 0.1067986, 0.1623788
0.08666983, 0.1085978, 0.152445
0.0648376, 0.1090717, 0.1432641
0.04462972, 0.1090269, 0.1343015
0.02981535, 0.1095698, 0.1282684
0.01345351, 0.111007, 0.1236276
0.001775891, 0.1155825, 0.1230772
