0.2166322, 0.1139553, 0.260216
0.2200767, 0.1014581, 0.2601642
0.223417, 0.08760405, 0.261204
0.2236793, 0.07597208, 0.2616135
0.2215623, 0.06826043, 0.2625522
0.2149168, 0.0783782, 0.2686962
0.2123904, 0.08355832, 0.2724532
0.2101766, 0.0832231, 0.2715609
0.2091181, 0.08120561, 0.2691844
0.209703, 0.08114696, 0.2702273
0.2086726, 0.0804882, 0.2660661
0.2081341, 0.08219886, 0.2635523
0.2095485, 0.08549213, 0.2657088
0.2086561, 0.08586931, 0.2655537
0.2074711, 0.08551741, 0.2653488
0.2088016, 0.08571863, 0.2674728
0.2078305, 0.0863626, 0.2692083
0.2082226, 0.08793926, 0.271598
0.2103567, 0.08739924, 0.2713601
0.2106559, 0.08714652, 0.2725973
0.2108399, 0.08710957, 0.2736923
0.2124038, 0.08531594, 0.2716524
0.212312, 0.08619404, 0.2723826
0.21211, 0.08713317, 0.2728268
0.2128035, 0.0858829, 0.2714346
0.2124919, 0.08598804, 0.2711392
0.2120413, 0.08599877, 0.2706276
0.2123219, 0.08538914, 0.2701245
0.2120954, 0.08573961, 0.2701047
0.2125452, 0.08522654, 0.2702766
0.2124414, 0.08561969, 0.2707342
0.2179422, 0.07478595, 0.2677207
0.2215742, 0.06701922, 0.2650526
0.2216489, 0.06674767, 0.2654583
0.2222586, 0.06640363, 0.2658505
0.2220358, 0.06662989, 0.2654965
0.2217058, 0.06623101, 0.2657233
0.2219024, 0.06593752, 0.2656876
0.2216935, 0.06629658, 0.2656834
0.2217028, 0.06607175, 0.2657215
0.22202, 0.06591153, 0.2658722
0.2221003, 0.06620622, 0.2662493
0.2220109, 0.06612206, 0.2660958
0.222257, 0.06598854, 0.2663202
0.222187, 0.06627798, 0.2663725
0.2222433, 0.06616592, 0.2663657
0.222183, 0.06598806, 0.2663069
0.2219168, 0.06616998, 0.2662458
0.2214104, 0.06576777, 0.2663926
0.2213625, 0.06558728, 0.2663415
0.2211623, 0.06576085, 0.266258
0.2213498, 0.06578803, 0.2662183
0.2215754, 0.06568646, 0.2663474
0.2215687, 0.06562328, 0.2661354
0.2215643, 0.06555057, 0.2662218
0.2215964, 0.06542611, 0.2662552
0.2213306, 0.06567407, 0.2662069
