317.483, 173.0436, 326.5869
318.5227, 173.5325, 323.6623
318.8506, 172.7435, 321.532
318.0755, 170.0696, 321.0915
315.0222, 165.0004, 323.0592
312.8292, 160.0211, 325.1962
310.6606, 154.2499, 328.679
307.1661, 151.4171, 329.963
304.0197, 153.6303, 329.3545
301.8069, 155.0182, 331.7997
297.541, 151.7383, 338.6591
289.6445, 130.7153, 357.3595
287.4698, 103.175, 22.27051
290.8269, 99.55022, 28.54183
297.0899, 112.4209, 16.15452
297.6606, 138.8333, 348.3606
300.5134, 156.5257, 333.6213
310.7276, 150.6904, 337.5218
316.1087, 150.1535, 337.8289
318.7654, 152.6325, 336.5573
323.2737, 156.627, 333.6855
320.2915, 157.11, 332.9387
315.4736, 157.2812, 332.0469
308.5384, 153.4338, 335.6915
304.9594, 148.5244, 340.0815
304.573, 142.6486, 345.1152
305.0833, 138.2145, 348.8915
304.793, 134.6171, 352.0932
302.9855, 134.6213, 352.3462
304.8812, 133.9675, 352.9037
305.7628, 136.8461, 349.9435
306.7655, 140.9704, 346.1579
307.4782, 143.3243, 344.0018
307.9954, 145.551, 341.9856
308.7079, 146.6293, 341.0238
309.1408, 145.7807, 341.8093
309.2045, 145.1741, 342.4174
308.5425, 143.6835, 343.7296
307.7745, 142.7083, 344.5826
307.2975, 142.0787, 345.1734
306.9953, 141.7188, 345.4738
307.2487, 141.8355, 345.3698
307.7304, 142.3722, 344.9256
308.2018, 143.194, 344.2315
308.4125, 143.6545, 343.8448
308.4109, 143.7811, 343.7415
308.1469, 143.3988, 344.0576
307.9566, 142.8208, 344.5646
307.8425, 142.3776, 344.9429
307.8229, 142.238, 345.0389
307.9554, 142.5379, 344.7427
308.113, 143.1567, 344.2411
308.1995, 143.3889, 344.0605
308.1248, 143.2503, 344.2069
308.0572, 143.0613, 344.4059
307.955, 142.6611, 344.8122
307.8289, 142.3744, 345.0894
307.7826, 142.3333, 345.1453
307.7516, 142.3936, 345.0916
307.7771, 142.3789, 345.1062
307.8399, 142.3553, 345.1455
