0.3802118, 0.07242799, -0.09969509
0.3851742, 0.06805968, -0.1016479
0.3902312, 0.06409478, -0.1061243
0.3935338, 0.06205368, -0.1095005
0.3924775, 0.06626558, -0.1081828
0.3924775, 0.06626558, -0.1081828
0.3940455, 0.0672996, -0.1078818
0.3940455, 0.0672996, -0.1078818
0.3956543, 0.06477761, -0.1098174
0.3969985, 0.06206036, -0.1120819
0.3973348, 0.0608027, -0.1127777
0.3958144, 0.06190467, -0.1126223
0.3956708, 0.0629437, -0.1135575
0.3970184, 0.06185102, -0.1157866
0.3975721, 0.06125546, -0.1161143
0.3982243, 0.06125212, -0.1154418
0.3982243, 0.06125212, -0.1154418
0.3988885, 0.06128764, -0.1146349
0.3992097, 0.06157517, -0.1144043
0.3993484, 0.06138539, -0.1155963
0.3997889, 0.06149077, -0.1169102
0.4006417, 0.06200647, -0.1178308
0.4011256, 0.06203818, -0.1183188
0.4005979, 0.06257796, -0.1167597
0.3999794, 0.06242323, -0.115919
0.3999794, 0.06242323, -0.115919
0.3996719, 0.06237674, -0.1153104
0.399926, 0.06205893, -0.1148347
0.4005291, 0.06227326, -0.1151527
0.400553, 0.06222987, -0.115787
0.4001775, 0.0625298, -0.1161505
0.3995695, 0.06251431, -0.1170025
0.3988606, 0.06299901, -0.1169676
0.398474, 0.06250763, -0.1167818
0.398474, 0.06250763, -0.1167818
0.3985788, 0.06242919, -0.1168176
0.398513, 0.06262207, -0.116781
0.3988907, 0.06268907, -0.1166971
0.399003, 0.06263423, -0.1166183
0.3989654, 0.06278825, -0.116452
0.398992, 0.0627563, -0.1164372
0.3990451, 0.06280375, -0.1164212
0.3990917, 0.06279421, -0.1164067
0.3992228, 0.06276298, -0.1162653
0.3992228, 0.06276298, -0.1162653
0.3992688, 0.0628593, -0.1159489
0.399499, 0.06298256, -0.1159422
0.39965, 0.06298041, -0.1158675
0.39964, 0.06297708, -0.1159148
0.3996701, 0.06302571, -0.1158984
0.3996337, 0.0630765, -0.1156392
0.3995704, 0.06295371, -0.1155291
0.3995383, 0.0628686, -0.1155809
0.3995383, 0.0628686, -0.1155809
0.3995042, 0.06286693, -0.1155602
0.3998721, 0.06325436, -0.1157489
0.3997453, 0.06324244, -0.1160614
0.3996398, 0.06345034, -0.116024
0.3995038, 0.06340694, -0.116286
0.3994018, 0.06355333, -0.1163723
0.3993375, 0.0634563, -0.1164074
0.3993201, 0.0634613, -0.1165823
0.3993201, 0.0634613, -0.1165823
0.3993295, 0.06347871, -0.1166281
0.3991142, 0.06329632, -0.1167145
0.3989661, 0.06330943, -0.1169565
0.3989208, 0.06330514, -0.1171523
0.3988685, 0.06328154, -0.1173605
0.3988355, 0.063308, -0.1174383
0.3988141, 0.06330013, -0.1175188
0.3988141, 0.06330013, -0.1175188
0.3988296, 0.06346512, -0.1178325
0.3988023, 0.06351995, -0.118001
