-0.2701991, 0.06504726, -0.08950561
-0.2703598, 0.06508517, -0.08948523
-0.2704825, 0.06511784, -0.08944398
-0.2705908, 0.0652256, -0.08932668
-0.2705114, 0.06527567, -0.0892126
-0.2706806, 0.06510973, -0.08907944
-0.270631, 0.06512642, -0.08905464
-0.270723, 0.06524134, -0.08899599
-0.2706622, 0.06553197, -0.08905834
-0.2708477, 0.06568289, -0.08903319
-0.2710984, 0.06606126, -0.08886939
-0.2714054, 0.06645894, -0.0889495
-0.272007, 0.06699634, -0.08912712
-0.2727869, 0.06766152, -0.08945161
-0.2735918, 0.06824374, -0.08983892
-0.2749819, 0.06882644, -0.09042603
-0.2772468, 0.06975079, -0.09145123
-0.2793114, 0.07199001, -0.09302181
-0.2787952, 0.07351804, -0.09597737
-0.2793204, 0.07522082, -0.09926826
-0.2851112, 0.07780123, -0.1045199
-0.2938811, 0.08328986, -0.1090556
-0.3016433, 0.09012461, -0.1118496
-0.312233, 0.09529376, -0.1149902
-0.3221523, 0.09831262, -0.1181037
-0.3358933, 0.09987283, -0.1200857
-0.3486128, 0.102246, -0.1215575
-0.3622036, 0.1021388, -0.1220668
-0.3760485, 0.1033087, -0.1227058
-0.3899155, 0.104368, -0.1224046
-0.4051094, 0.1033473, -0.1223688
-0.420429, 0.1027942, -0.1215263
-0.4347235, 0.1018169, -0.1190986
-0.4491557, 0.1007895, -0.117569
-0.4641092, 0.09921098, -0.1148145
-0.478081, 0.09734154, -0.1122885
-0.4893325, 0.09647059, -0.1096327
-0.5010247, 0.09635472, -0.1073198
-0.5122131, 0.09533095, -0.1041015
-0.5224226, 0.09510827, -0.1023152
-0.5323271, 0.09546328, -0.09941667
-0.540612, 0.09051752, -0.09483725
-0.5479429, 0.08602571, -0.09231228
-0.555624, 0.08085489, -0.09084564
-0.5604407, 0.07811522, -0.09180516
-0.5642762, 0.07695055, -0.09317404
-0.5685185, 0.0732758, -0.09386879
-0.5746708, 0.07123876, -0.09536558
