305.3058, 270.6054, 319.4303
305.1911, 271.3653, 318.3974
305.6718, 269.8205, 320.7484
296.5596, 267.7701, 324.6899
289.8383, 260.3221, 330.872
287.6069, 251.6082, 343.7283
289.1031, 233.7081, 3.330101
297.7794, 224.6722, 7.666431
301.2104, 223.4325, 7.97848
304.1187, 236.2719, 354.7473
306.4492, 244.9803, 347.2968
309.0537, 256.6809, 335.882
312.2215, 263.4011, 328.9172
315.9929, 266.1333, 326.9299
317.8569, 266.5742, 327.3038
316.5144, 264.7216, 328.9849
312.9095, 261.5194, 332.255
310.3388, 257.8039, 335.7677
307.3835, 250.5059, 341.9834
305.3209, 243.6852, 348.3119
303.6489, 238.1498, 353.7948
302.7791, 233.9014, 357.847
302.5076, 232.7512, 358.6967
302.3395, 233.6322, 357.8694
303.074, 239.0914, 352.8999
304.9519, 244.0179, 348.3365
306.6798, 247.055, 345.6277
307.665, 248.4029, 344.4124
307.7508, 248.2193, 344.511
306.9418, 246.9688, 345.5499
305.7827, 244.8517, 347.3159
305.1847, 243.5859, 348.3611
304.8538, 242.5598, 349.2808
304.943, 242.2839, 349.5098
305.5396, 243.0673, 348.7765
306.1392, 244.0977, 347.8753
306.4221, 244.5942, 347.3848
306.6155, 244.801, 347.1464
306.7404, 244.9506, 346.9838
306.5953, 244.789, 347.0729
306.3763, 244.0941, 347.5849
306.3132, 243.6816, 347.8575
306.5935, 243.8847, 347.6667
306.867, 244.0406, 347.4886
307.1808, 244.4714, 347.0742
307.3798, 244.6447, 346.9262
307.508, 244.5718, 346.9576
307.3927, 244.491, 346.993
307.2611, 244.3362, 347.133
307.1195, 243.9442, 347.4353
307.0482, 243.6663, 347.6343
307.1987, 243.6319, 347.623
307.3556, 243.9308, 347.3577
307.4739, 244.169, 347.1128
307.6071, 244.2935, 346.9988
307.6448, 244.2394, 347.0645
307.5805, 243.9459, 347.2979
307.6236, 243.8459, 347.3867
