-0.6110523, 0.0664382, 0.3707949
-0.6111064, 0.06637597, 0.3708485
-0.6109954, 0.06638551, 0.3710583
-0.611099, 0.06650162, 0.3713289
-0.6110184, 0.06652045, 0.3715454
-0.6109542, 0.06647491, 0.371716
-0.6108826, 0.06642818, 0.3719598
-0.6102554, 0.06710505, 0.3718023
-0.6100066, 0.06730533, 0.3720844
-0.6097962, 0.06760359, 0.372466
-0.6095233, 0.06783772, 0.3729746
-0.6091847, 0.06799412, 0.3733089
-0.6087415, 0.06842375, 0.3740324
-0.6082467, 0.06904435, 0.3746679
-0.6078281, 0.06957078, 0.3754588
-0.6074042, 0.07026577, 0.3762885
-0.6067574, 0.07082129, 0.3772614
-0.6055408, 0.07133007, 0.3789055
-0.6041541, 0.07172799, 0.3805188
-0.6022695, 0.07210398, 0.3821498
-0.600588, 0.07228518, 0.3840758
-0.597975, 0.07181716, 0.3869473
-0.5946759, 0.0713799, 0.3908023
-0.5918302, 0.07150626, 0.3946124
-0.5874228, 0.07382536, 0.3979251
-0.582481, 0.07646942, 0.4014373
-0.5763998, 0.07971358, 0.4051229
-0.5710456, 0.08135629, 0.4081674
-0.5641787, 0.08296347, 0.4109614
-0.5565141, 0.0848999, 0.4136835
-0.5459585, 0.08674455, 0.4152601
-0.5341198, 0.08650708, 0.4156874
-0.5183977, 0.08821082, 0.4175757
-0.5008862, 0.09395742, 0.420391
-0.4802852, 0.1062868, 0.4241228
-0.4662123, 0.1164911, 0.426792
-0.4513164, 0.1242561, 0.4309837
-0.4366907, 0.1314776, 0.4379212
-0.4212484, 0.1363823, 0.4443906
-0.4026435, 0.1389196, 0.44893
-0.382922, 0.1372275, 0.4568061
-0.3636847, 0.1358941, 0.4616752
-0.3443984, 0.1348279, 0.4660579
-0.3243843, 0.1327956, 0.4691695
-0.3036984, 0.1277556, 0.466767
-0.2839803, 0.1261415, 0.4673873
-0.2619618, 0.1217952, 0.4633423
-0.2379959, 0.1195874, 0.4563338
-0.2162368, 0.1190612, 0.448577
-0.1990222, 0.116179, 0.4393039
-0.1806058, 0.1149087, 0.4325199
-0.1644332, 0.111805, 0.4260566
-0.1471487, 0.1083529, 0.4183102
-0.1272669, 0.1059866, 0.411358
-0.1096995, 0.1058524, 0.4021978
-0.09448528, 0.1111214, 0.394732
-0.07866329, 0.1137991, 0.3886391
-0.06323892, 0.1170666, 0.3823193
-0.05095351, 0.1186361, 0.3781909
-0.04088849, 0.1204915, 0.3720641
-0.0285365, 0.121593, 0.3650244
-0.02050042, 0.1250863, 0.3591952
-0.0158577, 0.1277933, 0.3524696
-0.008194625, 0.1281512, 0.3460166
-0.005030155, 0.1252296, 0.3437167
-0.0002265573, 0.1228335, 0.3415633
