307.8753, 101.7106, 347.0286
308.104, 101.2762, 347.3452
308.3831, 101.2588, 347.4088
308.8753, 101.2653, 347.5889
309.2886, 100.9643, 347.9346
309.84, 100.7309, 348.3536
310.4117, 100.6913, 348.709
311.2141, 100.3937, 349.3834
312.1891, 100.6077, 349.9602
313.1563, 101.2168, 350.5178
314.4697, 101.6181, 351.5789
316.3333, 101.5726, 353.3836
318.6527, 100.6635, 356.2526
320.2261, 98.97909, 359.1928
321.4684, 95.84574, 3.273717
323.4822, 94.53086, 6.559722
326.3463, 92.34176, 10.58616
329.5344, 90.09444, 14.57923
329.6657, 87.33144, 18.27119
327.4905, 83.43378, 23.02258
328.9449, 81.58024, 26.10858
330.9027, 81.06982, 28.1431
330.6637, 80.0415, 29.85283
329.1689, 78.23512, 27.62637
332.6108, 75.45591, 24.98542
338.5056, 73.51319, 21.26989
338.7284, 72.37435, 21.4234
335.4129, 69.9268, 21.69946
331.9233, 66.11675, 20.20507
330.4781, 64.0996, 18.79625
330.4456, 62.47477, 17.39529
331.1704, 61.41177, 15.51758
330.9991, 60.39875, 14.04619
330.3123, 58.90759, 12.79438
329.1282, 57.64439, 11.27875
327.7275, 57.50068, 9.100242
326.0185, 58.18024, 6.16778
323.8816, 59.16155, 2.483721
321.6173, 60.4669, 359.12
319.7232, 61.38061, 356.1185
318.5742, 61.86671, 353.6972
318.1314, 62.08625, 351.466
317.3447, 63.05169, 348.601
316.1921, 65.00213, 345.3224
314.4547, 66.52354, 342.1871
313.3034, 68.21774, 339.0772
313.6746, 69.72926, 335.6806
314.3759, 71.50359, 331.6415
316.647, 74.43052, 325.6953
319.3543, 77.79238, 320.4393
320.8466, 79.61858, 316.2739
319.6845, 78.42849, 313.4265
314.777, 72.74551, 315.2399
310.7399, 68.90954, 316.7801
305.0082, 62.58504, 322.1592
298.9099, 53.49512, 332.1653
294.7833, 39.52909, 346.5014
