313.1415, 283.4749, 320.0614
307.6263, 274.5265, 325.9639
302.1482, 264.4937, 333.1912
298.2081, 255.3177, 339.9835
294.4747, 247.1407, 348.0788
291.3566, 237.8323, 356.1481
288.5972, 238.3475, 356.4594
286.1299, 237.3817, 357.775
283.1346, 239.8224, 356.1353
285.0598, 243.221, 354.7912
290.8348, 239.3542, 359.0428
292.3722, 243.5391, 354.3926
292.5818, 254.8803, 343.4331
299.1938, 263.8784, 335.2512
304.1455, 284.9791, 316.9122
311.4572, 272.5602, 328.7377
318.703, 261.0969, 337.8396
314.9711, 258.3418, 341.147
311.1418, 257.8244, 341.9573
312.6664, 255.8568, 341.5814
315.0875, 260.4618, 337.7734
312.0845, 265.4828, 335.554
303.5229, 258.4442, 341.0375
300.0027, 250.5763, 346.0835
300.0397, 245.3784, 351.0988
299.0828, 245.1946, 352.5738
299.6019, 242.6439, 354.3643
301.5874, 240.1424, 356.4057
303.653, 242.7975, 354.0404
304.7661, 247.4406, 349.6203
305.7797, 250.3703, 346.7346
306.4983, 254.4685, 343.0247
307.0252, 256.2431, 341.3514
307.0753, 255.5989, 341.9059
307.1448, 255.0735, 342.3492
306.63, 253.2826, 344.0161
306.0038, 251.7399, 345.4142
305.0265, 249.7761, 347.037
304.7051, 249.3227, 347.4471
304.6604, 249.7865, 347.0394
304.819, 250.128, 346.7089
305.4244, 251.1229, 345.7634
306.0326, 251.9644, 345.0572
306.0743, 252.1716, 344.9174
305.863, 252.1194, 345.0154
305.5647, 251.836, 345.3303
305.0384, 251.1737, 346.0956
304.6631, 250.643, 346.6495
304.3051, 249.3831, 347.6302
304.4496, 249.1689, 347.7797
304.6266, 249.4421, 347.5088
305.0672, 250.369, 346.6425
305.2832, 250.8436, 346.2072
305.2634, 250.9703, 346.133
305.1904, 250.8369, 346.2747
304.8874, 250.2853, 346.8318
304.5081, 249.7629, 347.3437
304.2648, 249.3085, 347.7655
304.3669, 248.9326, 348.0797
304.4089, 248.9184, 348.0772
304.527, 249.1436, 347.8619
304.6302, 249.5859, 347.4613
