-0.2430698, 0.06543517, 0.133275
-0.2429093, 0.0654633, 0.1334938
-0.2424924, 0.06529069, 0.1335827
-0.242316, 0.06546068, 0.1335381
-0.2419828, 0.0655427, 0.1338056
-0.2414833, 0.06558657, 0.1341134
-0.2410452, 0.06588936, 0.1342251
-0.2403823, 0.06637955, 0.1343385
-0.2391987, 0.06697893, 0.1345412
-0.2391987, 0.06697893, 0.1345412
-0.2368808, 0.06885266, 0.1328164
-0.2350167, 0.06975412, 0.1318966
-0.2327394, 0.07041693, 0.1311586
-0.2293514, 0.07114148, 0.129701
-0.2266135, 0.0717802, 0.1279345
-0.2234332, 0.07216907, 0.1256859
-0.2202837, 0.07272887, 0.1234794
-0.2146646, 0.07531285, 0.119791
-0.208459, 0.08001757, 0.1153573
-0.2024792, 0.0850594, 0.1105307
-0.1961197, 0.0899632, 0.1050969
-0.1890202, 0.09411287, 0.09996855
-0.1795908, 0.09835339, 0.09312356
-0.1710101, 0.1021211, 0.08639288
-0.1585853, 0.1043525, 0.07622898
-0.1456285, 0.1078541, 0.0652734
-0.1294887, 0.11339, 0.0489192
-0.1113397, 0.1218915, 0.03756487
-0.09599966, 0.1286523, 0.02967858
-0.07663995, 0.1323125, 0.02038765
-0.05931354, 0.1349523, 0.01075351
-0.03737473, 0.1369085, -0.0008839369
-0.01519793, 0.1361964, -0.01368558
0.008387685, 0.1335654, -0.0255729
0.03189456, 0.1321449, -0.03713918
0.05745113, 0.1304801, -0.04828036
0.05745113, 0.1304801, -0.04828036
0.107211, 0.1240082, -0.07044971
0.1315089, 0.1216929, -0.08239937
0.1556307, 0.1196527, -0.09419918
0.1796291, 0.1181755, -0.1070584
0.2036633, 0.1163967, -0.1202655
0.2265087, 0.1145029, -0.1331705
0.2489908, 0.1124094, -0.1460963
0.2737281, 0.1079731, -0.1595378
0.2962822, 0.1050239, -0.171567
0.3184544, 0.1037891, -0.1844341
0.3411262, 0.105046, -0.1960677
0.3639737, 0.1050882, -0.2079955
0.3862921, 0.1064131, -0.2162493
0.4084185, 0.1073394, -0.223719
0.4311874, 0.107167, -0.2314758
0.4528148, 0.1075921, -0.2364097
0.4750329, 0.1076, -0.2424139
0.4960752, 0.1071813, -0.2481455
0.5153239, 0.1087615, -0.2521055
0.5288837, 0.1192214, -0.2505144
0.5443214, 0.1245201, -0.251305
0.5565386, 0.1263244, -0.2501062
0.5669932, 0.128258, -0.2487245
0.5760008, 0.1272509, -0.2487522
0.5848484, 0.1270261, -0.2483119
0.5910416, 0.1238492, -0.248499
0.5968994, 0.1215117, -0.2482961
0.5968994, 0.1215117, -0.2482961
0.604121, 0.1101804, -0.2425045
0.6080314, 0.1049948, -0.2396997
0.6076598, 0.09241223, -0.2374811
0.6101885, 0.08116245, -0.2378029
0.6132272, 0.07717252, -0.2427179
0.6166427, 0.07063699, -0.243552
0.6119345, 0.07050586, -0.2604238
0.6161128, 0.0607512, -0.2633265
0.6170599, 0.05287218, -0.2633868
0.6132404, 0.05195832, -0.2590622
0.6084224, 0.05423641, -0.2540419
0.6074924, 0.05601358, -0.2483035
0.6053504, 0.05532598, -0.2484411
0.604821, 0.05234504, -0.2452387
0.6044598, 0.04909968, -0.2432557
0.6048831, 0.0507586, -0.2470132
0.6048831, 0.0507586, -0.2470132
0.6073887, 0.04920411, -0.2462516
0.6066848, 0.04829383, -0.2481197
0.60542, 0.04701018, -0.2455586
0.6048917, 0.04523396, -0.2445506
0.6029867, 0.04566264, -0.2441185
0.6014047, 0.04410934, -0.2438997
0.6094998, 0.0613997, -0.2550523
0.6096189, 0.05981278, -0.255047
0.6096653, 0.05853677, -0.255005
0.6112121, 0.06067228, -0.2563399
0.6110563, 0.06012893, -0.255962
0.6101916, 0.06009746, -0.2554144
0.6108924, 0.06137514, -0.255471
0.6106515, 0.06108093, -0.2548596
0.6102724, 0.06106257, -0.2551767
0.6116588, 0.06304455, -0.256434
0.6114653, 0.0628922, -0.2566723
0.6109076, 0.06294274, -0.2572256
0.6109229, 0.06399775, -0.2581776
0.6105938, 0.06402564, -0.2585281
0.6102082, 0.06415248, -0.2587811
0.6107908, 0.06452489, -0.2593786
0.6112316, 0.06444383, -0.2592574
0.6116984, 0.06425524, -0.2592854
0.6119413, 0.06409931, -0.2593248
0.6120362, 0.06424809, -0.2591934
0.6120362, 0.06424809, -0.2591934
0.6117952, 0.06422186, -0.2591951
0.6116016, 0.06423306, -0.2594397
0.6117215, 0.0640347, -0.2596041
0.6115717, 0.06390953, -0.2598239
0.6117917, 0.06375027, -0.2601026
0.611889, 0.06364608, -0.2600033
0.611818, 0.06351423, -0.2599814
0.6118739, 0.06365085, -0.2598141
0.6119382, 0.06364012, -0.2598289
0.6119099, 0.06346989, -0.259885
0.6120325, 0.06344247, -0.2599958
0.6120768, 0.063375, -0.2601117
0.6119921, 0.06315517, -0.2601272
0.6122115, 0.06302238, -0.2602524
0.612367, 0.06289697, -0.2602142
0.6122673, 0.06245327, -0.2600435
0.6123676, 0.06266451, -0.2596904
0.6123676, 0.06266451, -0.2596904
0.6124829, 0.06226277, -0.2595206
0.6125467, 0.06219697, -0.259578
0.6125201, 0.06224132, -0.2595855
0.6125233, 0.06223917, -0.2596767
0.6125568, 0.06226468, -0.2597462
0.6126127, 0.06231189, -0.2598221
0.6126813, 0.06233478, -0.2599169
0.6129444, 0.0624373, -0.2599914
0.6131902, 0.0626092, -0.2601486
