307.6064, 87.5466, 330.6395
308.5672, 91.60503, 326.249
308.1788, 95.07651, 321.6999
310.3508, 96.3223, 319.8107
311.9979, 92.34191, 325.367
303.2269, 74.96964, 342.1043
304.2017, 60.647, 354.4746
311.5926, 59.9669, 352.8504
316.6376, 65.85957, 349.1063
316.8748, 74.18502, 342.4857
311.6039, 76.23551, 340.2697
308.715, 76.37115, 339.6338
309.4919, 82.19548, 334.1711
309.1891, 81.18103, 336.5637
308.5945, 75.49368, 340.9119
308.9442, 73.2262, 342.557
309.2301, 72.98393, 343.0317
309.4248, 70.89045, 344.9087
309.7849, 70.52989, 344.9307
309.5597, 72.09299, 343.7454
309.3495, 73.44414, 342.4866
309.3032, 73.7497, 342.1699
309.3176, 73.52974, 342.3031
309.4998, 72.85094, 342.8468
309.6729, 72.65968, 343.0187
309.7667, 72.81314, 342.9025
309.6892, 73.02383, 342.743
309.6118, 72.91954, 342.817
309.566, 72.7057, 342.9865
309.6181, 72.54546, 343.1075
309.6411, 72.55448, 343.0634
309.6485, 72.68237, 342.9572
309.6193, 72.61843, 343.0052
309.6247, 72.52818, 343.073
309.6386, 72.39479, 343.1932
309.5982, 72.30215, 343.2953
309.5932, 72.27957, 343.3063
309.619, 72.3109, 343.2964
309.6969, 72.49322, 343.183
309.7374, 72.61961, 343.1006
309.6015, 72.3082, 343.3734
309.3962, 71.89059, 343.7007
309.2673, 71.65051, 343.8861
309.1672, 71.45155, 344.0287
309.1802, 71.45615, 344.0249
309.17, 71.52398, 343.9957
309.2055, 71.5107, 344.0282
309.2638, 71.49725, 344.084
309.2883, 71.49591, 344.0992
309.1132, 71.44828, 344.1613
308.8536, 71.03151, 344.4625
308.7518, 70.75043, 344.728
308.7155, 70.50386, 344.9421
308.7748, 70.35706, 345.052
308.8581, 70.46327, 344.9968
308.9073, 70.54801, 344.9424
308.9041, 70.58221, 344.8994
308.8779, 70.55973, 344.954
