-0.01953432, 0.1286528, -0.2328982
-0.03484431, 0.1241846, -0.2335045
-0.05187371, 0.111068, -0.2314886
-0.06273457, 0.104486, -0.2335936
-0.07150409, 0.09669185, -0.2363392
-0.08108357, 0.08854151, -0.23897
-0.09030727, 0.08523035, -0.2464139
-0.09352782, 0.08644629, -0.2498295
-0.0931327, 0.08661079, -0.246105
-0.09918967, 0.08177829, -0.246644
-0.105882, 0.07812309, -0.2479758
-0.1080628, 0.07696533, -0.2452571
-0.1137322, 0.07178998, -0.2454998
-0.1164652, 0.07062721, -0.2434115
-0.1181225, 0.07058525, -0.2435774
-0.1140255, 0.07167172, -0.2459255
-0.1121037, 0.0713048, -0.2470013
-0.1122792, 0.06956649, -0.2466912
-0.1137305, 0.06821918, -0.2451161
-0.1150327, 0.06730628, -0.2438647
-0.115446, 0.06753182, -0.2435593
-0.1160127, 0.06823635, -0.2432973
-0.1165231, 0.06713557, -0.2425731
-0.1163938, 0.06669569, -0.2426361
-0.1169527, 0.06669688, -0.2425146
-0.1167716, 0.06631207, -0.2424156
-0.1164439, 0.06697226, -0.2432937
-0.1173872, 0.06703329, -0.2434563
-0.1177119, 0.06661129, -0.2434942
-0.1178792, 0.06684184, -0.2439869
-0.1182214, 0.06715417, -0.2437934
-0.1179437, 0.06696558, -0.2435396
-0.1174699, 0.06740022, -0.2438967
-0.117314, 0.06759834, -0.2434415
-0.11714, 0.06753349, -0.2430783
-0.1170085, 0.06760836, -0.2431979
-0.1169066, 0.06757426, -0.2430021
-0.1166688, 0.06750298, -0.2429857
-0.1162489, 0.06791353, -0.2434587
-0.116116, 0.06794643, -0.2435462
-0.1161633, 0.06804633, -0.2438247
-0.1161835, 0.06801748, -0.243756
-0.1162142, 0.06804228, -0.2437127
-0.1160038, 0.06788659, -0.2434037
-0.1158539, 0.06807089, -0.2435543
-0.1158668, 0.06796503, -0.2435268
-0.1158865, 0.06779099, -0.2433552
-0.1157307, 0.0680089, -0.2435946
-0.115765, 0.0678761, -0.24373
-0.115806, 0.06776285, -0.243761
-0.1156653, 0.06788945, -0.243879
-0.1157988, 0.06797099, -0.2439156
-0.1158392, 0.06787181, -0.2438502
-0.116115, 0.067765, -0.2438818
-0.1162196, 0.06774163, -0.2438706
-0.11622, 0.06770682, -0.2439772
-0.1162573, 0.06775427, -0.2440874
-0.1162235, 0.06768966, -0.2441422
-0.1161202, 0.06766891, -0.2440534
-0.1162074, 0.0676434, -0.2440715
-0.1161694, 0.06758642, -0.244026
-0.116024, 0.06751752, -0.243787
-0.1158862, 0.06761527, -0.2437194
-0.1160299, 0.06761384, -0.2438539
-0.1161503, 0.06767511, -0.2437631
-0.1162296, 0.06769776, -0.243628
-0.1162639, 0.06763935, -0.2436542
-0.1162724, 0.06762862, -0.2435049
-0.1162494, 0.0676198, -0.2433272
-0.1164668, 0.06767058, -0.2434296
