307.2074, 117.1394, 347.5811
307.2908, 116.9527, 347.78
307.4851, 116.6305, 348.1005
307.7957, 116.5853, 348.267
307.7957, 116.5853, 348.267
308.2937, 116.2359, 348.6639
308.9539, 116.1551, 348.9341
309.6253, 116.1648, 349.2379
311.3351, 116.1038, 350.0504
312.2211, 116.4595, 350.36
313.2374, 117.0244, 350.9441
314.4854, 117.0133, 351.9459
316.8961, 116.2029, 354.2054
316.8961, 116.2029, 354.2054
319.8792, 114.9243, 357.164
322.3245, 113.4299, 359.9209
324.4093, 112.113, 2.62549
326.7674, 109.8111, 6.699236
334.0679, 105.2766, 15.15449
337.5722, 104.8607, 18.14253
336.0921, 104.6392, 20.30649
335.3619, 102.0114, 24.79242
335.3619, 102.0114, 24.79242
335.3464, 99.41458, 28.95383
337.7382, 97.8266, 32.95142
337.6506, 96.93504, 33.94679
339.2018, 94.90771, 31.56429
344.4507, 97.26942, 25.19139
340.6543, 101.2378, 22.95998
336.2927, 102.058, 20.69604
329.8933, 98.73264, 17.84364
329.8933, 98.73264, 17.84364
327.6395, 97.51613, 16.12458
328.4692, 95.48729, 15.61278
327.1433, 89.52898, 15.25019
325.9049, 86.68898, 15.24077
324.6469, 83.55444, 15.79064
322.3919, 81.85425, 15.54303
319.3941, 82.20972, 14.33044
316.7045, 85.04286, 11.38973
316.7045, 85.04286, 11.38973
314.5364, 86.84358, 8.867553
310.5919, 93.05621, 1.364264
309.8795, 98.20563, 356.3282
309.8676, 102.8501, 351.659
310.5574, 105.9788, 348.3079
311.8942, 109.1639, 344.7468
314.0754, 111.78, 341.086
314.5055, 113.7948, 335.8636
314.5055, 113.7948, 335.8636
315.476, 116.5565, 330.8372
315.0601, 117.7642, 325.7004
312.1189, 112.6412, 321.7021
307.2254, 106.6467, 323.6082
302.6601, 101.1824, 325.9987
298.8251, 97.5217, 327.7753
292.8894, 93.62585, 331.5286
286.3919, 86.12106, 339.0053
286.3919, 86.12106, 339.0053
282.4672, 76.04151, 349.7528
281.5856, 69.14442, 358.0934
282.5973, 70.23237, 359.2358
283.8902, 75.70938, 354.895
297.8291, 89.21118, 340.2261
300.6014, 89.72394, 338.6922
