287.9579, 76.20454, 347.0853
288.3722, 64.03137, 2.591781
289.74, 69.64137, 0.4696516
291.526, 86.36125, 344.278
295.1589, 92.15486, 337.0451
297.4407, 95.2411, 332.7881
296.5251, 104.9358, 323.7535
296.5479, 120.6301, 313.6488
303.537, 90.39397, 340.989
311.3288, 78.91124, 348.9505
316.4963, 79.53036, 347.485
322.5444, 83.18498, 343.2524
323.2282, 90.07716, 339.5456
315.8082, 92.33269, 338.4464
310.0189, 94.6678, 335.888
305.7852, 95.68761, 335.3509
307.9528, 92.11345, 338.4173
307.893, 85.26373, 344.116
306.1716, 80.79263, 348.0262
307.9013, 77.47916, 351.1236
307.9362, 76.81508, 351.4926
306.8398, 77.11539, 351.1757
306.6021, 80.41189, 348.1198
307.0155, 82.44455, 346.2807
308.002, 84.47105, 344.3397
309.1923, 85.16711, 343.6687
309.7829, 84.95789, 343.9153
309.5794, 84.15982, 344.5314
308.968, 83.42137, 345.2103
308.488, 82.80434, 345.7234
307.9792, 82.12262, 346.3177
307.9159, 81.77226, 346.6371
308.002, 81.59869, 346.7543
308.4175, 82.19458, 346.2019
308.6189, 82.58588, 345.8557
308.8297, 83.09196, 345.422
308.8671, 83.11217, 345.3971
308.8559, 83.04799, 345.4536
308.7297, 82.8271, 345.7051
308.5871, 82.54965, 345.9685
308.5008, 82.34695, 346.1639
308.4576, 82.2841, 346.2203
308.561, 82.43484, 346.0819
308.6711, 82.56982, 345.9402
308.7189, 82.60733, 345.8629
308.7194, 82.66298, 345.7716
308.6926, 82.70116, 345.752
308.6734, 82.65399, 345.7924
308.6165, 82.54672, 345.8885
308.4698, 82.38933, 346.0453
308.3586, 82.25034, 346.16
308.3373, 82.21184, 346.1621
308.3199, 82.30275, 346.0956
308.3441, 82.47397, 345.9339
308.382, 82.54608, 345.8665
308.3668, 82.60941, 345.8948
308.3175, 82.46095, 346.0436
308.259, 82.17445, 346.3326
308.2108, 81.88588, 346.6726
