-0.8836548, 0.07093048, 0.1127175
-0.884133, 0.07005215, 0.1140318
-0.8837645, 0.06823158, 0.1150961
-0.8802311, 0.06724167, 0.1120321
-0.8792578, 0.06707048, 0.111332
-0.8803792, 0.06917834, 0.1094004
-0.881024, 0.06904769, 0.1076989
-0.8799073, 0.06861949, 0.1085627
-0.8807657, 0.06728816, 0.1071001
-0.8794843, 0.06806421, 0.1079926
-0.879028, 0.06902385, 0.1087725
-0.8782371, 0.06832576, 0.1109032
-0.8780501, 0.06707478, 0.1125182
-0.8783646, 0.06635475, 0.1143368
-0.8794268, 0.06638241, 0.1154895
-0.8793164, 0.06724024, 0.1154182
-0.8795255, 0.06652117, 0.1160959
-0.8797051, 0.06663895, 0.1161595
-0.8788413, 0.06726432, 0.1156902
-0.8787689, 0.06725454, 0.1157708
-0.8789785, 0.06721401, 0.1156492
-0.8782904, 0.06772041, 0.1150517
-0.8786018, 0.06779933, 0.1149355
-0.8784884, 0.06761312, 0.1153977
-0.8779286, 0.06782985, 0.1154366
-0.8784314, 0.0681355, 0.1156325
-0.8784808, 0.06792784, 0.1161431
-0.8781911, 0.06790471, 0.1162232
-0.8779895, 0.06772685, 0.116324
-0.8778582, 0.0675385, 0.116441
-0.8773233, 0.06767392, 0.1161514
-0.8773547, 0.06748843, 0.1161234
-0.8772866, 0.06729817, 0.1161107
-0.8768086, 0.06725311, 0.1158997
-0.8771704, 0.06737518, 0.1151461
-0.8768905, 0.06724715, 0.1151001
-0.876709, 0.06717229, 0.1151033
-0.8771206, 0.06792235, 0.1144401
-0.8768642, 0.06792116, 0.1143999
-0.876527, 0.06790709, 0.1144043
-0.8769947, 0.06818223, 0.1132449
-0.8767809, 0.06821609, 0.1130998
-0.876812, 0.06803799, 0.1131085
-0.8770051, 0.06818604, 0.1124551
-0.8768011, 0.06818652, 0.112226
-0.8770858, 0.06812692, 0.1118091
-0.8769176, 0.06814766, 0.1116427
-0.8766705, 0.06813598, 0.1115787
-0.8768861, 0.06786585, 0.1118091
-0.8766907, 0.06747723, 0.1114175
-0.8764945, 0.06747627, 0.1112755
-0.8762985, 0.06748796, 0.1111343
-0.8762606, 0.06751013, 0.1107703
-0.8760816, 0.06747723, 0.1105103
