292.4419, 74.40163, 352.4817
289.8954, 87.76898, 343.7953
286.6782, 91.02286, 343.1349
286.3335, 99.34514, 336.6082
287.477, 112.2997, 325.5263
291.9676, 121.045, 318.4432
311.9093, 118.6818, 319.3862
324.3653, 111.2301, 325.4782
328.3818, 98.3582, 336.064
331.1826, 96.53897, 336.6619
332.2739, 102.6286, 331.419
331.6457, 108.7357, 328.5602
323.9381, 117.5057, 321.8278
319.4868, 115.1054, 323.4351
316.1492, 112.15, 325.4122
311.1366, 104.1261, 332.1768
308.9967, 97.05365, 338.5578
307.0042, 89.57574, 345.1844
305.9237, 87.01759, 347.8642
306.6757, 86.998, 348.1648
307.2537, 86.03751, 349.3267
308.502, 87.97894, 347.6391
309.7813, 90.64799, 344.9464
310.5438, 92.3308, 343.3817
311.5625, 95.42693, 340.6739
312.231, 96.50046, 339.7012
312.7265, 96.90025, 339.2876
312.4855, 95.95143, 340.0434
312.0451, 95.14235, 340.7475
311.509, 94.38264, 341.3939
310.6812, 93.30432, 342.3338
310.1889, 92.55231, 343.0067
310.1353, 92.36009, 343.1563
310.2985, 92.53583, 342.9696
310.5129, 92.7805, 342.6844
310.9448, 93.31612, 342.1145
311.2393, 93.79866, 341.6356
311.6033, 94.24028, 341.3129
311.7615, 94.29195, 341.3047
311.7465, 94.01408, 341.626
311.5637, 93.63611, 342.0294
311.3885, 93.40849, 342.267
311.1303, 93.05299, 342.5838
311.0872, 92.87041, 342.7451
311.2148, 92.92101, 342.6687
311.3886, 93.15585, 342.4499
311.6138, 93.50877, 342.1543
311.7228, 93.61388, 342.0549
311.7345, 93.54489, 342.1213
311.6045, 93.38831, 342.2515
311.4295, 93.11243, 342.4538
311.3968, 93.00679, 342.5301
311.3773, 92.95628, 342.5395
311.4877, 93.10988, 342.359
311.5917, 93.32349, 342.1533
311.7636, 93.57283, 341.924
311.8763, 93.7498, 341.8002
311.858, 93.67894, 341.8845
311.7764, 93.37772, 342.1577
311.7065, 93.13864, 342.3887
311.6701, 92.89961, 342.6859
311.6915, 92.79686, 342.8587
311.783, 92.76463, 342.966
