1.264403, 0.1261811, -0.08099788
1.257087, 0.1239333, -0.08538705
1.252811, 0.1207242, -0.08889061
1.248512, 0.1178021, -0.09175605
1.245939, 0.1126153, -0.09313577
1.245093, 0.1067879, -0.09665853
1.245385, 0.09872389, -0.1016073
1.244943, 0.08707356, -0.1035118
1.242468, 0.07691884, -0.1035585
1.237389, 0.06860566, -0.1027763
1.227988, 0.07331681, -0.09372956
1.222359, 0.0739429, -0.08695775
1.218256, 0.07088637, -0.0832997
1.216976, 0.06929374, -0.08081716
1.221666, 0.06667805, -0.08448046
1.227778, 0.07184124, -0.08881396
1.22982, 0.07085323, -0.09083241
1.231222, 0.06990361, -0.09172732
1.231538, 0.06701112, -0.09319443
1.230277, 0.06795168, -0.09322459
1.229136, 0.06732178, -0.09277219
1.225429, 0.06659913, -0.09304458
1.224228, 0.06657076, -0.09256881
1.222639, 0.06480145, -0.09236425
1.222174, 0.06369853, -0.0925613
1.224213, 0.06425309, -0.0921964
1.224891, 0.06384802, -0.09260637
1.226027, 0.06360269, -0.09262067
1.226446, 0.06302023, -0.0920127
1.225939, 0.06328154, -0.09249574
1.225807, 0.06339025, -0.09231895
1.225278, 0.06334281, -0.09227723
1.224653, 0.06317854, -0.09278399
1.224441, 0.06305695, -0.09357518
1.224634, 0.06280947, -0.09396523
1.224665, 0.06289649, -0.09424907
1.224838, 0.06292439, -0.09460646
1.224723, 0.06298709, -0.0944348
1.224599, 0.06282854, -0.09416705
1.224518, 0.06278515, -0.09408349
1.224515, 0.06268406, -0.09372634
1.224428, 0.06265569, -0.09369475
1.224568, 0.0626688, -0.09384018
1.224554, 0.0625186, -0.09407443
1.2245, 0.06242561, -0.09428376
1.224497, 0.06226969, -0.09443361
1.224479, 0.06219363, -0.09459299
1.224453, 0.06203175, -0.09460229
1.224375, 0.06178617, -0.09444064
1.224391, 0.06163454, -0.09430248
1.224476, 0.0615325, -0.09397882
1.224615, 0.06143141, -0.09396213
1.224724, 0.06122851, -0.09398824
1.224565, 0.06130385, -0.09389764
1.224642, 0.06121778, -0.09396273
1.224457, 0.06121993, -0.09382898
1.224451, 0.06105876, -0.09365922
1.224446, 0.06090426, -0.09362286
1.224458, 0.06074882, -0.09349376
1.224386, 0.06065726, -0.09355098
1.224376, 0.06061721, -0.09359294
1.22425, 0.06050658, -0.09361655
1.224131, 0.06032586, -0.09368926
1.224058, 0.06022811, -0.09369367
1.22402, 0.0601306, -0.09361154
1.223845, 0.06017876, -0.09320146
1.223715, 0.06017041, -0.0930174
