307.2367, 323.2348, 348.2563
307.5854, 323.3461, 348.3898
307.946, 323.4821, 348.4664
308.5332, 323.6166, 348.5721
309.1082, 323.9698, 348.5813
309.6702, 324.2941, 348.638
310.2841, 324.3175, 348.9505
311.11, 324.4905, 349.2832
312.0152, 324.682, 349.6681
315.002, 325.0474, 351.1363
315.002, 325.0474, 351.1363
316.3199, 325.1733, 351.7459
318.4746, 325.0901, 352.6262
320.9357, 325.2886, 353.6045
323.3275, 325.6099, 354.7835
326.0686, 326.2097, 356.6956
328.5652, 326.7896, 358.6135
331.6093, 327.7219, 0.3642101
334.8112, 329.2255, 1.750865
337.1816, 330.9169, 3.492554
337.9454, 333.5921, 4.432993
338.953, 336.243, 5.635178
339.9439, 339.0797, 7.238172
341.8561, -17.91105, 9.15386
343.6196, -15.02931, 11.24695
344.3531, -11.62073, 13.69512
344.6515, -8.372056, 15.4334
342.0342, -3.859699, 16.07358
338.3047, 1.098475, 16.84105
339.1459, 3.657829, 15.98656
336.1306, 6.375191, 13.40442
328.7783, 8.366291, 11.43499
319.7095, 9.973032, 9.707678
317.8115, 8.780592, 11.11554
317.6629, 6.155025, 12.71495
315.158, 5.224174, 13.07881
312.4113, 3.520561, 14.18665
312.4227, 1.58531, 16.01483
314.1795, -0.3426895, 18.81562
315.5355, -2.887266, 22.39554
312.4561, -4.142783, 24.59132
306.4265, -0.3248253, 24.16526
304.4848, 2.824146, 23.53443
302.8646, 9.735638, 19.96921
300.8974, 15.73715, 17.25338
300.8316, 25.15226, 11.33905
302.3249, 33.49821, 6.870136
303.2812, 40.62984, 3.283211
303.7369, 47.2019, 359.8683
304.2593, 54.18931, 356.158
304.773, 61.63369, 351.8824
304.5677, 68.08507, 348.3118
301.645, 71.44908, 347.245
300.8402, 74.13127, 346.9194
300.1802, 75.77772, 347.4194
300.6804, 78.71298, 346.2082
301.9631, 82.50665, 343.4734
302.9647, 86.19498, 340.9363
304.1214, 89.50147, 337.8448
305.3457, 92.46849, 334.7542
307.1194, 95.3531, 331.3701
308.9371, 97.21362, 327.9106
311.0533, 100.2314, 323.7777
312.5735, 96.97928, 323.9479
313.6492, 92.49526, 327.9865
302.1476, 83.98408, 336.0604
294.4616, 75.24864, 346.4177
