292.2665, 273.0551, 330.4159
285.9682, 266.7855, 337.2673
283.1661, 260.101, 348.8082
288.3239, 232.3921, 17.39339
301.1152, 229.2138, 13.57656
304.9986, 236.6056, 6.024029
308.8738, 256.415, 347.802
308.7082, 269.9846, 336.4426
307.2267, 274.7202, 332.153
308.7733, 273.8766, 331.0414
313.8785, 271.6179, 334.6533
314.9684, 272.1642, 336.2436
311.373, 269.4435, 338.5707
304.3612, 257.8391, 347.0139
302.4582, 253.5999, 351.0157
300.7473, 250.037, 355.0764
300.3556, 247.2911, 357.4513
300.952, 247.6911, 356.954
301.3083, 249.043, 355.76
302.419, 252.8231, 352.09
303.8065, 255.7983, 349.205
304.8187, 257.6249, 347.4503
305.3707, 258.4958, 346.5269
305.4068, 258.4656, 346.4471
305.3506, 258.1077, 346.6799
304.9612, 257.0319, 347.6057
304.6358, 255.8821, 348.6563
304.4972, 254.9286, 349.4377
304.4988, 254.6438, 349.6117
304.8796, 255.3243, 348.9172
305.0796, 255.4862, 348.6904
305.7148, 256.6304, 347.5413
306.0977, 257.2038, 346.9656
306.3475, 257.5515, 346.6014
306.4481, 257.5879, 346.5344
306.4186, 257.41, 346.6893
306.3534, 257.2637, 346.8162
306.4294, 257.1978, 346.8581
306.5389, 257.0994, 346.9242
306.5989, 257.1452, 346.8543
306.688, 257.2625, 346.7139
306.7383, 257.389, 346.5822
306.7499, 257.6931, 346.364
306.7658, 257.8033, 346.306
306.6573, 257.7463, 346.4232
306.5556, 257.6617, 346.5296
306.481, 257.3116, 346.848
306.4366, 256.9935, 347.1349
306.4653, 257.0306, 347.1341
306.5425, 257.202, 347.0188
306.5611, 257.3317, 346.9487
306.5226, 257.3997, 346.9785
306.4589, 257.3676, 347.0772
