0.5646341, 0.06378055, -0.3901626
0.5646763, 0.06386232, -0.3903093
0.5647314, 0.06376243, -0.3903383
0.564796, 0.06365275, -0.3905038
0.564952, 0.06366491, -0.390604
0.5651023, 0.06347275, -0.3909528
0.5651996, 0.06358671, -0.3913041
0.5654407, 0.06384158, -0.3916713
0.5657541, 0.06402659, -0.3918101
0.5660481, 0.06425095, -0.3920788
0.566432, 0.06454682, -0.3922666
0.5668695, 0.06499791, -0.3922571
0.5674777, 0.06556582, -0.3920733
0.5680203, 0.06595635, -0.3918718
0.5690726, 0.06666517, -0.3917328
0.5703176, 0.06769204, -0.3915806
0.5719454, 0.06867075, -0.3914481
0.574052, 0.0695219, -0.3917228
0.5760241, 0.07042789, -0.3917277
0.5784315, 0.07109952, -0.391781
0.5808911, 0.07212067, -0.3916322
0.5839801, 0.07282877, -0.3918829
0.587096, 0.07353306, -0.3921539
0.5907515, 0.07423067, -0.3923382
0.5945606, 0.07509613, -0.3932549
0.5991569, 0.07713199, -0.3941971
0.604612, 0.08014369, -0.3952602
0.6105474, 0.08315182, -0.3956798
0.618825, 0.08658314, -0.3949442
0.6268153, 0.09044075, -0.3946341
0.6375093, 0.09566021, -0.3939035
0.6502895, 0.1020672, -0.3922225
0.6633661, 0.1077356, -0.3903469
0.6808891, 0.1124256, -0.3858987
0.701854, 0.1152091, -0.3796471
0.7242593, 0.1201625, -0.3752886
0.7450739, 0.1265604, -0.3687032
0.7692125, 0.1310892, -0.3565879
0.7896134, 0.1350458, -0.3483682
0.8108071, 0.1368639, -0.338426
0.8319192, 0.1384084, -0.3291302
0.8554947, 0.1381621, -0.3192344
0.880361, 0.135978, -0.3088057
0.9079521, 0.1337521, -0.2964243
0.9309707, 0.1326311, -0.2826961
0.9551463, 0.1309669, -0.2697381
0.9802352, 0.1303296, -0.2566047
1.00458, 0.129885, -0.2424364
1.029655, 0.128402, -0.2285036
1.055201, 0.1269219, -0.2142195
1.080382, 0.125386, -0.1995109
1.104153, 0.1237373, -0.1833991
1.130488, 0.1208138, -0.1662616
1.154626, 0.1176462, -0.1497364
1.178816, 0.1130691, -0.1322575
1.201961, 0.1078057, -0.1147817
1.225679, 0.10394, -0.09811175
1.249444, 0.1004434, -0.07969332
1.271748, 0.09779835, -0.06233609
1.293467, 0.09920502, -0.04506373
1.313936, 0.1012814, -0.02760494
1.333308, 0.1031029, -0.01038229
1.350618, 0.1062503, 0.004027367
1.370049, 0.1085143, 0.01943779
