306.7902, 94.47431, 348.4315
306.7411, 94.43264, 348.4861
306.7252, 94.41502, 348.5425
306.6595, 94.39637, 348.6095
306.5973, 94.26844, 348.7142
306.6017, 94.24223, 348.7519
306.6371, 94.24995, 348.7505
306.717, 94.46738, 348.5739
306.7076, 94.73029, 348.3607
306.6403, 95.53507, 347.7006
306.6656, 96.27912, 347.1525
306.7632, 97.03535, 346.6085
307.0563, 97.51131, 346.282
306.9689, 97.81487, 345.9347
306.6708, 98.39582, 345.1147
305.9581, 99.5646, 343.5269
304.0834, 101.8955, 341.5691
301.4592, 103.6723, 340.1939
301.6819, 105.7396, 336.5478
299.7556, 112.2398, 331.8459
297.2613, 114.9833, 331.558
295.9601, 101.853, 345.2082
297.256, 93.82629, 353.6923
298.5165, 97.59309, 351.9182
299.6892, 105.6846, 346.3402
299.3665, 110.5994, 342.2358
299.3754, 111.9453, 341.7042
300.9849, 109.7766, 345.3177
302.5312, 105.6471, 350.3174
303.1662, 103.5788, 353.1624
302.8877, 102.5157, 355.0435
301.8251, 101.5849, 356.7842
301.4344, 99.187, 359.7177
301.7965, 94.99056, 4.462727
303.1718, 90.55399, 9.668166
304.6262, 88.65777, 12.57118
305.768, 89.19929, 13.50367
306.776, 90.60316, 13.55765
307.8194, 91.62054, 14.01906
308.8414, 93.11977, 14.04421
309.6836, 94.40128, 14.11703
310.5106, 95.80492, 14.10501
311.2653, 97.18926, 13.71626
312.2418, 98.32825, 13.72021
313.0782, 98.6953, 14.17398
313.7186, 97.6095, 15.85359
314.4399, 96.36835, 17.82271
314.9619, 94.39899, 20.47617
315.4672, 93.4788, 21.83593
315.666, 94.24662, 21.65466
315.8886, 95.94344, 20.86423
316.0641, 99.83978, 18.41101
316.38, 101.661, 17.71911
316.646, 102.6795, 17.82511
316.5483, 103.1623, 18.96459
316.1729, 102.6551, 21.0416
315.8399, 101.8531, 23.00263
315.4922, 100.8354, 24.81233
315.1898, 101.7877, 25.10527
314.8079, 104.0863, 24.45505
313.3782, 104.4305, 22.51624
310.2358, 113.7737, 14.04515
310.1986, 128.1764, 5.36036
