290.5339, 289.3553, 325.0215
288.0028, 281.2283, 337.3047
297.6675, 249.1044, 4.662869
300.6455, 244.6037, 7.214066
301.5195, 243.6484, 7.505454
306.2313, 257.7402, 352.7365
312.025, 274.6736, 338.0836
316.1829, 283.2067, 329.3174
317.363, 287.9135, 324.7891
314.0974, 289.8721, 323.8828
310.012, 286.7059, 326.7698
307.9602, 281.6478, 331.1774
305.8365, 274.3146, 338.1813
304.0913, 269.4105, 342.8871
303.157, 263.8347, 347.9334
303.2174, 260.871, 350.7204
303.2917, 261.0191, 350.8105
303.7935, 262.5313, 349.3573
304.1888, 265.1372, 346.8417
304.7441, 267.5226, 344.6389
305.3475, 269.1118, 343.2139
306.1837, 269.9693, 342.5262
306.6848, 269.5889, 342.7983
306.5608, 268.7101, 343.5775
306.3142, 267.9937, 344.2168
305.4801, 266.8417, 345.222
305.1093, 266.2296, 345.7319
305.018, 265.9915, 345.9159
304.9871, 265.8473, 346.0139
305.3377, 266.0349, 345.8269
305.8021, 266.4128, 345.5049
306.2318, 266.8633, 345.1671
306.3964, 266.8418, 345.249
306.328, 266.4539, 345.6281
306.2092, 266.0646, 346.0125
305.8315, 265.2334, 346.7596
305.3938, 264.6127, 347.3251
305.2787, 264.4212, 347.5059
305.2941, 264.3162, 347.6229
305.3515, 264.4847, 347.4604
305.4957, 264.8109, 347.2312
305.5836, 264.9572, 347.151
305.4297, 264.7444, 347.3924
305.2736, 264.3713, 347.7523
305.0854, 263.884, 348.2137
304.9592, 263.6716, 348.4581
304.872, 263.6026, 348.5649
304.8086, 263.5204, 348.6383
304.7983, 263.583, 348.5777
304.807, 263.8067, 348.452
304.7742, 263.7184, 348.5551
304.6916, 263.4224, 348.8777
304.5024, 263.1093, 349.2096
304.3358, 262.5149, 349.7254
304.2922, 262.1919, 350.0464
304.5016, 262.4034, 349.9865
