0.6692205, 0.08238196, -0.08285421
0.6762894, 0.07795405, -0.08592302
0.6840668, 0.0722456, -0.08851308
0.6900786, 0.06595325, -0.08958894
0.6930419, 0.05915618, -0.08994192
0.6938799, 0.05547261, -0.09054393
0.6929254, 0.05662465, -0.08646864
0.6959055, 0.0659101, -0.08092409
0.6939922, 0.06489897, -0.08358496
0.6907428, 0.06262946, -0.08522779
0.6857942, 0.06091928, -0.08839148
0.6825483, 0.05794191, -0.09103101
0.6826379, 0.06004143, -0.09109432
0.6836522, 0.0602839, -0.08921331
0.6824002, 0.06018066, -0.08890933
0.682113, 0.0581181, -0.08928269
0.6825363, 0.05705762, -0.08958882
0.6830119, 0.05941629, -0.0903427
0.6838061, 0.05912304, -0.09064823
0.6850925, 0.05790925, -0.09164935
0.6848099, 0.05781078, -0.09162587
0.6850381, 0.05598497, -0.09075993
0.685579, 0.05710292, -0.09041446
0.6850438, 0.05895758, -0.08988255
0.6852185, 0.05937958, -0.090128
0.684596, 0.05879998, -0.09081894
0.6834183, 0.05924654, -0.09082788
0.6834756, 0.0594728, -0.09070295
0.6828894, 0.05960798, -0.09056503
0.6822758, 0.05961633, -0.09026247
0.6823934, 0.05980873, -0.09005362
0.6824437, 0.05983543, -0.09002143
0.6826797, 0.05988908, -0.0897637
0.6831194, 0.06000519, -0.08970004
0.6834894, 0.06001401, -0.08962184
0.6840885, 0.05994129, -0.08950561
0.6843291, 0.0600183, -0.0895502
0.6844074, 0.06017208, -0.08952993
0.6844715, 0.06015444, -0.08956951
0.684447, 0.06024051, -0.0896644
0.684406, 0.06025577, -0.08968562
0.6845543, 0.06022954, -0.08966261
0.6847829, 0.06015754, -0.08964843
0.6851425, 0.06018448, -0.08962148
0.6857155, 0.06014228, -0.08964962
0.6860645, 0.0600543, -0.08957928
0.6865029, 0.06013989, -0.08956116
0.6869929, 0.06011367, -0.08956808
0.6873373, 0.0600574, -0.08946747
0.6878715, 0.0601356, -0.08945435
0.6885131, 0.06020737, -0.08943039
0.689308, 0.06037998, -0.08945292
0.6899936, 0.06046581, -0.08952981
0.6906156, 0.06052113, -0.08952779
0.6912375, 0.06056309, -0.0894801
0.6916813, 0.06058526, -0.08924466
0.6920627, 0.06064224, -0.08919734
