296.558, 238.5948, 341.8946
293.9206, 236.7436, 344.2643
293.696, 238.8818, 342.6784
293.9109, 242.1711, 340.9392
296.6245, 244.3338, 338.7462
299.4514, 243.9511, 339.5672
300.3267, 239.6956, 342.3595
299.8196, 238.5412, 343.3229
298.7281, 244.54, 339.374
297.3671, 269.3632, 317.3591
307.1398, 254.0473, 332.4825
316.2039, 245.7654, 338.3754
318.1207, 248.1963, 334.9427
321.0309, 250.9032, 332.9224
320.7394, 252.6681, 333.0205
317.01, 251.9371, 333.7698
308.1328, 245.9276, 338.7216
304.2947, 239.4872, 344.7141
302.1154, 230.2353, 353.0904
302.3741, 226.815, 355.9358
302.4849, 228.6512, 354.1596
303.6293, 228.5031, 354.4401
305.7086, 231.0271, 351.7707
306.6185, 235.4252, 347.5419
307.9974, 239.0944, 344.4555
308.9582, 240.8384, 342.8253
309.3143, 240.9992, 342.5607
309.6682, 240.9345, 342.6626
309.2344, 239.854, 343.6773
308.14, 238.043, 345.2276
307.3928, 236.7449, 346.3673
306.4831, 235.2783, 347.6898
306.1039, 234.6927, 348.1916
306.2667, 235.0962, 347.8406
306.665, 235.7908, 347.2497
306.9845, 236.2178, 346.8379
307.4478, 236.9351, 346.1945
307.6712, 237.1821, 345.9417
307.6842, 237.09, 346.0251
307.5795, 236.8057, 346.2827
307.4497, 236.5576, 346.5121
307.3045, 236.3416, 346.7272
307.2238, 236.3392, 346.7727
307.2214, 236.4379, 346.7161
307.2173, 236.4548, 346.7256
307.1335, 236.343, 346.8256
307.1306, 236.1664, 346.9787
307.0602, 236.0421, 347.0864
307.0462, 236.0408, 347.0789
307.0453, 236.08, 347.0704
307.1407, 236.1688, 346.9916
307.1133, 236.3435, 346.8626
307.0318, 236.3049, 346.9063
306.933, 236.1885, 347.0152
306.7949, 235.9637, 347.2679
306.7256, 235.7455, 347.4965
306.5573, 235.6075, 347.6335
306.3524, 235.5516, 347.7306
306.191, 235.4903, 347.8015
306.0312, 235.3327, 347.9973
305.8963, 235.139, 348.1904
305.813, 235.0277, 348.3426
305.7185, 234.8505, 348.5744
305.6451, 234.5889, 348.8803
305.621, 234.2524, 349.27
305.7799, 234.0394, 349.5235
306.0209, 234.0646, 349.5657
306.2393, 234.0532, 349.6227
