311.4359, 265.7903, 344.1211
311.8154, 265.7141, 344.2294
312.2376, 265.5659, 344.3998
312.6013, 265.4587, 344.5147
313.0252, 265.2627, 344.67
313.6841, 265.0477, 344.9201
314.3825, 264.7852, 345.2097
315.421, 264.5666, 345.6274
316.3568, 264.4461, 345.9877
317.3606, 264.2577, 346.4932
318.4038, 263.9505, 347.1163
319.4517, 263.8187, 347.7117
320.8362, 263.7279, 348.4462
322.2716, 263.4023, 349.2112
324.2868, 262.84, 350.3031
326.544, 262.3536, 351.4253
328.9986, 261.4428, 352.6476
331.4083, 260.3299, 353.8865
333.7497, 259.3248, 355.063
336.6612, 259.2112, 356.4603
339.077, 259.2757, 357.5609
341.1117, 257.4812, 359.8867
343.7565, 256.3997, 2.242115
346.8301, 256.0007, 4.122179
350.0986, 257.0537, 5.259532
354.34, 259.2101, 6.815262
354.34, 259.2101, 6.815262
0.8948087, 261.8906, 11.43419
3.087966, 262.185, 14.4407
5.176407, 262.7285, 17.0967
6.785355, 263.3667, 20.07818
7.456319, 265.2023, 21.92823
6.893562, 268.7527, 23.36976
5.558523, 276.3363, 22.9476
8.277246, 285.1829, 20.26584
356.6311, 285.3152, 13.33654
341.0349, 288.418, 10.14602
333.4988, 290.4844, 9.805599
331.6645, 286.7888, 11.59981
331.1709, 282.2559, 12.56994
327.1877, 281.4628, 10.75336
322.9024, 280.0114, 9.885339
321.5615, 277.944, 10.89825
320.788, 275.7527, 11.6778
319.126, 274.5296, 12.18775
317.4251, 273.6219, 12.77766
314.3824, 272.7475, 13.20545
310.5935, 273.748, 12.14463
307.6139, 279.1487, 7.91303
305.6062, 286.5525, 2.071697
303.7415, 293.7276, 355.8706
303.4548, -57.84335, 348.57
304.1313, -50.54967, 342.1875
304.8672, -45.06806, 337.0939
305.2271, -41.48688, 333.0466
305.4066, -39.03005, 329.8222
305.8666, -35.94289, 326.1699
306.973, -32.67866, 321.9645
308.3504, -30.22207, 317.8017
309.724, -29.58499, 314.7648
308.6087, -32.87838, 315.238
309.0301, -41.20697, 317.6376
309.3128, -42.35795, 316.5725
309.0089, -42.53246, 313.9439
303.0463, -43.65378, 314.0887
295.4127, -48.1315, 318.0525
285.1838, 290.0047, 340.2125
282.4892, 258.5921, 11.26011
280.4693, 255.3041, 20.52451
276.7183, 249.5788, 29.44566
