305.6765, 156.2707, 347.1857
305.7209, 156.1984, 347.3126
305.7536, 156.0476, 347.5064
305.6389, 155.7701, 347.7924
305.5004, 155.3709, 348.1491
305.5027, 155.3252, 348.201
305.6164, 155.506, 348.0552
305.7084, 155.6885, 347.9012
305.8705, 155.8496, 347.7554
305.9117, 155.7661, 347.811
305.9871, 155.8528, 347.7463
306.0804, 155.732, 347.8669
306.2021, 155.5661, 348.0285
306.3138, 155.6574, 348.0643
306.4182, 155.5125, 348.2166
306.6438, 155.6569, 348.1898
306.9089, 155.7856, 348.1758
307.1822, 155.7332, 348.2229
307.6509, 155.5094, 348.4271
307.9776, 154.9175, 348.797
308.4179, 154.5506, 348.8635
309.3354, 154.209, 348.9287
310.2092, 154.1395, 348.4
310.9191, 153.5278, 348.3546
312.7678, 152.8187, 347.5976
314.6953, 152.1159, 346.2306
316.4211, 150.0895, 345.1065
316.7232, 146.1145, 344.4649
310.6017, 139.6219, 348.857
308.0873, 128.9678, 357.133
306.94, 469.0678, 15.8265
304.8738, 449.1624, 34.34929
304.5766, 439.4996, 43.43901
301.5627, 443.0648, 43.57531
301.4062, 445.2173, 41.90875
304.1906, 462.0347, 24.58952
305.2753, 467.8495, 20.07328
309.7125, 473.7636, 14.92961
313.3743, 476.4532, 13.02487
314.3625, 477.6912, 13.02629
313.3309, 476.0316, 15.04356
312.4275, 472.0332, 19.27879
312.7935, 466.6425, 24.72462
314.4072, 462.9689, 28.32872
316.5986, 459.973, 31.14393
317.8475, 458.7537, 31.97892
318.9918, 458.3467, 31.38119
320.4856, 457.9547, 30.67192
322.5052, 458.283, 28.5055
324.5938, 459.0279, 25.92723
326.5563, 460.0508, 23.24341
328.472, 460.6315, 21.27102
330.0138, 459.7804, 20.71206
331.0133, 456.1257, 22.473
331.9442, 450.638, 25.56878
332.5642, 445.0833, 28.95367
333.0467, 440.1597, 31.99724
332.3868, 433.8993, 36.53941
331.899, 430.4024, 38.84069
330.5839, 428.8243, 40.2767
