0.3600549, 0.06146097, -0.1809403
0.3589904, 0.05925679, -0.1794951
0.3499777, 0.06258297, -0.177771
0.3439928, 0.0659101, -0.1759044
0.3444933, 0.063766, -0.1709125
0.3467139, 0.05923462, -0.1729573
0.3479568, 0.05831981, -0.1742951
0.352136, 0.06056404, -0.1787196
0.3528121, 0.05980206, -0.1804767
0.3527422, 0.06279302, -0.1801237
0.3541254, 0.06225824, -0.1816781
0.3537333, 0.05846667, -0.1816276
0.3527457, 0.05776906, -0.1818117
0.350858, 0.05686331, -0.1814698
0.3502597, 0.05859137, -0.1792306
0.3500402, 0.05929899, -0.1784271
0.3498603, 0.05843639, -0.1787026
0.3509024, 0.05741572, -0.1783845
0.3506643, 0.05689955, -0.1781142
0.3502663, 0.05759859, -0.17811
0.3505312, 0.05908322, -0.1780316
0.3495249, 0.05940127, -0.1784267
0.3493013, 0.05907059, -0.1784583
0.3491939, 0.05867529, -0.1790191
0.3490694, 0.05901504, -0.1792241
0.3492655, 0.05887675, -0.1794236
0.3492887, 0.05879021, -0.1797787
0.349122, 0.05900693, -0.1797466
0.3492389, 0.05894256, -0.1793036
0.3492376, 0.05906558, -0.1790735
0.3491591, 0.05909705, -0.1787122
0.3491453, 0.05909967, -0.1784841
0.3491895, 0.0591445, -0.1783617
0.3492042, 0.05919886, -0.1782206
0.3491979, 0.05910969, -0.1783262
0.3488363, 0.05895209, -0.178543
0.3488483, 0.05887198, -0.1786247
0.3488792, 0.05878854, -0.1785736
0.3491455, 0.05901623, -0.1785637
0.3492308, 0.05898571, -0.1783272
0.3492242, 0.0589447, -0.1782345
0.3495095, 0.05915403, -0.1781424
0.3495402, 0.05916739, -0.1780655
0.3495462, 0.05918789, -0.1779987
0.3495589, 0.05924177, -0.178048
0.349582, 0.05923915, -0.1781247
0.3495647, 0.05928206, -0.1782287
0.3494904, 0.05924225, -0.178255
0.3494861, 0.05941653, -0.1781379
0.3494848, 0.05944777, -0.1781412
0.3494428, 0.05938101, -0.1780746
0.3493618, 0.05951047, -0.1779921
0.3492633, 0.05958295, -0.1781718
0.349099, 0.05951715, -0.1782479
0.3490332, 0.05944777, -0.1786186
0.3489161, 0.0595274, -0.178866
0.3490483, 0.05980849, -0.179196
