-0.8452047, 0.07365417, 0.1574505
-0.8375025, 0.08032489, 0.1547285
-0.8315942, 0.08368254, 0.1540363
-0.8285126, 0.0803833, 0.1551808
-0.8276094, 0.07773423, 0.154964
-0.827202, 0.07693863, 0.1557556
-0.8256065, 0.07456565, 0.1572818
-0.8213808, 0.07553959, 0.1587109
-0.8173001, 0.07850361, 0.1594332
-0.8087566, 0.08192539, 0.1571298
-0.7984797, 0.08489466, 0.1555503
-0.7854513, 0.0868392, 0.1559961
-0.7704761, 0.08949804, 0.1551723
-0.7559804, 0.09145403, 0.1544991
-0.7434466, 0.09318662, 0.1537051
-0.730874, 0.09294224, 0.1513445
-0.720622, 0.09222198, 0.1492373
-0.7094423, 0.09306073, 0.1478245
-0.6954208, 0.09503937, 0.1449752
-0.6849202, 0.09704304, 0.1433927
-0.6736623, 0.09844398, 0.1426576
-0.6605062, 0.09907246, 0.1406929
-0.6472768, 0.09944439, 0.1398169
-0.6309369, 0.1002762, 0.1382375
-0.613615, 0.102634, 0.1353909
-0.5952491, 0.1051936, 0.1322721
-0.5774684, 0.1067317, 0.1287946
-0.5560944, 0.1079967, 0.1247309
-0.5355275, 0.1081524, 0.1213925
-0.5168595, 0.109364, 0.1184824
-0.498674, 0.1087773, 0.1161854
-0.4808487, 0.1088214, 0.1138898
-0.464466, 0.1092567, 0.1122835
-0.4480183, 0.1106915, 0.1105613
-0.4335012, 0.1133776, 0.1091469
-0.419369, 0.1159909, 0.1082376
-0.4053661, 0.1183002, 0.1070346
-0.3933568, 0.117702, 0.1068104
-0.381039, 0.1148858, 0.1064093
-0.3673801, 0.1147382, 0.1049686
-0.354772, 0.1142604, 0.1044456
-0.343035, 0.1136751, 0.1032162
-0.3317852, 0.1143706, 0.1012521
-0.3218544, 0.1143589, 0.09943455
