307.9918, 133.2652, 350.5793
308.191, 133.2374, 350.7466
308.4995, 133.2721, 350.9136
308.9273, 133.1751, 351.1863
309.3685, 133.1173, 351.417
310.0735, 133.021, 351.6604
311.0155, 133.0821, 351.8639
312.2278, 133.596, 351.9648
313.4499, 133.9784, 352.1731
315.0338, 134.0407, 352.6872
316.9749, 134.1594, 353.2076
319.166, 134.6924, 353.5179
322.5001, 135.5627, 353.8108
326.2197, 134.4694, 355.0364
330.2744, 134.6494, 355.9132
335.4408, 136.3111, 356.5089
339.3221, 136.9903, 357.6339
342.2349, 135.882, 359.7937
344.9532, 132.9738, 4.720464
348.1954, 132.2248, 6.938052
351.9516, 136.4519, 7.144533
357.0558, 140.3778, 9.566164
359.9092, 141.9008, 12.39937
0.5552219, 141.8891, 15.49043
1.601628, 141.5786, 18.42639
359.3531, 140.3741, 19.84088
359.0624, 142.8906, 20.96949
358.0208, 149.6136, 20.36994
354.4531, 156.3659, 18.31032
349.4473, 159.4805, 15.16166
339.0265, 159.3963, 11.36862
330.6889, 157.9659, 10.45952
326.0791, 152.9247, 13.14246
324.9338, 151.8027, 10.81752
323.1884, 149.4809, 7.102197
318.3993, 146.2858, 7.530198
316.6514, 141.6822, 7.840529
317.0096, 138.0099, 7.319273
315.9305, 135.0713, 7.622679
314.6646, 133.1363, 7.993166
312.922, 131.2897, 8.13318
311.9764, 130.3415, 8.300758
310.3259, 130.2357, 7.58999
306.7722, 135.461, 1.36654
305.8566, 141.9845, 354.3004
306.7697, 152.2532, 343.9558
309.6246, 158.3603, 335.6305
312.218, 160.5117, 330.5589
314.7983, 160.9851, 326.3237
316.4562, 161.2407, 322.8953
315.8727, 160.5867, 319.7425
314.1865, 159.6072, 316.6687
307.6404, 151.6845, 319.6577
302.4555, 144.047, 323.4789
297.7528, 135.3866, 329.3533
293.7615, 132.5134, 331.361
288.7245, 130.9224, 332.0903
283.513, 129.23, 333.056
280.508, 124.648, 337.999
277.9973, 113.8109, 349.1205
278.7968, 104.5338, 359.4924
