0.01692742, 0.06952429, -0.1254284
0.01706541, 0.06981254, -0.1256009
0.0171842, 0.06998014, -0.1260634
0.0171988, 0.07005858, -0.1263669
0.01719248, 0.07041669, -0.1263979
0.0170396, 0.07062984, -0.125814
0.01687086, 0.07086802, -0.1253243
0.01762968, 0.07145381, -0.1264666
0.01810068, 0.07237363, -0.1266009
0.01917374, 0.07342482, -0.1270438
0.02031505, 0.07455325, -0.1275557
0.0213694, 0.07628179, -0.1285253
0.02329683, 0.07909203, -0.1305937
0.02581406, 0.08227134, -0.1332586
0.0302785, 0.08692884, -0.1366463
0.03434283, 0.09171987, -0.1421135
0.04327196, 0.09887719, -0.1582392
0.05412203, 0.103039, -0.1746687
0.0649966, 0.1042955, -0.1887384
0.08122998, 0.1036925, -0.2057276
0.1006816, 0.10127, -0.2207471
0.12042, 0.09843159, -0.2364483
0.1382728, 0.09936023, -0.2504223
0.160297, 0.0966382, -0.2641857
0.1819944, 0.09497046, -0.2737269
0.2016686, 0.09520864, -0.2807029
0.2243205, 0.09746814, -0.2903011
0.243876, 0.09975052, -0.2993206
0.2634265, 0.1009164, -0.3089808
0.2794469, 0.1041272, -0.3183644
0.295721, 0.1073928, -0.3279715
0.3137754, 0.1049659, -0.3403617
0.3304188, 0.104357, -0.3523427
0.3496216, 0.1057022, -0.364929
0.368838, 0.1052287, -0.3774733
0.390115, 0.1058614, -0.3898465
0.4105862, 0.1081462, -0.4015697
0.4331985, 0.1105721, -0.412304
0.4548513, 0.11322, -0.4232584
0.4770966, 0.115937, -0.4338376
0.5021802, 0.1183262, -0.4428719
0.5277532, 0.1199021, -0.4517372
0.5527716, 0.1206717, -0.4592155
0.5787573, 0.1236446, -0.4641128
0.6057704, 0.1258192, -0.468584
0.6291619, 0.1272249, -0.4730189
0.6510676, 0.127039, -0.4751431
0.6706138, 0.1268668, -0.4761246
0.6877661, 0.1266613, -0.475916
0.7029856, 0.1255286, -0.475851
0.7168159, 0.1246071, -0.4756656
0.7257509, 0.1228199, -0.4750183
0.734457, 0.1190934, -0.4750798
0.7432987, 0.1151824, -0.4767141
0.7444714, 0.1091332, -0.478492
0.7493523, 0.1002357, -0.4775956
