0.25994, 0.06296754, -0.2240784
0.2599341, 0.06304264, -0.2241514
0.2598214, 0.06301689, -0.2241827
0.2598428, 0.06282663, -0.2242746
0.2597492, 0.06287336, -0.2244035
0.2597819, 0.06277156, -0.2242624
0.2595679, 0.06275249, -0.2242068
0.259088, 0.06302309, -0.2245194
0.2587447, 0.06320906, -0.224514
0.2581778, 0.06363583, -0.224591
0.2577516, 0.06396389, -0.2246385
0.2571074, 0.06440639, -0.224946
0.2564635, 0.06488895, -0.2252303
0.2556972, 0.06545067, -0.2256066
0.2546055, 0.06620526, -0.2261924
0.2531984, 0.06698442, -0.2268337
0.251133, 0.06773257, -0.2275382
0.2492728, 0.06849742, -0.2282507
0.2459626, 0.06921601, -0.2296607
0.2431694, 0.07015324, -0.2317601
0.2391905, 0.07007504, -0.2342873
0.2350134, 0.0701344, -0.2364767
0.2299517, 0.07063651, -0.2385167
0.2248551, 0.07404399, -0.2386347
0.2163545, 0.07951093, -0.2400783
0.2083825, 0.08388138, -0.2419853
0.1987936, 0.08780193, -0.2442099
0.1887236, 0.09142208, -0.2476385
0.1757059, 0.09583759, -0.2512617
0.1615035, 0.09928751, -0.2549887
0.1444572, 0.10097, -0.2595083
0.1203044, 0.105813, -0.264728
0.09850293, 0.1135693, -0.2721139
0.08084923, 0.1228683, -0.2821146
0.0618524, 0.1278925, -0.2939433
0.04232842, 0.1325288, -0.3048495
0.01973289, 0.1357028, -0.3163162
-0.004428566, 0.1358845, -0.3287332
-0.02876669, 0.1345446, -0.3431354
-0.05377322, 0.1326957, -0.3568343
-0.07964557, 0.1305673, -0.3724028
-0.1014271, 0.1296792, -0.3878572
-0.1253501, 0.1261199, -0.4025425
-0.1504592, 0.1226182, -0.4168144
-0.1749479, 0.1221817, -0.4293681
-0.199907, 0.1210518, -0.4415354
-0.2244601, 0.1189585, -0.4550316
-0.2475783, 0.1160917, -0.4668792
-0.2708107, 0.1138546, -0.4780566
-0.2980653, 0.1126356, -0.4896628
-0.3226387, 0.1112599, -0.5009576
-0.3456931, 0.1092029, -0.5126106
-0.3691363, 0.1134164, -0.5235142
-0.3914232, 0.1173089, -0.5340807
-0.4090616, 0.1225307, -0.546567
-0.4278927, 0.1257164, -0.5573295
-0.4449432, 0.1272194, -0.5654585
-0.459645, 0.1293192, -0.5735087
-0.4769973, 0.1312099, -0.5805284
-0.4883337, 0.1331716, -0.5848867
-0.4979811, 0.1333213, -0.5890971
-0.5059581, 0.1312037, -0.5933617
-0.5127358, 0.1291058, -0.5983807
-0.5089714, 0.1247873, -0.6015548
-0.5084599, 0.1202281, -0.6070809
-0.5028872, 0.1111007, -0.6139808
-0.5007417, 0.1027567, -0.6195117
