287.0227, 134.9555, 353.2415
291.0303, 149.1699, 338.5616
293.8741, 154.0833, 333.4601
296.2242, 162.9102, 325.3943
290.4439, 164.4861, 323.5836
287.4923, 150.4058, 340.2087
294.8846, 123.6653, 9.292556
304.6589, 121.1952, 7.391757
311.4026, 133.606, 352.002
316.1488, 144.0927, 344.0559
317.6317, 151.6573, 339.8
306.1158, 155.0186, 336.5967
302.9932, 155.6941, 334.9669
302.8076, 151.0215, 339.2828
302.7485, 147.3116, 343.1111
302.0065, 141.3785, 348.451
302.1638, 137.254, 351.9471
302.1783, 135.1757, 353.8618
301.8033, 136.0754, 353.1532
301.2146, 137.8292, 351.447
301.3414, 140.2008, 349.1465
301.9021, 141.4983, 347.8897
302.987, 142.5845, 346.8294
303.5716, 142.8366, 346.5634
303.3607, 142.0506, 347.2484
302.7133, 141.1904, 347.995
302.3187, 140.0985, 348.9767
302.2891, 139.4686, 349.5053
302.399, 139.3066, 349.6096
302.7284, 139.8412, 349.0832
302.9305, 140.22, 348.6739
303.1635, 140.8483, 348.0317
303.2578, 141.0325, 347.7978
303.2674, 140.8291, 347.9511
303.3233, 140.5669, 348.1825
303.3783, 140.4458, 348.3137
303.3524, 140.3443, 348.4301
303.2982, 140.3299, 348.4814
303.191, 140.2557, 348.6011
303.151, 140.0566, 348.7675
303.1347, 139.8462, 348.913
303.1863, 139.9159, 348.8225
303.1596, 140.0054, 348.7327
303.2003, 139.8721, 348.8181
303.3543, 139.7986, 348.8378
303.4648, 140.0189, 348.6454
303.383, 140.2096, 348.5137
303.2088, 140.1185, 348.6357
303.0638, 139.7921, 348.935
302.9981, 139.2857, 349.4093
303.0188, 139.094, 349.5943
303.101, 139.1548, 349.5497
303.1518, 139.2099, 349.4982
303.3003, 139.2378, 349.4577
303.4394, 139.1133, 349.5641
