-0.4408342, 0.09665108, 0.05702162
-0.4504791, 0.09229732, 0.05576897
-0.4561239, 0.08573532, 0.05410373
-0.4605741, 0.07955575, 0.05678618
-0.4602135, 0.07848907, 0.06273252
-0.451186, 0.07730579, 0.07274753
-0.4501651, 0.0712862, 0.08076745
-0.4534543, 0.06578946, 0.08310974
-0.4553236, 0.06368327, 0.08345586
-0.4576441, 0.06622434, 0.07509363
-0.4524019, 0.06997275, 0.07355404
-0.4516542, 0.06825185, 0.07077736
-0.4521985, 0.06680822, 0.06819952
-0.4520609, 0.06654263, 0.06915367
-0.4521243, 0.06730723, 0.06997073
-0.450873, 0.06981087, 0.07359564
-0.4521756, 0.06963086, 0.07512724
-0.4522747, 0.0686326, 0.07477474
-0.4534843, 0.06697869, 0.07514387
-0.4541909, 0.06676841, 0.07494843
-0.4528012, 0.06857467, 0.07451546
-0.4524513, 0.06837964, 0.07460624
-0.4526441, 0.06802487, 0.07410955
-0.4517268, 0.06808782, 0.07375264
-0.4512991, 0.06839371, 0.07357419
-0.4511038, 0.06864977, 0.07296836
-0.4505874, 0.06868601, 0.0728417
-0.450368, 0.0685544, 0.07284606
-0.4501397, 0.06901407, 0.07331014
-0.4500649, 0.06915832, 0.07344472
-0.4499369, 0.06919122, 0.07352579
-0.4495333, 0.06931639, 0.07350743
-0.4488511, 0.06972623, 0.07331908
-0.4482875, 0.06985879, 0.07328904
-0.4477947, 0.06974101, 0.07322687
-0.4471792, 0.06990314, 0.07312989
-0.4470926, 0.06982589, 0.07319796
-0.4471082, 0.06987071, 0.07335669
-0.4468882, 0.07007647, 0.07322454
-0.4467665, 0.07014942, 0.07335162
-0.446499, 0.07001138, 0.07332355
-0.4459088, 0.0702765, 0.07310271
-0.4454427, 0.0703485, 0.07282853
-0.4447854, 0.0703361, 0.0726614
-0.4443181, 0.07029152, 0.07265556
-0.4438128, 0.07032084, 0.07257134
-0.4435724, 0.07018995, 0.07247001
-0.4434396, 0.07008457, 0.07248843
-0.4433317, 0.07007504, 0.07248652
-0.4432682, 0.0700562, 0.07241052
-0.4430219, 0.07016921, 0.07237089
-0.4430409, 0.0701015, 0.07233119
-0.4428931, 0.06996894, 0.07234305
-0.442703, 0.06998205, 0.07230967
-0.4425793, 0.06990242, 0.07232058
-0.4422821, 0.06960535, 0.07254696
-0.4419101, 0.06960964, 0.07280767
-0.4417706, 0.06953692, 0.07289958
-0.4415968, 0.0694015, 0.07305598
-0.4417038, 0.0691781, 0.07347298
-0.44192, 0.0690403, 0.07361627
-0.4421486, 0.06901217, 0.07378
-0.4421958, 0.06912422, 0.07380354
