1.065999, 0.05944157, -0.2221819
1.066023, 0.05919719, -0.2221485
1.066231, 0.05918407, -0.2222031
1.066147, 0.05915737, -0.2220584
1.066147, 0.05928493, -0.2223789
1.06609, 0.05908871, -0.2223808
1.066095, 0.05882287, -0.2225115
1.066464, 0.05904436, -0.2225557
1.066715, 0.05892301, -0.2225091
1.066859, 0.05901885, -0.222499
1.067103, 0.0590632, -0.2223927
1.067619, 0.05945659, -0.2223731
1.06795, 0.05966592, -0.2223149
1.068506, 0.05983758, -0.2221642
1.069293, 0.06048369, -0.2222219
1.06998, 0.0609982, -0.2220145
1.070833, 0.06176448, -0.222008
1.071866, 0.06241083, -0.2216153
1.073265, 0.06321502, -0.2212419
1.075001, 0.0641005, -0.2209008
1.077824, 0.06535697, -0.2203094
1.0806, 0.06640458, -0.2187583
1.083811, 0.0674417, -0.2176055
1.088738, 0.06764102, -0.2158583
1.093257, 0.06784821, -0.2146001
1.097851, 0.06897616, -0.2135662
1.104282, 0.07244444, -0.2121744
1.112808, 0.07819152, -0.2101018
1.12077, 0.08432889, -0.2075548
1.128778, 0.08881187, -0.2046031
1.139399, 0.09339428, -0.2014529
1.15006, 0.09767962, -0.1977487
1.167626, 0.10095, -0.1903769
1.186994, 0.1043589, -0.1828973
1.204831, 0.1092412, -0.1754636
1.224931, 0.1143367, -0.1641294
1.243147, 0.1197207, -0.1496696
1.259337, 0.123842, -0.1373088
1.27698, 0.1260238, -0.1226285
1.297816, 0.1266754, -0.1088442
1.319713, 0.1281734, -0.094006
1.343262, 0.1261041, -0.07646257
1.3646, 0.1237321, -0.05904847
1.385426, 0.1218216, -0.04278916
1.406084, 0.118381, -0.02512819
1.426016, 0.1152918, -0.005693138
1.447707, 0.1108189, 0.01260942
1.469528, 0.1069293, 0.03089184
1.489586, 0.1028404, 0.05089349
1.50965, 0.1000149, 0.07017463
1.531061, 0.09719157, 0.09282011
1.550131, 0.09550166, 0.1147223
1.567622, 0.09405637, 0.138508
1.583375, 0.09371281, 0.1635218
1.599056, 0.09280062, 0.1875198
1.609861, 0.09340787, 0.2141249
1.615064, 0.09815311, 0.2412125
1.622217, 0.1008596, 0.2643408
1.62245, 0.1042852, 0.2880761
1.620325, 0.1074548, 0.312216
1.620406, 0.1079972, 0.3299329
