0.4098358, 0.07375312, -0.4834857
0.4098408, 0.07358813, -0.4835956
0.4100222, 0.07345152, -0.4835578
0.4097131, 0.07358408, -0.4832177
0.409715, 0.07348061, -0.4833086
0.4097311, 0.07332563, -0.4834368
0.4096417, 0.07325745, -0.4833935
0.4097053, 0.07326031, -0.4835811
0.4099311, 0.0733397, -0.4837439
0.4100043, 0.07341695, -0.4839628
0.4101796, 0.07347965, -0.4842522
0.4103867, 0.07377696, -0.4847496
0.4105862, 0.07401061, -0.4848114
0.4112695, 0.07450867, -0.4850342
0.412136, 0.07502556, -0.485358
0.4129993, 0.07554722, -0.485517
0.4142651, 0.07620645, -0.4857707
0.4156105, 0.07712197, -0.4865066
0.4174775, 0.07813144, -0.487034
0.4194979, 0.07901764, -0.4876211
0.4224855, 0.07991958, -0.4888668
0.4251458, 0.0807848, -0.4895601
0.4294593, 0.08150697, -0.4912491
0.433499, 0.0818243, -0.4936962
0.4381287, 0.0841558, -0.496673
0.4435578, 0.08669734, -0.4998686
0.4493275, 0.09111381, -0.5024488
0.4587221, 0.09789038, -0.505671
0.4685281, 0.1038635, -0.5088148
0.4818289, 0.112623, -0.5119203
0.4952516, 0.1192133, -0.5144231
0.5133172, 0.1263027, -0.5155534
0.532882, 0.1312456, -0.5163832
0.5527939, 0.1357737, -0.5182819
0.5747843, 0.1416404, -0.5169139
0.598277, 0.1480825, -0.5107238
0.6187016, 0.1536562, -0.5064881
0.6388246, 0.1589601, -0.5026853
0.660233, 0.1633852, -0.4983411
0.6833255, 0.1670823, -0.4958363
0.7110584, 0.169379, -0.4915483
0.7358019, 0.1719897, -0.4844871
0.7583663, 0.1752343, -0.4770747
0.7801862, 0.175611, -0.4689269
0.8039196, 0.1777275, -0.460569
0.8264946, 0.1788921, -0.4513743
0.8489074, 0.1792295, -0.441346
0.8719875, 0.1797848, -0.4301876
0.8938071, 0.1797278, -0.4176283
0.9171967, 0.1800916, -0.4029291
0.9382389, 0.1801534, -0.3881619
0.958905, 0.1803868, -0.374681
0.977627, 0.177783, -0.3583837
0.9968076, 0.1749861, -0.3426061
1.01503, 0.1720104, -0.3264716
1.032391, 0.1672378, -0.3093693
1.049832, 0.1629694, -0.2925314
1.067674, 0.1588888, -0.276051
1.085716, 0.1532049, -0.2572231
1.102623, 0.1501133, -0.2406024
1.119609, 0.1469784, -0.2237087
1.134444, 0.1426182, -0.206171
1.149909, 0.1408443, -0.1889046
1.164759, 0.1387022, -0.1725184
1.1782, 0.134861, -0.155683
1.190776, 0.1326017, -0.1410282
1.20423, 0.1297166, -0.1266196
1.216357, 0.1267145, -0.112546
