(0.1821785, 1.108914, 0.2282653)
(0.1833618, 1.108756, 0.2287639)
(0.1846983, 1.108575, 0.2291293)
(0.1862283, 1.108516, 0.2294174)
(0.1877558, 1.10826, 0.2296529)
(0.1893144, 1.108121, 0.2298456)
(0.1910005, 1.108123, 0.2299978)
(0.1928222, 1.108185, 0.2302188)
(0.1946988, 1.10823, 0.2304347)
(0.1963506, 1.108156, 0.2307324)
(0.1980867, 1.108231, 0.2309537)
(0.1997995, 1.108282, 0.2311579)
(0.2014894, 1.10814, 0.2315174)
(0.2032835, 1.107794, 0.2317625)
(0.2050438, 1.107436, 0.2322294)
(0.2068527, 1.10726, 0.2325691)
(0.2088497, 1.107183, 0.2331547)
(0.2109113, 1.107222, 0.2336124)
(0.2109113, 1.107222, 0.2336124)
(0.2153094, 1.107307, 0.2343366)
(0.217612, 1.107339, 0.2347592)
(0.2200041, 1.107443, 0.2350175)
(0.2227757, 1.107427, 0.2350209)
(0.2255247, 1.107497, 0.2349941)
(0.2282884, 1.107437, 0.2350477)
(0.2313499, 1.107488, 0.2350713)
(0.234251, 1.107435, 0.2349811)
(0.2371035, 1.107375, 0.235054)
(0.2398348, 1.107498, 0.2351551)
(0.2428076, 1.107557, 0.2350851)
(0.2456737, 1.1076, 0.2350769)
(0.2485371, 1.107571, 0.2350634)
(0.2513812, 1.107529, 0.2350386)
(0.2543101, 1.107581, 0.235033)
(0.2573636, 1.107628, 0.2351269)
(0.2602413, 1.107789, 0.2352469)
(0.2629349, 1.107895, 0.2354667)
(0.2655671, 1.108191, 0.2357404)
(0.2682076, 1.108575, 0.2361237)
(0.2705078, 1.108689, 0.2367272)
(0.2727141, 1.10844, 0.2373481)
(0.2749159, 1.108226, 0.2380452)
(0.2770023, 1.108099, 0.238524)
(0.2789085, 1.107363, 0.2392876)
(0.2803063, 1.106738, 0.2401974)
(0.2817781, 1.106325, 0.2409656)
(0.2829063, 1.106207, 0.2422011)
(0.2841578, 1.106379, 0.2434306)
(0.2855644, 1.107067, 0.2446779)
(0.2870502, 1.10736, 0.2460151)
(0.2882371, 1.108083, 0.2478287)
(0.2897367, 1.108573, 0.2497492)
(0.2914827, 1.108889, 0.2514865)
(0.2929277, 1.109262, 0.2534432)
(0.2944498, 1.10952, 0.2556022)
(0.2961559, 1.109809, 0.2581186)
(0.297652, 1.109968, 0.2604568)
(0.2995372, 1.110057, 0.2635579)
(0.3011713, 1.110012, 0.2662587)
(0.3022273, 1.109443, 0.2690361)
(0.3037174, 1.109145, 0.2716529)
(0.3052115, 1.108313, 0.2748733)
(0.3062525, 1.107318, 0.2777629)
(0.307528, 1.106425, 0.2807803)
(0.3086526, 1.105295, 0.2839134)
(0.3096247, 1.104352, 0.2871952)
(0.3106704, 1.103827, 0.2905364)
(0.3114386, 1.103164, 0.2940168)
(0.3116682, 1.102542, 0.2977731)
(0.3122439, 1.101991, 0.301671)
(0.3127592, 1.10117, 0.305217)
(0.3129458, 1.100449, 0.3089762)
(0.3132076, 1.099736, 0.3129339)
(0.3130774, 1.099066, 0.3169341)
(0.3130841, 1.098485, 0.3210838)
(0.3125911, 1.098064, 0.3255012)
(0.3121986, 1.097481, 0.3296595)
(0.3109648, 1.097242, 0.3343084)
(0.3098145, 1.096972, 0.3393507)
(0.3088653, 1.096652, 0.3438506)
(0.3074944, 1.096646, 0.3487029)
(0.3060746, 1.096628, 0.3536615)
(0.3045332, 1.096991, 0.3587205)
(0.3025949, 1.097737, 0.363956)
(0.3005311, 1.098583, 0.3697016)
(0.2986238, 1.099318, 0.3751051)
(0.2960985, 1.100495, 0.380836)
(0.2931287, 1.101873, 0.3874247)
(0.2904775, 1.10349, 0.3933008)
(0.2875068, 1.105557, 0.3993177)
(0.2845662, 1.107751, 0.4051676)
(0.2811763, 1.111099, 0.4111631)
(0.277941, 1.114224, 0.4171069)
(0.2743645, 1.118217, 0.42327)
(0.2710919, 1.122162, 0.4291804)
(0.2676473, 1.127598, 0.4352343)
(0.2639658, 1.132855, 0.4422069)
(0.2612181, 1.137381, 0.4480906)
(0.2583597, 1.142056, 0.4541285)
(0.2556036, 1.146386, 0.4601352)
(0.2537715, 1.149722, 0.4658601)
(0.2517798, 1.153301, 0.471247)
(0.2501745, 1.155992, 0.4763901)
(0.2482572, 1.159115, 0.4819264)
(0.247376, 1.161124, 0.4861536)
(0.2463315, 1.163921, 0.4906139)
(0.2446661, 1.166718, 0.4955249)
(0.2440543, 1.168841, 0.4996157)
(0.2438126, 1.171545, 0.5030458)
(0.2428808, 1.174571, 0.507503)
(0.2427282, 1.177247, 0.5116014)
(0.2426138, 1.180043, 0.5154169)
(0.2424464, 1.18296, 0.5194018)
(0.2432547, 1.185821, 0.5229776)
(0.2431483, 1.188537, 0.5271287)
(0.2434874, 1.191092, 0.5309002)
(0.2441256, 1.193472, 0.5349176)
(0.2442737, 1.195256, 0.5391498)
(0.2448072, 1.197182, 0.5431082)
(0.2455561, 1.199142, 0.5472481)
(0.2460084, 1.200886, 0.551074)
(0.2466822, 1.202114, 0.5551138)
(0.2476044, 1.203423, 0.5593381)
(0.2486176, 1.204898, 0.5635953)
(0.249403, 1.206112, 0.5677805)
(0.2505221, 1.207015, 0.5719998)
(0.2516682, 1.207736, 0.5760076)
(0.2526131, 1.20824, 0.5802469)
(0.2535911, 1.208605, 0.5842481)
(0.2547038, 1.208693, 0.5880492)
(0.2557168, 1.208829, 0.5920787)
(0.2569659, 1.208708, 0.5961912)
(0.2582784, 1.208513, 0.6005938)
(0.2596121, 1.208325, 0.6045716)
(0.2610769, 1.208328, 0.6089838)
(0.2623887, 1.208318, 0.6132946)
(0.264111, 1.208095, 0.617394)
(0.2656045, 1.208107, 0.6217146)
(0.2671745, 1.208027, 0.6262236)
(0.2688534, 1.208135, 0.6306686)
(0.2710724, 1.208351, 0.6353502)
(0.2732127, 1.208561, 0.6404088)
(0.2755437, 1.20879, 0.6449683)
(0.2781384, 1.209276, 0.6497464)
(0.280839, 1.209927, 0.6546838)
(0.2841022, 1.21066, 0.6594152)
(0.2867427, 1.21148, 0.6641569)
(0.2900167, 1.21274, 0.6692491)
(0.2941895, 1.2148, 0.6744595)
(0.2982602, 1.21706, 0.6801538)
(0.3024383, 1.219644, 0.6866922)
(0.3066328, 1.222097, 0.6923068)
(0.3109927, 1.225146, 0.6983762)
(0.3152857, 1.228294, 0.7043343)
(0.319638, 1.231536, 0.7100894)
(0.3239746, 1.235034, 0.7156529)
(0.3281791, 1.238882, 0.7212291)
(0.3322563, 1.243119, 0.7267094)
(0.3364785, 1.247689, 0.7323909)
(0.3407607, 1.252712, 0.738183)
(0.3447974, 1.25698, 0.7431469)
(0.3483248, 1.261512, 0.7486701)
(0.3521945, 1.265659, 0.7534316)
(0.3550606, 1.269274, 0.7580621)
(0.357971, 1.272519, 0.7623556)
(0.3609502, 1.275963, 0.7662523)
(0.3636734, 1.279057, 0.7698865)
(0.3659043, 1.28196, 0.7727165)
(0.3684225, 1.286004, 0.7757854)
(0.3697126, 1.289272, 0.7783456)
(0.3706095, 1.292339, 0.7812214)
(0.3720317, 1.295895, 0.7841351)
(0.3734102, 1.299132, 0.7871344)
(0.3749397, 1.302602, 0.7902303)
(0.3764603, 1.306035, 0.7927887)
(0.37797, 1.309424, 0.7950189)
(0.3792977, 1.312809, 0.7970438)
(0.3802006, 1.316331, 0.7990732)
(0.3812716, 1.319665, 0.8011248)
(0.3820806, 1.323009, 0.803102)
(0.3826337, 1.326078, 0.8050075)
(0.3834596, 1.32926, 0.8070109)
(0.3842587, 1.332241, 0.8089535)
(0.3848884, 1.335339, 0.8106863)
(0.3856292, 1.338022, 0.8124855)
(0.3861649, 1.340084, 0.8139987)
(0.386493, 1.342557, 0.8154206)
(0.3869722, 1.344404, 0.8168087)
(0.387399, 1.346141, 0.8181691)
(0.3876657, 1.348301, 0.8193567)
(0.3880587, 1.349677, 0.8205543)
(0.3884494, 1.350814, 0.8217137)
(0.3885736, 1.35218, 0.8230252)
(0.3888633, 1.352833, 0.8240113)
(0.3890202, 1.353337, 0.8249331)
(0.3887842, 1.354177, 0.8258049)
(0.3888862, 1.354887, 0.8267343)
(0.3884649, 1.35513, 0.8273392)
(0.3875501, 1.355829, 0.828598)
(0.3871572, 1.356287, 0.8292177)
(0.3867059, 1.356663, 0.829731)
(0.3855283, 1.357272, 0.8308578)
(0.3849568, 1.35757, 0.8312445)
(0.3840661, 1.357652, 0.8312685)
(0.3821974, 1.357952, 0.8320236)
(0.3813167, 1.35802, 0.8320887)
(0.3804059, 1.358038, 0.8321676)
(0.378648, 1.358356, 0.832983)
(0.3775558, 1.358348, 0.8331022)
(0.37568, 1.358589, 0.8337049)
(0.3740189, 1.358525, 0.8340762)
(0.3726926, 1.358359, 0.8341939)
(0.3707469, 1.358222, 0.8345995)
(0.3686936, 1.357847, 0.8350847)
(0.3670328, 1.357417, 0.8352664)
(0.3647668, 1.357192, 0.8357525)
(0.3629944, 1.357113, 0.8359256)
(0.3611863, 1.357157, 0.8360136)
(0.3589602, 1.357775, 0.8364797)
(0.3570952, 1.358433, 0.8367593)
(0.3553853, 1.359402, 0.8372011)
(0.3529525, 1.360564, 0.8382602)
(0.3508844, 1.361319, 0.8392377)
(0.3491805, 1.362002, 0.8397946)
(0.346715, 1.362839, 0.8406484)
(0.3446162, 1.363178, 0.8413839)
(0.3517373, 1.359504, 0.8327513)
(0.3498762, 1.359669, 0.8329687)
(0.3481131, 1.359561, 0.8331556)
(0.3463883, 1.359252, 0.8332222)
(0.3443832, 1.358942, 0.8335171)
(0.3424208, 1.358821, 0.8335924)
(0.340385, 1.358694, 0.8340285)
(0.3385339, 1.358555, 0.8343565)
(0.3369644, 1.358466, 0.8344982)
(0.3354108, 1.358217, 0.8346348)
(0.333658, 1.358036, 0.8349161)
(0.3315454, 1.357856, 0.8352792)
(0.3303611, 1.357333, 0.8349876)
(0.3287613, 1.357143, 0.8354683)
(0.3267515, 1.35688, 0.8357818)
(0.3251719, 1.356632, 0.8358662)
(0.3234606, 1.356592, 0.8363614)
(0.3217394, 1.356555, 0.8366714)
(0.319838, 1.356604, 0.8371563)
(0.3180525, 1.356582, 0.8377004)
(0.3163395, 1.35655, 0.8380203)
(0.31442, 1.356526, 0.8385792)
(0.3126595, 1.356401, 0.8389823)
(0.3107665, 1.356152, 0.8393638)
(0.3091323, 1.355988, 0.8396571)
(0.3075037, 1.355832, 0.8398919)
(0.3059673, 1.355627, 0.840203)
(0.3046, 1.3554, 0.840456)
(0.3032866, 1.355169, 0.8408284)
(0.3019428, 1.354949, 0.8411109)
(0.300719, 1.354635, 0.8413939)
