(-0.4887266, 0.6494071, -1.890639)
(-0.4887195, 0.649422, -1.890675)
(-0.4888449, 0.6495204, -1.890473)
(-0.4888225, 0.649506, -1.89054)
(-0.4888303, 0.6495258, -1.890542)
(-0.4889331, 0.6496394, -1.890334)
(-0.4890394, 0.6495509, -1.890013)
(-0.4890473, 0.6495479, -1.890008)
(-0.4887903, 0.6494179, -1.890212)
(-0.488847, 0.6493567, -1.890098)
(-0.4888611, 0.6493464, -1.890088)
(-0.4888563, 0.6494168, -1.889828)
(-0.4888847, 0.6493953, -1.889724)
(-0.4888933, 0.649394, -1.889709)
(-0.4889698, 0.6494509, -1.889578)
(-0.4890647, 0.6493614, -1.889367)
(-0.4890561, 0.6493567, -1.889313)
(-0.4891059, 0.6493505, -1.889327)
(-0.4890215, 0.6493585, -1.889626)
(-0.4890261, 0.6493571, -1.889614)
(-0.4891813, 0.649423, -1.889392)
(-0.4891191, 0.6494242, -1.889674)
(-0.4891202, 0.6494222, -1.889665)
(-0.4890792, 0.6495054, -1.889318)
(-0.4891396, 0.6494466, -1.88916)
(-0.4891562, 0.6494174, -1.889099)
(-0.4893167, 0.6494997, -1.888891)
(-0.489181, 0.6495112, -1.889266)
(-0.4892113, 0.6495144, -1.889246)
(-0.4889574, 0.649393, -1.889386)
(-0.4889355, 0.6493595, -1.889478)
(-0.4889452, 0.6493536, -1.889462)
(-0.4891675, 0.6494547, -1.889237)
(-0.4891868, 0.6494145, -1.889242)
(-0.4892039, 0.6494126, -1.88924)
(-0.4890039, 0.6493028, -1.889347)
(-0.4889789, 0.6493108, -1.889404)
(-0.488965, 0.6492999, -1.889397)
(-0.4887755, 0.6491394, -1.889719)
(-0.48877, 0.6490922, -1.889809)
(-0.4887433, 0.6490852, -1.889802)
(-0.4887812, 0.6491367, -1.889642)
(-0.4886484, 0.6490886, -1.890036)
(-0.4886346, 0.6490891, -1.890048)
(-0.4888506, 0.6491654, -1.889889)
(-0.4888058, 0.6491321, -1.890039)
(-0.488812, 0.6491269, -1.890032)
(-0.4889636, 0.649242, -1.889768)
(-0.4888711, 0.6492355, -1.890048)
(-0.4888649, 0.6492354, -1.890052)
(-0.4890399, 0.6493866, -1.889712)
(-0.4891434, 0.6493157, -1.889431)
(-0.4891515, 0.6493231, -1.889435)
(-0.4890213, 0.649354, -1.88923)
(-0.4889984, 0.6493765, -1.889288)
(-0.4890077, 0.6493745, -1.889276)
(-0.4891329, 0.649537, -1.888811)
(-0.4890437, 0.6495323, -1.88903)
(-0.4890637, 0.6495353, -1.889006)
(-0.4890585, 0.6495667, -1.888877)
(-0.488981, 0.6495959, -1.889101)
(-0.4889913, 0.6496104, -1.88908)
(-0.4890332, 0.649686, -1.888928)
(-0.4889431, 0.6496917, -1.889184)
(-0.4889569, 0.6497048, -1.889164)
(-0.4889321, 0.6497737, -1.889028)
(-0.4889326, 0.649729, -1.889029)
(-0.4889088, 0.6497461, -1.889022)
(-0.4890347, 0.6498109, -1.888936)
(-0.4890699, 0.649756, -1.888806)
(-0.4890814, 0.6497722, -1.888789)
(-0.4890146, 0.6498034, -1.888724)
(-0.4890447, 0.6497579, -1.88864)
(-0.4890261, 0.6497738, -1.888609)
(-0.4891713, 0.6498765, -1.888435)
(-0.4891081, 0.649931, -1.888682)
(-0.4890885, 0.6499454, -1.888672)
(-0.4890208, 0.6499811, -1.88858)
(-0.4890532, 0.6499795, -1.888438)
(-0.489049, 0.6500037, -1.8884)
(-0.4891615, 0.6500767, -1.888299)
(-0.4890869, 0.6500854, -1.888518)
(-0.4890764, 0.650112, -1.888493)
(-0.4891889, 0.6501759, -1.888471)
(-0.4891787, 0.6501682, -1.888505)
(-0.4892116, 0.6501908, -1.888478)
(-0.4891171, 0.6501796, -1.888559)
(-0.4890728, 0.650178, -1.888672)
(-0.489058, 0.6502037, -1.888684)
(-0.489212, 0.6502397, -1.888686)
(-0.4892569, 0.6501904, -1.888593)
(-0.4892485, 0.6502143, -1.888576)
(-0.4890568, 0.6501365, -1.888839)
(-0.4891772, 0.6500278, -1.888515)
(-0.4891803, 0.6500493, -1.888491)
(-0.4891615, 0.6500731, -1.888425)
(-0.4892571, 0.6500138, -1.888142)
(-0.4892423, 0.6500219, -1.888109)
(-0.4892764, 0.6500902, -1.887943)
(-0.489244, 0.6501093, -1.888133)
(-0.4892359, 0.6501343, -1.888074)
(-0.4891181, 0.6501315, -1.888102)
(-0.4891419, 0.650133, -1.888004)
(-0.4891586, 0.6501564, -1.887964)
(-0.489255, 0.6502149, -1.887866)
(-0.4892576, 0.6501793, -1.88786)
(-0.4892631, 0.6501955, -1.887818)
(-0.489265, 0.6502821, -1.887629)
(-0.4892769, 0.6502464, -1.887564)
(-0.4892888, 0.6502771, -1.887511)
(-0.4892452, 0.6503041, -1.8874)
(-0.4891143, 0.6503074, -1.887742)
(-0.4891191, 0.650334, -1.887696)
(-0.4892795, 0.6503719, -1.887625)
(-0.4892292, 0.6503428, -1.887749)
(-0.4892147, 0.650368, -1.887725)
(-0.4892006, 0.6502379, -1.888094)
(-0.4892056, 0.6501919, -1.88808)
(-0.4891968, 0.6502165, -1.888066)
(-0.4893315, 0.6502304, -1.888079)
(-0.4893858, 0.6501967, -1.887933)
(-0.4894023, 0.6502168, -1.88789)
(-0.4893084, 0.6501802, -1.887941)
(-0.4893212, 0.6501496, -1.887924)
(-0.4893146, 0.650161, -1.887897)
(-0.4894495, 0.6501451, -1.887973)
(-0.4893641, 0.6501573, -1.88829)
(-0.4893746, 0.6501845, -1.888256)
(-0.489243, 0.6500804, -1.888507)
(-0.4893501, 0.6499925, -1.888308)
(-0.489356, 0.6499976, -1.88827)
(-0.4892826, 0.6500582, -1.888027)
(-0.4893208, 0.6499904, -1.887966)
(-0.4893231, 0.6500041, -1.887919)
(-0.4895291, 0.6500592, -1.887855)
(-0.4895253, 0.6500547, -1.887913)
(-0.4895182, 0.6500791, -1.887869)
(-0.4893525, 0.6500255, -1.887952)
(-0.4892249, 0.6500825, -1.888314)
(-0.4892287, 0.6501055, -1.888276)
(-0.4892356, 0.6500329, -1.888578)
(-0.4892917, 0.6500036, -1.888414)
(-0.4892898, 0.6500397, -1.888422)
(-0.4892576, 0.6500629, -1.888325)
(-0.4892788, 0.6499864, -1.888272)
(-0.4892778, 0.6499947, -1.888222)
(-0.4893103, 0.6500005, -1.888245)
(-0.4891996, 0.6500559, -1.888561)
(-0.4892089, 0.6500696, -1.888536)
(-0.4890368, 0.6500896, -1.888442)
(-0.4890256, 0.6500361, -1.888483)
(-0.4890022, 0.6500614, -1.888442)
(-0.489007, 0.6501497, -1.888227)
(-0.489049, 0.6500735, -1.888041)
(-0.4890361, 0.6500767, -1.887994)
(-0.4891396, 0.6501557, -1.887835)
(-0.4891596, 0.6501507, -1.887722)
(-0.4891505, 0.650177, -1.887687)
(-0.4891739, 0.6502035, -1.887566)
(-0.4890885, 0.6502026, -1.887823)
(-0.4890814, 0.6502416, -1.887797)
(-0.489121, 0.6503009, -1.887761)
(-0.4891706, 0.6502707, -1.887671)
(-0.4891253, 0.6502693, -1.887576)
(-0.4893613, 0.6503888, -1.887476)
(-0.4892588, 0.6504328, -1.887744)
(-0.4892616, 0.6504531, -1.887726)
(-0.4895051, 0.6505311, -1.887521)
(-0.4895968, 0.6504756, -1.887276)
(-0.4895859, 0.6505307, -1.88724)
(-0.4895267, 0.6505502, -1.887135)
(-0.4896674, 0.6504519, -1.886819)
(-0.4896598, 0.6504955, -1.886773)
(-0.4895892, 0.6503857, -1.887095)
(-0.4894886, 0.6504186, -1.887423)
(-0.4895306, 0.6504221, -1.887382)
(-0.4895172, 0.6503683, -1.887555)
(-0.4895802, 0.6502868, -1.887408)
(-0.4895713, 0.6503096, -1.887382)
(-0.4894662, 0.6503216, -1.887164)
(-0.489522, 0.6502473, -1.886994)
(-0.4895549, 0.6502717, -1.886964)
(-0.4897208, 0.6503071, -1.886937)
(-0.4896951, 0.650319, -1.887001)
(-0.4897461, 0.6503086, -1.886926)
(-0.4898109, 0.6503092, -1.886921)
(-0.4897847, 0.6503351, -1.887032)
(-0.4898348, 0.6503259, -1.886987)
(-0.4896979, 0.6502508, -1.886997)
(-0.4896431, 0.650226, -1.887158)
(-0.4896688, 0.6502252, -1.887114)
(-0.4896057, 0.6501483, -1.887233)
(-0.4895272, 0.6501517, -1.887617)
(-0.4895115, 0.6501527, -1.88758)
(-0.4893835, 0.6500661, -1.887728)
(-0.4893532, 0.6500571, -1.887792)
(-0.4893503, 0.6500533, -1.887743)
(-0.4896014, 0.6501414, -1.887619)
(-0.4896164, 0.6501065, -1.887707)
(-0.489614, 0.6501069, -1.88769)
(-0.4895968, 0.6501622, -1.887412)
(-0.489624, 0.6500996, -1.887304)
(-0.4896514, 0.6501013, -1.887266)
(-0.4897099, 0.6501523, -1.887109)
(-0.4896717, 0.6501397, -1.887269)
(-0.4896665, 0.6501151, -1.887229)
(-0.4895267, 0.6500728, -1.887201)
(-0.4895668, 0.6499878, -1.887108)
(-0.489573, 0.6499703, -1.887072)
(-0.4894469, 0.6498588, -1.887286)
(-0.4893045, 0.649859, -1.887703)
(-0.4892914, 0.649848, -1.887696)
(-0.4892583, 0.6497966, -1.887805)
(-0.4890919, 0.6498237, -1.888227)
(-0.4890785, 0.6498034, -1.888215)
(-0.489274, 0.6498195, -1.888217)
(-0.489203, 0.6498286, -1.888475)
(-0.4891944, 0.649829, -1.88849)
(-0.4892411, 0.6497394, -1.888726)
(-0.4892516, 0.6496799, -1.888623)
(-0.4892349, 0.649666, -1.88864)
(-0.489383, 0.6496696, -1.888741)
(-0.4892797, 0.6496863, -1.889114)
(-0.4892673, 0.6496545, -1.889115)
(-0.4892054, 0.6496533, -1.889056)
(-0.4891057, 0.6497161, -1.889392)
(-0.4891224, 0.6497099, -1.889422)
(-0.4891376, 0.6496371, -1.889581)
(-0.4890728, 0.6496383, -1.889867)
(-0.4890568, 0.6496655, -1.889914)
(-0.4889503, 0.6496532, -1.889923)
(-0.4890413, 0.6495357, -1.889696)
(-0.4890504, 0.6495312, -1.889703)
(-0.4890809, 0.649582, -1.889668)
(-0.4890511, 0.6495575, -1.889856)
(-0.4890559, 0.6495577, -1.889881)
(-0.4890332, 0.6496824, -1.889533)
(-0.4890342, 0.6496099, -1.889564)
(-0.489049, 0.6496105, -1.889591)
(-0.4888749, 0.6495872, -1.88959)
(-0.4888942, 0.6495481, -1.889508)
(-0.4888628, 0.649532, -1.889503)
(-0.4887657, 0.6494867, -1.889593)
(-0.4888687, 0.6493973, -1.889298)
(-0.4888682, 0.6493738, -1.889317)
(-0.4888015, 0.6492457, -1.889652)
(-0.4887369, 0.6492044, -1.889842)
(-0.4887257, 0.6491771, -1.889842)
(-0.4889145, 0.6492923, -1.889585)
(-0.4888206, 0.6492933, -1.889967)
(-0.4887867, 0.6493016, -1.890006)
(-0.4887724, 0.6493266, -1.889899)
(-0.4888282, 0.6492054, -1.889823)
(-0.4888139, 0.6491785, -1.889832)
(-0.488976, 0.649255, -1.889711)
(-0.4889402, 0.6492397, -1.889919)
(-0.4889374, 0.6492375, -1.88994)
(-0.4891109, 0.6493424, -1.889706)
(-0.489006, 0.6493598, -1.890052)
(-0.4890223, 0.64934, -1.890086)
(-0.4890616, 0.6492754, -1.890297)
(-0.4889917, 0.6492869, -1.890543)
(-0.4890318, 0.6492876, -1.890618)
(-0.4888697, 0.6493018, -1.890507)
(-0.4888549, 0.6492822, -1.890512)
(-0.4888706, 0.6492794, -1.890561)
(-0.4890647, 0.6493815, -1.890363)
(-0.4890113, 0.6494116, -1.890564)
(-0.4890082, 0.6494095, -1.890621)
(-0.4889145, 0.6492873, -1.890956)
(-0.4889641, 0.6491864, -1.890959)
(-0.4890041, 0.6491766, -1.891012)
(-0.4888501, 0.6491288, -1.891073)
(-0.4888704, 0.6490762, -1.891058)
(-0.4889216, 0.6490582, -1.891105)
(-0.4888721, 0.6490687, -1.891038)
(-0.4889286, 0.6489779, -1.890915)
(-0.4889395, 0.6489692, -1.890942)
(-0.4888773, 0.6490849, -1.890585)
(-0.4889383, 0.6490277, -1.890458)
(-0.488914, 0.6490073, -1.890469)
(-0.4886744, 0.648863, -1.890803)
(-0.4886703, 0.6488181, -1.890884)
(-0.4886584, 0.6487875, -1.890903)
(-0.4887371, 0.6488463, -1.890786)
(-0.4886432, 0.6488311, -1.891127)
(-0.488627, 0.6488047, -1.891135)
(-0.4885778, 0.6488816, -1.890875)
(-0.4884825, 0.648863, -1.891202)
(-0.4884744, 0.6488322, -1.891223)
(-0.4884081, 0.6487907, -1.891289)
(-0.4883182, 0.6487925, -1.891562)
(-0.4883137, 0.6487784, -1.891574)
(-0.4884491, 0.6489099, -1.891235)
(-0.4884267, 0.6488787, -1.891232)
(-0.4884057, 0.64888, -1.89125)
(-0.4886472, 0.6490486, -1.890942)
(-0.4885979, 0.6490178, -1.891133)
(-0.4885695, 0.6490282, -1.89115)
(-0.488678, 0.649096, -1.891009)
(-0.4887996, 0.6490068, -1.890707)
(-0.488791, 0.6490061, -1.890722)
(-0.488842, 0.649001, -1.89073)
(-0.4887877, 0.6489847, -1.890957)
(-0.4887681, 0.6489742, -1.890979)
(-0.4888787, 0.6490868, -1.890734)
(-0.4889011, 0.6490639, -1.89075)
(-0.4889283, 0.6490419, -1.890752)
(-0.4890528, 0.649104, -1.89062)
(-0.4891086, 0.6490035, -1.890465)
(-0.4891198, 0.6489896, -1.890479)
(-0.4889596, 0.6490226, -1.890231)
(-0.4889033, 0.6490099, -1.89038)
(-0.4888842, 0.6490026, -1.890371)
(-0.488749, 0.6490053, -1.890337)
(-0.4886689, 0.6490005, -1.89054)
(-0.488636, 0.6489981, -1.89056)
(-0.4887156, 0.6490566, -1.890448)
(-0.4885607, 0.6490715, -1.890885)
(-0.4885595, 0.6490666, -1.890907)
(-0.4885333, 0.6491287, -1.890664)
(-0.4884915, 0.6491069, -1.890736)
(-0.4884644, 0.649105, -1.890735)
(-0.488672, 0.6491613, -1.890662)
(-0.4886456, 0.6491228, -1.890768)
(-0.4886656, 0.6491262, -1.890782)
