(331.0295, 62.81297, 0.7486029)
(331.0295, 62.81297, 0.7486029)
(332.4339, 58.5014, 1.302081)
(332.4339, 58.5014, 1.302081)
(337.0949, 47.90157, 16.46346)
(326.6087, 41.92463, 20.92106)
(319.2531, 53.05797, 13.59033)
(318.2722, 70.21001, 2.318132)
(320.9838, 73.74574, 0.8733401)
(323.6806, 71.80499, 3.580558)
(324.612, 66.89098, 9.260515)
(323.5377, 61.48428, 13.98444)
(322.9122, 55.4632, 19.01241)
(322.8966, 52.59416, 21.33034)
(322.5131, 50.25966, 23.96428)
(322.5131, 50.25966, 23.96428)
(321.4309, 50.92646, 25.8203)
(321.4309, 50.92646, 25.8203)
(319.717, 48.95431, 30.19587)
(319.717, 48.95431, 30.19587)
(317.5367, 46.35395, 34.1389)
(317.5367, 46.35395, 34.1389)
(316.1615, 45.61991, 33.72983)
(314.7525, 46.65932, 32.62256)
(315.0031, 47.99306, 31.46862)
(316.4981, 48.78426, 30.86565)
(319.1004, 48.37851, 31.38267)
(322.0225, 46.95988, 32.86914)
(324.104, 46.06507, 33.88419)
(325.9982, 46.10341, 34.52634)
(326.1597, 47.35963, 34.18423)
(323.321, 48.89906, 33.00144)
(320.8731, 51.78465, 30.02431)
(318.5869, 57.44992, 23.54013)
(317.0905, 61.39734, 17.56007)
(316.5002, 63.19085, 14.58217)
(319.2019, 62.72157, 12.36562)
(319.2019, 62.72157, 12.36562)
(322.6507, 62.91796, 6.953455)
(321.9731, 62.79311, 4.802034)
(322.1348, 63.5415, 1.272241)
(322.1965, 64.90824, 357.7493)
(323.9994, 64.06688, 356.0927)
