(0.1524112, -0.6975237, 0.7001654)
(0.1504875, -0.6976134, 0.700492)
(0.1478785, -0.6978198, 0.700842)
(0.146447, -0.6991812, 0.699785)
(0.1461439, -0.7021229, 0.696897)
(0.1446991, -0.7050114, 0.6942773)
(0.1422997, -0.7087806, 0.6909275)
(0.1392543, -0.7118774, 0.6883595)
(0.1348869, -0.7166309, 0.6842847)
(0.1318322, -0.7212332, 0.6800316)
(0.1289889, -0.7264153, 0.6750427)
(0.126485, -0.7305822, 0.6710077)
(0.1245819, -0.7341062, 0.6675084)
(0.1244967, -0.7346206, 0.6669581)
(0.1235518, -0.7370623, 0.6644353)
(0.1236557, -0.7380195, 0.6633525)
(0.1237779, -0.7387344, 0.6625334)
(0.124861, -0.7377421, 0.6634352)
(0.1266007, -0.7373039, 0.6635927)
(0.1288829, -0.7371198, 0.6633579)
(0.1306262, -0.7389757, 0.6609475)
(0.1326121, -0.7424003, 0.6567007)
(0.1364163, -0.7499043, 0.6473285)
(0.1390914, -0.7546163, 0.6412549)
(0.1425904, -0.7591282, 0.6351319)
(0.1458075, -0.7612056, 0.6319067)
(0.1498144, -0.7615151, 0.6305953)
(0.1550487, -0.7614137, 0.6294515)
(0.1592353, -0.7611111, 0.6287718)
(0.1618568, -0.7599164, 0.6295471)
(0.1646311, -0.7584876, 0.6305499)
(0.1672311, -0.7575966, 0.6309367)
(0.1693361, -0.7567164, 0.6314313)
(0.1703752, -0.7549825, 0.6332248)
(0.1720341, -0.7526302, 0.6355723)
(0.174469, -0.7497346, 0.6383248)
(0.1770972, -0.7464498, 0.6414432)
(0.1786841, -0.742585, 0.6454762)
(0.1814864, -0.7386487, 0.6492002)
(0.1842632, -0.7366691, 0.6506656)
(0.1871364, -0.7376935, 0.6486819)
(0.188448, -0.7391185, 0.646677)
(0.1884324, -0.7431458, 0.6420494)
(0.1864186, -0.7461679, 0.6391256)
(0.1859687, -0.7476906, 0.637475)
(0.1867812, -0.7480584, 0.6368056)
(0.1880263, -0.7479274, 0.6365931)
(0.1888466, -0.7471892, 0.6372168)
(0.1890434, -0.7474064, 0.6369038)
(0.188635, -0.7492062, 0.6349069)
(0.1882119, -0.7512085, 0.6326627)
(0.1875981, -0.7539436, 0.629584)
(0.1871024, -0.7563232, 0.6268716)
(0.1871043, -0.7575541, 0.625383)
(0.1882695, -0.7577289, 0.6248212)
(0.1893885, -0.7582431, 0.6238585)
(0.1912469, -0.7579544, 0.6236423)
(0.191464, -0.7595897, 0.6215827)
(0.1896769, -0.7617295, 0.6195086)
(0.1881049, -0.7635117, 0.6177915)
(0.1852908, -0.7646625, 0.6172184)
(0.1830922, -0.764589, 0.6179651)
(0.1819249, -0.7609019, 0.6228416)
(0.180739, -0.7571528, 0.6277364)
(0.1787336, -0.7561544, 0.6295115)
(0.1777772, -0.7538236, 0.6325704)
(0.1772002, -0.7516267, 0.6353404)
(0.1787598, -0.7493843, 0.6375485)
(0.1819267, -0.7459055, 0.6407244)
(0.1888408, -0.7359166, 0.6502046)
(0.1952066, -0.7237781, 0.6618457)
(0.1967556, -0.7156208, 0.6702045)
(0.1945885, -0.7090052, 0.6778252)
(0.1924727, -0.7039565, 0.6836663)
(0.1856515, -0.7053078, 0.6841597)
(0.1822579, -0.7039307, 0.6864865)
(0.1738832, -0.7112705, 0.6810719)
(0.1661281, -0.7172868, 0.676684)
(0.1609267, -0.7173901, 0.6778304)
(0.156953, -0.7151116, 0.6811616)
(0.1515885, -0.7155505, 0.6819153)
(0.1460578, -0.7161266, 0.6825172)
(0.1427097, -0.7172363, 0.6820601)
(0.1411051, -0.717419, 0.6822019)
(0.139013, -0.7163047, 0.6838005)
(0.1395684, -0.7132927, 0.6868291)
(0.1399839, -0.7097527, 0.6904025)
(0.1410681, -0.7059536, 0.6940672)
(0.1411756, -0.7035112, 0.696521)
(0.1397178, -0.7030714, 0.6972587)
(0.1369073, -0.7041681, 0.6967092)
(0.1348116, -0.7048845, 0.6963934)
(0.1324988, -0.7061476, 0.6955571)
(0.129653, -0.707866, 0.6943457)
(0.126867, -0.7094296, 0.6932636)
(0.1240655, -0.7114173, 0.691732)
(0.1213809, -0.7144724, 0.6890544)
(0.118731, -0.7171592, 0.686721)
(0.1162796, -0.7199039, 0.6842641)
(0.1144383, -0.7214262, 0.68297)
(0.1131612, -0.7227772, 0.6817534)
(0.1133548, -0.7228848, 0.6816072)
(0.1120892, -0.7245226, 0.6800757)
(0.1103025, -0.7286787, 0.6759147)
(0.1084262, -0.7327157, 0.6718418)
(0.1064863, -0.7376059, 0.666782)
(0.1059247, -0.7409462, 0.6631581)
(0.1061151, -0.7426288, 0.6612427)
(0.1048596, -0.7464495, 0.6571283)
(0.1015297, -0.7521255, 0.651152)
(0.09533176, -0.7604553, 0.6423548)
(0.09280129, -0.7650487, 0.6372507)
(0.094748, -0.7644578, 0.6376732)
(0.09914905, -0.7611588, 0.6409422)
(0.1092717, -0.7504005, 0.6518887)
(0.1169503, -0.7438385, 0.6580478)
(0.1242305, -0.7407763, 0.6601646)
(0.129745, -0.7376316, 0.6626205)
(0.1333726, -0.7320056, 0.6681165)
(0.1368152, -0.7282784, 0.6714851)
(0.1398977, -0.7295802, 0.6694337)
(0.1441852, -0.7295721, 0.6685321)
(0.1501826, -0.7264517, 0.6706065)
(0.1591046, -0.7207885, 0.6746479)
(0.1688184, -0.7118725, 0.6817169)
(0.1781325, -0.7040092, 0.6874881)
(0.1858513, -0.6982974, 0.6912597)
(0.1903772, -0.6964031, 0.6919388)
(0.1930472, -0.6976072, 0.6899834)
(0.1960476, -0.6995018, 0.6872137)
(0.1974695, -0.7049652, 0.6811973)
(0.1998012, -0.7068735, 0.6785347)
(0.2029462, -0.7064294, 0.6780636)
(0.206247, -0.7038423, 0.6797559)
(0.2085842, -0.7008537, 0.6821266)
(0.2116827, -0.6992506, 0.682817)
(0.2145536, -0.6988083, 0.6823736)
(0.2172779, -0.698394, 0.6819356)
(0.2199085, -0.6980801, 0.6814135)
(0.2228228, -0.6974114, 0.6811516)
(0.2259222, -0.696261, 0.6813074)
(0.2296599, -0.694204, 0.6821562)
(0.2335764, -0.6917196, 0.6833492)
(0.236342, -0.6912321, 0.6828914)
(0.2379097, -0.6926113, 0.6809469)
(0.2385142, -0.6945641, 0.6787427)
(0.2397813, -0.6949711, 0.6778791)
(0.2420966, -0.6945502, 0.6774874)
(0.2450986, -0.6938489, 0.6771266)
(0.247736, -0.6936945, 0.6763245)
(0.2491702, -0.6943068, 0.6751684)
(0.2495972, -0.6957508, 0.6735222)
(0.2496763, -0.6974061, 0.6717786)
(0.2495286, -0.698521, 0.6706743)
(0.24991, -0.6983833, 0.6706756)
(0.25019, -0.6971717, 0.6718307)
(0.2505989, -0.6963164, 0.672565)
(0.2509955, -0.6965286, 0.6721972)
(0.2505721, -0.6973659, 0.6714867)
(0.2497134, -0.6972011, 0.6719775)
(0.2488727, -0.697294, 0.672193)
(0.2461875, -0.7008739, 0.6694532)
(0.2451641, -0.7017719, 0.6688877)
(0.2449167, -0.7040641, 0.6665655)
(0.2442926, -0.7038221, 0.6670499)
(0.2431818, -0.7033079, 0.6679975)
(0.2418013, -0.7029706, 0.6688531)
(0.2404884, -0.7047308, 0.6674728)
(0.2385092, -0.7099473, 0.6626372)
(0.2356347, -0.7179747, 0.6549722)
(0.2313619, -0.7265363, 0.6470059)
(0.2268837, -0.7340207, 0.6401073)
(0.2228892, -0.7401904, 0.6343805)
(0.2193212, -0.7464127, 0.6283043)
(0.2160591, -0.7523578, 0.6223152)
(0.2127865, -0.7573367, 0.617384)
(0.2096195, -0.7615401, 0.6132833)
(0.2078233, -0.7635047, 0.6114491)
(0.2083644, -0.7621458, 0.6129584)
(0.2134758, -0.7561207, 0.6186353)
(0.2186527, -0.7497874, 0.6245076)
(0.2207, -0.7456461, 0.6287315)
(0.2225136, -0.7428891, 0.6313505)
(0.2247607, -0.7402896, 0.633604)
(0.2258546, -0.7379532, 0.6359361)
(0.2263238, -0.7362319, 0.6377619)
(0.2269306, -0.7347224, 0.6392852)
(0.2269455, -0.733228, 0.6409934)
(0.2266292, -0.7316393, 0.6429178)
(0.2270464, -0.7294384, 0.6452671)
(0.2276156, -0.7270997, 0.6477014)
(0.2274584, -0.7246475, 0.6504989)
(0.2265518, -0.7225239, 0.6531719)
(0.2241445, -0.7207563, 0.6559494)
(0.2224001, -0.7188474, 0.6586324)
(0.2201751, -0.7164816, 0.6619495)
(0.2188702, -0.7145141, 0.6645039)
(0.2186684, -0.7127692, 0.6664414)
(0.2189967, -0.7101889, 0.6690831)
(0.2184798, -0.7078692, 0.6717052)
(0.217972, -0.7051561, 0.674717)
(0.2178259, -0.7018669, 0.6781848)
(0.2177426, -0.699873, 0.6802691)
(0.2162538, -0.6998016, 0.6808172)
(0.2145881, -0.6994061, 0.6817499)
(0.2115697, -0.7008622, 0.6811978)
(0.2085455, -0.6999939, 0.6830207)
(0.2062083, -0.6978801, 0.6858873)
(0.2037689, -0.6960509, 0.6884704)
(0.2008077, -0.695951, 0.6894407)
(0.1983877, -0.6955031, 0.6905923)
(0.1960309, -0.6952335, 0.6915362)
(0.1930353, -0.694365, 0.6932493)
(0.1902451, -0.6938787, 0.6945065)
(0.1870864, -0.6944558, 0.6947876)
(0.1839149, -0.6956216, 0.6944682)
(0.1814455, -0.6968719, 0.6938639)
(0.1803504, -0.697196, 0.6938238)
(0.1794253, -0.6963755, 0.6948868)
(0.1789139, -0.696353, 0.6950413)
(0.1784518, -0.6976695, 0.6938387)
(0.177304, -0.6980438, 0.6937566)
(0.1756256, -0.7007531, 0.6914483)
(0.1736944, -0.703354, 0.689292)
