(-56.29974, 11.5319, 5.632746)
(-56.31366, 12.52992, 5.636954)
(-56.31366, 12.52992, 5.636954)
(-56.32272, 14.98412, 5.87883)
(-56.25496, 15.75112, 5.874419)
(-56.2738, 16.35897, 5.948687)
(-56.2738, 16.35897, 5.948687)
(-56.03516, 17.71126, 5.79536)
(-55.85849, 18.49003, 5.786276)
(-55.89805, 19.97306, 5.703855)
(-56.05648, 20.88274, 5.6669)
(-56.05648, 20.88274, 5.6669)
(-56.28857, 21.77752, 5.675375)
(-56.99429, 23.62082, 5.725121)
(-57.29542, 24.3397, 5.742216)
(-57.62758, 24.92759, 5.786288)
(-58.01377, 25.54482, 5.858183)
(-58.49435, 26.20276, 5.879569)
(-59.65149, 27.50596, 5.801177)
(-60.28826, 28.11421, 5.75844)
(-60.28826, 28.11421, 5.75844)
(-61.02541, 28.60789, 5.712676)
(-62.7553, 29.59768, 5.748248)
(-63.63924, 30.04376, 5.787468)
(-64.71117, 30.45689, 5.842543)
(-65.93253, 30.89669, 5.848992)
(-67.12227, 31.37251, 5.821157)
(-70.00334, 32.252, 5.669165)
(-70.00334, 32.252, 5.669165)
(-71.53365, 32.70124, 5.561638)
(-75.26822, 33.64936, 5.371153)
(-76.7494, 34.08146, 5.325222)
(-78.21951, 34.47522, 5.276477)
(-78.21951, 34.47522, 5.276477)
(-81.69961, 35.4563, 5.369306)
(-83.42934, 35.85693, 5.482101)
(-86.97803, 36.75824, 5.855894)
(-86.97803, 36.75824, 5.855894)
(-88.64012, 37.04256, 6.014812)
(-91.85326, 37.79295, 6.181371)
(-94.87868, 38.35786, 6.247807)
(-94.87868, 38.35786, 6.247807)
(-97.88771, 38.83538, 6.407607)
(-99.16716, 39.06614, 6.516945)
(-99.16716, 39.06614, 6.516945)
(-101.6663, 39.33996, 6.832886)
(-103.9475, 39.40025, 7.182455)
(-105.0838, 39.38324, 7.322156)
(-106.7258, 39.30653, 7.562256)
(-107.5082, 39.16833, 7.69732)
(-107.5082, 39.16833, 7.69732)
(-109.0411, 38.96769, 7.910037)
(-110.4295, 38.43973, 8.013749)
(-111.0385, 38.21135, 8.067393)
(-111.8599, 37.73898, 8.144116)
(-111.8599, 37.73898, 8.144116)
(-112.2522, 37.52386, 8.198727)
(-112.9396, 37.15687, 8.224893)
(-113.5962, 36.69046, 8.313334)
(-113.5962, 36.69046, 8.313334)
(-113.9016, 36.38963, 8.359385)
(-114.4663, 35.72932, 8.431541)
(-114.6773, 35.61128, 8.417344)
(-114.906, 35.85589, 8.425247)
(-115.27, 35.47195, 8.461273)
(-115.27, 35.47195, 8.461273)
